1.000000e-03 3.025232e+03 3.025230e+03 
4.020202e-03 1.023898e+04 1.031949e+04 
7.040404e-03 1.504622e+04 1.514640e+04 
1.006061e-02 1.805437e+04 1.813856e+04 
1.308081e-02 1.972934e+04 1.978667e+04 
1.610101e-02 2.041460e+04 2.041586e+04 
1.912121e-02 2.037762e+04 2.029332e+04 
2.214141e-02 1.983589e+04 1.968601e+04 
2.516162e-02 1.896928e+04 1.883137e+04 
2.818182e-02 1.792393e+04 1.789273e+04 
3.120202e-02 1.681309e+04 1.695718e+04 
3.422222e-02 1.572030e+04 1.606153e+04 
3.724242e-02 1.470105e+04 1.521736e+04 
4.026263e-02 1.378740e+04 1.442581e+04 
4.328283e-02 1.299229e+04 1.368446e+04 
4.630303e-02 1.230972e+04 1.298994e+04 
4.932323e-02 1.173291e+04 1.233893e+04 
5.234343e-02 1.124835e+04 1.172837e+04 
5.536364e-02 1.082256e+04 1.115543e+04 
5.838384e-02 1.043483e+04 1.061755e+04 
6.140404e-02 1.007054e+04 1.011238e+04 
6.442424e-02 9.709925e+03 9.637716e+03 
6.744444e-02 9.340271e+03 9.191514e+03 
7.046465e-02 8.954955e+03 8.771868e+03 
7.348485e-02 8.552143e+03 8.376994e+03 
7.650505e-02 8.135983e+03 8.005228e+03 
7.952525e-02 7.714491e+03 7.655019e+03 
8.254545e-02 7.297831e+03 7.324918e+03 
8.556566e-02 6.895618e+03 7.013579e+03 
8.858586e-02 6.515929e+03 6.719749e+03 
9.160606e-02 6.164961e+03 6.442264e+03 
9.462626e-02 5.847369e+03 6.180042e+03 
9.764646e-02 5.565983e+03 5.932079e+03 
1.006667e-01 5.321924e+03 5.697444e+03 
1.036869e-01 5.113536e+03 5.475272e+03 
1.067071e-01 4.937021e+03 5.264761e+03 
1.097273e-01 4.786259e+03 5.065167e+03 
1.127475e-01 4.654158e+03 4.875799e+03 
1.157677e-01 4.533624e+03 4.696016e+03 
1.187879e-01 4.418231e+03 4.525223e+03 
1.218081e-01 4.303259e+03 4.362867e+03 
1.248283e-01 4.185122e+03 4.208435e+03 
1.278485e-01 4.061669e+03 4.061448e+03 
1.308687e-01 3.931967e+03 3.921463e+03 
1.338889e-01 3.796319e+03 3.788065e+03 
1.369091e-01 3.656277e+03 3.660870e+03 
1.399293e-01 3.514257e+03 3.539519e+03 
1.429495e-01 3.373092e+03 3.423678e+03 
1.459697e-01 3.235693e+03 3.313034e+03 
1.489899e-01 3.104555e+03 3.207296e+03 
1.520101e-01 2.981820e+03 3.106193e+03 
1.550303e-01 2.868990e+03 3.009470e+03 
1.580505e-01 2.767071e+03 2.916890e+03 
1.610707e-01 2.676403e+03 2.828229e+03 
1.640909e-01 2.596602e+03 2.743279e+03 
1.671111e-01 2.526548e+03 2.661846e+03 
1.701313e-01 2.464560e+03 2.583747e+03 
1.731515e-01 2.408608e+03 2.508809e+03 
1.761717e-01 2.356706e+03 2.436871e+03 
1.791919e-01 2.306991e+03 2.367783e+03 
1.822121e-01 2.258006e+03 2.301401e+03 
1.852323e-01 2.208551e+03 2.237593e+03 
1.882525e-01 2.157811e+03 2.176231e+03 
1.912727e-01 2.105262e+03 2.117198e+03 
1.942929e-01 2.050780e+03 2.060382e+03 
1.973131e-01 1.994612e+03 2.005678e+03 
2.003333e-01 1.937389e+03 1.952986e+03 
2.033535e-01 1.879980e+03 1.902213e+03 
2.063737e-01 1.823383e+03 1.853270e+03 
2.093939e-01 1.768460e+03 1.806074e+03 
2.124141e-01 1.715959e+03 1.760545e+03 
2.154343e-01 1.666420e+03 1.716609e+03 
2.184545e-01 1.620240e+03 1.674196e+03 
2.214747e-01 1.577584e+03 1.633237e+03 
2.244949e-01 1.538453e+03 1.593671e+03 
2.275152e-01 1.502634e+03 1.555437e+03 
2.305354e-01 1.469761e+03 1.518478e+03 
2.335556e-01 1.439330e+03 1.482740e+03 
2.365758e-01 1.410804e+03 1.448171e+03 
2.395960e-01 1.383640e+03 1.414723e+03 
2.426162e-01 1.357353e+03 1.382351e+03 
2.456364e-01 1.331503e+03 1.351009e+03 
2.486566e-01 1.305745e+03 1.320656e+03 
2.516768e-01 1.279795e+03 1.291253e+03 
2.546970e-01 1.253488e+03 1.262761e+03 
2.577172e-01 1.226769e+03 1.235145e+03 
2.607374e-01 1.199740e+03 1.208370e+03 
2.637576e-01 1.172609e+03 1.182404e+03 
2.667778e-01 1.145672e+03 1.157216e+03 
2.697980e-01 1.119220e+03 1.132775e+03 
2.728182e-01 1.093519e+03 1.109054e+03 
2.758384e-01 1.068744e+03 1.086026e+03 
2.788586e-01 1.045016e+03 1.063664e+03 
2.818788e-01 1.022404e+03 1.041945e+03 
2.848990e-01 1.000954e+03 1.020844e+03 
2.879192e-01 9.806836e+02 1.000339e+03 
2.909394e-01 9.615688e+02 9.804092e+02 
2.939596e-01 9.435212e+02 9.610334e+02 
2.969798e-01 9.264041e+02 9.421920e+02 
3.000000e-01 9.100348e+02 9.238663e+02 
