1.000000e-03 3.368239e+03 3.368236e+03 
4.020202e-03 1.144443e+04 1.153438e+04 
7.040404e-03 1.688711e+04 1.700855e+04 
1.006061e-02 2.032385e+04 2.045150e+04 
1.308081e-02 2.224300e+04 2.237677e+04 
1.610101e-02 2.301276e+04 2.311411e+04 
1.912121e-02 2.292684e+04 2.293161e+04 
2.214141e-02 2.223153e+04 2.212181e+04 
2.516162e-02 2.113682e+04 2.098014e+04 
2.818182e-02 1.981775e+04 1.973404e+04 
3.120202e-02 1.841422e+04 1.851404e+04 
3.422222e-02 1.703219e+04 1.737516e+04 
3.724242e-02 1.574382e+04 1.633085e+04 
4.026263e-02 1.459434e+04 1.537697e+04 
4.328283e-02 1.360206e+04 1.450405e+04 
4.630303e-02 1.276245e+04 1.370220e+04 
4.932323e-02 1.207784e+04 1.296276e+04 
5.234343e-02 1.152799e+04 1.227853e+04 
5.536364e-02 1.107344e+04 1.164357e+04 
5.838384e-02 1.068837e+04 1.105292e+04 
6.140404e-02 1.034870e+04 1.050243e+04 
6.442424e-02 1.002995e+04 9.988536e+03 
6.744444e-02 9.709210e+03 9.508118e+03 
7.046465e-02 9.370287e+03 9.058438e+03 
7.348485e-02 9.003872e+03 8.637055e+03 
7.650505e-02 8.607572e+03 8.241776e+03 
7.952525e-02 8.185998e+03 7.870617e+03 
8.254545e-02 7.748373e+03 7.521780e+03 
8.556566e-02 7.306590e+03 7.193627e+03 
8.858586e-02 6.872525e+03 6.884660e+03 
9.160606e-02 6.457066e+03 6.593511e+03 
9.462626e-02 6.069610e+03 6.318923e+03 
9.764646e-02 5.717644e+03 6.059743e+03 
1.006667e-01 5.406737e+03 5.814912e+03 
1.036869e-01 5.139927e+03 5.583454e+03 
1.067071e-01 4.916877e+03 5.364471e+03 
1.097273e-01 4.734267e+03 5.157134e+03 
1.127475e-01 4.586076e+03 4.960679e+03 
1.157677e-01 4.464899e+03 4.774400e+03 
1.187879e-01 4.362703e+03 4.597644e+03 
1.218081e-01 4.271679e+03 4.429808e+03 
1.248283e-01 4.184891e+03 4.270334e+03 
1.278485e-01 4.096518e+03 4.118702e+03 
1.308687e-01 4.002092e+03 3.974432e+03 
1.338889e-01 3.898535e+03 3.837081e+03 
1.369091e-01 3.784029e+03 3.706232e+03 
1.399293e-01 3.658862e+03 3.581502e+03 
1.429495e-01 3.524558e+03 3.462532e+03 
1.459697e-01 3.383990e+03 3.348991e+03 
1.489899e-01 3.240561e+03 3.240566e+03 
1.520101e-01 3.098121e+03 3.136970e+03 
1.550303e-01 2.960276e+03 3.037932e+03 
1.580505e-01 2.830253e+03 2.943201e+03 
1.610707e-01 2.710639e+03 2.852540e+03 
1.640909e-01 2.603424e+03 2.765730e+03 
1.671111e-01 2.509464e+03 2.682565e+03 
1.701313e-01 2.428852e+03 2.602852e+03 
1.731515e-01 2.360565e+03 2.526411e+03 
1.761717e-01 2.303048e+03 2.453072e+03 
1.791919e-01 2.254192e+03 2.382676e+03 
1.822121e-01 2.211782e+03 2.315074e+03 
1.852323e-01 2.173559e+03 2.250125e+03 
1.882525e-01 2.137372e+03 2.187700e+03 
1.912727e-01 2.101202e+03 2.127672e+03 
1.942929e-01 2.063384e+03 2.069927e+03 
1.973131e-01 2.022590e+03 2.014353e+03 
2.003333e-01 1.978108e+03 1.960848e+03 
2.033535e-01 1.929731e+03 1.909313e+03 
2.063737e-01 1.877882e+03 1.859658e+03 
2.093939e-01 1.823368e+03 1.811795e+03 
2.124141e-01 1.767295e+03 1.765642e+03 
2.154343e-01 1.710847e+03 1.721122e+03 
2.184545e-01 1.655218e+03 1.678160e+03 
2.214747e-01 1.601504e+03 1.636689e+03 
2.244949e-01 1.550678e+03 1.596642e+03 
2.275152e-01 1.503490e+03 1.557957e+03 
2.305354e-01 1.460459e+03 1.520575e+03 
2.335556e-01 1.421817e+03 1.484441e+03 
2.365758e-01 1.387478e+03 1.449501e+03 
2.395960e-01 1.357101e+03 1.415706e+03 
2.426162e-01 1.330166e+03 1.383007e+03 
2.456364e-01 1.306055e+03 1.351360e+03 
2.486566e-01 1.284072e+03 1.320720e+03 
2.516768e-01 1.263502e+03 1.291049e+03 
2.546970e-01 1.243636e+03 1.262305e+03 
2.577172e-01 1.223815e+03 1.234453e+03 
2.607374e-01 1.203459e+03 1.207458e+03 
2.637576e-01 1.182171e+03 1.181285e+03 
2.667778e-01 1.159718e+03 1.155903e+03 
2.697980e-01 1.136119e+03 1.131281e+03 
2.728182e-01 1.111538e+03 1.107391e+03 
2.758384e-01 1.086283e+03 1.084204e+03 
2.788586e-01 1.060700e+03 1.061694e+03 
2.818788e-01 1.035147e+03 1.039836e+03 
2.848990e-01 1.009969e+03 1.018606e+03 
2.879192e-01 9.854939e+02 9.979805e+02 
2.909394e-01 9.620116e+02 9.779380e+02 
2.939596e-01 9.397793e+02 9.584572e+02 
2.969798e-01 9.189839e+02 9.395181e+02 
3.000000e-01 8.997425e+02 9.211015e+02 
