1.000000e-03 2.595639e+03 2.595637e+03 
4.020202e-03 8.566892e+03 8.638873e+03 
7.040404e-03 1.241677e+04 1.249239e+04 
1.006061e-02 1.478920e+04 1.480805e+04 
1.308081e-02 1.613751e+04 1.607406e+04 
1.610101e-02 1.677053e+04 1.662144e+04 
1.912121e-02 1.690623e+04 1.669113e+04 
2.214141e-02 1.670324e+04 1.646241e+04 
2.516162e-02 1.628023e+04 1.605776e+04 
2.818182e-02 1.572468e+04 1.555341e+04 
3.120202e-02 1.510013e+04 1.499537e+04 
3.422222e-02 1.445060e+04 1.441195e+04 
3.724242e-02 1.380463e+04 1.382123e+04 
4.026263e-02 1.317989e+04 1.323503e+04 
4.328283e-02 1.258203e+04 1.266109e+04 
4.630303e-02 1.201316e+04 1.210447e+04 
4.932323e-02 1.148034e+04 1.156828e+04 
5.234343e-02 1.097535e+04 1.105434e+04 
5.536364e-02 1.048747e+04 1.056352e+04 
5.838384e-02 1.001836e+04 1.009603e+04 
6.140404e-02 9.569226e+03 9.651657e+03 
6.442424e-02 9.138100e+03 9.229841e+03 
6.744444e-02 8.724140e+03 8.829837e+03 
7.046465e-02 8.328003e+03 8.450770e+03 
7.348485e-02 7.951255e+03 8.091689e+03 
7.650505e-02 7.596044e+03 7.751609e+03 
7.952525e-02 7.263531e+03 7.429539e+03 
8.254545e-02 6.954006e+03 7.124497e+03 
8.556566e-02 6.665796e+03 6.835529e+03 
8.858586e-02 6.396449e+03 6.561714e+03 
9.160606e-02 6.144172e+03 6.302169e+03 
9.462626e-02 5.907505e+03 6.056057e+03 
9.764646e-02 5.685427e+03 5.822582e+03 
1.006667e-01 5.476689e+03 5.600994e+03 
1.036869e-01 5.279062e+03 5.390587e+03 
1.067071e-01 5.090278e+03 5.190695e+03 
1.097273e-01 4.908376e+03 5.000696e+03 
1.127475e-01 4.732185e+03 4.820005e+03 
1.157677e-01 4.561760e+03 4.648075e+03 
1.187879e-01 4.397489e+03 4.484394e+03 
1.218081e-01 4.240015e+03 4.328483e+03 
1.248283e-01 4.089708e+03 4.179892e+03 
1.278485e-01 3.946661e+03 4.038203e+03 
1.308687e-01 3.810920e+03 3.903024e+03 
1.338889e-01 3.682447e+03 3.773987e+03 
1.369091e-01 3.561139e+03 3.650749e+03 
1.399293e-01 3.446520e+03 3.532989e+03 
1.429495e-01 3.337950e+03 3.420406e+03 
1.459697e-01 3.234798e+03 3.312718e+03 
1.489899e-01 3.136436e+03 3.209661e+03 
1.520101e-01 3.042324e+03 3.110988e+03 
1.550303e-01 2.952167e+03 3.016467e+03 
1.580505e-01 2.865710e+03 2.925880e+03 
1.610707e-01 2.782615e+03 2.839022e+03 
1.640909e-01 2.702508e+03 2.755703e+03 
1.671111e-01 2.625113e+03 2.675741e+03 
1.701313e-01 2.550296e+03 2.598968e+03 
1.731515e-01 2.477978e+03 2.525224e+03 
1.761717e-01 2.408251e+03 2.454360e+03 
1.791919e-01 2.341234e+03 2.386233e+03 
1.822121e-01 2.276904e+03 2.320712e+03 
1.852323e-01 2.215150e+03 2.257670e+03 
1.882525e-01 2.155864e+03 2.196991e+03 
1.912727e-01 2.098941e+03 2.138562e+03 
1.942929e-01 2.044280e+03 2.082278e+03 
1.973131e-01 1.991773e+03 2.028040e+03 
2.003333e-01 1.941310e+03 1.975755e+03 
2.033535e-01 1.892745e+03 1.925333e+03 
2.063737e-01 1.845903e+03 1.876690e+03 
2.093939e-01 1.800644e+03 1.829748e+03 
2.124141e-01 1.756889e+03 1.784431e+03 
2.154343e-01 1.714568e+03 1.740668e+03 
2.184545e-01 1.673607e+03 1.698392e+03 
2.214747e-01 1.633931e+03 1.657538e+03 
2.244949e-01 1.595488e+03 1.618046e+03 
2.275152e-01 1.558248e+03 1.579859e+03 
2.305354e-01 1.522191e+03 1.542922e+03 
2.335556e-01 1.487318e+03 1.507182e+03 
2.365758e-01 1.453627e+03 1.472592e+03 
2.395960e-01 1.421055e+03 1.439103e+03 
2.426162e-01 1.389515e+03 1.406672e+03 
2.456364e-01 1.358941e+03 1.375255e+03 
2.486566e-01 1.329294e+03 1.344814e+03 
2.516768e-01 1.300541e+03 1.315308e+03 
2.546970e-01 1.272682e+03 1.286702e+03 
2.577172e-01 1.245712e+03 1.258961e+03 
2.607374e-01 1.219583e+03 1.232052e+03 
2.637576e-01 1.194228e+03 1.205942e+03 
2.667778e-01 1.169589e+03 1.180602e+03 
2.697980e-01 1.145623e+03 1.156003e+03 
2.728182e-01 1.122299e+03 1.132117e+03 
2.758384e-01 1.099622e+03 1.108917e+03 
2.788586e-01 1.077603e+03 1.086380e+03 
2.818788e-01 1.056224e+03 1.064480e+03 
2.848990e-01 1.035452e+03 1.043195e+03 
2.879192e-01 1.015250e+03 1.022502e+03 
2.909394e-01 9.955845e+02 1.002382e+03 
2.939596e-01 9.764262e+02 9.828125e+02 
2.969798e-01 9.577762e+02 9.637757e+02 
3.000000e-01 9.396422e+02 9.452527e+02 
