1.000000e-03 3.949425e+03 3.949422e+03 
4.020202e-03 1.324211e+04 1.334695e+04 
7.040404e-03 1.937576e+04 1.951815e+04 
1.006061e-02 2.315209e+04 2.331035e+04 
1.308081e-02 2.516716e+04 2.534496e+04 
1.610101e-02 2.585943e+04 2.600912e+04 
1.912121e-02 2.557818e+04 2.561435e+04 
2.214141e-02 2.461321e+04 2.450537e+04 
2.516162e-02 2.321165e+04 2.303508e+04 
2.818182e-02 2.157751e+04 2.147588e+04 
3.120202e-02 1.987309e+04 1.998141e+04 
3.422222e-02 1.821917e+04 1.861217e+04 
3.724242e-02 1.669688e+04 1.737794e+04 
4.026263e-02 1.535530e+04 1.626793e+04 
4.328283e-02 1.420982e+04 1.526602e+04 
4.630303e-02 1.325482e+04 1.435676e+04 
4.932323e-02 1.249140e+04 1.352706e+04 
5.234343e-02 1.188820e+04 1.276634e+04 
5.536364e-02 1.140132e+04 1.206603e+04 
5.838384e-02 1.100196e+04 1.141921e+04 
6.140404e-02 1.065769e+04 1.082013e+04 
6.442424e-02 1.033723e+04 1.026400e+04 
6.744444e-02 1.001497e+04 9.746710e+03 
7.046465e-02 9.671912e+03 9.264733e+03 
7.348485e-02 9.296503e+03 8.814966e+03 
7.650505e-02 8.884863e+03 8.394675e+03 
7.952525e-02 8.440892e+03 8.001426e+03 
8.254545e-02 7.974295e+03 7.633040e+03 
8.556566e-02 7.498026e+03 7.287557e+03 
8.858586e-02 7.026103e+03 6.963204e+03 
9.160606e-02 6.571952e+03 6.658378e+03 
9.462626e-02 6.147378e+03 6.371619e+03 
9.764646e-02 5.762353e+03 6.101600e+03 
1.006667e-01 5.423562e+03 5.847107e+03 
1.036869e-01 5.134871e+03 5.607033e+03 
1.067071e-01 4.895650e+03 5.380363e+03 
1.097273e-01 4.702579e+03 5.166167e+03 
1.127475e-01 4.549044e+03 4.963591e+03 
1.157677e-01 4.427229e+03 4.771851e+03 
1.187879e-01 4.328400e+03 4.590225e+03 
1.218081e-01 4.244092e+03 4.418047e+03 
1.248283e-01 4.166247e+03 4.254703e+03 
1.278485e-01 4.087806e+03 4.099628e+03 
1.308687e-01 4.002677e+03 3.952297e+03 
1.338889e-01 3.906655e+03 3.812227e+03 
1.369091e-01 3.797239e+03 3.678970e+03 
1.399293e-01 3.674296e+03 3.552110e+03 
1.429495e-01 3.539394e+03 3.431262e+03 
1.459697e-01 3.395589e+03 3.316068e+03 
1.489899e-01 3.246706e+03 3.206195e+03 
1.520101e-01 3.096931e+03 3.101335e+03 
1.550303e-01 2.950404e+03 3.001201e+03 
1.580505e-01 2.811050e+03 2.905523e+03 
1.610707e-01 2.682325e+03 2.814051e+03 
1.640909e-01 2.566824e+03 2.726554e+03 
1.671111e-01 2.466070e+03 2.642813e+03 
1.701313e-01 2.380314e+03 2.562624e+03 
1.731515e-01 2.308824e+03 2.485798e+03 
1.761717e-01 2.249880e+03 2.412156e+03 
1.791919e-01 2.201313e+03 2.341531e+03 
1.822121e-01 2.160657e+03 2.273767e+03 
1.852323e-01 2.125428e+03 2.208718e+03 
1.882525e-01 2.093197e+03 2.146246e+03 
1.912727e-01 2.061642e+03 2.086221e+03 
1.942929e-01 2.028600e+03 2.028522e+03 
1.973131e-01 1.992398e+03 1.973036e+03 
2.003333e-01 1.951809e+03 1.919654e+03 
2.033535e-01 1.906435e+03 1.868275e+03 
2.063737e-01 1.856419e+03 1.818804e+03 
2.093939e-01 1.802599e+03 1.771151e+03 
2.124141e-01 1.746103e+03 1.725231e+03 
2.154343e-01 1.688288e+03 1.680964e+03 
2.184545e-01 1.630559e+03 1.638275e+03 
2.214747e-01 1.574300e+03 1.597093e+03 
2.244949e-01 1.520689e+03 1.557348e+03 
2.275152e-01 1.470723e+03 1.518979e+03 
2.305354e-01 1.425093e+03 1.481924e+03 
2.335556e-01 1.384212e+03 1.446125e+03 
2.365758e-01 1.348161e+03 1.411530e+03 
2.395960e-01 1.316737e+03 1.378086e+03 
2.426162e-01 1.289509e+03 1.345745e+03 
2.456364e-01 1.265829e+03 1.314459e+03 
2.486566e-01 1.244932e+03 1.284187e+03 
2.516768e-01 1.225948e+03 1.254885e+03 
2.546970e-01 1.207998e+03 1.226514e+03 
2.577172e-01 1.190239e+03 1.199036e+03 
2.607374e-01 1.171975e+03 1.172416e+03 
2.637576e-01 1.152670e+03 1.146619e+03 
2.667778e-01 1.132037e+03 1.121613e+03 
2.697980e-01 1.109963e+03 1.097367e+03 
2.728182e-01 1.086557e+03 1.073851e+03 
2.758384e-01 1.062035e+03 1.051038e+03 
2.788586e-01 1.036717e+03 1.028901e+03 
2.818788e-01 1.010987e+03 1.007413e+03 
2.848990e-01 9.852758e+02 9.865520e+02 
2.879192e-01 9.600257e+02 9.662930e+02 
2.909394e-01 9.356678e+02 9.466144e+02 
2.939596e-01 9.125618e+02 9.274948e+02 
2.969798e-01 8.909900e+02 9.089140e+02 
3.000000e-01 8.710865e+02 8.908526e+02 
