1.000000e-03 3.674745e+03 3.674741e+03 
4.020202e-03 1.216862e+04 1.226419e+04 
7.040404e-03 1.766551e+04 1.778310e+04 
1.006061e-02 2.099164e+04 2.109583e+04 
1.308081e-02 2.273776e+04 2.281817e+04 
1.610101e-02 2.332750e+04 2.334531e+04 
1.912121e-02 2.308767e+04 2.300236e+04 
2.214141e-02 2.228178e+04 2.211710e+04 
2.516162e-02 2.112512e+04 2.097836e+04 
2.818182e-02 1.979139e+04 1.977909e+04 
3.120202e-02 1.841359e+04 1.861649e+04 
3.422222e-02 1.708677e+04 1.752678e+04 
3.724242e-02 1.587177e+04 1.651714e+04 
4.026263e-02 1.480180e+04 1.558382e+04 
4.328283e-02 1.388516e+04 1.472009e+04 
4.630303e-02 1.311106e+04 1.391918e+04 
4.932323e-02 1.247228e+04 1.317506e+04 
5.234343e-02 1.194261e+04 1.248253e+04 
5.536364e-02 1.148172e+04 1.183710e+04 
5.838384e-02 1.106724e+04 1.123484e+04 
6.140404e-02 1.067572e+04 1.067228e+04 
6.442424e-02 1.028435e+04 1.014631e+04 
6.744444e-02 9.879742e+03 9.654121e+03 
7.046465e-02 9.454484e+03 9.193147e+03 
7.348485e-02 9.007307e+03 8.761053e+03 
7.650505e-02 8.543719e+03 8.355699e+03 
7.952525e-02 8.073781e+03 7.975121e+03 
8.254545e-02 7.609311e+03 7.617518e+03 
8.556566e-02 7.162032e+03 7.281230e+03 
8.858586e-02 6.741679e+03 6.964733e+03 
9.160606e-02 6.356128e+03 6.666625e+03 
9.462626e-02 6.011151e+03 6.385615e+03 
9.764646e-02 5.709869e+03 6.120512e+03 
1.006667e-01 5.452799e+03 5.870221e+03 
1.036869e-01 5.237054e+03 5.633733e+03 
1.067071e-01 5.057101e+03 5.410115e+03 
1.097273e-01 4.905281e+03 5.198510e+03 
1.127475e-01 4.773302e+03 4.998122e+03 
1.157677e-01 4.652925e+03 4.808221e+03 
1.187879e-01 4.537322e+03 4.628127e+03 
1.218081e-01 4.420739e+03 4.457215e+03 
1.248283e-01 4.299070e+03 4.294903e+03 
1.278485e-01 4.169674e+03 4.140656e+03 
1.308687e-01 4.031638e+03 3.993975e+03 
1.338889e-01 3.885832e+03 3.854398e+03 
1.369091e-01 3.734513e+03 3.721496e+03 
1.399293e-01 3.580897e+03 3.594870e+03 
1.429495e-01 3.428527e+03 3.474151e+03 
1.459697e-01 3.280728e+03 3.358994e+03 
1.489899e-01 3.140470e+03 3.249077e+03 
1.520101e-01 3.010109e+03 3.144103e+03 
1.550303e-01 2.891467e+03 3.043791e+03 
1.580505e-01 2.785762e+03 2.947883e+03 
1.610707e-01 2.693191e+03 2.856136e+03 
1.640909e-01 2.613129e+03 2.768321e+03 
1.671111e-01 2.543889e+03 2.684228e+03 
1.701313e-01 2.483299e+03 2.603658e+03 
1.731515e-01 2.428859e+03 2.526424e+03 
1.761717e-01 2.378206e+03 2.452353e+03 
1.791919e-01 2.329340e+03 2.381281e+03 
1.822121e-01 2.280616e+03 2.313055e+03 
1.852323e-01 2.230743e+03 2.247531e+03 
1.882525e-01 2.178812e+03 2.184573e+03 
1.912727e-01 2.124237e+03 2.124056e+03 
1.942929e-01 2.067034e+03 2.065858e+03 
1.973131e-01 2.007607e+03 2.009868e+03 
2.003333e-01 1.946900e+03 1.955980e+03 
2.033535e-01 1.886018e+03 1.904093e+03 
2.063737e-01 1.826169e+03 1.854114e+03 
2.093939e-01 1.768412e+03 1.805953e+03 
2.124141e-01 1.713642e+03 1.759527e+03 
2.154343e-01 1.662439e+03 1.714757e+03 
2.184545e-01 1.615176e+03 1.671567e+03 
2.214747e-01 1.571969e+03 1.629887e+03 
2.244949e-01 1.532753e+03 1.589649e+03 
2.275152e-01 1.497206e+03 1.550791e+03 
2.305354e-01 1.464867e+03 1.513253e+03 
2.335556e-01 1.435144e+03 1.476976e+03 
2.365758e-01 1.407394e+03 1.441909e+03 
2.395960e-01 1.380949e+03 1.407998e+03 
2.426162e-01 1.355200e+03 1.375196e+03 
2.456364e-01 1.329599e+03 1.343457e+03 
2.486566e-01 1.303724e+03 1.312736e+03 
2.516768e-01 1.277285e+03 1.282993e+03 
2.546970e-01 1.250193e+03 1.254187e+03 
2.577172e-01 1.222511e+03 1.226281e+03 
2.607374e-01 1.194455e+03 1.199239e+03 
2.637576e-01 1.166319e+03 1.173028e+03 
2.667778e-01 1.138436e+03 1.147614e+03 
2.697980e-01 1.111108e+03 1.122966e+03 
2.728182e-01 1.084604e+03 1.099056e+03 
2.758384e-01 1.059137e+03 1.075855e+03 
2.788586e-01 1.034885e+03 1.053337e+03 
2.818788e-01 1.011977e+03 1.031475e+03 
2.848990e-01 9.904701e+02 1.010245e+03 
2.879192e-01 9.703472e+02 9.896246e+02 
2.909394e-01 9.515053e+02 9.695906e+02 
2.939596e-01 9.337875e+02 9.501219e+02 
2.969798e-01 9.169922e+02 9.311983e+02 
3.000000e-01 9.009092e+02 9.128002e+02 
