1.000000e-03 4.274734e+03 4.274730e+03 
4.020202e-03 1.412677e+04 1.423952e+04 
7.040404e-03 2.038032e+04 2.052080e+04 
1.006061e-02 2.405297e+04 2.418791e+04 
1.308081e-02 2.586728e+04 2.598869e+04 
1.610101e-02 2.633621e+04 2.639242e+04 
1.912121e-02 2.585154e+04 2.578374e+04 
2.214141e-02 2.472874e+04 2.455709e+04 
2.516162e-02 2.322501e+04 2.306481e+04 
2.818182e-02 2.154573e+04 2.154157e+04 
3.120202e-02 1.984664e+04 2.010126e+04 
3.422222e-02 1.823771e+04 1.878069e+04 
3.724242e-02 1.678684e+04 1.758088e+04 
4.026263e-02 1.552920e+04 1.649060e+04 
4.328283e-02 1.446985e+04 1.549643e+04 
4.630303e-02 1.359350e+04 1.458619e+04 
4.932323e-02 1.288834e+04 1.374966e+04 
5.234343e-02 1.232068e+04 1.297844e+04 
5.536364e-02 1.184400e+04 1.226554e+04 
5.838384e-02 1.142214e+04 1.160512e+04 
6.140404e-02 1.102540e+04 1.099218e+04 
6.442424e-02 1.063028e+04 1.042239e+04 
6.744444e-02 1.022004e+04 9.891952e+03 
7.046465e-02 9.783742e+03 9.397495e+03 
7.348485e-02 9.317735e+03 8.936014e+03 
7.650505e-02 8.826094e+03 8.504813e+03 
7.952525e-02 8.319297e+03 8.101459e+03 
8.254545e-02 7.811624e+03 7.723752e+03 
8.556566e-02 7.318451e+03 7.369695e+03 
8.858586e-02 6.853177e+03 7.037475e+03 
9.160606e-02 6.426660e+03 6.725440e+03 
9.462626e-02 6.046500e+03 6.432083e+03 
9.764646e-02 5.716780e+03 6.156030e+03 
1.006667e-01 5.438045e+03 5.896022e+03 
1.036869e-01 5.207576e+03 5.650909e+03 
1.067071e-01 5.019469e+03 5.419636e+03 
1.097273e-01 4.865959e+03 5.201236e+03 
1.127475e-01 4.737916e+03 4.994821e+03 
1.157677e-01 4.626044e+03 4.799573e+03 
1.187879e-01 4.521537e+03 4.614741e+03 
1.218081e-01 4.416722e+03 4.439635e+03 
1.248283e-01 4.305459e+03 4.273615e+03 
1.278485e-01 4.184044e+03 4.116095e+03 
1.308687e-01 4.050847e+03 3.966529e+03 
1.338889e-01 3.906744e+03 3.824415e+03 
1.369091e-01 3.753957e+03 3.689290e+03 
1.399293e-01 3.595942e+03 3.560721e+03 
1.429495e-01 3.436431e+03 3.438311e+03 
1.459697e-01 3.279185e+03 3.321689e+03 
1.489899e-01 3.127915e+03 3.210511e+03 
1.520101e-01 2.986211e+03 3.104458e+03 
1.550303e-01 2.857032e+03 3.003232e+03 
1.580505e-01 2.742636e+03 2.906556e+03 
1.610707e-01 2.643585e+03 2.814174e+03 
1.640909e-01 2.559389e+03 2.725845e+03 
1.671111e-01 2.488156e+03 2.641344e+03 
1.701313e-01 2.427508e+03 2.560462e+03 
1.731515e-01 2.374707e+03 2.483004e+03 
1.761717e-01 2.327271e+03 2.408786e+03 
1.791919e-01 2.282979e+03 2.337637e+03 
1.822121e-01 2.239757e+03 2.269396e+03 
1.852323e-01 2.195672e+03 2.203914e+03 
1.882525e-01 2.149061e+03 2.141048e+03 
1.912727e-01 2.098743e+03 2.080667e+03 
1.942929e-01 2.044423e+03 2.022646e+03 
1.973131e-01 1.986475e+03 1.966868e+03 
2.003333e-01 1.925948e+03 1.913224e+03 
2.033535e-01 1.864163e+03 1.861609e+03 
2.063737e-01 1.802555e+03 1.811927e+03 
2.093939e-01 1.742342e+03 1.764085e+03 
2.124141e-01 1.684588e+03 1.717997e+03 
2.154343e-01 1.630127e+03 1.673582e+03 
2.184545e-01 1.579652e+03 1.630761e+03 
2.214747e-01 1.533674e+03 1.589463e+03 
2.244949e-01 1.492381e+03 1.549619e+03 
2.275152e-01 1.455638e+03 1.511164e+03 
2.305354e-01 1.422967e+03 1.474035e+03 
2.335556e-01 1.393695e+03 1.438175e+03 
2.365758e-01 1.367039e+03 1.403529e+03 
2.395960e-01 1.342206e+03 1.370044e+03 
2.426162e-01 1.318446e+03 1.337671e+03 
2.456364e-01 1.295085e+03 1.306363e+03 
2.486566e-01 1.271546e+03 1.276075e+03 
2.516768e-01 1.247374e+03 1.246764e+03 
2.546970e-01 1.222237e+03 1.218392e+03 
2.577172e-01 1.196082e+03 1.190918e+03 
2.607374e-01 1.169026e+03 1.164308e+03 
2.637576e-01 1.141379e+03 1.138526e+03 
2.667778e-01 1.113516e+03 1.113540e+03 
2.697980e-01 1.085854e+03 1.089318e+03 
2.728182e-01 1.058762e+03 1.065831e+03 
2.758384e-01 1.032540e+03 1.043049e+03 
2.788586e-01 1.007439e+03 1.020947e+03 
2.818788e-01 9.836681e+02 9.994975e+02 
2.848990e-01 9.613827e+02 9.786767e+02 
2.879192e-01 9.406769e+02 9.584608e+02 
2.909394e-01 9.215188e+02 9.388275e+02 
2.939596e-01 9.037943e+02 9.197553e+02 
2.969798e-01 8.872935e+02 9.012237e+02 
3.000000e-01 8.717688e+02 8.832132e+02 
