1.000000e-03 4.462606e+03 4.462602e+03 
4.020202e-03 1.495754e+04 1.507634e+04 
7.040404e-03 2.192775e+04 2.209925e+04 
1.006061e-02 2.624333e+04 2.645888e+04 
1.308081e-02 2.854844e+04 2.882932e+04 
1.610101e-02 2.932226e+04 2.961584e+04 
1.912121e-02 2.895012e+04 2.912910e+04 
2.214141e-02 2.776095e+04 2.773077e+04 
2.516162e-02 2.603858e+04 2.583567e+04 
2.818182e-02 2.402375e+04 2.380405e+04 
3.120202e-02 2.191226e+04 2.186207e+04 
3.422222e-02 1.985298e+04 2.010772e+04 
3.724242e-02 1.794880e+04 1.855951e+04 
4.026263e-02 1.626479e+04 1.720033e+04 
4.328283e-02 1.482404e+04 1.600267e+04 
4.630303e-02 1.362687e+04 1.493969e+04 
4.932323e-02 1.267609e+04 1.398868e+04 
5.234343e-02 1.193883e+04 1.313148e+04 
5.536364e-02 1.137021e+04 1.235378e+04 
5.838384e-02 1.093252e+04 1.164432e+04 
6.140404e-02 1.059011e+04 1.099415e+04 
6.442424e-02 1.030561e+04 1.039602e+04 
6.744444e-02 1.004268e+04 9.843979e+03 
7.046465e-02 9.773111e+03 9.333085e+03 
7.348485e-02 9.475190e+03 8.859140e+03 
7.650505e-02 9.134734e+03 8.418554e+03 
7.952525e-02 8.746672e+03 8.008216e+03 
8.254545e-02 8.314472e+03 7.625408e+03 
8.556566e-02 7.847753e+03 7.267734e+03 
8.858586e-02 7.360356e+03 6.933071e+03 
9.160606e-02 6.867982e+03 6.619523e+03 
9.462626e-02 6.386458e+03 6.325395e+03 
9.764646e-02 5.930957e+03 6.049158e+03 
1.006667e-01 5.513884e+03 5.789435e+03 
1.036869e-01 5.145040e+03 5.544980e+03 
1.067071e-01 4.829710e+03 5.314660e+03 
1.097273e-01 4.569489e+03 5.097444e+03 
1.127475e-01 4.361727e+03 4.892394e+03 
1.157677e-01 4.201091e+03 4.698653e+03 
1.187879e-01 4.080334e+03 4.515435e+03 
1.218081e-01 3.991217e+03 4.342022e+03 
1.248283e-01 3.925056e+03 4.177753e+03 
1.278485e-01 3.872942e+03 4.022021e+03 
1.308687e-01 3.826235e+03 3.874268e+03 
1.338889e-01 3.776871e+03 3.733979e+03 
1.369091e-01 3.718236e+03 3.600680e+03 
1.399293e-01 3.645244e+03 3.473931e+03 
1.429495e-01 3.555321e+03 3.353328e+03 
1.459697e-01 3.447683e+03 3.238494e+03 
1.489899e-01 3.324001e+03 3.129081e+03 
1.520101e-01 3.187163e+03 3.024766e+03 
1.550303e-01 3.041293e+03 2.925250e+03 
1.580505e-01 2.891078e+03 2.830254e+03 
1.610707e-01 2.741604e+03 2.739518e+03 
1.640909e-01 2.597786e+03 2.652802e+03 
1.671111e-01 2.464121e+03 2.569879e+03 
1.701313e-01 2.343798e+03 2.490540e+03 
1.731515e-01 2.238974e+03 2.414590e+03 
1.761717e-01 2.150343e+03 2.341844e+03 
1.791919e-01 2.077629e+03 2.272132e+03 
1.822121e-01 2.019633e+03 2.205293e+03 
1.852323e-01 1.974546e+03 2.141178e+03 
1.882525e-01 1.940158e+03 2.079646e+03 
1.912727e-01 1.913911e+03 2.020565e+03 
1.942929e-01 1.893096e+03 1.963811e+03 
1.973131e-01 1.874881e+03 1.909267e+03 
2.003333e-01 1.856538e+03 1.856825e+03 
2.033535e-01 1.835547e+03 1.806382e+03 
2.063737e-01 1.810030e+03 1.757841e+03 
2.093939e-01 1.778686e+03 1.711111e+03 
2.124141e-01 1.741091e+03 1.666106e+03 
2.154343e-01 1.697362e+03 1.622745e+03 
2.184545e-01 1.648293e+03 1.580951e+03 
2.214747e-01 1.595043e+03 1.540654e+03 
2.244949e-01 1.539135e+03 1.501784e+03 
2.275152e-01 1.482201e+03 1.464278e+03 
2.305354e-01 1.425905e+03 1.428074e+03 
2.335556e-01 1.371756e+03 1.393115e+03 
2.365758e-01 1.321089e+03 1.359347e+03 
2.395960e-01 1.274902e+03 1.326717e+03 
2.426162e-01 1.233882e+03 1.295177e+03 
2.456364e-01 1.198314e+03 1.264681e+03 
2.486566e-01 1.168176e+03 1.235184e+03 
2.516768e-01 1.143174e+03 1.206646e+03 
2.546970e-01 1.122707e+03 1.179025e+03 
2.577172e-01 1.105986e+03 1.152285e+03 
2.607374e-01 1.092035e+03 1.126390e+03 
2.637576e-01 1.079834e+03 1.101305e+03 
2.667778e-01 1.068364e+03 1.076999e+03 
2.697980e-01 1.056714e+03 1.053440e+03 
2.728182e-01 1.044105e+03 1.030599e+03 
2.758384e-01 1.029977e+03 1.008449e+03 
2.788586e-01 1.013942e+03 9.869624e+02 
2.818788e-01 9.958593e+02 9.661140e+02 
2.848990e-01 9.757414e+02 9.458796e+02 
2.879192e-01 9.537899e+02 9.262363e+02 
2.909394e-01 9.303588e+02 9.071619e+02 
2.939596e-01 9.059519e+02 8.886353e+02 
2.969798e-01 8.811399e+02 8.706366e+02 
3.000000e-01 8.565199e+02 8.531464e+02 
