1.000000e-03 3.849947e+03 3.849943e+03 
4.020202e-03 1.272878e+04 1.283016e+04 
7.040404e-03 1.842224e+04 1.854654e+04 
1.006061e-02 2.182661e+04 2.193604e+04 
1.308081e-02 2.357931e+04 2.366277e+04 
1.610101e-02 2.413282e+04 2.415015e+04 
1.912121e-02 2.383062e+04 2.374161e+04 
2.214141e-02 2.295025e+04 2.277902e+04 
2.516162e-02 2.171472e+04 2.156203e+04 
2.818182e-02 2.030377e+04 2.029026e+04 
3.120202e-02 1.885409e+04 1.906364e+04 
3.422222e-02 1.746320e+04 1.791864e+04 
3.724242e-02 1.619292e+04 1.686156e+04 
4.026263e-02 1.507618e+04 1.588749e+04 
4.328283e-02 1.412213e+04 1.498862e+04 
4.630303e-02 1.331882e+04 1.415725e+04 
4.932323e-02 1.265458e+04 1.338659e+04 
5.234343e-02 1.210666e+04 1.267084e+04 
5.536364e-02 1.163535e+04 1.200500e+04 
5.838384e-02 1.121079e+04 1.138476e+04 
6.140404e-02 1.080877e+04 1.080630e+04 
6.442424e-02 1.040867e+04 1.026623e+04 
6.744444e-02 9.996912e+03 9.761504e+03 
7.046465e-02 9.565579e+03 9.289365e+03 
7.348485e-02 9.112495e+03 8.847307e+03 
7.650505e-02 8.642460e+03 8.433044e+03 
7.952525e-02 8.164652e+03 8.044487e+03 
8.254545e-02 7.690830e+03 7.679726e+03 
8.556566e-02 7.233496e+03 7.337009e+03 
8.858586e-02 6.803251e+03 7.014728e+03 
9.160606e-02 6.408530e+03 6.711410e+03 
9.462626e-02 6.055413e+03 6.425701e+03 
9.764646e-02 5.746846e+03 6.156357e+03 
1.006667e-01 5.483501e+03 5.902233e+03 
1.036869e-01 5.262135e+03 5.662277e+03 
1.067071e-01 5.077513e+03 5.435519e+03 
1.097273e-01 4.922115e+03 5.221068e+03 
1.127475e-01 4.787908e+03 5.018100e+03 
1.157677e-01 4.666660e+03 4.825856e+03 
1.187879e-01 4.551186e+03 4.643635e+03 
1.218081e-01 4.435327e+03 4.470790e+03 
1.248283e-01 4.314575e+03 4.306721e+03 
1.278485e-01 4.185746e+03 4.150874e+03 
1.308687e-01 4.048047e+03 4.002738e+03 
1.338889e-01 3.902132e+03 3.861835e+03 
1.369091e-01 3.750554e+03 3.727727e+03 
1.399293e-01 3.596415e+03 3.600002e+03 
1.429495e-01 3.443176e+03 3.478281e+03 
1.459697e-01 3.294030e+03 3.362211e+03 
1.489899e-01 3.151887e+03 3.251463e+03 
1.520101e-01 3.019201e+03 3.145731e+03 
1.550303e-01 2.898049e+03 3.044729e+03 
1.580505e-01 2.789797e+03 2.948192e+03 
1.610707e-01 2.695059e+03 2.855871e+03 
1.640909e-01 2.613170e+03 2.767536e+03 
1.671111e-01 2.542605e+03 2.682968e+03 
1.701313e-01 2.480947e+03 2.601966e+03 
1.731515e-01 2.425747e+03 2.524340e+03 
1.761717e-01 2.374629e+03 2.449913e+03 
1.791919e-01 2.325673e+03 2.378518e+03 
1.822121e-01 2.277235e+03 2.310000e+03 
1.852323e-01 2.227991e+03 2.244211e+03 
1.882525e-01 2.176868e+03 2.181014e+03 
1.912727e-01 2.123194e+03 2.120281e+03 
1.942929e-01 2.066740e+03 2.061889e+03 
1.973131e-01 2.007821e+03 2.005724e+03 
2.003333e-01 1.947309e+03 1.951680e+03 
2.033535e-01 1.886472e+03 1.899653e+03 
2.063737e-01 1.826521e+03 1.849550e+03 
2.093939e-01 1.768562e+03 1.801279e+03 
2.124141e-01 1.713398e+03 1.754757e+03 
2.154343e-01 1.661646e+03 1.709901e+03 
2.184545e-01 1.613666e+03 1.666637e+03 
2.214747e-01 1.569651e+03 1.624893e+03 
2.244949e-01 1.529611e+03 1.584601e+03 
2.275152e-01 1.493346e+03 1.545697e+03 
2.305354e-01 1.460476e+03 1.508120e+03 
2.335556e-01 1.430409e+03 1.471813e+03 
2.365758e-01 1.402457e+03 1.436721e+03 
2.395960e-01 1.375931e+03 1.402792e+03 
2.426162e-01 1.350187e+03 1.369978e+03 
2.456364e-01 1.324696e+03 1.338231e+03 
2.486566e-01 1.299036e+03 1.307508e+03 
2.516768e-01 1.272925e+03 1.277766e+03 
2.546970e-01 1.246234e+03 1.248966e+03 
2.577172e-01 1.218967e+03 1.221069e+03 
2.607374e-01 1.191267e+03 1.194040e+03 
2.637576e-01 1.163367e+03 1.167844e+03 
2.667778e-01 1.135592e+03 1.142449e+03 
2.697980e-01 1.108280e+03 1.117823e+03 
2.728182e-01 1.081731e+03 1.093936e+03 
2.758384e-01 1.056191e+03 1.070760e+03 
2.788586e-01 1.031831e+03 1.048269e+03 
2.818788e-01 1.008765e+03 1.026436e+03 
2.848990e-01 9.870537e+02 1.005237e+03 
2.879192e-01 9.666782e+02 9.846488e+02 
2.909394e-01 9.475725e+02 9.646481e+02 
2.939596e-01 9.296222e+02 9.452140e+02 
2.969798e-01 9.126764e+02 9.263259e+02 
3.000000e-01 8.965273e+02 9.079642e+02 
