1.000000e-03 3.376386e+03 3.376384e+03 
4.020202e-03 1.133926e+04 1.142863e+04 
7.040404e-03 1.658902e+04 1.670239e+04 
1.006061e-02 1.982909e+04 1.993359e+04 
1.308081e-02 2.158497e+04 2.167254e+04 
1.610101e-02 2.224070e+04 2.227552e+04 
1.912121e-02 2.209571e+04 2.203446e+04 
2.214141e-02 2.139498e+04 2.124921e+04 
2.516162e-02 2.034110e+04 2.019484e+04 
2.818182e-02 1.909881e+04 1.906397e+04 
3.120202e-02 1.779680e+04 1.795856e+04 
3.422222e-02 1.652903e+04 1.691903e+04 
3.724242e-02 1.535753e+04 1.595497e+04 
4.026263e-02 1.431802e+04 1.506372e+04 
4.328283e-02 1.342318e+04 1.423902e+04 
4.630303e-02 1.266469e+04 1.347427e+04 
4.932323e-02 1.203764e+04 1.276357e+04 
5.234343e-02 1.152249e+04 1.210186e+04 
5.536364e-02 1.107978e+04 1.148478e+04 
5.838384e-02 1.068752e+04 1.090856e+04 
6.140404e-02 1.032449e+04 1.036990e+04 
6.442424e-02 9.966463e+03 9.865847e+03 
6.744444e-02 9.598480e+03 9.393751e+03 
7.046465e-02 9.211386e+03 8.951207e+03 
7.348485e-02 8.801360e+03 8.536024e+03 
7.650505e-02 8.371433e+03 8.146196e+03 
7.952525e-02 7.929681e+03 7.779884e+03 
8.254545e-02 7.486957e+03 7.435399e+03 
8.556566e-02 7.054588e+03 7.111185e+03 
8.858586e-02 6.642610e+03 6.805813e+03 
9.160606e-02 6.259500e+03 6.517964e+03 
9.462626e-02 5.911906e+03 6.246424e+03 
9.764646e-02 5.604123e+03 5.990073e+03 
1.006667e-01 5.338542e+03 5.747878e+03 
1.036869e-01 5.113962e+03 5.518887e+03 
1.067071e-01 4.926896e+03 5.302219e+03 
1.097273e-01 4.770903e+03 5.097062e+03 
1.127475e-01 4.638623e+03 4.902664e+03 
1.157677e-01 4.522099e+03 4.718330e+03 
1.187879e-01 4.414194e+03 4.543418e+03 
1.218081e-01 4.308586e+03 4.377333e+03 
1.248283e-01 4.200492e+03 4.219522e+03 
1.278485e-01 4.086230e+03 4.069475e+03 
1.308687e-01 3.963895e+03 3.926716e+03 
1.338889e-01 3.832871e+03 3.790806e+03 
1.369091e-01 3.694403e+03 3.661334e+03 
1.399293e-01 3.550769e+03 3.537921e+03 
1.429495e-01 3.405244e+03 3.420212e+03 
1.459697e-01 3.261111e+03 3.307878e+03 
1.489899e-01 3.121559e+03 3.200612e+03 
1.520101e-01 2.989328e+03 3.098126e+03 
1.550303e-01 2.866790e+03 3.000154e+03 
1.580505e-01 2.755610e+03 2.906447e+03 
1.610707e-01 2.656860e+03 2.816770e+03 
1.640909e-01 2.570638e+03 2.730907e+03 
1.671111e-01 2.496256e+03 2.648653e+03 
1.701313e-01 2.432113e+03 2.569817e+03 
1.731515e-01 2.376138e+03 2.494219e+03 
1.761717e-01 2.325962e+03 2.421694e+03 
1.791919e-01 2.279434e+03 2.352082e+03 
1.822121e-01 2.234605e+03 2.285237e+03 
1.852323e-01 2.189913e+03 2.221019e+03 
1.882525e-01 2.144038e+03 2.159297e+03 
1.912727e-01 2.096014e+03 2.099950e+03 
1.942929e-01 2.045267e+03 2.042862e+03 
1.973131e-01 1.991748e+03 1.987923e+03 
2.003333e-01 1.935879e+03 1.935032e+03 
2.033535e-01 1.878487e+03 1.884092e+03 
2.063737e-01 1.820639e+03 1.835011e+03 
2.093939e-01 1.763491e+03 1.787704e+03 
2.124141e-01 1.708060e+03 1.742089e+03 
2.154343e-01 1.655238e+03 1.698089e+03 
2.184545e-01 1.605680e+03 1.655633e+03 
2.214747e-01 1.559844e+03 1.614650e+03 
2.244949e-01 1.517919e+03 1.575077e+03 
2.275152e-01 1.479887e+03 1.536852e+03 
2.305354e-01 1.445526e+03 1.499916e+03 
2.335556e-01 1.414417e+03 1.464214e+03 
2.365758e-01 1.386020e+03 1.429694e+03 
2.395960e-01 1.359719e+03 1.396305e+03 
2.426162e-01 1.334881e+03 1.364002e+03 
2.456364e-01 1.310900e+03 1.332738e+03 
2.486566e-01 1.287214e+03 1.302472e+03 
2.516768e-01 1.263349e+03 1.273162e+03 
2.546970e-01 1.238962e+03 1.244771e+03 
2.577172e-01 1.213867e+03 1.217261e+03 
2.607374e-01 1.188071e+03 1.190599e+03 
2.637576e-01 1.161719e+03 1.164749e+03 
2.667778e-01 1.135080e+03 1.139682e+03 
2.697980e-01 1.108467e+03 1.115367e+03 
2.728182e-01 1.082187e+03 1.091774e+03 
2.758384e-01 1.056521e+03 1.068877e+03 
2.788586e-01 1.031708e+03 1.046650e+03 
2.818788e-01 1.007950e+03 1.025067e+03 
2.848990e-01 9.854100e+02 1.004105e+03 
2.879192e-01 9.641932e+02 9.837409e+02 
2.909394e-01 9.443488e+02 9.639527e+02 
2.939596e-01 9.258253e+02 9.447199e+02 
2.969798e-01 9.085101e+02 9.260225e+02 
3.000000e-01 8.922212e+02 9.078415e+02 
