1.000000e-03 5.820546e+03 5.820541e+03 
4.020202e-03 1.929516e+04 1.944964e+04 
7.040404e-03 2.805729e+04 2.828605e+04 
1.006061e-02 3.332520e+04 3.363721e+04 
1.308081e-02 3.596913e+04 3.640680e+04 
1.610101e-02 3.662676e+04 3.711588e+04 
1.912121e-02 3.581129e+04 3.615407e+04 
2.214141e-02 3.395896e+04 3.399069e+04 
2.516162e-02 3.144933e+04 3.118903e+04 
2.818182e-02 2.860304e+04 2.825423e+04 
3.120202e-02 2.567859e+04 2.550686e+04 
3.422222e-02 2.287086e+04 2.308085e+04 
3.724242e-02 2.031084e+04 2.099183e+04 
4.026263e-02 1.807770e+04 1.920318e+04 
4.328283e-02 1.619229e+04 1.766474e+04 
4.630303e-02 1.465465e+04 1.632962e+04 
4.932323e-02 1.345816e+04 1.515917e+04 
5.234343e-02 1.255127e+04 1.412307e+04 
5.536364e-02 1.187951e+04 1.319795e+04 
5.838384e-02 1.139300e+04 1.236577e+04 
6.140404e-02 1.104007e+04 1.161251e+04 
6.442424e-02 1.077041e+04 1.092709e+04 
6.744444e-02 1.053913e+04 1.030061e+04 
7.046465e-02 1.030846e+04 9.725846e+03 
7.348485e-02 1.004705e+04 9.196809e+03 
7.650505e-02 9.732549e+03 8.708482e+03 
7.952525e-02 9.352896e+03 8.256609e+03 
8.254545e-02 8.907171e+03 7.837539e+03 
8.556566e-02 8.404677e+03 7.448112e+03 
8.858586e-02 7.861484e+03 7.085569e+03 
9.160606e-02 7.297857e+03 6.747489e+03 
9.462626e-02 6.735800e+03 6.431729e+03 
9.764646e-02 6.196110e+03 6.136390e+03 
1.006667e-01 5.697120e+03 5.859772e+03 
1.036869e-01 5.252125e+03 5.600357e+03 
1.067071e-01 4.869971e+03 5.356777e+03 
1.097273e-01 4.553546e+03 5.127800e+03 
1.127475e-01 4.302096e+03 4.912313e+03 
1.157677e-01 4.110780e+03 4.709305e+03 
1.187879e-01 3.972639e+03 4.517859e+03 
1.218081e-01 3.878908e+03 4.337141e+03 
1.248283e-01 3.819609e+03 4.166388e+03 
1.278485e-01 3.784076e+03 4.004903e+03 
1.308687e-01 3.761234e+03 3.852051e+03 
1.338889e-01 3.740458e+03 3.707246e+03 
1.369091e-01 3.712160e+03 3.569953e+03 
1.399293e-01 3.668902e+03 3.439677e+03 
1.429495e-01 3.605368e+03 3.315966e+03 
1.459697e-01 3.519037e+03 3.198399e+03 
1.489899e-01 3.409365e+03 3.086591e+03 
1.520101e-01 3.278352e+03 2.980185e+03 
1.550303e-01 3.129730e+03 2.878850e+03 
1.580505e-01 2.968982e+03 2.782280e+03 
1.610707e-01 2.802614e+03 2.690190e+03 
1.640909e-01 2.637571e+03 2.602319e+03 
1.671111e-01 2.480250e+03 2.518420e+03 
1.701313e-01 2.335981e+03 2.438266e+03 
1.731515e-01 2.208199e+03 2.361644e+03 
1.761717e-01 2.098862e+03 2.288359e+03 
1.791919e-01 2.008569e+03 2.218225e+03 
1.822121e-01 1.936786e+03 2.151070e+03 
1.852323e-01 1.882276e+03 2.086734e+03 
1.882525e-01 1.843134e+03 2.025066e+03 
1.912727e-01 1.816950e+03 1.965926e+03 
1.942929e-01 1.800708e+03 1.909183e+03 
1.973131e-01 1.790976e+03 1.854712e+03 
2.003333e-01 1.784077e+03 1.802399e+03 
2.033535e-01 1.776520e+03 1.752134e+03 
2.063737e-01 1.765199e+03 1.703816e+03 
2.093939e-01 1.747832e+03 1.657349e+03 
2.124141e-01 1.722911e+03 1.612642e+03 
2.154343e-01 1.689772e+03 1.569612e+03 
2.184545e-01 1.648535e+03 1.528177e+03 
2.214747e-01 1.599902e+03 1.488262e+03 
2.244949e-01 1.545226e+03 1.449797e+03 
2.275152e-01 1.486234e+03 1.412715e+03 
2.305354e-01 1.425039e+03 1.376951e+03 
2.335556e-01 1.363803e+03 1.342448e+03 
2.365758e-01 1.304648e+03 1.309147e+03 
2.395960e-01 1.249303e+03 1.276995e+03 
2.426162e-01 1.199166e+03 1.245942e+03 
2.456364e-01 1.155117e+03 1.215941e+03 
2.486566e-01 1.117641e+03 1.186945e+03 
2.516768e-01 1.086762e+03 1.158912e+03 
2.546970e-01 1.062153e+03 1.131801e+03 
2.577172e-01 1.043205e+03 1.105573e+03 
2.607374e-01 1.029016e+03 1.080192e+03 
2.637576e-01 1.018522e+03 1.055622e+03 
2.667778e-01 1.010500e+03 1.031831e+03 
2.697980e-01 1.003718e+03 1.008787e+03 
2.728182e-01 9.969752e+02 9.864601e+02 
2.758384e-01 9.892388e+02 9.648219e+02 
2.788586e-01 9.796369e+02 9.438453e+02 
2.818788e-01 9.675832e+02 9.235044e+02 
2.848990e-01 9.527135e+02 9.037746e+02 
2.879192e-01 9.349454e+02 8.846324e+02 
2.909394e-01 9.144401e+02 8.660556e+02 
2.939596e-01 8.915722e+02 8.480227e+02 
2.969798e-01 8.669175e+02 8.305134e+02 
3.000000e-01 8.411610e+02 8.135084e+02 
