1.000000e-03 3.264805e+03 3.264802e+03 
4.020202e-03 1.078978e+04 1.087491e+04 
7.040404e-03 1.573683e+04 1.584305e+04 
1.006061e-02 1.881265e+04 1.890208e+04 
1.308081e-02 2.051722e+04 2.057897e+04 
1.610101e-02 2.121014e+04 2.121552e+04 
1.912121e-02 2.116609e+04 2.108499e+04 
2.214141e-02 2.060738e+04 2.045620e+04 
2.516162e-02 1.971582e+04 1.956956e+04 
2.818182e-02 1.863909e+04 1.859306e+04 
3.120202e-02 1.749205e+04 1.761799e+04 
3.422222e-02 1.635950e+04 1.668372e+04 
3.724242e-02 1.529867e+04 1.580304e+04 
4.026263e-02 1.434281e+04 1.497745e+04 
4.328283e-02 1.350678e+04 1.420450e+04 
4.630303e-02 1.278566e+04 1.348071e+04 
4.932323e-02 1.217203e+04 1.280255e+04 
5.234343e-02 1.165568e+04 1.216674e+04 
5.536364e-02 1.120377e+04 1.157032e+04 
5.838384e-02 1.079282e+04 1.101056e+04 
6.140404e-02 1.041038e+04 1.048497e+04 
6.442424e-02 1.003679e+04 9.991230e+03 
6.744444e-02 9.657342e+03 9.527188e+03 
7.046465e-02 9.264329e+03 9.090840e+03 
7.348485e-02 8.854893e+03 8.680316e+03 
7.650505e-02 8.431700e+03 8.293872e+03 
7.952525e-02 8.001927e+03 7.929885e+03 
8.254545e-02 7.575497e+03 7.586841e+03 
8.556566e-02 7.162056e+03 7.263334e+03 
8.858586e-02 6.769937e+03 6.958054e+03 
9.160606e-02 6.405354e+03 6.669788e+03 
9.462626e-02 6.072957e+03 6.397406e+03 
9.764646e-02 5.775888e+03 6.139863e+03 
1.006667e-01 5.515611e+03 5.896186e+03 
1.036869e-01 5.291630e+03 5.665476e+03 
1.067071e-01 5.100779e+03 5.446895e+03 
1.097273e-01 4.937920e+03 5.239670e+03 
1.127475e-01 4.796149e+03 5.043081e+03 
1.157677e-01 4.668484e+03 4.856460e+03 
1.187879e-01 4.548160e+03 4.679187e+03 
1.218081e-01 4.430007e+03 4.510687e+03 
1.248283e-01 4.309939e+03 4.350425e+03 
1.278485e-01 4.185609e+03 4.197904e+03 
1.308687e-01 4.055638e+03 4.052661e+03 
1.338889e-01 3.920035e+03 3.914266e+03 
1.369091e-01 3.779674e+03 3.782319e+03 
1.399293e-01 3.636603e+03 3.656445e+03 
1.429495e-01 3.493293e+03 3.536298e+03 
1.459697e-01 3.352570e+03 3.421552e+03 
1.489899e-01 3.217038e+03 3.311905e+03 
1.520101e-01 3.089030e+03 3.207073e+03 
1.550303e-01 2.970259e+03 3.106792e+03 
1.580505e-01 2.861970e+03 3.010814e+03 
1.610707e-01 2.764716e+03 2.918909e+03 
1.640909e-01 2.678542e+03 2.830860e+03 
1.671111e-01 2.602543e+03 2.746463e+03 
1.701313e-01 2.535386e+03 2.665529e+03 
1.731515e-01 2.475235e+03 2.587878e+03 
1.761717e-01 2.420172e+03 2.513344e+03 
1.791919e-01 2.368267e+03 2.441768e+03 
1.822121e-01 2.317898e+03 2.373003e+03 
1.852323e-01 2.267787e+03 2.306910e+03 
1.882525e-01 2.216954e+03 2.243357e+03 
1.912727e-01 2.164677e+03 2.182222e+03 
1.942929e-01 2.110617e+03 2.123389e+03 
1.973131e-01 2.054730e+03 2.066747e+03 
2.003333e-01 1.997502e+03 2.012195e+03 
2.033535e-01 1.939643e+03 1.959633e+03 
2.063737e-01 1.882052e+03 1.908972e+03 
2.093939e-01 1.825632e+03 1.860123e+03 
2.124141e-01 1.771211e+03 1.813004e+03 
2.154343e-01 1.719439e+03 1.767539e+03 
2.184545e-01 1.670726e+03 1.723653e+03 
2.214747e-01 1.625346e+03 1.681277e+03 
2.244949e-01 1.583452e+03 1.640344e+03 
2.275152e-01 1.544981e+03 1.600794e+03 
2.305354e-01 1.509713e+03 1.562566e+03 
2.335556e-01 1.477233e+03 1.525605e+03 
2.365758e-01 1.447036e+03 1.489856e+03 
2.395960e-01 1.418565e+03 1.455271e+03 
2.426162e-01 1.391283e+03 1.421799e+03 
2.456364e-01 1.364743e+03 1.389397e+03 
2.486566e-01 1.338560e+03 1.358020e+03 
2.516768e-01 1.312430e+03 1.327628e+03 
2.546970e-01 1.286125e+03 1.298181e+03 
2.577172e-01 1.259501e+03 1.269641e+03 
2.607374e-01 1.232536e+03 1.241973e+03 
2.637576e-01 1.205319e+03 1.215144e+03 
2.667778e-01 1.178064e+03 1.189120e+03 
2.697980e-01 1.151053e+03 1.163872e+03 
2.728182e-01 1.124573e+03 1.139369e+03 
2.758384e-01 1.098884e+03 1.115584e+03 
2.788586e-01 1.074160e+03 1.092490e+03 
2.818788e-01 1.050518e+03 1.070061e+03 
2.848990e-01 1.027994e+03 1.048273e+03 
2.879192e-01 1.006606e+03 1.027102e+03 
2.909394e-01 9.863585e+02 1.006527e+03 
2.939596e-01 9.672188e+02 9.865253e+02 
2.969798e-01 9.491148e+02 9.670774e+02 
3.000000e-01 9.319196e+02 9.481635e+02 
