1.000000e-03 3.967179e+03 3.967176e+03 
4.020202e-03 1.322535e+04 1.333004e+04 
7.040404e-03 1.933393e+04 1.947741e+04 
1.006061e-02 2.310512e+04 2.326584e+04 
1.308081e-02 2.512947e+04 2.531282e+04 
1.610101e-02 2.584003e+04 2.600051e+04 
1.912121e-02 2.558078e+04 2.563169e+04 
2.214141e-02 2.463716e+04 2.454079e+04 
2.516162e-02 2.325209e+04 2.307574e+04 
2.818182e-02 2.162808e+04 2.151132e+04 
3.120202e-02 1.992638e+04 2.000658e+04 
3.422222e-02 1.826829e+04 1.862637e+04 
3.724242e-02 1.673584e+04 1.738265e+04 
4.026263e-02 1.537957e+04 1.626528e+04 
4.328283e-02 1.421762e+04 1.525807e+04 
4.630303e-02 1.324488e+04 1.434518e+04 
4.932323e-02 1.246334e+04 1.351314e+04 
5.234343e-02 1.184590e+04 1.275101e+04 
5.536364e-02 1.134893e+04 1.204996e+04 
5.838384e-02 1.094280e+04 1.140286e+04 
6.140404e-02 1.059693e+04 1.080383e+04 
6.442424e-02 1.028074e+04 1.024795e+04 
6.744444e-02 9.967208e+03 9.731055e+03 
7.046465e-02 9.636317e+03 9.249554e+03 
7.348485e-02 9.275181e+03 8.800309e+03 
7.650505e-02 8.878297e+03 8.380563e+03 
7.952525e-02 8.448039e+03 7.987863e+03 
8.254545e-02 7.992831e+03 7.620018e+03 
8.556566e-02 7.524879e+03 7.275060e+03 
8.858586e-02 7.057612e+03 6.951213e+03 
9.160606e-02 6.604231e+03 6.646869e+03 
9.462626e-02 6.176725e+03 6.360569e+03 
9.764646e-02 5.785365e+03 6.090982e+03 
1.006667e-01 5.437668e+03 5.836898e+03 
1.036869e-01 5.138370e+03 5.597209e+03 
1.067071e-01 4.888097e+03 5.370902e+03 
1.097273e-01 4.684654e+03 5.157047e+03 
1.127475e-01 4.522283e+03 4.954791e+03 
1.157677e-01 4.393771e+03 4.763352e+03 
1.187879e-01 4.290742e+03 4.582009e+03 
1.218081e-01 4.204854e+03 4.410097e+03 
1.248283e-01 4.128067e+03 4.247003e+03 
1.278485e-01 4.053177e+03 4.092164e+03 
1.308687e-01 3.973820e+03 3.945055e+03 
1.338889e-01 3.885275e+03 3.805195e+03 
1.369091e-01 3.784195e+03 3.672136e+03 
1.399293e-01 3.669692e+03 3.545463e+03 
1.429495e-01 3.542411e+03 3.424792e+03 
1.459697e-01 3.404877e+03 3.309766e+03 
1.489899e-01 3.260464e+03 3.200053e+03 
1.520101e-01 3.113222e+03 3.095344e+03 
1.550303e-01 2.967254e+03 2.995353e+03 
1.580505e-01 2.826589e+03 2.899812e+03 
1.610707e-01 2.694794e+03 2.808471e+03 
1.640909e-01 2.574878e+03 2.721098e+03 
1.671111e-01 2.468747e+03 2.637475e+03 
1.701313e-01 2.377331e+03 2.557400e+03 
1.731515e-01 2.300351e+03 2.480682e+03 
1.761717e-01 2.236620e+03 2.407144e+03 
1.791919e-01 2.184235e+03 2.336619e+03 
1.822121e-01 2.140964e+03 2.268951e+03 
1.852323e-01 2.104417e+03 2.203994e+03 
1.882525e-01 2.072141e+03 2.141610e+03 
1.912727e-01 2.041746e+03 2.081670e+03 
1.942929e-01 2.011014e+03 2.024054e+03 
1.973131e-01 1.978044e+03 1.968646e+03 
2.003333e-01 1.941347e+03 1.915340e+03 
2.033535e-01 1.900110e+03 1.864035e+03 
2.063737e-01 1.854085e+03 1.814635e+03 
2.093939e-01 1.803753e+03 1.767051e+03 
2.124141e-01 1.749986e+03 1.721198e+03 
2.154343e-01 1.694027e+03 1.676996e+03 
2.184545e-01 1.637214e+03 1.634370e+03 
2.214747e-01 1.580921e+03 1.593248e+03 
2.244949e-01 1.526425e+03 1.553562e+03 
2.275152e-01 1.474882e+03 1.515250e+03 
2.305354e-01 1.427162e+03 1.478250e+03 
2.335556e-01 1.383897e+03 1.442506e+03 
2.365758e-01 1.345340e+03 1.407964e+03 
2.395960e-01 1.311508e+03 1.374571e+03 
2.426162e-01 1.282108e+03 1.342279e+03 
2.456364e-01 1.256671e+03 1.311043e+03 
2.486566e-01 1.234536e+03 1.280817e+03 
2.516768e-01 1.214928e+03 1.251561e+03 
2.546970e-01 1.196989e+03 1.223235e+03 
2.577172e-01 1.179863e+03 1.195802e+03 
2.607374e-01 1.162736e+03 1.169224e+03 
2.637576e-01 1.144960e+03 1.143469e+03 
2.667778e-01 1.126046e+03 1.118504e+03 
2.697980e-01 1.105754e+03 1.094298e+03 
2.728182e-01 1.084029e+03 1.070822e+03 
2.758384e-01 1.060992e+03 1.048047e+03 
2.788586e-01 1.036890e+03 1.025947e+03 
2.818788e-01 1.012051e+03 1.004497e+03 
2.848990e-01 9.868563e+02 9.836714e+02 
2.879192e-01 9.617162e+02 9.634476e+02 
2.909394e-01 9.370703e+02 9.438035e+02 
2.939596e-01 9.133342e+02 9.247177e+02 
2.969798e-01 8.908697e+02 9.061700e+02 
3.000000e-01 8.699314e+02 8.881411e+02 
