1.000000e-03 5.102375e+03 5.102370e+03 
4.020202e-03 1.703307e+04 1.716930e+04 
7.040404e-03 2.471389e+04 2.490497e+04 
1.006061e-02 2.925363e+04 2.949529e+04 
1.308081e-02 3.146618e+04 3.177637e+04 
1.610101e-02 3.194619e+04 3.224659e+04 
1.912121e-02 3.116825e+04 3.130878e+04 
2.214141e-02 2.952940e+04 2.943571e+04 
2.516162e-02 2.736728e+04 2.713211e+04 
2.818182e-02 2.496055e+04 2.479173e+04 
3.120202e-02 2.252814e+04 2.262945e+04 
3.422222e-02 2.022788e+04 2.071749e+04 
3.724242e-02 1.816153e+04 1.905204e+04 
4.026263e-02 1.638521e+04 1.760133e+04 
4.328283e-02 1.490401e+04 1.632923e+04 
4.630303e-02 1.371280e+04 1.520397e+04 
4.932323e-02 1.280085e+04 1.419995e+04 
5.234343e-02 1.211005e+04 1.329720e+04 
5.536364e-02 1.159065e+04 1.248018e+04 
5.838384e-02 1.119743e+04 1.173671e+04 
6.140404e-02 1.087842e+04 1.105710e+04 
6.442424e-02 1.059348e+04 1.043350e+04 
6.744444e-02 1.030892e+04 9.859459e+03 
7.046465e-02 9.996503e+03 9.329581e+03 
7.348485e-02 9.636859e+03 8.839291e+03 
7.650505e-02 9.220843e+03 8.384662e+03 
7.952525e-02 8.749807e+03 7.962293e+03 
8.254545e-02 8.234896e+03 7.569210e+03 
8.556566e-02 7.693687e+03 7.202795e+03 
8.858586e-02 7.146573e+03 6.860730e+03 
9.160606e-02 6.613922e+03 6.540951e+03 
9.462626e-02 6.113815e+03 6.241612e+03 
9.764646e-02 5.660628e+03 5.961056e+03 
1.006667e-01 5.264690e+03 5.697794e+03 
1.036869e-01 4.930698e+03 5.450478e+03 
1.067071e-01 4.659456e+03 5.217889e+03 
1.097273e-01 4.447255e+03 4.998922e+03 
1.127475e-01 4.287726e+03 4.792572e+03 
1.157677e-01 4.171879e+03 4.597922e+03 
1.187879e-01 4.089536e+03 4.414137e+03 
1.218081e-01 4.029814e+03 4.240453e+03 
1.248283e-01 3.981626e+03 4.076170e+03 
1.278485e-01 3.934529e+03 3.920647e+03 
1.308687e-01 3.879661e+03 3.773295e+03 
1.338889e-01 3.810383e+03 3.633573e+03 
1.369091e-01 3.722458e+03 3.500984e+03 
1.399293e-01 3.614574e+03 3.375066e+03 
1.429495e-01 3.487381e+03 3.255397e+03 
1.459697e-01 3.343610e+03 3.141585e+03 
1.489899e-01 3.187315e+03 3.033269e+03 
1.520101e-01 3.023945e+03 2.930112e+03 
1.550303e-01 2.859655e+03 2.831804e+03 
1.580505e-01 2.700848e+03 2.738057e+03 
1.610707e-01 2.553001e+03 2.648603e+03 
1.640909e-01 2.420446e+03 2.563194e+03 
1.671111e-01 2.305566e+03 2.481598e+03 
1.701313e-01 2.209193e+03 2.403599e+03 
1.731515e-01 2.130709e+03 2.328996e+03 
1.761717e-01 2.068681e+03 2.257603e+03 
1.791919e-01 2.021151e+03 2.189243e+03 
1.822121e-01 1.985640e+03 2.123754e+03 
1.852323e-01 1.959308e+03 2.060983e+03 
1.882525e-01 1.938907e+03 2.000786e+03 
1.912727e-01 1.920991e+03 1.943029e+03 
1.942929e-01 1.902110e+03 1.887588e+03 
1.973131e-01 1.879456e+03 1.834343e+03 
2.003333e-01 1.850910e+03 1.783185e+03 
2.033535e-01 1.815485e+03 1.734010e+03 
2.063737e-01 1.772973e+03 1.686719e+03 
2.093939e-01 1.723911e+03 1.641221e+03 
2.124141e-01 1.669387e+03 1.597430e+03 
2.154343e-01 1.610840e+03 1.555264e+03 
2.184545e-01 1.550015e+03 1.514646e+03 
2.214747e-01 1.488798e+03 1.475504e+03 
2.244949e-01 1.429172e+03 1.437770e+03 
2.275152e-01 1.372871e+03 1.401379e+03 
2.305354e-01 1.321328e+03 1.366271e+03 
2.335556e-01 1.275414e+03 1.332387e+03 
2.365758e-01 1.235611e+03 1.299674e+03 
2.395960e-01 1.201913e+03 1.268079e+03 
2.426162e-01 1.174003e+03 1.237555e+03 
2.456364e-01 1.151254e+03 1.208054e+03 
2.486566e-01 1.132831e+03 1.179533e+03 
2.516768e-01 1.117737e+03 1.151951e+03 
2.546970e-01 1.104795e+03 1.125268e+03 
2.577172e-01 1.092818e+03 1.099447e+03 
2.607374e-01 1.080692e+03 1.074452e+03 
2.637576e-01 1.067490e+03 1.050250e+03 
2.667778e-01 1.052498e+03 1.026807e+03 
2.697980e-01 1.035353e+03 1.004095e+03 
2.728182e-01 1.015915e+03 9.820840e+02 
2.758384e-01 9.942790e+02 9.607459e+02 
2.788586e-01 9.707044e+02 9.400548e+02 
2.818788e-01 9.456132e+02 9.199855e+02 
2.848990e-01 9.195623e+02 9.005143e+02 
2.879192e-01 8.931878e+02 8.816184e+02 
2.909394e-01 8.671544e+02 8.632759e+02 
2.939596e-01 8.420953e+02 8.454663e+02 
2.969798e-01 8.185633e+02 8.281697e+02 
3.000000e-01 7.969369e+02 8.113672e+02 
