1.000000e-03 2.273494e+03 2.273492e+03 
4.020202e-03 7.681640e+03 7.745838e+03 
7.040404e-03 1.127543e+04 1.134560e+04 
1.006061e-02 1.355659e+04 1.357822e+04 
1.308081e-02 1.490535e+04 1.485429e+04 
1.610101e-02 1.558948e+04 1.546058e+04 
1.912121e-02 1.580217e+04 1.561070e+04 
2.214141e-02 1.568713e+04 1.546835e+04 
2.516162e-02 1.535367e+04 1.514887e+04 
2.818182e-02 1.488382e+04 1.472570e+04 
3.120202e-02 1.433849e+04 1.424374e+04 
3.422222e-02 1.376095e+04 1.373085e+04 
3.724242e-02 1.317987e+04 1.320498e+04 
4.026263e-02 1.261415e+04 1.267803e+04 
4.328283e-02 1.206753e+04 1.215804e+04 
4.630303e-02 1.154597e+04 1.165035e+04 
4.932323e-02 1.106086e+04 1.115847e+04 
5.234343e-02 1.059872e+04 1.068461e+04 
5.536364e-02 1.014911e+04 1.023002e+04 
5.838384e-02 9.716420e+03 9.795278e+03 
6.140404e-02 9.301393e+03 9.380486e+03 
6.442424e-02 8.900898e+03 8.985414e+03 
6.744444e-02 8.513850e+03 8.609597e+03 
7.046465e-02 8.140675e+03 8.252417e+03 
7.348485e-02 7.783115e+03 7.913155e+03 
7.650505e-02 7.443444e+03 7.591034e+03 
7.952525e-02 7.123761e+03 7.285248e+03 
8.254545e-02 6.825429e+03 6.994984e+03 
8.556566e-02 6.547492e+03 6.719436e+03 
8.858586e-02 6.288273e+03 6.457818e+03 
9.160606e-02 6.045544e+03 6.209366e+03 
9.462626e-02 5.817580e+03 5.973349e+03 
9.764646e-02 5.603623e+03 5.749068e+03 
1.006667e-01 5.402616e+03 5.535859e+03 
1.036869e-01 5.213003e+03 5.333091e+03 
1.067071e-01 5.032777e+03 5.140170e+03 
1.097273e-01 4.859631e+03 4.956534e+03 
1.127475e-01 4.692006e+03 4.781655e+03 
1.157677e-01 4.528974e+03 4.615035e+03 
1.187879e-01 4.370741e+03 4.456207e+03 
1.218081e-01 4.218001e+03 4.304733e+03 
1.248283e-01 4.071322e+03 4.160202e+03 
1.278485e-01 3.931219e+03 4.022226e+03 
1.308687e-01 3.797921e+03 3.890445e+03 
1.338889e-01 3.671436e+03 3.764518e+03 
1.369091e-01 3.551666e+03 3.644126e+03 
1.399293e-01 3.438335e+03 3.528971e+03 
1.429495e-01 3.331107e+03 3.418771e+03 
1.459697e-01 3.229459e+03 3.313265e+03 
1.489899e-01 3.132814e+03 3.212204e+03 
1.520101e-01 3.040671e+03 3.115356e+03 
1.550303e-01 2.952588e+03 3.022504e+03 
1.580505e-01 2.868153e+03 2.933442e+03 
1.610707e-01 2.787004e+03 2.847977e+03 
1.640909e-01 2.708792e+03 2.765930e+03 
1.671111e-01 2.633211e+03 2.687128e+03 
1.701313e-01 2.559980e+03 2.611412e+03 
1.731515e-01 2.489020e+03 2.538630e+03 
1.761717e-01 2.420406e+03 2.468640e+03 
1.791919e-01 2.354199e+03 2.401307e+03 
1.822121e-01 2.290433e+03 2.336506e+03 
1.852323e-01 2.229118e+03 2.274116e+03 
1.882525e-01 2.170173e+03 2.214025e+03 
1.912727e-01 2.113490e+03 2.156125e+03 
1.942929e-01 2.059011e+03 2.100318e+03 
1.973131e-01 2.006715e+03 2.046506e+03 
2.003333e-01 1.956529e+03 1.994601e+03 
2.033535e-01 1.908290e+03 1.944516e+03 
2.063737e-01 1.861832e+03 1.896172e+03 
2.093939e-01 1.817003e+03 1.849493e+03 
2.124141e-01 1.773660e+03 1.804404e+03 
2.154343e-01 1.731707e+03 1.760839e+03 
2.184545e-01 1.691080e+03 1.718732e+03 
2.214747e-01 1.651720e+03 1.678021e+03 
2.244949e-01 1.613573e+03 1.638647e+03 
2.275152e-01 1.576590e+03 1.600556e+03 
2.305354e-01 1.540724e+03 1.563693e+03 
2.335556e-01 1.505933e+03 1.528009e+03 
2.365758e-01 1.472211e+03 1.493457e+03 
2.395960e-01 1.439570e+03 1.459989e+03 
2.426162e-01 1.408002e+03 1.427564e+03 
2.456364e-01 1.377452e+03 1.396140e+03 
2.486566e-01 1.347862e+03 1.365678e+03 
2.516768e-01 1.319165e+03 1.336140e+03 
2.546970e-01 1.291295e+03 1.307491e+03 
2.577172e-01 1.264236e+03 1.279696e+03 
2.607374e-01 1.238003e+03 1.252724e+03 
2.637576e-01 1.212589e+03 1.226543e+03 
2.667778e-01 1.187943e+03 1.201124e+03 
2.697980e-01 1.164011e+03 1.176439e+03 
2.728182e-01 1.140736e+03 1.152460e+03 
2.758384e-01 1.118065e+03 1.129163e+03 
2.788586e-01 1.095981e+03 1.106521e+03 
2.818788e-01 1.074492e+03 1.084513e+03 
2.848990e-01 1.053598e+03 1.063114e+03 
2.879192e-01 1.033289e+03 1.042304e+03 
2.909394e-01 1.013549e+03 1.022063e+03 
2.939596e-01 9.943449e+02 1.002369e+03 
2.969798e-01 9.756400e+02 9.832049e+02 
3.000000e-01 9.574127e+02 9.645518e+02 
