1.000000e-03 5.608545e+03 5.608540e+03 
4.020202e-03 1.867158e+04 1.882044e+04 
7.040404e-03 2.720917e+04 2.742779e+04 
1.006061e-02 3.237214e+04 3.266525e+04 
1.308081e-02 3.499367e+04 3.539869e+04 
1.610101e-02 3.568933e+04 3.613263e+04 
1.912121e-02 3.495594e+04 3.525087e+04 
2.214141e-02 3.321513e+04 3.321576e+04 
2.516162e-02 3.083425e+04 3.057341e+04 
2.818182e-02 2.812376e+04 2.780422e+04 
3.120202e-02 2.533349e+04 2.520769e+04 
3.422222e-02 2.265092e+04 2.290697e+04 
3.724242e-02 2.020317e+04 2.091605e+04 
4.026263e-02 1.806656e+04 1.920147e+04 
4.328283e-02 1.626086e+04 1.771780e+04 
4.630303e-02 1.478690e+04 1.642264e+04 
4.932323e-02 1.363899e+04 1.528101e+04 
5.234343e-02 1.276624e+04 1.426546e+04 
5.536364e-02 1.211528e+04 1.335473e+04 
5.838384e-02 1.163764e+04 1.253236e+04 
6.140404e-02 1.128376e+04 1.178547e+04 
6.442424e-02 1.100461e+04 1.110383e+04 
6.744444e-02 1.075632e+04 1.047920e+04 
7.046465e-02 1.050242e+04 9.904799e+03 
7.348485e-02 1.021383e+04 9.375011e+03 
7.650505e-02 9.870872e+03 8.885088e+03 
7.952525e-02 9.464329e+03 8.430983e+03 
8.254545e-02 8.995949e+03 8.009205e+03 
8.556566e-02 8.476546e+03 7.616720e+03 
8.858586e-02 7.922946e+03 7.250867e+03 
9.160606e-02 7.355553e+03 6.909301e+03 
9.462626e-02 6.795767e+03 6.589939e+03 
9.764646e-02 6.263371e+03 6.290928e+03 
1.006667e-01 5.775347e+03 6.010608e+03 
1.036869e-01 5.343801e+03 5.747487e+03 
1.067071e-01 4.976456e+03 5.500222e+03 
1.097273e-01 4.674880e+03 5.267599e+03 
1.127475e-01 4.437070e+03 5.048517e+03 
1.157677e-01 4.257177e+03 4.841977e+03 
1.187879e-01 4.127541e+03 4.647070e+03 
1.218081e-01 4.038902e+03 4.462966e+03 
1.248283e-01 3.981009e+03 4.288908e+03 
1.278485e-01 3.943019e+03 4.124203e+03 
1.308687e-01 3.913945e+03 3.968215e+03 
1.338889e-01 3.883414e+03 3.820361e+03 
1.369091e-01 3.842594e+03 3.680105e+03 
1.399293e-01 3.784799e+03 3.546952e+03 
1.429495e-01 3.705776e+03 3.420448e+03 
1.459697e-01 3.604075e+03 3.300173e+03 
1.489899e-01 3.480293e+03 3.185739e+03 
1.520101e-01 3.337364e+03 3.076787e+03 
1.550303e-01 3.179646e+03 2.972985e+03 
1.580505e-01 3.013125e+03 2.874024e+03 
1.610707e-01 2.844305e+03 2.779619e+03 
1.640909e-01 2.679901e+03 2.689504e+03 
1.671111e-01 2.525695e+03 2.603433e+03 
1.701313e-01 2.386452e+03 2.521174e+03 
1.731515e-01 2.264880e+03 2.442515e+03 
1.761717e-01 2.162394e+03 2.367255e+03 
1.791919e-01 2.078904e+03 2.295208e+03 
1.822121e-01 2.013442e+03 2.226200e+03 
1.852323e-01 1.964301e+03 2.160069e+03 
1.882525e-01 1.929199e+03 2.096662e+03 
1.912727e-01 1.905437e+03 2.035837e+03 
1.942929e-01 1.889742e+03 1.977460e+03 
1.973131e-01 1.878619e+03 1.921406e+03 
2.003333e-01 1.868435e+03 1.867559e+03 
2.033535e-01 1.855936e+03 1.815806e+03 
2.063737e-01 1.838343e+03 1.766045e+03 
2.093939e-01 1.813854e+03 1.718179e+03 
2.124141e-01 1.781391e+03 1.672115e+03 
2.154343e-01 1.740875e+03 1.627767e+03 
2.184545e-01 1.692832e+03 1.585054e+03 
2.214747e-01 1.638420e+03 1.543900e+03 
2.244949e-01 1.579261e+03 1.504231e+03 
2.275152e-01 1.517301e+03 1.465980e+03 
2.305354e-01 1.454644e+03 1.429082e+03 
2.335556e-01 1.393374e+03 1.393476e+03 
2.365758e-01 1.335371e+03 1.359104e+03 
2.395960e-01 1.282165e+03 1.325913e+03 
2.426162e-01 1.234832e+03 1.293850e+03 
2.456364e-01 1.193960e+03 1.262866e+03 
2.486566e-01 1.159743e+03 1.232915e+03 
2.516768e-01 1.131932e+03 1.203953e+03 
2.546970e-01 1.110002e+03 1.175939e+03 
2.577172e-01 1.093084e+03 1.148833e+03 
2.607374e-01 1.080139e+03 1.122598e+03 
2.637576e-01 1.069981e+03 1.097197e+03 
2.667778e-01 1.061384e+03 1.072597e+03 
2.697980e-01 1.053134e+03 1.048766e+03 
2.728182e-01 1.044167e+03 1.025673e+03 
2.758384e-01 1.033575e+03 1.003288e+03 
2.788586e-01 1.020703e+03 9.815847e+02 
2.818788e-01 1.005145e+03 9.605360e+02 
2.848990e-01 9.867541e+02 9.401166e+02 
2.879192e-01 9.656680e+02 9.203026e+02 
2.909394e-01 9.422241e+02 9.010710e+02 
2.939596e-01 9.169821e+02 8.823999e+02 
2.969798e-01 8.906015e+02 8.642685e+02 
3.000000e-01 8.638247e+02 8.466568e+02 
