1.000000e-03 5.762112e+03 5.762106e+03 
4.020202e-03 1.895996e+04 1.911129e+04 
7.040404e-03 2.741419e+04 2.763023e+04 
1.006061e-02 3.240948e+04 3.269021e+04 
1.308081e-02 3.484385e+04 3.521746e+04 
1.610101e-02 3.536881e+04 3.575224e+04 
1.912121e-02 3.449995e+04 3.471681e+04 
2.214141e-02 3.267063e+04 3.260998e+04 
2.516162e-02 3.025032e+04 2.998608e+04 
2.818182e-02 2.754692e+04 2.729913e+04 
3.120202e-02 2.480330e+04 2.481017e+04 
3.422222e-02 2.219727e+04 2.261382e+04 
3.724242e-02 1.984524e+04 2.071059e+04 
4.026263e-02 1.781317e+04 1.906405e+04 
4.328283e-02 1.611066e+04 1.763074e+04 
4.630303e-02 1.473479e+04 1.637177e+04 
4.932323e-02 1.367524e+04 1.525560e+04 
5.234343e-02 1.287180e+04 1.425764e+04 
5.536364e-02 1.227170e+04 1.335882e+04 
5.838384e-02 1.182650e+04 1.254433e+04 
6.140404e-02 1.148068e+04 1.180244e+04 
6.442424e-02 1.118780e+04 1.112377e+04 
6.744444e-02 1.090825e+04 1.050069e+04 
7.046465e-02 1.060872e+04 9.926864e+03 
7.348485e-02 1.026437e+04 9.396966e+03 
7.650505e-02 9.860890e+03 8.906477e+03 
7.952525e-02 9.395143e+03 8.451505e+03 
8.254545e-02 8.874713e+03 8.028673e+03 
8.556566e-02 8.315300e+03 7.635026e+03 
8.858586e-02 7.737072e+03 7.267958e+03 
9.160606e-02 7.161785e+03 6.925165e+03 
9.462626e-02 6.610360e+03 6.604591e+03 
9.764646e-02 6.100473e+03 6.304400e+03 
1.006667e-01 5.646009e+03 6.022946e+03 
1.036869e-01 5.254992e+03 5.758743e+03 
1.067071e-01 4.931124e+03 5.510454e+03 
1.097273e-01 4.672580e+03 5.276864e+03 
1.127475e-01 4.474449e+03 5.056875e+03 
1.157677e-01 4.328833e+03 4.849486e+03 
1.187879e-01 4.226109e+03 4.653786e+03 
1.218081e-01 4.155507e+03 4.468943e+03 
1.248283e-01 4.105586e+03 4.294198e+03 
1.278485e-01 4.065006e+03 4.128854e+03 
1.308687e-01 4.023136e+03 3.972273e+03 
1.338889e-01 3.971099e+03 3.823868e+03 
1.369091e-01 3.902078e+03 3.683102e+03 
1.399293e-01 3.812385e+03 3.549477e+03 
1.429495e-01 3.700578e+03 3.422536e+03 
1.459697e-01 3.567919e+03 3.301857e+03 
1.489899e-01 3.417323e+03 3.187049e+03 
1.520101e-01 3.253446e+03 3.077752e+03 
1.550303e-01 3.082252e+03 2.973630e+03 
1.580505e-01 2.910499e+03 2.874375e+03 
1.610707e-01 2.744751e+03 2.779698e+03 
1.640909e-01 2.590840e+03 2.689332e+03 
1.671111e-01 2.453034e+03 2.603028e+03 
1.701313e-01 2.333895e+03 2.520556e+03 
1.731515e-01 2.234244e+03 2.441700e+03 
1.761717e-01 2.153508e+03 2.366258e+03 
1.791919e-01 2.090292e+03 2.294045e+03 
1.822121e-01 2.042588e+03 2.224884e+03 
1.852323e-01 2.007942e+03 2.158611e+03 
1.882525e-01 1.983367e+03 2.095075e+03 
1.912727e-01 1.965438e+03 2.034131e+03 
1.942929e-01 1.950463e+03 1.975646e+03 
1.973131e-01 1.934882e+03 1.919492e+03 
2.003333e-01 1.915546e+03 1.865553e+03 
2.033535e-01 1.890202e+03 1.813718e+03 
2.063737e-01 1.857479e+03 1.763881e+03 
2.093939e-01 1.816940e+03 1.715946e+03 
2.124141e-01 1.768988e+03 1.669819e+03 
2.154343e-01 1.714576e+03 1.625415e+03 
2.184545e-01 1.655162e+03 1.582651e+03 
2.214747e-01 1.592508e+03 1.541451e+03 
2.244949e-01 1.528691e+03 1.501741e+03 
2.275152e-01 1.465796e+03 1.463453e+03 
2.305354e-01 1.405823e+03 1.426522e+03 
2.335556e-01 1.350349e+03 1.390887e+03 
2.365758e-01 1.300580e+03 1.356490e+03 
2.395960e-01 1.257168e+03 1.323277e+03 
2.426162e-01 1.220345e+03 1.291194e+03 
2.456364e-01 1.189915e+03 1.260194e+03 
2.486566e-01 1.165340e+03 1.230230e+03 
2.516768e-01 1.145838e+03 1.201258e+03 
2.546970e-01 1.130376e+03 1.173235e+03 
2.577172e-01 1.117802e+03 1.146122e+03 
2.607374e-01 1.106861e+03 1.119882e+03 
2.637576e-01 1.096338e+03 1.094478e+03 
2.667778e-01 1.085106e+03 1.069877e+03 
2.697980e-01 1.072311e+03 1.046046e+03 
2.728182e-01 1.057320e+03 1.022955e+03 
2.758384e-01 1.039810e+03 1.000574e+03 
2.788586e-01 1.019695e+03 9.788747e+02 
2.818788e-01 9.971372e+02 9.578316e+02 
2.848990e-01 9.725113e+02 9.374189e+02 
2.879192e-01 9.463365e+02 9.176125e+02 
2.909394e-01 9.192626e+02 8.983895e+02 
2.939596e-01 8.919922e+02 8.797279e+02 
2.969798e-01 8.652585e+02 8.616067e+02 
3.000000e-01 8.397118e+02 8.440059e+02 
