1.000000e-03 5.662239e+03 5.662234e+03 
4.020202e-03 1.866130e+04 1.881116e+04 
7.040404e-03 2.694584e+04 2.715679e+04 
1.006061e-02 3.180407e+04 3.207158e+04 
1.308081e-02 3.414109e+04 3.448796e+04 
1.610101e-02 3.461045e+04 3.495403e+04 
1.912121e-02 3.372588e+04 3.390206e+04 
2.214141e-02 3.191583e+04 3.183432e+04 
2.516162e-02 2.954392e+04 2.929295e+04 
2.818182e-02 2.690965e+04 2.670868e+04 
3.120202e-02 2.424800e+04 2.432139e+04 
3.422222e-02 2.172957e+04 2.221387e+04 
3.724242e-02 1.946434e+04 2.038314e+04 
4.026263e-02 1.751371e+04 1.879381e+04 
4.328283e-02 1.588510e+04 1.740509e+04 
4.630303e-02 1.457039e+04 1.618085e+04 
4.932323e-02 1.356076e+04 1.509195e+04 
5.234343e-02 1.279711e+04 1.411563e+04 
5.536364e-02 1.222385e+04 1.323422e+04 
5.838384e-02 1.179346e+04 1.243391e+04 
6.140404e-02 1.145049e+04 1.170375e+04 
6.442424e-02 1.115110e+04 1.103490e+04 
6.744444e-02 1.085893e+04 1.042015e+04 
7.046465e-02 1.054240e+04 9.853446e+03 
7.348485e-02 1.017921e+04 9.329721e+03 
7.650505e-02 9.757191e+03 8.844622e+03 
7.952525e-02 9.275053e+03 8.394396e+03 
8.254545e-02 8.742856e+03 7.975772e+03 
8.556566e-02 8.177746e+03 7.585880e+03 
8.858586e-02 7.600720e+03 7.222183e+03 
9.160606e-02 7.033775e+03 6.882430e+03 
9.462626e-02 6.496344e+03 6.564611e+03 
9.764646e-02 6.004732e+03 6.266927e+03 
1.006667e-01 5.570798e+03 5.987761e+03 
1.036869e-01 5.201123e+03 5.725656e+03 
1.067071e-01 4.897612e+03 5.479292e+03 
1.097273e-01 4.657533e+03 5.247478e+03 
1.127475e-01 4.475296e+03 5.029128e+03 
1.157677e-01 4.342183e+03 4.823256e+03 
1.187879e-01 4.248073e+03 4.628964e+03 
1.218081e-01 4.181644e+03 4.445429e+03 
1.248283e-01 4.131384e+03 4.271901e+03 
1.278485e-01 4.085984e+03 4.107693e+03 
1.308687e-01 4.035727e+03 3.952172e+03 
1.338889e-01 3.972547e+03 3.804759e+03 
1.369091e-01 3.891340e+03 3.664922e+03 
1.399293e-01 3.789332e+03 3.532168e+03 
1.429495e-01 3.666353e+03 3.406044e+03 
1.459697e-01 3.524333e+03 3.286133e+03 
1.489899e-01 3.366831e+03 3.172048e+03 
1.520101e-01 3.199151e+03 3.063431e+03 
1.550303e-01 3.027432e+03 2.959952e+03 
1.580505e-01 2.858450e+03 2.861302e+03 
1.610707e-01 2.698402e+03 2.767196e+03 
1.640909e-01 2.552492e+03 2.677371e+03 
1.671111e-01 2.423966e+03 2.591579e+03 
1.701313e-01 2.314524e+03 2.509590e+03 
1.731515e-01 2.224072e+03 2.431193e+03 
1.761717e-01 2.151639e+03 2.356186e+03 
1.791919e-01 2.095464e+03 2.284385e+03 
1.822121e-01 2.053303e+03 2.215615e+03 
1.852323e-01 2.022447e+03 2.149715e+03 
1.882525e-01 1.999675e+03 2.086532e+03 
1.912727e-01 1.981470e+03 2.025924e+03 
1.942929e-01 1.964178e+03 1.967759e+03 
1.973131e-01 1.944466e+03 1.911910e+03 
2.003333e-01 1.919732e+03 1.858261e+03 
2.033535e-01 1.888307e+03 1.806702e+03 
2.063737e-01 1.849468e+03 1.757130e+03 
2.093939e-01 1.803360e+03 1.709446e+03 
2.124141e-01 1.750695e+03 1.663560e+03 
2.154343e-01 1.692747e+03 1.619386e+03 
2.184545e-01 1.631113e+03 1.576841e+03 
2.214747e-01 1.567730e+03 1.535851e+03 
2.244949e-01 1.504631e+03 1.496342e+03 
2.275152e-01 1.443849e+03 1.458246e+03 
2.305354e-01 1.387046e+03 1.421499e+03 
2.335556e-01 1.335548e+03 1.386040e+03 
2.365758e-01 1.290099e+03 1.351812e+03 
2.395960e-01 1.251048e+03 1.318760e+03 
2.426162e-01 1.218273e+03 1.286832e+03 
2.456364e-01 1.191358e+03 1.255981e+03 
2.486566e-01 1.169636e+03 1.226159e+03 
2.516768e-01 1.152165e+03 1.197324e+03 
2.546970e-01 1.137853e+03 1.169432e+03 
2.577172e-01 1.125463e+03 1.142446e+03 
2.607374e-01 1.113773e+03 1.116327e+03 
2.637576e-01 1.101645e+03 1.091040e+03 
2.667778e-01 1.088189e+03 1.066551e+03 
2.697980e-01 1.072754e+03 1.042828e+03 
2.728182e-01 1.055016e+03 1.019840e+03 
2.758384e-01 1.034857e+03 9.975590e+02 
2.788586e-01 1.012407e+03 9.759563e+02 
2.818788e-01 9.879611e+02 9.550057e+02 
2.848990e-01 9.619880e+02 9.346822e+02 
2.879192e-01 9.350765e+02 9.149617e+02 
2.909394e-01 9.078976e+02 8.958215e+02 
2.939596e-01 8.811656e+02 8.772397e+02 
2.969798e-01 8.555505e+02 8.591954e+02 
3.000000e-01 8.315714e+02 8.416689e+02 
