1.000000e-03 3.653871e+03 3.653868e+03 
4.020202e-03 1.246919e+04 1.256737e+04 
7.040404e-03 1.839930e+04 1.853518e+04 
1.006061e-02 2.211488e+04 2.226995e+04 
1.308081e-02 2.414803e+04 2.432816e+04 
1.610101e-02 2.490230e+04 2.506079e+04 
1.912121e-02 2.470257e+04 2.475356e+04 
2.214141e-02 2.382673e+04 2.373130e+04 
2.516162e-02 2.251033e+04 2.233605e+04 
2.818182e-02 2.095299e+04 2.083866e+04 
3.120202e-02 1.931452e+04 1.939584e+04 
3.422222e-02 1.771477e+04 1.807151e+04 
3.724242e-02 1.623577e+04 1.687764e+04 
4.026263e-02 1.492828e+04 1.580462e+04 
4.328283e-02 1.380887e+04 1.483686e+04 
4.630303e-02 1.287498e+04 1.395917e+04 
4.932323e-02 1.212930e+04 1.315865e+04 
5.234343e-02 1.154160e+04 1.242482e+04 
5.536364e-02 1.107090e+04 1.174928e+04 
5.838384e-02 1.068744e+04 1.112523e+04 
6.140404e-02 1.036131e+04 1.054707e+04 
6.442424e-02 1.006248e+04 1.001016e+04 
6.744444e-02 9.763523e+03 9.510524e+03 
7.046465e-02 9.444746e+03 9.044763e+03 
7.348485e-02 9.093755e+03 8.609903e+03 
7.650505e-02 8.705528e+03 8.203323e+03 
7.952525e-02 8.282955e+03 7.822695e+03 
8.254545e-02 7.835125e+03 7.465937e+03 
8.556566e-02 7.374469e+03 7.131176e+03 
8.858586e-02 6.914728e+03 6.816722e+03 
9.160606e-02 6.469199e+03 6.521042e+03 
9.462626e-02 6.049830e+03 6.242743e+03 
9.764646e-02 5.667106e+03 5.980556e+03 
1.006667e-01 5.328308e+03 5.733323e+03 
1.036869e-01 5.038105e+03 5.499986e+03 
1.067071e-01 4.796867e+03 5.279572e+03 
1.097273e-01 4.602092e+03 5.071193e+03 
1.127475e-01 4.447793e+03 4.874031e+03 
1.157677e-01 4.326500e+03 4.687334e+03 
1.187879e-01 4.229699e+03 4.510410e+03 
1.218081e-01 4.149044e+03 4.342620e+03 
1.248283e-01 4.076491e+03 4.183376e+03 
1.278485e-01 4.004800e+03 4.032133e+03 
1.308687e-01 3.927689e+03 3.888390e+03 
1.338889e-01 3.840462e+03 3.751679e+03 
1.369091e-01 3.740202e+03 3.621571e+03 
1.399293e-01 3.625903e+03 3.497666e+03 
1.429495e-01 3.498713e+03 3.379592e+03 
1.459697e-01 3.361193e+03 3.267004e+03 
1.489899e-01 3.216997e+03 3.159582e+03 
1.520101e-01 3.070208e+03 3.057029e+03 
1.550303e-01 2.925162e+03 2.959066e+03 
1.580505e-01 2.785948e+03 2.865435e+03 
1.610707e-01 2.656239e+03 2.775894e+03 
1.640909e-01 2.538845e+03 2.690218e+03 
1.671111e-01 2.435759e+03 2.608196e+03 
1.701313e-01 2.347501e+03 2.529632e+03 
1.731515e-01 2.273708e+03 2.454342e+03 
1.761717e-01 2.212984e+03 2.382153e+03 
1.791919e-01 2.163435e+03 2.312904e+03 
1.822121e-01 2.122707e+03 2.246443e+03 
1.852323e-01 2.088343e+03 2.182628e+03 
1.882525e-01 2.057848e+03 2.121326e+03 
1.912727e-01 2.028777e+03 2.062412e+03 
1.942929e-01 1.998841e+03 2.005767e+03 
1.973131e-01 1.966175e+03 1.951281e+03 
2.003333e-01 1.929389e+03 1.898850e+03 
2.033535e-01 1.887750e+03 1.848375e+03 
2.063737e-01 1.841209e+03 1.799763e+03 
2.093939e-01 1.790306e+03 1.752928e+03 
2.124141e-01 1.736056e+03 1.707786e+03 
2.154343e-01 1.679719e+03 1.664261e+03 
2.184545e-01 1.622732e+03 1.622278e+03 
2.214747e-01 1.566517e+03 1.581768e+03 
2.244949e-01 1.512388e+03 1.542666e+03 
2.275152e-01 1.461464e+03 1.504909e+03 
2.305354e-01 1.414642e+03 1.468437e+03 
2.335556e-01 1.372445e+03 1.433197e+03 
2.365758e-01 1.335122e+03 1.399134e+03 
2.395960e-01 1.302568e+03 1.366199e+03 
2.426162e-01 1.274467e+03 1.334343e+03 
2.456364e-01 1.250255e+03 1.303523e+03 
2.486566e-01 1.229229e+03 1.273695e+03 
2.516768e-01 1.210567e+03 1.244818e+03 
2.546970e-01 1.193382e+03 1.216854e+03 
2.577172e-01 1.176776e+03 1.189766e+03 
2.607374e-01 1.159950e+03 1.163518e+03 
2.637576e-01 1.142240e+03 1.138079e+03 
2.667778e-01 1.123233e+03 1.113415e+03 
2.697980e-01 1.102716e+03 1.089497e+03 
2.728182e-01 1.080694e+03 1.066296e+03 
2.758384e-01 1.057338e+03 1.043785e+03 
2.788586e-01 1.032934e+03 1.021937e+03 
2.818788e-01 1.007838e+03 1.000727e+03 
2.848990e-01 9.824515e+02 9.801323e+02 
2.879192e-01 9.572318e+02 9.601292e+02 
2.909394e-01 9.326315e+02 9.406962e+02 
2.939596e-01 9.090761e+02 9.218126e+02 
2.969798e-01 8.869069e+02 9.034585e+02 
3.000000e-01 8.663797e+02 8.856150e+02 
