1.000000e-03 3.833978e+03 3.833975e+03 
4.020202e-03 1.287950e+04 1.307651e+04 
7.040404e-03 1.888467e+04 1.931805e+04 
1.006061e-02 2.260679e+04 2.333888e+04 
1.308081e-02 2.461196e+04 2.579506e+04 
1.610101e-02 2.532114e+04 2.715534e+04 
1.912121e-02 2.506925e+04 2.775594e+04 
2.214141e-02 2.414033e+04 2.783920e+04 
2.516162e-02 2.277364e+04 2.757482e+04 
2.818182e-02 2.117092e+04 2.707864e+04 
3.120202e-02 1.949294e+04 2.642978e+04 
3.422222e-02 1.785974e+04 2.568315e+04 
3.724242e-02 1.635298e+04 2.487744e+04 
4.026263e-02 1.502280e+04 2.404014e+04 
4.328283e-02 1.388493e+04 2.319088e+04 
4.630303e-02 1.293603e+04 2.234361e+04 
4.932323e-02 1.217809e+04 2.150815e+04 
5.234343e-02 1.158025e+04 2.069134e+04 
5.536364e-02 1.110092e+04 1.989779e+04 
5.838384e-02 1.070998e+04 1.913050e+04 
6.140404e-02 1.037724e+04 1.839126e+04 
6.442424e-02 1.007249e+04 1.768102e+04 
6.744444e-02 9.768166e+03 1.700005e+04 
7.046465e-02 9.444556e+03 1.634819e+04 
7.348485e-02 9.089256e+03 1.572493e+04 
7.650505e-02 8.697257e+03 1.512954e+04 
7.952525e-02 8.271462e+03 1.456113e+04 
8.254545e-02 7.820955e+03 1.401872e+04 
8.556566e-02 7.358140e+03 1.350124e+04 
8.858586e-02 6.896710e+03 1.300763e+04 
9.160606e-02 6.449896e+03 1.253680e+04 
9.462626e-02 6.029565e+03 1.208768e+04 
9.764646e-02 5.646115e+03 1.165920e+04 
1.006667e-01 5.306743e+03 1.125034e+04 
1.036869e-01 5.016037e+03 1.086013e+04 
1.067071e-01 4.774305e+03 1.048759e+04 
1.097273e-01 4.579000e+03 1.013184e+04 
1.127475e-01 4.424116e+03 9.791995e+03 
1.157677e-01 4.302182e+03 9.467237e+03 
1.187879e-01 4.204700e+03 9.156783e+03 
1.218081e-01 4.123351e+03 8.859892e+03 
1.248283e-01 4.050124e+03 8.575861e+03 
1.278485e-01 3.977821e+03 8.304026e+03 
1.308687e-01 3.900199e+03 8.043760e+03 
1.338889e-01 3.812599e+03 7.794471e+03 
1.369091e-01 3.712130e+03 7.555598e+03 
1.399293e-01 3.597800e+03 7.326614e+03 
1.429495e-01 3.470757e+03 7.107020e+03 
1.459697e-01 3.333547e+03 6.896346e+03 
1.489899e-01 3.189799e+03 6.694148e+03 
1.520101e-01 3.043559e+03 6.500009e+03 
1.550303e-01 2.899127e+03 6.313532e+03 
1.580505e-01 2.760550e+03 6.134345e+03 
1.610707e-01 2.631459e+03 5.962095e+03 
1.640909e-01 2.514632e+03 5.796451e+03 
1.671111e-01 2.412032e+03 5.637097e+03 
1.701313e-01 2.324162e+03 5.483738e+03 
1.731515e-01 2.250655e+03 5.336093e+03 
1.761717e-01 2.190118e+03 5.193897e+03 
1.791919e-01 2.140670e+03 5.056900e+03 
1.822121e-01 2.099972e+03 4.924863e+03 
1.852323e-01 2.065593e+03 4.797562e+03 
1.882525e-01 2.035058e+03 4.674785e+03 
1.912727e-01 2.005948e+03 4.556331e+03 
1.942929e-01 1.975998e+03 4.442009e+03 
1.973131e-01 1.943367e+03 4.331637e+03 
2.003333e-01 1.906680e+03 4.225045e+03 
2.033535e-01 1.865215e+03 4.122070e+03 
2.063737e-01 1.818925e+03 4.022558e+03 
2.093939e-01 1.768349e+03 3.926362e+03 
2.124141e-01 1.714485e+03 3.833342e+03 
2.154343e-01 1.658584e+03 3.743367e+03 
2.184545e-01 1.602062e+03 3.656312e+03 
2.214747e-01 1.546322e+03 3.572056e+03 
2.244949e-01 1.492662e+03 3.490485e+03 
2.275152e-01 1.442184e+03 3.411493e+03 
2.305354e-01 1.395772e+03 3.334975e+03 
2.335556e-01 1.353939e+03 3.260835e+03 
2.365758e-01 1.316928e+03 3.188978e+03 
2.395960e-01 1.284632e+03 3.119315e+03 
2.426162e-01 1.256740e+03 3.051762e+03 
2.456364e-01 1.232692e+03 2.986238e+03 
2.486566e-01 1.211795e+03 2.922665e+03 
2.516768e-01 1.193235e+03 2.860971e+03 
2.546970e-01 1.176137e+03 2.801084e+03 
2.577172e-01 1.159616e+03 2.742937e+03 
2.607374e-01 1.142885e+03 2.686467e+03 
2.637576e-01 1.125289e+03 2.631611e+03 
2.667778e-01 1.106421e+03 2.578312e+03 
2.697980e-01 1.086073e+03 2.526513e+03 
2.728182e-01 1.064249e+03 2.476161e+03 
2.758384e-01 1.041119e+03 2.427204e+03 
2.788586e-01 1.016964e+03 2.379593e+03 
2.818788e-01 9.921355e+02 2.333281e+03 
2.848990e-01 9.670276e+02 2.288223e+03 
2.879192e-01 9.420914e+02 2.244376e+03 
2.909394e-01 9.177719e+02 2.201698e+03 
2.939596e-01 8.944873e+02 2.160150e+03 
2.969798e-01 8.725729e+02 2.119694e+03 
3.000000e-01 8.522799e+02 2.080293e+03 
