1.000000e-03 2.919644e+03 2.919641e+03 
4.020202e-03 9.863203e+03 9.941069e+03 
7.040404e-03 1.447837e+04 1.457200e+04 
1.006061e-02 1.736607e+04 1.743520e+04 
1.308081e-02 1.898413e+04 1.901451e+04 
1.610101e-02 1.966670e+04 1.963420e+04 
1.912121e-02 1.967114e+04 1.955826e+04 
2.214141e-02 1.920353e+04 1.903920e+04 
2.516162e-02 1.843154e+04 1.829135e+04 
2.818182e-02 1.749053e+04 1.745762e+04 
3.120202e-02 1.648472e+04 1.661398e+04 
3.422222e-02 1.548973e+04 1.579412e+04 
3.724242e-02 1.455642e+04 1.501071e+04 
4.026263e-02 1.371365e+04 1.426743e+04 
4.328283e-02 1.296276e+04 1.356443e+04 
4.630303e-02 1.231542e+04 1.290057e+04 
4.932323e-02 1.176847e+04 1.227424e+04 
5.234343e-02 1.128959e+04 1.168369e+04 
5.536364e-02 1.085774e+04 1.112711e+04 
5.838384e-02 1.045741e+04 1.060268e+04 
6.140404e-02 1.007403e+04 1.010862e+04 
6.442424e-02 9.693730e+03 9.643163e+03 
6.744444e-02 9.306400e+03 9.204621e+03 
7.046465e-02 8.907517e+03 8.791354e+03 
7.348485e-02 8.497709e+03 8.401795e+03 
7.650505e-02 8.081698e+03 8.034454e+03 
7.952525e-02 7.667582e+03 7.687919e+03 
8.254545e-02 7.264425e+03 7.360859e+03 
8.556566e-02 6.880369e+03 7.052024e+03 
8.858586e-02 6.521646e+03 6.760240e+03 
9.160606e-02 6.192399e+03 6.484409e+03 
9.462626e-02 5.895440e+03 6.223507e+03 
9.764646e-02 5.632329e+03 5.976576e+03 
1.006667e-01 5.402569e+03 5.742727e+03 
1.036869e-01 5.204168e+03 5.521128e+03 
1.067071e-01 5.032257e+03 5.311008e+03 
1.097273e-01 4.880944e+03 5.111648e+03 
1.127475e-01 4.743420e+03 4.922379e+03 
1.157677e-01 4.613488e+03 4.742579e+03 
1.187879e-01 4.486134e+03 4.571669e+03 
1.218081e-01 4.357770e+03 4.409110e+03 
1.248283e-01 4.226294e+03 4.254401e+03 
1.278485e-01 4.090777e+03 4.107076e+03 
1.308687e-01 3.951229e+03 3.966699e+03 
1.338889e-01 3.808811e+03 3.832864e+03 
1.369091e-01 3.665359e+03 3.705195e+03 
1.399293e-01 3.523321e+03 3.583338e+03 
1.429495e-01 3.385237e+03 3.466965e+03 
1.459697e-01 3.253253e+03 3.355767e+03 
1.489899e-01 3.129186e+03 3.249460e+03 
1.520101e-01 3.014275e+03 3.147772e+03 
1.550303e-01 2.909325e+03 3.050455e+03 
1.580505e-01 2.814574e+03 2.957272e+03 
1.610707e-01 2.729730e+03 2.868005e+03 
1.640909e-01 2.653949e+03 2.782445e+03 
1.671111e-01 2.585832e+03 2.700401e+03 
1.701313e-01 2.523585e+03 2.621691e+03 
1.731515e-01 2.465387e+03 2.546144e+03 
1.761717e-01 2.409490e+03 2.473601e+03 
1.791919e-01 2.354589e+03 2.403911e+03 
1.822121e-01 2.299659e+03 2.336933e+03 
1.852323e-01 2.244113e+03 2.272533e+03 
1.882525e-01 2.187597e+03 2.210587e+03 
1.912727e-01 2.130064e+03 2.150977e+03 
1.942929e-01 2.071701e+03 2.093591e+03 
1.973131e-01 2.013010e+03 2.038324e+03 
2.003333e-01 1.954665e+03 1.985078e+03 
2.033535e-01 1.897490e+03 1.933759e+03 
2.063737e-01 1.842226e+03 1.884279e+03 
2.093939e-01 1.789512e+03 1.836555e+03 
2.124141e-01 1.739744e+03 1.790506e+03 
2.154343e-01 1.693152e+03 1.746060e+03 
2.184545e-01 1.649771e+03 1.703145e+03 
2.214747e-01 1.609528e+03 1.661694e+03 
2.244949e-01 1.572188e+03 1.621644e+03 
2.275152e-01 1.537426e+03 1.582935e+03 
2.305354e-01 1.504777e+03 1.545510e+03 
2.335556e-01 1.473768e+03 1.509315e+03 
2.365758e-01 1.443947e+03 1.474298e+03 
2.395960e-01 1.414924e+03 1.440411e+03 
2.426162e-01 1.386382e+03 1.407608e+03 
2.456364e-01 1.358084e+03 1.375844e+03 
2.486566e-01 1.329864e+03 1.345077e+03 
2.516768e-01 1.301627e+03 1.315267e+03 
2.546970e-01 1.273334e+03 1.286378e+03 
2.577172e-01 1.245081e+03 1.258372e+03 
2.607374e-01 1.217030e+03 1.231215e+03 
2.637576e-01 1.189427e+03 1.204875e+03 
2.667778e-01 1.162521e+03 1.179320e+03 
2.697980e-01 1.136501e+03 1.154520e+03 
2.728182e-01 1.111503e+03 1.130447e+03 
2.758384e-01 1.087575e+03 1.107073e+03 
2.788586e-01 1.064730e+03 1.084374e+03 
2.818788e-01 1.042948e+03 1.062323e+03 
2.848990e-01 1.022187e+03 1.040898e+03 
2.879192e-01 1.002392e+03 1.020076e+03 
2.909394e-01 9.834861e+02 9.998344e+02 
2.939596e-01 9.653696e+02 9.801535e+02 
2.969798e-01 9.479017e+02 9.610132e+02 
3.000000e-01 9.309292e+02 9.423945e+02 
