1.000000e-03 3.445072e+03 3.445069e+03 
4.020202e-03 1.162515e+04 1.171728e+04 
7.040404e-03 1.700667e+04 1.712204e+04 
1.006061e-02 2.031034e+04 2.041454e+04 
1.308081e-02 2.208442e+04 2.216792e+04 
1.610101e-02 2.272975e+04 2.275512e+04 
1.912121e-02 2.255683e+04 2.248295e+04 
2.214141e-02 2.181965e+04 2.166382e+04 
2.516162e-02 2.072693e+04 2.057941e+04 
2.818182e-02 1.944851e+04 1.942323e+04 
3.120202e-02 1.811507e+04 1.829579e+04 
3.422222e-02 1.682179e+04 1.723619e+04 
3.724242e-02 1.563067e+04 1.625328e+04 
4.026263e-02 1.457688e+04 1.534412e+04 
4.328283e-02 1.367211e+04 1.450242e+04 
4.630303e-02 1.290669e+04 1.372161e+04 
4.932323e-02 1.227348e+04 1.299581e+04 
5.234343e-02 1.175229e+04 1.231996e+04 
5.536364e-02 1.130355e+04 1.168969e+04 
5.838384e-02 1.090252e+04 1.110120e+04 
6.140404e-02 1.052724e+04 1.055113e+04 
6.442424e-02 1.015481e+04 1.003650e+04 
6.744444e-02 9.770936e+03 9.554589e+03 
7.046465e-02 9.367246e+03 9.102945e+03 
7.348485e-02 8.940916e+03 8.679322e+03 
7.650505e-02 8.496044e+03 8.281663e+03 
7.952525e-02 8.041126e+03 7.908080e+03 
8.254545e-02 7.587213e+03 7.556840e+03 
8.556566e-02 7.146106e+03 7.226344e+03 
8.858586e-02 6.728072e+03 6.915125e+03 
9.160606e-02 6.341575e+03 6.621830e+03 
9.462626e-02 5.993064e+03 6.345211e+03 
9.764646e-02 5.686317e+03 6.084118e+03 
1.006667e-01 5.423032e+03 5.837494e+03 
1.036869e-01 5.201114e+03 5.604359e+03 
1.067071e-01 5.016254e+03 5.383812e+03 
1.097273e-01 4.861398e+03 5.175018e+03 
1.127475e-01 4.728838e+03 4.977209e+03 
1.157677e-01 4.610549e+03 4.789671e+03 
1.187879e-01 4.499431e+03 4.611748e+03 
1.218081e-01 4.389278e+03 4.442828e+03 
1.248283e-01 4.275501e+03 4.282348e+03 
1.278485e-01 4.154681e+03 4.129784e+03 
1.308687e-01 4.025282e+03 3.984651e+03 
1.338889e-01 3.887209e+03 3.846498e+03 
1.369091e-01 3.742400e+03 3.714907e+03 
1.399293e-01 3.593603e+03 3.589489e+03 
1.429495e-01 3.444215e+03 3.469881e+03 
1.459697e-01 3.297528e+03 3.355747e+03 
1.489899e-01 3.156648e+03 3.246774e+03 
1.520101e-01 3.024119e+03 3.142669e+03 
1.550303e-01 2.902098e+03 3.043158e+03 
1.580505e-01 2.792149e+03 2.947988e+03 
1.610707e-01 2.695150e+03 2.856920e+03 
1.640909e-01 2.610883e+03 2.769733e+03 
1.671111e-01 2.538259e+03 2.686217e+03 
1.701313e-01 2.475325e+03 2.606178e+03 
1.731515e-01 2.419799e+03 2.529433e+03 
1.761717e-01 2.369264e+03 2.455813e+03 
1.791919e-01 2.321607e+03 2.385155e+03 
1.822121e-01 2.274971e+03 2.317310e+03 
1.852323e-01 2.227944e+03 2.252136e+03 
1.882525e-01 2.179378e+03 2.189500e+03 
1.912727e-01 2.128446e+03 2.129277e+03 
1.942929e-01 2.074758e+03 2.071350e+03 
1.973131e-01 2.018404e+03 2.015607e+03 
2.003333e-01 1.960027e+03 1.961945e+03 
2.033535e-01 1.900631e+03 1.910264e+03 
2.063737e-01 1.841381e+03 1.860473e+03 
2.093939e-01 1.783436e+03 1.812484e+03 
2.124141e-01 1.727773e+03 1.766213e+03 
2.154343e-01 1.675183e+03 1.721583e+03 
2.184545e-01 1.626174e+03 1.678520e+03 
2.214747e-01 1.581043e+03 1.636954e+03 
2.244949e-01 1.539871e+03 1.596820e+03 
2.275152e-01 1.502534e+03 1.558053e+03 
2.305354e-01 1.468744e+03 1.520596e+03 
2.335556e-01 1.437999e+03 1.484391e+03 
2.365758e-01 1.409705e+03 1.449386e+03 
2.395960e-01 1.383215e+03 1.415530e+03 
2.426162e-01 1.357886e+03 1.382775e+03 
2.456364e-01 1.333101e+03 1.351075e+03 
2.486566e-01 1.308345e+03 1.320388e+03 
2.516768e-01 1.283224e+03 1.290671e+03 
2.546970e-01 1.257513e+03 1.261886e+03 
2.577172e-01 1.231123e+03 1.233996e+03 
2.607374e-01 1.204162e+03 1.206966e+03 
2.637576e-01 1.176834e+03 1.180760e+03 
2.667778e-01 1.149426e+03 1.155348e+03 
2.697980e-01 1.122241e+03 1.130699e+03 
2.728182e-01 1.095590e+03 1.106783e+03 
2.758384e-01 1.069737e+03 1.083573e+03 
2.788586e-01 1.044905e+03 1.061041e+03 
2.818788e-01 1.021269e+03 1.039164e+03 
2.848990e-01 9.989644e+02 1.017916e+03 
2.879192e-01 9.780300e+02 9.972746e+02 
2.909394e-01 9.584447e+02 9.772175e+02 
2.939596e-01 9.401019e+02 9.577235e+02 
2.969798e-01 9.228537e+02 9.387724e+02 
3.000000e-01 9.065092e+02 9.203451e+02 
