1.000000e-03 4.339522e+03 4.339518e+03 
4.020202e-03 1.446452e+04 1.457891e+04 
7.040404e-03 2.105335e+04 2.120910e+04 
1.006061e-02 2.502875e+04 2.520950e+04 
1.308081e-02 2.706437e+04 2.727696e+04 
1.610101e-02 2.765307e+04 2.783810e+04 
1.912121e-02 2.718600e+04 2.724004e+04 
2.214141e-02 2.598847e+04 2.587477e+04 
2.516162e-02 2.433706e+04 2.414372e+04 
2.818182e-02 2.245852e+04 2.235149e+04 
3.120202e-02 2.053204e+04 2.066370e+04 
3.422222e-02 1.868835e+04 1.913976e+04 
3.724242e-02 1.701290e+04 1.778319e+04 
4.026263e-02 1.555532e+04 1.657634e+04 
4.328283e-02 1.432446e+04 1.549725e+04 
4.630303e-02 1.331513e+04 1.452591e+04 
4.932323e-02 1.252435e+04 1.364587e+04 
5.234343e-02 1.190677e+04 1.284399e+04 
5.536364e-02 1.141856e+04 1.210983e+04 
5.838384e-02 1.102663e+04 1.143502e+04 
6.140404e-02 1.069048e+04 1.081273e+04 
6.442424e-02 1.037599e+04 1.023730e+04 
6.744444e-02 1.005615e+04 9.703962e+03 
7.046465e-02 9.710081e+03 9.208632e+03 
7.348485e-02 9.325706e+03 8.747778e+03 
7.650505e-02 8.899452e+03 8.318306e+03 
7.952525e-02 8.435730e+03 7.917489e+03 
8.254545e-02 7.946013e+03 7.542903e+03 
8.556566e-02 7.445228e+03 7.192384e+03 
8.858586e-02 6.949469e+03 6.863990e+03 
9.160606e-02 6.474237e+03 6.555969e+03 
9.462626e-02 6.032880e+03 6.266741e+03 
9.764646e-02 5.636402e+03 5.994874e+03 
1.006667e-01 5.291721e+03 5.739065e+03 
1.036869e-01 5.001886e+03 5.498131e+03 
1.067071e-01 4.765664e+03 5.270991e+03 
1.097273e-01 4.578300e+03 5.056659e+03 
1.127475e-01 4.432652e+03 4.854233e+03 
1.157677e-01 4.319972e+03 4.662886e+03 
1.187879e-01 4.230988e+03 4.481859e+03 
1.218081e-01 4.156375e+03 4.310456e+03 
1.248283e-01 4.087271e+03 4.148037e+03 
1.278485e-01 4.015546e+03 3.994010e+03 
1.308687e-01 3.934829e+03 3.847833e+03 
1.338889e-01 3.840408e+03 3.709003e+03 
1.369091e-01 3.730447e+03 3.577057e+03 
1.399293e-01 3.604973e+03 3.451566e+03 
1.429495e-01 3.466358e+03 3.332132e+03 
1.459697e-01 3.317999e+03 3.218388e+03 
1.489899e-01 3.164163e+03 3.109993e+03 
1.520101e-01 3.009509e+03 3.006630e+03 
1.550303e-01 2.858846e+03 2.908004e+03 
1.580505e-01 2.716613e+03 2.813842e+03 
1.610707e-01 2.586664e+03 2.723889e+03 
1.640909e-01 2.471686e+03 2.637908e+03 
1.671111e-01 2.373051e+03 2.555676e+03 
1.701313e-01 2.290617e+03 2.476988e+03 
1.731515e-01 2.223142e+03 2.401650e+03 
1.761717e-01 2.168641e+03 2.329482e+03 
1.791919e-01 2.124698e+03 2.260315e+03 
1.822121e-01 2.088720e+03 2.193992e+03 
1.852323e-01 2.058014e+03 2.130363e+03 
1.882525e-01 2.029898e+03 2.069292e+03 
1.912727e-01 2.001750e+03 2.010646e+03 
1.942929e-01 1.971244e+03 1.954305e+03 
1.973131e-01 1.936427e+03 1.900154e+03 
2.003333e-01 1.896282e+03 1.848083e+03 
2.033535e-01 1.850451e+03 1.797993e+03 
2.063737e-01 1.799486e+03 1.749787e+03 
2.093939e-01 1.744388e+03 1.703375e+03 
2.124141e-01 1.686566e+03 1.658673e+03 
2.154343e-01 1.627540e+03 1.615601e+03 
2.184545e-01 1.568869e+03 1.574082e+03 
2.214747e-01 1.511995e+03 1.534047e+03 
2.244949e-01 1.458223e+03 1.495426e+03 
2.275152e-01 1.408596e+03 1.458158e+03 
2.305354e-01 1.363861e+03 1.422181e+03 
2.335556e-01 1.324402e+03 1.387439e+03 
2.365758e-01 1.290223e+03 1.353877e+03 
2.395960e-01 1.261024e+03 1.321446e+03 
2.426162e-01 1.236190e+03 1.290095e+03 
2.456364e-01 1.214941e+03 1.259780e+03 
2.486566e-01 1.196341e+03 1.230456e+03 
2.516768e-01 1.179421e+03 1.202083e+03 
2.546970e-01 1.163207e+03 1.174622e+03 
2.577172e-01 1.146846e+03 1.148034e+03 
2.607374e-01 1.129609e+03 1.122284e+03 
2.637576e-01 1.111014e+03 1.097339e+03 
2.667778e-01 1.090762e+03 1.073167e+03 
2.697980e-01 1.068817e+03 1.049737e+03 
2.728182e-01 1.045306e+03 1.027020e+03 
2.758384e-01 1.020522e+03 1.004988e+03 
2.788586e-01 9.948763e+02 9.836154e+02 
2.818788e-01 9.688599e+02 9.628765e+02 
2.848990e-01 9.429923e+02 9.427474e+02 
2.879192e-01 9.177805e+02 9.232052e+02 
2.909394e-01 8.936700e+02 9.042281e+02 
2.939596e-01 8.710228e+02 8.857952e+02 
2.969798e-01 8.500939e+02 8.678866e+02 
3.000000e-01 8.310062e+02 8.504831e+02 
