1.000000e-03 2.931201e+03 2.931199e+03 
4.020202e-03 9.845400e+03 9.922851e+03 
7.040404e-03 1.444355e+04 1.453843e+04 
1.006061e-02 1.732807e+04 1.740287e+04 
1.308081e-02 1.894967e+04 1.899145e+04 
1.610101e-02 1.963630e+04 1.961998e+04 
1.912121e-02 1.964193e+04 1.954532e+04 
2.214141e-02 1.917097e+04 1.901755e+04 
2.516162e-02 1.839158e+04 1.825433e+04 
2.818182e-02 1.743918e+04 1.740385e+04 
3.120202e-02 1.641949e+04 1.654574e+04 
3.422222e-02 1.540953e+04 1.571510e+04 
3.724242e-02 1.446195e+04 1.492453e+04 
4.026263e-02 1.360586e+04 1.417707e+04 
4.328283e-02 1.284468e+04 1.347215e+04 
4.630303e-02 1.219219e+04 1.280800e+04 
4.932323e-02 1.164265e+04 1.218251e+04 
5.234343e-02 1.116626e+04 1.159357e+04 
5.536364e-02 1.074028e+04 1.103909e+04 
5.838384e-02 1.034839e+04 1.051708e+04 
6.140404e-02 9.977511e+03 1.002562e+04 
6.442424e-02 9.611278e+03 9.562858e+03 
6.744444e-02 9.237938e+03 9.127033e+03 
7.046465e-02 8.851922e+03 8.716462e+03 
7.348485e-02 8.452425e+03 8.329550e+03 
7.650505e-02 8.043455e+03 7.964785e+03 
7.952525e-02 7.632806e+03 7.620744e+03 
8.254545e-02 7.230065e+03 7.296089e+03 
8.556566e-02 6.843826e+03 6.989564e+03 
8.858586e-02 6.480966e+03 6.699995e+03 
9.160606e-02 6.146301e+03 6.426285e+03 
9.462626e-02 5.843235e+03 6.167410e+03 
9.764646e-02 5.573790e+03 5.922417e+03 
1.006667e-01 5.338316e+03 5.690417e+03 
1.036869e-01 5.135405e+03 5.470585e+03 
1.067071e-01 4.961126e+03 5.262150e+03 
1.097273e-01 4.809963e+03 5.064399e+03 
1.127475e-01 4.674987e+03 4.876666e+03 
1.157677e-01 4.549772e+03 4.698333e+03 
1.187879e-01 4.428523e+03 4.528823e+03 
1.218081e-01 4.307169e+03 4.367603e+03 
1.248283e-01 4.182779e+03 4.214174e+03 
1.278485e-01 4.054081e+03 4.068072e+03 
1.308687e-01 3.920679e+03 3.928865e+03 
1.338889e-01 3.783329e+03 3.796150e+03 
1.369091e-01 3.643453e+03 3.669553e+03 
1.399293e-01 3.503321e+03 3.548723e+03 
1.429495e-01 3.365395e+03 3.433334e+03 
1.459697e-01 3.232224e+03 3.323081e+03 
1.489899e-01 3.105916e+03 3.217678e+03 
1.520101e-01 2.988158e+03 3.116860e+03 
1.550303e-01 2.880057e+03 3.020377e+03 
1.580505e-01 2.782292e+03 2.927996e+03 
1.610707e-01 2.694834e+03 2.839498e+03 
1.640909e-01 2.617178e+03 2.754680e+03 
1.671111e-01 2.548023e+03 2.673348e+03 
1.701313e-01 2.485767e+03 2.595323e+03 
1.731515e-01 2.428520e+03 2.520437e+03 
1.761717e-01 2.374508e+03 2.448529e+03 
1.791919e-01 2.322177e+03 2.379452e+03 
1.822121e-01 2.270305e+03 2.313064e+03 
1.852323e-01 2.217989e+03 2.249235e+03 
1.882525e-01 2.164650e+03 2.187839e+03 
1.912727e-01 2.109956e+03 2.128759e+03 
1.942929e-01 2.053956e+03 2.071885e+03 
1.973131e-01 1.996944e+03 2.017114e+03 
2.003333e-01 1.939606e+03 1.964346e+03 
2.033535e-01 1.882748e+03 1.913490e+03 
2.063737e-01 1.827244e+03 1.864457e+03 
2.093939e-01 1.773839e+03 1.817165e+03 
2.124141e-01 1.723065e+03 1.771535e+03 
2.154343e-01 1.675286e+03 1.727494e+03 
2.184545e-01 1.630702e+03 1.684972e+03 
2.214747e-01 1.589352e+03 1.643901e+03 
2.244949e-01 1.551158e+03 1.604220e+03 
2.275152e-01 1.515879e+03 1.565869e+03 
2.305354e-01 1.483171e+03 1.528790e+03 
2.335556e-01 1.452525e+03 1.492931e+03 
2.365758e-01 1.423411e+03 1.458240e+03 
2.395960e-01 1.395353e+03 1.424670e+03 
2.426162e-01 1.367942e+03 1.392173e+03 
2.456364e-01 1.340869e+03 1.360708e+03 
2.486566e-01 1.313901e+03 1.330231e+03 
2.516768e-01 1.286881e+03 1.300703e+03 
2.546970e-01 1.259723e+03 1.272088e+03 
2.577172e-01 1.232408e+03 1.244348e+03 
2.607374e-01 1.205044e+03 1.217450e+03 
2.637576e-01 1.177816e+03 1.191362e+03 
2.667778e-01 1.150991e+03 1.166051e+03 
2.697980e-01 1.124839e+03 1.141490e+03 
2.728182e-01 1.099561e+03 1.117649e+03 
2.758384e-01 1.075304e+03 1.094502e+03 
2.788586e-01 1.052128e+03 1.072023e+03 
2.818788e-01 1.030051e+03 1.050186e+03 
2.848990e-01 1.009048e+03 1.028970e+03 
2.879192e-01 9.890795e+02 1.008352e+03 
2.909394e-01 9.700979e+02 9.883087e+02 
2.939596e-01 9.520199e+02 9.688214e+02 
2.969798e-01 9.347370e+02 9.498698e+02 
3.000000e-01 9.180967e+02 9.314353e+02 
