1.000000e-03 6.701626e+03 6.701620e+03 
4.020202e-03 2.228186e+04 2.245969e+04 
7.040404e-03 3.242641e+04 3.269750e+04 
1.006061e-02 3.850549e+04 3.889953e+04 
1.308081e-02 4.150973e+04 4.209104e+04 
1.610101e-02 4.216927e+04 4.284947e+04 
1.912121e-02 4.108248e+04 4.159968e+04 
2.214141e-02 3.876522e+04 3.887666e+04 
2.516162e-02 3.567037e+04 3.535849e+04 
2.818182e-02 3.218316e+04 3.168004e+04 
3.120202e-02 2.861702e+04 2.825728e+04 
3.422222e-02 2.520664e+04 2.526705e+04 
3.724242e-02 2.211110e+04 2.272857e+04 
4.026263e-02 1.942272e+04 2.058982e+04 
4.328283e-02 1.716480e+04 1.878047e+04 
4.630303e-02 1.534029e+04 1.723506e+04 
4.932323e-02 1.392991e+04 1.590003e+04 
5.234343e-02 1.287347e+04 1.473375e+04 
5.536364e-02 1.210769e+04 1.370448e+04 
5.838384e-02 1.157222e+04 1.278804e+04 
6.140404e-02 1.120809e+04 1.196589e+04 
6.442424e-02 1.095484e+04 1.122359e+04 
6.744444e-02 1.075983e+04 1.054976e+04 
7.046465e-02 1.057716e+04 9.935264e+03 
7.348485e-02 1.036687e+04 9.372664e+03 
7.650505e-02 1.009843e+04 8.855819e+03 
7.952525e-02 9.753344e+03 8.379589e+03 
8.254545e-02 9.325678e+03 7.939623e+03 
8.556566e-02 8.821776e+03 7.532200e+03 
8.858586e-02 8.257660e+03 7.154107e+03 
9.160606e-02 7.655751e+03 6.802552e+03 
9.462626e-02 7.041723e+03 6.475088e+03 
9.764646e-02 6.441087e+03 6.169559e+03 
1.006667e-01 5.877204e+03 5.884059e+03 
1.036869e-01 5.367853e+03 5.616889e+03 
1.067071e-01 4.925301e+03 5.366533e+03 
1.097273e-01 4.555760e+03 5.131631e+03 
1.127475e-01 4.259784e+03 4.910961e+03 
1.157677e-01 4.034103e+03 4.703420e+03 
1.187879e-01 3.871992e+03 4.508010e+03 
1.218081e-01 3.764912e+03 4.323828e+03 
1.248283e-01 3.702628e+03 4.150051e+03 
1.278485e-01 3.673805e+03 3.985932e+03 
1.308687e-01 3.666388e+03 3.830787e+03 
1.338889e-01 3.668147e+03 3.683994e+03 
1.369091e-01 3.667494e+03 3.544980e+03 
1.399293e-01 3.654408e+03 3.413223e+03 
1.429495e-01 3.621113e+03 3.288240e+03 
1.459697e-01 3.562222e+03 3.169591e+03 
1.489899e-01 3.475325e+03 3.056867e+03 
1.520101e-01 3.360301e+03 2.949692e+03 
1.550303e-01 3.220067e+03 2.847721e+03 
1.580505e-01 3.059695e+03 2.750632e+03 
1.610707e-01 2.886392e+03 2.658128e+03 
1.640909e-01 2.708189e+03 2.569935e+03 
1.671111e-01 2.533216e+03 2.485797e+03 
1.701313e-01 2.368350e+03 2.405478e+03 
1.731515e-01 2.218985e+03 2.328757e+03 
1.761717e-01 2.088421e+03 2.255430e+03 
1.791919e-01 1.978447e+03 2.185306e+03 
1.822121e-01 1.889630e+03 2.118207e+03 
1.852323e-01 1.821397e+03 2.053967e+03 
1.882525e-01 1.772441e+03 1.992432e+03 
1.912727e-01 1.740615e+03 1.933457e+03 
1.942929e-01 1.723046e+03 1.876905e+03 
1.973131e-01 1.716164e+03 1.822651e+03 
2.003333e-01 1.715968e+03 1.770576e+03 
2.033535e-01 1.718342e+03 1.720568e+03 
2.063737e-01 1.719422e+03 1.672524e+03 
2.093939e-01 1.715876e+03 1.626344e+03 
2.124141e-01 1.705114e+03 1.581937e+03 
2.154343e-01 1.685412e+03 1.539215e+03 
2.184545e-01 1.655788e+03 1.498099e+03 
2.214747e-01 1.616245e+03 1.458510e+03 
2.244949e-01 1.567501e+03 1.420377e+03 
2.275152e-01 1.511137e+03 1.383631e+03 
2.305354e-01 1.449289e+03 1.348208e+03 
2.335556e-01 1.384492e+03 1.314047e+03 
2.365758e-01 1.319333e+03 1.281092e+03 
2.395960e-01 1.256264e+03 1.249286e+03 
2.426162e-01 1.197348e+03 1.218581e+03 
2.456364e-01 1.144181e+03 1.188926e+03 
2.486566e-01 1.097851e+03 1.160277e+03 
2.516768e-01 1.058912e+03 1.132589e+03 
2.546970e-01 1.027521e+03 1.105822e+03 
2.577172e-01 1.003350e+03 1.079936e+03 
2.607374e-01 9.857599e+02 1.054894e+03 
2.637576e-01 9.737829e+02 1.030662e+03 
2.667778e-01 9.662211e+02 1.007205e+03 
2.697980e-01 9.617222e+02 9.844927e+02 
2.728182e-01 9.588684e+02 9.624942e+02 
2.758384e-01 9.562819e+02 9.411811e+02 
2.788586e-01 9.527132e+02 9.205259e+02 
2.818788e-01 9.471048e+02 9.005028e+02 
2.848990e-01 9.386105e+02 8.810871e+02 
2.879192e-01 9.267199e+02 8.622552e+02 
2.909394e-01 9.111816e+02 8.439847e+02 
2.939596e-01 8.920893e+02 8.262542e+02 
2.969798e-01 8.698094e+02 8.090432e+02 
3.000000e-01 8.449867e+02 7.923324e+02 
