1.000000e-03 3.765974e+03 3.765970e+03 
4.020202e-03 1.277413e+04 1.287462e+04 
7.040404e-03 1.880117e+04 1.893971e+04 
1.006061e-02 2.255931e+04 2.271737e+04 
1.308081e-02 2.460106e+04 2.478434e+04 
1.610101e-02 2.534160e+04 2.550235e+04 
1.912121e-02 2.511497e+04 2.516518e+04 
2.214141e-02 2.420400e+04 2.410563e+04 
2.516162e-02 2.284975e+04 2.267249e+04 
2.818182e-02 2.125479e+04 2.114046e+04 
3.120202e-02 1.958134e+04 1.966745e+04 
3.422222e-02 1.795082e+04 1.831714e+04 
3.724242e-02 1.644570e+04 1.710086e+04 
4.026263e-02 1.511677e+04 1.600833e+04 
4.328283e-02 1.397987e+04 1.502341e+04 
4.630303e-02 1.303251e+04 1.413052e+04 
4.932323e-02 1.227686e+04 1.331644e+04 
5.234343e-02 1.168084e+04 1.257045e+04 
5.536364e-02 1.120313e+04 1.188395e+04 
5.838384e-02 1.081359e+04 1.124998e+04 
6.140404e-02 1.048176e+04 1.066284e+04 
6.442424e-02 1.017708e+04 1.011775e+04 
6.744444e-02 9.871780e+03 9.610666e+03 
7.046465e-02 9.546020e+03 9.138102e+03 
7.348485e-02 9.187512e+03 8.697016e+03 
7.650505e-02 8.791469e+03 8.284728e+03 
7.952525e-02 8.360901e+03 7.898859e+03 
8.254545e-02 7.905485e+03 7.537280e+03 
8.556566e-02 7.437954e+03 7.198079e+03 
8.858586e-02 6.971996e+03 6.879527e+03 
9.160606e-02 6.521114e+03 6.580062e+03 
9.462626e-02 6.097347e+03 6.298261e+03 
9.764646e-02 5.711178e+03 6.032831e+03 
1.006667e-01 5.369885e+03 5.782590e+03 
1.036869e-01 5.078070e+03 5.546458e+03 
1.067071e-01 4.835929e+03 5.323447e+03 
1.097273e-01 4.640624e+03 5.112651e+03 
1.127475e-01 4.485904e+03 4.913236e+03 
1.157677e-01 4.364142e+03 4.724438e+03 
1.187879e-01 4.266839e+03 4.545551e+03 
1.218081e-01 4.185475e+03 4.375927e+03 
1.248283e-01 4.111839e+03 4.214967e+03 
1.278485e-01 4.038714e+03 4.062118e+03 
1.308687e-01 3.959878e+03 3.916868e+03 
1.338889e-01 3.870530e+03 3.778745e+03 
1.369091e-01 3.767907e+03 3.647310e+03 
1.399293e-01 3.651207e+03 3.522157e+03 
1.429495e-01 3.521662e+03 3.402910e+03 
1.459697e-01 3.381795e+03 3.289218e+03 
1.489899e-01 3.235497e+03 3.180756e+03 
1.520101e-01 3.087002e+03 3.077222e+03 
1.550303e-01 2.940586e+03 2.978334e+03 
1.580505e-01 2.800333e+03 2.883829e+03 
1.610707e-01 2.670020e+03 2.793463e+03 
1.640909e-01 2.552372e+03 2.707007e+03 
1.671111e-01 2.449235e+03 2.624247e+03 
1.701313e-01 2.361085e+03 2.544984e+03 
1.731515e-01 2.287522e+03 2.469032e+03 
1.761717e-01 2.227041e+03 2.396215e+03 
1.791919e-01 2.177661e+03 2.326371e+03 
1.822121e-01 2.137011e+03 2.259345e+03 
1.852323e-01 2.102592e+03 2.194994e+03 
1.882525e-01 2.071863e+03 2.133183e+03 
1.912727e-01 2.042378e+03 2.073784e+03 
1.942929e-01 2.011865e+03 2.016679e+03 
1.973131e-01 1.978410e+03 1.961755e+03 
2.003333e-01 1.940672e+03 1.908906e+03 
2.033535e-01 1.898022e+03 1.858034e+03 
2.063737e-01 1.850499e+03 1.809044e+03 
2.093939e-01 1.798664e+03 1.761847e+03 
2.124141e-01 1.743588e+03 1.716361e+03 
2.154343e-01 1.686568e+03 1.672507e+03 
2.184545e-01 1.629025e+03 1.630211e+03 
2.214747e-01 1.572378e+03 1.589401e+03 
2.244949e-01 1.517984e+03 1.550012e+03 
2.275152e-01 1.466950e+03 1.511981e+03 
2.305354e-01 1.420133e+03 1.475248e+03 
2.335556e-01 1.378029e+03 1.439757e+03 
2.365758e-01 1.340871e+03 1.405455e+03 
2.395960e-01 1.308498e+03 1.372290e+03 
2.426162e-01 1.280552e+03 1.340215e+03 
2.456364e-01 1.256465e+03 1.309184e+03 
2.486566e-01 1.235514e+03 1.279154e+03 
2.516768e-01 1.216847e+03 1.250083e+03 
2.546970e-01 1.199562e+03 1.221934e+03 
2.577172e-01 1.182764e+03 1.194667e+03 
2.607374e-01 1.165655e+03 1.168249e+03 
2.637576e-01 1.147593e+03 1.142645e+03 
2.667778e-01 1.128187e+03 1.117824e+03 
2.697980e-01 1.107260e+03 1.093755e+03 
2.728182e-01 1.084833e+03 1.070408e+03 
2.758384e-01 1.061099e+03 1.047757e+03 
2.788586e-01 1.036352e+03 1.025775e+03 
2.818788e-01 1.010959e+03 1.004436e+03 
2.848990e-01 9.853337e+02 9.837162e+02 
2.879192e-01 9.599404e+02 9.635933e+02 
2.909394e-01 9.352323e+02 9.440450e+02 
2.939596e-01 9.116330e+02 9.250504e+02 
2.969798e-01 8.894760e+02 9.065894e+02 
3.000000e-01 8.690064e+02 8.886429e+02 
