1.000000e-03 5.791796e+03 5.791791e+03 
4.020202e-03 1.915690e+04 1.930916e+04 
7.040404e-03 2.785412e+04 2.807947e+04 
1.006061e-02 3.309323e+04 3.340084e+04 
1.308081e-02 3.573106e+04 3.616308e+04 
1.610101e-02 3.639864e+04 3.687846e+04 
1.912121e-02 3.560279e+04 3.593292e+04 
2.214141e-02 3.377669e+04 3.379520e+04 
2.516162e-02 3.129697e+04 3.102713e+04 
2.818182e-02 2.848269e+04 2.812960e+04 
3.120202e-02 2.559070e+04 2.541811e+04 
3.422222e-02 2.281383e+04 2.302320e+04 
3.724242e-02 2.028267e+04 2.095930e+04 
4.026263e-02 1.807510e+04 1.919008e+04 
4.328283e-02 1.621088e+04 1.766630e+04 
4.630303e-02 1.469228e+04 1.634207e+04 
4.932323e-02 1.351050e+04 1.517961e+04 
5.234343e-02 1.261374e+04 1.414932e+04 
5.536364e-02 1.194793e+04 1.322838e+04 
5.838384e-02 1.146301e+04 1.239915e+04 
6.140404e-02 1.110976e+04 1.164792e+04 
6.442424e-02 1.083718e+04 1.096381e+04 
6.744444e-02 1.060004e+04 1.033812e+04 
7.046465e-02 1.036075e+04 9.763729e+03 
7.348485e-02 1.008842e+04 9.234757e+03 
7.650505e-02 9.761846e+03 8.746258e+03 
7.952525e-02 9.370605e+03 8.294032e+03 
8.254545e-02 8.915114e+03 7.874471e+03 
8.556566e-02 8.405291e+03 7.484449e+03 
8.858586e-02 7.857464e+03 7.121236e+03 
9.160606e-02 7.291863e+03 6.782429e+03 
9.462626e-02 6.730346e+03 6.465904e+03 
9.764646e-02 6.193263e+03 6.169773e+03 
1.006667e-01 5.698696e+03 5.892349e+03 
1.036869e-01 5.259419e+03 5.632119e+03 
1.067071e-01 4.883942e+03 5.387724e+03 
1.097273e-01 4.574591e+03 5.157937e+03 
1.127475e-01 4.329892e+03 4.941647e+03 
1.157677e-01 4.144529e+03 4.737848e+03 
1.187879e-01 4.011066e+03 4.545625e+03 
1.218081e-01 3.920588e+03 4.364145e+03 
1.248283e-01 3.862969e+03 4.192647e+03 
1.278485e-01 3.827520e+03 4.030436e+03 
1.308687e-01 3.803147e+03 3.876876e+03 
1.338889e-01 3.779399e+03 3.731382e+03 
1.369091e-01 3.746838e+03 3.593419e+03 
1.399293e-01 3.698344e+03 3.462493e+03 
1.429495e-01 3.628805e+03 3.338150e+03 
1.459697e-01 3.536210e+03 3.219972e+03 
1.489899e-01 3.420598e+03 3.107571e+03 
1.520101e-01 3.284360e+03 3.000590e+03 
1.550303e-01 3.131724e+03 2.898698e+03 
1.580505e-01 2.968373e+03 2.801588e+03 
1.610707e-01 2.800930e+03 2.708977e+03 
1.640909e-01 2.636162e+03 2.620600e+03 
1.671111e-01 2.480265e+03 2.536212e+03 
1.701313e-01 2.338201e+03 2.455585e+03 
1.731515e-01 2.213333e+03 2.378506e+03 
1.761717e-01 2.107288e+03 2.304778e+03 
1.791919e-01 2.020430e+03 2.234215e+03 
1.822121e-01 1.951961e+03 2.166645e+03 
1.852323e-01 1.900449e+03 2.101908e+03 
1.882525e-01 1.863818e+03 2.039852e+03 
1.912727e-01 1.839442e+03 1.980336e+03 
1.942929e-01 1.824191e+03 1.923229e+03 
1.973131e-01 1.814550e+03 1.868406e+03 
2.003333e-01 1.806891e+03 1.815752e+03 
2.033535e-01 1.797789e+03 1.765157e+03 
2.063737e-01 1.784313e+03 1.716520e+03 
2.093939e-01 1.764284e+03 1.669743e+03 
2.124141e-01 1.736420e+03 1.624737e+03 
2.154343e-01 1.700213e+03 1.581415e+03 
2.184545e-01 1.656030e+03 1.539699e+03 
2.214747e-01 1.604784e+03 1.499511e+03 
2.244949e-01 1.548015e+03 1.460782e+03 
2.275152e-01 1.487591e+03 1.423443e+03 
2.305354e-01 1.425652e+03 1.387431e+03 
2.335556e-01 1.364332e+03 1.352686e+03 
2.365758e-01 1.305654e+03 1.319151e+03 
2.395960e-01 1.251262e+03 1.286773e+03 
2.426162e-01 1.202435e+03 1.255500e+03 
2.456364e-01 1.159940e+03 1.225285e+03 
2.486566e-01 1.124121e+03 1.196082e+03 
2.516768e-01 1.094928e+03 1.167848e+03 
2.546970e-01 1.071893e+03 1.140541e+03 
2.577172e-01 1.054287e+03 1.114123e+03 
2.607374e-01 1.041102e+03 1.088558e+03 
2.637576e-01 1.031206e+03 1.063809e+03 
2.667778e-01 1.023355e+03 1.039844e+03 
2.697980e-01 1.016332e+03 1.016631e+03 
2.728182e-01 1.008978e+03 9.941394e+02 
2.758384e-01 1.000319e+03 9.723414e+02 
2.788586e-01 9.895537e+02 9.512093e+02 
2.818788e-01 9.761547e+02 9.307172e+02 
2.848990e-01 9.598520e+02 9.108403e+02 
2.879192e-01 9.406434e+02 8.915551e+02 
2.909394e-01 9.188081e+02 8.728391e+02 
2.939596e-01 8.948126e+02 8.546707e+02 
2.969798e-01 8.693099e+02 8.370296e+02 
3.000000e-01 8.430237e+02 8.198961e+02 
