1.000000e-03 2.753504e+03 2.753501e+03 
4.020202e-03 9.189258e+03 9.263683e+03 
7.040404e-03 1.336766e+04 1.344651e+04 
1.006061e-02 1.593705e+04 1.596513e+04 
1.308081e-02 1.737003e+04 1.732462e+04 
1.610101e-02 1.799653e+04 1.786817e+04 
1.912121e-02 1.805651e+04 1.785912e+04 
2.214141e-02 1.773155e+04 1.751149e+04 
2.516162e-02 1.716137e+04 1.697959e+04 
2.818182e-02 1.645257e+04 1.635780e+04 
3.120202e-02 1.568387e+04 1.569824e+04 
3.422222e-02 1.490966e+04 1.502912e+04 
3.724242e-02 1.416553e+04 1.436627e+04 
4.026263e-02 1.347038e+04 1.371902e+04 
4.328283e-02 1.282201e+04 1.309297e+04 
4.630303e-02 1.223382e+04 1.249144e+04 
4.932323e-02 1.170418e+04 1.191624e+04 
5.234343e-02 1.120571e+04 1.136817e+04 
5.536364e-02 1.072981e+04 1.084729e+04 
5.838384e-02 1.027367e+04 1.035322e+04 
6.140404e-02 9.829929e+03 9.885206e+03 
6.442424e-02 9.394668e+03 9.442302e+03 
6.744444e-02 8.967673e+03 9.023424e+03 
7.046465e-02 8.549912e+03 8.627416e+03 
7.348485e-02 8.143949e+03 8.253090e+03 
7.650505e-02 7.754661e+03 7.899262e+03 
7.952525e-02 7.386415e+03 7.564766e+03 
8.254545e-02 7.042540e+03 7.248473e+03 
8.556566e-02 6.724273e+03 6.949301e+03 
8.858586e-02 6.431630e+03 6.666215e+03 
9.160606e-02 6.163556e+03 6.398235e+03 
9.462626e-02 5.918690e+03 6.144438e+03 
9.764646e-02 5.695300e+03 5.903951e+03 
1.006667e-01 5.490730e+03 5.675957e+03 
1.036869e-01 5.301436e+03 5.459691e+03 
1.067071e-01 5.123019e+03 5.254435e+03 
1.097273e-01 4.951832e+03 5.059518e+03 
1.127475e-01 4.784822e+03 4.874315e+03 
1.157677e-01 4.620542e+03 4.698240e+03 
1.187879e-01 4.458616e+03 4.530748e+03 
1.218081e-01 4.299360e+03 4.371329e+03 
1.248283e-01 4.143590e+03 4.219508e+03 
1.278485e-01 3.992271e+03 4.074841e+03 
1.308687e-01 3.846479e+03 3.936915e+03 
1.338889e-01 3.707286e+03 3.805341e+03 
1.369091e-01 3.575728e+03 3.679759e+03 
1.399293e-01 3.452301e+03 3.559832e+03 
1.429495e-01 3.336896e+03 3.445243e+03 
1.459697e-01 3.229134e+03 3.335698e+03 
1.489899e-01 3.128336e+03 3.230920e+03 
1.520101e-01 3.033867e+03 3.130652e+03 
1.550303e-01 2.945175e+03 3.034651e+03 
1.580505e-01 2.861588e+03 2.942691e+03 
1.610707e-01 2.782210e+03 2.854558e+03 
1.640909e-01 2.706115e+03 2.770054e+03 
1.671111e-01 2.632355e+03 2.688991e+03 
1.701313e-01 2.560198e+03 2.611194e+03 
1.731515e-01 2.489409e+03 2.536497e+03 
1.761717e-01 2.419939e+03 2.464745e+03 
1.791919e-01 2.352063e+03 2.395793e+03 
1.822121e-01 2.286061e+03 2.329502e+03 
1.852323e-01 2.222084e+03 2.265744e+03 
1.882525e-01 2.160256e+03 2.204396e+03 
1.912727e-01 2.100681e+03 2.145344e+03 
1.942929e-01 2.043466e+03 2.088479e+03 
1.973131e-01 1.988757e+03 2.033700e+03 
2.003333e-01 1.936667e+03 1.980908e+03 
2.033535e-01 1.887134e+03 1.930014e+03 
2.063737e-01 1.840019e+03 1.880931e+03 
2.093939e-01 1.795062e+03 1.833577e+03 
2.124141e-01 1.751971e+03 1.787875e+03 
2.154343e-01 1.710503e+03 1.743753e+03 
2.184545e-01 1.670443e+03 1.701141e+03 
2.214747e-01 1.631621e+03 1.659974e+03 
2.244949e-01 1.593893e+03 1.620190e+03 
2.275152e-01 1.557177e+03 1.581729e+03 
2.305354e-01 1.521426e+03 1.544536e+03 
2.335556e-01 1.486613e+03 1.508558e+03 
2.365758e-01 1.452717e+03 1.473744e+03 
2.395960e-01 1.419735e+03 1.440047e+03 
2.426162e-01 1.387671e+03 1.407421e+03 
2.456364e-01 1.356531e+03 1.375823e+03 
2.486566e-01 1.326317e+03 1.345211e+03 
2.516768e-01 1.297053e+03 1.315547e+03 
2.546970e-01 1.268779e+03 1.286793e+03 
2.577172e-01 1.241505e+03 1.258914e+03 
2.607374e-01 1.215200e+03 1.231876e+03 
2.637576e-01 1.189809e+03 1.205646e+03 
2.667778e-01 1.165249e+03 1.180194e+03 
2.697980e-01 1.141444e+03 1.155490e+03 
2.728182e-01 1.118335e+03 1.131507e+03 
2.758384e-01 1.095877e+03 1.108217e+03 
2.788586e-01 1.074048e+03 1.085595e+03 
2.818788e-01 1.052821e+03 1.063617e+03 
2.848990e-01 1.032153e+03 1.042259e+03 
2.879192e-01 1.012006e+03 1.021499e+03 
2.909394e-01 9.923537e+02 1.001316e+03 
2.939596e-01 9.731784e+02 9.816892e+02 
2.969798e-01 9.544854e+02 9.625987e+02 
3.000000e-01 9.362803e+02 9.440262e+02 
