1.000000e-03 2.627576e+03 2.627573e+03 
4.020202e-03 8.807784e+03 8.876912e+03 
7.040404e-03 1.293746e+04 1.301903e+04 
1.006061e-02 1.555803e+04 1.561092e+04 
1.308081e-02 1.707176e+04 1.707965e+04 
1.610101e-02 1.776989e+04 1.771490e+04 
1.912121e-02 1.787413e+04 1.774958e+04 
2.214141e-02 1.756155e+04 1.739798e+04 
2.516162e-02 1.697550e+04 1.683625e+04 
2.818182e-02 1.623017e+04 1.618105e+04 
3.120202e-02 1.541371e+04 1.549638e+04 
3.422222e-02 1.459091e+04 1.481344e+04 
3.724242e-02 1.380505e+04 1.414673e+04 
4.026263e-02 1.308322e+04 1.350298e+04 
4.328283e-02 1.242916e+04 1.288532e+04 
4.630303e-02 1.184695e+04 1.229514e+04 
4.932323e-02 1.134269e+04 1.173286e+04 
5.234343e-02 1.089249e+04 1.119833e+04 
5.536364e-02 1.047530e+04 1.069102e+04 
5.838384e-02 1.008064e+04 1.021012e+04 
6.140404e-02 9.700696e+03 9.754661e+03 
6.442424e-02 9.327018e+03 9.323573e+03 
6.744444e-02 8.950714e+03 8.915710e+03 
7.046465e-02 8.568263e+03 8.529903e+03 
7.348485e-02 8.180457e+03 8.164979e+03 
7.650505e-02 7.791958e+03 7.819786e+03 
7.952525e-02 7.409990e+03 7.493201e+03 
8.254545e-02 7.042188e+03 7.184143e+03 
8.556566e-02 6.695048e+03 6.891577e+03 
8.858586e-02 6.372518e+03 6.614519e+03 
9.160606e-02 6.076705e+03 6.352034e+03 
9.462626e-02 5.808351e+03 6.103244e+03 
9.764646e-02 5.567516e+03 5.867319e+03 
1.006667e-01 5.353411e+03 5.643481e+03 
1.036869e-01 5.163959e+03 5.430998e+03 
1.067071e-01 4.995818e+03 5.229188e+03 
1.097273e-01 4.843763e+03 5.037409e+03 
1.127475e-01 4.702443e+03 4.855063e+03 
1.157677e-01 4.566641e+03 4.681591e+03 
1.187879e-01 4.432451e+03 4.516468e+03 
1.218081e-01 4.297392e+03 4.359208e+03 
1.248283e-01 4.160438e+03 4.209352e+03 
1.278485e-01 4.021724e+03 4.066475e+03 
1.308687e-01 3.882057e+03 3.930177e+03 
1.338889e-01 3.742681e+03 3.800086e+03 
1.369091e-01 3.605228e+03 3.675854e+03 
1.399293e-01 3.471468e+03 3.557155e+03 
1.429495e-01 3.342965e+03 3.443683e+03 
1.459697e-01 3.221125e+03 3.335154e+03 
1.489899e-01 3.106999e+03 3.231299e+03 
1.520101e-01 3.001359e+03 3.131869e+03 
1.550303e-01 2.904398e+03 3.036629e+03 
1.580505e-01 2.816000e+03 2.945358e+03 
1.610707e-01 2.735594e+03 2.857850e+03 
1.640909e-01 2.662247e+03 2.773912e+03 
1.671111e-01 2.594512e+03 2.693360e+03 
1.701313e-01 2.530910e+03 2.616024e+03 
1.731515e-01 2.470010e+03 2.541742e+03 
1.761717e-01 2.410662e+03 2.470364e+03 
1.791919e-01 2.352021e+03 2.401747e+03 
1.822121e-01 2.293595e+03 2.335756e+03 
1.852323e-01 2.235168e+03 2.272265e+03 
1.882525e-01 2.176678e+03 2.211156e+03 
1.912727e-01 2.118177e+03 2.152314e+03 
1.942929e-01 2.059913e+03 2.095636e+03 
1.973131e-01 2.002266e+03 2.041019e+03 
2.003333e-01 1.945858e+03 1.988369e+03 
2.033535e-01 1.891350e+03 1.937598e+03 
2.063737e-01 1.839224e+03 1.888620e+03 
2.093939e-01 1.789835e+03 1.841355e+03 
2.124141e-01 1.743280e+03 1.795727e+03 
2.154343e-01 1.699532e+03 1.751666e+03 
2.184545e-01 1.658391e+03 1.709102e+03 
2.214747e-01 1.619641e+03 1.667971e+03 
2.244949e-01 1.583080e+03 1.628213e+03 
2.275152e-01 1.548453e+03 1.589769e+03 
2.305354e-01 1.515421e+03 1.552583e+03 
2.335556e-01 1.483625e+03 1.516605e+03 
2.365758e-01 1.452695e+03 1.481784e+03 
2.395960e-01 1.422349e+03 1.448072e+03 
2.426162e-01 1.392389e+03 1.415426e+03 
2.456364e-01 1.362741e+03 1.383802e+03 
2.486566e-01 1.333411e+03 1.353159e+03 
2.516768e-01 1.304427e+03 1.323460e+03 
2.546970e-01 1.275833e+03 1.294666e+03 
2.577172e-01 1.247708e+03 1.266743e+03 
2.607374e-01 1.220148e+03 1.239658e+03 
2.637576e-01 1.193272e+03 1.213378e+03 
2.667778e-01 1.167203e+03 1.187873e+03 
2.697980e-01 1.142071e+03 1.163115e+03 
2.728182e-01 1.117968e+03 1.139074e+03 
2.758384e-01 1.094906e+03 1.115725e+03 
2.788586e-01 1.072846e+03 1.093042e+03 
2.818788e-01 1.051691e+03 1.071001e+03 
2.848990e-01 1.031344e+03 1.049579e+03 
2.879192e-01 1.011720e+03 1.028754e+03 
2.909394e-01 9.927394e+02 1.008505e+03 
2.939596e-01 9.743261e+02 9.888107e+02 
2.969798e-01 9.564126e+02 9.696525e+02 
3.000000e-01 9.389384e+02 9.510116e+02 
