1.000000e-03 3.720785e+03 3.720782e+03 
4.020202e-03 1.233896e+04 1.243578e+04 
7.040404e-03 1.798760e+04 1.811473e+04 
1.006061e-02 2.145642e+04 2.158734e+04 
1.308081e-02 2.331103e+04 2.344396e+04 
1.610101e-02 2.396372e+04 2.405565e+04 
1.912121e-02 2.373706e+04 2.372357e+04 
2.214141e-02 2.289799e+04 2.277016e+04 
2.516162e-02 2.166875e+04 2.150865e+04 
2.818182e-02 2.023357e+04 2.016911e+04 
3.120202e-02 1.873611e+04 1.887658e+04 
3.422222e-02 1.728266e+04 1.767961e+04 
3.724242e-02 1.594387e+04 1.658700e+04 
4.026263e-02 1.476184e+04 1.559184e+04 
4.328283e-02 1.374905e+04 1.468302e+04 
4.630303e-02 1.289865e+04 1.384972e+04 
4.932323e-02 1.221063e+04 1.308263e+04 
5.234343e-02 1.165631e+04 1.237405e+04 
5.536364e-02 1.119472e+04 1.171766e+04 
5.838384e-02 1.080090e+04 1.110819e+04 
6.140404e-02 1.044779e+04 1.054118e+04 
6.442424e-02 1.010905e+04 1.001278e+04 
6.744444e-02 9.763332e+03 9.519667e+03 
7.046465e-02 9.396142e+03 9.058883e+03 
7.348485e-02 9.000290e+03 8.627802e+03 
7.650505e-02 8.575824e+03 8.224064e+03 
7.952525e-02 8.129509e+03 7.845542e+03 
8.254545e-02 7.672239e+03 7.490310e+03 
8.556566e-02 7.216601e+03 7.156614e+03 
8.858586e-02 6.774673e+03 6.842858e+03 
9.160606e-02 6.357233e+03 6.547584e+03 
9.462626e-02 5.973203e+03 6.269459e+03 
9.764646e-02 5.629565e+03 6.007260e+03 
1.006667e-01 5.330541e+03 5.759868e+03 
1.036869e-01 5.077810e+03 5.526253e+03 
1.067071e-01 4.868899e+03 5.305470e+03 
1.097273e-01 4.698950e+03 5.096650e+03 
1.127475e-01 4.560518e+03 4.898990e+03 
1.157677e-01 4.445480e+03 4.711753e+03 
1.187879e-01 4.345445e+03 4.534258e+03 
1.218081e-01 4.252881e+03 4.365874e+03 
1.248283e-01 4.161196e+03 4.206021e+03 
1.278485e-01 4.065178e+03 4.054160e+03 
1.308687e-01 3.960774e+03 3.909794e+03 
1.338889e-01 3.845924e+03 3.772461e+03 
1.369091e-01 3.720024e+03 3.641733e+03 
1.399293e-01 3.584431e+03 3.517213e+03 
1.429495e-01 3.441682e+03 3.398533e+03 
1.459697e-01 3.295334e+03 3.285348e+03 
1.489899e-01 3.149154e+03 3.177341e+03 
1.520101e-01 3.006908e+03 3.074214e+03 
1.550303e-01 2.871944e+03 2.975689e+03 
1.580505e-01 2.747164e+03 2.881510e+03 
1.610707e-01 2.634684e+03 2.791435e+03 
1.640909e-01 2.535747e+03 2.705239e+03 
1.671111e-01 2.450555e+03 2.622711e+03 
1.701313e-01 2.378289e+03 2.543655e+03 
1.731515e-01 2.317368e+03 2.467887e+03 
1.761717e-01 2.265661e+03 2.395234e+03 
1.791919e-01 2.220832e+03 2.325535e+03 
1.822121e-01 2.180524e+03 2.258638e+03 
1.852323e-01 2.142505e+03 2.194401e+03 
1.882525e-01 2.104761e+03 2.132690e+03 
1.912727e-01 2.065575e+03 2.073379e+03 
1.942929e-01 2.023555e+03 2.016351e+03 
1.973131e-01 1.977944e+03 1.961494e+03 
2.003333e-01 1.928462e+03 1.908703e+03 
2.033535e-01 1.875552e+03 1.857880e+03 
2.063737e-01 1.820007e+03 1.808933e+03 
2.093939e-01 1.762967e+03 1.761772e+03 
2.124141e-01 1.705649e+03 1.716317e+03 
2.154343e-01 1.649295e+03 1.672487e+03 
2.184545e-01 1.595012e+03 1.630210e+03 
2.214747e-01 1.543779e+03 1.589416e+03 
2.244949e-01 1.496310e+03 1.550039e+03 
2.275152e-01 1.453098e+03 1.512016e+03 
2.305354e-01 1.414294e+03 1.475288e+03 
2.335556e-01 1.379794e+03 1.439799e+03 
2.365758e-01 1.349229e+03 1.405497e+03 
2.395960e-01 1.322068e+03 1.372329e+03 
2.426162e-01 1.297663e+03 1.340250e+03 
2.456364e-01 1.275300e+03 1.309213e+03 
2.486566e-01 1.254244e+03 1.279175e+03 
2.516768e-01 1.233770e+03 1.250095e+03 
2.546970e-01 1.213218e+03 1.221935e+03 
2.577172e-01 1.192039e+03 1.194657e+03 
2.607374e-01 1.169884e+03 1.168227e+03 
2.637576e-01 1.146595e+03 1.142610e+03 
2.667778e-01 1.122251e+03 1.117775e+03 
2.697980e-01 1.097061e+03 1.093692e+03 
2.728182e-01 1.071348e+03 1.070331e+03 
2.758384e-01 1.045463e+03 1.047664e+03 
2.788586e-01 1.019754e+03 1.025666e+03 
2.818788e-01 9.945579e+02 1.004312e+03 
2.848990e-01 9.701940e+02 9.835764e+02 
2.879192e-01 9.469475e+02 9.634376e+02 
2.909394e-01 9.250635e+02 9.438733e+02 
2.939596e-01 9.046869e+02 9.248626e+02 
2.969798e-01 8.858802e+02 9.063856e+02 
3.000000e-01 8.685786e+02 8.884230e+02 
