1.000000e-03 4.259445e+03 4.259442e+03 
4.020202e-03 1.438623e+04 1.450022e+04 
7.040404e-03 2.107369e+04 2.123127e+04 
1.006061e-02 2.516991e+04 2.535420e+04 
1.308081e-02 2.732151e+04 2.754128e+04 
1.610101e-02 2.801023e+04 2.820807e+04 
1.912121e-02 2.762013e+04 2.769113e+04 
2.214141e-02 2.647613e+04 2.637369e+04 
2.516162e-02 2.485380e+04 2.465756e+04 
2.818182e-02 2.298284e+04 2.285688e+04 
3.120202e-02 2.104575e+04 2.114876e+04 
3.422222e-02 1.917800e+04 1.960076e+04 
3.724242e-02 1.746948e+04 1.822059e+04 
4.026263e-02 1.597426e+04 1.699213e+04 
4.328283e-02 1.470623e+04 1.589366e+04 
4.630303e-02 1.366036e+04 1.490496e+04 
4.932323e-02 1.283670e+04 1.400919e+04 
5.234343e-02 1.219471e+04 1.319291e+04 
5.536364e-02 1.168843e+04 1.244540e+04 
5.838384e-02 1.128508e+04 1.175810e+04 
6.140404e-02 1.094489e+04 1.112405e+04 
6.442424e-02 1.063225e+04 1.053747e+04 
6.744444e-02 1.031862e+04 9.993522e+03 
7.046465e-02 9.981645e+03 9.488074e+03 
7.348485e-02 9.607186e+03 9.017549e+03 
7.650505e-02 9.189513e+03 8.578822e+03 
7.952525e-02 8.731319e+03 8.169141e+03 
8.254545e-02 8.242724e+03 7.786061e+03 
8.556566e-02 7.737997e+03 7.427400e+03 
8.858586e-02 7.233316e+03 7.091197e+03 
9.160606e-02 6.744607e+03 6.775689e+03 
9.462626e-02 6.285918e+03 6.479280e+03 
9.764646e-02 5.869386e+03 6.200524e+03 
1.006667e-01 5.503146e+03 5.938107e+03 
1.036869e-01 5.191986e+03 5.690833e+03 
1.067071e-01 4.935655e+03 5.457610e+03 
1.097273e-01 4.730698e+03 5.237441e+03 
1.127475e-01 4.570575e+03 5.029412e+03 
1.157677e-01 4.447098e+03 4.832687e+03 
1.187879e-01 4.351111e+03 4.646496e+03 
1.218081e-01 4.273196e+03 4.470135e+03 
1.248283e-01 4.204141e+03 4.302952e+03 
1.278485e-01 4.135489e+03 4.144349e+03 
1.308687e-01 4.060014e+03 3.993775e+03 
1.338889e-01 3.972159e+03 3.850718e+03 
1.369091e-01 3.868886e+03 3.714708e+03 
1.399293e-01 3.749293e+03 3.585308e+03 
1.429495e-01 3.614944e+03 3.462114e+03 
1.459697e-01 3.468703e+03 3.344753e+03 
1.489899e-01 3.314608e+03 3.232875e+03 
1.520101e-01 3.157192e+03 3.126159e+03 
1.550303e-01 3.001397e+03 3.024304e+03 
1.580505e-01 2.851892e+03 2.927032e+03 
1.610707e-01 2.712958e+03 2.834081e+03 
1.640909e-01 2.587872e+03 2.745209e+03 
1.671111e-01 2.478943e+03 2.660191e+03 
1.701313e-01 2.386606e+03 2.578815e+03 
1.731515e-01 2.310290e+03 2.500884e+03 
1.761717e-01 2.248345e+03 2.426214e+03 
1.791919e-01 2.198592e+03 2.354631e+03 
1.822121e-01 2.158453e+03 2.285974e+03 
1.852323e-01 2.125267e+03 2.220092e+03 
1.882525e-01 2.096330e+03 2.156843e+03 
1.912727e-01 2.068904e+03 2.096093e+03 
1.942929e-01 2.040403e+03 2.037717e+03 
1.973131e-01 2.008590e+03 1.981597e+03 
2.003333e-01 1.971876e+03 1.927623e+03 
2.033535e-01 1.929414e+03 1.875691e+03 
2.063737e-01 1.881236e+03 1.825702e+03 
2.093939e-01 1.827988e+03 1.777564e+03 
2.124141e-01 1.770917e+03 1.731190e+03 
2.154343e-01 1.711492e+03 1.686498e+03 
2.184545e-01 1.651280e+03 1.643411e+03 
2.214747e-01 1.591825e+03 1.601854e+03 
2.244949e-01 1.534608e+03 1.561760e+03 
2.275152e-01 1.480871e+03 1.523062e+03 
2.305354e-01 1.431628e+03 1.485699e+03 
2.335556e-01 1.387485e+03 1.449611e+03 
2.365758e-01 1.348766e+03 1.414744e+03 
2.395960e-01 1.315385e+03 1.381045e+03 
2.426162e-01 1.286975e+03 1.348465e+03 
2.456364e-01 1.262863e+03 1.316955e+03 
2.486566e-01 1.242213e+03 1.286470e+03 
2.516768e-01 1.224075e+03 1.256970e+03 
2.546970e-01 1.207440e+03 1.228412e+03 
2.577172e-01 1.191325e+03 1.200759e+03 
2.607374e-01 1.174885e+03 1.173974e+03 
2.637576e-01 1.157431e+03 1.148022e+03 
2.667778e-01 1.138482e+03 1.122870e+03 
2.697980e-01 1.117796e+03 1.098487e+03 
2.728182e-01 1.095344e+03 1.074843e+03 
2.758384e-01 1.071299e+03 1.051909e+03 
2.788586e-01 1.045958e+03 1.029658e+03 
2.818788e-01 1.019758e+03 1.008063e+03 
2.848990e-01 9.931951e+02 9.871011e+02 
2.879192e-01 9.668195e+02 9.667474e+02 
2.909394e-01 9.411425e+02 9.469797e+02 
2.939596e-01 9.166224e+02 9.277764e+02 
2.969798e-01 8.936156e+02 9.091169e+02 
3.000000e-01 8.723884e+02 8.909816e+02 
