1.000000e-03 2.882428e+03 2.882425e+03 
4.020202e-03 9.603145e+03 9.678209e+03 
7.040404e-03 1.405963e+04 1.415001e+04 
1.006061e-02 1.685805e+04 1.692487e+04 
1.308081e-02 1.843909e+04 1.846874e+04 
1.610101e-02 1.912245e+04 1.909161e+04 
1.912121e-02 1.915234e+04 1.904480e+04 
2.214141e-02 1.872560e+04 1.856847e+04 
2.516162e-02 1.800289e+04 1.786702e+04 
2.818182e-02 1.711319e+04 1.707754e+04 
3.120202e-02 1.615610e+04 1.627369e+04 
3.422222e-02 1.520466e+04 1.548880e+04 
3.724242e-02 1.430838e+04 1.473595e+04 
4.026263e-02 1.349523e+04 1.401943e+04 
4.328283e-02 1.276779e+04 1.333994e+04 
4.630303e-02 1.213825e+04 1.269684e+04 
4.932323e-02 1.160301e+04 1.208892e+04 
5.234343e-02 1.113314e+04 1.151475e+04 
5.536364e-02 1.070696e+04 1.097279e+04 
5.838384e-02 1.031006e+04 1.046144e+04 
6.140404e-02 9.932447e+03 9.979123e+03 
6.442424e-02 9.559689e+03 9.524231e+03 
6.744444e-02 9.180734e+03 9.095205e+03 
7.046465e-02 8.790896e+03 8.690527e+03 
7.348485e-02 8.390256e+03 8.308735e+03 
7.650505e-02 7.983350e+03 7.948430e+03 
7.952525e-02 7.578382e+03 7.608277e+03 
8.254545e-02 7.184455e+03 7.287017e+03 
8.556566e-02 6.809489e+03 6.983459e+03 
8.858586e-02 6.459408e+03 6.696483e+03 
9.160606e-02 6.137778e+03 6.425041e+03 
9.462626e-02 5.846860e+03 6.168148e+03 
9.764646e-02 5.587830e+03 5.924887e+03 
1.006667e-01 5.360433e+03 5.694398e+03 
1.036869e-01 5.163069e+03 5.475883e+03 
1.067071e-01 4.991561e+03 5.268594e+03 
1.097273e-01 4.840558e+03 5.071838e+03 
1.127475e-01 4.703403e+03 4.884965e+03 
1.157677e-01 4.573994e+03 4.707374e+03 
1.187879e-01 4.447143e+03 4.538503e+03 
1.218081e-01 4.319350e+03 4.377827e+03 
1.248283e-01 4.188597e+03 4.224860e+03 
1.278485e-01 4.054213e+03 4.079146e+03 
1.308687e-01 3.916409e+03 3.940263e+03 
1.338889e-01 3.776307e+03 3.807814e+03 
1.369091e-01 3.635509e+03 3.681431e+03 
1.399293e-01 3.496172e+03 3.560771e+03 
1.429495e-01 3.360529e+03 3.445510e+03 
1.459697e-01 3.230644e+03 3.335349e+03 
1.489899e-01 3.108298e+03 3.230008e+03 
1.520101e-01 2.994796e+03 3.129222e+03 
1.550303e-01 2.890993e+03 3.032747e+03 
1.580505e-01 2.797212e+03 2.940351e+03 
1.610707e-01 2.713123e+03 2.851820e+03 
1.640909e-01 2.637811e+03 2.766950e+03 
1.671111e-01 2.569869e+03 2.685552e+03 
1.701313e-01 2.507607e+03 2.607448e+03 
1.731515e-01 2.449282e+03 2.532470e+03 
1.761717e-01 2.393248e+03 2.460462e+03 
1.791919e-01 2.338334e+03 2.391275e+03 
1.822121e-01 2.283612e+03 2.324770e+03 
1.852323e-01 2.228465e+03 2.260816e+03 
1.882525e-01 2.172482e+03 2.199291e+03 
1.912727e-01 2.115534e+03 2.140077e+03 
1.942929e-01 2.057766e+03 2.083065e+03 
1.973131e-01 1.999658e+03 2.028152e+03 
2.003333e-01 1.941901e+03 1.975241e+03 
2.033535e-01 1.885357e+03 1.924238e+03 
2.063737e-01 1.830749e+03 1.875058e+03 
2.093939e-01 1.778677e+03 1.827617e+03 
2.124141e-01 1.729473e+03 1.781838e+03 
2.154343e-01 1.683323e+03 1.737648e+03 
2.184545e-01 1.640241e+03 1.694975e+03 
2.214747e-01 1.600158e+03 1.653755e+03 
2.244949e-01 1.562903e+03 1.613925e+03 
2.275152e-01 1.528211e+03 1.575425e+03 
2.305354e-01 1.495675e+03 1.538199e+03 
2.335556e-01 1.464835e+03 1.502193e+03 
2.365758e-01 1.435188e+03 1.467357e+03 
2.395960e-01 1.406307e+03 1.433643e+03 
2.426162e-01 1.377854e+03 1.401004e+03 
2.456364e-01 1.349618e+03 1.369397e+03 
2.486566e-01 1.321481e+03 1.338781e+03 
2.516768e-01 1.293391e+03 1.309116e+03 
2.546970e-01 1.265339e+03 1.280364e+03 
2.577172e-01 1.237384e+03 1.252491e+03 
2.607374e-01 1.209635e+03 1.225461e+03 
2.637576e-01 1.182291e+03 1.199242e+03 
2.667778e-01 1.155568e+03 1.173803e+03 
2.697980e-01 1.129683e+03 1.149115e+03 
2.728182e-01 1.104801e+03 1.125150e+03 
2.758384e-01 1.081009e+03 1.101880e+03 
2.788586e-01 1.058328e+03 1.079280e+03 
2.818788e-01 1.036720e+03 1.057325e+03 
2.848990e-01 1.016116e+03 1.035992e+03 
2.879192e-01 9.964360e+02 1.015259e+03 
2.909394e-01 9.775956e+02 9.951032e+02 
2.939596e-01 9.595086e+02 9.755050e+02 
2.969798e-01 9.420654e+02 9.564445e+02 
3.000000e-01 9.251469e+02 9.379029e+02 
