1.000000e-03 3.933071e+03 3.933068e+03 
4.020202e-03 1.323447e+04 1.333899e+04 
7.040404e-03 1.937159e+04 1.951241e+04 
1.006061e-02 2.314095e+04 2.329579e+04 
1.308081e-02 2.514204e+04 2.531360e+04 
1.610101e-02 2.581881e+04 2.595709e+04 
1.912121e-02 2.552257e+04 2.554481e+04 
2.214141e-02 2.454705e+04 2.442878e+04 
2.516162e-02 2.313953e+04 2.296380e+04 
2.818182e-02 2.150590e+04 2.141818e+04 
3.120202e-02 1.980794e+04 1.994002e+04 
3.422222e-02 1.816561e+04 1.858601e+04 
3.724242e-02 1.665885e+04 1.736431e+04 
4.026263e-02 1.533503e+04 1.626390e+04 
4.328283e-02 1.420759e+04 1.526904e+04 
4.630303e-02 1.327019e+04 1.436479e+04 
4.932323e-02 1.252291e+04 1.353858e+04 
5.234343e-02 1.193164e+04 1.278021e+04 
5.536364e-02 1.145222e+04 1.208143e+04 
5.838384e-02 1.105695e+04 1.143554e+04 
6.140404e-02 1.071194e+04 1.083698e+04 
6.442424e-02 1.038565e+04 1.028106e+04 
6.744444e-02 1.005400e+04 9.763769e+03 
7.046465e-02 9.699124e+03 9.281639e+03 
7.348485e-02 9.310682e+03 8.831617e+03 
7.650505e-02 8.886161e+03 8.411001e+03 
7.952525e-02 8.430926e+03 8.017382e+03 
8.254545e-02 7.955685e+03 7.648598e+03 
8.556566e-02 7.473920e+03 7.302700e+03 
8.858586e-02 6.999954e+03 6.977928e+03 
9.160606e-02 6.547168e+03 6.672682e+03 
9.462626e-02 6.127040e+03 6.385509e+03 
9.764646e-02 5.749081e+03 6.115082e+03 
1.006667e-01 5.419193e+03 5.860193e+03 
1.036869e-01 5.140347e+03 5.619734e+03 
1.067071e-01 4.910864e+03 5.392693e+03 
1.097273e-01 4.726451e+03 5.178138e+03 
1.127475e-01 4.579833e+03 4.975217e+03 
1.157677e-01 4.462741e+03 4.783145e+03 
1.187879e-01 4.366259e+03 4.601200e+03 
1.218081e-01 4.281905e+03 4.428715e+03 
1.248283e-01 4.201697e+03 4.265077e+03 
1.278485e-01 4.118748e+03 4.109719e+03 
1.308687e-01 4.027358e+03 3.962117e+03 
1.338889e-01 3.923949e+03 3.821787e+03 
1.369091e-01 3.806878e+03 3.688280e+03 
1.399293e-01 3.676690e+03 3.561180e+03 
1.429495e-01 3.535622e+03 3.440102e+03 
1.459697e-01 3.387089e+03 3.324686e+03 
1.489899e-01 3.235201e+03 3.214601e+03 
1.520101e-01 3.084237e+03 3.109537e+03 
1.550303e-01 2.938284e+03 3.009205e+03 
1.580505e-01 2.801090e+03 2.913338e+03 
1.610707e-01 2.675888e+03 2.821684e+03 
1.640909e-01 2.564848e+03 2.734011e+03 
1.671111e-01 2.469118e+03 2.650101e+03 
1.701313e-01 2.388367e+03 2.569749e+03 
1.731515e-01 2.321391e+03 2.492765e+03 
1.761717e-01 2.266100e+03 2.418970e+03 
1.791919e-01 2.220129e+03 2.348199e+03 
1.822121e-01 2.180965e+03 2.280293e+03 
1.852323e-01 2.146102e+03 2.215107e+03 
1.882525e-01 2.113083e+03 2.152502e+03 
1.912727e-01 2.079681e+03 2.092349e+03 
1.942929e-01 2.043919e+03 2.034527e+03 
1.973131e-01 2.004350e+03 1.978920e+03 
2.003333e-01 1.960068e+03 1.925422e+03 
2.033535e-01 1.911002e+03 1.873930e+03 
2.063737e-01 1.857678e+03 1.824350e+03 
2.093939e-01 1.801170e+03 1.776591e+03 
2.124141e-01 1.742785e+03 1.730568e+03 
2.154343e-01 1.683945e+03 1.686202e+03 
2.184545e-01 1.626050e+03 1.643416e+03 
2.214747e-01 1.570398e+03 1.602139e+03 
2.244949e-01 1.518053e+03 1.562304e+03 
2.275152e-01 1.469834e+03 1.523845e+03 
2.305354e-01 1.426277e+03 1.486704e+03 
2.335556e-01 1.387587e+03 1.450822e+03 
2.365758e-01 1.353700e+03 1.416145e+03 
2.395960e-01 1.324230e+03 1.382621e+03 
2.426162e-01 1.298608e+03 1.350203e+03 
2.456364e-01 1.276067e+03 1.318842e+03 
2.486566e-01 1.255768e+03 1.288496e+03 
2.516768e-01 1.236814e+03 1.259123e+03 
2.546970e-01 1.218356e+03 1.230682e+03 
2.577172e-01 1.199614e+03 1.203137e+03 
2.607374e-01 1.180015e+03 1.176450e+03 
2.637576e-01 1.159156e+03 1.150589e+03 
2.667778e-01 1.136909e+03 1.125520e+03 
2.697980e-01 1.113301e+03 1.101213e+03 
2.728182e-01 1.088526e+03 1.077637e+03 
2.758384e-01 1.062878e+03 1.054766e+03 
2.788586e-01 1.036729e+03 1.032571e+03 
2.818788e-01 1.010512e+03 1.011029e+03 
2.848990e-01 9.846829e+02 9.901126e+02 
2.879192e-01 9.596686e+02 9.698005e+02 
2.909394e-01 9.358456e+02 9.500699e+02 
2.939596e-01 9.135026e+02 9.308995e+02 
2.969798e-01 8.928151e+02 9.122691e+02 
3.000000e-01 8.738432e+02 8.941591e+02 
