1.000000e-03 3.566659e+03 3.566656e+03 
4.020202e-03 1.184115e+04 1.193437e+04 
7.040404e-03 1.724080e+04 1.735760e+04 
1.006061e-02 2.054377e+04 2.065004e+04 
1.308081e-02 2.231043e+04 2.239750e+04 
1.610101e-02 2.294569e+04 2.297597e+04 
1.912121e-02 2.276166e+04 2.269244e+04 
2.214141e-02 2.201299e+04 2.185935e+04 
2.516162e-02 2.090824e+04 2.075939e+04 
2.818182e-02 1.961735e+04 1.958753e+04 
3.120202e-02 1.827110e+04 1.844541e+04 
3.422222e-02 1.696500e+04 1.737259e+04 
3.724242e-02 1.576119e+04 1.637799e+04 
4.026263e-02 1.469519e+04 1.545853e+04 
4.328283e-02 1.377847e+04 1.460772e+04 
4.630303e-02 1.300149e+04 1.381880e+04 
4.932323e-02 1.235910e+04 1.308574e+04 
5.234343e-02 1.182921e+04 1.240334e+04 
5.536364e-02 1.137120e+04 1.176713e+04 
5.838384e-02 1.096369e+04 1.117324e+04 
6.140404e-02 1.058463e+04 1.061824e+04 
6.442424e-02 1.020954e+04 1.009907e+04 
6.744444e-02 9.823635e+03 9.612993e+03 
7.046465e-02 9.418128e+03 9.157505e+03 
7.348485e-02 8.989939e+03 8.730329e+03 
7.650505e-02 8.542904e+03 8.329380e+03 
7.952525e-02 8.085873e+03 7.952746e+03 
8.254545e-02 7.630105e+03 7.598672e+03 
8.556566e-02 7.187133e+03 7.265542e+03 
8.858586e-02 6.766975e+03 6.951870e+03 
9.160606e-02 6.377880e+03 6.656288e+03 
9.462626e-02 6.026106e+03 6.377535e+03 
9.764646e-02 5.715648e+03 6.114451e+03 
1.006667e-01 5.448467e+03 5.865964e+03 
1.036869e-01 5.222951e+03 5.631087e+03 
1.067071e-01 5.035010e+03 5.408909e+03 
1.097273e-01 4.877720e+03 5.198587e+03 
1.127475e-01 4.743305e+03 4.999345e+03 
1.157677e-01 4.623558e+03 4.810463e+03 
1.187879e-01 4.511332e+03 4.631277e+03 
1.218081e-01 4.400390e+03 4.461172e+03 
1.248283e-01 4.286198e+03 4.299577e+03 
1.278485e-01 4.165384e+03 4.145965e+03 
1.308687e-01 4.036365e+03 3.999845e+03 
1.338889e-01 3.898917e+03 3.860763e+03 
1.369091e-01 3.754529e+03 3.728297e+03 
1.399293e-01 3.605767e+03 3.602053e+03 
1.429495e-01 3.456059e+03 3.481668e+03 
1.459697e-01 3.308737e+03 3.366800e+03 
1.489899e-01 3.166970e+03 3.257134e+03 
1.520101e-01 3.033461e+03 3.152375e+03 
1.550303e-01 2.910481e+03 3.052246e+03 
1.580505e-01 2.799478e+03 2.956492e+03 
1.610707e-01 2.701250e+03 2.864873e+03 
1.640909e-01 2.615708e+03 2.777163e+03 
1.671111e-01 2.541872e+03 2.693153e+03 
1.701313e-01 2.477904e+03 2.612646e+03 
1.731515e-01 2.421595e+03 2.535459e+03 
1.761717e-01 2.370573e+03 2.461420e+03 
1.791919e-01 2.322720e+03 2.390365e+03 
1.822121e-01 2.276126e+03 2.322144e+03 
1.852323e-01 2.229243e+03 2.256613e+03 
1.882525e-01 2.180828e+03 2.193639e+03 
1.912727e-01 2.130085e+03 2.133096e+03 
1.942929e-01 2.076617e+03 2.074864e+03 
1.973131e-01 2.020474e+03 2.018833e+03 
2.003333e-01 1.962262e+03 1.964897e+03 
2.033535e-01 1.902969e+03 1.912957e+03 
2.063737e-01 1.843683e+03 1.862919e+03 
2.093939e-01 1.785511e+03 1.814695e+03 
2.124141e-01 1.729467e+03 1.768202e+03 
2.154343e-01 1.676402e+03 1.723361e+03 
2.184545e-01 1.626869e+03 1.680097e+03 
2.214747e-01 1.581220e+03 1.638341e+03 
2.244949e-01 1.539590e+03 1.598025e+03 
2.275152e-01 1.501871e+03 1.559086e+03 
2.305354e-01 1.467755e+03 1.521465e+03 
2.335556e-01 1.436735e+03 1.485105e+03 
2.365758e-01 1.408215e+03 1.449952e+03 
2.395960e-01 1.381569e+03 1.415956e+03 
2.426162e-01 1.356174e+03 1.383067e+03 
2.456364e-01 1.331424e+03 1.351241e+03 
2.486566e-01 1.306791e+03 1.320433e+03 
2.516768e-01 1.281852e+03 1.290601e+03 
2.546970e-01 1.256331e+03 1.261708e+03 
2.577172e-01 1.230089e+03 1.233714e+03 
2.607374e-01 1.203205e+03 1.206585e+03 
2.637576e-01 1.175887e+03 1.180286e+03 
2.667778e-01 1.148450e+03 1.154785e+03 
2.697980e-01 1.121224e+03 1.130051e+03 
2.728182e-01 1.094501e+03 1.106054e+03 
2.758384e-01 1.068541e+03 1.082768e+03 
2.788586e-01 1.043570e+03 1.060164e+03 
2.818788e-01 1.019763e+03 1.038218e+03 
2.848990e-01 9.972459e+02 1.016905e+03 
2.879192e-01 9.760931e+02 9.962011e+02 
2.909394e-01 9.563305e+02 9.760850e+02 
2.939596e-01 9.378650e+02 9.565350e+02 
2.969798e-01 9.205473e+02 9.375310e+02 
3.000000e-01 9.041746e+02 9.190533e+02 
