1.000000e-03 5.464358e+03 5.464354e+03 
4.020202e-03 1.833086e+04 1.847702e+04 
7.040404e-03 2.679082e+04 2.700746e+04 
1.006061e-02 3.192775e+04 3.222301e+04 
1.308081e-02 3.454818e+04 3.496110e+04 
1.610101e-02 3.525290e+04 3.571004e+04 
1.912121e-02 3.453071e+04 3.484219e+04 
2.214141e-02 3.280075e+04 3.281287e+04 
2.516162e-02 3.042817e+04 3.016748e+04 
2.818182e-02 2.772357e+04 2.739104e+04 
3.120202e-02 2.493740e+04 2.478848e+04 
3.422222e-02 2.225808e+04 2.248612e+04 
3.724242e-02 1.981385e+04 2.049864e+04 
4.026263e-02 1.768114e+04 1.879191e+04 
4.328283e-02 1.587990e+04 1.731933e+04 
4.630303e-02 1.441258e+04 1.603738e+04 
4.932323e-02 1.327199e+04 1.491021e+04 
5.234343e-02 1.240736e+04 1.390969e+04 
5.536364e-02 1.176613e+04 1.301413e+04 
5.838384e-02 1.129979e+04 1.220675e+04 
6.140404e-02 1.095951e+04 1.147448e+04 
6.442424e-02 1.069577e+04 1.080695e+04 
6.744444e-02 1.046460e+04 1.019585e+04 
7.046465e-02 1.022948e+04 9.634365e+03 
7.348485e-02 9.960521e+03 9.116868e+03 
7.650505e-02 9.637224e+03 8.638615e+03 
7.952525e-02 9.249652e+03 8.195571e+03 
8.254545e-02 8.798686e+03 7.784267e+03 
8.556566e-02 8.294437e+03 7.401691e+03 
8.858586e-02 7.753414e+03 7.045212e+03 
9.160606e-02 7.195929e+03 6.712510e+03 
9.462626e-02 6.643495e+03 6.401532e+03 
9.764646e-02 6.116117e+03 6.110452e+03 
1.006667e-01 5.631470e+03 5.837635e+03 
1.036869e-01 5.201893e+03 5.581615e+03 
1.067071e-01 4.835458e+03 5.341075e+03 
1.097273e-01 4.534256e+03 5.114821e+03 
1.127475e-01 4.296708e+03 4.901775e+03 
1.157677e-01 4.117351e+03 4.700960e+03 
1.187879e-01 3.988717e+03 4.511483e+03 
1.218081e-01 3.901866e+03 4.332534e+03 
1.248283e-01 3.846684e+03 4.163372e+03 
1.278485e-01 3.812524e+03 4.003320e+03 
1.308687e-01 3.788435e+03 3.851755e+03 
1.338889e-01 3.764098e+03 3.708109e+03 
1.369091e-01 3.730246e+03 3.571858e+03 
1.399293e-01 3.680067e+03 3.442520e+03 
1.429495e-01 3.608823e+03 3.319652e+03 
1.459697e-01 3.514699e+03 3.202843e+03 
1.489899e-01 3.397889e+03 3.091715e+03 
1.520101e-01 3.261008e+03 2.985919e+03 
1.550303e-01 3.108365e+03 2.885130e+03 
1.580505e-01 2.945671e+03 2.789049e+03 
1.610707e-01 2.779534e+03 2.697396e+03 
1.640909e-01 2.616694e+03 2.609914e+03 
1.671111e-01 2.463209e+03 2.526361e+03 
1.701313e-01 2.323890e+03 2.446514e+03 
1.731515e-01 2.201872e+03 2.370164e+03 
1.761717e-01 2.098613e+03 2.297117e+03 
1.791919e-01 2.014323e+03 2.227192e+03 
1.822121e-01 1.948135e+03 2.160219e+03 
1.852323e-01 1.898567e+03 2.096041e+03 
1.882525e-01 1.863478e+03 2.034509e+03 
1.912727e-01 1.840217e+03 1.975484e+03 
1.942929e-01 1.825640e+03 1.918836e+03 
1.973131e-01 1.816214e+03 1.864445e+03 
2.003333e-01 1.808301e+03 1.812196e+03 
2.033535e-01 1.798545e+03 1.761981e+03 
2.063737e-01 1.784109e+03 1.713700e+03 
2.093939e-01 1.762953e+03 1.667258e+03 
2.124141e-01 1.733932e+03 1.622566e+03 
2.154343e-01 1.696679e+03 1.579540e+03 
2.184545e-01 1.651638e+03 1.538102e+03 
2.214747e-01 1.599774e+03 1.498175e+03 
2.244949e-01 1.542652e+03 1.459691e+03 
2.275152e-01 1.482167e+03 1.422583e+03 
2.305354e-01 1.420490e+03 1.386787e+03 
2.335556e-01 1.359729e+03 1.352246e+03 
2.365758e-01 1.301852e+03 1.318903e+03 
2.395960e-01 1.248441e+03 1.286705e+03 
2.426162e-01 1.200705e+03 1.255601e+03 
2.456364e-01 1.159336e+03 1.225545e+03 
2.486566e-01 1.124601e+03 1.196492e+03 
2.516768e-01 1.096385e+03 1.168398e+03 
2.546970e-01 1.074182e+03 1.141224e+03 
2.577172e-01 1.057235e+03 1.114931e+03 
2.607374e-01 1.044515e+03 1.089482e+03 
2.637576e-01 1.034872e+03 1.064843e+03 
2.667778e-01 1.027064e+03 1.040981e+03 
2.697980e-01 1.019887e+03 1.017865e+03 
2.728182e-01 1.012210e+03 9.954645e+02 
2.758384e-01 1.003095e+03 9.737518e+02 
2.788586e-01 9.917869e+02 9.526998e+02 
2.818788e-01 9.778075e+02 9.322828e+02 
2.848990e-01 9.609398e+02 9.124764e+02 
2.879192e-01 9.412344e+02 8.932571e+02 
2.909394e-01 9.190064e+02 8.746028e+02 
2.939596e-01 8.947460e+02 8.564921e+02 
2.969798e-01 8.691139e+02 8.389050e+02 
3.000000e-01 8.428369e+02 8.218220e+02 
