1.000000e-03 2.170913e+03 2.170911e+03 
4.020202e-03 7.226613e+03 7.286418e+03 
7.040404e-03 1.060201e+04 1.066933e+04 
1.006061e-02 1.277347e+04 1.279789e+04 
1.308081e-02 1.408615e+04 1.404433e+04 
1.610101e-02 1.478152e+04 1.466792e+04 
1.912121e-02 1.503423e+04 1.486166e+04 
2.214141e-02 1.497605e+04 1.477444e+04 
2.516162e-02 1.470587e+04 1.451289e+04 
2.818182e-02 1.430029e+04 1.414627e+04 
3.120202e-02 1.381564e+04 1.371772e+04 
3.422222e-02 1.329314e+04 1.325443e+04 
3.724242e-02 1.276056e+04 1.277417e+04 
4.026263e-02 1.223705e+04 1.228891e+04 
4.328283e-02 1.172769e+04 1.180683e+04 
4.630303e-02 1.123710e+04 1.133352e+04 
4.932323e-02 1.077872e+04 1.087278e+04 
5.234343e-02 1.034313e+04 1.042705e+04 
5.536364e-02 9.918431e+03 9.997863e+03 
5.838384e-02 9.507294e+03 9.586054e+03 
6.140404e-02 9.111948e+03 9.191962e+03 
6.442424e-02 8.731851e+03 8.815573e+03 
6.744444e-02 8.365586e+03 8.456624e+03 
7.046465e-02 8.011279e+03 8.114677e+03 
7.348485e-02 7.669420e+03 7.789178e+03 
7.650505e-02 7.342172e+03 7.479498e+03 
7.952525e-02 7.032150e+03 7.184965e+03 
8.254545e-02 6.741787e+03 6.904884e+03 
8.556566e-02 6.471131e+03 6.638557e+03 
8.858586e-02 6.219053e+03 6.385292e+03 
9.160606e-02 5.983184e+03 6.144413e+03 
9.462626e-02 5.761173e+03 5.915265e+03 
9.764646e-02 5.551770e+03 5.697217e+03 
1.006667e-01 5.354027e+03 5.489667e+03 
1.036869e-01 5.167189e+03 5.292041e+03 
1.067071e-01 4.990155e+03 5.103792e+03 
1.097273e-01 4.821203e+03 4.924403e+03 
1.127475e-01 4.658644e+03 4.753386e+03 
1.157677e-01 4.500956e+03 4.590281e+03 
1.187879e-01 4.347539e+03 4.434651e+03 
1.218081e-01 4.198677e+03 4.286088e+03 
1.248283e-01 4.054939e+03 4.144207e+03 
1.278485e-01 3.917070e+03 4.008644e+03 
1.308687e-01 3.785607e+03 3.879060e+03 
1.338889e-01 3.660715e+03 3.755133e+03 
1.369091e-01 3.542440e+03 3.636563e+03 
1.399293e-01 3.430452e+03 3.523065e+03 
1.429495e-01 3.324299e+03 3.414375e+03 
1.459697e-01 3.223483e+03 3.310241e+03 
1.489899e-01 3.127468e+03 3.210429e+03 
1.520101e-01 3.035812e+03 3.114717e+03 
1.550303e-01 2.948263e+03 3.022896e+03 
1.580505e-01 2.864571e+03 2.934771e+03 
1.610707e-01 2.784362e+03 2.850156e+03 
1.640909e-01 2.707214e+03 2.768879e+03 
1.671111e-01 2.632735e+03 2.690775e+03 
1.701313e-01 2.560555e+03 2.615689e+03 
1.731515e-01 2.490440e+03 2.543477e+03 
1.761717e-01 2.422480e+03 2.474001e+03 
1.791919e-01 2.356805e+03 2.407131e+03 
1.822121e-01 2.293503e+03 2.342744e+03 
1.852323e-01 2.232642e+03 2.280726e+03 
1.882525e-01 2.174159e+03 2.220967e+03 
1.912727e-01 2.117860e+03 2.163363e+03 
1.942929e-01 2.063591e+03 2.107818e+03 
1.973131e-01 2.011326e+03 2.054238e+03 
2.003333e-01 1.961061e+03 2.002536e+03 
2.033535e-01 1.912762e+03 1.952629e+03 
2.063737e-01 1.866378e+03 1.904439e+03 
2.093939e-01 1.821774e+03 1.857891e+03 
2.124141e-01 1.778714e+03 1.812915e+03 
2.154343e-01 1.736996e+03 1.769444e+03 
2.184545e-01 1.696533e+03 1.727413e+03 
2.214747e-01 1.657272e+03 1.686764e+03 
2.244949e-01 1.619194e+03 1.647438e+03 
2.275152e-01 1.582303e+03 1.609381e+03 
2.305354e-01 1.546576e+03 1.572541e+03 
2.335556e-01 1.511954e+03 1.536869e+03 
2.365758e-01 1.478378e+03 1.502318e+03 
2.395960e-01 1.445810e+03 1.468844e+03 
2.426162e-01 1.414215e+03 1.436404e+03 
2.456364e-01 1.383580e+03 1.404957e+03 
2.486566e-01 1.353902e+03 1.374465e+03 
2.516768e-01 1.325165e+03 1.344891e+03 
2.546970e-01 1.297322e+03 1.316200e+03 
2.577172e-01 1.270327e+03 1.288359e+03 
2.607374e-01 1.244134e+03 1.261335e+03 
2.637576e-01 1.218697e+03 1.235099e+03 
2.667778e-01 1.193986e+03 1.209620e+03 
2.697980e-01 1.169975e+03 1.184872e+03 
2.728182e-01 1.146641e+03 1.160828e+03 
2.758384e-01 1.123957e+03 1.137461e+03 
2.788586e-01 1.101898e+03 1.114749e+03 
2.818788e-01 1.080438e+03 1.092667e+03 
2.848990e-01 1.059553e+03 1.071193e+03 
2.879192e-01 1.039219e+03 1.050307e+03 
2.909394e-01 1.019414e+03 1.029987e+03 
2.939596e-01 1.000123e+03 1.010214e+03 
2.969798e-01 9.813406e+02 9.909695e+02 
3.000000e-01 9.630620e+02 9.722352e+02 
