1.000000e-03 3.419016e+03 3.419013e+03 
4.020202e-03 1.142821e+04 1.151771e+04 
7.040404e-03 1.671885e+04 1.683306e+04 
1.006061e-02 1.999918e+04 2.010666e+04 
1.308081e-02 2.179127e+04 2.188462e+04 
1.610101e-02 2.247660e+04 2.251914e+04 
1.912121e-02 2.235273e+04 2.229861e+04 
2.214141e-02 2.166424e+04 2.152177e+04 
2.516162e-02 2.061460e+04 2.046598e+04 
2.818182e-02 1.936954e+04 1.932786e+04 
3.120202e-02 1.805948e+04 1.821276e+04 
3.422222e-02 1.677995e+04 1.716308e+04 
3.724242e-02 1.559444e+04 1.618923e+04 
4.026263e-02 1.454040e+04 1.528879e+04 
4.328283e-02 1.363101e+04 1.445549e+04 
4.630303e-02 1.285856e+04 1.368267e+04 
4.932323e-02 1.222083e+04 1.296433e+04 
5.234343e-02 1.169671e+04 1.229533e+04 
5.536364e-02 1.124628e+04 1.167128e+04 
5.838384e-02 1.084868e+04 1.108838e+04 
6.140404e-02 1.048238e+04 1.054328e+04 
6.442424e-02 1.012367e+04 1.003304e+04 
6.744444e-02 9.755899e+03 9.554983e+03 
7.046465e-02 9.368537e+03 9.106704e+03 
7.348485e-02 8.957262e+03 8.686002e+03 
7.650505e-02 8.524681e+03 8.290867e+03 
7.952525e-02 8.079050e+03 7.919453e+03 
8.254545e-02 7.631379e+03 7.570065e+03 
8.556566e-02 7.193225e+03 7.241143e+03 
8.858586e-02 6.774712e+03 6.931249e+03 
9.160606e-02 6.384341e+03 6.639061e+03 
9.462626e-02 6.028817e+03 6.363357e+03 
9.764646e-02 5.712789e+03 6.103011e+03 
1.006667e-01 5.438967e+03 5.856984e+03 
1.036869e-01 5.206946e+03 5.624317e+03 
1.067071e-01 5.013577e+03 5.404124e+03 
1.097273e-01 4.852775e+03 5.195586e+03 
1.127475e-01 4.717100e+03 4.997945e+03 
1.157677e-01 4.598386e+03 4.810501e+03 
1.187879e-01 4.489208e+03 4.632605e+03 
1.218081e-01 4.382934e+03 4.463657e+03 
1.248283e-01 4.274655e+03 4.303098e+03 
1.278485e-01 4.160621e+03 4.150414e+03 
1.308687e-01 4.038673e+03 4.005124e+03 
1.338889e-01 3.908065e+03 3.866783e+03 
1.369091e-01 3.769592e+03 3.734977e+03 
1.399293e-01 3.625336e+03 3.609322e+03 
1.429495e-01 3.478278e+03 3.489459e+03 
1.459697e-01 3.331772e+03 3.375054e+03 
1.489899e-01 3.189215e+03 3.265797e+03 
1.520101e-01 3.053630e+03 3.161397e+03 
1.550303e-01 2.927585e+03 3.061585e+03 
1.580505e-01 2.812885e+03 2.966106e+03 
1.610707e-01 2.710639e+03 2.874725e+03 
1.640909e-01 2.621169e+03 2.787220e+03 
1.671111e-01 2.543807e+03 2.703386e+03 
1.701313e-01 2.477132e+03 2.623028e+03 
1.731515e-01 2.419132e+03 2.545964e+03 
1.761717e-01 2.367573e+03 2.472025e+03 
1.791919e-01 2.320273e+03 2.401051e+03 
1.822121e-01 2.275191e+03 2.332892e+03 
1.852323e-01 2.230551e+03 2.267406e+03 
1.882525e-01 2.184885e+03 2.204462e+03 
1.912727e-01 2.137090e+03 2.143935e+03 
1.942929e-01 2.086535e+03 2.085707e+03 
1.973131e-01 2.033001e+03 2.029669e+03 
2.003333e-01 1.976924e+03 1.975715e+03 
2.033535e-01 1.919073e+03 1.923748e+03 
2.063737e-01 1.860511e+03 1.873675e+03 
2.093939e-01 1.802340e+03 1.825408e+03 
2.124141e-01 1.745620e+03 1.778866e+03 
2.154343e-01 1.691272e+03 1.733969e+03 
2.184545e-01 1.640050e+03 1.690645e+03 
2.214747e-01 1.592491e+03 1.648822e+03 
2.244949e-01 1.548940e+03 1.608436e+03 
2.275152e-01 1.509434e+03 1.569424e+03 
2.305354e-01 1.473814e+03 1.531725e+03 
2.335556e-01 1.441660e+03 1.495285e+03 
2.365758e-01 1.412434e+03 1.460049e+03 
2.395960e-01 1.385481e+03 1.425968e+03 
2.426162e-01 1.360162e+03 1.392992e+03 
2.456364e-01 1.335871e+03 1.361076e+03 
2.486566e-01 1.312044e+03 1.330178e+03 
2.516768e-01 1.288159e+03 1.300255e+03 
2.546970e-01 1.263834e+03 1.271269e+03 
2.577172e-01 1.238801e+03 1.243182e+03 
2.607374e-01 1.212982e+03 1.215959e+03 
2.637576e-01 1.186452e+03 1.189565e+03 
2.667778e-01 1.159492e+03 1.163969e+03 
2.697980e-01 1.132427e+03 1.139140e+03 
2.728182e-01 1.105598e+03 1.115049e+03 
2.758384e-01 1.079314e+03 1.091668e+03 
2.788586e-01 1.053847e+03 1.068969e+03 
2.818788e-01 1.029396e+03 1.046928e+03 
2.848990e-01 1.006126e+03 1.025521e+03 
2.879192e-01 9.841581e+02 1.004723e+03 
2.909394e-01 9.635726e+02 9.845139e+02 
2.939596e-01 9.443770e+02 9.648712e+02 
2.969798e-01 9.264930e+02 9.457749e+02 
3.000000e-01 9.097508e+02 9.272057e+02 
