1.000000e-03 2.942312e+03 2.942310e+03 
4.020202e-03 9.905794e+03 9.983380e+03 
7.040404e-03 1.454356e+04 1.463869e+04 
1.006061e-02 1.745359e+04 1.752958e+04 
1.308081e-02 1.908661e+04 1.913123e+04 
1.610101e-02 1.977270e+04 1.975970e+04 
1.912121e-02 1.976883e+04 1.967423e+04 
2.214141e-02 1.928215e+04 1.912966e+04 
2.516162e-02 1.848391e+04 1.834842e+04 
2.818182e-02 1.751196e+04 1.748161e+04 
3.120202e-02 1.647412e+04 1.660985e+04 
3.422222e-02 1.544869e+04 1.576814e+04 
3.724242e-02 1.448930e+04 1.496869e+04 
4.026263e-02 1.362425e+04 1.421405e+04 
4.328283e-02 1.285760e+04 1.350328e+04 
4.630303e-02 1.220431e+04 1.283431e+04 
4.932323e-02 1.165489e+04 1.220480e+04 
5.234343e-02 1.117960e+04 1.161247e+04 
5.536364e-02 1.075517e+04 1.105512e+04 
5.838384e-02 1.036545e+04 1.053067e+04 
6.140404e-02 9.996607e+03 1.003710e+04 
6.442424e-02 9.631193e+03 9.572523e+03 
6.744444e-02 9.257534e+03 9.135125e+03 
7.046465e-02 8.869868e+03 8.723188e+03 
7.348485e-02 8.467379e+03 8.335085e+03 
7.650505e-02 8.054709e+03 7.969281e+03 
7.952525e-02 7.640099e+03 7.624332e+03 
8.254545e-02 7.233545e+03 7.298881e+03 
8.556566e-02 6.843816e+03 6.991658e+03 
8.858586e-02 6.477938e+03 6.701478e+03 
9.160606e-02 6.140964e+03 6.427231e+03 
9.462626e-02 5.836429e+03 6.167886e+03 
9.764646e-02 5.566361e+03 5.922480e+03 
1.006667e-01 5.331302e+03 5.690118e+03 
1.036869e-01 5.129433e+03 5.469969e+03 
1.067071e-01 4.956708e+03 5.261257e+03 
1.097273e-01 4.807167e+03 5.063264e+03 
1.127475e-01 4.673825e+03 4.875320e+03 
1.157677e-01 4.550044e+03 4.696803e+03 
1.187879e-01 4.429835e+03 4.527135e+03 
1.218081e-01 4.309107e+03 4.365777e+03 
1.248283e-01 4.184932e+03 4.212230e+03 
1.278485e-01 4.056042e+03 4.066027e+03 
1.308687e-01 3.922108e+03 3.926735e+03 
1.338889e-01 3.783869e+03 3.793949e+03 
1.369091e-01 3.642919e+03 3.667292e+03 
1.399293e-01 3.501602e+03 3.546414e+03 
1.429495e-01 3.362518e+03 3.430985e+03 
1.459697e-01 3.228323e+03 3.320701e+03 
1.489899e-01 3.101173e+03 3.215275e+03 
1.520101e-01 2.982862e+03 3.114441e+03 
1.550303e-01 2.874554e+03 3.017947e+03 
1.580505e-01 2.776945e+03 2.925561e+03 
1.610707e-01 2.689968e+03 2.837063e+03 
1.640909e-01 2.612971e+03 2.752248e+03 
1.671111e-01 2.544564e+03 2.670924e+03 
1.701313e-01 2.483049e+03 2.592910e+03 
1.731515e-01 2.426492e+03 2.518037e+03 
1.761717e-01 2.373105e+03 2.446146e+03 
1.791919e-01 2.321263e+03 2.377087e+03 
1.822121e-01 2.269751e+03 2.310719e+03 
1.852323e-01 2.217614e+03 2.246912e+03 
1.882525e-01 2.164265e+03 2.185539e+03 
1.912727e-01 2.109372e+03 2.126484e+03 
1.942929e-01 2.053018e+03 2.069636e+03 
1.973131e-01 1.995578e+03 2.014891e+03 
2.003333e-01 1.937790e+03 1.962151e+03 
2.033535e-01 1.880514e+03 1.911322e+03 
2.063737e-01 1.824677e+03 1.862318e+03 
2.093939e-01 1.771005e+03 1.815055e+03 
2.124141e-01 1.720056e+03 1.769454e+03 
2.154343e-01 1.672181e+03 1.725443e+03 
2.184545e-01 1.627608e+03 1.682950e+03 
2.214747e-01 1.586380e+03 1.641909e+03 
2.244949e-01 1.548420e+03 1.602257e+03 
2.275152e-01 1.513447e+03 1.563935e+03 
2.305354e-01 1.481061e+03 1.526886e+03 
2.335556e-01 1.450717e+03 1.491056e+03 
2.365758e-01 1.421883e+03 1.456395e+03 
2.395960e-01 1.394061e+03 1.422853e+03 
2.426162e-01 1.366844e+03 1.390386e+03 
2.456364e-01 1.339905e+03 1.358948e+03 
2.486566e-01 1.313005e+03 1.328500e+03 
2.516768e-01 1.285968e+03 1.299000e+03 
2.546970e-01 1.258725e+03 1.270412e+03 
2.577172e-01 1.231280e+03 1.242700e+03 
2.607374e-01 1.203763e+03 1.215829e+03 
2.637576e-01 1.176376e+03 1.189767e+03 
2.667778e-01 1.149419e+03 1.164483e+03 
2.697980e-01 1.123161e+03 1.139947e+03 
2.728182e-01 1.097822e+03 1.116131e+03 
2.758384e-01 1.073532e+03 1.093009e+03 
2.788586e-01 1.050350e+03 1.070554e+03 
2.818788e-01 1.028291e+03 1.048743e+03 
2.848990e-01 1.007340e+03 1.027550e+03 
2.879192e-01 9.874610e+02 1.006955e+03 
2.909394e-01 9.685971e+02 9.869353e+02 
2.939596e-01 9.506495e+02 9.674707e+02 
2.969798e-01 9.334930e+02 9.485415e+02 
3.000000e-01 9.169663e+02 9.301289e+02 
