1.000000e-03 1.070985e+04 1.070984e+04 
4.020202e-03 3.496168e+04 3.524625e+04 
7.040404e-03 5.035642e+04 5.080934e+04 
1.006061e-02 5.928087e+04 5.999599e+04 
1.308081e-02 6.335655e+04 6.449138e+04 
1.610101e-02 6.375805e+04 6.519458e+04 
1.912121e-02 6.143327e+04 6.270527e+04 
2.214141e-02 5.720153e+04 5.778085e+04 
2.516162e-02 5.178728e+04 5.147472e+04 
2.818182e-02 4.581099e+04 4.487936e+04 
3.120202e-02 3.977607e+04 3.878189e+04 
3.422222e-02 3.406138e+04 3.354762e+04 
3.724242e-02 2.892117e+04 2.922574e+04 
4.026263e-02 2.449608e+04 2.570908e+04 
4.328283e-02 2.081886e+04 2.284614e+04 
4.630303e-02 1.787771e+04 2.049453e+04 
4.932323e-02 1.562308e+04 1.853813e+04 
5.234343e-02 1.395945e+04 1.688788e+04 
5.536364e-02 1.278706e+04 1.547717e+04 
5.838384e-02 1.200792e+04 1.425647e+04 
6.140404e-02 1.152909e+04 1.318880e+04 
6.442424e-02 1.126759e+04 1.224626e+04 
6.744444e-02 1.115088e+04 1.140752e+04 
7.046465e-02 1.111189e+04 1.065603e+04 
7.348485e-02 1.108686e+04 9.978733e+03 
7.650505e-02 1.101818e+04 9.365206e+03 
7.952525e-02 1.085952e+04 8.806985e+03 
8.254545e-02 1.058017e+04 8.297117e+03 
8.556566e-02 1.016822e+04 7.829822e+03 
8.858586e-02 9.630393e+03 7.400242e+03 
9.160606e-02 8.988653e+03 7.004253e+03 
9.462626e-02 8.274106e+03 6.638326e+03 
9.764646e-02 7.523399e+03 6.299418e+03 
1.006667e-01 6.773574e+03 5.984883e+03 
1.036869e-01 6.058471e+03 5.692413e+03 
1.067071e-01 5.405066e+03 5.419976e+03 
1.097273e-01 4.832844e+03 5.165782e+03 
1.127475e-01 4.352201e+03 4.928241e+03 
1.157677e-01 3.967256e+03 4.705938e+03 
1.187879e-01 3.675008e+03 4.497609e+03 
1.218081e-01 3.468868e+03 4.302121e+03 
1.248283e-01 3.339194e+03 4.118454e+03 
1.278485e-01 3.274550e+03 3.945690e+03 
1.308687e-01 3.262410e+03 3.782998e+03 
1.338889e-01 3.289475e+03 3.629625e+03 
1.369091e-01 3.341992e+03 3.484888e+03 
1.399293e-01 3.405796e+03 3.348165e+03 
1.429495e-01 3.467131e+03 3.218888e+03 
1.459697e-01 3.512897e+03 3.096540e+03 
1.489899e-01 3.531674e+03 2.980647e+03 
1.520101e-01 3.514341e+03 2.870773e+03 
1.550303e-01 3.455543e+03 2.766520e+03 
1.580505e-01 3.354280e+03 2.667522e+03 
1.610707e-01 3.213712e+03 2.573440e+03 
1.640909e-01 3.041399e+03 2.483964e+03 
1.671111e-01 2.847088e+03 2.398805e+03 
1.701313e-01 2.641813e+03 2.317700e+03 
1.731515e-01 2.435916e+03 2.240401e+03 
1.761717e-01 2.238492e+03 2.166681e+03 
1.791919e-01 2.056645e+03 2.096330e+03 
1.822121e-01 1.895876e+03 2.029150e+03 
1.852323e-01 1.759564e+03 1.964961e+03 
1.882525e-01 1.649624e+03 1.903591e+03 
1.912727e-01 1.566387e+03 1.844884e+03 
1.942929e-01 1.508744e+03 1.788692e+03 
1.973131e-01 1.474508e+03 1.734879e+03 
2.003333e-01 1.460481e+03 1.683314e+03 
2.033535e-01 1.462926e+03 1.633880e+03 
2.063737e-01 1.477605e+03 1.586463e+03 
2.093939e-01 1.500088e+03 1.540959e+03 
2.124141e-01 1.525831e+03 1.497270e+03 
2.154343e-01 1.550336e+03 1.455302e+03 
2.184545e-01 1.569308e+03 1.414970e+03 
2.214747e-01 1.578927e+03 1.376193e+03 
2.244949e-01 1.576256e+03 1.338893e+03 
2.275152e-01 1.559397e+03 1.302999e+03 
2.305354e-01 1.527986e+03 1.268444e+03 
2.335556e-01 1.482777e+03 1.235164e+03 
2.365758e-01 1.425847e+03 1.203099e+03 
2.395960e-01 1.359944e+03 1.172191e+03 
2.426162e-01 1.288367e+03 1.142389e+03 
2.456364e-01 1.214452e+03 1.113641e+03 
2.486566e-01 1.141436e+03 1.085900e+03 
2.516768e-01 1.072193e+03 1.059120e+03 
2.546970e-01 1.009146e+03 1.033260e+03 
2.577172e-01 9.540693e+02 1.008279e+03 
2.607374e-01 9.080288e+02 9.841386e+02 
2.637576e-01 8.714797e+02 9.608029e+02 
2.667778e-01 8.442506e+02 9.382377e+02 
2.697980e-01 8.257910e+02 9.164103e+02 
2.728182e-01 8.151579e+02 8.952901e+02 
2.758384e-01 8.111892e+02 8.748477e+02 
2.788586e-01 8.125354e+02 8.550553e+02 
2.818788e-01 8.176644e+02 8.358866e+02 
2.848990e-01 8.249369e+02 8.173164e+02 
2.879192e-01 8.326233e+02 7.993209e+02 
2.909394e-01 8.390463e+02 7.818773e+02 
2.939596e-01 8.426484e+02 7.649639e+02 
2.969798e-01 8.422241e+02 7.485603e+02 
3.000000e-01 8.368986e+02 7.326467e+02 
