1.000000e-03 5.048804e+03 5.048799e+03 
4.020202e-03 1.690627e+04 1.704104e+04 
7.040404e-03 2.469795e+04 2.489358e+04 
1.006061e-02 2.943987e+04 2.969444e+04 
1.308081e-02 3.188247e+04 3.222448e+04 
1.610101e-02 3.258363e+04 3.294626e+04 
1.912121e-02 3.199116e+04 3.221663e+04 
2.214141e-02 3.048622e+04 3.045980e+04 
2.516162e-02 2.839973e+04 2.816483e+04 
2.818182e-02 2.600962e+04 2.575266e+04 
3.120202e-02 2.354036e+04 2.348143e+04 
3.422222e-02 2.116033e+04 2.145653e+04 
3.724242e-02 1.898349e+04 1.969085e+04 
4.026263e-02 1.707909e+04 1.815753e+04 
4.328283e-02 1.546612e+04 1.681960e+04 
4.630303e-02 1.414444e+04 1.564244e+04 
4.932323e-02 1.311142e+04 1.459738e+04 
5.234343e-02 1.232167e+04 1.366180e+04 
5.536364e-02 1.172575e+04 1.281808e+04 
5.838384e-02 1.128042e+04 1.205250e+04 
6.140404e-02 1.094053e+04 1.135421e+04 
6.442424e-02 1.066192e+04 1.071453e+04 
6.744444e-02 1.040525e+04 1.012642e+04 
7.046465e-02 1.013867e+04 9.584019e+03 
7.348485e-02 9.837455e+03 9.082442e+03 
7.650505e-02 9.485613e+03 8.617522e+03 
7.952525e-02 9.076796e+03 8.185680e+03 
8.254545e-02 8.614858e+03 7.783810e+03 
8.556566e-02 8.111219e+03 7.409192e+03 
8.858586e-02 7.582190e+03 7.059429e+03 
9.160606e-02 7.046750e+03 6.732396e+03 
9.462626e-02 6.523963e+03 6.426200e+03 
9.764646e-02 6.031358e+03 6.139144e+03 
1.006667e-01 5.583322e+03 5.869706e+03 
1.036869e-01 5.190047e+03 5.616512e+03 
1.067071e-01 4.857301e+03 5.378321e+03 
1.097273e-01 4.585608e+03 5.154008e+03 
1.127475e-01 4.372081e+03 4.942550e+03 
1.157677e-01 4.210524e+03 4.743016e+03 
1.187879e-01 4.093166e+03 4.554557e+03 
1.218081e-01 4.010767e+03 4.376398e+03 
1.248283e-01 3.953496e+03 4.207827e+03 
1.278485e-01 3.911156e+03 4.048194e+03 
1.308687e-01 3.873798e+03 3.896901e+03 
1.338889e-01 3.832125e+03 3.753397e+03 
1.369091e-01 3.778672e+03 3.617176e+03 
1.399293e-01 3.707987e+03 3.487772e+03 
1.429495e-01 3.617414e+03 3.364754e+03 
1.459697e-01 3.506553e+03 3.247723e+03 
1.489899e-01 3.376952e+03 3.136313e+03 
1.520101e-01 3.232038e+03 3.030180e+03 
1.550303e-01 3.076353e+03 2.929010e+03 
1.580505e-01 2.915547e+03 2.832509e+03 
1.610707e-01 2.755552e+03 2.740404e+03 
1.640909e-01 2.602332e+03 2.652442e+03 
1.671111e-01 2.460782e+03 2.568386e+03 
1.701313e-01 2.334680e+03 2.488018e+03 
1.731515e-01 2.225936e+03 2.411132e+03 
1.761717e-01 2.135275e+03 2.337538e+03 
1.791919e-01 2.062033e+03 2.267055e+03 
1.822121e-01 2.004868e+03 2.199519e+03 
1.852323e-01 1.961803e+03 2.134772e+03 
1.882525e-01 1.930429e+03 2.072668e+03 
1.912727e-01 1.908000e+03 2.013070e+03 
1.942929e-01 1.891368e+03 1.955851e+03 
1.973131e-01 1.877264e+03 1.900889e+03 
2.003333e-01 1.862467e+03 1.848071e+03 
2.033535e-01 1.844191e+03 1.797291e+03 
2.063737e-01 1.820272e+03 1.748450e+03 
2.093939e-01 1.789472e+03 1.701453e+03 
2.124141e-01 1.751296e+03 1.656211e+03 
2.154343e-01 1.706135e+03 1.612641e+03 
2.184545e-01 1.654871e+03 1.570665e+03 
2.214747e-01 1.598900e+03 1.530208e+03 
2.244949e-01 1.539878e+03 1.491201e+03 
2.275152e-01 1.479679e+03 1.453577e+03 
2.305354e-01 1.420174e+03 1.417274e+03 
2.335556e-01 1.363161e+03 1.382233e+03 
2.365758e-01 1.310140e+03 1.348397e+03 
2.395960e-01 1.262294e+03 1.315715e+03 
2.426162e-01 1.220312e+03 1.284136e+03 
2.456364e-01 1.184486e+03 1.253612e+03 
2.486566e-01 1.154715e+03 1.224098e+03 
2.516768e-01 1.130553e+03 1.195553e+03 
2.546970e-01 1.111317e+03 1.167935e+03 
2.577172e-01 1.096058e+03 1.141206e+03 
2.607374e-01 1.083715e+03 1.115330e+03 
2.637576e-01 1.073140e+03 1.090271e+03 
2.667778e-01 1.063220e+03 1.065998e+03 
2.697980e-01 1.052916e+03 1.042477e+03 
2.728182e-01 1.041379e+03 1.019681e+03 
2.758384e-01 1.027934e+03 9.975792e+02 
2.788586e-01 1.012188e+03 9.761458e+02 
2.818788e-01 9.939552e+02 9.553547e+02 
2.848990e-01 9.733106e+02 9.351814e+02 
2.879192e-01 9.505405e+02 9.156023e+02 
2.909394e-01 9.261120e+02 8.965952e+02 
2.939596e-01 9.006137e+02 8.781387e+02 
2.969798e-01 8.746912e+02 8.602124e+02 
3.000000e-01 8.490088e+02 8.427968e+02 
