1.000000e-03 7.070329e+03 7.070323e+03 
4.020202e-03 2.347539e+04 2.366281e+04 
7.040404e-03 3.417866e+04 3.446849e+04 
1.006061e-02 4.061611e+04 4.104318e+04 
1.308081e-02 4.381471e+04 4.445784e+04 
1.610101e-02 4.453709e+04 4.531060e+04 
1.912121e-02 4.340373e+04 4.402788e+04 
2.214141e-02 4.095460e+04 4.114540e+04 
2.516162e-02 3.766469e+04 3.736497e+04 
2.818182e-02 3.394171e+04 3.337142e+04 
3.120202e-02 3.011902e+04 2.963420e+04 
3.422222e-02 2.644926e+04 2.636538e+04 
3.724242e-02 2.310542e+04 2.359742e+04 
4.026263e-02 2.019039e+04 2.127717e+04 
4.328283e-02 1.773422e+04 1.932697e+04 
4.630303e-02 1.574061e+04 1.767289e+04 
4.932323e-02 1.419065e+04 1.625378e+04 
5.234343e-02 1.302548e+04 1.502198e+04 
5.536364e-02 1.217884e+04 1.394118e+04 
5.838384e-02 1.158779e+04 1.298378e+04 
6.140404e-02 1.119250e+04 1.212872e+04 
6.442424e-02 1.092957e+04 1.135971e+04 
6.744444e-02 1.074342e+04 1.066399e+04 
7.046465e-02 1.058528e+04 1.003140e+04 
7.348485e-02 1.041136e+04 9.453715e+03 
7.650505e-02 1.018660e+04 8.924207e+03 
7.952525e-02 9.887214e+03 8.437276e+03 
8.254545e-02 9.501776e+03 7.988214e+03 
8.556566e-02 9.031816e+03 7.573017e+03 
8.858586e-02 8.489873e+03 7.188250e+03 
9.160606e-02 7.896507e+03 6.830942e+03 
9.462626e-02 7.277021e+03 6.498501e+03 
9.764646e-02 6.658003e+03 6.188654e+03 
1.006667e-01 6.065137e+03 5.899395e+03 
1.036869e-01 5.519237e+03 5.628946e+03 
1.067071e-01 5.035985e+03 5.375724e+03 
1.097273e-01 4.624456e+03 5.138312e+03 
1.127475e-01 4.287872e+03 4.915442e+03 
1.157677e-01 4.024919e+03 4.705969e+03 
1.187879e-01 3.830363e+03 4.508862e+03 
1.218081e-01 3.696881e+03 4.323189e+03 
1.248283e-01 3.615196e+03 4.148101e+03 
1.278485e-01 3.574757e+03 3.982829e+03 
1.308687e-01 3.563907e+03 3.826671e+03 
1.338889e-01 3.570446e+03 3.678988e+03 
1.369091e-01 3.582240e+03 3.539194e+03 
1.399293e-01 3.588157e+03 3.406753e+03 
1.429495e-01 3.578652e+03 3.281173e+03 
1.459697e-01 3.546407e+03 3.162003e+03 
1.489899e-01 3.486692e+03 3.048825e+03 
1.520101e-01 3.397126e+03 2.941259e+03 
1.550303e-01 3.278682e+03 2.838949e+03 
1.580505e-01 3.134643e+03 2.741570e+03 
1.610707e-01 2.971080e+03 2.648819e+03 
1.640909e-01 2.795514e+03 2.560417e+03 
1.671111e-01 2.616458e+03 2.476106e+03 
1.701313e-01 2.441748e+03 2.395643e+03 
1.731515e-01 2.278258e+03 2.318807e+03 
1.761717e-01 2.130823e+03 2.245389e+03 
1.791919e-01 2.002737e+03 2.175197e+03 
1.822121e-01 1.895581e+03 2.108049e+03 
1.852323e-01 1.809777e+03 2.043778e+03 
1.882525e-01 1.744858e+03 1.982227e+03 
1.912727e-01 1.699396e+03 1.923250e+03 
1.942929e-01 1.671260e+03 1.866710e+03 
1.973131e-01 1.657425e+03 1.812479e+03 
2.003333e-01 1.654311e+03 1.760436e+03 
2.033535e-01 1.657892e+03 1.710470e+03 
2.063737e-01 1.664104e+03 1.662475e+03 
2.093939e-01 1.669054e+03 1.616352e+03 
2.124141e-01 1.669426e+03 1.572007e+03 
2.154343e-01 1.662520e+03 1.529355e+03 
2.184545e-01 1.646411e+03 1.488311e+03 
2.214747e-01 1.620069e+03 1.448800e+03 
2.244949e-01 1.583228e+03 1.410748e+03 
2.275152e-01 1.536651e+03 1.374086e+03 
2.305354e-01 1.481768e+03 1.338750e+03 
2.335556e-01 1.420772e+03 1.304679e+03 
2.365758e-01 1.356195e+03 1.271814e+03 
2.395960e-01 1.290764e+03 1.240102e+03 
2.426162e-01 1.226967e+03 1.209491e+03 
2.456364e-01 1.167007e+03 1.179932e+03 
2.486566e-01 1.112553e+03 1.151379e+03 
2.516768e-01 1.064831e+03 1.123788e+03 
2.546970e-01 1.024564e+03 1.097118e+03 
2.577172e-01 9.919735e+02 1.071330e+03 
2.607374e-01 9.668895e+02 1.046387e+03 
2.637576e-01 9.487125e+02 1.022252e+03 
2.667778e-01 9.365795e+02 9.988934e+02 
2.697980e-01 9.293380e+02 9.762784e+02 
2.728182e-01 9.256834e+02 9.543770e+02 
2.758384e-01 9.242038e+02 9.331604e+02 
2.788586e-01 9.235022e+02 9.126013e+02 
2.818788e-01 9.222440e+02 8.926737e+02 
2.848990e-01 9.192584e+02 8.733527e+02 
2.879192e-01 9.135799e+02 8.546148e+02 
2.909394e-01 9.045064e+02 8.364374e+02 
2.939596e-01 8.916650e+02 8.187992e+02 
2.969798e-01 8.749645e+02 8.016798e+02 
3.000000e-01 8.546979e+02 7.850595e+02 
