1.000000e-03 1.109520e+04 1.109519e+04 
4.020202e-03 3.745535e+04 3.775726e+04 
7.040404e-03 5.486291e+04 5.536663e+04 
1.006061e-02 6.535574e+04 6.619747e+04 
1.308081e-02 7.047863e+04 7.188315e+04 
1.610101e-02 7.141083e+04 7.329176e+04 
1.912121e-02 6.914615e+04 7.096534e+04 
2.214141e-02 6.457671e+04 6.561940e+04 
2.516162e-02 5.851449e+04 5.837144e+04 
2.818182e-02 5.167783e+04 5.051688e+04 
3.120202e-02 4.466707e+04 4.309952e+04 
3.422222e-02 3.794662e+04 3.667911e+04 
3.724242e-02 3.183959e+04 3.139274e+04 
4.026263e-02 2.653674e+04 2.713954e+04 
4.328283e-02 2.210546e+04 2.373482e+04 
4.630303e-02 1.853631e+04 2.099314e+04 
4.932323e-02 1.577206e+04 1.875931e+04 
5.234343e-02 1.371899e+04 1.691323e+04 
5.536364e-02 1.225372e+04 1.536520e+04 
5.838384e-02 1.126828e+04 1.404898e+04 
6.140404e-02 1.066411e+04 1.291572e+04 
6.442424e-02 1.034474e+04 1.192907e+04 
6.744444e-02 1.023135e+04 1.106170e+04 
7.046465e-02 1.025173e+04 1.029275e+04 
7.348485e-02 1.033670e+04 9.606091e+03 
7.650505e-02 1.042085e+04 8.989072e+03 
7.952525e-02 1.044553e+04 8.431601e+03 
8.254545e-02 1.036412e+04 7.925538e+03 
8.556566e-02 1.014569e+04 7.464223e+03 
8.858586e-02 9.778104e+03 7.042149e+03 
9.160606e-02 9.269138e+03 6.654711e+03 
9.462626e-02 8.639351e+03 6.298018e+03 
9.764646e-02 7.923561e+03 5.968759e+03 
1.006667e-01 7.161439e+03 5.664090e+03 
1.036869e-01 6.394598e+03 5.381550e+03 
1.067071e-01 5.659718e+03 5.119000e+03 
1.097273e-01 4.987341e+03 4.874568e+03 
1.127475e-01 4.397669e+03 4.646603e+03 
1.157677e-01 3.902384e+03 4.433651e+03 
1.187879e-01 3.505202e+03 4.234418e+03 
1.218081e-01 3.203454e+03 4.047751e+03 
1.248283e-01 2.990827e+03 3.872619e+03 
1.278485e-01 2.858165e+03 3.708099e+03 
1.308687e-01 2.795032e+03 3.553357e+03 
1.338889e-01 2.789975e+03 3.407642e+03 
1.369091e-01 2.830753e+03 3.270276e+03 
1.399293e-01 2.904515e+03 3.140642e+03 
1.429495e-01 2.997634e+03 3.018181e+03 
1.459697e-01 3.096108e+03 2.902381e+03 
1.489899e-01 3.185731e+03 2.792778e+03 
1.520101e-01 3.253138e+03 2.688947e+03 
1.550303e-01 3.286390e+03 2.590497e+03 
1.580505e-01 3.276978e+03 2.497072e+03 
1.610707e-01 3.220344e+03 2.408343e+03 
1.640909e-01 3.116965e+03 2.324007e+03 
1.671111e-01 2.972168e+03 2.243787e+03 
1.701313e-01 2.794667e+03 2.167425e+03 
1.731515e-01 2.595568e+03 2.094684e+03 
1.761717e-01 2.386276e+03 2.025345e+03 
1.791919e-01 2.177589e+03 1.959203e+03 
1.822121e-01 1.978651e+03 1.896072e+03 
1.852323e-01 1.796983e+03 1.835775e+03 
1.882525e-01 1.637830e+03 1.778150e+03 
1.912727e-01 1.504761e+03 1.723046e+03 
1.942929e-01 1.399363e+03 1.670321e+03 
1.973131e-01 1.321618e+03 1.619845e+03 
2.003333e-01 1.270188e+03 1.571495e+03 
2.033535e-01 1.242672e+03 1.525156e+03 
2.063737e-01 1.236069e+03 1.480722e+03 
2.093939e-01 1.246836e+03 1.438093e+03 
2.124141e-01 1.271094e+03 1.397174e+03 
2.154343e-01 1.304671e+03 1.357879e+03 
2.184545e-01 1.343053e+03 1.320124e+03 
2.214747e-01 1.381558e+03 1.283833e+03 
2.244949e-01 1.415415e+03 1.248934e+03 
2.275152e-01 1.440257e+03 1.215357e+03 
2.305354e-01 1.452320e+03 1.183039e+03 
2.335556e-01 1.449183e+03 1.151920e+03 
2.365758e-01 1.429593e+03 1.121942e+03 
2.395960e-01 1.393962e+03 1.093053e+03 
2.426162e-01 1.343884e+03 1.065201e+03 
2.456364e-01 1.282068e+03 1.038340e+03 
2.486566e-01 1.211872e+03 1.012423e+03 
2.516768e-01 1.136962e+03 9.874091e+02 
2.546970e-01 1.061033e+03 9.632573e+02 
2.577172e-01 9.874783e+02 9.399298e+02 
2.607374e-01 9.192144e+02 9.173907e+02 
2.637576e-01 8.584157e+02 8.956057e+02 
2.667778e-01 8.066365e+02 8.745428e+02 
2.697980e-01 7.646348e+02 8.541711e+02 
2.728182e-01 7.326383e+02 8.344617e+02 
2.758384e-01 7.103304e+02 8.153871e+02 
2.788586e-01 6.970493e+02 7.969211e+02 
2.818788e-01 6.918769e+02 7.790388e+02 
2.848990e-01 6.936269e+02 7.617166e+02 
2.879192e-01 7.009235e+02 7.449321e+02 
2.909394e-01 7.121780e+02 7.286639e+02 
2.939596e-01 7.256392e+02 7.128917e+02 
2.969798e-01 7.394573e+02 6.975961e+02 
3.000000e-01 7.517984e+02 6.827587e+02 
