1.000000e-03 2.675752e+03 2.675750e+03 
4.020202e-03 8.975918e+03 9.045870e+03 
7.040404e-03 1.320221e+04 1.328599e+04 
1.006061e-02 1.589427e+04 1.595228e+04 
1.308081e-02 1.745388e+04 1.747086e+04 
1.610101e-02 1.817399e+04 1.813031e+04 
1.912121e-02 1.828029e+04 1.816495e+04 
2.214141e-02 1.795353e+04 1.779526e+04 
2.516162e-02 1.734236e+04 1.720626e+04 
2.818182e-02 1.656493e+04 1.652186e+04 
3.120202e-02 1.571440e+04 1.580997e+04 
3.422222e-02 1.485826e+04 1.510309e+04 
3.724242e-02 1.404258e+04 1.441573e+04 
4.026263e-02 1.329546e+04 1.375413e+04 
4.328283e-02 1.262004e+04 1.312089e+04 
4.630303e-02 1.202549e+04 1.251695e+04 
4.932323e-02 1.151394e+04 1.194236e+04 
5.234343e-02 1.105929e+04 1.139670e+04 
5.536364e-02 1.064101e+04 1.087923e+04 
5.838384e-02 1.024644e+04 1.038899e+04 
6.140404e-02 9.868773e+03 9.924909e+03 
6.442424e-02 9.497300e+03 9.485812e+03 
6.744444e-02 9.121513e+03 9.070486e+03 
7.046465e-02 8.737278e+03 8.677704e+03 
7.348485e-02 8.345003e+03 8.306247e+03 
7.650505e-02 7.948924e+03 7.954921e+03 
7.952525e-02 7.557009e+03 7.622570e+03 
8.254545e-02 7.177689e+03 7.308081e+03 
8.556566e-02 6.818356e+03 7.010396e+03 
8.858586e-02 6.483844e+03 6.728504e+03 
9.160606e-02 6.176799e+03 6.461453e+03 
9.462626e-02 5.898420e+03 6.208344e+03 
9.764646e-02 5.649143e+03 5.968330e+03 
1.006667e-01 5.428268e+03 5.740618e+03 
1.036869e-01 5.234154e+03 5.524462e+03 
1.067071e-01 5.063069e+03 5.319166e+03 
1.097273e-01 4.910119e+03 5.124077e+03 
1.127475e-01 4.769483e+03 4.938586e+03 
1.157677e-01 4.635385e+03 4.762123e+03 
1.187879e-01 4.503425e+03 4.594154e+03 
1.218081e-01 4.370291e+03 4.434184e+03 
1.248283e-01 4.234708e+03 4.281747e+03 
1.278485e-01 4.096334e+03 4.136409e+03 
1.308687e-01 3.955969e+03 3.997764e+03 
1.338889e-01 3.814869e+03 3.865433e+03 
1.369091e-01 3.674741e+03 3.739061e+03 
1.399293e-01 3.537419e+03 3.618318e+03 
1.429495e-01 3.404808e+03 3.502892e+03 
1.459697e-01 3.278501e+03 3.392493e+03 
1.489899e-01 3.159812e+03 3.286850e+03 
1.520101e-01 3.049676e+03 3.185708e+03 
1.550303e-01 2.948726e+03 3.088827e+03 
1.580505e-01 2.857000e+03 2.995984e+03 
1.610707e-01 2.774150e+03 2.906969e+03 
1.640909e-01 2.699145e+03 2.821584e+03 
1.671111e-01 2.630643e+03 2.739644e+03 
1.701313e-01 2.566924e+03 2.660975e+03 
1.731515e-01 2.506336e+03 2.585414e+03 
1.761717e-01 2.447550e+03 2.512806e+03 
1.791919e-01 2.389557e+03 2.443006e+03 
1.822121e-01 2.331804e+03 2.375878e+03 
1.852323e-01 2.273902e+03 2.311293e+03 
1.882525e-01 2.215629e+03 2.249130e+03 
1.912727e-01 2.156960e+03 2.189274e+03 
1.942929e-01 2.098059e+03 2.131618e+03 
1.973131e-01 2.039367e+03 2.076060e+03 
2.003333e-01 1.981510e+03 2.022502e+03 
2.033535e-01 1.925222e+03 1.970856e+03 
2.063737e-01 1.871228e+03 1.921033e+03 
2.093939e-01 1.819954e+03 1.872953e+03 
2.124141e-01 1.771652e+03 1.826539e+03 
2.154343e-01 1.726303e+03 1.781717e+03 
2.184545e-01 1.683800e+03 1.738420e+03 
2.214747e-01 1.643962e+03 1.696580e+03 
2.244949e-01 1.606573e+03 1.656136e+03 
2.275152e-01 1.571363e+03 1.617028e+03 
2.305354e-01 1.538008e+03 1.579202e+03 
2.335556e-01 1.506115e+03 1.542603e+03 
2.365758e-01 1.475279e+03 1.507181e+03 
2.395960e-01 1.445095e+03 1.472888e+03 
2.426162e-01 1.415297e+03 1.439679e+03 
2.456364e-01 1.385732e+03 1.407509e+03 
2.486566e-01 1.356353e+03 1.376338e+03 
2.516768e-01 1.327171e+03 1.346127e+03 
2.546970e-01 1.298240e+03 1.316836e+03 
2.577172e-01 1.269644e+03 1.288432e+03 
2.607374e-01 1.241507e+03 1.260880e+03 
2.637576e-01 1.213971e+03 1.234147e+03 
2.667778e-01 1.187187e+03 1.208202e+03 
2.697980e-01 1.161298e+03 1.183017e+03 
2.728182e-01 1.136424e+03 1.158561e+03 
2.758384e-01 1.112632e+03 1.134810e+03 
2.788586e-01 1.089905e+03 1.111736e+03 
2.818788e-01 1.068194e+03 1.089315e+03 
2.848990e-01 1.047413e+03 1.067524e+03 
2.879192e-01 1.027466e+03 1.046340e+03 
2.909394e-01 1.008248e+03 1.025742e+03 
2.939596e-01 9.896660e+02 1.005708e+03 
2.969798e-01 9.716341e+02 9.862197e+02 
3.000000e-01 9.540598e+02 9.672576e+02 
