1.000000e-03 3.505465e+03 3.505462e+03 
4.020202e-03 1.165501e+04 1.174741e+04 
7.040404e-03 1.696476e+04 1.707962e+04 
1.006061e-02 2.020734e+04 2.030817e+04 
1.308081e-02 2.194111e+04 2.201790e+04 
1.610101e-02 2.256751e+04 2.258558e+04 
1.912121e-02 2.239506e+04 2.231630e+04 
2.214141e-02 2.167263e+04 2.151526e+04 
2.516162e-02 2.060321e+04 2.045501e+04 
2.818182e-02 1.935229e+04 1.932241e+04 
3.120202e-02 1.804627e+04 1.821493e+04 
3.422222e-02 1.677745e+04 1.717108e+04 
3.724242e-02 1.560606e+04 1.620022e+04 
4.026263e-02 1.456601e+04 1.530020e+04 
4.328283e-02 1.366953e+04 1.446544e+04 
4.630303e-02 1.290765e+04 1.368996e+04 
4.932323e-02 1.227199e+04 1.296829e+04 
5.234343e-02 1.174531e+04 1.229568e+04 
5.536364e-02 1.128997e+04 1.166798e+04 
5.838384e-02 1.088092e+04 1.108157e+04 
6.140404e-02 1.049815e+04 1.053319e+04 
6.442424e-02 1.011974e+04 1.001995e+04 
6.744444e-02 9.731780e+03 9.539190e+03 
7.046465e-02 9.326451e+03 9.088511e+03 
7.348485e-02 8.901018e+03 8.665701e+03 
7.650505e-02 8.459114e+03 8.268734e+03 
7.952525e-02 8.008804e+03 7.895744e+03 
8.254545e-02 7.560951e+03 7.545013e+03 
8.556566e-02 7.126483e+03 7.214960e+03 
8.858586e-02 6.714981e+03 6.904127e+03 
9.160606e-02 6.334289e+03 6.611170e+03 
9.462626e-02 5.990359e+03 6.334850e+03 
9.764646e-02 5.686718e+03 6.074023e+03 
1.006667e-01 5.424910e+03 5.827636e+03 
1.036869e-01 5.202947e+03 5.594714e+03 
1.067071e-01 5.016710e+03 5.374359e+03 
1.097273e-01 4.859621e+03 5.165741e+03 
1.127475e-01 4.724295e+03 4.968091e+03 
1.157677e-01 4.602975e+03 4.780701e+03 
1.187879e-01 4.488634e+03 4.602914e+03 
1.218081e-01 4.375532e+03 4.434121e+03 
1.248283e-01 4.259283e+03 4.273759e+03 
1.278485e-01 4.136863e+03 4.121307e+03 
1.308687e-01 4.006833e+03 3.976279e+03 
1.338889e-01 3.869014e+03 3.838226e+03 
1.369091e-01 3.725156e+03 3.706729e+03 
1.399293e-01 3.577895e+03 3.581402e+03 
1.429495e-01 3.430442e+03 3.461882e+03 
1.459697e-01 3.285969e+03 3.347832e+03 
1.489899e-01 3.147281e+03 3.238940e+03 
1.520101e-01 3.016823e+03 3.134914e+03 
1.550303e-01 2.896579e+03 3.035480e+03 
1.580505e-01 2.787913e+03 2.940385e+03 
1.610707e-01 2.691588e+03 2.849391e+03 
1.640909e-01 2.607384e+03 2.762275e+03 
1.671111e-01 2.534393e+03 2.678829e+03 
1.701313e-01 2.470764e+03 2.598860e+03 
1.731515e-01 2.414304e+03 2.522184e+03 
1.761717e-01 2.362708e+03 2.448630e+03 
1.791919e-01 2.313876e+03 2.378038e+03 
1.822121e-01 2.266144e+03 2.310258e+03 
1.852323e-01 2.218140e+03 2.245149e+03 
1.882525e-01 2.168803e+03 2.182577e+03 
1.912727e-01 2.117427e+03 2.122417e+03 
1.942929e-01 2.063629e+03 2.064552e+03 
1.973131e-01 2.007552e+03 2.008871e+03 
2.003333e-01 1.949687e+03 1.955269e+03 
2.033535e-01 1.890988e+03 1.903650e+03 
2.063737e-01 1.832535e+03 1.853918e+03 
2.093939e-01 1.775423e+03 1.805988e+03 
2.124141e-01 1.720592e+03 1.759776e+03 
2.154343e-01 1.668734e+03 1.715205e+03 
2.184545e-01 1.620332e+03 1.672200e+03 
2.214747e-01 1.575664e+03 1.630691e+03 
2.244949e-01 1.534780e+03 1.590613e+03 
2.275152e-01 1.497558e+03 1.551903e+03 
2.305354e-01 1.463678e+03 1.514501e+03 
2.335556e-01 1.432706e+03 1.478352e+03 
2.365758e-01 1.404075e+03 1.443401e+03 
2.395960e-01 1.377182e+03 1.409599e+03 
2.426162e-01 1.351430e+03 1.376898e+03 
2.456364e-01 1.326267e+03 1.345252e+03 
2.486566e-01 1.301208e+03 1.314617e+03 
2.516768e-01 1.275892e+03 1.284953e+03 
2.546970e-01 1.250080e+03 1.256220e+03 
2.577172e-01 1.223713e+03 1.228382e+03 
2.607374e-01 1.196856e+03 1.201402e+03 
2.637576e-01 1.169720e+03 1.175247e+03 
2.667778e-01 1.142567e+03 1.149885e+03 
2.697980e-01 1.115692e+03 1.125285e+03 
2.728182e-01 1.089373e+03 1.101418e+03 
2.758384e-01 1.063849e+03 1.078256e+03 
2.788586e-01 1.039323e+03 1.055773e+03 
2.818788e-01 1.015957e+03 1.033943e+03 
2.848990e-01 9.938501e+02 1.012742e+03 
2.879192e-01 9.730457e+02 9.921476e+02 
2.909394e-01 9.535165e+02 9.721366e+02 
2.939596e-01 9.351857e+02 9.526883e+02 
2.969798e-01 9.179018e+02 9.337826e+02 
3.000000e-01 9.014884e+02 9.154000e+02 
