1.000000e-03 3.061268e+03 3.061265e+03 
4.020202e-03 1.008166e+04 1.016205e+04 
7.040404e-03 1.462092e+04 1.471162e+04 
1.006061e-02 1.739891e+04 1.745114e+04 
1.308081e-02 1.892038e+04 1.891546e+04 
1.610101e-02 1.953945e+04 1.945892e+04 
1.912121e-02 1.951772e+04 1.936010e+04 
2.214141e-02 1.905840e+04 1.886519e+04 
2.516162e-02 1.832243e+04 1.816693e+04 
2.818182e-02 1.743550e+04 1.738699e+04 
3.120202e-02 1.649169e+04 1.658940e+04 
3.422222e-02 1.555846e+04 1.580422e+04 
3.724242e-02 1.467871e+04 1.504485e+04 
4.026263e-02 1.387775e+04 1.431713e+04 
4.328283e-02 1.315793e+04 1.362343e+04 
4.630303e-02 1.251784e+04 1.296445e+04 
4.932323e-02 1.196160e+04 1.233997e+04 
5.234343e-02 1.146336e+04 1.174923e+04 
5.536364e-02 1.099869e+04 1.119113e+04 
5.838384e-02 1.056017e+04 1.066433e+04 
6.140404e-02 1.013579e+04 1.016738e+04 
6.442424e-02 9.714444e+03 9.698767e+03 
6.744444e-02 9.292034e+03 9.256941e+03 
7.046465e-02 8.867322e+03 8.840373e+03 
7.348485e-02 8.442039e+03 8.447567e+03 
7.650505e-02 8.022242e+03 8.077077e+03 
7.952525e-02 7.615016e+03 7.727520e+03 
8.254545e-02 7.227243e+03 7.397582e+03 
8.556566e-02 6.864237e+03 7.086020e+03 
8.858586e-02 6.529421e+03 6.791664e+03 
9.160606e-02 6.224494e+03 6.513413e+03 
9.462626e-02 5.949898e+03 6.250240e+03 
9.764646e-02 5.705114e+03 6.001182e+03 
1.006667e-01 5.488469e+03 5.765341e+03 
1.036869e-01 5.296110e+03 5.541881e+03 
1.067071e-01 5.123225e+03 5.330022e+03 
1.097273e-01 4.963927e+03 5.129037e+03 
1.127475e-01 4.812543e+03 4.938252e+03 
1.157677e-01 4.664979e+03 4.757036e+03 
1.187879e-01 4.518122e+03 4.584806e+03 
1.218081e-01 4.370556e+03 4.421014e+03 
1.248283e-01 4.221682e+03 4.265155e+03 
1.278485e-01 4.072041e+03 4.116756e+03 
1.308687e-01 3.922675e+03 3.975377e+03 
1.338889e-01 3.775236e+03 3.840607e+03 
1.369091e-01 3.631571e+03 3.712064e+03 
1.399293e-01 3.493701e+03 3.589391e+03 
1.429495e-01 3.363198e+03 3.472256e+03 
1.459697e-01 3.241088e+03 3.360347e+03 
1.489899e-01 3.127876e+03 3.253375e+03 
1.520101e-01 3.023598e+03 3.151067e+03 
1.550303e-01 2.928038e+03 3.053169e+03 
1.580505e-01 2.840763e+03 2.959444e+03 
1.610707e-01 2.760895e+03 2.869670e+03 
1.640909e-01 2.687253e+03 2.783637e+03 
1.671111e-01 2.618349e+03 2.701150e+03 
1.701313e-01 2.552599e+03 2.622026e+03 
1.731515e-01 2.488706e+03 2.546093e+03 
1.761717e-01 2.425613e+03 2.473188e+03 
1.791919e-01 2.362881e+03 2.403160e+03 
1.822121e-01 2.300324e+03 2.335866e+03 
1.852323e-01 2.237985e+03 2.271172e+03 
1.882525e-01 2.176010e+03 2.208951e+03 
1.912727e-01 2.114681e+03 2.149084e+03 
1.942929e-01 2.054361e+03 2.091458e+03 
1.973131e-01 1.995545e+03 2.035967e+03 
2.003333e-01 1.938737e+03 1.982512e+03 
2.033535e-01 1.884416e+03 1.930998e+03 
2.063737e-01 1.832925e+03 1.881336e+03 
2.093939e-01 1.784388e+03 1.833442e+03 
2.124141e-01 1.738777e+03 1.787236e+03 
2.154343e-01 1.695888e+03 1.742643e+03 
2.184545e-01 1.655464e+03 1.699591e+03 
2.214747e-01 1.617200e+03 1.658014e+03 
2.244949e-01 1.580771e+03 1.617846e+03 
2.275152e-01 1.545839e+03 1.579028e+03 
2.305354e-01 1.512089e+03 1.541502e+03 
2.335556e-01 1.479234e+03 1.505213e+03 
2.365758e-01 1.447074e+03 1.470110e+03 
2.395960e-01 1.415465e+03 1.436143e+03 
2.426162e-01 1.384327e+03 1.403266e+03 
2.456364e-01 1.353618e+03 1.371434e+03 
2.486566e-01 1.323344e+03 1.340605e+03 
2.516768e-01 1.293542e+03 1.310740e+03 
2.546970e-01 1.264313e+03 1.281798e+03 
2.577172e-01 1.235782e+03 1.253745e+03 
2.607374e-01 1.208100e+03 1.226546e+03 
2.637576e-01 1.181400e+03 1.200167e+03 
2.667778e-01 1.155743e+03 1.174577e+03 
2.697980e-01 1.131142e+03 1.149747e+03 
2.728182e-01 1.107537e+03 1.125646e+03 
2.758384e-01 1.084857e+03 1.102249e+03 
2.788586e-01 1.063037e+03 1.079528e+03 
2.818788e-01 1.042010e+03 1.057459e+03 
2.848990e-01 1.021714e+03 1.036019e+03 
2.879192e-01 1.002077e+03 1.015183e+03 
2.909394e-01 9.830175e+02 9.949315e+02 
2.939596e-01 9.644497e+02 9.752424e+02 
2.969798e-01 9.462874e+02 9.560961e+02 
3.000000e-01 9.284745e+02 9.374734e+02 
