1.000000e-03 2.873283e+03 2.873280e+03 
4.020202e-03 9.466475e+03 9.541061e+03 
7.040404e-03 1.381428e+04 1.390387e+04 
1.006061e-02 1.654371e+04 1.660716e+04 
1.308081e-02 1.809432e+04 1.811679e+04 
1.610101e-02 1.877958e+04 1.874090e+04 
1.912121e-02 1.883597e+04 1.872371e+04 
2.214141e-02 1.845287e+04 1.829264e+04 
2.516162e-02 1.778169e+04 1.763954e+04 
2.818182e-02 1.694517e+04 1.689397e+04 
3.120202e-02 1.603757e+04 1.612701e+04 
3.422222e-02 1.512832e+04 1.537208e+04 
3.724242e-02 1.426432e+04 1.464336e+04 
4.026263e-02 1.347479e+04 1.394630e+04 
4.328283e-02 1.276341e+04 1.328264e+04 
4.630303e-02 1.213640e+04 1.265251e+04 
4.932323e-02 1.159913e+04 1.205530e+04 
5.234343e-02 1.112605e+04 1.149004e+04 
5.536364e-02 1.069478e+04 1.095553e+04 
5.838384e-02 1.029152e+04 1.045045e+04 
6.140404e-02 9.907266e+03 9.973397e+03 
6.442424e-02 9.531544e+03 9.522956e+03 
6.744444e-02 9.153267e+03 9.097691e+03 
7.046465e-02 8.767476e+03 8.696192e+03 
7.348485e-02 8.373765e+03 8.317085e+03 
7.650505e-02 7.975663e+03 7.959041e+03 
7.952525e-02 7.580222e+03 7.620790e+03 
8.254545e-02 7.195496e+03 7.301121e+03 
8.556566e-02 6.829150e+03 6.998887e+03 
8.858586e-02 6.486408e+03 6.713006e+03 
9.160606e-02 6.170567e+03 6.442460e+03 
9.462626e-02 5.883300e+03 6.186292e+03 
9.764646e-02 5.625508e+03 5.943607e+03 
1.006667e-01 5.397008e+03 5.713567e+03 
1.036869e-01 5.196339e+03 5.495388e+03 
1.067071e-01 5.020386e+03 5.288340e+03 
1.097273e-01 4.864318e+03 5.091741e+03 
1.127475e-01 4.722548e+03 4.904954e+03 
1.157677e-01 4.589079e+03 4.727387e+03 
1.187879e-01 4.459228e+03 4.558485e+03 
1.218081e-01 4.329348e+03 4.397733e+03 
1.248283e-01 4.197575e+03 4.244649e+03 
1.278485e-01 4.063054e+03 4.098786e+03 
1.308687e-01 3.926134e+03 3.959724e+03 
1.338889e-01 3.787706e+03 3.827072e+03 
1.369091e-01 3.649255e+03 3.700466e+03 
1.399293e-01 3.512495e+03 3.579564e+03 
1.429495e-01 3.379389e+03 3.464048e+03 
1.459697e-01 3.251769e+03 3.353621e+03 
1.489899e-01 3.131139e+03 3.248003e+03 
1.520101e-01 3.018664e+03 3.146933e+03 
1.550303e-01 2.915064e+03 3.050168e+03 
1.580505e-01 2.820625e+03 2.957479e+03 
1.610707e-01 2.735186e+03 2.868651e+03 
1.640909e-01 2.658042e+03 2.783483e+03 
1.671111e-01 2.588054e+03 2.701786e+03 
1.701313e-01 2.523734e+03 2.623383e+03 
1.731515e-01 2.463433e+03 2.548107e+03 
1.761717e-01 2.405722e+03 2.475803e+03 
1.791919e-01 2.349358e+03 2.406321e+03 
1.822121e-01 2.293554e+03 2.339525e+03 
1.852323e-01 2.237728e+03 2.275283e+03 
1.882525e-01 2.181553e+03 2.213472e+03 
1.912727e-01 2.124862e+03 2.153977e+03 
1.942929e-01 2.067744e+03 2.096688e+03 
1.973131e-01 2.010476e+03 2.041502e+03 
2.003333e-01 1.953600e+03 1.988321e+03 
2.033535e-01 1.897766e+03 1.937054e+03 
2.063737e-01 1.843721e+03 1.887614e+03 
2.093939e-01 1.792028e+03 1.839918e+03 
2.124141e-01 1.743045e+03 1.793889e+03 
2.154343e-01 1.696917e+03 1.749453e+03 
2.184545e-01 1.653632e+03 1.706539e+03 
2.214747e-01 1.613112e+03 1.665083e+03 
2.244949e-01 1.575225e+03 1.625022e+03 
2.275152e-01 1.539723e+03 1.586295e+03 
2.305354e-01 1.506299e+03 1.548847e+03 
2.335556e-01 1.474582e+03 1.512624e+03 
2.365758e-01 1.444177e+03 1.477575e+03 
2.395960e-01 1.414671e+03 1.443653e+03 
2.426162e-01 1.385710e+03 1.410810e+03 
2.456364e-01 1.357100e+03 1.379005e+03 
2.486566e-01 1.328717e+03 1.348194e+03 
2.516768e-01 1.300520e+03 1.318338e+03 
2.546970e-01 1.272507e+03 1.289400e+03 
2.577172e-01 1.244716e+03 1.261344e+03 
2.607374e-01 1.217221e+03 1.234136e+03 
2.637576e-01 1.190133e+03 1.207743e+03 
2.667778e-01 1.163609e+03 1.182135e+03 
2.697980e-01 1.137834e+03 1.157281e+03 
2.728182e-01 1.112960e+03 1.133153e+03 
2.758384e-01 1.089108e+03 1.109724e+03 
2.788586e-01 1.066305e+03 1.086969e+03 
2.818788e-01 1.044534e+03 1.064863e+03 
2.848990e-01 1.023723e+03 1.043381e+03 
2.879192e-01 1.003787e+03 1.022503e+03 
2.909394e-01 9.846412e+02 1.002206e+03 
2.939596e-01 9.662041e+02 9.824695e+02 
2.969798e-01 9.484020e+02 9.632738e+02 
3.000000e-01 9.311523e+02 9.446001e+02 
