1.000000e-03 1.898430e+03 1.898428e+03 
4.020202e-03 6.515675e+03 6.572783e+03 
7.040404e-03 9.669635e+03 9.737625e+03 
1.006061e-02 1.173823e+04 1.176705e+04 
1.308081e-02 1.302589e+04 1.299072e+04 
1.610101e-02 1.375085e+04 1.364598e+04 
1.912121e-02 1.407113e+04 1.390745e+04 
2.214141e-02 1.410327e+04 1.390527e+04 
2.516162e-02 1.393519e+04 1.373146e+04 
2.818182e-02 1.363293e+04 1.344736e+04 
3.120202e-02 1.324598e+04 1.309326e+04 
3.422222e-02 1.280996e+04 1.269611e+04 
3.724242e-02 1.235052e+04 1.227438e+04 
4.026263e-02 1.188503e+04 1.184097e+04 
4.328283e-02 1.141569e+04 1.140496e+04 
4.630303e-02 1.095945e+04 1.097270e+04 
4.932323e-02 1.052777e+04 1.054862e+04 
5.234343e-02 1.010812e+04 1.013574e+04 
5.536364e-02 9.697708e+03 9.736034e+03 
5.838384e-02 9.299972e+03 9.350735e+03 
6.140404e-02 8.917915e+03 8.980524e+03 
6.442424e-02 8.553291e+03 8.625681e+03 
6.744444e-02 8.204438e+03 8.286198e+03 
7.046465e-02 7.869543e+03 7.961860e+03 
7.348485e-02 7.548913e+03 7.652309e+03 
7.650505e-02 7.243453e+03 7.357089e+03 
7.952525e-02 6.954286e+03 7.075680e+03 
8.254545e-02 6.682578e+03 6.807523e+03 
8.556566e-02 6.427821e+03 6.552038e+03 
8.858586e-02 6.187853e+03 6.308640e+03 
9.160606e-02 5.960628e+03 6.076748e+03 
9.462626e-02 5.744441e+03 5.855791e+03 
9.764646e-02 5.537981e+03 5.645215e+03 
1.006667e-01 5.341226e+03 5.444484e+03 
1.036869e-01 5.154331e+03 5.253083e+03 
1.067071e-01 4.976624e+03 5.070523e+03 
1.097273e-01 4.807059e+03 4.896334e+03 
1.127475e-01 4.644606e+03 4.730072e+03 
1.157677e-01 4.488254e+03 4.571315e+03 
1.187879e-01 4.337471e+03 4.419665e+03 
1.218081e-01 4.192481e+03 4.274744e+03 
1.248283e-01 4.053561e+03 4.136197e+03 
1.278485e-01 3.920952e+03 4.003686e+03 
1.308687e-01 3.794826e+03 3.876895e+03 
1.338889e-01 3.674969e+03 3.755526e+03 
1.369091e-01 3.561007e+03 3.639297e+03 
1.399293e-01 3.452469e+03 3.527942e+03 
1.429495e-01 3.348816e+03 3.421212e+03 
1.459697e-01 3.249594e+03 3.318872e+03 
1.489899e-01 3.154473e+03 3.220699e+03 
1.520101e-01 3.063140e+03 3.126484e+03 
1.550303e-01 2.975395e+03 3.036031e+03 
1.580505e-01 2.891119e+03 2.949154e+03 
1.610707e-01 2.810178e+03 2.865677e+03 
1.640909e-01 2.732331e+03 2.785435e+03 
1.671111e-01 2.657299e+03 2.708273e+03 
1.701313e-01 2.584861e+03 2.634043e+03 
1.731515e-01 2.514971e+03 2.562607e+03 
1.761717e-01 2.447607e+03 2.493833e+03 
1.791919e-01 2.382749e+03 2.427597e+03 
1.822121e-01 2.320368e+03 2.363782e+03 
1.852323e-01 2.260429e+03 2.302278e+03 
1.882525e-01 2.202794e+03 2.242978e+03 
1.912727e-01 2.147244e+03 2.185785e+03 
1.942929e-01 2.093582e+03 2.130604e+03 
1.973131e-01 2.041749e+03 2.077346e+03 
2.003333e-01 1.991745e+03 2.025927e+03 
2.033535e-01 1.943545e+03 1.976267e+03 
2.063737e-01 1.897048e+03 1.928290e+03 
2.093939e-01 1.852141e+03 1.881924e+03 
2.124141e-01 1.808714e+03 1.837101e+03 
2.154343e-01 1.766666e+03 1.793757e+03 
2.184545e-01 1.725901e+03 1.751829e+03 
2.214747e-01 1.686380e+03 1.711259e+03 
2.244949e-01 1.648110e+03 1.671992e+03 
2.275152e-01 1.611094e+03 1.633974e+03 
2.305354e-01 1.575280e+03 1.597156e+03 
2.335556e-01 1.540595e+03 1.561489e+03 
2.365758e-01 1.506972e+03 1.526927e+03 
2.395960e-01 1.474367e+03 1.493429e+03 
2.426162e-01 1.442743e+03 1.460951e+03 
2.456364e-01 1.412068e+03 1.429454e+03 
2.486566e-01 1.382322e+03 1.398901e+03 
2.516768e-01 1.353488e+03 1.369257e+03 
2.546970e-01 1.325523e+03 1.340486e+03 
2.577172e-01 1.298369e+03 1.312556e+03 
2.607374e-01 1.271968e+03 1.285436e+03 
2.637576e-01 1.246295e+03 1.259096e+03 
2.667778e-01 1.221336e+03 1.233507e+03 
2.697980e-01 1.197079e+03 1.208642e+03 
2.728182e-01 1.173505e+03 1.184476e+03 
2.758384e-01 1.150595e+03 1.160982e+03 
2.788586e-01 1.128324e+03 1.138138e+03 
2.818788e-01 1.106660e+03 1.115921e+03 
2.848990e-01 1.085570e+03 1.094308e+03 
2.879192e-01 1.065031e+03 1.073278e+03 
2.909394e-01 1.045027e+03 1.052813e+03 
2.939596e-01 1.025545e+03 1.032891e+03 
2.969798e-01 1.006574e+03 1.013495e+03 
3.000000e-01 9.881045e+02 9.946080e+02 
