1.000000e-03 2.607138e+03 2.607136e+03 
4.020202e-03 8.717019e+03 8.786180e+03 
7.040404e-03 1.274364e+04 1.281900e+04 
1.006061e-02 1.526431e+04 1.529657e+04 
1.308081e-02 1.670332e+04 1.667213e+04 
1.610101e-02 1.736227e+04 1.725628e+04 
1.912121e-02 1.746507e+04 1.729302e+04 
2.214141e-02 1.718474e+04 1.698836e+04 
2.516162e-02 1.665600e+04 1.649596e+04 
2.818182e-02 1.598442e+04 1.591163e+04 
3.120202e-02 1.524849e+04 1.528825e+04 
3.422222e-02 1.450432e+04 1.465401e+04 
3.724242e-02 1.378796e+04 1.402441e+04 
4.026263e-02 1.311982e+04 1.340841e+04 
4.328283e-02 1.250742e+04 1.281141e+04 
4.630303e-02 1.194770e+04 1.223666e+04 
4.932323e-02 1.143877e+04 1.168598e+04 
5.234343e-02 1.097138e+04 1.116025e+04 
5.536364e-02 1.052630e+04 1.065968e+04 
5.838384e-02 1.009693e+04 1.018401e+04 
6.140404e-02 9.681098e+03 9.732660e+03 
6.442424e-02 9.271855e+03 9.304829e+03 
6.744444e-02 8.865571e+03 8.899579e+03 
7.046465e-02 8.462607e+03 8.515892e+03 
7.348485e-02 8.066489e+03 8.152707e+03 
7.650505e-02 7.682424e+03 7.808954e+03 
7.952525e-02 7.316563e+03 7.483575e+03 
8.254545e-02 6.973383e+03 7.175536e+03 
8.556566e-02 6.655489e+03 6.883838e+03 
8.858586e-02 6.363050e+03 6.607527e+03 
9.160606e-02 6.095382e+03 6.345690e+03 
9.462626e-02 5.851367e+03 6.097466e+03 
9.764646e-02 5.629735e+03 5.862039e+03 
1.006667e-01 5.428469e+03 5.638642e+03 
1.036869e-01 5.244480e+03 5.426553e+03 
1.067071e-01 5.073425e+03 5.225095e+03 
1.097273e-01 4.910609e+03 5.033634e+03 
1.127475e-01 4.752468e+03 4.851576e+03 
1.157677e-01 4.596210e+03 4.678365e+03 
1.187879e-01 4.441012e+03 4.513482e+03 
1.218081e-01 4.286987e+03 4.356440e+03 
1.248283e-01 4.134945e+03 4.206786e+03 
1.278485e-01 3.986003e+03 4.064095e+03 
1.308687e-01 3.841369e+03 3.927969e+03 
1.338889e-01 3.702252e+03 3.798038e+03 
1.369091e-01 3.569642e+03 3.673954e+03 
1.399293e-01 3.444371e+03 3.555393e+03 
1.429495e-01 3.326861e+03 3.442050e+03 
1.459697e-01 3.217295e+03 3.333641e+03 
1.489899e-01 3.115416e+03 3.229900e+03 
1.520101e-01 3.020758e+03 3.130575e+03 
1.550303e-01 2.932657e+03 3.035434e+03 
1.580505e-01 2.850329e+03 2.944257e+03 
1.610707e-01 2.772747e+03 2.856837e+03 
1.640909e-01 2.698806e+03 2.772981e+03 
1.671111e-01 2.627478e+03 2.692507e+03 
1.701313e-01 2.557846e+03 2.615244e+03 
1.731515e-01 2.489478e+03 2.541032e+03 
1.761717e-01 2.422163e+03 2.469720e+03 
1.791919e-01 2.355963e+03 2.401165e+03 
1.822121e-01 2.291032e+03 2.335233e+03 
1.852323e-01 2.227519e+03 2.271798e+03 
1.882525e-01 2.165589e+03 2.210741e+03 
1.912727e-01 2.105508e+03 2.151949e+03 
1.942929e-01 2.047574e+03 2.095318e+03 
1.973131e-01 1.992080e+03 2.040746e+03 
2.003333e-01 1.939269e+03 1.988139e+03 
2.033535e-01 1.889140e+03 1.937407e+03 
2.063737e-01 1.841589e+03 1.888468e+03 
2.093939e-01 1.796395e+03 1.841239e+03 
2.124141e-01 1.753303e+03 1.795646e+03 
2.154343e-01 1.712070e+03 1.751617e+03 
2.184545e-01 1.672464e+03 1.709084e+03 
2.214747e-01 1.634287e+03 1.667983e+03 
2.244949e-01 1.597348e+03 1.628253e+03 
2.275152e-01 1.561438e+03 1.589835e+03 
2.305354e-01 1.526368e+03 1.552675e+03 
2.335556e-01 1.492058e+03 1.516720e+03 
2.365758e-01 1.458476e+03 1.481922e+03 
2.395960e-01 1.425658e+03 1.448232e+03 
2.426162e-01 1.393658e+03 1.415606e+03 
2.456364e-01 1.362511e+03 1.384002e+03 
2.486566e-01 1.332240e+03 1.353378e+03 
2.516768e-01 1.302842e+03 1.323696e+03 
2.546970e-01 1.274314e+03 1.294919e+03 
2.577172e-01 1.246709e+03 1.267012e+03 
2.607374e-01 1.220088e+03 1.239942e+03 
2.637576e-01 1.194456e+03 1.213676e+03 
2.667778e-01 1.169792e+03 1.188185e+03 
2.697980e-01 1.146009e+03 1.163439e+03 
2.728182e-01 1.123007e+03 1.139410e+03 
2.758384e-01 1.100694e+03 1.116072e+03 
2.788586e-01 1.078991e+03 1.093400e+03 
2.818788e-01 1.057862e+03 1.071370e+03 
2.848990e-01 1.037282e+03 1.049958e+03 
2.879192e-01 1.017240e+03 1.029142e+03 
2.909394e-01 9.977192e+02 1.008901e+03 
2.939596e-01 9.786752e+02 9.892156e+02 
2.969798e-01 9.600628e+02 9.700651e+02 
3.000000e-01 9.418669e+02 9.514316e+02 
