1.000000e-03 3.263035e+03 3.263032e+03 
4.020202e-03 1.105207e+04 1.113931e+04 
7.040404e-03 1.622622e+04 1.633689e+04 
1.006061e-02 1.944102e+04 1.954239e+04 
1.308081e-02 2.120170e+04 2.128543e+04 
1.610101e-02 2.188163e+04 2.191233e+04 
1.912121e-02 2.177180e+04 2.170820e+04 
2.214141e-02 2.111147e+04 2.096615e+04 
2.516162e-02 2.009960e+04 1.995507e+04 
2.818182e-02 1.889817e+04 1.886356e+04 
3.120202e-02 1.763345e+04 1.779200e+04 
3.422222e-02 1.639841e+04 1.678087e+04 
3.724242e-02 1.525450e+04 1.584042e+04 
4.026263e-02 1.423734e+04 1.496883e+04 
4.328283e-02 1.336036e+04 1.416059e+04 
4.630303e-02 1.261567e+04 1.340970e+04 
4.932323e-02 1.199832e+04 1.271077e+04 
5.234343e-02 1.149012e+04 1.205908e+04 
5.536364e-02 1.105238e+04 1.145058e+04 
5.838384e-02 1.066333e+04 1.088175e+04 
6.140404e-02 1.030273e+04 1.034946e+04 
6.442424e-02 9.946735e+03 9.850919e+03 
6.744444e-02 9.580801e+03 9.383600e+03 
7.046465e-02 9.196074e+03 8.945203e+03 
7.348485e-02 8.788760e+03 8.533624e+03 
7.650505e-02 8.361974e+03 8.146930e+03 
7.952525e-02 7.923782e+03 7.783343e+03 
8.254545e-02 7.484988e+03 7.441228e+03 
8.556566e-02 7.056614e+03 7.119073e+03 
8.858586e-02 6.648495e+03 6.815489e+03 
9.160606e-02 6.268990e+03 6.529189e+03 
9.462626e-02 5.924656e+03 6.258990e+03 
9.764646e-02 5.619612e+03 6.003795e+03 
1.006667e-01 5.356124e+03 5.762595e+03 
1.036869e-01 5.133004e+03 5.534456e+03 
1.067071e-01 4.946871e+03 5.318514e+03 
1.097273e-01 4.791280e+03 5.113971e+03 
1.127475e-01 4.658939e+03 4.920089e+03 
1.157677e-01 4.542016e+03 4.736184e+03 
1.187879e-01 4.433428e+03 4.561624e+03 
1.218081e-01 4.326929e+03 4.395822e+03 
1.248283e-01 4.217874e+03 4.238234e+03 
1.278485e-01 4.102768e+03 4.088356e+03 
1.308687e-01 3.979790e+03 3.945719e+03 
1.338889e-01 3.848330e+03 3.809889e+03 
1.369091e-01 3.709721e+03 3.680460e+03 
1.399293e-01 3.566203e+03 3.557057e+03 
1.429495e-01 3.420949e+03 3.439329e+03 
1.459697e-01 3.277203e+03 3.326950e+03 
1.489899e-01 3.138155e+03 3.219616e+03 
1.520101e-01 3.006509e+03 3.117044e+03 
1.550303e-01 2.884556e+03 3.018967e+03 
1.580505e-01 2.773893e+03 2.925140e+03 
1.610707e-01 2.675563e+03 2.835331e+03 
1.640909e-01 2.589597e+03 2.749323e+03 
1.671111e-01 2.515320e+03 2.666914e+03 
1.701313e-01 2.451093e+03 2.587914e+03 
1.731515e-01 2.394887e+03 2.512147e+03 
1.761717e-01 2.344361e+03 2.439444e+03 
1.791919e-01 2.297382e+03 2.369650e+03 
1.822121e-01 2.252029e+03 2.302618e+03 
1.852323e-01 2.206752e+03 2.238209e+03 
1.882525e-01 2.160261e+03 2.176295e+03 
1.912727e-01 2.111683e+03 2.116752e+03 
1.942929e-01 2.060469e+03 2.059467e+03 
1.973131e-01 2.006577e+03 2.004330e+03 
2.003333e-01 1.950395e+03 1.951240e+03 
2.033535e-01 1.892804e+03 1.900100e+03 
2.063737e-01 1.834859e+03 1.850820e+03 
2.093939e-01 1.777705e+03 1.803313e+03 
2.124141e-01 1.722327e+03 1.757500e+03 
2.154343e-01 1.669576e+03 1.713303e+03 
2.184545e-01 1.620076e+03 1.670650e+03 
2.214747e-01 1.574284e+03 1.629473e+03 
2.244949e-01 1.532380e+03 1.589706e+03 
2.275152e-01 1.494345e+03 1.551288e+03 
2.305354e-01 1.459917e+03 1.514162e+03 
2.335556e-01 1.428678e+03 1.478272e+03 
2.365758e-01 1.400086e+03 1.443565e+03 
2.395960e-01 1.373540e+03 1.409993e+03 
2.426162e-01 1.348417e+03 1.377507e+03 
2.456364e-01 1.324129e+03 1.346063e+03 
2.486566e-01 1.300124e+03 1.315619e+03 
2.516768e-01 1.275944e+03 1.286134e+03 
2.546970e-01 1.251244e+03 1.257569e+03 
2.577172e-01 1.225870e+03 1.229889e+03 
2.607374e-01 1.199824e+03 1.203058e+03 
2.637576e-01 1.173269e+03 1.177042e+03 
2.667778e-01 1.146462e+03 1.151811e+03 
2.697980e-01 1.119716e+03 1.127334e+03 
2.728182e-01 1.093335e+03 1.103583e+03 
2.758384e-01 1.067601e+03 1.080529e+03 
2.788586e-01 1.042735e+03 1.058148e+03 
2.818788e-01 1.018929e+03 1.036413e+03 
2.848990e-01 9.963413e+02 1.015301e+03 
2.879192e-01 9.750755e+02 9.947894e+02 
2.909394e-01 9.551594e+02 9.748562e+02 
2.939596e-01 9.365449e+02 9.554806e+02 
2.969798e-01 9.191183e+02 9.366427e+02 
3.000000e-01 9.027030e+02 9.183234e+02 
