1.000000e-03 4.508660e+03 4.508656e+03 
4.020202e-03 1.493710e+04 1.505534e+04 
7.040404e-03 2.170944e+04 2.187105e+04 
1.006061e-02 2.579890e+04 2.598606e+04 
1.308081e-02 2.790052e+04 2.812153e+04 
1.610101e-02 2.852023e+04 2.871646e+04 
1.912121e-02 2.805648e+04 2.812242e+04 
2.214141e-02 2.684213e+04 2.673372e+04 
2.516162e-02 2.515646e+04 2.495802e+04 
2.818182e-02 2.323203e+04 2.310987e+04 
3.120202e-02 2.125172e+04 2.136395e+04 
3.422222e-02 1.934993e+04 1.978510e+04 
3.724242e-02 1.761556e+04 1.837904e+04 
4.026263e-02 1.610097e+04 1.712838e+04 
4.328283e-02 1.481805e+04 1.601062e+04 
4.630303e-02 1.376074e+04 1.500503e+04 
4.932323e-02 1.292786e+04 1.409442e+04 
5.234343e-02 1.227706e+04 1.326506e+04 
5.536364e-02 1.176182e+04 1.250602e+04 
5.838384e-02 1.134908e+04 1.180856e+04 
6.140404e-02 1.099891e+04 1.116553e+04 
6.442424e-02 1.067567e+04 1.057103e+04 
6.744444e-02 1.035082e+04 1.002009e+04 
7.046465e-02 1.000240e+04 9.508470e+03 
7.348485e-02 9.616760e+03 9.032493e+03 
7.650505e-02 9.188820e+03 8.588952e+03 
7.952525e-02 8.721994e+03 8.175020e+03 
8.254545e-02 8.226774e+03 7.788187e+03 
8.556566e-02 7.717492e+03 7.426212e+03 
8.858586e-02 7.210213e+03 7.087088e+03 
9.160606e-02 6.720761e+03 6.769003e+03 
9.462626e-02 6.262934e+03 6.470325e+03 
9.764646e-02 5.848482e+03 6.189573e+03 
1.006667e-01 5.484970e+03 5.925402e+03 
1.036869e-01 5.176666e+03 5.676589e+03 
1.067071e-01 4.923171e+03 5.442020e+03 
1.097273e-01 4.720707e+03 5.220675e+03 
1.127475e-01 4.562325e+03 5.011623e+03 
1.157677e-01 4.439599e+03 4.814011e+03 
1.187879e-01 4.343316e+03 4.627055e+03 
1.218081e-01 4.264124e+03 4.450037e+03 
1.248283e-01 4.192935e+03 4.282294e+03 
1.278485e-01 4.121399e+03 4.123218e+03 
1.308687e-01 4.042547e+03 3.972248e+03 
1.338889e-01 3.951158e+03 3.828865e+03 
1.369091e-01 3.844517e+03 3.692590e+03 
1.399293e-01 3.721920e+03 3.562982e+03 
1.429495e-01 3.585140e+03 3.439629e+03 
1.459697e-01 3.437203e+03 3.322152e+03 
1.489899e-01 3.282294e+03 3.210200e+03 
1.520101e-01 3.124963e+03 3.103444e+03 
1.550303e-01 2.969983e+03 3.001581e+03 
1.580505e-01 2.821945e+03 2.904328e+03 
1.610707e-01 2.685091e+03 2.811423e+03 
1.640909e-01 2.562410e+03 2.722619e+03 
1.671111e-01 2.455873e+03 2.637689e+03 
1.701313e-01 2.365802e+03 2.556418e+03 
1.731515e-01 2.291495e+03 2.478608e+03 
1.761717e-01 2.231137e+03 2.404072e+03 
1.791919e-01 2.182461e+03 2.332637e+03 
1.822121e-01 2.142902e+03 2.264138e+03 
1.852323e-01 2.109813e+03 2.198423e+03 
1.882525e-01 2.080509e+03 2.135349e+03 
1.912727e-01 2.052280e+03 2.074782e+03 
1.942929e-01 2.022624e+03 2.016594e+03 
1.973131e-01 1.989444e+03 1.960669e+03 
2.003333e-01 1.951317e+03 1.906893e+03 
2.033535e-01 1.907512e+03 1.855162e+03 
2.063737e-01 1.858222e+03 1.805378e+03 
2.093939e-01 1.804204e+03 1.757448e+03 
2.124141e-01 1.746730e+03 1.711284e+03 
2.154343e-01 1.687259e+03 1.666803e+03 
2.184545e-01 1.627372e+03 1.623927e+03 
2.214747e-01 1.568581e+03 1.582584e+03 
2.244949e-01 1.512290e+03 1.542702e+03 
2.275152e-01 1.459667e+03 1.504217e+03 
2.305354e-01 1.411659e+03 1.467066e+03 
2.335556e-01 1.368783e+03 1.431190e+03 
2.365758e-01 1.331264e+03 1.396534e+03 
2.395960e-01 1.298946e+03 1.363045e+03 
2.426162e-01 1.271406e+03 1.330674e+03 
2.456364e-01 1.247953e+03 1.299371e+03 
2.486566e-01 1.227724e+03 1.269093e+03 
2.516768e-01 1.209751e+03 1.239797e+03 
2.546970e-01 1.193052e+03 1.211442e+03 
2.577172e-01 1.176689e+03 1.183990e+03 
2.607374e-01 1.159850e+03 1.157404e+03 
2.637576e-01 1.141903e+03 1.131649e+03 
2.667778e-01 1.122439e+03 1.106692e+03 
2.697980e-01 1.101283e+03 1.082502e+03 
2.728182e-01 1.078443e+03 1.059049e+03 
2.758384e-01 1.054127e+03 1.036303e+03 
2.788586e-01 1.028660e+03 1.014238e+03 
2.818788e-01 1.002493e+03 9.928278e+02 
2.848990e-01 9.761232e+02 9.720475e+02 
2.879192e-01 9.500793e+02 9.518734e+02 
2.909394e-01 9.248526e+02 9.322830e+02 
2.939596e-01 9.008834e+02 9.132548e+02 
2.969798e-01 8.784839e+02 8.947680e+02 
3.000000e-01 8.578722e+02 8.768031e+02 
