1.000000e-03 2.796457e+03 2.796455e+03 
4.020202e-03 9.255733e+03 9.329342e+03 
7.040404e-03 1.346032e+04 1.354046e+04 
1.006061e-02 1.605880e+04 1.609485e+04 
1.308081e-02 1.751285e+04 1.748437e+04 
1.610101e-02 1.814684e+04 1.804103e+04 
1.912121e-02 1.819928e+04 1.802422e+04 
2.214141e-02 1.785428e+04 1.765359e+04 
2.516162e-02 1.725513e+04 1.709338e+04 
2.818182e-02 1.651288e+04 1.644535e+04 
3.120202e-02 1.571049e+04 1.576462e+04 
3.422222e-02 1.490662e+04 1.507965e+04 
3.724242e-02 1.413866e+04 1.440535e+04 
4.026263e-02 1.342774e+04 1.374996e+04 
4.328283e-02 1.278032e+04 1.311816e+04 
4.630303e-02 1.219212e+04 1.251255e+04 
4.932323e-02 1.166226e+04 1.193444e+04 
5.234343e-02 1.117883e+04 1.138425e+04 
5.536364e-02 1.072024e+04 1.086183e+04 
5.838384e-02 1.027957e+04 1.036659e+04 
6.140404e-02 9.852516e+03 9.897684e+03 
6.442424e-02 9.431389e+03 9.454067e+03 
6.744444e-02 9.012917e+03 9.034604e+03 
7.046465e-02 8.597495e+03 8.638099e+03 
7.348485e-02 8.188528e+03 8.263339e+03 
7.650505e-02 7.791332e+03 7.909118e+03 
7.952525e-02 7.412148e+03 7.574260e+03 
8.254545e-02 7.056024e+03 7.257626e+03 
8.556566e-02 6.725937e+03 6.958128e+03 
8.858586e-02 6.422490e+03 6.674728e+03 
9.160606e-02 6.145423e+03 6.406444e+03 
9.462626e-02 5.893955e+03 6.152349e+03 
9.764646e-02 5.666785e+03 5.911571e+03 
1.006667e-01 5.461616e+03 5.683292e+03 
1.036869e-01 5.275077e+03 5.466745e+03 
1.067071e-01 5.102355e+03 5.261215e+03 
1.097273e-01 4.938623e+03 5.066029e+03 
1.127475e-01 4.779894e+03 4.880563e+03 
1.157677e-01 4.623103e+03 4.704231e+03 
1.187879e-01 4.467288e+03 4.536487e+03 
1.218081e-01 4.312230e+03 4.376823e+03 
1.248283e-01 4.158683e+03 4.224763e+03 
1.278485e-01 4.007653e+03 4.079864e+03 
1.308687e-01 3.860389e+03 3.941710e+03 
1.338889e-01 3.718173e+03 3.809917e+03 
1.369091e-01 3.582297e+03 3.684121e+03 
1.399293e-01 3.453837e+03 3.563986e+03 
1.429495e-01 3.333454e+03 3.449197e+03 
1.459697e-01 3.221426e+03 3.339457e+03 
1.489899e-01 3.117434e+03 3.234491e+03 
1.520101e-01 3.021026e+03 3.134041e+03 
1.550303e-01 2.931621e+03 3.037864e+03 
1.580505e-01 2.848446e+03 2.945733e+03 
1.610707e-01 2.770440e+03 2.857436e+03 
1.640909e-01 2.696474e+03 2.772773e+03 
1.671111e-01 2.625355e+03 2.691557e+03 
1.701313e-01 2.556115e+03 2.613612e+03 
1.731515e-01 2.488087e+03 2.538773e+03 
1.761717e-01 2.420938e+03 2.466884e+03 
1.791919e-01 2.354711e+03 2.397799e+03 
1.822121e-01 2.289532e+03 2.331381e+03 
1.852323e-01 2.225597e+03 2.267500e+03 
1.882525e-01 2.163140e+03 2.206034e+03 
1.912727e-01 2.102431e+03 2.146868e+03 
1.942929e-01 2.043781e+03 2.089893e+03 
1.973131e-01 1.987530e+03 2.035008e+03 
2.003333e-01 1.933905e+03 1.982115e+03 
2.033535e-01 1.883022e+03 1.931123e+03 
2.063737e-01 1.834827e+03 1.881946e+03 
2.093939e-01 1.789133e+03 1.834502e+03 
2.124141e-01 1.745718e+03 1.788713e+03 
2.154343e-01 1.704337e+03 1.744508e+03 
2.184545e-01 1.664731e+03 1.701816e+03 
2.214747e-01 1.626633e+03 1.660571e+03 
2.244949e-01 1.589798e+03 1.620713e+03 
2.275152e-01 1.554001e+03 1.582180e+03 
2.305354e-01 1.519070e+03 1.544919e+03 
2.335556e-01 1.484878e+03 1.508875e+03 
2.365758e-01 1.451393e+03 1.473998e+03 
2.395960e-01 1.418639e+03 1.440240e+03 
2.426162e-01 1.386646e+03 1.407556e+03 
2.456364e-01 1.355449e+03 1.375902e+03 
2.486566e-01 1.325056e+03 1.345237e+03 
2.516768e-01 1.295473e+03 1.315521e+03 
2.546970e-01 1.266759e+03 1.286718e+03 
2.577172e-01 1.238990e+03 1.258791e+03 
2.607374e-01 1.212220e+03 1.231707e+03 
2.637576e-01 1.186480e+03 1.205434e+03 
2.667778e-01 1.161731e+03 1.179940e+03 
2.697980e-01 1.137902e+03 1.155196e+03 
2.728182e-01 1.114882e+03 1.131174e+03 
2.758384e-01 1.092563e+03 1.107847e+03 
2.788586e-01 1.070890e+03 1.085190e+03 
2.818788e-01 1.049826e+03 1.063178e+03 
2.848990e-01 1.029345e+03 1.041787e+03 
2.879192e-01 1.009418e+03 1.020996e+03 
2.909394e-01 9.899918e+02 1.000783e+03 
2.939596e-01 9.710130e+02 9.811275e+02 
2.969798e-01 9.524507e+02 9.620097e+02 
3.000000e-01 9.342871e+02 9.434109e+02 
