1.000000e-03 2.718756e+03 2.718754e+03 
4.020202e-03 9.113237e+03 9.185044e+03 
7.040404e-03 1.334553e+04 1.342840e+04 
1.006061e-02 1.599572e+04 1.604672e+04 
1.308081e-02 1.749429e+04 1.749659e+04 
1.610101e-02 1.815136e+04 1.808684e+04 
1.912121e-02 1.820244e+04 1.806605e+04 
2.214141e-02 1.783266e+04 1.766042e+04 
2.516162e-02 1.719169e+04 1.705166e+04 
2.818182e-02 1.639764e+04 1.635691e+04 
3.120202e-02 1.554092e+04 1.563880e+04 
3.422222e-02 1.468668e+04 1.492719e+04 
3.724242e-02 1.387746e+04 1.423563e+04 
4.026263e-02 1.313883e+04 1.357022e+04 
4.328283e-02 1.247263e+04 1.293366e+04 
4.630303e-02 1.188272e+04 1.232701e+04 
4.932323e-02 1.137253e+04 1.175042e+04 
5.234343e-02 1.091448e+04 1.120346e+04 
5.536364e-02 1.048864e+04 1.068540e+04 
5.838384e-02 1.008632e+04 1.019523e+04 
6.140404e-02 9.696833e+03 9.731801e+03 
6.442424e-02 9.310684e+03 9.293882e+03 
6.744444e-02 8.921087e+03 8.880188e+03 
7.046465e-02 8.525867e+03 8.489426e+03 
7.348485e-02 8.127011e+03 8.120314e+03 
7.650505e-02 7.730199e+03 7.771603e+03 
7.952525e-02 7.343038e+03 7.442086e+03 
8.254545e-02 6.972858e+03 7.130608e+03 
8.556566e-02 6.625527e+03 6.836069e+03 
8.858586e-02 6.304388e+03 6.557427e+03 
9.160606e-02 6.011235e+03 6.293699e+03 
9.462626e-02 5.746771e+03 6.043962e+03 
9.764646e-02 5.510924e+03 5.807349e+03 
1.006667e-01 5.302357e+03 5.583047e+03 
1.036869e-01 5.118072e+03 5.370296e+03 
1.067071e-01 4.953714e+03 5.168386e+03 
1.097273e-01 4.803452e+03 4.976655e+03 
1.127475e-01 4.661800e+03 4.794484e+03 
1.157677e-01 4.523817e+03 4.621295e+03 
1.187879e-01 4.386359e+03 4.456551e+03 
1.218081e-01 4.247691e+03 4.299749e+03 
1.248283e-01 4.107300e+03 4.150421e+03 
1.278485e-01 3.965443e+03 4.008130e+03 
1.308687e-01 3.823200e+03 3.872468e+03 
1.338889e-01 3.682047e+03 3.743054e+03 
1.369091e-01 3.543772e+03 3.619533e+03 
1.399293e-01 3.410200e+03 3.501572e+03 
1.429495e-01 3.282966e+03 3.388862e+03 
1.459697e-01 3.163428e+03 3.281112e+03 
1.489899e-01 3.052333e+03 3.178050e+03 
1.520101e-01 2.950097e+03 3.079422e+03 
1.550303e-01 2.856678e+03 2.984991e+03 
1.580505e-01 2.771681e+03 2.894533e+03 
1.610707e-01 2.694257e+03 2.807840e+03 
1.640909e-01 2.623212e+03 2.724714e+03 
1.671111e-01 2.557010e+03 2.644973e+03 
1.701313e-01 2.494180e+03 2.568444e+03 
1.731515e-01 2.433355e+03 2.494964e+03 
1.761717e-01 2.373563e+03 2.424380e+03 
1.791919e-01 2.314130e+03 2.356549e+03 
1.822121e-01 2.254748e+03 2.291336e+03 
1.852323e-01 2.195311e+03 2.228613e+03 
1.882525e-01 2.135868e+03 2.168262e+03 
1.912727e-01 2.076592e+03 2.110168e+03 
1.942929e-01 2.017955e+03 2.054225e+03 
1.973131e-01 1.960514e+03 2.000333e+03 
2.003333e-01 1.904854e+03 1.948397e+03 
2.033535e-01 1.851499e+03 1.898327e+03 
2.063737e-01 1.800825e+03 1.850039e+03 
2.093939e-01 1.753035e+03 1.803451e+03 
2.124141e-01 1.708077e+03 1.758489e+03 
2.154343e-01 1.665832e+03 1.715081e+03 
2.184545e-01 1.626126e+03 1.673158e+03 
2.214747e-01 1.588722e+03 1.632656e+03 
2.244949e-01 1.553319e+03 1.593514e+03 
2.275152e-01 1.519572e+03 1.555675e+03 
2.305354e-01 1.487109e+03 1.519083e+03 
2.335556e-01 1.455571e+03 1.483685e+03 
2.365758e-01 1.424636e+03 1.449434e+03 
2.395960e-01 1.394164e+03 1.416281e+03 
2.426162e-01 1.364096e+03 1.384181e+03 
2.456364e-01 1.334400e+03 1.353093e+03 
2.486566e-01 1.305062e+03 1.322975e+03 
2.516768e-01 1.276118e+03 1.293790e+03 
2.546970e-01 1.247631e+03 1.265500e+03 
2.577172e-01 1.219706e+03 1.238071e+03 
2.607374e-01 1.192476e+03 1.211468e+03 
2.637576e-01 1.166107e+03 1.185662e+03 
2.667778e-01 1.140733e+03 1.160620e+03 
2.697980e-01 1.116420e+03 1.136315e+03 
2.728182e-01 1.093163e+03 1.112719e+03 
2.758384e-01 1.070876e+03 1.089805e+03 
2.788586e-01 1.049474e+03 1.067548e+03 
2.818788e-01 1.028875e+03 1.045925e+03 
2.848990e-01 1.009009e+03 1.024912e+03 
2.879192e-01 9.898104e+02 1.004487e+03 
2.909394e-01 9.712110e+02 9.846295e+02 
2.939596e-01 9.531407e+02 9.653193e+02 
2.969798e-01 9.355076e+02 9.465371e+02 
3.000000e-01 9.182209e+02 9.282646e+02 
