1.000000e-03 2.581103e+03 2.581101e+03 
4.020202e-03 8.661432e+03 8.731320e+03 
7.040404e-03 1.266370e+04 1.274047e+04 
1.006061e-02 1.516273e+04 1.519634e+04 
1.308081e-02 1.658634e+04 1.655554e+04 
1.610101e-02 1.723666e+04 1.713044e+04 
1.912121e-02 1.733673e+04 1.716349e+04 
2.214141e-02 1.705772e+04 1.685777e+04 
2.516162e-02 1.653321e+04 1.636509e+04 
2.818182e-02 1.586653e+04 1.578077e+04 
3.120202e-02 1.513480e+04 1.515774e+04 
3.422222e-02 1.439356e+04 1.452431e+04 
3.724242e-02 1.367836e+04 1.389600e+04 
4.026263e-02 1.300980e+04 1.328174e+04 
4.328283e-02 1.239610e+04 1.268687e+04 
4.630303e-02 1.183582e+04 1.211454e+04 
4.932323e-02 1.132430e+04 1.156651e+04 
5.234343e-02 1.085415e+04 1.104361e+04 
5.536364e-02 1.041130e+04 1.054599e+04 
5.838384e-02 9.985083e+03 1.007334e+04 
6.140404e-02 9.570893e+03 9.625050e+03 
6.442424e-02 9.164483e+03 9.200285e+03 
6.744444e-02 8.762798e+03 8.798088e+03 
7.046465e-02 8.365892e+03 8.417420e+03 
7.348485e-02 7.976328e+03 8.057208e+03 
7.650505e-02 7.598656e+03 7.716371e+03 
7.952525e-02 7.238007e+03 7.393841e+03 
8.254545e-02 6.898740e+03 7.088580e+03 
8.556566e-02 6.583368e+03 6.799585e+03 
8.858586e-02 6.292629e+03 6.525897e+03 
9.160606e-02 6.026073e+03 6.266605e+03 
9.462626e-02 5.782833e+03 6.020844e+03 
9.764646e-02 5.561664e+03 5.787800e+03 
1.006667e-01 5.360775e+03 5.566705e+03 
1.036869e-01 5.177029e+03 5.356840e+03 
1.067071e-01 5.006496e+03 5.157529e+03 
1.097273e-01 4.844907e+03 4.968139e+03 
1.127475e-01 4.688460e+03 4.788079e+03 
1.157677e-01 4.534862e+03 4.616794e+03 
1.187879e-01 4.382619e+03 4.453767e+03 
1.218081e-01 4.231841e+03 4.298515e+03 
1.248283e-01 4.083046e+03 4.150585e+03 
1.278485e-01 3.937080e+03 4.009556e+03 
1.308687e-01 3.794923e+03 3.875032e+03 
1.338889e-01 3.657777e+03 3.746644e+03 
1.369091e-01 3.526799e+03 3.624048e+03 
1.399293e-01 3.402831e+03 3.506920e+03 
1.429495e-01 3.286483e+03 3.394959e+03 
1.459697e-01 3.177772e+03 3.287883e+03 
1.489899e-01 3.076497e+03 3.185426e+03 
1.520101e-01 2.982150e+03 3.087340e+03 
1.550303e-01 2.894132e+03 2.993394e+03 
1.580505e-01 2.811791e+03 2.903369e+03 
1.610707e-01 2.734398e+03 2.817061e+03 
1.640909e-01 2.660963e+03 2.734278e+03 
1.671111e-01 2.590457e+03 2.654839e+03 
1.701313e-01 2.522015e+03 2.578577e+03 
1.731515e-01 2.454920e+03 2.505330e+03 
1.761717e-01 2.388929e+03 2.434950e+03 
1.791919e-01 2.323981e+03 2.367296e+03 
1.822121e-01 2.260232e+03 2.302234e+03 
1.852323e-01 2.197899e+03 2.239640e+03 
1.882525e-01 2.137169e+03 2.179396e+03 
1.912727e-01 2.078229e+03 2.121391e+03 
1.942929e-01 2.021290e+03 2.065520e+03 
1.973131e-01 1.966571e+03 2.011683e+03 
2.003333e-01 1.914247e+03 1.959788e+03 
2.033535e-01 1.864454e+03 1.909745e+03 
2.063737e-01 1.817150e+03 1.861472e+03 
2.093939e-01 1.772214e+03 1.814889e+03 
2.124141e-01 1.729432e+03 1.769921e+03 
2.154343e-01 1.688557e+03 1.726498e+03 
2.184545e-01 1.649353e+03 1.684552e+03 
2.214747e-01 1.611590e+03 1.644019e+03 
2.244949e-01 1.575065e+03 1.604839e+03 
2.275152e-01 1.539586e+03 1.566956e+03 
2.305354e-01 1.505014e+03 1.530314e+03 
2.335556e-01 1.471239e+03 1.494862e+03 
2.365758e-01 1.438239e+03 1.460551e+03 
2.395960e-01 1.406030e+03 1.427334e+03 
2.426162e-01 1.374626e+03 1.395167e+03 
2.456364e-01 1.344034e+03 1.364008e+03 
2.486566e-01 1.314251e+03 1.333817e+03 
2.516768e-01 1.285274e+03 1.304555e+03 
2.546970e-01 1.257138e+03 1.276186e+03 
2.577172e-01 1.229898e+03 1.248676e+03 
2.607374e-01 1.203594e+03 1.221991e+03 
2.637576e-01 1.178252e+03 1.196100e+03 
2.667778e-01 1.153843e+03 1.170973e+03 
2.697980e-01 1.130302e+03 1.146581e+03 
2.728182e-01 1.107542e+03 1.122896e+03 
2.758384e-01 1.085461e+03 1.099893e+03 
2.788586e-01 1.064004e+03 1.077547e+03 
2.818788e-01 1.043143e+03 1.055834e+03 
2.848990e-01 1.022853e+03 1.034730e+03 
2.879192e-01 1.003110e+03 1.014215e+03 
2.909394e-01 9.838792e+02 9.942662e+02 
2.939596e-01 9.651145e+02 9.748650e+02 
2.969798e-01 9.467824e+02 9.559918e+02 
3.000000e-01 9.288584e+02 9.376282e+02 
