1.000000e-03 4.448418e+03 4.448414e+03 
4.020202e-03 1.476131e+04 1.487893e+04 
7.040404e-03 2.147592e+04 2.163780e+04 
1.006061e-02 2.554448e+04 2.573251e+04 
1.308081e-02 2.764982e+04 2.787344e+04 
1.610101e-02 2.828924e+04 2.849288e+04 
1.912121e-02 2.785377e+04 2.793252e+04 
2.214141e-02 2.666934e+04 2.657417e+04 
2.516162e-02 2.501224e+04 2.481776e+04 
2.818182e-02 2.311042e+04 2.297820e+04 
3.120202e-02 2.114550e+04 2.123466e+04 
3.422222e-02 1.925167e+04 1.965611e+04 
3.724242e-02 1.751841e+04 1.825058e+04 
4.026263e-02 1.599927e+04 1.700152e+04 
4.328283e-02 1.470941e+04 1.588651e+04 
4.630303e-02 1.364215e+04 1.488459e+04 
4.932323e-02 1.279784e+04 1.397828e+04 
5.234343e-02 1.213930e+04 1.315360e+04 
5.536364e-02 1.161898e+04 1.239942e+04 
5.838384e-02 1.120494e+04 1.170685e+04 
6.140404e-02 1.085815e+04 1.106864e+04 
6.442424e-02 1.054252e+04 1.047883e+04 
6.744444e-02 1.022972e+04 9.932405e+03 
7.046465e-02 9.897131e+03 9.425095e+03 
7.348485e-02 9.529816e+03 8.953218e+03 
7.650505e-02 9.121000e+03 8.513561e+03 
7.952525e-02 8.672298e+03 8.103300e+03 
8.254545e-02 8.192655e+03 7.719931e+03 
8.556566e-02 7.695398e+03 7.361221e+03 
8.858586e-02 7.196021e+03 7.025170e+03 
9.160606e-02 6.710227e+03 6.709979e+03 
9.462626e-02 6.252082e+03 6.414025e+03 
9.764646e-02 5.833726e+03 6.135837e+03 
1.006667e-01 5.463527e+03 5.874081e+03 
1.036869e-01 5.146814e+03 5.627543e+03 
1.067071e-01 4.883928e+03 5.395117e+03 
1.097273e-01 4.672293e+03 5.175793e+03 
1.127475e-01 4.505913e+03 4.968648e+03 
1.157677e-01 4.377189e+03 4.772836e+03 
1.187879e-01 4.277240e+03 4.587580e+03 
1.218081e-01 4.196997e+03 4.412168e+03 
1.248283e-01 4.127460e+03 4.245945e+03 
1.278485e-01 4.060287e+03 4.088308e+03 
1.308687e-01 3.988048e+03 3.938699e+03 
1.338889e-01 3.905046e+03 3.796607e+03 
1.369091e-01 3.807617e+03 3.661557e+03 
1.399293e-01 3.694490e+03 3.533110e+03 
1.429495e-01 3.566563e+03 3.410860e+03 
1.459697e-01 3.426315e+03 3.294431e+03 
1.489899e-01 3.277405e+03 3.183475e+03 
1.520101e-01 3.124056e+03 3.077667e+03 
1.550303e-01 2.970910e+03 2.976707e+03 
1.580505e-01 2.822572e+03 2.880314e+03 
1.610707e-01 2.683430e+03 2.788228e+03 
1.640909e-01 2.556953e+03 2.700205e+03 
1.671111e-01 2.445647e+03 2.616021e+03 
1.701313e-01 2.350395e+03 2.535462e+03 
1.731515e-01 2.271022e+03 2.458332e+03 
1.761717e-01 2.206113e+03 2.384446e+03 
1.791919e-01 2.153730e+03 2.313632e+03 
1.822121e-01 2.111486e+03 2.245728e+03 
1.852323e-01 2.076890e+03 2.180583e+03 
1.882525e-01 2.047393e+03 2.118054e+03 
1.912727e-01 2.020353e+03 2.058009e+03 
1.942929e-01 1.993159e+03 2.000323e+03 
1.973131e-01 1.963526e+03 1.944877e+03 
2.003333e-01 1.929617e+03 1.891563e+03 
2.033535e-01 1.890414e+03 1.840275e+03 
2.063737e-01 1.845611e+03 1.790917e+03 
2.093939e-01 1.795663e+03 1.743395e+03 
2.124141e-01 1.741553e+03 1.697623e+03 
2.154343e-01 1.684606e+03 1.653520e+03 
2.184545e-01 1.626287e+03 1.611008e+03 
2.214747e-01 1.568090e+03 1.570014e+03 
2.244949e-01 1.511470e+03 1.530469e+03 
2.275152e-01 1.457726e+03 1.492309e+03 
2.305354e-01 1.407930e+03 1.455470e+03 
2.335556e-01 1.362834e+03 1.419896e+03 
2.365758e-01 1.322897e+03 1.385531e+03 
2.395960e-01 1.288175e+03 1.352323e+03 
2.426162e-01 1.258459e+03 1.320221e+03 
2.456364e-01 1.233192e+03 1.289180e+03 
2.486566e-01 1.211657e+03 1.259154e+03 
2.516768e-01 1.192975e+03 1.230102e+03 
2.546970e-01 1.176208e+03 1.201982e+03 
2.577172e-01 1.160390e+03 1.174758e+03 
2.607374e-01 1.144659e+03 1.148392e+03 
2.637576e-01 1.128263e+03 1.122850e+03 
2.667778e-01 1.110664e+03 1.098099e+03 
2.697980e-01 1.091494e+03 1.074108e+03 
2.728182e-01 1.070628e+03 1.050848e+03 
2.758384e-01 1.048121e+03 1.028289e+03 
2.788586e-01 1.024209e+03 1.006405e+03 
2.818788e-01 9.992551e+02 9.851704e+02 
2.848990e-01 9.737044e+02 9.645601e+02 
2.879192e-01 9.480547e+02 9.445508e+02 
2.909394e-01 9.228092e+02 9.251203e+02 
2.939596e-01 8.984397e+02 9.062470e+02 
2.969798e-01 8.753471e+02 8.879107e+02 
3.000000e-01 8.538318e+02 8.700917e+02 
