1.000000e-03 5.481237e+03 5.481232e+03 
4.020202e-03 1.815808e+04 1.830359e+04 
7.040404e-03 2.644897e+04 2.666266e+04 
1.006061e-02 3.148924e+04 3.177105e+04 
1.308081e-02 3.408657e+04 3.447189e+04 
1.610101e-02 3.483174e+04 3.525744e+04 
1.912121e-02 3.419717e+04 3.449302e+04 
2.214141e-02 3.258513e+04 3.260726e+04 
2.516162e-02 3.034289e+04 3.010932e+04 
2.818182e-02 2.776487e+04 2.745747e+04 
3.120202e-02 2.509025e+04 2.494724e+04 
3.422222e-02 2.250027e+04 2.270761e+04 
3.724242e-02 2.011961e+04 2.076013e+04 
4.026263e-02 1.802540e+04 1.907737e+04 
4.328283e-02 1.624339e+04 1.761787e+04 
4.630303e-02 1.477339e+04 1.634169e+04 
4.932323e-02 1.361501e+04 1.521539e+04 
5.234343e-02 1.272687e+04 1.421245e+04 
5.536364e-02 1.205678e+04 1.331226e+04 
5.838384e-02 1.155921e+04 1.249879e+04 
6.140404e-02 1.118830e+04 1.175945e+04 
6.442424e-02 1.089801e+04 1.108424e+04 
6.744444e-02 1.064542e+04 1.046511e+04 
7.046465e-02 1.039523e+04 9.895415e+03 
7.348485e-02 1.011867e+04 9.369661e+03 
7.650505e-02 9.794975e+03 8.883195e+03 
7.952525e-02 9.413018e+03 8.432050e+03 
8.254545e-02 8.972335e+03 8.012804e+03 
8.556566e-02 8.480876e+03 7.622481e+03 
8.858586e-02 7.952935e+03 7.258470e+03 
9.160606e-02 7.406845e+03 6.918468e+03 
9.462626e-02 6.862209e+03 6.600430e+03 
9.764646e-02 6.338291e+03 6.302533e+03 
1.006667e-01 5.851606e+03 6.023145e+03 
1.036869e-01 5.415448e+03 5.760797e+03 
1.067071e-01 5.037959e+03 5.514168e+03 
1.097273e-01 4.722843e+03 5.282060e+03 
1.127475e-01 4.469438e+03 5.063389e+03 
1.157677e-01 4.273374e+03 4.857169e+03 
1.187879e-01 4.127986e+03 4.662503e+03 
1.218081e-01 4.024954e+03 4.478572e+03 
1.248283e-01 3.955099e+03 4.304626e+03 
1.278485e-01 3.908345e+03 4.139982e+03 
1.308687e-01 3.874497e+03 3.984010e+03 
1.338889e-01 3.843483e+03 3.836132e+03 
1.369091e-01 3.806492e+03 3.695819e+03 
1.399293e-01 3.756037e+03 3.562580e+03 
1.429495e-01 3.687389e+03 3.435966e+03 
1.459697e-01 3.597751e+03 3.315559e+03 
1.489899e-01 3.486975e+03 3.200975e+03 
1.520101e-01 3.356755e+03 3.091858e+03 
1.550303e-01 3.210667e+03 2.987878e+03 
1.580505e-01 3.053527e+03 2.888729e+03 
1.610707e-01 2.890996e+03 2.794126e+03 
1.640909e-01 2.729333e+03 2.703807e+03 
1.671111e-01 2.574566e+03 2.617525e+03 
1.701313e-01 2.431611e+03 2.535052e+03 
1.731515e-01 2.304109e+03 2.456174e+03 
1.761717e-01 2.194134e+03 2.380694e+03 
1.791919e-01 2.102334e+03 2.308426e+03 
1.822121e-01 2.028279e+03 2.239196e+03 
1.852323e-01 1.970674e+03 2.172842e+03 
1.882525e-01 1.927729e+03 2.109213e+03 
1.912727e-01 1.897105e+03 2.048167e+03 
1.942929e-01 1.876088e+03 1.989571e+03 
1.973131e-01 1.861556e+03 1.933299e+03 
2.003333e-01 1.850204e+03 1.879236e+03 
2.033535e-01 1.838687e+03 1.827270e+03 
2.063737e-01 1.824146e+03 1.777298e+03 
2.093939e-01 1.804215e+03 1.729224e+03 
2.124141e-01 1.777457e+03 1.682955e+03 
2.154343e-01 1.743134e+03 1.638405e+03 
2.184545e-01 1.701357e+03 1.595494e+03 
2.214747e-01 1.652827e+03 1.554144e+03 
2.244949e-01 1.598731e+03 1.514283e+03 
2.275152e-01 1.540696e+03 1.475843e+03 
2.305354e-01 1.480568e+03 1.438760e+03 
2.335556e-01 1.420300e+03 1.402972e+03 
2.365758e-01 1.361774e+03 1.368422e+03 
2.395960e-01 1.306689e+03 1.335055e+03 
2.426162e-01 1.256359e+03 1.302820e+03 
2.456364e-01 1.211703e+03 1.271668e+03 
2.486566e-01 1.173192e+03 1.241553e+03 
2.516768e-01 1.140972e+03 1.212430e+03 
2.546970e-01 1.114729e+03 1.184257e+03 
2.577172e-01 1.093906e+03 1.156996e+03 
2.607374e-01 1.077678e+03 1.130609e+03 
2.637576e-01 1.065059e+03 1.105060e+03 
2.667778e-01 1.054927e+03 1.080315e+03 
2.697980e-01 1.046141e+03 1.056341e+03 
2.728182e-01 1.037586e+03 1.033109e+03 
2.758384e-01 1.028291e+03 1.010588e+03 
2.788586e-01 1.017433e+03 9.887514e+02 
2.818788e-01 1.004423e+03 9.675722e+02 
2.848990e-01 9.889011e+02 9.470253e+02 
2.879192e-01 9.707472e+02 9.270864e+02 
2.909394e-01 9.501045e+02 9.077326e+02 
2.939596e-01 9.272996e+02 8.889420e+02 
2.969798e-01 9.028444e+02 8.706937e+02 
3.000000e-01 8.773445e+02 8.529676e+02 
