1.000000e-03 4.239728e+03 4.239724e+03 
4.020202e-03 1.433423e+04 1.441852e+04 
7.040404e-03 2.101847e+04 2.110410e+04 
1.006061e-02 2.512418e+04 2.526224e+04 
1.308081e-02 2.728823e+04 2.768637e+04 
1.610101e-02 2.798687e+04 2.892843e+04 
1.912121e-02 2.760166e+04 2.937222e+04 
2.214141e-02 2.645692e+04 2.928528e+04 
2.516162e-02 2.482810e+04 2.885018e+04 
2.818182e-02 2.294636e+04 2.818964e+04 
3.120202e-02 2.099593e+04 2.738658e+04 
3.422222e-02 1.911335e+04 2.649784e+04 
3.724242e-02 1.739026e+04 2.556279e+04 
4.026263e-02 1.588169e+04 2.460884e+04 
4.328283e-02 1.460131e+04 2.365507e+04 
4.630303e-02 1.354646e+04 2.271462e+04 
4.932323e-02 1.271702e+04 2.179640e+04 
5.234343e-02 1.207159e+04 2.090630e+04 
5.536364e-02 1.156551e+04 2.004800e+04 
5.838384e-02 1.116456e+04 1.922362e+04 
6.140404e-02 1.083007e+04 1.843415e+04 
6.442424e-02 1.052628e+04 1.767977e+04 
6.744444e-02 1.022306e+04 1.696009e+04 
7.046465e-02 9.897313e+03 1.627435e+04 
7.348485e-02 9.533991e+03 1.562149e+04 
7.650505e-02 9.126612e+03 1.500031e+04 
7.952525e-02 8.677270e+03 1.440948e+04 
8.254545e-02 8.195663e+03 1.384764e+04 
8.556566e-02 7.695740e+03 1.331339e+04 
8.858586e-02 7.193476e+03 1.280536e+04 
9.160606e-02 6.704978e+03 1.232219e+04 
9.462626e-02 6.244664e+03 1.186258e+04 
9.764646e-02 5.825045e+03 1.142526e+04 
1.006667e-01 5.454922e+03 1.100901e+04 
1.036869e-01 5.139439e+03 1.061270e+04 
1.067071e-01 4.879133e+03 1.023521e+04 
1.097273e-01 4.670852e+03 9.875511e+03 
1.127475e-01 4.508568e+03 9.532622e+03 
1.157677e-01 4.384089e+03 9.205615e+03 
1.187879e-01 4.288338e+03 8.893616e+03 
1.218081e-01 4.212022e+03 8.595801e+03 
1.248283e-01 4.146007e+03 8.311395e+03 
1.278485e-01 4.081538e+03 8.039671e+03 
1.308687e-01 4.011215e+03 7.779942e+03 
1.338889e-01 3.929052e+03 7.531565e+03 
1.369091e-01 3.831642e+03 7.293934e+03 
1.399293e-01 3.717491e+03 7.066480e+03 
1.429495e-01 3.587833e+03 6.848668e+03 
1.459697e-01 3.445288e+03 6.639995e+03 
1.489899e-01 3.293791e+03 6.439989e+03 
1.520101e-01 3.137869e+03 6.248204e+03 
1.550303e-01 2.982409e+03 6.064223e+03 
1.580505e-01 2.832284e+03 5.887651e+03 
1.610707e-01 2.692001e+03 5.718118e+03 
1.640909e-01 2.565057e+03 5.555274e+03 
1.671111e-01 2.453818e+03 5.398791e+03 
1.701313e-01 2.359220e+03 5.248358e+03 
1.731515e-01 2.280869e+03 5.103685e+03 
1.761717e-01 2.217361e+03 4.964494e+03 
1.791919e-01 2.166582e+03 4.830526e+03 
1.822121e-01 2.126091e+03 4.701535e+03 
1.852323e-01 2.093238e+03 4.577289e+03 
1.882525e-01 2.065282e+03 4.457570e+03 
1.912727e-01 2.039420e+03 4.342169e+03 
1.942929e-01 2.013009e+03 4.230891e+03 
1.973131e-01 1.983645e+03 4.123552e+03 
2.003333e-01 1.949613e+03 4.019974e+03 
2.033535e-01 1.909807e+03 3.919992e+03 
2.063737e-01 1.864102e+03 3.823449e+03 
2.093939e-01 1.812981e+03 3.730196e+03 
2.124141e-01 1.757547e+03 3.640090e+03 
2.154343e-01 1.699203e+03 3.552998e+03 
2.184545e-01 1.639533e+03 3.468793e+03 
2.214747e-01 1.580139e+03 3.387353e+03 
2.244949e-01 1.522558e+03 3.308563e+03 
2.275152e-01 1.468138e+03 3.232315e+03 
2.305354e-01 1.417973e+03 3.158504e+03 
2.335556e-01 1.372830e+03 3.087032e+03 
2.365758e-01 1.333084e+03 3.017805e+03 
2.395960e-01 1.298789e+03 2.950733e+03 
2.426162e-01 1.269628e+03 2.885732e+03 
2.456364e-01 1.245052e+03 2.822720e+03 
2.486566e-01 1.224244e+03 2.761620e+03 
2.516768e-01 1.206273e+03 2.702359e+03 
2.546970e-01 1.190118e+03 2.644865e+03 
2.577172e-01 1.174779e+03 2.589073e+03 
2.607374e-01 1.159310e+03 2.534918e+03 
2.637576e-01 1.142978e+03 2.482339e+03 
2.667778e-01 1.125221e+03 2.431278e+03 
2.697980e-01 1.105730e+03 2.381679e+03 
2.728182e-01 1.084395e+03 2.333489e+03 
2.758384e-01 1.061319e+03 2.286656e+03 
2.788586e-01 1.036768e+03 2.241133e+03 
2.818788e-01 1.011124e+03 2.196873e+03 
2.848990e-01 9.848886e+02 2.153830e+03 
2.879192e-01 9.586060e+02 2.111963e+03 
2.909394e-01 9.328267e+02 2.071230e+03 
2.939596e-01 9.080501e+02 2.031592e+03 
2.969798e-01 8.846983e+02 1.993013e+03 
3.000000e-01 8.630583e+02 1.955454e+03 
