1.000000e-03 3.114673e+03 3.114670e+03 
4.020202e-03 1.056375e+04 1.064645e+04 
7.040404e-03 1.563825e+04 1.575141e+04 
1.006061e-02 1.889797e+04 1.901656e+04 
1.308081e-02 2.077477e+04 2.089872e+04 
1.610101e-02 2.159464e+04 2.169239e+04 
1.912121e-02 2.161975e+04 2.163307e+04 
2.214141e-02 2.106960e+04 2.097635e+04 
2.516162e-02 2.013336e+04 1.998621e+04 
2.818182e-02 1.896975e+04 1.887356e+04 
3.120202e-02 1.770713e+04 1.776539e+04 
3.422222e-02 1.644477e+04 1.671932e+04 
3.724242e-02 1.525231e+04 1.575269e+04 
4.026263e-02 1.417477e+04 1.486473e+04 
4.328283e-02 1.323392e+04 1.404845e+04 
4.630303e-02 1.242846e+04 1.329580e+04 
4.932323e-02 1.176149e+04 1.259944e+04 
5.234343e-02 1.122162e+04 1.195314e+04 
5.536364e-02 1.077459e+04 1.135171e+04 
5.838384e-02 1.039375e+04 1.079084e+04 
6.140404e-02 1.005864e+04 1.026685e+04 
6.442424e-02 9.751076e+03 9.776592e+03 
6.744444e-02 9.448648e+03 9.317311e+03 
7.046465e-02 9.133880e+03 8.886563e+03 
7.348485e-02 8.796259e+03 8.482164e+03 
7.650505e-02 8.431389e+03 8.102144e+03 
7.952525e-02 8.041549e+03 7.744715e+03 
8.254545e-02 7.634141e+03 7.408249e+03 
8.556566e-02 7.219722e+03 7.091254e+03 
8.858586e-02 6.809207e+03 6.792365e+03 
9.160606e-02 6.412725e+03 6.510328e+03 
9.462626e-02 6.038886e+03 6.243986e+03 
9.764646e-02 5.694570e+03 5.992278e+03 
1.006667e-01 5.385422e+03 5.754223e+03 
1.036869e-01 5.114968e+03 5.528915e+03 
1.067071e-01 4.884696e+03 5.315519e+03 
1.097273e-01 4.693007e+03 5.113261e+03 
1.127475e-01 4.535964e+03 4.921428e+03 
1.157677e-01 4.407343e+03 4.739357e+03 
1.187879e-01 4.300025e+03 4.566435e+03 
1.218081e-01 4.206511e+03 4.402094e+03 
1.248283e-01 4.120123e+03 4.245807e+03 
1.278485e-01 4.034905e+03 4.097084e+03 
1.308687e-01 3.946293e+03 3.955471e+03 
1.338889e-01 3.850796e+03 3.820546e+03 
1.369091e-01 3.746481e+03 3.691914e+03 
1.399293e-01 3.632642e+03 3.569210e+03 
1.429495e-01 3.509877e+03 3.452093e+03 
1.459697e-01 3.379955e+03 3.340245e+03 
1.489899e-01 3.245492e+03 3.233371e+03 
1.520101e-01 3.109687e+03 3.131192e+03 
1.550303e-01 2.975921e+03 3.033450e+03 
1.580505e-01 2.847426e+03 2.939904e+03 
1.610707e-01 2.727078e+03 2.850328e+03 
1.640909e-01 2.617093e+03 2.764509e+03 
1.671111e-01 2.518920e+03 2.682251e+03 
1.701313e-01 2.433122e+03 2.603367e+03 
1.731515e-01 2.359327e+03 2.527682e+03 
1.761717e-01 2.296458e+03 2.455034e+03 
1.791919e-01 2.242913e+03 2.385268e+03 
1.822121e-01 2.196844e+03 2.318241e+03 
1.852323e-01 2.156267e+03 2.253817e+03 
1.882525e-01 2.119203e+03 2.191868e+03 
1.912727e-01 2.083753e+03 2.132274e+03 
1.942929e-01 2.048168e+03 2.074923e+03 
1.973131e-01 2.010901e+03 2.019706e+03 
2.003333e-01 1.970821e+03 1.966524e+03 
2.033535e-01 1.927205e+03 1.915282e+03 
2.063737e-01 1.880073e+03 1.865891e+03 
2.093939e-01 1.829872e+03 1.818265e+03 
2.124141e-01 1.777465e+03 1.772324e+03 
2.154343e-01 1.723850e+03 1.727994e+03 
2.184545e-01 1.670097e+03 1.685202e+03 
2.214747e-01 1.617235e+03 1.643880e+03 
2.244949e-01 1.566214e+03 1.603966e+03 
2.275152e-01 1.517854e+03 1.565397e+03 
2.305354e-01 1.472847e+03 1.528116e+03 
2.335556e-01 1.431654e+03 1.492069e+03 
2.365758e-01 1.394551e+03 1.457204e+03 
2.395960e-01 1.361462e+03 1.423471e+03 
2.426162e-01 1.332116e+03 1.390824e+03 
2.456364e-01 1.306002e+03 1.359218e+03 
2.486566e-01 1.282519e+03 1.328611e+03 
2.516768e-01 1.260992e+03 1.298963e+03 
2.546970e-01 1.240771e+03 1.270235e+03 
2.577172e-01 1.221241e+03 1.242392e+03 
2.607374e-01 1.201837e+03 1.215398e+03 
2.637576e-01 1.182050e+03 1.189221e+03 
2.667778e-01 1.161510e+03 1.163829e+03 
2.697980e-01 1.139968e+03 1.139193e+03 
2.728182e-01 1.117381e+03 1.115282e+03 
2.758384e-01 1.093845e+03 1.092071e+03 
2.788586e-01 1.069610e+03 1.069533e+03 
2.818788e-01 1.044995e+03 1.047644e+03 
2.848990e-01 1.020370e+03 1.026378e+03 
2.879192e-01 9.960756e+02 1.005715e+03 
2.909394e-01 9.724239e+02 9.856315e+02 
2.939596e-01 9.496767e+02 9.661073e+02 
2.969798e-01 9.280559e+02 9.471225e+02 
3.000000e-01 9.077214e+02 9.286581e+02 
