1.000000e-03 2.833443e+03 2.833441e+03 
4.020202e-03 9.451602e+03 9.525097e+03 
7.040404e-03 1.387002e+04 1.396093e+04 
1.006061e-02 1.666535e+04 1.673873e+04 
1.308081e-02 1.825895e+04 1.830310e+04 
1.610101e-02 1.895791e+04 1.894858e+04 
1.912121e-02 1.900084e+04 1.891502e+04 
2.214141e-02 1.858113e+04 1.843829e+04 
2.516162e-02 1.785847e+04 1.772664e+04 
2.818182e-02 1.696248e+04 1.692403e+04 
3.120202e-02 1.599519e+04 1.610907e+04 
3.422222e-02 1.503109e+04 1.531706e+04 
3.724242e-02 1.412236e+04 1.456113e+04 
4.026263e-02 1.329746e+04 1.384483e+04 
4.328283e-02 1.256205e+04 1.316800e+04 
4.630303e-02 1.193038e+04 1.252919e+04 
4.932323e-02 1.139604e+04 1.192662e+04 
5.234343e-02 1.093309e+04 1.135841e+04 
5.536364e-02 1.051944e+04 1.082272e+04 
5.838384e-02 1.013897e+04 1.031774e+04 
6.140404e-02 9.779036e+03 9.841727e+03 
6.442424e-02 9.426041e+03 9.393001e+03 
6.744444e-02 9.068264e+03 8.969941e+03 
7.046465e-02 8.697812e+03 8.570991e+03 
7.348485e-02 8.313069e+03 8.194670e+03 
7.650505e-02 7.917653e+03 7.839570e+03 
7.952525e-02 7.518954e+03 7.504359e+03 
8.254545e-02 7.126718e+03 7.187780e+03 
8.556566e-02 6.749716e+03 6.888652e+03 
8.858586e-02 6.394915e+03 6.605865e+03 
9.160606e-02 6.066996e+03 6.338380e+03 
9.462626e-02 5.769053e+03 6.085227e+03 
9.764646e-02 5.502893e+03 5.845499e+03 
1.006667e-01 5.269158e+03 5.618349e+03 
1.036869e-01 5.066790e+03 5.402989e+03 
1.067071e-01 4.892867e+03 5.198684e+03 
1.097273e-01 4.742398e+03 5.004750e+03 
1.127475e-01 4.609001e+03 4.820549e+03 
1.157677e-01 4.486274e+03 4.645486e+03 
1.187879e-01 4.368201e+03 4.479010e+03 
1.218081e-01 4.250500e+03 4.320605e+03 
1.248283e-01 4.130002e+03 4.169791e+03 
1.278485e-01 4.005270e+03 4.026122e+03 
1.308687e-01 3.875846e+03 3.889179e+03 
1.338889e-01 3.742477e+03 3.758574e+03 
1.369091e-01 3.606547e+03 3.633944e+03 
1.399293e-01 3.470037e+03 3.514951e+03 
1.429495e-01 3.335133e+03 3.401278e+03 
1.459697e-01 3.204123e+03 3.292629e+03 
1.489899e-01 3.079128e+03 3.188728e+03 
1.520101e-01 2.962056e+03 3.089316e+03 
1.550303e-01 2.854193e+03 2.994151e+03 
1.580505e-01 2.756398e+03 2.903007e+03 
1.610707e-01 2.668804e+03 2.815670e+03 
1.640909e-01 2.591007e+03 2.731943e+03 
1.671111e-01 2.521828e+03 2.651637e+03 
1.701313e-01 2.459727e+03 2.574578e+03 
1.731515e-01 2.402831e+03 2.500600e+03 
1.761717e-01 2.349421e+03 2.429549e+03 
1.791919e-01 2.297955e+03 2.361280e+03 
1.822121e-01 2.247256e+03 2.295655e+03 
1.852323e-01 2.196388e+03 2.232545e+03 
1.882525e-01 2.144693e+03 2.171829e+03 
1.912727e-01 2.091710e+03 2.113392e+03 
1.942929e-01 2.037319e+03 2.057127e+03 
1.973131e-01 1.981693e+03 2.002932e+03 
2.003333e-01 1.925456e+03 1.950710e+03 
2.033535e-01 1.869402e+03 1.900371e+03 
2.063737e-01 1.814463e+03 1.851829e+03 
2.093939e-01 1.761408e+03 1.805002e+03 
2.124141e-01 1.710837e+03 1.759815e+03 
2.154343e-01 1.663135e+03 1.716194e+03 
2.184545e-01 1.618536e+03 1.674071e+03 
2.214747e-01 1.577078e+03 1.633380e+03 
2.244949e-01 1.538700e+03 1.594060e+03 
2.275152e-01 1.503246e+03 1.556053e+03 
2.305354e-01 1.470461e+03 1.519302e+03 
2.335556e-01 1.439920e+03 1.483756e+03 
2.365758e-01 1.411131e+03 1.449363e+03 
2.395960e-01 1.383546e+03 1.416077e+03 
2.426162e-01 1.356692e+03 1.383852e+03 
2.456364e-01 1.330183e+03 1.352646e+03 
2.486566e-01 1.303771e+03 1.322417e+03 
2.516768e-01 1.277299e+03 1.293126e+03 
2.546970e-01 1.250699e+03 1.264737e+03 
2.577172e-01 1.223955e+03 1.237214e+03 
2.607374e-01 1.197138e+03 1.210524e+03 
2.637576e-01 1.170376e+03 1.184634e+03 
2.667778e-01 1.143893e+03 1.159515e+03 
2.697980e-01 1.117920e+03 1.135136e+03 
2.728182e-01 1.092689e+03 1.111470e+03 
2.758384e-01 1.068388e+03 1.088491e+03 
2.788586e-01 1.045154e+03 1.066173e+03 
2.818788e-01 1.023043e+03 1.044491e+03 
2.848990e-01 1.002051e+03 1.023424e+03 
2.879192e-01 9.821274e+02 1.002948e+03 
2.909394e-01 9.631967e+02 9.830429e+02 
2.939596e-01 9.451718e+02 9.636877e+02 
2.969798e-01 9.279508e+02 9.448634e+02 
3.000000e-01 9.114033e+02 9.265513e+02 
