1.000000e-03 4.148278e+03 4.148274e+03 
4.020202e-03 1.369726e+04 1.380594e+04 
7.040404e-03 1.985590e+04 1.999801e+04 
1.006061e-02 2.355630e+04 2.370465e+04 
1.308081e-02 2.545726e+04 2.561080e+04 
1.610101e-02 2.603329e+04 2.614171e+04 
1.912121e-02 2.565056e+04 2.564057e+04 
2.214141e-02 2.461038e+04 2.447308e+04 
2.516162e-02 2.316193e+04 2.299121e+04 
2.818182e-02 2.150908e+04 2.144952e+04 
3.120202e-02 1.980979e+04 1.998246e+04 
3.422222e-02 1.817913e+04 1.863872e+04 
3.724242e-02 1.669165e+04 1.742343e+04 
4.026263e-02 1.539019e+04 1.632533e+04 
4.328283e-02 1.428541e+04 1.532944e+04 
4.630303e-02 1.336678e+04 1.442186e+04 
4.932323e-02 1.263109e+04 1.359087e+04 
5.234343e-02 1.204539e+04 1.282693e+04 
5.536364e-02 1.156346e+04 1.212226e+04 
5.838384e-02 1.115714e+04 1.147047e+04 
6.140404e-02 1.079325e+04 1.086618e+04 
6.442424e-02 1.044135e+04 1.030484e+04 
6.744444e-02 1.008094e+04 9.782504e+03 
7.046465e-02 9.696944e+03 9.295718e+03 
7.348485e-02 9.281349e+03 8.841440e+03 
7.650505e-02 8.833907e+03 8.416960e+03 
7.952525e-02 8.361433e+03 8.019850e+03 
8.254545e-02 7.875595e+03 7.647926e+03 
8.556566e-02 7.390407e+03 7.299215e+03 
8.858586e-02 6.919690e+03 6.971928e+03 
9.160606e-02 6.476067e+03 6.664442e+03 
9.462626e-02 6.069887e+03 6.375279e+03 
9.764646e-02 5.708831e+03 6.103089e+03 
1.006667e-01 5.397010e+03 5.846642e+03 
1.036869e-01 5.135361e+03 5.604811e+03 
1.067071e-01 4.920749e+03 5.376564e+03 
1.097273e-01 4.747677e+03 5.160955e+03 
1.127475e-01 4.608199e+03 4.957116e+03 
1.157677e-01 4.493755e+03 4.764248e+03 
1.187879e-01 4.395605e+03 4.581616e+03 
1.218081e-01 4.305510e+03 4.408544e+03 
1.248283e-01 4.215897e+03 4.244407e+03 
1.278485e-01 4.120811e+03 4.088630e+03 
1.308687e-01 4.015686e+03 3.940682e+03 
1.338889e-01 3.898394e+03 3.800069e+03 
1.369091e-01 3.768534e+03 3.666336e+03 
1.399293e-01 3.628028e+03 3.539062e+03 
1.429495e-01 3.479814e+03 3.417856e+03 
1.459697e-01 3.327650e+03 3.302354e+03 
1.489899e-01 3.175483e+03 3.192220e+03 
1.520101e-01 3.027282e+03 3.087140e+03 
1.550303e-01 2.886712e+03 2.986822e+03 
1.580505e-01 2.757028e+03 2.890994e+03 
1.610707e-01 2.640672e+03 2.799405e+03 
1.640909e-01 2.539093e+03 2.711816e+03 
1.671111e-01 2.452499e+03 2.628009e+03 
1.701313e-01 2.379842e+03 2.547776e+03 
1.731515e-01 2.319161e+03 2.470926e+03 
1.761717e-01 2.268077e+03 2.397279e+03 
1.791919e-01 2.224076e+03 2.326666e+03 
1.822121e-01 2.184709e+03 2.258929e+03 
1.852323e-01 2.147668e+03 2.193919e+03 
1.882525e-01 2.110862e+03 2.131498e+03 
1.912727e-01 2.072440e+03 2.071536e+03 
1.942929e-01 2.030828e+03 2.013909e+03 
1.973131e-01 1.985116e+03 1.958503e+03 
2.003333e-01 1.934942e+03 1.905209e+03 
2.033535e-01 1.880855e+03 1.853926e+03 
2.063737e-01 1.823813e+03 1.804556e+03 
2.093939e-01 1.765148e+03 1.757009e+03 
2.124141e-01 1.706229e+03 1.711200e+03 
2.154343e-01 1.648392e+03 1.667049e+03 
2.184545e-01 1.592773e+03 1.624478e+03 
2.214747e-01 1.540346e+03 1.583417e+03 
2.244949e-01 1.491854e+03 1.543797e+03 
2.275152e-01 1.447834e+03 1.505554e+03 
2.305354e-01 1.408480e+03 1.468627e+03 
2.335556e-01 1.373722e+03 1.432959e+03 
2.365758e-01 1.343198e+03 1.398495e+03 
2.395960e-01 1.316327e+03 1.365183e+03 
2.426162e-01 1.292376e+03 1.332974e+03 
2.456364e-01 1.270517e+03 1.301822e+03 
2.486566e-01 1.249916e+03 1.271683e+03 
2.516768e-01 1.229797e+03 1.242515e+03 
2.546970e-01 1.209483e+03 1.214277e+03 
2.577172e-01 1.188443e+03 1.186933e+03 
2.607374e-01 1.166345e+03 1.160445e+03 
2.637576e-01 1.143038e+03 1.134781e+03 
2.667778e-01 1.118580e+03 1.109907e+03 
2.697980e-01 1.093159e+03 1.085792e+03 
2.728182e-01 1.067095e+03 1.062406e+03 
2.758384e-01 1.040762e+03 1.039723e+03 
2.788586e-01 1.014581e+03 1.017714e+03 
2.818788e-01 9.889498e+02 9.963538e+02 
2.848990e-01 9.642356e+02 9.756186e+02 
2.879192e-01 9.407351e+02 9.554849e+02 
2.909394e-01 9.186829e+02 9.359302e+02 
2.939596e-01 8.981979e+02 9.169334e+02 
2.969798e-01 8.793229e+02 8.984742e+02 
3.000000e-01 8.619986e+02 8.805331e+02 
