1.000000e-03 2.888648e+03 2.888646e+03 
4.020202e-03 9.520302e+03 9.596583e+03 
7.040404e-03 1.379661e+04 1.388027e+04 
1.006061e-02 1.640845e+04 1.644919e+04 
1.308081e-02 1.784117e+04 1.781906e+04 
1.610101e-02 1.843281e+04 1.833374e+04 
1.912121e-02 1.843153e+04 1.826074e+04 
2.214141e-02 1.802711e+04 1.782827e+04 
2.516162e-02 1.736789e+04 1.720848e+04 
2.818182e-02 1.656876e+04 1.650794e+04 
3.120202e-02 1.571539e+04 1.578331e+04 
3.422222e-02 1.486782e+04 1.506259e+04 
3.724242e-02 1.406426e+04 1.435958e+04 
4.026263e-02 1.332616e+04 1.368124e+04 
4.328283e-02 1.265903e+04 1.303117e+04 
4.630303e-02 1.205782e+04 1.241108e+04 
4.932323e-02 1.152220e+04 1.182155e+04 
5.234343e-02 1.103812e+04 1.126244e+04 
5.536364e-02 1.058247e+04 1.073313e+04 
5.838384e-02 1.014642e+04 1.023268e+04 
6.140404e-02 9.723390e+03 9.759946e+03 
6.442424e-02 9.305556e+03 9.313645e+03 
6.744444e-02 8.889857e+03 8.892442e+03 
7.046465e-02 8.476453e+03 8.494982e+03 
7.348485e-02 8.068082e+03 8.119915e+03 
7.650505e-02 7.669865e+03 7.765926e+03 
7.952525e-02 7.287985e+03 7.431744e+03 
8.254545e-02 6.927879e+03 7.116153e+03 
8.556566e-02 6.593147e+03 6.817996e+03 
8.858586e-02 6.285525e+03 6.536183e+03 
9.160606e-02 6.005382e+03 6.269683e+03 
9.462626e-02 5.752300e+03 6.017530e+03 
9.764646e-02 5.525127e+03 5.778820e+03 
1.006667e-01 5.321500e+03 5.552706e+03 
1.036869e-01 5.137836e+03 5.338397e+03 
1.067071e-01 4.969096e+03 5.135157e+03 
1.097273e-01 4.810354e+03 4.942298e+03 
1.127475e-01 4.657246e+03 4.759179e+03 
1.157677e-01 4.506535e+03 4.585204e+03 
1.187879e-01 4.356735e+03 4.419817e+03 
1.218081e-01 4.207191e+03 4.262500e+03 
1.248283e-01 4.058233e+03 4.112770e+03 
1.278485e-01 3.910603e+03 3.970179e+03 
1.308687e-01 3.765482e+03 3.834306e+03 
1.338889e-01 3.624353e+03 3.704762e+03 
1.369091e-01 3.488988e+03 3.581182e+03 
1.399293e-01 3.360711e+03 3.463225e+03 
1.429495e-01 3.240363e+03 3.350574e+03 
1.459697e-01 3.128280e+03 3.242933e+03 
1.489899e-01 3.024360e+03 3.140024e+03 
1.520101e-01 2.928295e+03 3.041587e+03 
1.550303e-01 2.839615e+03 2.947380e+03 
1.580505e-01 2.757619e+03 2.857177e+03 
1.610707e-01 2.681428e+03 2.770764e+03 
1.640909e-01 2.609861e+03 2.687941e+03 
1.671111e-01 2.541577e+03 2.608522e+03 
1.701313e-01 2.475422e+03 2.532331e+03 
1.731515e-01 2.410418e+03 2.459204e+03 
1.761717e-01 2.346150e+03 2.388986e+03 
1.791919e-01 2.282511e+03 2.321530e+03 
1.822121e-01 2.219617e+03 2.256702e+03 
1.852323e-01 2.157679e+03 2.194370e+03 
1.882525e-01 2.096916e+03 2.134415e+03 
1.912727e-01 2.037567e+03 2.076722e+03 
1.942929e-01 1.979954e+03 2.021184e+03 
1.973131e-01 1.924420e+03 1.967698e+03 
2.003333e-01 1.871293e+03 1.916169e+03 
2.033535e-01 1.820843e+03 1.866507e+03 
2.063737e-01 1.773117e+03 1.818626e+03 
2.093939e-01 1.728061e+03 1.772445e+03 
2.124141e-01 1.685455e+03 1.727888e+03 
2.154343e-01 1.645036e+03 1.684883e+03 
2.184545e-01 1.606512e+03 1.643360e+03 
2.214747e-01 1.569598e+03 1.603257e+03 
2.244949e-01 1.534029e+03 1.564510e+03 
2.275152e-01 1.499567e+03 1.527061e+03 
2.305354e-01 1.466016e+03 1.490857e+03 
2.335556e-01 1.433225e+03 1.455843e+03 
2.365758e-01 1.401115e+03 1.421971e+03 
2.395960e-01 1.369640e+03 1.389193e+03 
2.426162e-01 1.338790e+03 1.357464e+03 
2.456364e-01 1.308574e+03 1.326742e+03 
2.486566e-01 1.279017e+03 1.296986e+03 
2.516768e-01 1.250174e+03 1.268157e+03 
2.546970e-01 1.222140e+03 1.240219e+03 
2.577172e-01 1.195003e+03 1.213137e+03 
2.607374e-01 1.168835e+03 1.186877e+03 
2.637576e-01 1.143666e+03 1.161407e+03 
2.667778e-01 1.119473e+03 1.136698e+03 
2.697980e-01 1.096201e+03 1.112721e+03 
2.728182e-01 1.073762e+03 1.089447e+03 
2.758384e-01 1.052085e+03 1.066850e+03 
2.788586e-01 1.031108e+03 1.044906e+03 
2.818788e-01 1.010780e+03 1.023591e+03 
2.848990e-01 9.910518e+02 1.002881e+03 
2.879192e-01 9.718675e+02 9.827543e+02 
2.909394e-01 9.531630e+02 9.631904e+02 
2.939596e-01 9.348853e+02 9.441690e+02 
2.969798e-01 9.169918e+02 9.256711e+02 
3.000000e-01 8.994733e+02 9.076781e+02 
