1.000000e-03 3.173059e+03 3.173057e+03 
4.020202e-03 1.048112e+04 1.056402e+04 
7.040404e-03 1.520542e+04 1.530027e+04 
1.006061e-02 1.808354e+04 1.814472e+04 
1.308081e-02 1.963781e+04 1.964815e+04 
1.610101e-02 2.023700e+04 2.017384e+04 
1.912121e-02 2.015737e+04 2.001285e+04 
2.214141e-02 1.961605e+04 1.943111e+04 
2.516162e-02 1.878581e+04 1.864123e+04 
2.818182e-02 1.780240e+04 1.777750e+04 
3.120202e-02 1.676872e+04 1.690865e+04 
3.422222e-02 1.575717e+04 1.606480e+04 
3.724242e-02 1.481444e+04 1.525760e+04 
4.026263e-02 1.396598e+04 1.449081e+04 
4.328283e-02 1.321014e+04 1.376501e+04 
4.630303e-02 1.255430e+04 1.307944e+04 
4.932323e-02 1.199445e+04 1.243276e+04 
5.234343e-02 1.149482e+04 1.182336e+04 
5.536364e-02 1.103660e+04 1.124947e+04 
5.838384e-02 1.060727e+04 1.070926e+04 
6.140404e-02 1.018990e+04 1.020086e+04 
6.442424e-02 9.773525e+03 9.722450e+03 
6.744444e-02 9.352007e+03 9.272218e+03 
7.046465e-02 8.923001e+03 8.848424e+03 
7.348485e-02 8.489272e+03 8.449401e+03 
7.650505e-02 8.057069e+03 8.073559e+03 
7.952525e-02 7.634806e+03 7.719396e+03 
8.254545e-02 7.230713e+03 7.385496e+03 
8.556566e-02 6.851607e+03 7.070530e+03 
8.858586e-02 6.501891e+03 6.773253e+03 
9.160606e-02 6.184384e+03 6.492504e+03 
9.462626e-02 5.900574e+03 6.227201e+03 
9.764646e-02 5.650445e+03 5.976334e+03 
1.006667e-01 5.431794e+03 5.738966e+03 
1.036869e-01 5.240981e+03 5.514225e+03 
1.067071e-01 5.072063e+03 5.301300e+03 
1.097273e-01 4.918405e+03 5.099440e+03 
1.127475e-01 4.773858e+03 4.907945e+03 
1.157677e-01 4.633086e+03 4.726166e+03 
1.187879e-01 4.492637e+03 4.553500e+03 
1.218081e-01 4.350191e+03 4.389386e+03 
1.248283e-01 4.205005e+03 4.233302e+03 
1.278485e-01 4.057170e+03 4.084766e+03 
1.308687e-01 3.907711e+03 3.943325e+03 
1.338889e-01 3.758408e+03 3.808560e+03 
1.369091e-01 3.611718e+03 3.680080e+03 
1.399293e-01 3.469931e+03 3.557521e+03 
1.429495e-01 3.335118e+03 3.440544e+03 
1.459697e-01 3.208714e+03 3.328832e+03 
1.489899e-01 3.091726e+03 3.222089e+03 
1.520101e-01 2.984554e+03 3.120040e+03 
1.550303e-01 2.887269e+03 3.022425e+03 
1.580505e-01 2.799465e+03 2.929005e+03 
1.610707e-01 2.720354e+03 2.839553e+03 
1.640909e-01 2.648420e+03 2.753858e+03 
1.671111e-01 2.581945e+03 2.671721e+03 
1.701313e-01 2.519064e+03 2.592958e+03 
1.731515e-01 2.458184e+03 2.517393e+03 
1.761717e-01 2.398132e+03 2.444865e+03 
1.791919e-01 2.338143e+03 2.375218e+03 
1.822121e-01 2.277849e+03 2.308309e+03 
1.852323e-01 2.217138e+03 2.244001e+03 
1.882525e-01 2.156095e+03 2.182169e+03 
1.912727e-01 2.094989e+03 2.122690e+03 
1.942929e-01 2.034234e+03 2.065453e+03 
1.973131e-01 1.974517e+03 2.010350e+03 
2.003333e-01 1.916593e+03 1.957281e+03 
2.033535e-01 1.861075e+03 1.906151e+03 
2.063737e-01 1.808450e+03 1.856870e+03 
2.093939e-01 1.758953e+03 1.809354e+03 
2.124141e-01 1.712662e+03 1.763522e+03 
2.154343e-01 1.669439e+03 1.719299e+03 
2.184545e-01 1.629067e+03 1.676613e+03 
2.214747e-01 1.591251e+03 1.635397e+03 
2.244949e-01 1.555617e+03 1.595587e+03 
2.275152e-01 1.521722e+03 1.557121e+03 
2.305354e-01 1.489162e+03 1.519942e+03 
2.335556e-01 1.457570e+03 1.483996e+03 
2.365758e-01 1.426654e+03 1.449230e+03 
2.395960e-01 1.396174e+03 1.415595e+03 
2.426162e-01 1.365987e+03 1.383045e+03 
2.456364e-01 1.336005e+03 1.351535e+03 
2.486566e-01 1.306208e+03 1.321022e+03 
2.516768e-01 1.276634e+03 1.291467e+03 
2.546970e-01 1.247443e+03 1.262832e+03 
2.577172e-01 1.218823e+03 1.235079e+03 
2.607374e-01 1.190972e+03 1.208175e+03 
2.637576e-01 1.164057e+03 1.182087e+03 
2.667778e-01 1.138196e+03 1.156782e+03 
2.697980e-01 1.113430e+03 1.132231e+03 
2.728182e-01 1.089729e+03 1.108405e+03 
2.758384e-01 1.067057e+03 1.085277e+03 
2.788586e-01 1.045373e+03 1.062822e+03 
2.818788e-01 1.024611e+03 1.041013e+03 
2.848990e-01 1.004691e+03 1.019828e+03 
2.879192e-01 9.855133e+02 9.992431e+02 
2.909394e-01 9.669654e+02 9.792372e+02 
2.939596e-01 9.489138e+02 9.597895e+02 
2.969798e-01 9.312405e+02 9.408800e+02 
3.000000e-01 9.138871e+02 9.224898e+02 
