1.000000e-03 2.399309e+03 2.399306e+03 
4.020202e-03 8.067950e+03 8.137574e+03 
7.040404e-03 1.177648e+04 1.185162e+04 
1.006061e-02 1.409157e+04 1.411202e+04 
1.308081e-02 1.543488e+04 1.537435e+04 
1.610101e-02 1.609784e+04 1.595292e+04 
1.912121e-02 1.628567e+04 1.607513e+04 
2.214141e-02 1.614766e+04 1.590749e+04 
2.516162e-02 1.579440e+04 1.556335e+04 
2.818182e-02 1.530747e+04 1.511454e+04 
3.120202e-02 1.474587e+04 1.460584e+04 
3.422222e-02 1.415091e+04 1.406579e+04 
3.724242e-02 1.354997e+04 1.351312e+04 
4.026263e-02 1.296086e+04 1.296037e+04 
4.328283e-02 1.238584e+04 1.241597e+04 
4.630303e-02 1.183623e+04 1.188549e+04 
4.932323e-02 1.132164e+04 1.137252e+04 
5.234343e-02 1.082692e+04 1.087925e+04 
5.536364e-02 1.034719e+04 1.040689e+04 
5.838384e-02 9.887430e+03 9.955921e+03 
6.140404e-02 9.448022e+03 9.526341e+03 
6.442424e-02 9.027595e+03 9.117808e+03 
6.744444e-02 8.625877e+03 8.729747e+03 
7.046465e-02 8.243108e+03 8.361434e+03 
7.348485e-02 7.880368e+03 8.012049e+03 
7.650505e-02 7.538909e+03 7.680723e+03 
7.952525e-02 7.218934e+03 7.366564e+03 
8.254545e-02 6.920009e+03 7.068681e+03 
8.556566e-02 6.640273e+03 6.786196e+03 
8.858586e-02 6.377257e+03 6.518259e+03 
9.160606e-02 6.129349e+03 6.264047e+03 
9.462626e-02 5.895431e+03 6.022778e+03 
9.764646e-02 5.674604e+03 5.793704e+03 
1.006667e-01 5.466046e+03 5.576119e+03 
1.036869e-01 5.268206e+03 5.369353e+03 
1.067071e-01 5.079071e+03 5.172777e+03 
1.097273e-01 4.897299e+03 4.985798e+03 
1.127475e-01 4.722114e+03 4.807860e+03 
1.157677e-01 4.553417e+03 4.638439e+03 
1.187879e-01 4.391679e+03 4.477046e+03 
1.218081e-01 4.237198e+03 4.323222e+03 
1.248283e-01 4.090076e+03 4.176535e+03 
1.278485e-01 3.950273e+03 4.036583e+03 
1.308687e-01 3.817607e+03 3.902988e+03 
1.338889e-01 3.691834e+03 3.775397e+03 
1.369091e-01 3.572649e+03 3.653478e+03 
1.399293e-01 3.459688e+03 3.536920e+03 
1.429495e-01 3.352282e+03 3.425432e+03 
1.459697e-01 3.249667e+03 3.318743e+03 
1.489899e-01 3.151304e+03 3.216595e+03 
1.520101e-01 3.056978e+03 3.118749e+03 
1.550303e-01 2.966493e+03 3.024980e+03 
1.580505e-01 2.879636e+03 2.935076e+03 
1.610707e-01 2.796188e+03 2.848839e+03 
1.640909e-01 2.715921e+03 2.766081e+03 
1.671111e-01 2.638592e+03 2.686628e+03 
1.701313e-01 2.563985e+03 2.610314e+03 
1.731515e-01 2.492066e+03 2.536983e+03 
1.761717e-01 2.422887e+03 2.466491e+03 
1.791919e-01 2.356451e+03 2.398698e+03 
1.822121e-01 2.292675e+03 2.333474e+03 
1.852323e-01 2.231462e+03 2.270698e+03 
1.882525e-01 2.172664e+03 2.210254e+03 
1.912727e-01 2.116108e+03 2.152033e+03 
1.942929e-01 2.061647e+03 2.095931e+03 
1.973131e-01 2.009198e+03 2.041852e+03 
2.003333e-01 1.958678e+03 1.989703e+03 
2.033535e-01 1.909980e+03 1.939398e+03 
2.063737e-01 1.862979e+03 1.890854e+03 
2.093939e-01 1.817563e+03 1.843993e+03 
2.124141e-01 1.773660e+03 1.798742e+03 
2.154343e-01 1.731199e+03 1.755030e+03 
2.184545e-01 1.690115e+03 1.712791e+03 
2.214747e-01 1.650338e+03 1.671963e+03 
2.244949e-01 1.611817e+03 1.632485e+03 
2.275152e-01 1.574539e+03 1.594301e+03 
2.305354e-01 1.538499e+03 1.557358e+03 
2.335556e-01 1.503664e+03 1.521604e+03 
2.365758e-01 1.469981e+03 1.486990e+03 
2.395960e-01 1.437391e+03 1.453471e+03 
2.426162e-01 1.405814e+03 1.421002e+03 
2.456364e-01 1.375170e+03 1.389542e+03 
2.486566e-01 1.345425e+03 1.359051e+03 
2.516768e-01 1.316584e+03 1.329490e+03 
2.546970e-01 1.288643e+03 1.300825e+03 
2.577172e-01 1.261562e+03 1.273020e+03 
2.607374e-01 1.235292e+03 1.246042e+03 
2.637576e-01 1.209786e+03 1.219860e+03 
2.667778e-01 1.184996e+03 1.194445e+03 
2.697980e-01 1.160883e+03 1.169768e+03 
2.728182e-01 1.137439e+03 1.145801e+03 
2.758384e-01 1.114662e+03 1.122518e+03 
2.788586e-01 1.092542e+03 1.099895e+03 
2.818788e-01 1.071051e+03 1.077907e+03 
2.848990e-01 1.050163e+03 1.056533e+03 
2.879192e-01 1.029844e+03 1.035750e+03 
2.909394e-01 1.010056e+03 1.015537e+03 
2.939596e-01 9.907828e+02 9.958738e+02 
2.969798e-01 9.720257e+02 9.767423e+02 
3.000000e-01 9.537857e+02 9.581237e+02 
