1.000000e-03 9.823051e+03 9.823043e+03 
4.020202e-03 3.281145e+04 3.307478e+04 
7.040404e-03 4.790607e+04 4.833635e+04 
1.006061e-02 5.699488e+04 5.769295e+04 
1.308081e-02 6.145672e+04 6.259555e+04 
1.610101e-02 6.232660e+04 6.382170e+04 
1.912121e-02 6.046848e+04 6.187027e+04 
2.214141e-02 5.664807e+04 5.738740e+04 
2.516162e-02 5.155865e+04 5.134137e+04 
2.818182e-02 4.580579e+04 4.481567e+04 
3.120202e-02 3.989623e+04 3.865707e+04 
3.422222e-02 3.421946e+04 3.330696e+04 
3.724242e-02 2.904734e+04 2.886828e+04 
4.026263e-02 2.454104e+04 2.525886e+04 
4.328283e-02 2.075840e+04 2.233292e+04 
4.630303e-02 1.769715e+04 1.994484e+04 
4.932323e-02 1.531430e+04 1.797260e+04 
5.234343e-02 1.353307e+04 1.632134e+04 
5.536364e-02 1.225178e+04 1.491973e+04 
5.838384e-02 1.137971e+04 1.371470e+04 
6.140404e-02 1.083356e+04 1.266672e+04 
6.442424e-02 1.052782e+04 1.174612e+04 
6.744444e-02 1.039067e+04 1.093034e+04 
7.046465e-02 1.035657e+04 1.020202e+04 
7.348485e-02 1.036344e+04 9.547572e+03 
7.650505e-02 1.035416e+04 8.956221e+03 
7.952525e-02 1.028023e+04 8.419297e+03 
8.254545e-02 1.010561e+04 7.929732e+03 
8.556566e-02 9.809062e+03 7.481690e+03 
8.858586e-02 9.385737e+03 7.070299e+03 
9.160606e-02 8.847634e+03 6.691449e+03 
9.462626e-02 8.216971e+03 6.341645e+03 
9.764646e-02 7.526348e+03 6.017883e+03 
1.006667e-01 6.811183e+03 5.717569e+03 
1.036869e-01 6.107410e+03 5.438445e+03 
1.067071e-01 5.445023e+03 5.178533e+03 
1.097273e-01 4.848104e+03 4.936092e+03 
1.127475e-01 4.331338e+03 4.709585e+03 
1.157677e-01 3.902749e+03 4.497644e+03 
1.187879e-01 3.563405e+03 4.299050e+03 
1.218081e-01 3.309632e+03 4.112713e+03 
1.248283e-01 3.134664e+03 3.937653e+03 
1.278485e-01 3.029635e+03 3.772990e+03 
1.308687e-01 2.984364e+03 3.617928e+03 
1.338889e-01 2.987303e+03 3.471746e+03 
1.369091e-01 3.026099e+03 3.333790e+03 
1.399293e-01 3.087836e+03 3.203466e+03 
1.429495e-01 3.159261e+03 3.080233e+03 
1.459697e-01 3.227350e+03 2.963597e+03 
1.489899e-01 3.279794e+03 2.853105e+03 
1.520101e-01 3.305926e+03 2.748344e+03 
1.550303e-01 3.297028e+03 2.648933e+03 
1.580505e-01 3.248122e+03 2.554523e+03 
1.610707e-01 3.157631e+03 2.464792e+03 
1.640909e-01 3.028760e+03 2.379445e+03 
1.671111e-01 2.868108e+03 2.298208e+03 
1.701313e-01 2.685022e+03 2.220828e+03 
1.731515e-01 2.489891e+03 2.147071e+03 
1.761717e-01 2.292920e+03 2.076722e+03 
1.791919e-01 2.102855e+03 2.009578e+03 
1.822121e-01 1.926824e+03 1.945454e+03 
1.852323e-01 1.770213e+03 1.884177e+03 
1.882525e-01 1.636504e+03 1.825585e+03 
1.912727e-01 1.527781e+03 1.769528e+03 
1.942929e-01 1.444490e+03 1.715866e+03 
1.973131e-01 1.385952e+03 1.664469e+03 
2.003333e-01 1.350364e+03 1.615214e+03 
2.033535e-01 1.335018e+03 1.567988e+03 
2.063737e-01 1.336597e+03 1.522684e+03 
2.093939e-01 1.351258e+03 1.479202e+03 
2.124141e-01 1.374914e+03 1.437449e+03 
2.154343e-01 1.403289e+03 1.397337e+03 
2.184545e-01 1.432078e+03 1.358783e+03 
2.214747e-01 1.457053e+03 1.321711e+03 
2.244949e-01 1.474356e+03 1.286048e+03 
2.275152e-01 1.480720e+03 1.251724e+03 
2.305354e-01 1.473791e+03 1.218677e+03 
2.335556e-01 1.452492e+03 1.186846e+03 
2.365758e-01 1.416902e+03 1.156172e+03 
2.395960e-01 1.368515e+03 1.126604e+03 
2.426162e-01 1.309629e+03 1.098089e+03 
2.456364e-01 1.243287e+03 1.070579e+03 
2.486566e-01 1.172765e+03 1.044031e+03 
2.516768e-01 1.101401e+03 1.018399e+03 
2.546970e-01 1.032181e+03 9.936454e+02 
2.577172e-01 9.677104e+02 9.697300e+02 
2.607374e-01 9.100077e+02 9.466170e+02 
2.637576e-01 8.604740e+02 9.242720e+02 
2.667778e-01 8.199090e+02 9.026624e+02 
2.697980e-01 7.885227e+02 8.817573e+02 
2.728182e-01 7.661181e+02 8.615272e+02 
2.758384e-01 7.520387e+02 8.419444e+02 
2.788586e-01 7.453509e+02 8.229823e+02 
2.818788e-01 7.448736e+02 8.046158e+02 
2.848990e-01 7.492397e+02 7.868209e+02 
2.879192e-01 7.569562e+02 7.695749e+02 
2.909394e-01 7.663994e+02 7.528562e+02 
2.939596e-01 7.759175e+02 7.366441e+02 
2.969798e-01 7.838757e+02 7.209189e+02 
3.000000e-01 7.888442e+02 7.056621e+02 
