1.000000e-03 2.749655e+03 2.749653e+03 
4.020202e-03 9.235476e+03 9.308287e+03 
7.040404e-03 1.357901e+04 1.366751e+04 
1.006061e-02 1.633699e+04 1.640156e+04 
1.308081e-02 1.792574e+04 1.795174e+04 
1.610101e-02 1.864794e+04 1.861478e+04 
1.912121e-02 1.873670e+04 1.862938e+04 
2.214141e-02 1.837814e+04 1.822165e+04 
2.516162e-02 1.772554e+04 1.758520e+04 
2.818182e-02 1.690165e+04 1.685219e+04 
3.120202e-02 1.600262e+04 1.609558e+04 
3.422222e-02 1.509913e+04 1.534979e+04 
3.724242e-02 1.423958e+04 1.462936e+04 
4.026263e-02 1.345401e+04 1.393985e+04 
4.328283e-02 1.274647e+04 1.328302e+04 
4.630303e-02 1.212506e+04 1.265901e+04 
4.932323e-02 1.159442e+04 1.206725e+04 
5.234343e-02 1.112843e+04 1.150678e+04 
5.536364e-02 1.070510e+04 1.097646e+04 
5.838384e-02 1.031023e+04 1.047501e+04 
6.140404e-02 9.934411e+03 1.000110e+04 
6.442424e-02 9.566235e+03 9.553353e+03 
6.744444e-02 9.194267e+03 9.130378e+03 
7.046465e-02 8.813326e+03 8.730814e+03 
7.348485e-02 8.422872e+03 8.353328e+03 
7.650505e-02 8.026316e+03 7.996630e+03 
7.952525e-02 7.630825e+03 7.659480e+03 
8.254545e-02 7.244703e+03 7.340699e+03 
8.556566e-02 6.875943e+03 7.039166e+03 
8.858586e-02 6.530124e+03 6.753821e+03 
9.160606e-02 6.210936e+03 6.483667e+03 
9.462626e-02 5.920536e+03 6.227765e+03 
9.764646e-02 5.660068e+03 5.985237e+03 
1.006667e-01 5.429516e+03 5.755257e+03 
1.036869e-01 5.227761e+03 5.537056e+03 
1.067071e-01 5.051606e+03 5.329913e+03 
1.097273e-01 4.896159e+03 5.133156e+03 
1.127475e-01 4.755643e+03 4.946157e+03 
1.157677e-01 4.623945e+03 4.768330e+03 
1.187879e-01 4.496179e+03 4.599128e+03 
1.218081e-01 4.368378e+03 4.438042e+03 
1.248283e-01 4.238499e+03 4.284594e+03 
1.278485e-01 4.105472e+03 4.138342e+03 
1.308687e-01 3.969517e+03 3.998871e+03 
1.338889e-01 3.831412e+03 3.865792e+03 
1.369091e-01 3.692615e+03 3.738744e+03 
1.399293e-01 3.554884e+03 3.617389e+03 
1.429495e-01 3.420343e+03 3.501411e+03 
1.459697e-01 3.290960e+03 3.390514e+03 
1.489899e-01 3.168364e+03 3.284420e+03 
1.520101e-01 3.053858e+03 3.182872e+03 
1.550303e-01 2.948360e+03 3.085627e+03 
1.580505e-01 2.852264e+03 2.992456e+03 
1.610707e-01 2.765472e+03 2.903146e+03 
1.640909e-01 2.687321e+03 2.817497e+03 
1.671111e-01 2.616727e+03 2.735322e+03 
1.701313e-01 2.552183e+03 2.656443e+03 
1.731515e-01 2.491995e+03 2.580695e+03 
1.761717e-01 2.434654e+03 2.507921e+03 
1.791919e-01 2.378817e+03 2.437975e+03 
1.822121e-01 2.323574e+03 2.370719e+03 
1.852323e-01 2.268237e+03 2.306023e+03 
1.882525e-01 2.212426e+03 2.243763e+03 
1.912727e-01 2.155929e+03 2.183824e+03 
1.942929e-01 2.098788e+03 2.126098e+03 
1.973131e-01 2.041255e+03 2.070480e+03 
2.003333e-01 1.983890e+03 2.016874e+03 
2.033535e-01 1.927375e+03 1.965188e+03 
2.063737e-01 1.872505e+03 1.915335e+03 
2.093939e-01 1.819885e+03 1.867232e+03 
2.124141e-01 1.769915e+03 1.820803e+03 
2.154343e-01 1.722811e+03 1.775972e+03 
2.184545e-01 1.678647e+03 1.732672e+03 
2.214747e-01 1.637365e+03 1.690835e+03 
2.244949e-01 1.598826e+03 1.650398e+03 
2.275152e-01 1.562817e+03 1.611303e+03 
2.305354e-01 1.529066e+03 1.573493e+03 
2.335556e-01 1.497158e+03 1.536915e+03 
2.365758e-01 1.466642e+03 1.501517e+03 
2.395960e-01 1.437096e+03 1.467251e+03 
2.426162e-01 1.408154e+03 1.434071e+03 
2.456364e-01 1.379574e+03 1.401933e+03 
2.486566e-01 1.351193e+03 1.370797e+03 
2.516768e-01 1.322964e+03 1.340622e+03 
2.546970e-01 1.294866e+03 1.311370e+03 
2.577172e-01 1.266905e+03 1.283005e+03 
2.607374e-01 1.239143e+03 1.255494e+03 
2.637576e-01 1.211717e+03 1.228804e+03 
2.667778e-01 1.184797e+03 1.202903e+03 
2.697980e-01 1.158577e+03 1.177762e+03 
2.728182e-01 1.133233e+03 1.153352e+03 
2.758384e-01 1.108915e+03 1.129647e+03 
2.788586e-01 1.085665e+03 1.106620e+03 
2.818788e-01 1.063468e+03 1.084247e+03 
2.848990e-01 1.042270e+03 1.062504e+03 
2.879192e-01 1.022001e+03 1.041368e+03 
2.909394e-01 1.002577e+03 1.020818e+03 
2.939596e-01 9.839113e+02 1.000833e+03 
2.969798e-01 9.659214e+02 9.813939e+02 
3.000000e-01 9.485178e+02 9.624807e+02 
