1.000000e-03 3.707663e+03 3.707659e+03 
4.020202e-03 1.261582e+04 1.271501e+04 
7.040404e-03 1.864605e+04 1.878678e+04 
1.006061e-02 2.246239e+04 2.262906e+04 
1.308081e-02 2.458542e+04 2.478850e+04 
1.610101e-02 2.540982e+04 2.560600e+04 
1.912121e-02 2.525688e+04 2.535145e+04 
2.214141e-02 2.440012e+04 2.433512e+04 
2.516162e-02 2.307716e+04 2.290006e+04 
2.818182e-02 2.148967e+04 2.133417e+04 
3.120202e-02 1.980147e+04 1.981443e+04 
3.422222e-02 1.813822e+04 1.841838e+04 
3.724242e-02 1.658748e+04 1.716378e+04 
4.026263e-02 1.520547e+04 1.604184e+04 
4.328283e-02 1.401425e+04 1.503558e+04 
4.630303e-02 1.301434e+04 1.412781e+04 
4.932323e-02 1.221057e+04 1.330373e+04 
5.234343e-02 1.157788e+04 1.255131e+04 
5.536364e-02 1.107657e+04 1.186093e+04 
5.838384e-02 1.067423e+04 1.122487e+04 
6.140404e-02 1.034310e+04 1.063688e+04 
6.442424e-02 1.005379e+04 1.009179e+04 
6.744444e-02 9.775244e+03 9.585274e+03 
7.046465e-02 9.484618e+03 9.113642e+03 
7.348485e-02 9.165807e+03 8.673714e+03 
7.650505e-02 8.809580e+03 8.262712e+03 
7.952525e-02 8.414974e+03 7.878188e+03 
8.254545e-02 7.988214e+03 7.517967e+03 
8.556566e-02 7.540019e+03 7.180103e+03 
8.858586e-02 7.083371e+03 6.862848e+03 
9.160606e-02 6.631685e+03 6.564625e+03 
9.462626e-02 6.197675e+03 6.284003e+03 
9.764646e-02 5.792982e+03 6.019686e+03 
1.006667e-01 5.426766e+03 5.770490e+03 
1.036869e-01 5.105983e+03 5.535336e+03 
1.067071e-01 4.833675e+03 5.313237e+03 
1.097273e-01 4.610037e+03 5.103288e+03 
1.127475e-01 4.431197e+03 4.904662e+03 
1.157677e-01 4.291248e+03 4.716594e+03 
1.187879e-01 4.182435e+03 4.538385e+03 
1.218081e-01 4.096618e+03 4.369388e+03 
1.248283e-01 4.025565e+03 4.209008e+03 
1.278485e-01 3.961597e+03 4.056695e+03 
1.308687e-01 3.897620e+03 3.911941e+03 
1.338889e-01 3.827671e+03 3.774276e+03 
1.369091e-01 3.747081e+03 3.643265e+03 
1.399293e-01 3.652952e+03 3.518503e+03 
1.429495e-01 3.544370e+03 3.399618e+03 
1.459697e-01 3.422180e+03 3.286260e+03 
1.489899e-01 3.288935e+03 3.178106e+03 
1.520101e-01 3.148116e+03 3.074857e+03 
1.550303e-01 3.003881e+03 2.976232e+03 
1.580505e-01 2.860558e+03 2.881970e+03 
1.610707e-01 2.722474e+03 2.791829e+03 
1.640909e-01 2.593344e+03 2.705580e+03 
1.671111e-01 2.476137e+03 2.623011e+03 
1.701313e-01 2.372706e+03 2.543926e+03 
1.731515e-01 2.284023e+03 2.468137e+03 
1.761717e-01 2.209765e+03 2.395471e+03 
1.791919e-01 2.148922e+03 2.325766e+03 
1.822121e-01 2.099744e+03 2.258869e+03 
1.852323e-01 2.060155e+03 2.194637e+03 
1.882525e-01 2.027800e+03 2.132935e+03 
1.912727e-01 2.000174e+03 2.073638e+03 
1.942929e-01 1.974719e+03 2.016626e+03 
1.973131e-01 1.949087e+03 1.961787e+03 
2.003333e-01 1.921176e+03 1.909018e+03 
2.033535e-01 1.889387e+03 1.858218e+03 
2.063737e-01 1.852695e+03 1.809295e+03 
2.093939e-01 1.810842e+03 1.762161e+03 
2.124141e-01 1.764120e+03 1.716732e+03 
2.154343e-01 1.713277e+03 1.672930e+03 
2.184545e-01 1.659435e+03 1.630681e+03 
2.214747e-01 1.603912e+03 1.589916e+03 
2.244949e-01 1.548147e+03 1.550567e+03 
2.275152e-01 1.493559e+03 1.512573e+03 
2.305354e-01 1.441464e+03 1.475873e+03 
2.335556e-01 1.392941e+03 1.440413e+03 
2.365758e-01 1.348797e+03 1.406138e+03 
2.395960e-01 1.309448e+03 1.372999e+03 
2.426162e-01 1.275026e+03 1.340947e+03 
2.456364e-01 1.245335e+03 1.309936e+03 
2.486566e-01 1.219994e+03 1.279925e+03 
2.516768e-01 1.198407e+03 1.250871e+03 
2.546970e-01 1.179855e+03 1.222736e+03 
2.577172e-01 1.163488e+03 1.195484e+03 
2.607374e-01 1.148410e+03 1.169077e+03 
2.637576e-01 1.133716e+03 1.143484e+03 
2.667778e-01 1.118616e+03 1.118672e+03 
2.697980e-01 1.102454e+03 1.094610e+03 
2.728182e-01 1.084838e+03 1.071270e+03 
2.758384e-01 1.065567e+03 1.048625e+03 
2.788586e-01 1.044663e+03 1.026647e+03 
2.818788e-01 1.022298e+03 1.005312e+03 
2.848990e-01 9.987579e+02 9.845954e+02 
2.879192e-01 9.744084e+02 9.644746e+02 
2.909394e-01 9.496641e+02 9.449277e+02 
2.939596e-01 9.249920e+02 9.259338e+02 
2.969798e-01 9.008639e+02 9.074729e+02 
3.000000e-01 8.777341e+02 8.895259e+02 
