1.000000e-03 2.819123e+03 2.819121e+03 
4.020202e-03 9.453167e+03 9.527881e+03 
7.040404e-03 1.380559e+04 1.388889e+04 
1.006061e-02 1.649997e+04 1.654483e+04 
1.308081e-02 1.799934e+04 1.798679e+04 
1.610101e-02 1.863450e+04 1.854760e+04 
1.912121e-02 1.865376e+04 1.849400e+04 
2.214141e-02 1.825090e+04 1.806183e+04 
2.516162e-02 1.758043e+04 1.743323e+04 
2.818182e-02 1.676215e+04 1.672175e+04 
3.120202e-02 1.588712e+04 1.598718e+04 
3.422222e-02 1.501946e+04 1.525831e+04 
3.724242e-02 1.420022e+04 1.454870e+04 
4.026263e-02 1.345298e+04 1.386493e+04 
4.328283e-02 1.277909e+04 1.321015e+04 
4.630303e-02 1.217857e+04 1.258580e+04 
4.932323e-02 1.165385e+04 1.199226e+04 
5.234343e-02 1.117809e+04 1.142929e+04 
5.536364e-02 1.073051e+04 1.089619e+04 
5.838384e-02 1.030539e+04 1.039199e+04 
6.140404e-02 9.891200e+03 9.915522e+03 
6.442424e-02 9.478379e+03 9.465511e+03 
6.744444e-02 9.063669e+03 9.040624e+03 
7.046465e-02 8.646941e+03 8.639511e+03 
7.348485e-02 8.231170e+03 8.260833e+03 
7.650505e-02 7.822816e+03 7.903282e+03 
7.952525e-02 7.429202e+03 7.565594e+03 
8.254545e-02 7.056944e+03 7.246562e+03 
8.556566e-02 6.710514e+03 6.945034e+03 
8.858586e-02 6.392325e+03 6.659922e+03 
9.160606e-02 6.103368e+03 6.390202e+03 
9.462626e-02 5.843690e+03 6.134909e+03 
9.764646e-02 5.612314e+03 5.893141e+03 
1.006667e-01 5.406975e+03 5.664051e+03 
1.036869e-01 5.223409e+03 5.446849e+03 
1.067071e-01 5.056600e+03 5.240799e+03 
1.097273e-01 4.900668e+03 5.045212e+03 
1.127475e-01 4.750443e+03 4.859447e+03 
1.157677e-01 4.602298e+03 4.682905e+03 
1.187879e-01 4.453924e+03 4.515030e+03 
1.218081e-01 4.304676e+03 4.355301e+03 
1.248283e-01 4.154684e+03 4.203235e+03 
1.278485e-01 4.004826e+03 4.058380e+03 
1.308687e-01 3.856436e+03 3.920315e+03 
1.338889e-01 3.711225e+03 3.788648e+03 
1.369091e-01 3.571030e+03 3.663011e+03 
1.399293e-01 3.437693e+03 3.543063e+03 
1.429495e-01 3.312351e+03 3.428483e+03 
1.459697e-01 3.195698e+03 3.318974e+03 
1.489899e-01 3.087939e+03 3.214255e+03 
1.520101e-01 2.989002e+03 3.114066e+03 
1.550303e-01 2.898390e+03 3.018161e+03 
1.580505e-01 2.815372e+03 2.926313e+03 
1.610707e-01 2.738810e+03 2.838306e+03 
1.640909e-01 2.667390e+03 2.753939e+03 
1.671111e-01 2.599572e+03 2.673023e+03 
1.701313e-01 2.533944e+03 2.595381e+03 
1.731515e-01 2.469479e+03 2.520847e+03 
1.761717e-01 2.405492e+03 2.449265e+03 
1.791919e-01 2.341810e+03 2.380487e+03 
1.822121e-01 2.278429e+03 2.314374e+03 
1.852323e-01 2.215502e+03 2.250798e+03 
1.882525e-01 2.153277e+03 2.189635e+03 
1.912727e-01 2.092094e+03 2.130769e+03 
1.942929e-01 2.032412e+03 2.074092e+03 
1.973131e-01 1.974773e+03 2.019501e+03 
2.003333e-01 1.919605e+03 1.966899e+03 
2.033535e-01 1.867232e+03 1.916195e+03 
2.063737e-01 1.817779e+03 1.867301e+03 
2.093939e-01 1.771241e+03 1.820136e+03 
2.124141e-01 1.727431e+03 1.774622e+03 
2.154343e-01 1.686088e+03 1.730687e+03 
2.184545e-01 1.646932e+03 1.688261e+03 
2.214747e-01 1.609662e+03 1.647278e+03 
2.244949e-01 1.573900e+03 1.607676e+03 
2.275152e-01 1.539293e+03 1.569396e+03 
2.305354e-01 1.505598e+03 1.532383e+03 
2.335556e-01 1.472623e+03 1.496581e+03 
2.365758e-01 1.440232e+03 1.461943e+03 
2.395960e-01 1.408346e+03 1.428418e+03 
2.426162e-01 1.376969e+03 1.395963e+03 
2.456364e-01 1.346116e+03 1.364533e+03 
2.486566e-01 1.315805e+03 1.334087e+03 
2.516768e-01 1.286105e+03 1.304587e+03 
2.546970e-01 1.257132e+03 1.275994e+03 
2.577172e-01 1.229025e+03 1.248274e+03 
2.607374e-01 1.201929e+03 1.221392e+03 
2.637576e-01 1.175907e+03 1.195316e+03 
2.667778e-01 1.150959e+03 1.170016e+03 
2.697980e-01 1.127023e+03 1.145461e+03 
2.728182e-01 1.104009e+03 1.121625e+03 
2.758384e-01 1.081833e+03 1.098479e+03 
2.788586e-01 1.060421e+03 1.076000e+03 
2.818788e-01 1.039718e+03 1.054161e+03 
2.848990e-01 1.019670e+03 1.032941e+03 
2.879192e-01 1.000200e+03 1.012316e+03 
2.909394e-01 9.812280e+02 9.922656e+02 
2.939596e-01 9.626717e+02 9.727691e+02 
2.969798e-01 9.444688e+02 9.538070e+02 
3.000000e-01 9.266018e+02 9.353606e+02 
