1.000000e-03 3.364193e+03 3.364190e+03 
4.020202e-03 1.113453e+04 1.119584e+04 
7.040404e-03 1.623711e+04 1.628105e+04 
1.006061e-02 1.939205e+04 1.942839e+04 
1.308081e-02 2.111212e+04 2.125950e+04 
1.610101e-02 2.176812e+04 2.219924e+04 
1.912121e-02 2.164724e+04 2.253785e+04 
2.214141e-02 2.098500e+04 2.247481e+04 
2.516162e-02 1.997579e+04 2.214615e+04 
2.818182e-02 1.877853e+04 2.164419e+04 
3.120202e-02 1.751744e+04 2.103203e+04 
3.422222e-02 1.628407e+04 2.035325e+04 
3.724242e-02 1.513934e+04 1.963818e+04 
4.026263e-02 1.411933e+04 1.890799e+04 
4.328283e-02 1.323733e+04 1.817745e+04 
4.630303e-02 1.248611e+04 1.745671e+04 
4.932323e-02 1.186297e+04 1.675271e+04 
5.234343e-02 1.134986e+04 1.607001e+04 
5.536364e-02 1.090853e+04 1.541148e+04 
5.838384e-02 1.051811e+04 1.477880e+04 
6.140404e-02 1.015892e+04 1.417275e+04 
6.442424e-02 9.808598e+03 1.359349e+04 
6.744444e-02 9.451063e+03 1.304077e+04 
7.046465e-02 9.075950e+03 1.251401e+04 
7.348485e-02 8.678739e+03 1.201241e+04 
7.650505e-02 8.261700e+03 1.153506e+04 
7.952525e-02 7.832379e+03 1.108097e+04 
8.254545e-02 7.401168e+03 1.064909e+04 
8.556566e-02 6.978961e+03 1.023837e+04 
8.858586e-02 6.575331e+03 9.847746e+03 
9.160606e-02 6.198338e+03 9.476198e+03 
9.462626e-02 5.854349e+03 9.122723e+03 
9.764646e-02 5.547678e+03 8.786355e+03 
1.006667e-01 5.281004e+03 8.466169e+03 
1.036869e-01 5.054021e+03 8.161283e+03 
1.067071e-01 4.864158e+03 7.870857e+03 
1.097273e-01 4.705819e+03 7.594097e+03 
1.127475e-01 4.572106e+03 7.330250e+03 
1.157677e-01 4.455142e+03 7.078608e+03 
1.187879e-01 4.347791e+03 6.838499e+03 
1.218081e-01 4.243701e+03 6.609292e+03 
1.248283e-01 4.138194e+03 6.390395e+03 
1.278485e-01 4.027659e+03 6.181248e+03 
1.308687e-01 3.909982e+03 5.981325e+03 
1.338889e-01 3.784230e+03 5.790132e+03 
1.369091e-01 3.651184e+03 5.607204e+03 
1.399293e-01 3.512630e+03 5.432106e+03 
1.429495e-01 3.371326e+03 5.264425e+03 
1.459697e-01 3.230377e+03 5.103776e+03 
1.489899e-01 3.093035e+03 4.949795e+03 
1.520101e-01 2.962107e+03 4.802141e+03 
1.550303e-01 2.840038e+03 4.660493e+03 
1.580505e-01 2.728603e+03 4.524547e+03 
1.610707e-01 2.628997e+03 4.394020e+03 
1.640909e-01 2.541480e+03 4.268642e+03 
1.671111e-01 2.465561e+03 4.148160e+03 
1.701313e-01 2.399905e+03 4.032337e+03 
1.731515e-01 2.342717e+03 3.920948e+03 
1.761717e-01 2.291892e+03 3.813780e+03 
1.791919e-01 2.245363e+03 3.710634e+03 
1.822121e-01 2.201157e+03 3.611321e+03 
1.852323e-01 2.157628e+03 3.515662e+03 
1.882525e-01 2.113350e+03 3.423488e+03 
1.912727e-01 2.067236e+03 3.334641e+03 
1.942929e-01 2.018588e+03 3.248969e+03 
1.973131e-01 1.967232e+03 3.166330e+03 
2.003333e-01 1.913457e+03 3.086589e+03 
2.033535e-01 1.857960e+03 3.009618e+03 
2.063737e-01 1.801691e+03 2.935296e+03 
2.093939e-01 1.745719e+03 2.863507e+03 
2.124141e-01 1.691041e+03 2.794144e+03 
2.154343e-01 1.638556e+03 2.727101e+03 
2.184545e-01 1.588938e+03 2.662283e+03 
2.214747e-01 1.542717e+03 2.599595e+03 
2.244949e-01 1.500245e+03 2.538948e+03 
2.275152e-01 1.461628e+03 2.480260e+03 
2.305354e-01 1.426731e+03 2.423449e+03 
2.335556e-01 1.395196e+03 2.368440e+03 
2.365758e-01 1.366520e+03 2.315161e+03 
2.395960e-01 1.340096e+03 2.263542e+03 
2.426162e-01 1.315299e+03 2.213518e+03 
2.456364e-01 1.291561e+03 2.165027e+03 
2.486566e-01 1.268352e+03 2.118009e+03 
2.516768e-01 1.245201e+03 2.072408e+03 
2.546970e-01 1.221726e+03 2.028168e+03 
2.577172e-01 1.197651e+03 1.985240e+03 
2.607374e-01 1.172873e+03 1.943572e+03 
2.637576e-01 1.147430e+03 1.903119e+03 
2.667778e-01 1.121538e+03 1.863835e+03 
2.697980e-01 1.095493e+03 1.825678e+03 
2.728182e-01 1.069635e+03 1.788605e+03 
2.758384e-01 1.044278e+03 1.752579e+03 
2.788586e-01 1.019669e+03 1.717562e+03 
2.818788e-01 9.960106e+02 1.683517e+03 
2.848990e-01 9.734521e+02 1.650411e+03 
2.879192e-01 9.521080e+02 1.618210e+03 
2.909394e-01 9.320581e+02 1.586882e+03 
2.939596e-01 9.133092e+02 1.556399e+03 
2.969798e-01 8.958146e+02 1.526730e+03 
3.000000e-01 8.794401e+02 1.497849e+03 
