1.000000e-03 3.467250e+03 3.467247e+03 
4.020202e-03 1.168787e+04 1.177989e+04 
7.040404e-03 1.720536e+04 1.733103e+04 
1.006061e-02 2.068096e+04 2.081725e+04 
1.308081e-02 2.261509e+04 2.276397e+04 
1.610101e-02 2.338018e+04 2.350367e+04 
1.912121e-02 2.327396e+04 2.330192e+04 
2.214141e-02 2.254583e+04 2.244999e+04 
2.516162e-02 2.140876e+04 2.124924e+04 
2.818182e-02 2.004029e+04 1.993817e+04 
3.120202e-02 1.858405e+04 1.865705e+04 
3.422222e-02 1.714854e+04 1.746598e+04 
3.724242e-02 1.580878e+04 1.637957e+04 
4.026263e-02 1.461197e+04 1.539281e+04 
4.328283e-02 1.357780e+04 1.449460e+04 
4.630303e-02 1.270299e+04 1.367348e+04 
4.932323e-02 1.199046e+04 1.291942e+04 
5.234343e-02 1.142104e+04 1.222413e+04 
5.536364e-02 1.095577e+04 1.158084e+04 
5.838384e-02 1.056704e+04 1.098398e+04 
6.140404e-02 1.023034e+04 1.042892e+04 
6.442424e-02 9.921135e+03 9.911717e+03 
6.744444e-02 9.614616e+03 9.428994e+03 
7.046465e-02 9.292670e+03 8.977797e+03 
7.348485e-02 8.944087e+03 8.555522e+03 
7.650505e-02 8.564465e+03 8.159846e+03 
7.952525e-02 8.156515e+03 7.788685e+03 
8.254545e-02 7.728166e+03 7.440162e+03 
8.556566e-02 7.290816e+03 7.112573e+03 
8.858586e-02 6.856430e+03 6.804371e+03 
9.160606e-02 6.436339e+03 6.514143e+03 
9.462626e-02 6.040648e+03 6.240600e+03 
9.764646e-02 5.677752e+03 5.982562e+03 
1.006667e-01 5.354204e+03 5.738946e+03 
1.036869e-01 5.074093e+03 5.508758e+03 
1.067071e-01 4.838290e+03 5.291085e+03 
1.097273e-01 4.644774e+03 5.085085e+03 
1.127475e-01 4.488427e+03 4.889984e+03 
1.157677e-01 4.362466e+03 4.705067e+03 
1.187879e-01 4.259005e+03 4.529675e+03 
1.218081e-01 4.170220e+03 4.363198e+03 
1.248283e-01 4.088974e+03 4.205073e+03 
1.278485e-01 4.008934e+03 4.054777e+03 
1.308687e-01 3.924717e+03 3.911829e+03 
1.338889e-01 3.832427e+03 3.775778e+03 
1.369091e-01 3.729434e+03 3.646211e+03 
1.399293e-01 3.615051e+03 3.522739e+03 
1.429495e-01 3.489876e+03 3.405005e+03 
1.459697e-01 3.356308e+03 3.292675e+03 
1.489899e-01 3.217425e+03 3.185437e+03 
1.520101e-01 3.076866e+03 3.083001e+03 
1.550303e-01 2.938342e+03 2.985098e+03 
1.580505e-01 2.805507e+03 2.891476e+03 
1.610707e-01 2.681388e+03 2.801899e+03 
1.640909e-01 2.568468e+03 2.716147e+03 
1.671111e-01 2.468258e+03 2.634014e+03 
1.701313e-01 2.381493e+03 2.555309e+03 
1.731515e-01 2.307733e+03 2.479850e+03 
1.761717e-01 2.245861e+03 2.407469e+03 
1.791919e-01 2.194097e+03 2.338007e+03 
1.822121e-01 2.150394e+03 2.271316e+03 
1.852323e-01 2.112546e+03 2.207256e+03 
1.882525e-01 2.078329e+03 2.145696e+03 
1.912727e-01 2.045575e+03 2.086512e+03 
1.942929e-01 2.012325e+03 2.029588e+03 
1.973131e-01 1.976911e+03 1.974816e+03 
2.003333e-01 1.938129e+03 1.922091e+03 
2.033535e-01 1.895360e+03 1.871318e+03 
2.063737e-01 1.848580e+03 1.822404e+03 
2.093939e-01 1.798283e+03 1.775264e+03 
2.124141e-01 1.745301e+03 1.729815e+03 
2.154343e-01 1.690756e+03 1.685981e+03 
2.184545e-01 1.635845e+03 1.643689e+03 
2.214747e-01 1.581752e+03 1.602870e+03 
2.244949e-01 1.529592e+03 1.563459e+03 
2.275152e-01 1.480372e+03 1.525394e+03 
2.305354e-01 1.434846e+03 1.488617e+03 
2.335556e-01 1.393530e+03 1.453072e+03 
2.365758e-01 1.356583e+03 1.418707e+03 
2.395960e-01 1.323934e+03 1.385472e+03 
2.426162e-01 1.295234e+03 1.353320e+03 
2.456364e-01 1.269995e+03 1.322206e+03 
2.486566e-01 1.247580e+03 1.292088e+03 
2.516768e-01 1.227299e+03 1.262924e+03 
2.546970e-01 1.208430e+03 1.234676e+03 
2.577172e-01 1.190242e+03 1.207308e+03 
2.607374e-01 1.172029e+03 1.180785e+03 
2.637576e-01 1.153229e+03 1.155073e+03 
2.667778e-01 1.133408e+03 1.130141e+03 
2.697980e-01 1.112361e+03 1.105959e+03 
2.728182e-01 1.090061e+03 1.082497e+03 
2.758384e-01 1.066694e+03 1.059730e+03 
2.788586e-01 1.042533e+03 1.037629e+03 
2.818788e-01 1.017914e+03 1.016171e+03 
2.848990e-01 9.931976e+02 9.953321e+02 
2.879192e-01 9.687471e+02 9.750887e+02 
2.909394e-01 9.449013e+02 9.554194e+02 
2.939596e-01 9.219773e+02 9.363035e+02 
2.969798e-01 9.002568e+02 9.177211e+02 
3.000000e-01 8.799582e+02 8.996531e+02 
