1.000000e-03 3.401865e+03 3.401862e+03 
4.020202e-03 1.144352e+04 1.153299e+04 
7.040404e-03 1.682156e+04 1.694102e+04 
1.006061e-02 2.019856e+04 2.032193e+04 
1.308081e-02 2.207151e+04 2.219744e+04 
1.610101e-02 2.281043e+04 2.290076e+04 
1.912121e-02 2.270884e+04 2.270273e+04 
2.214141e-02 2.201198e+04 2.189602e+04 
2.516162e-02 2.092633e+04 2.077144e+04 
2.818182e-02 1.962489e+04 1.954916e+04 
3.120202e-02 1.824445e+04 1.835359e+04 
3.422222e-02 1.688795e+04 1.723650e+04 
3.724242e-02 1.562545e+04 1.621030e+04 
4.026263e-02 1.450032e+04 1.527100e+04 
4.328283e-02 1.352894e+04 1.440969e+04 
4.630303e-02 1.270660e+04 1.361714e+04 
4.932323e-02 1.203533e+04 1.288522e+04 
5.234343e-02 1.149334e+04 1.220715e+04 
5.536364e-02 1.104182e+04 1.157730e+04 
5.838384e-02 1.065548e+04 1.099099e+04 
6.140404e-02 1.031135e+04 1.044422e+04 
6.442424e-02 9.986201e+03 9.933562e+03 
6.744444e-02 9.657577e+03 9.455997e+03 
7.046465e-02 9.310155e+03 9.008859e+03 
7.348485e-02 8.935728e+03 8.589764e+03 
7.650505e-02 8.533026e+03 8.196558e+03 
7.952525e-02 8.107575e+03 7.827295e+03 
8.254545e-02 7.669120e+03 7.480201e+03 
8.556566e-02 7.229591e+03 7.153658e+03 
8.858586e-02 6.800601e+03 6.846187e+03 
9.160606e-02 6.392348e+03 6.556432e+03 
9.462626e-02 6.013412e+03 6.283148e+03 
9.764646e-02 5.670780e+03 6.025193e+03 
1.006667e-01 5.369369e+03 5.781513e+03 
1.036869e-01 5.111622e+03 5.551141e+03 
1.067071e-01 4.896503e+03 5.333185e+03 
1.097273e-01 4.720289e+03 5.126820e+03 
1.127475e-01 4.576523e+03 4.931287e+03 
1.157677e-01 4.457612e+03 4.745884e+03 
1.187879e-01 4.355527e+03 4.569962e+03 
1.218081e-01 4.262702e+03 4.402920e+03 
1.248283e-01 4.172572e+03 4.244202e+03 
1.278485e-01 4.079781e+03 4.093293e+03 
1.308687e-01 3.980240e+03 3.949715e+03 
1.338889e-01 3.871484e+03 3.813024e+03 
1.369091e-01 3.752321e+03 3.682808e+03 
1.399293e-01 3.623437e+03 3.558685e+03 
1.429495e-01 3.486595e+03 3.440297e+03 
1.459697e-01 3.344872e+03 3.327314e+03 
1.489899e-01 3.201737e+03 3.219427e+03 
1.520101e-01 3.060901e+03 3.116346e+03 
1.550303e-01 2.925765e+03 3.017805e+03 
1.580505e-01 2.799361e+03 2.923551e+03 
1.610707e-01 2.683999e+03 2.833350e+03 
1.640909e-01 2.581357e+03 2.746984e+03 
1.671111e-01 2.491881e+03 2.664246e+03 
1.701313e-01 2.415266e+03 2.584946e+03 
1.731515e-01 2.350225e+03 2.508903e+03 
1.761717e-01 2.295026e+03 2.435948e+03 
1.791919e-01 2.247543e+03 2.365923e+03 
1.822121e-01 2.205581e+03 2.298680e+03 
1.852323e-01 2.166943e+03 2.234080e+03 
1.882525e-01 2.129595e+03 2.171990e+03 
1.912727e-01 2.091670e+03 2.112288e+03 
1.942929e-01 2.051652e+03 2.054857e+03 
1.973131e-01 2.008429e+03 1.999588e+03 
2.003333e-01 1.961538e+03 1.946379e+03 
2.033535e-01 1.911058e+03 1.895131e+03 
2.063737e-01 1.857610e+03 1.845754e+03 
2.093939e-01 1.802143e+03 1.798161e+03 
2.124141e-01 1.745795e+03 1.752270e+03 
2.154343e-01 1.689704e+03 1.708003e+03 
2.184545e-01 1.634974e+03 1.665289e+03 
2.214747e-01 1.582617e+03 1.624057e+03 
2.244949e-01 1.533491e+03 1.584243e+03 
2.275152e-01 1.488223e+03 1.545785e+03 
2.305354e-01 1.447177e+03 1.508623e+03 
2.335556e-01 1.410457e+03 1.472703e+03 
2.365758e-01 1.377834e+03 1.437972e+03 
2.395960e-01 1.348869e+03 1.404379e+03 
2.426162e-01 1.322963e+03 1.371878e+03 
2.456364e-01 1.299455e+03 1.340423e+03 
2.486566e-01 1.277665e+03 1.309971e+03 
2.516768e-01 1.256913e+03 1.280481e+03 
2.546970e-01 1.236534e+03 1.251916e+03 
2.577172e-01 1.215941e+03 1.224237e+03 
2.607374e-01 1.194641e+03 1.197411e+03 
2.637576e-01 1.172351e+03 1.171403e+03 
2.667778e-01 1.148947e+03 1.146181e+03 
2.697980e-01 1.124535e+03 1.121716e+03 
2.728182e-01 1.099342e+03 1.097979e+03 
2.758384e-01 1.073728e+03 1.074941e+03 
2.788586e-01 1.048061e+03 1.052577e+03 
2.818788e-01 1.022685e+03 1.030862e+03 
2.848990e-01 9.979116e+02 1.009771e+03 
2.879192e-01 9.740252e+02 9.892810e+02 
2.909394e-01 9.512735e+02 9.693712e+02 
2.939596e-01 9.298661e+02 9.500201e+02 
2.969798e-01 9.099310e+02 9.312078e+02 
3.000000e-01 8.915172e+02 9.129151e+02 
