1.000000e-03 2.731372e+03 2.731370e+03 
4.020202e-03 9.173838e+03 9.245963e+03 
7.040404e-03 1.348547e+04 1.357276e+04 
1.006061e-02 1.622062e+04 1.628355e+04 
1.308081e-02 1.779321e+04 1.781737e+04 
1.610101e-02 1.850496e+04 1.846974e+04 
1.912121e-02 1.858776e+04 1.847914e+04 
2.214141e-02 1.822797e+04 1.807142e+04 
2.516162e-02 1.757728e+04 1.743890e+04 
2.818182e-02 1.675782e+04 1.671196e+04 
3.120202e-02 1.586545e+04 1.596213e+04 
3.422222e-02 1.496996e+04 1.522307e+04 
3.724242e-02 1.411913e+04 1.450898e+04 
4.026263e-02 1.334226e+04 1.382537e+04 
4.328283e-02 1.264288e+04 1.317399e+04 
4.630303e-02 1.202943e+04 1.255504e+04 
4.932323e-02 1.150542e+04 1.196798e+04 
5.234343e-02 1.104424e+04 1.141192e+04 
5.536364e-02 1.062430e+04 1.088574e+04 
5.838384e-02 1.023180e+04 1.038819e+04 
6.140404e-02 9.857598e+03 9.917958e+03 
6.442424e-02 9.490215e+03 9.473679e+03 
6.744444e-02 9.118507e+03 9.053989e+03 
7.046465e-02 8.737745e+03 8.657536e+03 
7.348485e-02 8.347716e+03 8.282997e+03 
7.650505e-02 7.952056e+03 7.929093e+03 
7.952525e-02 7.558277e+03 7.594596e+03 
8.254545e-02 7.174785e+03 7.278332e+03 
8.556566e-02 6.809386e+03 6.979189e+03 
8.858586e-02 6.467435e+03 6.696116e+03 
9.160606e-02 6.152383e+03 6.428122e+03 
9.462626e-02 5.866233e+03 6.174274e+03 
9.764646e-02 5.610041e+03 5.933700e+03 
1.006667e-01 5.383583e+03 5.705580e+03 
1.036869e-01 5.185495e+03 5.489151e+03 
1.067071e-01 5.012339e+03 5.283696e+03 
1.097273e-01 4.859211e+03 5.088548e+03 
1.127475e-01 4.720215e+03 4.903084e+03 
1.157677e-01 4.589230e+03 4.726721e+03 
1.187879e-01 4.461554e+03 4.558917e+03 
1.218081e-01 4.333458e+03 4.399166e+03 
1.248283e-01 4.203116e+03 4.246994e+03 
1.278485e-01 4.069615e+03 4.101962e+03 
1.308687e-01 3.933295e+03 3.963656e+03 
1.338889e-01 3.795049e+03 3.831693e+03 
1.369091e-01 3.656473e+03 3.705713e+03 
1.399293e-01 3.519400e+03 3.585381e+03 
1.429495e-01 3.385879e+03 3.470383e+03 
1.459697e-01 3.257802e+03 3.360425e+03 
1.489899e-01 3.136819e+03 3.255233e+03 
1.520101e-01 3.024145e+03 3.154549e+03 
1.550303e-01 2.920573e+03 3.058132e+03 
1.580505e-01 2.826379e+03 2.965758e+03 
1.610707e-01 2.741427e+03 2.877213e+03 
1.640909e-01 2.664919e+03 2.792299e+03 
1.671111e-01 2.595666e+03 2.710830e+03 
1.701313e-01 2.532097e+03 2.632631e+03 
1.731515e-01 2.472547e+03 2.557537e+03 
1.761717e-01 2.415543e+03 2.485392e+03 
1.791919e-01 2.359804e+03 2.416052e+03 
1.822121e-01 2.304496e+03 2.349380e+03 
1.852323e-01 2.248997e+03 2.285245e+03 
1.882525e-01 2.192983e+03 2.223527e+03 
1.912727e-01 2.136300e+03 2.164111e+03 
1.942929e-01 2.079023e+03 2.106889e+03 
1.973131e-01 2.021484e+03 2.051757e+03 
2.003333e-01 1.964302e+03 1.998620e+03 
2.033535e-01 1.908178e+03 1.947387e+03 
2.063737e-01 1.853856e+03 1.897972e+03 
2.093939e-01 1.801901e+03 1.850292e+03 
2.124141e-01 1.752724e+03 1.804271e+03 
2.154343e-01 1.706456e+03 1.759836e+03 
2.184545e-01 1.663087e+03 1.716918e+03 
2.214747e-01 1.622556e+03 1.675450e+03 
2.244949e-01 1.584747e+03 1.635372e+03 
2.275152e-01 1.549393e+03 1.596623e+03 
2.305354e-01 1.516160e+03 1.559148e+03 
2.335556e-01 1.484638e+03 1.522894e+03 
2.365758e-01 1.454403e+03 1.487810e+03 
2.395960e-01 1.425026e+03 1.453849e+03 
2.426162e-01 1.396166e+03 1.420965e+03 
2.456364e-01 1.367616e+03 1.389114e+03 
2.486566e-01 1.339251e+03 1.358255e+03 
2.516768e-01 1.311021e+03 1.328349e+03 
2.546970e-01 1.282926e+03 1.299358e+03 
2.577172e-01 1.255000e+03 1.271247e+03 
2.607374e-01 1.227333e+03 1.243983e+03 
2.637576e-01 1.200050e+03 1.217531e+03 
2.667778e-01 1.173335e+03 1.191863e+03 
2.697980e-01 1.147390e+03 1.166947e+03 
2.728182e-01 1.122375e+03 1.142757e+03 
2.758384e-01 1.098409e+03 1.119265e+03 
2.788586e-01 1.075514e+03 1.096445e+03 
2.818788e-01 1.053670e+03 1.074273e+03 
2.848990e-01 1.032803e+03 1.052726e+03 
2.879192e-01 1.012827e+03 1.031780e+03 
2.909394e-01 9.936611e+02 1.011416e+03 
2.939596e-01 9.752232e+02 9.916114e+02 
2.969798e-01 9.574332e+02 9.723475e+02 
3.000000e-01 9.401953e+02 9.536052e+02 
