1.000000e-03 1.991406e+03 1.991404e+03 
4.020202e-03 6.763940e+03 6.820998e+03 
7.040404e-03 9.999877e+03 1.006519e+04 
1.006061e-02 1.210800e+04 1.213175e+04 
1.308081e-02 1.340458e+04 1.336343e+04 
1.610101e-02 1.411546e+04 1.400429e+04 
1.912121e-02 1.440541e+04 1.423606e+04 
2.214141e-02 1.439678e+04 1.419722e+04 
2.516162e-02 1.418270e+04 1.398635e+04 
2.818182e-02 1.383406e+04 1.366822e+04 
3.120202e-02 1.340429e+04 1.328416e+04 
3.422222e-02 1.293101e+04 1.286102e+04 
3.724242e-02 1.244170e+04 1.241682e+04 
4.026263e-02 1.195305e+04 1.196392e+04 
4.328283e-02 1.146681e+04 1.151094e+04 
4.630303e-02 1.100215e+04 1.106384e+04 
4.932323e-02 1.056525e+04 1.062674e+04 
5.234343e-02 1.014199e+04 1.020240e+04 
5.536364e-02 9.729364e+03 9.792577e+03 
5.838384e-02 9.328983e+03 9.398332e+03 
6.140404e-02 8.943995e+03 9.020194e+03 
6.442424e-02 8.575577e+03 8.658316e+03 
6.744444e-02 8.221278e+03 8.312583e+03 
7.046465e-02 7.879578e+03 7.982687e+03 
7.348485e-02 7.551145e+03 7.668190e+03 
7.650505e-02 7.237416e+03 7.368565e+03 
7.952525e-02 6.940784e+03 7.083232e+03 
8.254545e-02 6.662691e+03 6.811577e+03 
8.556566e-02 6.402780e+03 6.552976e+03 
8.858586e-02 6.159742e+03 6.306802e+03 
9.160606e-02 5.930927e+03 6.072436e+03 
9.462626e-02 5.714219e+03 5.849277e+03 
9.764646e-02 5.508663e+03 5.636741e+03 
1.006667e-01 5.313590e+03 5.434267e+03 
1.036869e-01 5.128622e+03 5.241320e+03 
1.067071e-01 4.952981e+03 5.057387e+03 
1.097273e-01 4.785130e+03 4.881984e+03 
1.127475e-01 4.623665e+03 4.714650e+03 
1.157677e-01 4.467556e+03 4.554948e+03 
1.187879e-01 4.316276e+03 4.402468e+03 
1.218081e-01 4.170132e+03 4.256821e+03 
1.248283e-01 4.029584e+03 4.117640e+03 
1.278485e-01 3.895211e+03 3.984580e+03 
1.308687e-01 3.767372e+03 3.857316e+03 
1.338889e-01 3.645996e+03 3.735542e+03 
1.369091e-01 3.530931e+03 3.618970e+03 
1.399293e-01 3.421747e+03 3.507329e+03 
1.429495e-01 3.317883e+03 3.400363e+03 
1.459697e-01 3.218824e+03 3.297832e+03 
1.489899e-01 3.124141e+03 3.199509e+03 
1.520101e-01 3.033434e+03 3.105182e+03 
1.550303e-01 2.946475e+03 3.014650e+03 
1.580505e-01 2.863110e+03 2.927724e+03 
1.610707e-01 2.783107e+03 2.844226e+03 
1.640909e-01 2.706105e+03 2.763988e+03 
1.671111e-01 2.631751e+03 2.686851e+03 
1.701313e-01 2.559833e+03 2.612667e+03 
1.731515e-01 2.490202e+03 2.541294e+03 
1.761717e-01 2.422827e+03 2.472599e+03 
1.791919e-01 2.357861e+03 2.406457e+03 
1.822121e-01 2.295443e+03 2.342749e+03 
1.852323e-01 2.235488e+03 2.281362e+03 
1.882525e-01 2.177823e+03 2.222191e+03 
1.912727e-01 2.122290e+03 2.165136e+03 
1.942929e-01 2.068758e+03 2.110100e+03 
1.973131e-01 2.017111e+03 2.056995e+03 
2.003333e-01 1.967330e+03 2.005735e+03 
2.033535e-01 1.919429e+03 1.956239e+03 
2.063737e-01 1.873346e+03 1.908431e+03 
2.093939e-01 1.828901e+03 1.862239e+03 
2.124141e-01 1.785917e+03 1.817593e+03 
2.154343e-01 1.744273e+03 1.774428e+03 
2.184545e-01 1.703873e+03 1.732682e+03 
2.214747e-01 1.664669e+03 1.692297e+03 
2.244949e-01 1.626677e+03 1.653215e+03 
2.275152e-01 1.589910e+03 1.615385e+03 
2.305354e-01 1.554323e+03 1.578754e+03 
2.335556e-01 1.519851e+03 1.543276e+03 
2.365758e-01 1.486439e+03 1.508903e+03 
2.395960e-01 1.454045e+03 1.475594e+03 
2.426162e-01 1.422633e+03 1.443304e+03 
2.456364e-01 1.392177e+03 1.411996e+03 
2.486566e-01 1.362655e+03 1.381632e+03 
2.516768e-01 1.334038e+03 1.352174e+03 
2.546970e-01 1.306287e+03 1.323590e+03 
2.577172e-01 1.279362e+03 1.295845e+03 
2.607374e-01 1.253219e+03 1.268910e+03 
2.637576e-01 1.227813e+03 1.242752e+03 
2.667778e-01 1.203112e+03 1.217345e+03 
2.697980e-01 1.179101e+03 1.192661e+03 
2.728182e-01 1.155764e+03 1.168673e+03 
2.758384e-01 1.133079e+03 1.145357e+03 
2.788586e-01 1.111020e+03 1.122689e+03 
2.818788e-01 1.089563e+03 1.100645e+03 
2.848990e-01 1.068678e+03 1.079205e+03 
2.879192e-01 1.048340e+03 1.058346e+03 
2.909394e-01 1.028533e+03 1.038049e+03 
2.939596e-01 1.009247e+03 1.018294e+03 
2.969798e-01 9.904698e+02 9.990634e+02 
3.000000e-01 9.721914e+02 9.803392e+02 
