1.000000e-03 2.508703e+03 2.508701e+03 
4.020202e-03 8.460905e+03 8.528351e+03 
7.040404e-03 1.241189e+04 1.248584e+04 
1.006061e-02 1.490056e+04 1.493219e+04 
1.308081e-02 1.633454e+04 1.630341e+04 
1.610101e-02 1.700596e+04 1.690079e+04 
1.912121e-02 1.713147e+04 1.696114e+04 
2.214141e-02 1.687943e+04 1.668426e+04 
2.516162e-02 1.638145e+04 1.621967e+04 
2.818182e-02 1.573988e+04 1.566122e+04 
3.120202e-02 1.503173e+04 1.506122e+04 
3.422222e-02 1.431175e+04 1.444791e+04 
3.724242e-02 1.361585e+04 1.383701e+04 
4.026263e-02 1.296443e+04 1.323777e+04 
4.328283e-02 1.236562e+04 1.265581e+04 
4.630303e-02 1.181731e+04 1.209458e+04 
4.932323e-02 1.131663e+04 1.155610e+04 
5.234343e-02 1.085616e+04 1.104138e+04 
5.536364e-02 1.041890e+04 1.055077e+04 
5.838384e-02 9.996467e+03 1.008413e+04 
6.140404e-02 9.586801e+03 9.640974e+03 
6.442424e-02 9.184227e+03 9.220587e+03 
6.744444e-02 8.784995e+03 8.822112e+03 
7.046465e-02 8.389468e+03 8.444598e+03 
7.348485e-02 8.000836e+03 8.087046e+03 
7.650505e-02 7.623915e+03 7.748440e+03 
7.952525e-02 7.264461e+03 7.427768e+03 
8.254545e-02 6.926884e+03 7.124040e+03 
8.556566e-02 6.613810e+03 6.836295e+03 
8.858586e-02 6.325405e+03 6.563612e+03 
9.160606e-02 6.060992e+03 6.305109e+03 
9.462626e-02 5.819618e+03 6.059952e+03 
9.764646e-02 5.599972e+03 5.827349e+03 
1.006667e-01 5.400169e+03 5.606555e+03 
1.036869e-01 5.217208e+03 5.396867e+03 
1.067071e-01 5.047162e+03 5.197627e+03 
1.097273e-01 4.885438e+03 5.008216e+03 
1.127475e-01 4.728474e+03 4.828055e+03 
1.157677e-01 4.573797e+03 4.656600e+03 
1.187879e-01 4.420281e+03 4.493344e+03 
1.218081e-01 4.268096e+03 4.337811e+03 
1.248283e-01 4.117902e+03 4.189558e+03 
1.278485e-01 3.970790e+03 4.048167e+03 
1.308687e-01 3.827886e+03 3.913250e+03 
1.338889e-01 3.690328e+03 3.784443e+03 
1.369091e-01 3.559100e+03 3.661406e+03 
1.399293e-01 3.435020e+03 3.543819e+03 
1.429495e-01 3.318560e+03 3.431384e+03 
1.459697e-01 3.209832e+03 3.323821e+03 
1.489899e-01 3.108637e+03 3.220869e+03 
1.520101e-01 3.014462e+03 3.122281e+03 
1.550303e-01 2.926670e+03 3.027828e+03 
1.580505e-01 2.844505e+03 2.937293e+03 
1.610707e-01 2.767063e+03 2.850474e+03 
1.640909e-01 2.693293e+03 2.767179e+03 
1.671111e-01 2.622226e+03 2.687231e+03 
1.701313e-01 2.553002e+03 2.610460e+03 
1.731515e-01 2.485074e+03 2.536708e+03 
1.761717e-01 2.418231e+03 2.465826e+03 
1.791919e-01 2.352467e+03 2.397675e+03 
1.822121e-01 2.287983e+03 2.332121e+03 
1.852323e-01 2.224967e+03 2.269040e+03 
1.882525e-01 2.163584e+03 2.208315e+03 
1.912727e-01 2.104035e+03 2.149836e+03 
1.942929e-01 2.046566e+03 2.093496e+03 
1.973131e-01 1.991426e+03 2.039198e+03 
2.003333e-01 1.938865e+03 1.986848e+03 
2.033535e-01 1.888949e+03 1.936358e+03 
2.063737e-01 1.841539e+03 1.887645e+03 
2.093939e-01 1.796444e+03 1.840629e+03 
2.124141e-01 1.753428e+03 1.795235e+03 
2.154343e-01 1.712264e+03 1.751394e+03 
2.184545e-01 1.672737e+03 1.709037e+03 
2.214747e-01 1.634640e+03 1.668100e+03 
2.244949e-01 1.597771e+03 1.628525e+03 
2.275152e-01 1.561941e+03 1.590252e+03 
2.305354e-01 1.526975e+03 1.553229e+03 
2.335556e-01 1.492775e+03 1.517402e+03 
2.365758e-01 1.459327e+03 1.482724e+03 
2.395960e-01 1.426652e+03 1.449146e+03 
2.426162e-01 1.394804e+03 1.416626e+03 
2.456364e-01 1.363815e+03 1.385120e+03 
2.486566e-01 1.333682e+03 1.354589e+03 
2.516768e-01 1.304408e+03 1.324994e+03 
2.546970e-01 1.275999e+03 1.296298e+03 
2.577172e-01 1.248485e+03 1.268467e+03 
2.607374e-01 1.221922e+03 1.241468e+03 
2.637576e-01 1.196332e+03 1.215269e+03 
2.667778e-01 1.171695e+03 1.189840e+03 
2.697980e-01 1.147947e+03 1.165152e+03 
2.728182e-01 1.124974e+03 1.141178e+03 
2.758384e-01 1.102683e+03 1.117891e+03 
2.788586e-01 1.081002e+03 1.095266e+03 
2.818788e-01 1.059890e+03 1.073279e+03 
2.848990e-01 1.039336e+03 1.051908e+03 
2.879192e-01 1.019324e+03 1.031130e+03 
2.909394e-01 9.998295e+02 1.010924e+03 
2.939596e-01 9.808170e+02 9.912709e+02 
2.969798e-01 9.622413e+02 9.721504e+02 
3.000000e-01 9.440783e+02 9.535444e+02 
