1.000000e-03 4.452772e+03 4.452768e+03 
4.020202e-03 1.505713e+04 1.517590e+04 
7.040404e-03 2.218607e+04 2.236116e+04 
1.006061e-02 2.665156e+04 2.687949e+04 
1.308081e-02 2.907342e+04 2.938182e+04 
1.610101e-02 2.992276e+04 3.025816e+04 
1.912121e-02 2.958254e+04 2.980600e+04 
2.214141e-02 2.838610e+04 2.838206e+04 
2.516162e-02 2.662383e+04 2.641230e+04 
2.818182e-02 2.454484e+04 2.428055e+04 
3.120202e-02 2.235426e+04 2.223606e+04 
3.422222e-02 2.020852e+04 2.039096e+04 
3.724242e-02 1.821810e+04 1.876886e+04 
4.026263e-02 1.645321e+04 1.735226e+04 
4.328283e-02 1.493954e+04 1.611111e+04 
4.630303e-02 1.368229e+04 1.501556e+04 
4.932323e-02 1.268345e+04 1.404029e+04 
5.234343e-02 1.190982e+04 1.316500e+04 
5.536364e-02 1.131773e+04 1.237382e+04 
5.838384e-02 1.086696e+04 1.165429e+04 
6.140404e-02 1.052368e+04 1.099656e+04 
6.442424e-02 1.024856e+04 1.039278e+04 
6.744444e-02 1.000273e+04 9.836514e+03 
7.046465e-02 9.755499e+03 9.322470e+03 
7.348485e-02 9.482180e+03 8.846197e+03 
7.650505e-02 9.166033e+03 8.403912e+03 
7.952525e-02 8.799407e+03 7.992358e+03 
8.254545e-02 8.383969e+03 7.608709e+03 
8.556566e-02 7.928127e+03 7.250483e+03 
8.858586e-02 7.444884e+03 6.915493e+03 
9.160606e-02 6.949988e+03 6.601794e+03 
9.462626e-02 6.459836e+03 6.307649e+03 
9.764646e-02 5.990324e+03 6.031502e+03 
1.006667e-01 5.555631e+03 5.771950e+03 
1.036869e-01 5.166966e+03 5.527728e+03 
1.067071e-01 4.831609e+03 5.297689e+03 
1.097273e-01 4.552243e+03 5.080790e+03 
1.127475e-01 4.327888e+03 4.876084e+03 
1.157677e-01 4.153889e+03 4.682704e+03 
1.187879e-01 4.023730e+03 4.499861e+03 
1.218081e-01 3.929299e+03 4.326829e+03 
1.248283e-01 3.861978e+03 4.162945e+03 
1.278485e-01 3.812830e+03 4.007600e+03 
1.308687e-01 3.772987e+03 3.860232e+03 
1.338889e-01 3.733847e+03 3.720325e+03 
1.369091e-01 3.687954e+03 3.587402e+03 
1.399293e-01 3.629086e+03 3.461023e+03 
1.429495e-01 3.553334e+03 3.340782e+03 
1.459697e-01 3.458773e+03 3.226303e+03 
1.489899e-01 3.345828e+03 3.117237e+03 
1.520101e-01 3.216791e+03 3.013260e+03 
1.550303e-01 3.075365e+03 2.914073e+03 
1.580505e-01 2.926301e+03 2.819397e+03 
1.610707e-01 2.774806e+03 2.728973e+03 
1.640909e-01 2.626285e+03 2.642558e+03 
1.671111e-01 2.485634e+03 2.559929e+03 
1.701313e-01 2.356883e+03 2.480874e+03 
1.731515e-01 2.242780e+03 2.405199e+03 
1.761717e-01 2.144953e+03 2.332721e+03 
1.791919e-01 2.063664e+03 2.263267e+03 
1.822121e-01 1.998360e+03 2.196679e+03 
1.852323e-01 1.947582e+03 2.132807e+03 
1.882525e-01 1.909405e+03 2.071509e+03 
1.912727e-01 1.881436e+03 2.012655e+03 
1.942929e-01 1.860955e+03 1.956121e+03 
1.973131e-01 1.845012e+03 1.901790e+03 
2.003333e-01 1.830647e+03 1.849554e+03 
2.033535e-01 1.815053e+03 1.799311e+03 
2.063737e-01 1.795886e+03 1.750962e+03 
2.093939e-01 1.771360e+03 1.704419e+03 
2.124141e-01 1.740430e+03 1.659595e+03 
2.154343e-01 1.702757e+03 1.616409e+03 
2.184545e-01 1.658607e+03 1.574785e+03 
2.214747e-01 1.608900e+03 1.534651e+03 
2.244949e-01 1.554931e+03 1.495940e+03 
2.275152e-01 1.498358e+03 1.458588e+03 
2.305354e-01 1.440940e+03 1.422533e+03 
2.335556e-01 1.384466e+03 1.387718e+03 
2.365758e-01 1.330515e+03 1.354089e+03 
2.395960e-01 1.280437e+03 1.321595e+03 
2.426162e-01 1.235171e+03 1.290186e+03 
2.456364e-01 1.195358e+03 1.259817e+03 
2.486566e-01 1.161234e+03 1.230443e+03 
2.516768e-01 1.132758e+03 1.202024e+03 
2.546970e-01 1.109560e+03 1.174519e+03 
2.577172e-01 1.091008e+03 1.147891e+03 
2.607374e-01 1.076251e+03 1.122104e+03 
2.637576e-01 1.064254e+03 1.097125e+03 
2.667778e-01 1.053917e+03 1.072921e+03 
2.697980e-01 1.044177e+03 1.049461e+03 
2.728182e-01 1.034074e+03 1.026717e+03 
2.758384e-01 1.022826e+03 1.004660e+03 
2.788586e-01 1.009855e+03 9.832644e+02 
2.818788e-01 9.947737e+02 9.625041e+02 
2.848990e-01 9.774187e+02 9.423552e+02 
2.879192e-01 9.577889e+02 9.227949e+02 
2.909394e-01 9.361121e+02 9.038011e+02 
2.939596e-01 9.127638e+02 8.853529e+02 
2.969798e-01 8.882879e+02 8.674302e+02 
3.000000e-01 8.633045e+02 8.500140e+02 
