1.000000e-03 3.274984e+03 3.274981e+03 
4.020202e-03 1.100951e+04 1.109627e+04 
7.040404e-03 1.612529e+04 1.623514e+04 
1.006061e-02 1.929648e+04 1.939686e+04 
1.308081e-02 2.102915e+04 2.111175e+04 
1.610101e-02 2.169431e+04 2.172452e+04 
1.912121e-02 2.158036e+04 2.151767e+04 
2.214141e-02 2.092433e+04 2.078066e+04 
2.516162e-02 1.992204e+04 1.977861e+04 
2.818182e-02 1.873264e+04 1.869733e+04 
3.120202e-02 1.748135e+04 1.763578e+04 
3.422222e-02 1.625930e+04 1.663386e+04 
3.724242e-02 1.512698e+04 1.570176e+04 
4.026263e-02 1.411961e+04 1.483772e+04 
4.328283e-02 1.325029e+04 1.403634e+04 
4.630303e-02 1.251117e+04 1.329174e+04 
4.932323e-02 1.189769e+04 1.259859e+04 
5.234343e-02 1.139189e+04 1.195226e+04 
5.536364e-02 1.095523e+04 1.134875e+04 
5.838384e-02 1.056691e+04 1.078457e+04 
6.140404e-02 1.020736e+04 1.025662e+04 
6.442424e-02 9.852952e+03 9.762151e+03 
6.744444e-02 9.489107e+03 9.298652e+03 
7.046465e-02 9.106929e+03 8.863843e+03 
7.348485e-02 8.702678e+03 8.455640e+03 
7.650505e-02 8.279633e+03 8.072124e+03 
7.952525e-02 7.845721e+03 7.711534e+03 
8.254545e-02 7.411480e+03 7.372245e+03 
8.556566e-02 6.987917e+03 7.052760e+03 
8.858586e-02 6.584681e+03 6.751699e+03 
9.160606e-02 6.209767e+03 6.467786e+03 
9.462626e-02 5.869310e+03 6.199846e+03 
9.764646e-02 5.567377e+03 5.946792e+03 
1.006667e-01 5.306337e+03 5.707622e+03 
1.036869e-01 5.085022e+03 5.481409e+03 
1.067071e-01 4.900131e+03 5.267296e+03 
1.097273e-01 4.745458e+03 5.064492e+03 
1.127475e-01 4.613823e+03 4.872263e+03 
1.157677e-01 4.497316e+03 4.689933e+03 
1.187879e-01 4.388932e+03 4.516871e+03 
1.218081e-01 4.282653e+03 4.352498e+03 
1.248283e-01 4.173962e+03 4.196272e+03 
1.278485e-01 4.059444e+03 4.047694e+03 
1.308687e-01 3.937331e+03 3.906299e+03 
1.338889e-01 3.807024e+03 3.771655e+03 
1.369091e-01 3.669808e+03 3.643360e+03 
1.399293e-01 3.527844e+03 3.521043e+03 
1.429495e-01 3.384214e+03 3.404354e+03 
1.459697e-01 3.242108e+03 3.292970e+03 
1.489899e-01 3.104694e+03 3.186590e+03 
1.520101e-01 2.974640e+03 3.084932e+03 
1.550303e-01 2.854182e+03 2.987734e+03 
1.580505e-01 2.744845e+03 2.894749e+03 
1.610707e-01 2.647619e+03 2.805749e+03 
1.640909e-01 2.562532e+03 2.720519e+03 
1.671111e-01 2.488930e+03 2.638858e+03 
1.701313e-01 2.425163e+03 2.560577e+03 
1.731515e-01 2.369252e+03 2.485502e+03 
1.761717e-01 2.318965e+03 2.413466e+03 
1.791919e-01 2.272227e+03 2.344314e+03 
1.822121e-01 2.227140e+03 2.277901e+03 
1.852323e-01 2.182142e+03 2.214089e+03 
1.882525e-01 2.135933e+03 2.152750e+03 
1.912727e-01 2.087674e+03 2.093763e+03 
1.942929e-01 2.036851e+03 2.037013e+03 
1.973131e-01 1.983447e+03 1.982394e+03 
2.003333e-01 1.927843e+03 1.929804e+03 
2.033535e-01 1.870907e+03 1.879148e+03 
2.063737e-01 1.813657e+03 1.830335e+03 
2.093939e-01 1.757191e+03 1.783280e+03 
2.124141e-01 1.702471e+03 1.737905e+03 
2.154343e-01 1.650338e+03 1.694131e+03 
2.184545e-01 1.601412e+03 1.651888e+03 
2.214747e-01 1.556151e+03 1.611108e+03 
2.244949e-01 1.514718e+03 1.571726e+03 
2.275152e-01 1.477095e+03 1.533681e+03 
2.305354e-01 1.443025e+03 1.496916e+03 
2.335556e-01 1.412102e+03 1.461376e+03 
2.365758e-01 1.383775e+03 1.427010e+03 
2.395960e-01 1.357445e+03 1.393767e+03 
2.426162e-01 1.332496e+03 1.361602e+03 
2.456364e-01 1.308364e+03 1.330469e+03 
2.486566e-01 1.284532e+03 1.300327e+03 
2.516768e-01 1.260557e+03 1.271136e+03 
2.546970e-01 1.236095e+03 1.242857e+03 
2.577172e-01 1.210979e+03 1.215453e+03 
2.607374e-01 1.185195e+03 1.188892e+03 
2.637576e-01 1.158911e+03 1.163139e+03 
2.667778e-01 1.132382e+03 1.138163e+03 
2.697980e-01 1.105920e+03 1.113934e+03 
2.728182e-01 1.079836e+03 1.090424e+03 
2.758384e-01 1.054417e+03 1.067606e+03 
2.788586e-01 1.029870e+03 1.045453e+03 
2.818788e-01 1.006366e+03 1.023941e+03 
2.848990e-01 9.840449e+02 1.003047e+03 
2.879192e-01 9.630091e+02 9.827471e+02 
2.909394e-01 9.433046e+02 9.630203e+02 
2.939596e-01 9.248939e+02 9.438459e+02 
2.969798e-01 9.076543e+02 9.252042e+02 
3.000000e-01 8.914136e+02 9.070762e+02 
