1.000000e-03 2.288471e+03 2.288469e+03 
4.020202e-03 7.916031e+03 7.978311e+03 
7.040404e-03 1.178256e+04 1.185580e+04 
1.006061e-02 1.429772e+04 1.434054e+04 
1.308081e-02 1.580414e+04 1.579905e+04 
1.610101e-02 1.655890e+04 1.649102e+04 
1.912121e-02 1.676102e+04 1.662845e+04 
2.214141e-02 1.657011e+04 1.640416e+04 
2.516162e-02 1.611584e+04 1.597437e+04 
2.818182e-02 1.550231e+04 1.544251e+04 
3.120202e-02 1.481049e+04 1.486690e+04 
3.422222e-02 1.409965e+04 1.427800e+04 
3.724242e-02 1.341011e+04 1.369168e+04 
4.026263e-02 1.276760e+04 1.311664e+04 
4.328283e-02 1.217935e+04 1.255790e+04 
4.630303e-02 1.164528e+04 1.201848e+04 
4.932323e-02 1.117295e+04 1.150012e+04 
5.234343e-02 1.074709e+04 1.100374e+04 
5.536364e-02 1.034562e+04 1.052967e+04 
5.838384e-02 9.961453e+03 1.007783e+04 
6.140404e-02 9.589011e+03 9.647847e+03 
6.442424e-02 9.222093e+03 9.239115e+03 
6.744444e-02 8.854250e+03 8.850909e+03 
7.046465e-02 8.482408e+03 8.482405e+03 
7.348485e-02 8.107724e+03 8.132727e+03 
7.650505e-02 7.735028e+03 7.800975e+03 
7.952525e-02 7.370902e+03 7.486245e+03 
8.254545e-02 7.022582e+03 7.187644e+03 
8.556566e-02 6.695243e+03 6.904300e+03 
8.858586e-02 6.391997e+03 6.635371e+03 
9.160606e-02 6.113688e+03 6.380049e+03 
9.462626e-02 5.860291e+03 6.137563e+03 
9.764646e-02 5.631258e+03 5.907180e+03 
1.006667e-01 5.425567e+03 5.688204e+03 
1.036869e-01 5.241026e+03 5.479980e+03 
1.067071e-01 5.074443e+03 5.281889e+03 
1.097273e-01 4.921437e+03 5.093349e+03 
1.127475e-01 4.776896e+03 4.913812e+03 
1.157677e-01 4.636664e+03 4.742766e+03 
1.187879e-01 4.497372e+03 4.579727e+03 
1.218081e-01 4.357443e+03 4.424243e+03 
1.248283e-01 4.216368e+03 4.275889e+03 
1.278485e-01 4.074770e+03 4.134267e+03 
1.308687e-01 3.933795e+03 3.999006e+03 
1.338889e-01 3.794831e+03 3.869754e+03 
1.369091e-01 3.659345e+03 3.746185e+03 
1.399293e-01 3.528756e+03 3.627990e+03 
1.429495e-01 3.404355e+03 3.514882e+03 
1.459697e-01 3.286988e+03 3.406589e+03 
1.489899e-01 3.177280e+03 3.302858e+03 
1.520101e-01 3.075501e+03 3.203451e+03 
1.550303e-01 2.981691e+03 3.108143e+03 
1.580505e-01 2.895472e+03 3.016723e+03 
1.610707e-01 2.816195e+03 2.928995e+03 
1.640909e-01 2.742763e+03 2.844772e+03 
1.671111e-01 2.673932e+03 2.763880e+03 
1.701313e-01 2.608299e+03 2.686152e+03 
1.731515e-01 2.544656e+03 2.611435e+03 
1.761717e-01 2.482148e+03 2.539582e+03 
1.791919e-01 2.420241e+03 2.470456e+03 
1.822121e-01 2.358803e+03 2.403925e+03 
1.852323e-01 2.297795e+03 2.339869e+03 
1.882525e-01 2.237267e+03 2.278170e+03 
1.912727e-01 2.177354e+03 2.218721e+03 
1.942929e-01 2.118286e+03 2.161417e+03 
1.973131e-01 2.060453e+03 2.106160e+03 
2.003333e-01 2.004375e+03 2.052860e+03 
2.033535e-01 1.950522e+03 2.001427e+03 
2.063737e-01 1.899299e+03 1.951780e+03 
2.093939e-01 1.850844e+03 1.903840e+03 
2.124141e-01 1.805110e+03 1.857533e+03 
2.154343e-01 1.761907e+03 1.812789e+03 
2.184545e-01 1.720972e+03 1.769540e+03 
2.214747e-01 1.682072e+03 1.727723e+03 
2.244949e-01 1.644984e+03 1.687280e+03 
2.275152e-01 1.609456e+03 1.648151e+03 
2.305354e-01 1.575223e+03 1.610283e+03 
2.335556e-01 1.542006e+03 1.573625e+03 
2.365758e-01 1.509541e+03 1.538127e+03 
2.395960e-01 1.477648e+03 1.503743e+03 
2.426162e-01 1.446206e+03 1.470429e+03 
2.456364e-01 1.415206e+03 1.438142e+03 
2.486566e-01 1.384683e+03 1.406841e+03 
2.516768e-01 1.354719e+03 1.376489e+03 
2.546970e-01 1.325390e+03 1.347050e+03 
2.577172e-01 1.296748e+03 1.318487e+03 
2.607374e-01 1.268851e+03 1.290768e+03 
2.637576e-01 1.241780e+03 1.263862e+03 
2.667778e-01 1.215614e+03 1.237737e+03 
2.697980e-01 1.190417e+03 1.212365e+03 
2.728182e-01 1.166215e+03 1.187719e+03 
2.758384e-01 1.142976e+03 1.163771e+03 
2.788586e-01 1.120637e+03 1.140498e+03 
2.818788e-01 1.099100e+03 1.117873e+03 
2.848990e-01 1.078273e+03 1.095875e+03 
2.879192e-01 1.058071e+03 1.074482e+03 
2.909394e-01 1.038422e+03 1.053671e+03 
2.939596e-01 1.019270e+03 1.033423e+03 
2.969798e-01 1.000569e+03 1.013719e+03 
3.000000e-01 9.822831e+02 9.945391e+02 
