1.000000e-03 5.167974e+03 5.167969e+03 
4.020202e-03 1.723862e+04 1.737640e+04 
7.040404e-03 2.506682e+04 2.526251e+04 
1.006061e-02 2.974988e+04 2.999851e+04 
1.308081e-02 3.208863e+04 3.241269e+04 
1.610101e-02 3.267206e+04 3.299748e+04 
1.912121e-02 3.196864e+04 3.214221e+04 
2.214141e-02 3.037348e+04 3.030421e+04 
2.516162e-02 2.822456e+04 2.798620e+04 
2.818182e-02 2.580287e+04 2.559663e+04 
3.120202e-02 2.333132e+04 2.336994e+04 
3.422222e-02 2.097362e+04 2.139255e+04 
3.724242e-02 1.883829e+04 1.966763e+04 
4.026263e-02 1.698763e+04 1.816542e+04 
4.328283e-02 1.543282e+04 1.684946e+04 
4.630303e-02 1.417004e+04 1.568684e+04 
4.932323e-02 1.319366e+04 1.465072e+04 
5.234343e-02 1.244989e+04 1.372004e+04 
5.536364e-02 1.188841e+04 1.287840e+04 
5.838384e-02 1.146645e+04 1.211297e+04 
6.140404e-02 1.113223e+04 1.141356e+04 
6.442424e-02 1.084300e+04 1.077194e+04 
6.744444e-02 1.056320e+04 1.018137e+04 
7.046465e-02 1.026263e+04 9.636254e+03 
7.348485e-02 9.919516e+03 9.131829e+03 
7.650505e-02 9.521788e+03 8.664039e+03 
7.952525e-02 9.067476e+03 8.229374e+03 
8.254545e-02 8.564678e+03 7.824771e+03 
8.556566e-02 8.028600e+03 7.447539e+03 
8.858586e-02 7.478237e+03 7.095295e+03 
9.160606e-02 6.933804e+03 6.765922e+03 
9.462626e-02 6.414171e+03 6.457528e+03 
9.764646e-02 5.935581e+03 6.168416e+03 
1.006667e-01 5.510219e+03 5.897057e+03 
1.036869e-01 5.145241e+03 5.642072e+03 
1.067071e-01 4.843288e+03 5.402214e+03 
1.097273e-01 4.602280e+03 5.176350e+03 
1.127475e-01 4.417276e+03 4.963449e+03 
1.157677e-01 4.280310e+03 4.762575e+03 
1.187879e-01 4.182105e+03 4.572871e+03 
1.218081e-01 4.112290e+03 4.393554e+03 
1.248283e-01 4.060140e+03 4.223907e+03 
1.278485e-01 4.014943e+03 4.063273e+03 
1.308687e-01 3.967035e+03 3.911049e+03 
1.338889e-01 3.908181e+03 3.766678e+03 
1.369091e-01 3.832861e+03 3.629651e+03 
1.399293e-01 3.737929e+03 3.499496e+03 
1.429495e-01 3.622797e+03 3.375778e+03 
1.459697e-01 3.489007e+03 3.258095e+03 
1.489899e-01 3.339661e+03 3.146075e+03 
1.520101e-01 3.179546e+03 3.039374e+03 
1.550303e-01 3.014234e+03 2.937673e+03 
1.580505e-01 2.849937e+03 2.840676e+03 
1.610707e-01 2.692598e+03 2.748107e+03 
1.640909e-01 2.547592e+03 2.659710e+03 
1.671111e-01 2.418524e+03 2.575248e+03 
1.701313e-01 2.307592e+03 2.494499e+03 
1.731515e-01 2.215048e+03 2.417257e+03 
1.761717e-01 2.140201e+03 2.343327e+03 
1.791919e-01 2.081479e+03 2.272531e+03 
1.822121e-01 2.036802e+03 2.204699e+03 
1.852323e-01 2.003658e+03 2.139675e+03 
1.882525e-01 1.979107e+03 2.077311e+03 
1.912727e-01 1.959949e+03 2.017468e+03 
1.942929e-01 1.942734e+03 1.960018e+03 
1.973131e-01 1.924203e+03 1.904839e+03 
2.003333e-01 1.901540e+03 1.851817e+03 
2.033535e-01 1.872841e+03 1.800845e+03 
2.063737e-01 1.837050e+03 1.751821e+03 
2.093939e-01 1.794115e+03 1.704653e+03 
2.124141e-01 1.744570e+03 1.659249e+03 
2.154343e-01 1.689543e+03 1.615527e+03 
2.184545e-01 1.630484e+03 1.573406e+03 
2.214747e-01 1.569160e+03 1.532813e+03 
2.244949e-01 1.507474e+03 1.493677e+03 
2.275152e-01 1.447358e+03 1.455931e+03 
2.305354e-01 1.390510e+03 1.419512e+03 
2.335556e-01 1.338354e+03 1.384361e+03 
2.365758e-01 1.291841e+03 1.350422e+03 
2.395960e-01 1.251479e+03 1.317642e+03 
2.426162e-01 1.217303e+03 1.285970e+03 
2.456364e-01 1.188989e+03 1.255358e+03 
2.486566e-01 1.165961e+03 1.225761e+03 
2.516768e-01 1.147373e+03 1.197136e+03 
2.546970e-01 1.132229e+03 1.169443e+03 
2.577172e-01 1.119378e+03 1.142642e+03 
2.607374e-01 1.107666e+03 1.116698e+03 
2.637576e-01 1.095972e+03 1.091574e+03 
2.667778e-01 1.083350e+03 1.067239e+03 
2.697980e-01 1.069024e+03 1.043660e+03 
2.728182e-01 1.052550e+03 1.020808e+03 
2.758384e-01 1.033707e+03 9.986535e+02 
2.788586e-01 1.012549e+03 9.771697e+02 
2.818788e-01 9.893129e+02 9.563306e+02 
2.848990e-01 9.643934e+02 9.361116e+02 
2.879192e-01 9.383357e+02 9.164890e+02 
2.909394e-01 9.117613e+02 8.974404e+02 
2.939596e-01 8.853380e+02 8.789443e+02 
2.969798e-01 8.597021e+02 8.609802e+02 
3.000000e-01 8.354202e+02 8.435286e+02 
