1.000000e-03 3.536358e+03 3.536355e+03 
4.020202e-03 1.212075e+04 1.221652e+04 
7.040404e-03 1.796135e+04 1.809619e+04 
1.006061e-02 2.167476e+04 2.183023e+04 
1.308081e-02 2.375830e+04 2.394241e+04 
1.610101e-02 2.459274e+04 2.476411e+04 
1.912121e-02 2.448529e+04 2.455925e+04 
2.214141e-02 2.370016e+04 2.362762e+04 
2.516162e-02 2.246446e+04 2.229558e+04 
2.818182e-02 2.097049e+04 2.083400e+04 
3.120202e-02 1.937583e+04 1.940847e+04 
3.422222e-02 1.780018e+04 1.809191e+04 
3.724242e-02 1.632765e+04 1.690205e+04 
4.026263e-02 1.501231e+04 1.583205e+04 
4.328283e-02 1.387691e+04 1.486735e+04 
4.630303e-02 1.292035e+04 1.399299e+04 
4.932323e-02 1.214734e+04 1.319597e+04 
5.234343e-02 1.153705e+04 1.246564e+04 
5.536364e-02 1.104947e+04 1.179345e+04 
5.838384e-02 1.065432e+04 1.117250e+04 
6.140404e-02 1.032436e+04 1.059713e+04 
6.442424e-02 1.003193e+04 1.006266e+04 
6.744444e-02 9.748230e+03 9.565106e+03 
7.046465e-02 9.451660e+03 9.101081e+03 
7.348485e-02 9.127438e+03 8.667629e+03 
7.650505e-02 8.767525e+03 8.262153e+03 
7.952525e-02 8.371909e+03 7.882352e+03 
8.254545e-02 7.946917e+03 7.526173e+03 
8.556566e-02 7.503355e+03 7.191769e+03 
8.858586e-02 7.053914e+03 6.877476e+03 
9.160606e-02 6.611429e+03 6.581785e+03 
9.462626e-02 6.187961e+03 6.303325e+03 
9.764646e-02 5.794174e+03 6.040848e+03 
1.006667e-01 5.438783e+03 5.793213e+03 
1.036869e-01 5.128177e+03 5.559377e+03 
1.067071e-01 4.864867e+03 5.338385e+03 
1.097273e-01 4.648341e+03 5.129359e+03 
1.127475e-01 4.474548e+03 4.931492e+03 
1.157677e-01 4.337578e+03 4.744043e+03 
1.187879e-01 4.229670e+03 4.566329e+03 
1.218081e-01 4.142774e+03 4.397718e+03 
1.248283e-01 4.068976e+03 4.237628e+03 
1.278485e-01 4.000917e+03 4.085521e+03 
1.308687e-01 3.931886e+03 3.940901e+03 
1.338889e-01 3.856415e+03 3.803304e+03 
1.369091e-01 3.770157e+03 3.672305e+03 
1.399293e-01 3.670932e+03 3.547506e+03 
1.429495e-01 3.558027e+03 3.428539e+03 
1.459697e-01 3.432822e+03 3.315063e+03 
1.489899e-01 3.297836e+03 3.206758e+03 
1.520101e-01 3.156739e+03 3.103329e+03 
1.550303e-01 3.013534e+03 3.004499e+03 
1.580505e-01 2.872380e+03 2.910011e+03 
1.610707e-01 2.737169e+03 2.819624e+03 
1.640909e-01 2.611429e+03 2.733115e+03 
1.671111e-01 2.497740e+03 2.650273e+03 
1.701313e-01 2.397858e+03 2.570901e+03 
1.731515e-01 2.312267e+03 2.494818e+03 
1.761717e-01 2.240595e+03 2.421850e+03 
1.791919e-01 2.181606e+03 2.351836e+03 
1.822121e-01 2.133498e+03 2.284624e+03 
1.852323e-01 2.094094e+03 2.220074e+03 
1.882525e-01 2.061053e+03 2.158052e+03 
1.912727e-01 2.031973e+03 2.098432e+03 
1.942929e-01 2.004455e+03 2.041096e+03 
1.973131e-01 1.976284e+03 1.985934e+03 
2.003333e-01 1.945586e+03 1.932841e+03 
2.033535e-01 1.910987e+03 1.881718e+03 
2.063737e-01 1.871650e+03 1.832473e+03 
2.093939e-01 1.827480e+03 1.785019e+03 
2.124141e-01 1.778887e+03 1.739272e+03 
2.154343e-01 1.726774e+03 1.695155e+03 
2.184545e-01 1.672269e+03 1.652594e+03 
2.214747e-01 1.616691e+03 1.611518e+03 
2.244949e-01 1.561396e+03 1.571863e+03 
2.275152e-01 1.507736e+03 1.533566e+03 
2.305354e-01 1.456870e+03 1.496567e+03 
2.335556e-01 1.409752e+03 1.460811e+03 
2.365758e-01 1.367000e+03 1.426244e+03 
2.395960e-01 1.328979e+03 1.392817e+03 
2.426162e-01 1.295663e+03 1.360480e+03 
2.456364e-01 1.266820e+03 1.329190e+03 
2.486566e-01 1.241990e+03 1.298903e+03 
2.516768e-01 1.220568e+03 1.269577e+03 
2.546970e-01 1.201806e+03 1.241174e+03 
2.577172e-01 1.184881e+03 1.213658e+03 
2.607374e-01 1.168929e+03 1.186992e+03 
2.637576e-01 1.153127e+03 1.161143e+03 
2.667778e-01 1.136734e+03 1.136079e+03 
2.697980e-01 1.119232e+03 1.111770e+03 
2.728182e-01 1.100285e+03 1.088187e+03 
2.758384e-01 1.079819e+03 1.065302e+03 
2.788586e-01 1.057905e+03 1.043089e+03 
2.818788e-01 1.034754e+03 1.021522e+03 
2.848990e-01 1.010674e+03 1.000578e+03 
2.879192e-01 9.860351e+02 9.802340e+02 
2.909394e-01 9.612478e+02 9.604672e+02 
2.939596e-01 9.367422e+02 9.412572e+02 
2.969798e-01 9.129652e+02 9.225838e+02 
3.000000e-01 8.903131e+02 9.044280e+02 
