1.000000e-03 2.509426e+03 2.509423e+03 
4.020202e-03 8.362106e+03 8.430095e+03 
7.040404e-03 1.220228e+04 1.227586e+04 
1.006061e-02 1.460465e+04 1.463111e+04 
1.308081e-02 1.598670e+04 1.594354e+04 
1.610101e-02 1.664014e+04 1.651967e+04 
1.912121e-02 1.677757e+04 1.659248e+04 
2.214141e-02 1.655914e+04 1.634898e+04 
2.516162e-02 1.610827e+04 1.592459e+04 
2.818182e-02 1.551930e+04 1.540418e+04 
3.120202e-02 1.486226e+04 1.483662e+04 
3.422222e-02 1.418679e+04 1.424982e+04 
3.724242e-02 1.352530e+04 1.366038e+04 
4.026263e-02 1.289806e+04 1.307861e+04 
4.328283e-02 1.230820e+04 1.251107e+04 
4.630303e-02 1.175813e+04 1.196193e+04 
4.932323e-02 1.125640e+04 1.143374e+04 
5.234343e-02 1.078687e+04 1.092792e+04 
5.536364e-02 1.033416e+04 1.044510e+04 
5.838384e-02 9.899072e+03 9.985338e+03 
6.140404e-02 9.479561e+03 9.548318e+03 
6.442424e-02 9.070441e+03 9.133450e+03 
6.744444e-02 8.670192e+03 8.739967e+03 
7.046465e-02 8.279385e+03 8.366993e+03 
7.348485e-02 7.900374e+03 8.013589e+03 
7.650505e-02 7.536667e+03 7.678788e+03 
7.952525e-02 7.192560e+03 7.361618e+03 
8.254545e-02 6.870661e+03 7.061123e+03 
8.556566e-02 6.572104e+03 6.776370e+03 
8.858586e-02 6.295981e+03 6.506463e+03 
9.160606e-02 6.040895e+03 6.250542e+03 
9.462626e-02 5.805381e+03 6.007790e+03 
9.764646e-02 5.588041e+03 5.777432e+03 
1.006667e-01 5.387338e+03 5.558737e+03 
1.036869e-01 5.200782e+03 5.351016e+03 
1.067071e-01 5.025296e+03 5.153619e+03 
1.097273e-01 4.857250e+03 4.965940e+03 
1.127475e-01 4.694052e+03 4.787407e+03 
1.157677e-01 4.534173e+03 4.617485e+03 
1.187879e-01 4.377036e+03 4.455675e+03 
1.218081e-01 4.223235e+03 4.301507e+03 
1.248283e-01 4.073495e+03 4.154542e+03 
1.278485e-01 3.928626e+03 4.014371e+03 
1.308687e-01 3.789413e+03 3.880609e+03 
1.338889e-01 3.656539e+03 3.752897e+03 
1.369091e-01 3.530579e+03 3.630898e+03 
1.399293e-01 3.411770e+03 3.514297e+03 
1.429495e-01 3.300188e+03 3.402799e+03 
1.459697e-01 3.195464e+03 3.296128e+03 
1.489899e-01 3.097080e+03 3.194025e+03 
1.520101e-01 3.004467e+03 3.096246e+03 
1.550303e-01 2.917032e+03 3.002565e+03 
1.580505e-01 2.834152e+03 2.912766e+03 
1.610707e-01 2.755179e+03 2.826650e+03 
1.640909e-01 2.679418e+03 2.744027e+03 
1.671111e-01 2.606137e+03 2.664721e+03 
1.701313e-01 2.534814e+03 2.588566e+03 
1.731515e-01 2.465202e+03 2.515403e+03 
1.761717e-01 2.397207e+03 2.445086e+03 
1.791919e-01 2.330977e+03 2.377476e+03 
1.822121e-01 2.266662e+03 2.312441e+03 
1.852323e-01 2.204365e+03 2.249859e+03 
1.882525e-01 2.144180e+03 2.189614e+03 
1.912727e-01 2.086192e+03 2.131595e+03 
1.942929e-01 2.030485e+03 2.075698e+03 
1.973131e-01 1.977127e+03 2.021826e+03 
2.003333e-01 1.926168e+03 1.969887e+03 
2.033535e-01 1.877526e+03 1.919792e+03 
2.063737e-01 1.831056e+03 1.871460e+03 
2.093939e-01 1.786552e+03 1.824811e+03 
2.124141e-01 1.743777e+03 1.779772e+03 
2.154343e-01 1.702547e+03 1.736273e+03 
2.184545e-01 1.662730e+03 1.694246e+03 
2.214747e-01 1.624197e+03 1.653629e+03 
2.244949e-01 1.586816e+03 1.614362e+03 
2.275152e-01 1.550476e+03 1.576387e+03 
2.305354e-01 1.515100e+03 1.539652e+03 
2.335556e-01 1.480640e+03 1.504105e+03 
2.365758e-01 1.447117e+03 1.469696e+03 
2.395960e-01 1.414559e+03 1.436381e+03 
2.426162e-01 1.382986e+03 1.404114e+03 
2.456364e-01 1.352406e+03 1.372854e+03 
2.486566e-01 1.322769e+03 1.342561e+03 
2.516768e-01 1.294014e+03 1.313197e+03 
2.546970e-01 1.266131e+03 1.284725e+03 
2.577172e-01 1.239136e+03 1.257112e+03 
2.607374e-01 1.213035e+03 1.230324e+03 
2.637576e-01 1.187824e+03 1.204330e+03 
2.667778e-01 1.163459e+03 1.179101e+03 
2.697980e-01 1.139860e+03 1.154606e+03 
2.728182e-01 1.116950e+03 1.130820e+03 
2.758384e-01 1.094660e+03 1.107716e+03 
2.788586e-01 1.072942e+03 1.085269e+03 
2.818788e-01 1.051789e+03 1.063456e+03 
2.848990e-01 1.031200e+03 1.042253e+03 
2.879192e-01 1.011167e+03 1.021639e+03 
2.909394e-01 9.916769e+02 1.001593e+03 
2.939596e-01 9.726970e+02 9.820951e+02 
2.969798e-01 9.541927e+02 9.631262e+02 
3.000000e-01 9.361482e+02 9.446680e+02 
