1.000000e-03 4.198794e+03 4.198791e+03 
4.020202e-03 1.386738e+04 1.397833e+04 
7.040404e-03 2.003799e+04 2.017879e+04 
1.006061e-02 2.369324e+04 2.383179e+04 
1.308081e-02 2.552891e+04 2.565936e+04 
1.610101e-02 2.604006e+04 2.611287e+04 
1.912121e-02 2.560545e+04 2.555807e+04 
2.214141e-02 2.453176e+04 2.437323e+04 
2.516162e-02 2.306949e+04 2.290557e+04 
2.818182e-02 2.142126e+04 2.139431e+04 
3.120202e-02 1.974146e+04 1.996001e+04 
3.422222e-02 1.814060e+04 1.864394e+04 
3.724242e-02 1.668869e+04 1.744907e+04 
4.026263e-02 1.542370e+04 1.636465e+04 
4.328283e-02 1.435407e+04 1.537710e+04 
4.630303e-02 1.346581e+04 1.447393e+04 
4.932323e-02 1.274988e+04 1.364462e+04 
5.234343e-02 1.217643e+04 1.288052e+04 
5.536364e-02 1.169903e+04 1.217451e+04 
5.838384e-02 1.128360e+04 1.152065e+04 
6.140404e-02 1.089998e+04 1.091387e+04 
6.442424e-02 1.052243e+04 1.034982e+04 
6.744444e-02 1.013296e+04 9.824706e+03 
7.046465e-02 9.719341e+03 9.335170e+03 
7.348485e-02 9.276022e+03 8.878225e+03 
7.650505e-02 8.805143e+03 8.451196e+03 
7.952525e-02 8.315289e+03 8.051676e+03 
8.254545e-02 7.819191e+03 7.677490e+03 
8.556566e-02 7.331653e+03 7.326667e+03 
8.858586e-02 6.866336e+03 6.997416e+03 
9.160606e-02 6.434748e+03 6.688109e+03 
9.462626e-02 6.045614e+03 6.397260e+03 
9.764646e-02 5.704286e+03 6.123513e+03 
1.006667e-01 5.412994e+03 5.865629e+03 
1.036869e-01 5.170287e+03 5.622471e+03 
1.067071e-01 4.971640e+03 5.393002e+03 
1.097273e-01 4.810199e+03 5.176266e+03 
1.127475e-01 4.677571e+03 4.971387e+03 
1.157677e-01 4.564822e+03 4.777560e+03 
1.187879e-01 4.463243e+03 4.594043e+03 
1.218081e-01 4.364847e+03 4.420154e+03 
1.248283e-01 4.262954e+03 4.255264e+03 
1.278485e-01 4.152697e+03 4.098791e+03 
1.308687e-01 4.031195e+03 3.950198e+03 
1.338889e-01 3.898076e+03 3.808990e+03 
1.369091e-01 3.754697e+03 3.674706e+03 
1.399293e-01 3.603960e+03 3.546922e+03 
1.429495e-01 3.449323e+03 3.425243e+03 
1.459697e-01 3.294427e+03 3.309304e+03 
1.489899e-01 3.142970e+03 3.198763e+03 
1.520101e-01 2.998662e+03 3.093305e+03 
1.550303e-01 2.864765e+03 2.992636e+03 
1.580505e-01 2.744003e+03 2.896483e+03 
1.610707e-01 2.637843e+03 2.804590e+03 
1.640909e-01 2.546762e+03 2.716719e+03 
1.671111e-01 2.469598e+03 2.632648e+03 
1.701313e-01 2.404479e+03 2.552171e+03 
1.731515e-01 2.348885e+03 2.475092e+03 
1.761717e-01 2.300317e+03 2.401232e+03 
1.791919e-01 2.256409e+03 2.330419e+03 
1.822121e-01 2.215001e+03 2.262496e+03 
1.852323e-01 2.174097e+03 2.197312e+03 
1.882525e-01 2.131870e+03 2.134728e+03 
1.912727e-01 2.086762e+03 2.074613e+03 
1.942929e-01 2.037839e+03 2.016844e+03 
1.973131e-01 1.984825e+03 1.961303e+03 
2.003333e-01 1.928337e+03 1.907884e+03 
2.033535e-01 1.869404e+03 1.856482e+03 
2.063737e-01 1.809358e+03 1.807001e+03 
2.093939e-01 1.749530e+03 1.759350e+03 
2.124141e-01 1.691180e+03 1.713443e+03 
2.154343e-01 1.635276e+03 1.669200e+03 
2.184545e-01 1.582643e+03 1.626543e+03 
2.214747e-01 1.533954e+03 1.585400e+03 
2.244949e-01 1.489675e+03 1.545703e+03 
2.275152e-01 1.450005e+03 1.507387e+03 
2.305354e-01 1.414782e+03 1.470392e+03 
2.335556e-01 1.383558e+03 1.434659e+03 
2.365758e-01 1.355657e+03 1.400134e+03 
2.395960e-01 1.330313e+03 1.366764e+03 
2.426162e-01 1.306751e+03 1.334501e+03 
2.456364e-01 1.284230e+03 1.303297e+03 
2.486566e-01 1.262076e+03 1.273109e+03 
2.516768e-01 1.239710e+03 1.243894e+03 
2.546970e-01 1.216667e+03 1.215612e+03 
2.577172e-01 1.192672e+03 1.188226e+03 
2.607374e-01 1.167607e+03 1.161699e+03 
2.637576e-01 1.141607e+03 1.135997e+03 
2.667778e-01 1.114929e+03 1.111088e+03 
2.697980e-01 1.087952e+03 1.086939e+03 
2.728182e-01 1.061069e+03 1.063521e+03 
2.758384e-01 1.034654e+03 1.040807e+03 
2.788586e-01 1.009027e+03 1.018769e+03 
2.818788e-01 9.844502e+02 9.973812e+02 
2.848990e-01 9.611468e+02 9.766196e+02 
2.879192e-01 9.392949e+02 9.564606e+02 
2.909394e-01 9.189764e+02 9.368820e+02 
2.939596e-01 9.001982e+02 9.178622e+02 
2.969798e-01 8.828587e+02 8.993811e+02 
3.000000e-01 8.667854e+02 8.814191e+02 
