1.000000e-03 5.109873e+03 5.109869e+03 
4.020202e-03 1.708306e+04 1.721880e+04 
7.040404e-03 2.497098e+04 2.516886e+04 
1.006061e-02 2.979239e+04 3.005158e+04 
1.308081e-02 3.229644e+04 3.264635e+04 
1.610101e-02 3.303847e+04 3.341356e+04 
1.912121e-02 3.246776e+04 3.270685e+04 
2.214141e-02 3.096859e+04 3.094879e+04 
2.516162e-02 2.887197e+04 2.863191e+04 
2.818182e-02 2.646064e+04 2.618530e+04 
3.120202e-02 2.396166e+04 2.387556e+04 
3.422222e-02 2.154685e+04 2.181375e+04 
3.724242e-02 1.933316e+04 2.001528e+04 
4.026263e-02 1.739206e+04 1.845380e+04 
4.328283e-02 1.574422e+04 1.709195e+04 
4.630303e-02 1.439141e+04 1.589438e+04 
4.932323e-02 1.333123e+04 1.483176e+04 
5.234343e-02 1.251879e+04 1.388089e+04 
5.536364e-02 1.190436e+04 1.302370e+04 
5.838384e-02 1.144397e+04 1.224611e+04 
6.140404e-02 1.109451e+04 1.153701e+04 
6.442424e-02 1.081095e+04 1.088752e+04 
6.744444e-02 1.055228e+04 1.029044e+04 
7.046465e-02 1.028555e+04 9.739799e+03 
7.348485e-02 9.985066e+03 9.230606e+03 
7.650505e-02 9.634166e+03 8.758624e+03 
7.952525e-02 9.226016e+03 8.320209e+03 
8.254545e-02 8.763924e+03 7.912206e+03 
8.556566e-02 8.258852e+03 7.531850e+03 
8.858586e-02 7.726633e+03 7.176710e+03 
9.160606e-02 7.185843e+03 6.844627e+03 
9.462626e-02 6.655647e+03 6.533680e+03 
9.764646e-02 6.153864e+03 6.242151e+03 
1.006667e-01 5.695612e+03 5.968493e+03 
1.036869e-01 5.291641e+03 5.711315e+03 
1.067071e-01 4.948435e+03 5.469359e+03 
1.097273e-01 4.667019e+03 5.241482e+03 
1.127475e-01 4.444979e+03 5.026650e+03 
1.157677e-01 4.276149e+03 4.823919e+03 
1.187879e-01 4.152773e+03 4.632427e+03 
1.218081e-01 4.065783e+03 4.451388e+03 
1.248283e-01 4.005414e+03 4.280081e+03 
1.278485e-01 3.961514e+03 4.117847e+03 
1.308687e-01 3.924043e+03 3.964079e+03 
1.338889e-01 3.883615e+03 3.818219e+03 
1.369091e-01 3.832332e+03 3.679754e+03 
1.399293e-01 3.764397e+03 3.548210e+03 
1.429495e-01 3.676420e+03 3.423152e+03 
1.459697e-01 3.567730e+03 3.304174e+03 
1.489899e-01 3.439585e+03 3.190903e+03 
1.520101e-01 3.295259e+03 3.082994e+03 
1.550303e-01 3.139187e+03 2.980125e+03 
1.580505e-01 2.977036e+03 2.881999e+03 
1.610707e-01 2.814775e+03 2.788340e+03 
1.640909e-01 2.658393e+03 2.698889e+03 
1.671111e-01 2.512945e+03 2.613408e+03 
1.701313e-01 2.382501e+03 2.531673e+03 
1.731515e-01 2.269286e+03 2.453477e+03 
1.761717e-01 2.174288e+03 2.378625e+03 
1.791919e-01 2.097116e+03 2.306937e+03 
1.822121e-01 2.036554e+03 2.238242e+03 
1.852323e-01 1.990750e+03 2.172382e+03 
1.882525e-01 1.957293e+03 2.109209e+03 
1.912727e-01 1.933430e+03 2.048584e+03 
1.942929e-01 1.916026e+03 1.990376e+03 
1.973131e-01 1.901825e+03 1.934463e+03 
2.003333e-01 1.887525e+03 1.880730e+03 
2.033535e-01 1.870274e+03 1.829069e+03 
2.063737e-01 1.847699e+03 1.779379e+03 
2.093939e-01 1.818390e+03 1.731563e+03 
2.124141e-01 1.781629e+03 1.685533e+03 
2.154343e-01 1.737588e+03 1.641202e+03 
2.184545e-01 1.687044e+03 1.598493e+03 
2.214747e-01 1.631316e+03 1.557328e+03 
2.244949e-01 1.572070e+03 1.517638e+03 
2.275152e-01 1.511162e+03 1.479354e+03 
2.305354e-01 1.450548e+03 1.442413e+03 
2.335556e-01 1.392071e+03 1.406756e+03 
2.365758e-01 1.337318e+03 1.372326e+03 
2.395960e-01 1.287511e+03 1.339068e+03 
2.426162e-01 1.243516e+03 1.306932e+03 
2.456364e-01 1.205710e+03 1.275869e+03 
2.486566e-01 1.174139e+03 1.245835e+03 
2.516768e-01 1.148433e+03 1.216785e+03 
2.546970e-01 1.127954e+03 1.188679e+03 
2.577172e-01 1.111790e+03 1.161477e+03 
2.607374e-01 1.098869e+03 1.135143e+03 
2.637576e-01 1.088031e+03 1.109640e+03 
2.667778e-01 1.078126e+03 1.084936e+03 
2.697980e-01 1.068084e+03 1.060998e+03 
2.728182e-01 1.057003e+03 1.037797e+03 
2.758384e-01 1.044167e+03 1.015302e+03 
2.788586e-01 1.029068e+03 9.934879e+02 
2.818788e-01 1.011463e+03 9.723271e+02 
2.848990e-01 9.913218e+02 9.517948e+02 
2.879192e-01 9.688835e+02 9.318672e+02 
2.909394e-01 9.445546e+02 9.125215e+02 
2.939596e-01 9.189262e+02 8.937361e+02 
2.969798e-01 8.926619e+02 8.754901e+02 
3.000000e-01 8.664651e+02 8.577639e+02 
