1.000000e-03 4.313033e+03 4.313029e+03 
4.020202e-03 1.428747e+04 1.440006e+04 
7.040404e-03 2.081676e+04 2.097249e+04 
1.006061e-02 2.480632e+04 2.498848e+04 
1.308081e-02 2.690156e+04 2.711984e+04 
1.610101e-02 2.757437e+04 2.777520e+04 
1.912121e-02 2.719890e+04 2.727876e+04 
2.214141e-02 2.608873e+04 2.599664e+04 
2.516162e-02 2.451002e+04 2.431607e+04 
2.818182e-02 2.268461e+04 2.254466e+04 
3.120202e-02 2.078923e+04 2.085923e+04 
3.422222e-02 1.895558e+04 1.932927e+04 
3.724242e-02 1.727223e+04 1.796429e+04 
4.026263e-02 1.579286e+04 1.674930e+04 
4.328283e-02 1.453227e+04 1.566318e+04 
4.630303e-02 1.348725e+04 1.468598e+04 
4.932323e-02 1.265855e+04 1.380102e+04 
5.234343e-02 1.200931e+04 1.299490e+04 
5.536364e-02 1.149542e+04 1.225696e+04 
5.838384e-02 1.108319e+04 1.157865e+04 
6.140404e-02 1.073842e+04 1.095304e+04 
6.442424e-02 1.042704e+04 1.037438e+04 
6.744444e-02 1.011860e+04 9.837862e+03 
7.046465e-02 9.790832e+03 9.339381e+03 
7.348485e-02 9.429057e+03 8.875391e+03 
7.650505e-02 9.026678e+03 8.442796e+03 
7.952525e-02 8.585566e+03 8.038871e+03 
8.254545e-02 8.114727e+03 7.661198e+03 
8.556566e-02 7.627148e+03 7.307618e+03 
8.858586e-02 7.137691e+03 6.976196e+03 
9.160606e-02 6.661114e+03 6.665188e+03 
9.462626e-02 6.210819e+03 6.373019e+03 
9.764646e-02 5.798698e+03 6.098262e+03 
1.006667e-01 5.433248e+03 5.839621e+03 
1.036869e-01 5.119905e+03 5.595914e+03 
1.067071e-01 4.859435e+03 5.366064e+03 
1.097273e-01 4.649346e+03 5.149088e+03 
1.127475e-01 4.483986e+03 4.944085e+03 
1.157677e-01 4.355633e+03 4.750229e+03 
1.187879e-01 4.255437e+03 4.566762e+03 
1.218081e-01 4.174533e+03 4.392987e+03 
1.248283e-01 4.104287e+03 4.228264e+03 
1.278485e-01 4.036627e+03 4.072003e+03 
1.308687e-01 3.964473e+03 3.923657e+03 
1.338889e-01 3.882040e+03 3.782725e+03 
1.369091e-01 3.785827e+03 3.648742e+03 
1.399293e-01 3.674211e+03 3.521277e+03 
1.429495e-01 3.548003e+03 3.399932e+03 
1.459697e-01 3.409408e+03 3.284338e+03 
1.489899e-01 3.262185e+03 3.174151e+03 
1.520101e-01 3.110614e+03 3.069053e+03 
1.550303e-01 2.959326e+03 2.968749e+03 
1.580505e-01 2.812808e+03 2.872963e+03 
1.610707e-01 2.675273e+03 2.781437e+03 
1.640909e-01 2.550016e+03 2.693934e+03 
1.671111e-01 2.439478e+03 2.610230e+03 
1.701313e-01 2.344609e+03 2.530117e+03 
1.731515e-01 2.265335e+03 2.453401e+03 
1.761717e-01 2.200435e+03 2.379898e+03 
1.791919e-01 2.148047e+03 2.309440e+03 
1.822121e-01 2.105846e+03 2.241866e+03 
1.852323e-01 2.071285e+03 2.177028e+03 
1.882525e-01 2.041731e+03 2.114784e+03 
1.912727e-01 2.014561e+03 2.055004e+03 
1.942929e-01 1.987276e+03 1.997564e+03 
1.973131e-01 1.957605e+03 1.942348e+03 
2.003333e-01 1.923864e+03 1.889247e+03 
2.033535e-01 1.884958e+03 1.838158e+03 
2.063737e-01 1.840630e+03 1.788984e+03 
2.093939e-01 1.791171e+03 1.741635e+03 
2.124141e-01 1.737541e+03 1.696024e+03 
2.154343e-01 1.680986e+03 1.652070e+03 
2.184545e-01 1.623004e+03 1.609698e+03 
2.214747e-01 1.565105e+03 1.568833e+03 
2.244949e-01 1.508765e+03 1.529410e+03 
2.275152e-01 1.455279e+03 1.491362e+03 
2.305354e-01 1.405752e+03 1.454629e+03 
2.335556e-01 1.360881e+03 1.419153e+03 
2.365758e-01 1.321084e+03 1.384880e+03 
2.395960e-01 1.286433e+03 1.351757e+03 
2.426162e-01 1.256706e+03 1.319735e+03 
2.456364e-01 1.231407e+03 1.288768e+03 
2.486566e-01 1.209845e+03 1.258812e+03 
2.516768e-01 1.191199e+03 1.229824e+03 
2.546970e-01 1.174510e+03 1.201765e+03 
2.577172e-01 1.158811e+03 1.174596e+03 
2.607374e-01 1.143188e+03 1.148283e+03 
2.637576e-01 1.126889e+03 1.122789e+03 
2.667778e-01 1.109352e+03 1.098084e+03 
2.697980e-01 1.090260e+03 1.074136e+03 
2.728182e-01 1.069479e+03 1.050914e+03 
2.758384e-01 1.047092e+03 1.028392e+03 
2.788586e-01 1.023309e+03 1.006542e+03 
2.818788e-01 9.984784e+02 9.853391e+02 
2.848990e-01 9.730205e+02 9.647582e+02 
2.879192e-01 9.474139e+02 9.447763e+02 
2.909394e-01 9.221700e+02 9.253710e+02 
2.939596e-01 8.977987e+02 9.065212e+02 
2.969798e-01 8.747058e+02 8.882066e+02 
3.000000e-01 8.532087e+02 8.704077e+02 
