1.000000e-03 2.916550e+03 2.916548e+03 
4.020202e-03 9.889091e+03 9.966666e+03 
7.040404e-03 1.462260e+04 1.472502e+04 
1.006061e-02 1.765600e+04 1.775360e+04 
1.308081e-02 1.940585e+04 1.949258e+04 
1.610101e-02 2.018337e+04 2.023109e+04 
1.912121e-02 2.023525e+04 2.020268e+04 
2.214141e-02 1.976672e+04 1.965072e+04 
2.516162e-02 1.895057e+04 1.881149e+04 
2.818182e-02 1.793066e+04 1.786355e+04 
3.120202e-02 1.682247e+04 1.691040e+04 
3.422222e-02 1.571346e+04 1.599872e+04 
3.724242e-02 1.466466e+04 1.514382e+04 
4.026263e-02 1.371441e+04 1.434713e+04 
4.328283e-02 1.288199e+04 1.360519e+04 
4.630303e-02 1.216482e+04 1.291337e+04 
4.932323e-02 1.156128e+04 1.226719e+04 
5.234343e-02 1.106391e+04 1.166270e+04 
5.536364e-02 1.064060e+04 1.109647e+04 
5.838384e-02 1.026739e+04 1.056549e+04 
6.140404e-02 9.927736e+03 1.006713e+04 
6.442424e-02 9.604905e+03 9.599003e+03 
6.744444e-02 9.282020e+03 9.158964e+03 
7.046465e-02 8.945513e+03 8.745050e+03 
7.348485e-02 8.588720e+03 8.355454e+03 
7.650505e-02 8.210979e+03 7.988512e+03 
7.952525e-02 7.816657e+03 7.642685e+03 
8.254545e-02 7.414481e+03 7.316547e+03 
8.556566e-02 7.014587e+03 7.008778e+03 
8.858586e-02 6.626614e+03 6.718151e+03 
9.160606e-02 6.258672e+03 6.443532e+03 
9.462626e-02 5.917084e+03 6.183868e+03 
9.764646e-02 5.606687e+03 5.938181e+03 
1.006667e-01 5.331075e+03 5.705566e+03 
1.036869e-01 5.091752e+03 5.485182e+03 
1.067071e-01 4.888360e+03 5.276248e+03 
1.097273e-01 4.717675e+03 5.078042e+03 
1.127475e-01 4.574774e+03 4.889890e+03 
1.157677e-01 4.452962e+03 4.711169e+03 
1.187879e-01 4.345229e+03 4.541299e+03 
1.218081e-01 4.245034e+03 4.379740e+03 
1.248283e-01 4.146776e+03 4.225993e+03 
1.278485e-01 4.046312e+03 4.079589e+03 
1.308687e-01 3.940698e+03 3.940096e+03 
1.338889e-01 3.828212e+03 3.807109e+03 
1.369091e-01 3.708458e+03 3.680252e+03 
1.399293e-01 3.582048e+03 3.559172e+03 
1.429495e-01 3.450687e+03 3.443544e+03 
1.459697e-01 3.316668e+03 3.333060e+03 
1.489899e-01 3.182830e+03 3.227436e+03 
1.520101e-01 3.052067e+03 3.126404e+03 
1.550303e-01 2.927059e+03 3.029714e+03 
1.580505e-01 2.810129e+03 2.937133e+03 
1.610707e-01 2.703079e+03 2.848441e+03 
1.640909e-01 2.607005e+03 2.763435e+03 
1.671111e-01 2.522288e+03 2.681922e+03 
1.701313e-01 2.448432e+03 2.603721e+03 
1.731515e-01 2.384335e+03 2.528663e+03 
1.761717e-01 2.328347e+03 2.456589e+03 
1.791919e-01 2.278613e+03 2.387350e+03 
1.822121e-01 2.233271e+03 2.320806e+03 
1.852323e-01 2.190551e+03 2.256823e+03 
1.882525e-01 2.148880e+03 2.195279e+03 
1.912727e-01 2.106879e+03 2.136054e+03 
1.942929e-01 2.063405e+03 2.079040e+03 
1.973131e-01 2.017676e+03 2.024131e+03 
2.003333e-01 1.969271e+03 1.971230e+03 
2.033535e-01 1.918364e+03 1.920244e+03 
2.063737e-01 1.865507e+03 1.871084e+03 
2.093939e-01 1.811571e+03 1.823669e+03 
2.124141e-01 1.757521e+03 1.777919e+03 
2.154343e-01 1.704307e+03 1.733761e+03 
2.184545e-01 1.652788e+03 1.691124e+03 
2.214747e-01 1.603664e+03 1.649942e+03 
2.244949e-01 1.557488e+03 1.610152e+03 
2.275152e-01 1.514645e+03 1.571695e+03 
2.305354e-01 1.475358e+03 1.534513e+03 
2.335556e-01 1.439699e+03 1.498553e+03 
2.365758e-01 1.407464e+03 1.463764e+03 
2.395960e-01 1.378282e+03 1.430097e+03 
2.426162e-01 1.351605e+03 1.397507e+03 
2.456364e-01 1.326834e+03 1.365949e+03 
2.486566e-01 1.303381e+03 1.335383e+03 
2.516768e-01 1.280703e+03 1.305768e+03 
2.546970e-01 1.258339e+03 1.277067e+03 
2.577172e-01 1.235903e+03 1.249244e+03 
2.607374e-01 1.213084e+03 1.222265e+03 
2.637576e-01 1.189689e+03 1.196097e+03 
2.667778e-01 1.165625e+03 1.170709e+03 
2.697980e-01 1.140958e+03 1.146071e+03 
2.728182e-01 1.115859e+03 1.122156e+03 
2.758384e-01 1.090621e+03 1.098936e+03 
2.788586e-01 1.065568e+03 1.076386e+03 
2.818788e-01 1.040999e+03 1.054480e+03 
2.848990e-01 1.017177e+03 1.033196e+03 
2.879192e-01 9.942992e+02 1.012511e+03 
2.909394e-01 9.725078e+02 9.924030e+02 
2.939596e-01 9.518861e+02 9.728521e+02 
2.969798e-01 9.324774e+02 9.538383e+02 
3.000000e-01 9.142910e+02 9.353429e+02 
