1.000000e-03 3.000693e+03 3.000691e+03 
4.020202e-03 1.019464e+04 1.027365e+04 
7.040404e-03 1.511970e+04 1.522779e+04 
1.006061e-02 1.830117e+04 1.841492e+04 
1.308081e-02 2.014848e+04 2.026705e+04 
1.610101e-02 2.097142e+04 2.106379e+04 
1.912121e-02 2.102183e+04 2.103128e+04 
2.214141e-02 2.051152e+04 2.041743e+04 
2.516162e-02 1.962293e+04 1.947845e+04 
2.818182e-02 1.851103e+04 1.841831e+04 
3.120202e-02 1.730053e+04 1.735939e+04 
3.422222e-02 1.608782e+04 1.635724e+04 
3.724242e-02 1.494092e+04 1.542884e+04 
4.026263e-02 1.390396e+04 1.457389e+04 
4.328283e-02 1.299735e+04 1.378616e+04 
4.630303e-02 1.222065e+04 1.305831e+04 
4.932323e-02 1.157812e+04 1.238362e+04 
5.234343e-02 1.105631e+04 1.175638e+04 
5.536364e-02 1.062258e+04 1.117182e+04 
5.838384e-02 1.025126e+04 1.062595e+04 
6.140404e-02 9.922728e+03 1.011536e+04 
6.442424e-02 9.619182e+03 9.637136e+03 
6.744444e-02 9.319644e+03 9.188684e+03 
7.046465e-02 9.007712e+03 8.767716e+03 
7.348485e-02 8.672813e+03 8.372176e+03 
7.650505e-02 8.310696e+03 8.000199e+03 
7.952525e-02 7.924344e+03 7.650090e+03 
8.254545e-02 7.521617e+03 7.320299e+03 
8.556566e-02 7.113254e+03 7.009404e+03 
8.858586e-02 6.710143e+03 6.716099e+03 
9.160606e-02 6.322145e+03 6.439181e+03 
9.462626e-02 5.957551e+03 6.177541e+03 
9.764646e-02 5.622768e+03 5.930158e+03 
1.006667e-01 5.322865e+03 5.696086e+03 
1.036869e-01 5.061034e+03 5.474452e+03 
1.067071e-01 4.838240e+03 5.264449e+03 
1.097273e-01 4.652975e+03 5.065329e+03 
1.127475e-01 4.501021e+03 4.876401e+03 
1.157677e-01 4.376281e+03 4.697022e+03 
1.187879e-01 4.271580e+03 4.526599e+03 
1.218081e-01 4.179545e+03 4.364579e+03 
1.248283e-01 4.093484e+03 4.210451e+03 
1.278485e-01 4.007588e+03 4.063737e+03 
1.308687e-01 3.917522e+03 3.923997e+03 
1.338889e-01 3.820237e+03 3.790817e+03 
1.369091e-01 3.714078e+03 3.663815e+03 
1.399293e-01 3.598751e+03 3.542634e+03 
1.429495e-01 3.475028e+03 3.426942e+03 
1.459697e-01 3.344908e+03 3.316427e+03 
1.489899e-01 3.211018e+03 3.210801e+03 
1.520101e-01 3.076498e+03 3.109792e+03 
1.550303e-01 2.944591e+03 3.013149e+03 
1.580505e-01 2.818495e+03 2.920634e+03 
1.610707e-01 2.700956e+03 2.832026e+03 
1.640909e-01 2.594105e+03 2.747119e+03 
1.671111e-01 2.499162e+03 2.665718e+03 
1.701313e-01 2.416558e+03 2.587640e+03 
1.731515e-01 2.345673e+03 2.512716e+03 
1.761717e-01 2.285305e+03 2.440785e+03 
1.791919e-01 2.233687e+03 2.371696e+03 
1.822121e-01 2.188907e+03 2.305307e+03 
1.852323e-01 2.149024e+03 2.241486e+03 
1.882525e-01 2.112139e+03 2.180107e+03 
1.912727e-01 2.076425e+03 2.121052e+03 
1.942929e-01 2.040217e+03 2.064210e+03 
1.973131e-01 2.002039e+03 2.009476e+03 
2.003333e-01 1.960891e+03 1.956752e+03 
2.033535e-01 1.916178e+03 1.905943e+03 
2.063737e-01 1.868048e+03 1.856962e+03 
2.093939e-01 1.817033e+03 1.809726e+03 
2.124141e-01 1.764101e+03 1.764156e+03 
2.154343e-01 1.710317e+03 1.720177e+03 
2.184545e-01 1.656791e+03 1.677718e+03 
2.214747e-01 1.604520e+03 1.636714e+03 
2.244949e-01 1.554393e+03 1.597101e+03 
2.275152e-01 1.507144e+03 1.558820e+03 
2.305354e-01 1.463379e+03 1.521812e+03 
2.335556e-01 1.423475e+03 1.486025e+03 
2.365758e-01 1.387623e+03 1.451407e+03 
2.395960e-01 1.355710e+03 1.417911e+03 
2.426162e-01 1.327414e+03 1.385489e+03 
2.456364e-01 1.302176e+03 1.354097e+03 
2.486566e-01 1.279353e+03 1.323695e+03 
2.516768e-01 1.258254e+03 1.294242e+03 
2.546970e-01 1.238216e+03 1.265702e+03 
2.577172e-01 1.218614e+03 1.238037e+03 
2.607374e-01 1.198920e+03 1.211213e+03 
2.637576e-01 1.178692e+03 1.185199e+03 
2.667778e-01 1.157632e+03 1.159963e+03 
2.697980e-01 1.135576e+03 1.135475e+03 
2.728182e-01 1.112523e+03 1.111707e+03 
2.758384e-01 1.088615e+03 1.088632e+03 
2.788586e-01 1.064115e+03 1.066225e+03 
2.818788e-01 1.039360e+03 1.044460e+03 
2.848990e-01 1.014718e+03 1.023315e+03 
2.879192e-01 9.905371e+02 1.002766e+03 
2.909394e-01 9.671323e+02 9.827926e+02 
2.939596e-01 9.447555e+02 9.633738e+02 
2.969798e-01 9.236036e+02 9.444902e+02 
3.000000e-01 9.038033e+02 9.261228e+02 
