1.000000e-03 6.703150e+03 6.703144e+03 
4.020202e-03 2.204554e+04 2.222294e+04 
7.040404e-03 3.193723e+04 3.220419e+04 
1.006061e-02 3.782409e+04 3.820096e+04 
1.308081e-02 4.071137e+04 4.125799e+04 
1.610101e-02 4.133153e+04 4.196494e+04 
1.912121e-02 4.027024e+04 4.075004e+04 
2.214141e-02 3.802889e+04 3.813322e+04 
2.516162e-02 3.504214e+04 3.476012e+04 
2.818182e-02 3.167921e+04 3.123089e+04 
3.120202e-02 2.823886e+04 2.793870e+04 
3.422222e-02 2.494524e+04 2.505212e+04 
3.724242e-02 2.194987e+04 2.259135e+04 
4.026263e-02 1.934261e+04 2.050912e+04 
4.328283e-02 1.714707e+04 1.874024e+04 
4.630303e-02 1.536278e+04 1.722362e+04 
4.932323e-02 1.397778e+04 1.590898e+04 
5.234343e-02 1.293412e+04 1.475710e+04 
5.536364e-02 1.217102e+04 1.373793e+04 
5.838384e-02 1.163099e+04 1.282850e+04 
6.140404e-02 1.125517e+04 1.201111e+04 
6.442424e-02 1.098690e+04 1.127193e+04 
6.744444e-02 1.077559e+04 1.060002e+04 
7.046465e-02 1.057747e+04 9.986557e+03 
7.348485e-02 1.035449e+04 9.424333e+03 
7.650505e-02 1.007759e+04 8.907379e+03 
7.952525e-02 9.728572e+03 8.430681e+03 
8.254545e-02 9.301480e+03 7.989984e+03 
8.556566e-02 8.802521e+03 7.581637e+03 
8.858586e-02 8.246867e+03 7.202486e+03 
9.160606e-02 7.655878e+03 6.849776e+03 
9.462626e-02 7.054137e+03 6.521095e+03 
9.764646e-02 6.465580e+03 6.214312e+03 
1.006667e-01 5.912363e+03 5.927537e+03 
1.036869e-01 5.411383e+03 5.659088e+03 
1.067071e-01 4.974986e+03 5.407458e+03 
1.097273e-01 4.608632e+03 5.171297e+03 
1.127475e-01 4.313590e+03 4.949388e+03 
1.157677e-01 4.086524e+03 4.740634e+03 
1.187879e-01 3.921328e+03 4.544040e+03 
1.218081e-01 3.809675e+03 4.358704e+03 
1.248283e-01 3.741615e+03 4.183807e+03 
1.278485e-01 3.706251e+03 4.018600e+03 
1.308687e-01 3.691802e+03 3.862403e+03 
1.338889e-01 3.686591e+03 3.714591e+03 
1.369091e-01 3.679453e+03 3.574593e+03 
1.399293e-01 3.661022e+03 3.441884e+03 
1.429495e-01 3.623662e+03 3.315985e+03 
1.459697e-01 3.562527e+03 3.196450e+03 
1.489899e-01 3.474907e+03 3.082872e+03 
1.520101e-01 3.360985e+03 2.974875e+03 
1.550303e-01 3.223236e+03 2.872111e+03 
1.580505e-01 3.066349e+03 2.774258e+03 
1.610707e-01 2.897018e+03 2.681019e+03 
1.640909e-01 2.722882e+03 2.592117e+03 
1.671111e-01 2.551547e+03 2.507296e+03 
1.701313e-01 2.389735e+03 2.426319e+03 
1.731515e-01 2.242615e+03 2.348965e+03 
1.761717e-01 2.113519e+03 2.275028e+03 
1.791919e-01 2.004211e+03 2.204315e+03 
1.822121e-01 1.915107e+03 2.136650e+03 
1.852323e-01 1.845802e+03 2.071864e+03 
1.882525e-01 1.795006e+03 2.009803e+03 
1.912727e-01 1.760756e+03 1.950320e+03 
1.942929e-01 1.740363e+03 1.893279e+03 
1.973131e-01 1.730456e+03 1.838554e+03 
2.003333e-01 1.727241e+03 1.786024e+03 
2.033535e-01 1.726775e+03 1.735577e+03 
2.063737e-01 1.725327e+03 1.687109e+03 
2.093939e-01 1.719710e+03 1.640521e+03 
2.124141e-01 1.707465e+03 1.595719e+03 
2.154343e-01 1.686890e+03 1.552618e+03 
2.184545e-01 1.657164e+03 1.511134e+03 
2.214747e-01 1.618127e+03 1.471190e+03 
2.244949e-01 1.570510e+03 1.432714e+03 
2.275152e-01 1.515643e+03 1.395637e+03 
2.305354e-01 1.455518e+03 1.359894e+03 
2.335556e-01 1.392458e+03 1.325424e+03 
2.365758e-01 1.328952e+03 1.292169e+03 
2.395960e-01 1.267289e+03 1.260075e+03 
2.426162e-01 1.209482e+03 1.229090e+03 
2.456364e-01 1.157024e+03 1.199165e+03 
2.486566e-01 1.110970e+03 1.170253e+03 
2.516768e-01 1.071906e+03 1.142312e+03 
2.546970e-01 1.039967e+03 1.115300e+03 
2.577172e-01 1.014948e+03 1.089176e+03 
2.607374e-01 9.962459e+02 1.063905e+03 
2.637576e-01 9.830016e+02 1.039450e+03 
2.667778e-01 9.740701e+02 1.015777e+03 
2.697980e-01 9.681781e+02 9.928559e+02 
2.728182e-01 9.639742e+02 9.706548e+02 
2.758384e-01 9.601667e+02 9.491453e+02 
2.788586e-01 9.555585e+02 9.282997e+02 
2.818788e-01 9.491615e+02 9.080919e+02 
2.848990e-01 9.401950e+02 8.884971e+02 
2.879192e-01 9.281379e+02 8.694914e+02 
2.909394e-01 9.127581e+02 8.510523e+02 
2.939596e-01 8.940719e+02 8.331581e+02 
2.969798e-01 8.724185e+02 8.157883e+02 
3.000000e-01 8.483345e+02 7.989233e+02 
