1.000000e-03 2.995701e+03 2.995698e+03 
4.020202e-03 9.967441e+03 1.004693e+04 
7.040404e-03 1.452077e+04 1.461211e+04 
1.006061e-02 1.733015e+04 1.738658e+04 
1.308081e-02 1.888391e+04 1.888737e+04 
1.610101e-02 1.952860e+04 1.945940e+04 
1.912121e-02 1.952358e+04 1.937664e+04 
2.214141e-02 1.907222e+04 1.888615e+04 
2.516162e-02 1.833681e+04 1.818533e+04 
2.818182e-02 1.744467e+04 1.740064e+04 
3.120202e-02 1.649280e+04 1.659885e+04 
3.422222e-02 1.555036e+04 1.581093e+04 
3.724242e-02 1.466234e+04 1.505029e+04 
4.026263e-02 1.385536e+04 1.432240e+04 
4.328283e-02 1.313122e+04 1.362928e+04 
4.630303e-02 1.249124e+04 1.297133e+04 
4.932323e-02 1.193968e+04 1.234812e+04 
5.234343e-02 1.144729e+04 1.175873e+04 
5.536364e-02 1.099105e+04 1.120197e+04 
5.838384e-02 1.056312e+04 1.067644e+04 
6.140404e-02 1.014919e+04 1.018068e+04 
6.442424e-02 9.737507e+03 9.713128e+03 
6.744444e-02 9.323165e+03 9.272250e+03 
7.046465e-02 8.904123e+03 8.856512e+03 
7.348485e-02 8.481866e+03 8.464422e+03 
7.650505e-02 8.062218e+03 8.094542e+03 
7.952525e-02 7.652593e+03 7.745499e+03 
8.254545e-02 7.260430e+03 7.415985e+03 
8.556566e-02 6.891921e+03 7.104767e+03 
8.858586e-02 6.551000e+03 6.810681e+03 
9.160606e-02 6.239954e+03 6.532637e+03 
9.462626e-02 5.959911e+03 6.269612e+03 
9.764646e-02 5.710841e+03 6.020651e+03 
1.006667e-01 5.491289e+03 5.784863e+03 
1.036869e-01 5.297668e+03 5.561415e+03 
1.067071e-01 5.125329e+03 5.349533e+03 
1.097273e-01 4.968098e+03 5.148495e+03 
1.127475e-01 4.820144e+03 4.957629e+03 
1.157677e-01 4.676633e+03 4.776310e+03 
1.187879e-01 4.534010e+03 4.603954e+03 
1.218081e-01 4.390424e+03 4.440021e+03 
1.248283e-01 4.244998e+03 4.284005e+03 
1.278485e-01 4.097860e+03 4.135436e+03 
1.308687e-01 3.949893e+03 3.993875e+03 
1.338889e-01 3.802661e+03 3.858915e+03 
1.369091e-01 3.658110e+03 3.730174e+03 
1.399293e-01 3.518418e+03 3.607297e+03 
1.429495e-01 3.385359e+03 3.489951e+03 
1.459697e-01 3.260374e+03 3.377829e+03 
1.489899e-01 3.144206e+03 3.270638e+03 
1.520101e-01 3.037204e+03 3.168110e+03 
1.550303e-01 2.939332e+03 3.069991e+03 
1.580505e-01 2.850305e+03 2.976044e+03 
1.610707e-01 2.769330e+03 2.886046e+03 
1.640909e-01 2.695326e+03 2.799790e+03 
1.671111e-01 2.626713e+03 2.717081e+03 
1.701313e-01 2.561849e+03 2.637735e+03 
1.731515e-01 2.499255e+03 2.561581e+03 
1.761717e-01 2.437716e+03 2.488457e+03 
1.791919e-01 2.376564e+03 2.418212e+03 
1.822121e-01 2.315397e+03 2.350703e+03 
1.852323e-01 2.254171e+03 2.285795e+03 
1.882525e-01 2.192957e+03 2.223363e+03 
1.912727e-01 2.131947e+03 2.163287e+03 
1.942929e-01 2.071500e+03 2.105455e+03 
1.973131e-01 2.012162e+03 2.049761e+03 
2.003333e-01 1.954510e+03 1.996105e+03 
2.033535e-01 1.899128e+03 1.944393e+03 
2.063737e-01 1.846434e+03 1.894536e+03 
2.093939e-01 1.796700e+03 1.846450e+03 
2.124141e-01 1.749972e+03 1.800055e+03 
2.154343e-01 1.706152e+03 1.755275e+03 
2.184545e-01 1.665033e+03 1.712040e+03 
2.214747e-01 1.626348e+03 1.670282e+03 
2.244949e-01 1.589758e+03 1.629937e+03 
2.275152e-01 1.554892e+03 1.590945e+03 
2.305354e-01 1.521375e+03 1.553247e+03 
2.335556e-01 1.488858e+03 1.516789e+03 
2.365758e-01 1.457104e+03 1.481520e+03 
2.395960e-01 1.425917e+03 1.447390e+03 
2.426162e-01 1.395162e+03 1.414353e+03 
2.456364e-01 1.364744e+03 1.382364e+03 
2.486566e-01 1.334649e+03 1.351380e+03 
2.516768e-01 1.304903e+03 1.321362e+03 
2.546970e-01 1.275586e+03 1.292272e+03 
2.577172e-01 1.246823e+03 1.264072e+03 
2.607374e-01 1.218799e+03 1.236728e+03 
2.637576e-01 1.191672e+03 1.210208e+03 
2.667778e-01 1.165554e+03 1.184479e+03 
2.697980e-01 1.140495e+03 1.159512e+03 
2.728182e-01 1.116477e+03 1.135277e+03 
2.758384e-01 1.093453e+03 1.111748e+03 
2.788586e-01 1.071351e+03 1.088898e+03 
2.818788e-01 1.050110e+03 1.066702e+03 
2.848990e-01 1.029676e+03 1.045136e+03 
2.879192e-01 1.009971e+03 1.024178e+03 
2.909394e-01 9.909058e+02 1.003806e+03 
2.939596e-01 9.723771e+02 9.839988e+02 
2.969798e-01 9.542829e+02 9.647363e+02 
3.000000e-01 9.365488e+02 9.459995e+02 
