1.000000e-03 3.723411e+03 3.723408e+03 
4.020202e-03 1.240953e+04 1.250719e+04 
7.040404e-03 1.811526e+04 1.824378e+04 
1.006061e-02 2.162181e+04 2.175424e+04 
1.308081e-02 2.349807e+04 2.363224e+04 
1.610101e-02 2.415903e+04 2.425225e+04 
1.912121e-02 2.393155e+04 2.391833e+04 
2.214141e-02 2.308471e+04 2.295601e+04 
2.516162e-02 2.184322e+04 2.168182e+04 
2.818182e-02 2.039300e+04 2.032856e+04 
3.120202e-02 1.888008e+04 1.902292e+04 
3.422222e-02 1.741164e+04 1.781413e+04 
3.724242e-02 1.605911e+04 1.671112e+04 
4.026263e-02 1.486507e+04 1.570684e+04 
4.328283e-02 1.384279e+04 1.479000e+04 
4.630303e-02 1.298474e+04 1.394959e+04 
4.932323e-02 1.229048e+04 1.317615e+04 
5.234343e-02 1.173239e+04 1.246187e+04 
5.536364e-02 1.126816e+04 1.180031e+04 
5.838384e-02 1.087326e+04 1.118614e+04 
6.140404e-02 1.051978e+04 1.061482e+04 
6.442424e-02 1.018012e+04 1.008248e+04 
6.744444e-02 9.833452e+03 9.585733e+03 
7.046465e-02 9.465255e+03 9.121595e+03 
7.348485e-02 9.068077e+03 8.687408e+03 
7.650505e-02 8.641880e+03 8.280790e+03 
7.952525e-02 8.193262e+03 7.899591e+03 
8.254545e-02 7.732901e+03 7.541865e+03 
8.556566e-02 7.273484e+03 7.205843e+03 
8.858586e-02 6.827453e+03 6.889914e+03 
9.160606e-02 6.405783e+03 6.592607e+03 
9.462626e-02 6.017637e+03 6.312576e+03 
9.764646e-02 5.670294e+03 6.048590e+03 
1.006667e-01 5.368175e+03 5.799518e+03 
1.036869e-01 5.112738e+03 5.564324e+03 
1.067071e-01 4.901608e+03 5.342054e+03 
1.097273e-01 4.729877e+03 5.131831e+03 
1.127475e-01 4.590150e+03 4.932848e+03 
1.157677e-01 4.474254e+03 4.744360e+03 
1.187879e-01 4.373870e+03 4.565682e+03 
1.218081e-01 4.281317e+03 4.396179e+03 
1.248283e-01 4.189889e+03 4.235265e+03 
1.278485e-01 4.094180e+03 4.082398e+03 
1.308687e-01 3.990014e+03 3.937077e+03 
1.338889e-01 3.875201e+03 3.798837e+03 
1.369091e-01 3.749001e+03 3.667246e+03 
1.399293e-01 3.612911e+03 3.541906e+03 
1.429495e-01 3.469466e+03 3.422443e+03 
1.459697e-01 3.322239e+03 3.308514e+03 
1.489899e-01 3.175001e+03 3.199795e+03 
1.520101e-01 3.031560e+03 3.095990e+03 
1.550303e-01 2.895274e+03 2.996817e+03 
1.580505e-01 2.769069e+03 2.902018e+03 
1.610707e-01 2.655111e+03 2.811350e+03 
1.640909e-01 2.554865e+03 2.724587e+03 
1.671111e-01 2.468493e+03 2.641516e+03 
1.701313e-01 2.395315e+03 2.561940e+03 
1.731515e-01 2.333659e+03 2.485673e+03 
1.761717e-01 2.281431e+03 2.412541e+03 
1.791919e-01 2.236238e+03 2.342382e+03 
1.822121e-01 2.195708e+03 2.275044e+03 
1.852323e-01 2.157555e+03 2.210382e+03 
1.882525e-01 2.119794e+03 2.148263e+03 
1.912727e-01 2.080671e+03 2.088560e+03 
1.942929e-01 2.038797e+03 2.031154e+03 
1.973131e-01 1.993280e+03 1.975933e+03 
2.003333e-01 1.943856e+03 1.922792e+03 
2.033535e-01 1.890875e+03 1.871631e+03 
2.063737e-01 1.835157e+03 1.822358e+03 
2.093939e-01 1.777821e+03 1.774883e+03 
2.124141e-01 1.720112e+03 1.729124e+03 
2.154343e-01 1.663289e+03 1.685001e+03 
2.184545e-01 1.608515e+03 1.642442e+03 
2.214747e-01 1.556753e+03 1.601374e+03 
2.244949e-01 1.508741e+03 1.561733e+03 
2.275152e-01 1.464975e+03 1.523454e+03 
2.305354e-01 1.425628e+03 1.486479e+03 
2.335556e-01 1.390630e+03 1.450751e+03 
2.365758e-01 1.359628e+03 1.416216e+03 
2.395960e-01 1.332121e+03 1.382824e+03 
2.426162e-01 1.307454e+03 1.350527e+03 
2.456364e-01 1.284915e+03 1.319279e+03 
2.486566e-01 1.263742e+03 1.289037e+03 
2.516768e-01 1.243200e+03 1.259759e+03 
2.546970e-01 1.222601e+03 1.231407e+03 
2.577172e-01 1.201409e+03 1.203942e+03 
2.607374e-01 1.179227e+03 1.177331e+03 
2.637576e-01 1.155936e+03 1.151538e+03 
2.667778e-01 1.131566e+03 1.126532e+03 
2.697980e-01 1.106336e+03 1.102283e+03 
2.728182e-01 1.080536e+03 1.078760e+03 
2.758384e-01 1.054520e+03 1.055937e+03 
2.788586e-01 1.028636e+03 1.033787e+03 
2.818788e-01 1.003228e+03 1.012284e+03 
2.848990e-01 9.786277e+02 9.914041e+02 
2.879192e-01 9.551449e+02 9.711248e+02 
2.909394e-01 9.330154e+02 9.514238e+02 
2.939596e-01 9.124033e+02 9.322800e+02 
2.969798e-01 8.933627e+02 9.136734e+02 
3.000000e-01 8.758436e+02 8.955846e+02 
