1.000000e-03 4.113740e+03 4.113736e+03 
4.020202e-03 1.366098e+04 1.376845e+04 
7.040404e-03 1.986297e+04 2.000485e+04 
1.006061e-02 2.361288e+04 2.376488e+04 
1.308081e-02 2.555370e+04 2.571604e+04 
1.610101e-02 2.615388e+04 2.627376e+04 
1.912121e-02 2.577974e+04 2.577815e+04 
2.214141e-02 2.473492e+04 2.459931e+04 
2.516162e-02 2.327217e+04 2.309771e+04 
2.818182e-02 2.159958e+04 2.153531e+04 
3.120202e-02 1.987902e+04 2.005047e+04 
3.422222e-02 1.822828e+04 1.869294e+04 
3.724242e-02 1.672403e+04 1.746752e+04 
4.026263e-02 1.541032e+04 1.636214e+04 
4.328283e-02 1.429604e+04 1.536110e+04 
4.630303e-02 1.337320e+04 1.444985e+04 
4.932323e-02 1.263969e+04 1.361622e+04 
5.234343e-02 1.205566e+04 1.285037e+04 
5.536364e-02 1.157735e+04 1.214428e+04 
5.838384e-02 1.117751e+04 1.149141e+04 
6.140404e-02 1.082027e+04 1.088628e+04 
6.442424e-02 1.047491e+04 1.032426e+04 
6.744444e-02 1.011943e+04 9.801356e+03 
7.046465e-02 9.737784e+03 9.314081e+03 
7.348485e-02 9.322093e+03 8.859368e+03 
7.650505e-02 8.872439e+03 8.434492e+03 
7.952525e-02 8.396195e+03 8.037012e+03 
8.254545e-02 7.905694e+03 7.664738e+03 
8.556566e-02 7.415224e+03 7.315691e+03 
8.858586e-02 6.939168e+03 6.988079e+03 
9.160606e-02 6.490383e+03 6.680276e+03 
9.462626e-02 6.079413e+03 6.390802e+03 
9.764646e-02 5.714692e+03 6.118307e+03 
1.006667e-01 5.400384e+03 5.861560e+03 
1.036869e-01 5.137634e+03 5.619434e+03 
1.067071e-01 4.923309e+03 5.390898e+03 
1.097273e-01 4.751674e+03 5.175004e+03 
1.127475e-01 4.614347e+03 4.970884e+03 
1.157677e-01 4.502398e+03 4.777740e+03 
1.187879e-01 4.406750e+03 4.594837e+03 
1.218081e-01 4.319061e+03 4.421499e+03 
1.248283e-01 4.231712e+03 4.257101e+03 
1.278485e-01 4.138439e+03 4.101069e+03 
1.308687e-01 4.034586e+03 3.952869e+03 
1.338889e-01 3.917750e+03 3.812010e+03 
1.369091e-01 3.787707e+03 3.678037e+03 
1.399293e-01 3.646130e+03 3.550528e+03 
1.429495e-01 3.496196e+03 3.429092e+03 
1.459697e-01 3.341837e+03 3.313365e+03 
1.489899e-01 3.187332e+03 3.203011e+03 
1.520101e-01 3.036883e+03 3.097716e+03 
1.550303e-01 2.894384e+03 2.997188e+03 
1.580505e-01 2.763131e+03 2.901156e+03 
1.610707e-01 2.645718e+03 2.809366e+03 
1.640909e-01 2.543467e+03 2.721582e+03 
1.671111e-01 2.456690e+03 2.637584e+03 
1.701313e-01 2.384186e+03 2.557166e+03 
1.731515e-01 2.324069e+03 2.480134e+03 
1.761717e-01 2.273842e+03 2.406310e+03 
1.791919e-01 2.230932e+03 2.335524e+03 
1.822121e-01 2.192774e+03 2.267618e+03 
1.852323e-01 2.156921e+03 2.202444e+03 
1.882525e-01 2.121070e+03 2.139863e+03 
1.912727e-01 2.083297e+03 2.079744e+03 
1.942929e-01 2.042031e+03 2.021965e+03 
1.973131e-01 1.996323e+03 1.966410e+03 
2.003333e-01 1.945904e+03 1.912971e+03 
2.033535e-01 1.891314e+03 1.861545e+03 
2.063737e-01 1.833573e+03 1.812037e+03 
2.093939e-01 1.774019e+03 1.764355e+03 
2.124141e-01 1.714090e+03 1.718414e+03 
2.154343e-01 1.655208e+03 1.674134e+03 
2.184545e-01 1.598632e+03 1.631438e+03 
2.214747e-01 1.545428e+03 1.590255e+03 
2.244949e-01 1.496388e+03 1.550515e+03 
2.275152e-01 1.452010e+03 1.512156e+03 
2.305354e-01 1.412515e+03 1.475115e+03 
2.335556e-01 1.377783e+03 1.439335e+03 
2.365758e-01 1.347463e+03 1.404762e+03 
2.395960e-01 1.320921e+03 1.371344e+03 
2.426162e-01 1.297398e+03 1.339032e+03 
2.456364e-01 1.276024e+03 1.307779e+03 
2.486566e-01 1.255923e+03 1.277541e+03 
2.516768e-01 1.236240e+03 1.248276e+03 
2.546970e-01 1.216257e+03 1.219944e+03 
2.577172e-01 1.195392e+03 1.192507e+03 
2.607374e-01 1.173328e+03 1.165929e+03 
2.637576e-01 1.149925e+03 1.140176e+03 
2.667778e-01 1.125268e+03 1.115216e+03 
2.697980e-01 1.099567e+03 1.091017e+03 
2.728182e-01 1.073146e+03 1.067549e+03 
2.758384e-01 1.046403e+03 1.044785e+03 
2.788586e-01 1.019778e+03 1.022697e+03 
2.818788e-01 9.937025e+02 1.001260e+03 
2.848990e-01 9.685772e+02 9.804492e+02 
2.879192e-01 9.447355e+02 9.602416e+02 
2.909394e-01 9.224303e+02 9.406147e+02 
2.939596e-01 9.018129e+02 9.215472e+02 
2.969798e-01 8.829032e+02 9.030188e+02 
3.000000e-01 8.656184e+02 8.850099e+02 
