1.000000e-03 2.585504e+03 2.585501e+03 
4.020202e-03 8.762381e+03 8.832506e+03 
7.040404e-03 1.285466e+04 1.293255e+04 
1.006061e-02 1.541574e+04 1.545337e+04 
1.308081e-02 1.687092e+04 1.684844e+04 
1.610101e-02 1.752587e+04 1.742973e+04 
1.912121e-02 1.760896e+04 1.744437e+04 
2.214141e-02 1.729738e+04 1.710554e+04 
2.516162e-02 1.673181e+04 1.657565e+04 
2.818182e-02 1.602103e+04 1.595671e+04 
3.120202e-02 1.524734e+04 1.530424e+04 
3.422222e-02 1.446970e+04 1.464668e+04 
3.724242e-02 1.372580e+04 1.399882e+04 
4.026263e-02 1.303745e+04 1.336869e+04 
4.328283e-02 1.241172e+04 1.276082e+04 
4.630303e-02 1.184464e+04 1.217775e+04 
4.932323e-02 1.133621e+04 1.162075e+04 
5.234343e-02 1.087497e+04 1.109028e+04 
5.536364e-02 1.043901e+04 1.058623e+04 
5.838384e-02 1.002025e+04 1.010808e+04 
6.140404e-02 9.613501e+03 9.655051e+03 
6.442424e-02 9.211246e+03 9.226190e+03 
6.744444e-02 8.810271e+03 8.820435e+03 
7.046465e-02 8.410794e+03 8.436667e+03 
7.348485e-02 8.015688e+03 8.073747e+03 
7.650505e-02 7.629957e+03 7.730537e+03 
7.952525e-02 7.259797e+03 7.405925e+03 
8.254545e-02 6.910383e+03 7.098834e+03 
8.556566e-02 6.585270e+03 6.808227e+03 
8.858586e-02 6.286081e+03 6.533120e+03 
9.160606e-02 6.012987e+03 6.272575e+03 
9.462626e-02 5.765459e+03 6.025709e+03 
9.764646e-02 5.542595e+03 5.791690e+03 
1.006667e-01 5.342241e+03 5.569734e+03 
1.036869e-01 5.161022e+03 5.359110e+03 
1.067071e-01 4.994210e+03 5.159128e+03 
1.097273e-01 4.837026e+03 4.969147e+03 
1.127475e-01 4.685342e+03 4.788566e+03 
1.157677e-01 4.535852e+03 4.616823e+03 
1.187879e-01 4.387191e+03 4.453394e+03 
1.218081e-01 4.238742e+03 4.297788e+03 
1.248283e-01 4.090946e+03 4.149550e+03 
1.278485e-01 3.944605e+03 4.008250e+03 
1.308687e-01 3.800990e+03 3.873492e+03 
1.338889e-01 3.661486e+03 3.744900e+03 
1.369091e-01 3.527589e+03 3.622128e+03 
1.399293e-01 3.400576e+03 3.504850e+03 
1.429495e-01 3.281243e+03 3.392761e+03 
1.459697e-01 3.170031e+03 3.285575e+03 
1.489899e-01 3.066809e+03 3.183027e+03 
1.520101e-01 2.971266e+03 3.084867e+03 
1.550303e-01 2.882878e+03 2.990859e+03 
1.580505e-01 2.800962e+03 2.900786e+03 
1.610707e-01 2.724605e+03 2.814441e+03 
1.640909e-01 2.652727e+03 2.731631e+03 
1.671111e-01 2.584042e+03 2.652175e+03 
1.701313e-01 2.517433e+03 2.575902e+03 
1.731515e-01 2.452067e+03 2.502652e+03 
1.761717e-01 2.387451e+03 2.432275e+03 
1.791919e-01 2.323522e+03 2.364629e+03 
1.822121e-01 2.260355e+03 2.299581e+03 
1.852323e-01 2.198163e+03 2.237005e+03 
1.882525e-01 2.137181e+03 2.176783e+03 
1.912727e-01 2.077661e+03 2.118803e+03 
1.942929e-01 2.019902e+03 2.062959e+03 
1.973131e-01 1.964254e+03 2.009153e+03 
2.003333e-01 1.911012e+03 1.957290e+03 
2.033535e-01 1.860406e+03 1.907282e+03 
2.063737e-01 1.812492e+03 1.859045e+03 
2.093939e-01 1.767165e+03 1.812499e+03 
2.124141e-01 1.724238e+03 1.767570e+03 
2.154343e-01 1.683451e+03 1.724186e+03 
2.184545e-01 1.644539e+03 1.682280e+03 
2.214747e-01 1.607229e+03 1.641788e+03 
2.244949e-01 1.571254e+03 1.602650e+03 
2.275152e-01 1.536354e+03 1.564808e+03 
2.305354e-01 1.502341e+03 1.528208e+03 
2.335556e-01 1.469085e+03 1.492797e+03 
2.365758e-01 1.436518e+03 1.458528e+03 
2.395960e-01 1.404614e+03 1.425353e+03 
2.426162e-01 1.373370e+03 1.393227e+03 
2.456364e-01 1.342793e+03 1.362110e+03 
2.486566e-01 1.312908e+03 1.331959e+03 
2.516768e-01 1.283755e+03 1.302738e+03 
2.546970e-01 1.255401e+03 1.274410e+03 
2.577172e-01 1.227933e+03 1.246939e+03 
2.607374e-01 1.201419e+03 1.220294e+03 
2.637576e-01 1.175911e+03 1.194441e+03 
2.667778e-01 1.151389e+03 1.169353e+03 
2.697980e-01 1.127796e+03 1.144998e+03 
2.728182e-01 1.105041e+03 1.121351e+03 
2.758384e-01 1.083028e+03 1.098385e+03 
2.788586e-01 1.061696e+03 1.076075e+03 
2.818788e-01 1.040998e+03 1.054397e+03 
2.848990e-01 1.020894e+03 1.033329e+03 
2.879192e-01 1.001344e+03 1.012848e+03 
2.909394e-01 9.822893e+02 9.929331e+02 
2.939596e-01 9.636717e+02 9.735650e+02 
2.969798e-01 9.454528e+02 9.547244e+02 
3.000000e-01 9.276083e+02 9.363928e+02 
