1.000000e-03 4.456678e+03 4.456674e+03 
4.020202e-03 1.491077e+04 1.502883e+04 
7.040404e-03 2.177326e+04 2.193815e+04 
1.006061e-02 2.595553e+04 2.615460e+04 
1.308081e-02 2.813048e+04 2.837662e+04 
1.610101e-02 2.879501e+04 2.902852e+04 
1.912121e-02 2.834539e+04 2.844943e+04 
2.214141e-02 2.711739e+04 2.702994e+04 
2.516162e-02 2.539505e+04 2.518916e+04 
2.818182e-02 2.341765e+04 2.326209e+04 
3.120202e-02 2.137467e+04 2.144088e+04 
3.422222e-02 1.940690e+04 1.979935e+04 
3.724242e-02 1.760847e+04 1.834524e+04 
4.026263e-02 1.603579e+04 1.705970e+04 
4.328283e-02 1.470265e+04 1.591761e+04 
4.630303e-02 1.360617e+04 1.489568e+04 
4.932323e-02 1.274528e+04 1.397461e+04 
5.234343e-02 1.207754e+04 1.313904e+04 
5.536364e-02 1.155741e+04 1.237684e+04 
5.838384e-02 1.114914e+04 1.167838e+04 
6.140404e-02 1.081310e+04 1.103589e+04 
6.442424e-02 1.051213e+04 1.044301e+04 
6.744444e-02 1.021452e+04 9.894443e+03 
7.046465e-02 9.895907e+03 9.385693e+03 
7.348485e-02 9.539903e+03 8.912919e+03 
7.650505e-02 9.138746e+03 8.472787e+03 
7.952525e-02 8.693428e+03 8.062376e+03 
8.254545e-02 8.213067e+03 7.679109e+03 
8.556566e-02 7.711334e+03 7.320697e+03 
8.858586e-02 7.204295e+03 6.985095e+03 
9.160606e-02 6.708629e+03 6.670469e+03 
9.462626e-02 6.239418e+03 6.375166e+03 
9.764646e-02 5.809837e+03 6.097696e+03 
1.006667e-01 5.429393e+03 5.836706e+03 
1.036869e-01 5.103878e+03 5.590967e+03 
1.067071e-01 4.834521e+03 5.359364e+03 
1.097273e-01 4.618657e+03 5.140875e+03 
1.127475e-01 4.450655e+03 4.934572e+03 
1.157677e-01 4.322516e+03 4.739601e+03 
1.187879e-01 4.225277e+03 4.555183e+03 
1.218081e-01 4.149617e+03 4.380601e+03 
1.248283e-01 4.086265e+03 4.215196e+03 
1.278485e-01 4.026202e+03 4.058364e+03 
1.308687e-01 3.961607e+03 3.909546e+03 
1.338889e-01 3.885945e+03 3.768227e+03 
1.369091e-01 3.795214e+03 3.633933e+03 
1.399293e-01 3.687344e+03 3.506224e+03 
1.429495e-01 3.563103e+03 3.384694e+03 
1.459697e-01 3.424730e+03 3.268966e+03 
1.489899e-01 3.275885e+03 3.158692e+03 
1.520101e-01 3.121055e+03 3.053547e+03 
1.550303e-01 2.965243e+03 2.953231e+03 
1.580505e-01 2.813447e+03 2.857464e+03 
1.610707e-01 2.670374e+03 2.765985e+03 
1.640909e-01 2.539940e+03 2.678552e+03 
1.671111e-01 2.424898e+03 2.594939e+03 
1.701313e-01 2.326506e+03 2.514934e+03 
1.731515e-01 2.244675e+03 2.438342e+03 
1.761717e-01 2.178292e+03 2.364977e+03 
1.791919e-01 2.125421e+03 2.294668e+03 
1.822121e-01 2.083739e+03 2.227254e+03 
1.852323e-01 2.050646e+03 2.162583e+03 
1.882525e-01 2.023401e+03 2.100514e+03 
1.912727e-01 1.999139e+03 2.040915e+03 
1.942929e-01 1.975105e+03 1.983660e+03 
1.973131e-01 1.948735e+03 1.928633e+03 
2.003333e-01 1.918055e+03 1.875724e+03 
2.033535e-01 1.881674e+03 1.824830e+03 
2.063737e-01 1.839218e+03 1.775852e+03 
2.093939e-01 1.790944e+03 1.728700e+03 
2.124141e-01 1.737759e+03 1.683287e+03 
2.154343e-01 1.680971e+03 1.639531e+03 
2.184545e-01 1.622150e+03 1.597356e+03 
2.214747e-01 1.562929e+03 1.556689e+03 
2.244949e-01 1.504908e+03 1.517461e+03 
2.275152e-01 1.449539e+03 1.479607e+03 
2.305354e-01 1.398052e+03 1.443067e+03 
2.335556e-01 1.351391e+03 1.407782e+03 
2.365758e-01 1.310081e+03 1.373698e+03 
2.395960e-01 1.274309e+03 1.340762e+03 
2.426162e-01 1.243886e+03 1.308925e+03 
2.456364e-01 1.218377e+03 1.278141e+03 
2.486566e-01 1.197027e+03 1.248364e+03 
2.516768e-01 1.178945e+03 1.219554e+03 
2.546970e-01 1.163124e+03 1.191670e+03 
2.577172e-01 1.148536e+03 1.164674e+03 
2.607374e-01 1.134181e+03 1.138530e+03 
2.637576e-01 1.119236e+03 1.113204e+03 
2.667778e-01 1.103035e+03 1.088663e+03 
2.697980e-01 1.085156e+03 1.064876e+03 
2.728182e-01 1.065377e+03 1.041813e+03 
2.758384e-01 1.043709e+03 1.019447e+03 
2.788586e-01 1.020341e+03 9.977507e+02 
2.818788e-01 9.956071e+02 9.766982e+02 
2.848990e-01 9.699809e+02 9.562652e+02 
2.879192e-01 9.439987e+02 9.364284e+02 
2.909394e-01 9.182304e+02 9.171657e+02 
2.939596e-01 8.932166e+02 8.984559e+02 
2.969798e-01 8.694411e+02 8.802785e+02 
3.000000e-01 8.472567e+02 8.626144e+02 
