1.000000e-03 5.199341e+03 5.199336e+03 
4.020202e-03 1.727810e+04 1.741542e+04 
7.040404e-03 2.514764e+04 2.534638e+04 
1.006061e-02 2.989233e+04 3.015268e+04 
1.308081e-02 3.229326e+04 3.264419e+04 
1.610101e-02 3.292631e+04 3.329635e+04 
1.912121e-02 3.225240e+04 3.247777e+04 
2.214141e-02 3.066363e+04 3.062859e+04 
2.516162e-02 2.849773e+04 2.825277e+04 
2.818182e-02 2.603870e+04 2.577836e+04 
3.120202e-02 2.351405e+04 2.346284e+04 
3.422222e-02 2.109286e+04 2.140750e+04 
3.724242e-02 1.888867e+04 1.962099e+04 
4.026263e-02 1.696910e+04 1.807329e+04 
4.328283e-02 1.534929e+04 1.672535e+04 
4.630303e-02 1.402933e+04 1.554120e+04 
4.932323e-02 1.300330e+04 1.449132e+04 
5.234343e-02 1.222129e+04 1.355252e+04 
5.536364e-02 1.163378e+04 1.270681e+04 
5.838384e-02 1.119631e+04 1.194017e+04 
6.140404e-02 1.086260e+04 1.124157e+04 
6.442424e-02 1.058743e+04 1.060217e+04 
6.744444e-02 1.033136e+04 1.001478e+04 
7.046465e-02 1.006242e+04 9.473482e+03 
7.348485e-02 9.755965e+03 8.973287e+03 
7.650505e-02 9.396782e+03 8.509974e+03 
7.952525e-02 8.979722e+03 8.079911e+03 
8.254545e-02 8.509598e+03 7.679951e+03 
8.556566e-02 7.998946e+03 7.307340e+03 
8.858586e-02 7.464839e+03 6.959652e+03 
9.160606e-02 6.926623e+03 6.634740e+03 
9.462626e-02 6.403889e+03 6.330690e+03 
9.764646e-02 5.914054e+03 6.045791e+03 
1.006667e-01 5.471463e+03 5.778507e+03 
1.036869e-01 5.085446e+03 5.527455e+03 
1.067071e-01 4.761243e+03 5.291385e+03 
1.097273e-01 4.498554e+03 5.069165e+03 
1.127475e-01 4.293969e+03 4.859767e+03 
1.157677e-01 4.140785e+03 4.662257e+03 
1.187879e-01 4.030760e+03 4.475782e+03 
1.218081e-01 3.954438e+03 4.299563e+03 
1.248283e-01 3.901703e+03 4.132889e+03 
1.278485e-01 3.862201e+03 3.975106e+03 
1.308687e-01 3.825790e+03 3.825617e+03 
1.338889e-01 3.783393e+03 3.683871e+03 
1.369091e-01 3.727770e+03 3.549361e+03 
1.399293e-01 3.654076e+03 3.421622e+03 
1.429495e-01 3.559741e+03 3.300223e+03 
1.459697e-01 3.445012e+03 3.184765e+03 
1.489899e-01 3.311856e+03 3.074883e+03 
1.520101e-01 3.164019e+03 2.970235e+03 
1.550303e-01 3.006383e+03 2.870506e+03 
1.580505e-01 2.844965e+03 2.775404e+03 
1.610707e-01 2.685844e+03 2.684657e+03 
1.640909e-01 2.534862e+03 2.598014e+03 
1.671111e-01 2.396689e+03 2.515238e+03 
1.701313e-01 2.274805e+03 2.436111e+03 
1.731515e-01 2.170721e+03 2.360430e+03 
1.761717e-01 2.084773e+03 2.288005e+03 
1.791919e-01 2.016172e+03 2.218657e+03 
1.822121e-01 1.963336e+03 2.152222e+03 
1.852323e-01 1.924148e+03 2.088544e+03 
1.882525e-01 1.896038e+03 2.027477e+03 
1.912727e-01 1.876119e+03 1.968887e+03 
1.942929e-01 1.861123e+03 1.912645e+03 
1.973131e-01 1.847728e+03 1.858632e+03 
2.003333e-01 1.832681e+03 1.806736e+03 
2.033535e-01 1.813396e+03 1.756851e+03 
2.063737e-01 1.787892e+03 1.708879e+03 
2.093939e-01 1.755211e+03 1.662726e+03 
2.124141e-01 1.715100e+03 1.618304e+03 
2.154343e-01 1.668133e+03 1.575531e+03 
2.184545e-01 1.615379e+03 1.534330e+03 
2.214747e-01 1.558311e+03 1.494625e+03 
2.244949e-01 1.498743e+03 1.456350e+03 
2.275152e-01 1.438612e+03 1.419437e+03 
2.305354e-01 1.379816e+03 1.383826e+03 
2.335556e-01 1.324078e+03 1.349457e+03 
2.365758e-01 1.272854e+03 1.316276e+03 
2.395960e-01 1.227128e+03 1.284230e+03 
2.426162e-01 1.187487e+03 1.253270e+03 
2.456364e-01 1.154052e+03 1.223349e+03 
2.486566e-01 1.126630e+03 1.194422e+03 
2.516768e-01 1.104641e+03 1.166448e+03 
2.546970e-01 1.087280e+03 1.139386e+03 
2.577172e-01 1.073537e+03 1.113198e+03 
2.607374e-01 1.062296e+03 1.087849e+03 
2.637576e-01 1.052393e+03 1.063304e+03 
2.667778e-01 1.042725e+03 1.039531e+03 
2.697980e-01 1.032296e+03 1.016498e+03 
2.728182e-01 1.020314e+03 9.941767e+02 
2.758384e-01 1.006210e+03 9.725384e+02 
2.788586e-01 9.896493e+02 9.515566e+02 
2.818788e-01 9.705781e+02 9.312059e+02 
2.848990e-01 9.491433e+02 9.114620e+02 
2.879192e-01 9.257301e+02 8.923018e+02 
2.909394e-01 9.008551e+02 8.737033e+02 
2.939596e-01 8.751687e+02 8.556455e+02 
2.969798e-01 8.493431e+02 8.381082e+02 
3.000000e-01 8.240463e+02 8.210723e+02 
