1.000000e-03 3.771872e+03 3.771869e+03 
4.020202e-03 1.259978e+04 1.269984e+04 
7.040404e-03 1.837817e+04 1.850955e+04 
1.006061e-02 2.190700e+04 2.204274e+04 
1.308081e-02 2.377434e+04 2.391195e+04 
1.610101e-02 2.440727e+04 2.450313e+04 
1.912121e-02 2.414062e+04 2.412844e+04 
2.214141e-02 2.324967e+04 2.312065e+04 
2.516162e-02 2.196417e+04 2.180241e+04 
2.818182e-02 2.047236e+04 2.041037e+04 
3.120202e-02 1.892245e+04 1.907255e+04 
3.422222e-02 1.742308e+04 1.783793e+04 
3.724242e-02 1.604566e+04 1.671450e+04 
4.026263e-02 1.483237e+04 1.569416e+04 
4.328283e-02 1.379675e+04 1.476470e+04 
4.630303e-02 1.292973e+04 1.391439e+04 
4.932323e-02 1.222955e+04 1.313319e+04 
5.234343e-02 1.166970e+04 1.241285e+04 
5.536364e-02 1.120595e+04 1.174660e+04 
5.838384e-02 1.081337e+04 1.112883e+04 
6.140404e-02 1.046287e+04 1.055481e+04 
6.442424e-02 1.012496e+04 1.002050e+04 
6.744444e-02 9.780191e+03 9.522376e+03 
7.046465e-02 9.414168e+03 9.057352e+03 
7.348485e-02 9.018925e+03 8.622681e+03 
7.650505e-02 8.594315e+03 8.215909e+03 
7.952525e-02 8.146356e+03 7.834829e+03 
8.254545e-02 7.685452e+03 7.477443e+03 
8.556566e-02 7.224619e+03 7.141944e+03 
8.858586e-02 6.776534e+03 6.826684e+03 
9.160606e-02 6.352756e+03 6.530166e+03 
9.462626e-02 5.963034e+03 6.251020e+03 
9.764646e-02 5.614584e+03 5.987993e+03 
1.006667e-01 5.311911e+03 5.739940e+03 
1.036869e-01 5.056252e+03 5.505808e+03 
1.067071e-01 4.845294e+03 5.284633e+03 
1.097273e-01 4.673985e+03 5.075529e+03 
1.127475e-01 4.535072e+03 4.877678e+03 
1.157677e-01 4.420435e+03 4.690331e+03 
1.187879e-01 4.321871e+03 4.512794e+03 
1.218081e-01 4.231615e+03 4.344429e+03 
1.248283e-01 4.142746e+03 4.184646e+03 
1.278485e-01 4.049543e+03 4.032899e+03 
1.308687e-01 3.947599e+03 3.888684e+03 
1.338889e-01 3.834674e+03 3.751535e+03 
1.369091e-01 3.710135e+03 3.621018e+03 
1.399293e-01 3.575485e+03 3.496732e+03 
1.429495e-01 3.433270e+03 3.378304e+03 
1.459697e-01 3.287089e+03 3.265388e+03 
1.489899e-01 3.140650e+03 3.157662e+03 
1.520101e-01 2.997590e+03 3.054826e+03 
1.550303e-01 2.861330e+03 2.956602e+03 
1.580505e-01 2.735010e+03 2.862729e+03 
1.610707e-01 2.620923e+03 2.772965e+03 
1.640909e-01 2.520626e+03 2.687083e+03 
1.671111e-01 2.434349e+03 2.604871e+03 
1.701313e-01 2.361446e+03 2.526133e+03 
1.731515e-01 2.300200e+03 2.450682e+03 
1.761717e-01 2.248479e+03 2.378345e+03 
1.791919e-01 2.203856e+03 2.308960e+03 
1.822121e-01 2.163993e+03 2.242375e+03 
1.852323e-01 2.126653e+03 2.178447e+03 
1.882525e-01 2.089858e+03 2.117042e+03 
1.912727e-01 2.051835e+03 2.058034e+03 
1.942929e-01 2.011148e+03 2.001304e+03 
1.973131e-01 1.966825e+03 1.946741e+03 
2.003333e-01 1.918493e+03 1.894240e+03 
2.033535e-01 1.866430e+03 1.843702e+03 
2.063737e-01 1.811435e+03 1.795035e+03 
2.093939e-01 1.754695e+03 1.748150e+03 
2.124141e-01 1.697534e+03 1.702964e+03 
2.154343e-01 1.641205e+03 1.659400e+03 
2.184545e-01 1.586841e+03 1.617384e+03 
2.214747e-01 1.535374e+03 1.576845e+03 
2.244949e-01 1.487542e+03 1.537718e+03 
2.275152e-01 1.443870e+03 1.499941e+03 
2.305354e-01 1.404580e+03 1.463453e+03 
2.335556e-01 1.369659e+03 1.428199e+03 
2.365758e-01 1.338790e+03 1.394127e+03 
2.395960e-01 1.311495e+03 1.361185e+03 
2.426162e-01 1.287121e+03 1.329326e+03 
2.456364e-01 1.264939e+03 1.298504e+03 
2.486566e-01 1.244153e+03 1.268677e+03 
2.516768e-01 1.224017e+03 1.239804e+03 
2.546970e-01 1.203849e+03 1.211846e+03 
2.577172e-01 1.183127e+03 1.184765e+03 
2.607374e-01 1.161465e+03 1.158528e+03 
2.637576e-01 1.138725e+03 1.133100e+03 
2.667778e-01 1.114913e+03 1.108449e+03 
2.697980e-01 1.090199e+03 1.084546e+03 
2.728182e-01 1.064845e+03 1.061361e+03 
2.758384e-01 1.039189e+03 1.038867e+03 
2.788586e-01 1.013598e+03 1.017037e+03 
2.818788e-01 9.884458e+02 9.958469e+02 
2.848990e-01 9.640836e+02 9.752725e+02 
2.879192e-01 9.408209e+02 9.552908e+02 
2.909394e-01 9.188826e+02 9.358802e+02 
2.939596e-01 8.984214e+02 9.170196e+02 
2.969798e-01 8.795009e+02 8.986894e+02 
3.000000e-01 8.620791e+02 8.808703e+02 
