1.000000e-03 3.021062e+03 3.021059e+03 
4.020202e-03 1.018770e+04 1.026758e+04 
7.040404e-03 1.499305e+04 1.509475e+04 
1.006061e-02 1.802999e+04 1.812015e+04 
1.308081e-02 1.974824e+04 1.981754e+04 
1.610101e-02 2.047952e+04 2.049902e+04 
1.912121e-02 2.048357e+04 2.041907e+04 
2.214141e-02 1.997403e+04 1.983621e+04 
2.516162e-02 1.912873e+04 1.898845e+04 
2.818182e-02 1.809229e+04 1.804580e+04 
3.120202e-02 1.698022e+04 1.710204e+04 
3.422222e-02 1.587770e+04 1.619794e+04 
3.724242e-02 1.484268e+04 1.534664e+04 
4.026263e-02 1.391022e+04 1.454955e+04 
4.328283e-02 1.309600e+04 1.380399e+04 
4.630303e-02 1.239509e+04 1.310625e+04 
4.932323e-02 1.180353e+04 1.245266e+04 
5.234343e-02 1.131032e+04 1.183990e+04 
5.536364e-02 1.088134e+04 1.126500e+04 
5.838384e-02 1.049523e+04 1.072526e+04 
6.140404e-02 1.013722e+04 1.021826e+04 
6.442424e-02 9.788205e+03 9.741751e+03 
6.744444e-02 9.433381e+03 9.293678e+03 
7.046465e-02 9.063164e+03 8.872120e+03 
7.348485e-02 8.673659e+03 8.475294e+03 
7.650505e-02 8.267267e+03 8.101542e+03 
7.952525e-02 7.850904e+03 7.749316e+03 
8.254545e-02 7.434545e+03 7.417178e+03 
8.556566e-02 7.028267e+03 7.103791e+03 
8.858586e-02 6.640874e+03 6.807910e+03 
9.160606e-02 6.279313e+03 6.528377e+03 
9.462626e-02 5.948681e+03 6.264119e+03 
9.764646e-02 5.652550e+03 6.014137e+03 
1.006667e-01 5.393217e+03 5.777506e+03 
1.036869e-01 5.170416e+03 5.553365e+03 
1.067071e-01 4.981866e+03 5.340916e+03 
1.097273e-01 4.822433e+03 5.139419e+03 
1.127475e-01 4.685692e+03 4.948184e+03 
1.157677e-01 4.564392e+03 4.766573e+03 
1.187879e-01 4.451646e+03 4.593993e+03 
1.218081e-01 4.341731e+03 4.429890e+03 
1.248283e-01 4.230209e+03 4.273754e+03 
1.278485e-01 4.114178e+03 4.125105e+03 
1.308687e-01 3.992032e+03 3.983500e+03 
1.338889e-01 3.863278e+03 3.848526e+03 
1.369091e-01 3.728746e+03 3.719796e+03 
1.399293e-01 3.590094e+03 3.596953e+03 
1.429495e-01 3.449866e+03 3.479661e+03 
1.459697e-01 3.310868e+03 3.367607e+03 
1.489899e-01 3.175909e+03 3.260500e+03 
1.520101e-01 3.047550e+03 3.158066e+03 
1.550303e-01 2.927917e+03 3.060051e+03 
1.580505e-01 2.818559e+03 2.966216e+03 
1.610707e-01 2.720399e+03 2.876337e+03 
1.640909e-01 2.633535e+03 2.790206e+03 
1.671111e-01 2.557423e+03 2.707625e+03 
1.701313e-01 2.490726e+03 2.628412e+03 
1.731515e-01 2.431728e+03 2.552394e+03 
1.761717e-01 2.378454e+03 2.479407e+03 
1.791919e-01 2.328966e+03 2.409301e+03 
1.822121e-01 2.281547e+03 2.341932e+03 
1.852323e-01 2.234707e+03 2.277165e+03 
1.882525e-01 2.187244e+03 2.214873e+03 
1.912727e-01 2.138264e+03 2.154937e+03 
1.942929e-01 2.087172e+03 2.097245e+03 
1.973131e-01 2.033865e+03 2.041690e+03 
2.003333e-01 1.978594e+03 1.988172e+03 
2.033535e-01 1.922123e+03 1.936597e+03 
2.063737e-01 1.865389e+03 1.886875e+03 
2.093939e-01 1.809353e+03 1.838922e+03 
2.124141e-01 1.754897e+03 1.792659e+03 
2.154343e-01 1.702744e+03 1.748010e+03 
2.184545e-01 1.653466e+03 1.704903e+03 
2.214747e-01 1.607477e+03 1.663272e+03 
2.244949e-01 1.565008e+03 1.623051e+03 
2.275152e-01 1.526134e+03 1.584181e+03 
2.305354e-01 1.490694e+03 1.546604e+03 
2.335556e-01 1.458372e+03 1.510264e+03 
2.365758e-01 1.428646e+03 1.475112e+03 
2.395960e-01 1.400938e+03 1.441096e+03 
2.426162e-01 1.374665e+03 1.408171e+03 
2.456364e-01 1.349297e+03 1.376292e+03 
2.486566e-01 1.324387e+03 1.345416e+03 
2.516768e-01 1.299565e+03 1.315504e+03 
2.546970e-01 1.274541e+03 1.286518e+03 
2.577172e-01 1.249123e+03 1.258420e+03 
2.607374e-01 1.223204e+03 1.231176e+03 
2.637576e-01 1.196842e+03 1.204754e+03 
2.667778e-01 1.170189e+03 1.179121e+03 
2.697980e-01 1.143542e+03 1.154247e+03 
2.728182e-01 1.117214e+03 1.130105e+03 
2.758384e-01 1.091500e+03 1.106666e+03 
2.788586e-01 1.066638e+03 1.083904e+03 
2.818788e-01 1.042792e+03 1.061795e+03 
2.848990e-01 1.020065e+03 1.040315e+03 
2.879192e-01 9.985072e+02 1.019440e+03 
2.909394e-01 9.781388e+02 9.991490e+02 
2.939596e-01 9.589532e+02 9.794213e+02 
2.969798e-01 9.408914e+02 9.602369e+02 
3.000000e-01 9.238540e+02 9.415766e+02 
