1.000000e-03 3.974023e+03 3.974020e+03 
4.020202e-03 1.321915e+04 1.332339e+04 
7.040404e-03 1.934804e+04 1.949373e+04 
1.006061e-02 2.315869e+04 2.332780e+04 
1.308081e-02 2.522631e+04 2.542807e+04 
1.610101e-02 2.597438e+04 2.616389e+04 
1.912121e-02 2.573923e+04 2.582384e+04 
2.214141e-02 2.480571e+04 2.473157e+04 
2.516162e-02 2.341514e+04 2.323631e+04 
2.818182e-02 2.177162e+04 2.162505e+04 
3.120202e-02 2.003942e+04 2.007053e+04 
3.422222e-02 1.834301e+04 1.864623e+04 
3.724242e-02 1.676807e+04 1.736737e+04 
4.026263e-02 1.536872e+04 1.622378e+04 
4.328283e-02 1.416543e+04 1.519787e+04 
4.630303e-02 1.315626e+04 1.427218e+04 
4.932323e-02 1.234451e+04 1.343175e+04 
5.234343e-02 1.170440e+04 1.266447e+04 
5.536364e-02 1.119458e+04 1.196061e+04 
5.838384e-02 1.078264e+04 1.131236e+04 
6.140404e-02 1.043997e+04 1.071336e+04 
6.442424e-02 1.013711e+04 1.015835e+04 
6.744444e-02 9.843649e+03 9.642910e+03 
7.046465e-02 9.537189e+03 9.163252e+03 
7.348485e-02 9.202474e+03 8.716110e+03 
7.650505e-02 8.831326e+03 8.298627e+03 
7.952525e-02 8.423661e+03 7.908280e+03 
8.254545e-02 7.986256e+03 7.542829e+03 
8.556566e-02 7.530216e+03 7.200268e+03 
8.858586e-02 7.068567e+03 6.878795e+03 
9.160606e-02 6.614616e+03 6.576782e+03 
9.462626e-02 6.180791e+03 6.292757e+03 
9.764646e-02 5.778191e+03 6.025383e+03 
1.006667e-01 5.415541e+03 5.773442e+03 
1.036869e-01 5.099308e+03 5.535824e+03 
1.067071e-01 4.831866e+03 5.311513e+03 
1.097273e-01 4.612739e+03 5.099580e+03 
1.127475e-01 4.437432e+03 4.899174e+03 
1.157677e-01 4.299673e+03 4.709512e+03 
1.187879e-01 4.191604e+03 4.529874e+03 
1.218081e-01 4.105046e+03 4.359600e+03 
1.248283e-01 4.031774e+03 4.198079e+03 
1.278485e-01 3.964296e+03 4.044749e+03 
1.308687e-01 3.895775e+03 3.899088e+03 
1.338889e-01 3.820554e+03 3.760617e+03 
1.369091e-01 3.734312e+03 3.628891e+03 
1.399293e-01 3.634675e+03 3.503498e+03 
1.429495e-01 3.521136e+03 3.384056e+03 
1.459697e-01 3.394913e+03 3.270209e+03 
1.489899e-01 3.258765e+03 3.161629e+03 
1.520101e-01 3.116322e+03 3.058009e+03 
1.550303e-01 2.971797e+03 2.959064e+03 
1.580505e-01 2.829454e+03 2.864529e+03 
1.610707e-01 2.693343e+03 2.774155e+03 
1.640909e-01 2.566920e+03 2.687713e+03 
1.671111e-01 2.452913e+03 2.604985e+03 
1.701313e-01 2.352893e+03 2.525772e+03 
1.731515e-01 2.267520e+03 2.449884e+03 
1.761717e-01 2.196206e+03 2.377145e+03 
1.791919e-01 2.137730e+03 2.307390e+03 
1.822121e-01 2.090228e+03 2.240465e+03 
1.852323e-01 2.051558e+03 2.176224e+03 
1.882525e-01 2.019332e+03 2.114530e+03 
1.912727e-01 1.991083e+03 2.055257e+03 
1.942929e-01 1.964343e+03 1.998284e+03 
1.973131e-01 1.936881e+03 1.943498e+03 
2.003333e-01 1.906749e+03 1.890792e+03 
2.033535e-01 1.872576e+03 1.840066e+03 
2.063737e-01 1.833560e+03 1.791227e+03 
2.093939e-01 1.789625e+03 1.744185e+03 
2.124141e-01 1.741221e+03 1.698855e+03 
2.154343e-01 1.689214e+03 1.655160e+03 
2.184545e-01 1.634784e+03 1.613025e+03 
2.214747e-01 1.579263e+03 1.572377e+03 
2.244949e-01 1.524059e+03 1.533152e+03 
2.275152e-01 1.470519e+03 1.495285e+03 
2.305354e-01 1.419849e+03 1.458717e+03 
2.335556e-01 1.372992e+03 1.423392e+03 
2.365758e-01 1.330610e+03 1.389254e+03 
2.395960e-01 1.292986e+03 1.356255e+03 
2.426162e-01 1.260143e+03 1.324345e+03 
2.456364e-01 1.231807e+03 1.293479e+03 
2.486566e-01 1.207532e+03 1.263613e+03 
2.516768e-01 1.186678e+03 1.234705e+03 
2.546970e-01 1.168496e+03 1.206718e+03 
2.577172e-01 1.152137e+03 1.179613e+03 
2.607374e-01 1.136723e+03 1.153356e+03 
2.637576e-01 1.121391e+03 1.127911e+03 
2.667778e-01 1.105440e+03 1.103248e+03 
2.697980e-01 1.088321e+03 1.079336e+03 
2.728182e-01 1.069738e+03 1.056145e+03 
2.758384e-01 1.049583e+03 1.033648e+03 
2.788586e-01 1.027956e+03 1.011819e+03 
2.818788e-01 1.005071e+03 9.906309e+02 
2.848990e-01 9.812282e+02 9.700614e+02 
2.879192e-01 9.568080e+02 9.500868e+02 
2.909394e-01 9.322327e+02 9.306853e+02 
2.939596e-01 9.079577e+02 9.118359e+02 
2.969798e-01 8.844253e+02 8.935185e+02 
3.000000e-01 8.620428e+02 8.757139e+02 
