1.000000e-03 2.362907e+03 2.362905e+03 
4.020202e-03 7.859953e+03 7.927296e+03 
7.040404e-03 1.145591e+04 1.152905e+04 
1.006061e-02 1.371231e+04 1.373295e+04 
1.308081e-02 1.503439e+04 1.497671e+04 
1.610101e-02 1.570053e+04 1.556157e+04 
1.912121e-02 1.590714e+04 1.570497e+04 
2.214141e-02 1.579748e+04 1.556563e+04 
2.516162e-02 1.547675e+04 1.525175e+04 
2.818182e-02 1.502314e+04 1.483243e+04 
3.120202e-02 1.449366e+04 1.435129e+04 
3.422222e-02 1.392798e+04 1.383648e+04 
3.724242e-02 1.335278e+04 1.330674e+04 
4.026263e-02 1.278573e+04 1.277470e+04 
4.328283e-02 1.223110e+04 1.224894e+04 
4.630303e-02 1.169674e+04 1.173523e+04 
4.932323e-02 1.119366e+04 1.123732e+04 
5.234343e-02 1.071013e+04 1.075759e+04 
5.536364e-02 1.023972e+04 1.029737e+04 
5.838384e-02 9.789178e+03 9.857314e+03 
6.140404e-02 9.360003e+03 9.437537e+03 
6.442424e-02 8.949572e+03 9.037814e+03 
6.744444e-02 8.556825e+03 8.657678e+03 
7.046465e-02 8.181846e+03 8.296495e+03 
7.348485e-02 7.825697e+03 7.953532e+03 
7.650505e-02 7.490122e+03 7.627993e+03 
7.952525e-02 7.175722e+03 7.319052e+03 
8.254545e-02 6.881981e+03 7.025878e+03 
8.556566e-02 6.607183e+03 6.747646e+03 
8.858586e-02 6.348368e+03 6.483551e+03 
9.160606e-02 6.103453e+03 6.232816e+03 
9.462626e-02 5.871586e+03 5.994692e+03 
9.764646e-02 5.652100e+03 5.768466e+03 
1.006667e-01 5.444477e+03 5.553461e+03 
1.036869e-01 5.247740e+03 5.349035e+03 
1.067071e-01 5.060039e+03 5.154582e+03 
1.097273e-01 4.879792e+03 4.969529e+03 
1.127475e-01 4.706236e+03 4.793339e+03 
1.157677e-01 4.539018e+03 4.625507e+03 
1.187879e-01 4.378581e+03 4.465557e+03 
1.218081e-01 4.225410e+03 4.313045e+03 
1.248283e-01 4.079671e+03 4.167551e+03 
1.278485e-01 3.941382e+03 4.028683e+03 
1.308687e-01 3.810232e+03 3.896075e+03 
1.338889e-01 3.685815e+03 3.769381e+03 
1.369091e-01 3.567664e+03 3.648278e+03 
1.399293e-01 3.455294e+03 3.532463e+03 
1.429495e-01 3.348216e+03 3.421652e+03 
1.459697e-01 3.245931e+03 3.315577e+03 
1.489899e-01 3.147966e+03 3.213988e+03 
1.520101e-01 3.054026e+03 3.116650e+03 
1.550303e-01 2.963906e+03 3.023343e+03 
1.580505e-01 2.877375e+03 2.933858e+03 
1.610707e-01 2.794161e+03 2.848001e+03 
1.640909e-01 2.713991e+03 2.765589e+03 
1.671111e-01 2.636730e+03 2.686449e+03 
1.701313e-01 2.562335e+03 2.610418e+03 
1.731515e-01 2.490763e+03 2.537344e+03 
1.761717e-01 2.421975e+03 2.467084e+03 
1.791919e-01 2.355927e+03 2.399500e+03 
1.822121e-01 2.292508e+03 2.334465e+03 
1.852323e-01 2.231533e+03 2.271859e+03 
1.882525e-01 2.172833e+03 2.211567e+03 
1.912727e-01 2.116333e+03 2.153482e+03 
1.942929e-01 2.061990e+03 2.097502e+03 
1.973131e-01 2.009716e+03 2.043531e+03 
2.003333e-01 1.959361e+03 1.991478e+03 
2.033535e-01 1.910771e+03 1.941258e+03 
2.063737e-01 1.863828e+03 1.892789e+03 
2.093939e-01 1.818427e+03 1.845993e+03 
2.124141e-01 1.774492e+03 1.800798e+03 
2.154343e-01 1.732003e+03 1.757135e+03 
2.184545e-01 1.690947e+03 1.714937e+03 
2.214747e-01 1.651268e+03 1.674144e+03 
2.244949e-01 1.612879e+03 1.634695e+03 
2.275152e-01 1.575703e+03 1.596534e+03 
2.305354e-01 1.539706e+03 1.559609e+03 
2.335556e-01 1.504863e+03 1.523868e+03 
2.365758e-01 1.471148e+03 1.489264e+03 
2.395960e-01 1.438535e+03 1.455750e+03 
2.426162e-01 1.406989e+03 1.423283e+03 
2.456364e-01 1.376432e+03 1.391821e+03 
2.486566e-01 1.346768e+03 1.361326e+03 
2.516768e-01 1.317942e+03 1.331759e+03 
2.546970e-01 1.289958e+03 1.303084e+03 
2.577172e-01 1.262823e+03 1.275267e+03 
2.607374e-01 1.236515e+03 1.248276e+03 
2.637576e-01 1.210999e+03 1.222079e+03 
2.667778e-01 1.186235e+03 1.196647e+03 
2.697980e-01 1.162169e+03 1.171951e+03 
2.728182e-01 1.138751e+03 1.147964e+03 
2.758384e-01 1.115960e+03 1.124661e+03 
2.788586e-01 1.093799e+03 1.102016e+03 
2.818788e-01 1.072271e+03 1.080006e+03 
2.848990e-01 1.051356e+03 1.058608e+03 
2.879192e-01 1.031030e+03 1.037800e+03 
2.909394e-01 1.011263e+03 1.017562e+03 
2.939596e-01 9.920204e+02 9.978740e+02 
2.969798e-01 9.732689e+02 9.787167e+02 
3.000000e-01 9.549979e+02 9.600719e+02 
