1.000000e-03 3.661247e+03 3.661244e+03 
4.020202e-03 1.223685e+04 1.233240e+04 
7.040404e-03 1.785529e+04 1.797786e+04 
1.006061e-02 2.129037e+04 2.141154e+04 
1.308081e-02 2.311245e+04 2.322655e+04 
1.610101e-02 2.373837e+04 2.380137e+04 
1.912121e-02 2.349507e+04 2.345031e+04 
2.214141e-02 2.265196e+04 2.250614e+04 
2.516162e-02 2.143291e+04 2.127927e+04 
2.818182e-02 2.002082e+04 1.998711e+04 
3.120202e-02 1.855757e+04 1.874242e+04 
3.422222e-02 1.714633e+04 1.758702e+04 
3.724242e-02 1.585410e+04 1.652769e+04 
4.026263e-02 1.471925e+04 1.555800e+04 
4.328283e-02 1.375042e+04 1.466821e+04 
4.630303e-02 1.293961e+04 1.384894e+04 
4.932323e-02 1.228428e+04 1.309211e+04 
5.234343e-02 1.175068e+04 1.239101e+04 
5.536364e-02 1.129874e+04 1.174002e+04 
5.838384e-02 1.090636e+04 1.113442e+04 
6.140404e-02 1.054440e+04 1.057014e+04 
6.442424e-02 1.018699e+04 1.004364e+04 
6.744444e-02 9.816716e+03 9.551786e+03 
7.046465e-02 9.422024e+03 9.091788e+03 
7.348485e-02 8.999018e+03 8.661136e+03 
7.650505e-02 8.551005e+03 8.257558e+03 
7.952525e-02 8.087173e+03 7.878993e+03 
8.254545e-02 7.619753e+03 7.523564e+03 
8.556566e-02 7.161524e+03 7.189557e+03 
8.858586e-02 6.724192e+03 6.875403e+03 
9.160606e-02 6.317687e+03 6.579668e+03 
9.462626e-02 5.949764e+03 6.301035e+03 
9.764646e-02 5.626185e+03 6.038297e+03 
1.006667e-01 5.349079e+03 5.790343e+03 
1.036869e-01 5.117823e+03 5.556152e+03 
1.067071e-01 4.927778e+03 5.334786e+03 
1.097273e-01 4.772354e+03 5.125379e+03 
1.127475e-01 4.643041e+03 4.927135e+03 
1.157677e-01 4.531306e+03 4.739317e+03 
1.187879e-01 4.428965e+03 4.561247e+03 
1.218081e-01 4.329136e+03 4.392298e+03 
1.248283e-01 4.226029e+03 4.231888e+03 
1.278485e-01 4.115530e+03 4.079481e+03 
1.308687e-01 3.994927e+03 3.934580e+03 
1.338889e-01 3.863690e+03 3.796724e+03 
1.369091e-01 3.722892e+03 3.665486e+03 
1.399293e-01 3.575264e+03 3.540467e+03 
1.429495e-01 3.424252e+03 3.421300e+03 
1.459697e-01 3.273688e+03 3.307642e+03 
1.489899e-01 3.127280e+03 3.199172e+03 
1.520101e-01 2.988459e+03 3.095595e+03 
1.550303e-01 2.860012e+03 2.996633e+03 
1.580505e-01 2.744073e+03 2.902027e+03 
1.610707e-01 2.641922e+03 2.811536e+03 
1.640909e-01 2.553720e+03 2.724936e+03 
1.671111e-01 2.478660e+03 2.642015e+03 
1.701313e-01 2.414957e+03 2.562577e+03 
1.731515e-01 2.360352e+03 2.486436e+03 
1.761717e-01 2.312330e+03 2.413421e+03 
1.791919e-01 2.268464e+03 2.343370e+03 
1.822121e-01 2.226573e+03 2.276129e+03 
1.852323e-01 2.184724e+03 2.211558e+03 
1.882525e-01 2.141248e+03 2.149522e+03 
1.912727e-01 2.094969e+03 2.089894e+03 
1.942929e-01 2.045137e+03 2.032558e+03 
1.973131e-01 1.991744e+03 1.977401e+03 
2.003333e-01 1.935240e+03 1.924318e+03 
2.033535e-01 1.876624e+03 1.873210e+03 
2.063737e-01 1.817080e+03 1.823985e+03 
2.093939e-01 1.757904e+03 1.776555e+03 
2.124141e-01 1.700297e+03 1.730835e+03 
2.154343e-01 1.645343e+03 1.686749e+03 
2.184545e-01 1.593854e+03 1.644222e+03 
2.214747e-01 1.546441e+03 1.603184e+03 
2.244949e-01 1.503406e+03 1.563569e+03 
2.275152e-01 1.464788e+03 1.525314e+03 
2.305354e-01 1.430331e+03 1.488360e+03 
2.335556e-01 1.399574e+03 1.452651e+03 
2.365758e-01 1.371911e+03 1.418132e+03 
2.395960e-01 1.346642e+03 1.384755e+03 
2.426162e-01 1.323029e+03 1.352470e+03 
2.456364e-01 1.300338e+03 1.321233e+03 
2.486566e-01 1.277883e+03 1.290999e+03 
2.516768e-01 1.255065e+03 1.261729e+03 
2.546970e-01 1.231475e+03 1.233382e+03 
2.577172e-01 1.206886e+03 1.205922e+03 
2.607374e-01 1.181311e+03 1.179314e+03 
2.637576e-01 1.154909e+03 1.153523e+03 
2.667778e-01 1.127997e+03 1.128518e+03 
2.697980e-01 1.100922e+03 1.104268e+03 
2.728182e-01 1.074025e+03 1.080744e+03 
2.758384e-01 1.047640e+03 1.057919e+03 
2.788586e-01 1.022090e+03 1.035766e+03 
2.818788e-01 9.976534e+02 1.014259e+03 
2.848990e-01 9.745644e+02 9.933753e+02 
2.879192e-01 9.529697e+02 9.730910e+02 
2.909394e-01 9.329365e+02 9.533844e+02 
2.939596e-01 9.144145e+02 9.342345e+02 
2.969798e-01 8.972674e+02 9.156211e+02 
3.000000e-01 8.812802e+02 8.975251e+02 
