1.000000e-03 2.303526e+03 2.303524e+03 
4.020202e-03 7.714784e+03 7.778546e+03 
7.040404e-03 1.129305e+04 1.136164e+04 
1.006061e-02 1.355713e+04 1.357704e+04 
1.308081e-02 1.489030e+04 1.483781e+04 
1.610101e-02 1.556021e+04 1.543074e+04 
1.912121e-02 1.576036e+04 1.556980e+04 
2.214141e-02 1.563477e+04 1.541907e+04 
2.516162e-02 1.529266e+04 1.509369e+04 
2.818182e-02 1.481636e+04 1.466661e+04 
3.120202e-02 1.426682e+04 1.418218e+04 
3.422222e-02 1.368700e+04 1.366788e+04 
3.724242e-02 1.310568e+04 1.314135e+04 
4.026263e-02 1.254096e+04 1.261431e+04 
4.328283e-02 1.199398e+04 1.209463e+04 
4.630303e-02 1.147645e+04 1.158757e+04 
4.932323e-02 1.099620e+04 1.109654e+04 
5.234343e-02 1.053485e+04 1.062370e+04 
5.536364e-02 1.008697e+04 1.017024e+04 
5.838384e-02 9.656873e+03 9.736713e+03 
6.140404e-02 9.243497e+03 9.323192e+03 
6.442424e-02 8.844369e+03 8.929424e+03 
6.744444e-02 8.458552e+03 8.554928e+03 
7.046465e-02 8.086213e+03 8.199073e+03 
7.348485e-02 7.729193e+03 7.861130e+03 
7.650505e-02 7.389911e+03 7.540314e+03 
7.952525e-02 7.071192e+03 7.235814e+03 
8.254545e-02 6.774067e+03 6.946812e+03 
8.556566e-02 6.497779e+03 6.672499e+03 
8.858586e-02 6.240340e+03 6.412087e+03 
9.160606e-02 5.999228e+03 6.164810e+03 
9.462626e-02 5.773001e+03 5.929937e+03 
9.764646e-02 5.560626e+03 5.706768e+03 
1.006667e-01 5.361012e+03 5.494638e+03 
1.036869e-01 5.172742e+03 5.292918e+03 
1.067071e-01 4.993633e+03 5.101011e+03 
1.097273e-01 4.821551e+03 4.918359e+03 
1.127475e-01 4.654669e+03 4.744432e+03 
1.157677e-01 4.492199e+03 4.578734e+03 
1.187879e-01 4.334446e+03 4.420799e+03 
1.218081e-01 4.182057e+03 4.270190e+03 
1.248283e-01 4.035870e+03 4.126495e+03 
1.278485e-01 3.896443e+03 3.989329e+03 
1.308687e-01 3.763913e+03 3.858331e+03 
1.338889e-01 3.638313e+03 3.733162e+03 
1.369091e-01 3.519455e+03 3.613505e+03 
1.399293e-01 3.407079e+03 3.499060e+03 
1.429495e-01 3.300731e+03 3.389549e+03 
1.459697e-01 3.199873e+03 3.284708e+03 
1.489899e-01 3.103994e+03 3.184292e+03 
1.520101e-01 3.012616e+03 3.088069e+03 
1.550303e-01 2.925288e+03 2.995822e+03 
1.580505e-01 2.841607e+03 2.907347e+03 
1.610707e-01 2.761174e+03 2.822451e+03 
1.640909e-01 2.683567e+03 2.740954e+03 
1.671111e-01 2.608382e+03 2.662686e+03 
1.701313e-01 2.535479e+03 2.587488e+03 
1.731515e-01 2.464887e+03 2.515208e+03 
1.761717e-01 2.396663e+03 2.445706e+03 
1.791919e-01 2.330896e+03 2.378846e+03 
1.822121e-01 2.267631e+03 2.314504e+03 
1.852323e-01 2.206775e+03 2.252560e+03 
1.882525e-01 2.148224e+03 2.192901e+03 
1.912727e-01 2.091936e+03 2.135422e+03 
1.942929e-01 2.037892e+03 2.080022e+03 
1.973131e-01 1.986042e+03 2.026608e+03 
2.003333e-01 1.936303e+03 1.975088e+03 
2.033535e-01 1.888546e+03 1.925378e+03 
2.063737e-01 1.842557e+03 1.877399e+03 
2.093939e-01 1.798134e+03 1.831074e+03 
2.124141e-01 1.755153e+03 1.786330e+03 
2.154343e-01 1.713515e+03 1.743100e+03 
2.184545e-01 1.673175e+03 1.701320e+03 
2.214747e-01 1.634121e+03 1.660926e+03 
2.244949e-01 1.596306e+03 1.621862e+03 
2.275152e-01 1.559642e+03 1.584072e+03 
2.305354e-01 1.524061e+03 1.547503e+03 
2.335556e-01 1.489543e+03 1.512105e+03 
2.365758e-01 1.456079e+03 1.477831e+03 
2.395960e-01 1.423684e+03 1.444635e+03 
2.426162e-01 1.392377e+03 1.412475e+03 
2.456364e-01 1.362111e+03 1.381309e+03 
2.486566e-01 1.332790e+03 1.351098e+03 
2.516768e-01 1.304340e+03 1.321806e+03 
2.546970e-01 1.276730e+03 1.293396e+03 
2.577172e-01 1.249937e+03 1.265835e+03 
2.607374e-01 1.223951e+03 1.239091e+03 
2.637576e-01 1.198760e+03 1.213133e+03 
2.667778e-01 1.174328e+03 1.187931e+03 
2.697980e-01 1.150605e+03 1.163458e+03 
2.728182e-01 1.127542e+03 1.139687e+03 
2.758384e-01 1.105092e+03 1.116592e+03 
2.788586e-01 1.083222e+03 1.094148e+03 
2.818788e-01 1.061931e+03 1.072332e+03 
2.848990e-01 1.041221e+03 1.051123e+03 
2.879192e-01 1.021087e+03 1.030498e+03 
2.909394e-01 1.001523e+03 1.010436e+03 
2.939596e-01 9.825022e+02 9.909190e+02 
2.969798e-01 9.639814e+02 9.719273e+02 
3.000000e-01 9.459316e+02 9.534430e+02 
