1.000000e-03 1.969109e+03 1.969107e+03 
4.020202e-03 6.772605e+03 6.830423e+03 
7.040404e-03 1.003608e+04 1.010215e+04 
1.006061e-02 1.215586e+04 1.217962e+04 
1.308081e-02 1.345260e+04 1.341026e+04 
1.610101e-02 1.415689e+04 1.404291e+04 
1.912121e-02 1.443592e+04 1.426286e+04 
2.214141e-02 1.441478e+04 1.421107e+04 
2.516162e-02 1.418804e+04 1.398757e+04 
2.818182e-02 1.382756e+04 1.365784e+04 
3.120202e-02 1.338661e+04 1.326348e+04 
3.422222e-02 1.290391e+04 1.283139e+04 
3.724242e-02 1.240629e+04 1.237953e+04 
4.026263e-02 1.191135e+04 1.192016e+04 
4.328283e-02 1.142032e+04 1.146176e+04 
4.630303e-02 1.095014e+04 1.101021e+04 
4.932323e-02 1.050969e+04 1.056949e+04 
5.234343e-02 1.008342e+04 1.014224e+04 
5.536364e-02 9.668282e+03 9.730158e+03 
5.838384e-02 9.267420e+03 9.334194e+03 
6.140404e-02 8.881839e+03 8.954808e+03 
6.442424e-02 8.511591e+03 8.592086e+03 
6.744444e-02 8.155459e+03 8.245854e+03 
7.046465e-02 7.812649e+03 7.915753e+03 
7.348485e-02 7.484154e+03 7.601300e+03 
7.650505e-02 7.171399e+03 7.301932e+03 
7.952525e-02 6.876171e+03 7.017032e+03 
8.254545e-02 6.599664e+03 6.745961e+03 
8.556566e-02 6.340994e+03 6.488066e+03 
8.858586e-02 6.098658e+03 6.242701e+03 
9.160606e-02 5.870450e+03 6.009229e+03 
9.462626e-02 5.654393e+03 5.787031e+03 
9.764646e-02 5.449824e+03 5.575510e+03 
1.006667e-01 5.256278e+03 5.374094e+03 
1.036869e-01 5.072947e+03 5.182236e+03 
1.067071e-01 4.898798e+03 4.999417e+03 
1.097273e-01 4.732213e+03 4.825142e+03 
1.127475e-01 4.571626e+03 4.658945e+03 
1.157677e-01 4.416273e+03 4.500386e+03 
1.187879e-01 4.265785e+03 4.349047e+03 
1.218081e-01 4.120598e+03 4.204536e+03 
1.248283e-01 3.981321e+03 4.066484e+03 
1.278485e-01 3.848328e+03 3.934542e+03 
1.308687e-01 3.721843e+03 3.808383e+03 
1.338889e-01 3.601710e+03 3.687700e+03 
1.369091e-01 3.487655e+03 3.572202e+03 
1.399293e-01 3.379339e+03 3.461616e+03 
1.429495e-01 3.276340e+03 3.355687e+03 
1.459697e-01 3.178235e+03 3.254173e+03 
1.489899e-01 3.084601e+03 3.156848e+03 
1.520101e-01 2.995021e+03 3.063498e+03 
1.550303e-01 2.909142e+03 2.973922e+03 
1.580505e-01 2.826706e+03 2.887931e+03 
1.610707e-01 2.747458e+03 2.805346e+03 
1.640909e-01 2.671128e+03 2.726000e+03 
1.671111e-01 2.597441e+03 2.649735e+03 
1.701313e-01 2.526204e+03 2.576401e+03 
1.731515e-01 2.457368e+03 2.505858e+03 
1.761717e-01 2.390901e+03 2.437972e+03 
1.791919e-01 2.326818e+03 2.372619e+03 
1.822121e-01 2.265156e+03 2.309681e+03 
1.852323e-01 2.205885e+03 2.249044e+03 
1.882525e-01 2.148853e+03 2.190604e+03 
1.912727e-01 2.093901e+03 2.134260e+03 
1.942929e-01 2.040956e+03 2.079918e+03 
1.973131e-01 1.989988e+03 2.027489e+03 
2.003333e-01 1.940946e+03 1.976887e+03 
2.033535e-01 1.893730e+03 1.928033e+03 
2.063737e-01 1.848230e+03 1.880849e+03 
2.093939e-01 1.804305e+03 1.835265e+03 
2.124141e-01 1.761796e+03 1.791212e+03 
2.154343e-01 1.720585e+03 1.748624e+03 
2.184545e-01 1.680652e+03 1.707440e+03 
2.214747e-01 1.641990e+03 1.667602e+03 
2.244949e-01 1.604564e+03 1.629053e+03 
2.275152e-01 1.568321e+03 1.591742e+03 
2.305354e-01 1.533206e+03 1.555617e+03 
2.335556e-01 1.499163e+03 1.520631e+03 
2.365758e-01 1.466138e+03 1.486739e+03 
2.395960e-01 1.434113e+03 1.453897e+03 
2.426162e-01 1.403097e+03 1.422063e+03 
2.456364e-01 1.373085e+03 1.391199e+03 
2.486566e-01 1.344021e+03 1.361267e+03 
2.516768e-01 1.315841e+03 1.332231e+03 
2.546970e-01 1.288487e+03 1.304057e+03 
2.577172e-01 1.261905e+03 1.276712e+03 
2.607374e-01 1.236055e+03 1.250166e+03 
2.637576e-01 1.210939e+03 1.224389e+03 
2.667778e-01 1.186566e+03 1.199353e+03 
2.697980e-01 1.162917e+03 1.175030e+03 
2.728182e-01 1.139945e+03 1.151395e+03 
2.758384e-01 1.117604e+03 1.128422e+03 
2.788586e-01 1.095856e+03 1.106089e+03 
2.818788e-01 1.074670e+03 1.084372e+03 
2.848990e-01 1.054031e+03 1.063250e+03 
2.879192e-01 1.033945e+03 1.042702e+03 
2.909394e-01 1.014414e+03 1.022708e+03 
2.939596e-01 9.954204e+02 1.003250e+03 
2.969798e-01 9.769399e+02 9.843081e+02 
3.000000e-01 9.589467e+02 9.658657e+02 
