1.000000e-03 4.140311e+03 4.140308e+03 
4.020202e-03 1.354764e+04 1.365483e+04 
7.040404e-03 1.959754e+04 1.973610e+04 
1.006061e-02 2.323949e+04 2.337883e+04 
1.308081e-02 2.512586e+04 2.526310e+04 
1.610101e-02 2.572307e+04 2.581132e+04 
1.912121e-02 2.538803e+04 2.536209e+04 
2.214141e-02 2.441254e+04 2.426969e+04 
2.516162e-02 2.303842e+04 2.287009e+04 
2.818182e-02 2.146026e+04 2.140441e+04 
3.120202e-02 1.983124e+04 2.000033e+04 
3.422222e-02 1.826189e+04 1.870531e+04 
3.724242e-02 1.682457e+04 1.752619e+04 
4.026263e-02 1.556077e+04 1.645418e+04 
4.328283e-02 1.448256e+04 1.547670e+04 
4.630303e-02 1.357951e+04 1.458173e+04 
4.932323e-02 1.284804e+04 1.375905e+04 
5.234343e-02 1.225937e+04 1.300022e+04 
5.536364e-02 1.176750e+04 1.229826e+04 
5.838384e-02 1.134674e+04 1.164739e+04 
6.140404e-02 1.096728e+04 1.104268e+04 
6.442424e-02 1.059918e+04 1.047990e+04 
6.744444e-02 1.022292e+04 9.955376e+03 
7.046465e-02 9.824693e+03 9.465843e+03 
7.348485e-02 9.397427e+03 9.008407e+03 
7.650505e-02 8.942030e+03 8.580473e+03 
7.952525e-02 8.465787e+03 8.179705e+03 
8.254545e-02 7.979972e+03 7.803987e+03 
8.556566e-02 7.497944e+03 7.451402e+03 
8.858586e-02 7.032579e+03 7.120203e+03 
9.160606e-02 6.595206e+03 6.808801e+03 
9.462626e-02 6.195089e+03 6.515743e+03 
9.764646e-02 5.839051e+03 6.239701e+03 
1.006667e-01 5.531062e+03 5.979460e+03 
1.036869e-01 5.271587e+03 5.733905e+03 
1.067071e-01 5.057547e+03 5.502012e+03 
1.097273e-01 4.883079e+03 5.282844e+03 
1.127475e-01 4.740270e+03 5.075534e+03 
1.157677e-01 4.620438e+03 4.879289e+03 
1.187879e-01 4.515220e+03 4.693374e+03 
1.218081e-01 4.416809e+03 4.517115e+03 
1.248283e-01 4.318427e+03 4.349887e+03 
1.278485e-01 4.214605e+03 4.191114e+03 
1.308687e-01 4.101439e+03 4.040262e+03 
1.338889e-01 3.977127e+03 3.896839e+03 
1.369091e-01 3.841581e+03 3.760387e+03 
1.399293e-01 3.696756e+03 3.630482e+03 
1.429495e-01 3.545636e+03 3.506730e+03 
1.459697e-01 3.392030e+03 3.388768e+03 
1.489899e-01 3.239802e+03 3.276254e+03 
1.520101e-01 3.092572e+03 3.168873e+03 
1.550303e-01 2.953640e+03 3.066332e+03 
1.580505e-01 2.825900e+03 2.968355e+03 
1.610707e-01 2.711349e+03 2.874687e+03 
1.640909e-01 2.611191e+03 2.785090e+03 
1.671111e-01 2.525285e+03 2.699340e+03 
1.701313e-01 2.452659e+03 2.617231e+03 
1.731515e-01 2.391253e+03 2.538566e+03 
1.761717e-01 2.338710e+03 2.463163e+03 
1.791919e-01 2.292524e+03 2.390852e+03 
1.822121e-01 2.250332e+03 2.321473e+03 
1.852323e-01 2.209948e+03 2.254876e+03 
1.882525e-01 2.169443e+03 2.190919e+03 
1.912727e-01 2.127123e+03 2.129470e+03 
1.942929e-01 2.081790e+03 2.070404e+03 
1.973131e-01 2.032669e+03 2.013606e+03 
2.003333e-01 1.979737e+03 1.958963e+03 
2.033535e-01 1.923457e+03 1.906374e+03 
2.063737e-01 1.864861e+03 1.855740e+03 
2.093939e-01 1.805183e+03 1.806969e+03 
2.124141e-01 1.745779e+03 1.759974e+03 
2.154343e-01 1.687868e+03 1.714673e+03 
2.184545e-01 1.632540e+03 1.670989e+03 
2.214747e-01 1.580627e+03 1.628848e+03 
2.244949e-01 1.532766e+03 1.588181e+03 
2.275152e-01 1.489292e+03 1.548923e+03 
2.305354e-01 1.450305e+03 1.511011e+03 
2.335556e-01 1.415625e+03 1.474388e+03 
2.365758e-01 1.384843e+03 1.438997e+03 
2.395960e-01 1.357365e+03 1.404785e+03 
2.426162e-01 1.332483e+03 1.371704e+03 
2.456364e-01 1.309435e+03 1.339704e+03 
2.486566e-01 1.287445e+03 1.308742e+03 
2.516768e-01 1.265780e+03 1.278775e+03 
2.546970e-01 1.243826e+03 1.249761e+03 
2.577172e-01 1.221127e+03 1.221662e+03 
2.607374e-01 1.197424e+03 1.194442e+03 
2.637576e-01 1.172668e+03 1.168065e+03 
2.667778e-01 1.146977e+03 1.142498e+03 
2.697980e-01 1.120595e+03 1.117710e+03 
2.728182e-01 1.093831e+03 1.093670e+03 
2.758384e-01 1.067047e+03 1.070349e+03 
2.788586e-01 1.040609e+03 1.047721e+03 
2.818788e-01 1.014866e+03 1.025758e+03 
2.848990e-01 9.901322e+02 1.004437e+03 
2.879192e-01 9.666802e+02 9.837321e+02 
2.909394e-01 9.446929e+02 9.636217e+02 
2.939596e-01 9.242734e+02 9.440838e+02 
2.969798e-01 9.053986e+02 9.250976e+02 
3.000000e-01 8.879738e+02 9.066433e+02 
