1.000000e-03 2.351178e+03 2.351176e+03 
4.020202e-03 7.869564e+03 7.932273e+03 
7.040404e-03 1.154575e+04 1.161454e+04 
1.006061e-02 1.388595e+04 1.391264e+04 
1.308081e-02 1.526355e+04 1.522748e+04 
1.610101e-02 1.594452e+04 1.583712e+04 
1.912121e-02 1.612529e+04 1.595714e+04 
2.214141e-02 1.595727e+04 1.576490e+04 
2.516162e-02 1.555760e+04 1.539142e+04 
2.818182e-02 1.501835e+04 1.491980e+04 
3.120202e-02 1.440756e+04 1.439814e+04 
3.422222e-02 1.377470e+04 1.385403e+04 
3.724242e-02 1.315259e+04 1.330391e+04 
4.026263e-02 1.256121e+04 1.275811e+04 
4.328283e-02 1.200131e+04 1.222330e+04 
4.630303e-02 1.148399e+04 1.170384e+04 
4.932323e-02 1.101404e+04 1.120248e+04 
5.234343e-02 1.057033e+04 1.072088e+04 
5.536364e-02 1.014301e+04 1.025988e+04 
5.838384e-02 9.730441e+03 9.819786e+03 
6.140404e-02 9.331108e+03 9.400477e+03 
6.442424e-02 8.942309e+03 9.001559e+03 
6.744444e-02 8.560047e+03 8.622444e+03 
7.046465e-02 8.183777e+03 8.262415e+03 
7.348485e-02 7.815640e+03 7.920680e+03 
7.650505e-02 7.460075e+03 7.596402e+03 
7.952525e-02 7.121827e+03 7.288726e+03 
8.254545e-02 6.805117e+03 6.996802e+03 
8.556566e-02 6.511400e+03 6.719790e+03 
8.858586e-02 6.240260e+03 6.456878e+03 
9.160606e-02 5.990060e+03 6.207282e+03 
9.462626e-02 5.759117e+03 5.970250e+03 
9.764646e-02 5.545997e+03 5.745069e+03 
1.006667e-01 5.349240e+03 5.531060e+03 
1.036869e-01 5.166967e+03 5.327581e+03 
1.067071e-01 4.996065e+03 5.134029e+03 
1.097273e-01 4.833273e+03 4.949831e+03 
1.127475e-01 4.675472e+03 4.774454e+03 
1.157677e-01 4.520498e+03 4.607392e+03 
1.187879e-01 4.367651e+03 4.448173e+03 
1.218081e-01 4.216913e+03 4.296354e+03 
1.248283e-01 4.069316e+03 4.151517e+03 
1.278485e-01 3.925971e+03 4.013274e+03 
1.308687e-01 3.787888e+03 3.881257e+03 
1.338889e-01 3.655941e+03 3.755125e+03 
1.369091e-01 3.530631e+03 3.634556e+03 
1.399293e-01 3.412292e+03 3.519247e+03 
1.429495e-01 3.300874e+03 3.408917e+03 
1.459697e-01 3.196209e+03 3.303300e+03 
1.489899e-01 3.097982e+03 3.202146e+03 
1.520101e-01 3.005811e+03 3.105223e+03 
1.550303e-01 2.919161e+03 3.012309e+03 
1.580505e-01 2.837421e+03 2.923200e+03 
1.610707e-01 2.759784e+03 2.837702e+03 
1.640909e-01 2.685373e+03 2.755631e+03 
1.671111e-01 2.613412e+03 2.676816e+03 
1.701313e-01 2.543217e+03 2.601097e+03 
1.731515e-01 2.474502e+03 2.528320e+03 
1.761717e-01 2.407254e+03 2.458342e+03 
1.791919e-01 2.341590e+03 2.391030e+03 
1.822121e-01 2.277725e+03 2.326254e+03 
1.852323e-01 2.215771e+03 2.263896e+03 
1.882525e-01 2.155738e+03 2.203841e+03 
1.912727e-01 2.097683e+03 2.145984e+03 
1.942929e-01 2.041736e+03 2.090222e+03 
1.973131e-01 1.988042e+03 2.036460e+03 
2.003333e-01 1.936770e+03 1.984608e+03 
2.033535e-01 1.887975e+03 1.934580e+03 
2.063737e-01 1.841500e+03 1.886295e+03 
2.093939e-01 1.797131e+03 1.839677e+03 
2.124141e-01 1.754565e+03 1.794653e+03 
2.154343e-01 1.713530e+03 1.751153e+03 
2.184545e-01 1.673872e+03 1.709114e+03 
2.214747e-01 1.635470e+03 1.668472e+03 
2.244949e-01 1.598248e+03 1.629169e+03 
2.275152e-01 1.562133e+03 1.591149e+03 
2.305354e-01 1.527010e+03 1.554359e+03 
2.335556e-01 1.492768e+03 1.518749e+03 
2.365758e-01 1.459361e+03 1.484270e+03 
2.395960e-01 1.426775e+03 1.450877e+03 
2.426162e-01 1.395062e+03 1.418528e+03 
2.456364e-01 1.364291e+03 1.387179e+03 
2.486566e-01 1.334477e+03 1.356793e+03 
2.516768e-01 1.305602e+03 1.327331e+03 
2.546970e-01 1.277641e+03 1.298758e+03 
2.577172e-01 1.250570e+03 1.271040e+03 
2.607374e-01 1.224368e+03 1.244144e+03 
2.637576e-01 1.199026e+03 1.218039e+03 
2.667778e-01 1.174517e+03 1.192696e+03 
2.697980e-01 1.150804e+03 1.168087e+03 
2.728182e-01 1.127835e+03 1.144183e+03 
2.758384e-01 1.105538e+03 1.120961e+03 
2.788586e-01 1.083852e+03 1.098394e+03 
2.818788e-01 1.062724e+03 1.076460e+03 
2.848990e-01 1.042120e+03 1.055135e+03 
2.879192e-01 1.022029e+03 1.034399e+03 
2.909394e-01 1.002444e+03 1.014230e+03 
2.939596e-01 9.833573e+02 9.946094e+02 
2.969798e-01 9.647615e+02 9.755173e+02 
3.000000e-01 9.466430e+02 9.569358e+02 
