1.000000e-03 2.594481e+03 2.594479e+03 
4.020202e-03 8.648637e+03 8.716889e+03 
7.040404e-03 1.266740e+04 1.274444e+04 
1.006061e-02 1.520999e+04 1.524887e+04 
1.308081e-02 1.668343e+04 1.666472e+04 
1.610101e-02 1.737842e+04 1.728908e+04 
1.912121e-02 1.751214e+04 1.735653e+04 
2.214141e-02 1.725561e+04 1.707026e+04 
2.516162e-02 1.674197e+04 1.658715e+04 
2.818182e-02 1.607761e+04 1.600762e+04 
3.120202e-02 1.534269e+04 1.538756e+04 
3.422222e-02 1.459529e+04 1.475639e+04 
3.724242e-02 1.387347e+04 1.412986e+04 
4.026263e-02 1.320030e+04 1.351685e+04 
4.328283e-02 1.258373e+04 1.292258e+04 
4.630303e-02 1.202081e+04 1.235015e+04 
4.932323e-02 1.151492e+04 1.180134e+04 
5.234343e-02 1.105488e+04 1.127698e+04 
5.536364e-02 1.061766e+04 1.077729e+04 
5.838384e-02 1.019810e+04 1.030204e+04 
6.140404e-02 9.793010e+03 9.850699e+03 
6.442424e-02 9.394403e+03 9.422503e+03 
6.744444e-02 8.997627e+03 9.016563e+03 
7.046465e-02 8.601272e+03 8.631907e+03 
7.348485e-02 8.207414e+03 8.267516e+03 
7.650505e-02 7.821050e+03 7.922360e+03 
7.952525e-02 7.448818e+03 7.595412e+03 
8.254545e-02 7.096685e+03 7.285670e+03 
8.556566e-02 6.768571e+03 6.992163e+03 
8.858586e-02 6.465993e+03 6.713958e+03 
9.160606e-02 6.188785e+03 6.450164e+03 
9.462626e-02 5.936092e+03 6.199937e+03 
9.764646e-02 5.706811e+03 5.962475e+03 
1.006667e-01 5.499401e+03 5.737025e+03 
1.036869e-01 5.311502e+03 5.522876e+03 
1.067071e-01 5.139166e+03 5.319359e+03 
1.097273e-01 4.978086e+03 5.125849e+03 
1.127475e-01 4.823744e+03 4.941757e+03 
1.157677e-01 4.672383e+03 4.766534e+03 
1.187879e-01 4.522005e+03 4.599665e+03 
1.218081e-01 4.371616e+03 4.440666e+03 
1.248283e-01 4.221749e+03 4.289087e+03 
1.278485e-01 4.073334e+03 4.144505e+03 
1.308687e-01 3.927690e+03 4.006526e+03 
1.338889e-01 3.786138e+03 3.874779e+03 
1.369091e-01 3.649935e+03 3.748918e+03 
1.399293e-01 3.520147e+03 3.628619e+03 
1.429495e-01 3.397562e+03 3.513579e+03 
1.459697e-01 3.282680e+03 3.403513e+03 
1.489899e-01 3.175637e+03 3.298154e+03 
1.520101e-01 3.076342e+03 3.197253e+03 
1.550303e-01 2.984451e+03 3.100574e+03 
1.580505e-01 2.899339e+03 3.007898e+03 
1.610707e-01 2.820087e+03 2.919018e+03 
1.640909e-01 2.745587e+03 2.833741e+03 
1.671111e-01 2.674569e+03 2.751882e+03 
1.701313e-01 2.605936e+03 2.673272e+03 
1.731515e-01 2.538773e+03 2.597749e+03 
1.761717e-01 2.472605e+03 2.525159e+03 
1.791919e-01 2.407303e+03 2.455362e+03 
1.822121e-01 2.342884e+03 2.388221e+03 
1.852323e-01 2.279460e+03 2.323610e+03 
1.882525e-01 2.217156e+03 2.261409e+03 
1.912727e-01 2.156118e+03 2.201504e+03 
1.942929e-01 2.096644e+03 2.143790e+03 
1.973131e-01 2.039120e+03 2.088164e+03 
2.003333e-01 1.983924e+03 2.034532e+03 
2.033535e-01 1.931395e+03 1.982803e+03 
2.063737e-01 1.881616e+03 1.932892e+03 
2.093939e-01 1.834522e+03 1.884720e+03 
2.124141e-01 1.789886e+03 1.838208e+03 
2.154343e-01 1.747416e+03 1.793284e+03 
2.184545e-01 1.706865e+03 1.749881e+03 
2.214747e-01 1.668006e+03 1.707933e+03 
2.244949e-01 1.630640e+03 1.667378e+03 
2.275152e-01 1.594570e+03 1.628157e+03 
2.305354e-01 1.559557e+03 1.590216e+03 
2.335556e-01 1.525371e+03 1.553500e+03 
2.365758e-01 1.491874e+03 1.517961e+03 
2.395960e-01 1.458982e+03 1.483549e+03 
2.426162e-01 1.426712e+03 1.450220e+03 
2.456364e-01 1.395110e+03 1.417931e+03 
2.486566e-01 1.364242e+03 1.386640e+03 
2.516768e-01 1.334165e+03 1.356308e+03 
2.546970e-01 1.304911e+03 1.326897e+03 
2.577172e-01 1.276505e+03 1.298373e+03 
2.607374e-01 1.248985e+03 1.270701e+03 
2.637576e-01 1.222390e+03 1.243849e+03 
2.667778e-01 1.196763e+03 1.217786e+03 
2.697980e-01 1.172117e+03 1.192483e+03 
2.728182e-01 1.148406e+03 1.167910e+03 
2.758384e-01 1.125554e+03 1.144043e+03 
2.788586e-01 1.103456e+03 1.120853e+03 
2.818788e-01 1.082018e+03 1.098318e+03 
2.848990e-01 1.061170e+03 1.076414e+03 
2.879192e-01 1.040862e+03 1.055118e+03 
2.909394e-01 1.021063e+03 1.034409e+03 
2.939596e-01 1.001745e+03 1.014265e+03 
2.969798e-01 9.828804e+02 9.946682e+02 
3.000000e-01 9.644447e+02 9.755986e+02 
