1.000000e-03 7.048671e+03 7.048664e+03 
4.020202e-03 2.358306e+04 2.377381e+04 
7.040404e-03 3.438445e+04 3.467918e+04 
1.006061e-02 4.086813e+04 4.130155e+04 
1.308081e-02 4.407502e+04 4.472588e+04 
1.610101e-02 4.477839e+04 4.556212e+04 
1.912121e-02 4.360938e+04 4.424528e+04 
2.214141e-02 4.111400e+04 4.131831e+04 
2.516162e-02 3.777335e+04 3.748996e+04 
2.818182e-02 3.400081e+04 3.345122e+04 
3.120202e-02 3.013216e+04 2.967557e+04 
3.422222e-02 2.642307e+04 2.637656e+04 
3.724242e-02 2.304755e+04 2.358617e+04 
4.026263e-02 2.010890e+04 2.124992e+04 
4.328283e-02 1.763655e+04 1.928863e+04 
4.630303e-02 1.563137e+04 1.762709e+04 
4.932323e-02 1.407712e+04 1.620315e+04 
5.234343e-02 1.291224e+04 1.496842e+04 
5.536364e-02 1.207085e+04 1.388601e+04 
5.838384e-02 1.148887e+04 1.292798e+04 
6.140404e-02 1.110201e+04 1.207298e+04 
6.442424e-02 1.084854e+04 1.130452e+04 
6.744444e-02 1.067330e+04 1.060970e+04 
7.046465e-02 1.052759e+04 9.978246e+03 
7.348485e-02 1.036733e+04 9.401873e+03 
7.650505e-02 1.015614e+04 8.873785e+03 
7.952525e-02 9.868401e+03 8.388342e+03 
8.254545e-02 9.491573e+03 7.940804e+03 
8.556566e-02 9.027131e+03 7.527145e+03 
8.858586e-02 8.487620e+03 7.143913e+03 
9.160606e-02 7.893996e+03 6.788122e+03 
9.462626e-02 7.272705e+03 6.457172e+03 
9.764646e-02 6.650611e+03 6.148783e+03 
1.006667e-01 6.053712e+03 5.860944e+03 
1.036869e-01 5.502959e+03 5.591873e+03 
1.067071e-01 5.014731e+03 5.339985e+03 
1.097273e-01 4.597964e+03 5.103864e+03 
1.127475e-01 4.256733e+03 4.882238e+03 
1.157677e-01 3.989910e+03 4.673964e+03 
1.187879e-01 3.792805e+03 4.478012e+03 
1.218081e-01 3.658092e+03 4.293449e+03 
1.248283e-01 3.576288e+03 4.119428e+03 
1.278485e-01 3.536708e+03 3.955181e+03 
1.308687e-01 3.527468e+03 3.800008e+03 
1.338889e-01 3.536401e+03 3.653270e+03 
1.369091e-01 3.551337e+03 3.514383e+03 
1.399293e-01 3.561210e+03 3.382813e+03 
1.429495e-01 3.556175e+03 3.258068e+03 
1.459697e-01 3.528832e+03 3.139698e+03 
1.489899e-01 3.473846e+03 3.027289e+03 
1.520101e-01 3.388634e+03 2.920460e+03 
1.550303e-01 3.273586e+03 2.818858e+03 
1.580505e-01 3.131845e+03 2.722157e+03 
1.610707e-01 2.969538e+03 2.630058e+03 
1.640909e-01 2.794313e+03 2.542282e+03 
1.671111e-01 2.614791e+03 2.458571e+03 
1.701313e-01 2.439042e+03 2.378685e+03 
1.731515e-01 2.273990e+03 2.302402e+03 
1.761717e-01 2.124633e+03 2.229516e+03 
1.791919e-01 1.994396e+03 2.159834e+03 
1.822121e-01 1.884964e+03 2.093177e+03 
1.852323e-01 1.797026e+03 2.029378e+03 
1.882525e-01 1.730214e+03 1.968281e+03 
1.912727e-01 1.683302e+03 1.909740e+03 
1.942929e-01 1.654197e+03 1.853619e+03 
1.973131e-01 1.639879e+03 1.799792e+03 
2.003333e-01 1.636753e+03 1.748137e+03 
2.033535e-01 1.640755e+03 1.698545e+03 
2.063737e-01 1.647816e+03 1.650910e+03 
2.093939e-01 1.654053e+03 1.605133e+03 
2.124141e-01 1.656112e+03 1.561122e+03 
2.154343e-01 1.651185e+03 1.518791e+03 
2.184545e-01 1.637282e+03 1.478058e+03 
2.214747e-01 1.613083e+03 1.438845e+03 
2.244949e-01 1.578259e+03 1.401081e+03 
2.275152e-01 1.533316e+03 1.364697e+03 
2.305354e-01 1.479670e+03 1.329629e+03 
2.335556e-01 1.419475e+03 1.295816e+03 
2.365758e-01 1.355323e+03 1.263201e+03 
2.395960e-01 1.289933e+03 1.231730e+03 
2.426162e-01 1.225872e+03 1.201352e+03 
2.456364e-01 1.165317e+03 1.172017e+03 
2.486566e-01 1.110012e+03 1.143681e+03 
2.516768e-01 1.061264e+03 1.116300e+03 
2.546970e-01 1.019857e+03 1.089833e+03 
2.577172e-01 9.861788e+02 1.064240e+03 
2.607374e-01 9.600934e+02 1.039486e+03 
2.637576e-01 9.411148e+02 1.015535e+03 
2.667778e-01 9.283746e+02 9.923532e+02 
2.697980e-01 9.207413e+02 9.699096e+02 
2.728182e-01 9.168979e+02 9.481741e+02 
2.758384e-01 9.154470e+02 9.271181e+02 
2.788586e-01 9.149949e+02 9.067145e+02 
2.818788e-01 9.142261e+02 8.869374e+02 
2.848990e-01 9.119575e+02 8.677622e+02 
2.879192e-01 9.071742e+02 8.491656e+02 
2.909394e-01 8.991263e+02 8.311251e+02 
2.939596e-01 8.873033e+02 8.136195e+02 
2.969798e-01 8.715852e+02 7.966286e+02 
3.000000e-01 8.521439e+02 7.801330e+02 
