1.000000e-03 5.130849e+03 5.130844e+03 
4.020202e-03 1.708511e+04 1.721966e+04 
7.040404e-03 2.506529e+04 2.526812e+04 
1.006061e-02 3.004633e+04 3.032190e+04 
1.308081e-02 3.273052e+04 3.311980e+04 
1.610101e-02 3.364141e+04 3.409159e+04 
1.912121e-02 3.320699e+04 3.354911e+04 
2.214141e-02 3.179754e+04 3.186702e+04 
2.516162e-02 2.973905e+04 2.951716e+04 
2.818182e-02 2.731312e+04 2.695230e+04 
3.120202e-02 2.475257e+04 2.448527e+04 
3.422222e-02 2.223820e+04 2.226630e+04 
3.724242e-02 1.989873e+04 2.033175e+04 
4.026263e-02 1.781652e+04 1.866152e+04 
4.328283e-02 1.602498e+04 1.721673e+04 
4.630303e-02 1.453360e+04 1.595767e+04 
4.932323e-02 1.334217e+04 1.485026e+04 
5.234343e-02 1.241762e+04 1.386719e+04 
5.536364e-02 1.171513e+04 1.298712e+04 
5.838384e-02 1.118966e+04 1.219349e+04 
6.140404e-02 1.080097e+04 1.147336e+04 
6.442424e-02 1.050752e+04 1.081651e+04 
6.744444e-02 1.026787e+04 1.021472e+04 
7.046465e-02 1.004376e+04 9.661329e+03 
7.348485e-02 9.804100e+03 9.150805e+03 
7.650505e-02 9.525719e+03 8.678521e+03 
7.952525e-02 9.194356e+03 8.240551e+03 
8.254545e-02 8.805954e+03 7.833524e+03 
8.556566e-02 8.365098e+03 7.454523e+03 
8.858586e-02 7.882439e+03 7.100997e+03 
9.160606e-02 7.372824e+03 6.770702e+03 
9.462626e-02 6.853692e+03 6.461653e+03 
9.764646e-02 6.342787e+03 6.172081e+03 
1.006667e-01 5.857221e+03 5.900408e+03 
1.036869e-01 5.411454e+03 5.645214e+03 
1.067071e-01 5.016892e+03 5.405221e+03 
1.097273e-01 4.679711e+03 5.179275e+03 
1.127475e-01 4.402325e+03 4.966330e+03 
1.157677e-01 4.182290e+03 4.765436e+03 
1.187879e-01 4.014781e+03 4.575727e+03 
1.218081e-01 3.892745e+03 4.396413e+03 
1.248283e-01 3.808073e+03 4.226774e+03 
1.278485e-01 3.751927e+03 4.066148e+03 
1.308687e-01 3.715115e+03 3.913929e+03 
1.338889e-01 3.688395e+03 3.769561e+03 
1.369091e-01 3.662749e+03 3.632532e+03 
1.399293e-01 3.630082e+03 3.502369e+03 
1.429495e-01 3.583644e+03 3.378638e+03 
1.459697e-01 3.518909e+03 3.260937e+03 
1.489899e-01 3.433294e+03 3.148893e+03 
1.520101e-01 3.326935e+03 3.042163e+03 
1.550303e-01 3.201647e+03 2.940428e+03 
1.580505e-01 3.061189e+03 2.843392e+03 
1.610707e-01 2.910401e+03 2.750780e+03 
1.640909e-01 2.755036e+03 2.662338e+03 
1.671111e-01 2.600875e+03 2.577827e+03 
1.701313e-01 2.453426e+03 2.497026e+03 
1.731515e-01 2.317097e+03 2.419728e+03 
1.761717e-01 2.195293e+03 2.345742e+03 
1.791919e-01 2.089980e+03 2.274887e+03 
1.822121e-01 2.001995e+03 2.206995e+03 
1.852323e-01 1.931144e+03 2.141909e+03 
1.882525e-01 1.876369e+03 2.079483e+03 
1.912727e-01 1.836038e+03 2.019578e+03 
1.942929e-01 1.807872e+03 1.962064e+03 
1.973131e-01 1.789212e+03 1.906822e+03 
2.003333e-01 1.777004e+03 1.853736e+03 
2.033535e-01 1.768114e+03 1.802701e+03 
2.063737e-01 1.759433e+03 1.753614e+03 
2.093939e-01 1.748247e+03 1.706383e+03 
2.124141e-01 1.732252e+03 1.660917e+03 
2.154343e-01 1.709884e+03 1.617133e+03 
2.184545e-01 1.680193e+03 1.574952e+03 
2.214747e-01 1.642951e+03 1.534299e+03 
2.244949e-01 1.598620e+03 1.495103e+03 
2.275152e-01 1.548205e+03 1.457299e+03 
2.305354e-01 1.493262e+03 1.420823e+03 
2.335556e-01 1.435603e+03 1.385616e+03 
2.365758e-01 1.377213e+03 1.351622e+03 
2.395960e-01 1.319972e+03 1.318787e+03 
2.426162e-01 1.265566e+03 1.287062e+03 
2.456364e-01 1.215326e+03 1.256398e+03 
2.486566e-01 1.170283e+03 1.226750e+03 
2.516768e-01 1.131040e+03 1.198076e+03 
2.546970e-01 1.097899e+03 1.170334e+03 
2.577172e-01 1.070789e+03 1.143486e+03 
2.607374e-01 1.049332e+03 1.117496e+03 
2.637576e-01 1.032856e+03 1.092327e+03 
2.667778e-01 1.020432e+03 1.067948e+03 
2.697980e-01 1.010986e+03 1.044326e+03 
2.728182e-01 1.003367e+03 1.021432e+03 
2.758384e-01 9.964587e+02 9.992372e+02 
2.788586e-01 9.892386e+02 9.777138e+02 
2.818788e-01 9.808487e+02 9.568362e+02 
2.848990e-01 9.705974e+02 9.365797e+02 
2.879192e-01 9.580121e+02 9.169207e+02 
2.909394e-01 9.427931e+02 8.978367e+02 
2.939596e-01 9.248977e+02 8.793061e+02 
2.969798e-01 9.044834e+02 8.613086e+02 
3.000000e-01 8.819440e+02 8.438245e+02 
