1.000000e-03 4.150924e+03 4.150921e+03 
4.020202e-03 1.380455e+04 1.391331e+04 
7.040404e-03 2.017735e+04 2.032899e+04 
1.006061e-02 2.411259e+04 2.429049e+04 
1.308081e-02 2.621831e+04 2.643307e+04 
1.610101e-02 2.694253e+04 2.714457e+04 
1.912121e-02 2.664202e+04 2.673031e+04 
2.214141e-02 2.561570e+04 2.553575e+04 
2.516162e-02 2.412091e+04 2.393235e+04 
2.818182e-02 2.237158e+04 2.222202e+04 
3.120202e-02 2.054068e+04 2.058330e+04 
3.422222e-02 1.875747e+04 1.908964e+04 
3.724242e-02 1.711070e+04 1.775396e+04 
4.026263e-02 1.565525e+04 1.656351e+04 
4.328283e-02 1.440913e+04 1.549849e+04 
4.630303e-02 1.337039e+04 1.453974e+04 
4.932323e-02 1.254141e+04 1.367106e+04 
5.234343e-02 1.189053e+04 1.287938e+04 
5.536364e-02 1.137480e+04 1.215429e+04 
5.838384e-02 1.096089e+04 1.148743e+04 
6.140404e-02 1.061742e+04 1.087203e+04 
6.442424e-02 1.031205e+04 1.030249e+04 
6.744444e-02 1.001377e+04 9.774119e+03 
7.046465e-02 9.699666e+03 9.282920e+03 
7.348485e-02 9.354202e+03 8.825443e+03 
7.650505e-02 8.969542e+03 8.398679e+03 
7.952525e-02 8.546355e+03 7.999976e+03 
8.254545e-02 8.092364e+03 7.626984e+03 
8.556566e-02 7.619435e+03 7.277602e+03 
8.858586e-02 7.141567e+03 6.949949e+03 
9.160606e-02 6.673024e+03 6.642325e+03 
9.462626e-02 6.226884e+03 6.353199e+03 
9.764646e-02 5.814870e+03 6.081177e+03 
1.006667e-01 5.446024e+03 5.824997e+03 
1.036869e-01 5.126792e+03 5.583505e+03 
1.067071e-01 4.858900e+03 5.355650e+03 
1.097273e-01 4.640969e+03 5.140471e+03 
1.127475e-01 4.468143e+03 4.937087e+03 
1.157677e-01 4.333463e+03 4.744690e+03 
1.187879e-01 4.228520e+03 4.562539e+03 
1.218081e-01 4.144755e+03 4.389950e+03 
1.248283e-01 4.073730e+03 4.226297e+03 
1.278485e-01 4.007531e+03 4.070998e+03 
1.308687e-01 3.939026e+03 3.923521e+03 
1.338889e-01 3.862262e+03 3.783371e+03 
1.369091e-01 3.773138e+03 3.650092e+03 
1.399293e-01 3.669332e+03 3.523261e+03 
1.429495e-01 3.550861e+03 3.402485e+03 
1.459697e-01 3.419251e+03 3.287403e+03 
1.489899e-01 3.277801e+03 3.177675e+03 
1.520101e-01 3.130466e+03 3.072989e+03 
1.550303e-01 2.981681e+03 2.973052e+03 
1.580505e-01 2.835873e+03 2.877595e+03 
1.610707e-01 2.697321e+03 2.786362e+03 
1.640909e-01 2.569542e+03 2.699119e+03 
1.671111e-01 2.455307e+03 2.615646e+03 
1.701313e-01 2.355965e+03 2.535737e+03 
1.731515e-01 2.271915e+03 2.459199e+03 
1.761717e-01 2.202414e+03 2.385854e+03 
1.791919e-01 2.145976e+03 2.315532e+03 
1.822121e-01 2.100503e+03 2.248076e+03 
1.852323e-01 2.063640e+03 2.183338e+03 
1.882525e-01 2.032890e+03 2.121181e+03 
1.912727e-01 2.005639e+03 2.061472e+03 
1.942929e-01 1.979347e+03 2.004091e+03 
1.973131e-01 1.951680e+03 1.948923e+03 
2.003333e-01 1.920757e+03 1.895858e+03 
2.033535e-01 1.885207e+03 1.844796e+03 
2.063737e-01 1.844445e+03 1.795641e+03 
2.093939e-01 1.798449e+03 1.748302e+03 
2.124141e-01 1.747886e+03 1.702694e+03 
2.154343e-01 1.693766e+03 1.658737e+03 
2.184545e-01 1.637442e+03 1.616355e+03 
2.214747e-01 1.580357e+03 1.575476e+03 
2.244949e-01 1.523990e+03 1.536033e+03 
2.275152e-01 1.469723e+03 1.497961e+03 
2.305354e-01 1.418795e+03 1.461200e+03 
2.335556e-01 1.372071e+03 1.425693e+03 
2.365758e-01 1.330140e+03 1.391384e+03 
2.395960e-01 1.293217e+03 1.358223e+03 
2.426162e-01 1.261248e+03 1.326161e+03 
2.456364e-01 1.233917e+03 1.295151e+03 
2.486566e-01 1.210658e+03 1.265150e+03 
2.516768e-01 1.190750e+03 1.236115e+03 
2.546970e-01 1.173341e+03 1.208008e+03 
2.577172e-01 1.157520e+03 1.180790e+03 
2.607374e-01 1.142327e+03 1.154425e+03 
2.637576e-01 1.126915e+03 1.128879e+03 
2.667778e-01 1.110592e+03 1.104121e+03 
2.697980e-01 1.092911e+03 1.080118e+03 
2.728182e-01 1.073611e+03 1.056843e+03 
2.758384e-01 1.052671e+03 1.034265e+03 
2.788586e-01 1.030202e+03 1.012360e+03 
2.818788e-01 1.006476e+03 9.911005e+02 
2.848990e-01 9.818404e+02 9.704633e+02 
2.879192e-01 9.567154e+02 9.504249e+02 
2.909394e-01 9.315763e+02 9.309631e+02 
2.939596e-01 9.069236e+02 9.120567e+02 
2.969798e-01 8.832310e+02 8.936855e+02 
3.000000e-01 8.609043e+02 8.758301e+02 
