1.000000e-03 2.312384e+03 2.312382e+03 
4.020202e-03 7.784422e+03 7.845068e+03 
7.040404e-03 1.148608e+04 1.155681e+04 
1.006061e-02 1.387518e+04 1.391555e+04 
1.308081e-02 1.529612e+04 1.528930e+04 
1.610101e-02 1.600018e+04 1.593294e+04 
1.912121e-02 1.618008e+04 1.605160e+04 
2.214141e-02 1.598867e+04 1.582923e+04 
2.516162e-02 1.554885e+04 1.541324e+04 
2.818182e-02 1.495930e+04 1.490059e+04 
3.120202e-02 1.429611e+04 1.434601e+04 
3.422222e-02 1.361501e+04 1.377827e+04 
3.724242e-02 1.295376e+04 1.321256e+04 
4.026263e-02 1.233638e+04 1.265735e+04 
4.328283e-02 1.176919e+04 1.211762e+04 
4.630303e-02 1.125283e+04 1.159636e+04 
4.932323e-02 1.079430e+04 1.109535e+04 
5.234343e-02 1.037867e+04 1.061550e+04 
5.536364e-02 9.985985e+03 1.015719e+04 
5.838384e-02 9.608583e+03 9.720357e+03 
6.140404e-02 9.242599e+03 9.304638e+03 
6.442424e-02 8.884355e+03 8.909473e+03 
6.744444e-02 8.526827e+03 8.534161e+03 
7.046465e-02 8.166584e+03 8.177908e+03 
7.348485e-02 7.804614e+03 7.839870e+03 
7.650505e-02 7.445255e+03 7.519175e+03 
7.952525e-02 7.094750e+03 7.214950e+03 
8.254545e-02 6.760198e+03 6.926331e+03 
8.556566e-02 6.446497e+03 6.652475e+03 
8.858586e-02 6.156412e+03 6.392566e+03 
9.160606e-02 5.890513e+03 6.145823e+03 
9.462626e-02 5.648265e+03 5.911498e+03 
9.764646e-02 5.428662e+03 5.688882e+03 
1.006667e-01 5.230536e+03 5.477304e+03 
1.036869e-01 5.051783e+03 5.276126e+03 
1.067071e-01 4.889573e+03 5.084752e+03 
1.097273e-01 4.739913e+03 4.902618e+03 
1.127475e-01 4.598310e+03 4.729193e+03 
1.157677e-01 4.460956e+03 4.563981e+03 
1.187879e-01 4.324660e+03 4.406514e+03 
1.218081e-01 4.188008e+03 4.256354e+03 
1.248283e-01 4.050479e+03 4.113091e+03 
1.278485e-01 3.912830e+03 3.976340e+03 
1.308687e-01 3.776239e+03 3.845740e+03 
1.338889e-01 3.642154e+03 3.720953e+03 
1.369091e-01 3.512009e+03 3.601660e+03 
1.399293e-01 3.387039e+03 3.487565e+03 
1.429495e-01 3.268272e+03 3.378388e+03 
1.459697e-01 3.156346e+03 3.273868e+03 
1.489899e-01 3.051694e+03 3.173760e+03 
1.520101e-01 2.954469e+03 3.077831e+03 
1.550303e-01 2.864625e+03 2.985865e+03 
1.580505e-01 2.781844e+03 2.897660e+03 
1.610707e-01 2.705506e+03 2.813023e+03 
1.640909e-01 2.634633e+03 2.731775e+03 
1.671111e-01 2.568019e+03 2.653745e+03 
1.701313e-01 2.504261e+03 2.578776e+03 
1.731515e-01 2.442265e+03 2.506716e+03 
1.761717e-01 2.381237e+03 2.437424e+03 
1.791919e-01 2.320796e+03 2.370767e+03 
1.822121e-01 2.260861e+03 2.306620e+03 
1.852323e-01 2.201504e+03 2.244863e+03 
1.882525e-01 2.142880e+03 2.185385e+03 
1.912727e-01 2.085116e+03 2.128080e+03 
1.942929e-01 2.028351e+03 2.072847e+03 
1.973131e-01 1.972908e+03 2.019594e+03 
2.003333e-01 1.919189e+03 1.968229e+03 
2.033535e-01 1.867632e+03 1.918670e+03 
2.063737e-01 1.818622e+03 1.870835e+03 
2.093939e-01 1.772283e+03 1.824649e+03 
2.124141e-01 1.728601e+03 1.780041e+03 
2.154343e-01 1.687333e+03 1.736941e+03 
2.184545e-01 1.648191e+03 1.695286e+03 
2.214747e-01 1.610883e+03 1.655015e+03 
2.244949e-01 1.575149e+03 1.616069e+03 
2.275152e-01 1.540804e+03 1.578392e+03 
2.305354e-01 1.507651e+03 1.541934e+03 
2.335556e-01 1.475457e+03 1.506643e+03 
2.365758e-01 1.444015e+03 1.472472e+03 
2.395960e-01 1.413162e+03 1.439377e+03 
2.426162e-01 1.382793e+03 1.407314e+03 
2.456364e-01 1.352868e+03 1.376242e+03 
2.486566e-01 1.323415e+03 1.346123e+03 
2.516768e-01 1.294519e+03 1.316920e+03 
2.546970e-01 1.266262e+03 1.288597e+03 
2.577172e-01 1.238723e+03 1.261120e+03 
2.607374e-01 1.211977e+03 1.234457e+03 
2.637576e-01 1.186095e+03 1.208578e+03 
2.667778e-01 1.161116e+03 1.183454e+03 
2.697980e-01 1.137061e+03 1.159056e+03 
2.728182e-01 1.113919e+03 1.135357e+03 
2.758384e-01 1.091662e+03 1.112333e+03 
2.788586e-01 1.070227e+03 1.089958e+03 
2.818788e-01 1.049539e+03 1.068210e+03 
2.848990e-01 1.029526e+03 1.047066e+03 
2.879192e-01 1.010117e+03 1.026505e+03 
2.909394e-01 9.912394e+02 1.006506e+03 
2.939596e-01 9.728261e+02 9.870492e+02 
2.969798e-01 9.548295e+02 9.681167e+02 
3.000000e-01 9.372111e+02 9.496902e+02 
