1.000000e-03 3.685373e+03 3.685370e+03 
4.020202e-03 1.218233e+04 1.227852e+04 
7.040404e-03 1.768038e+04 1.779858e+04 
1.006061e-02 2.101375e+04 2.111592e+04 
1.308081e-02 2.277459e+04 2.284975e+04 
1.610101e-02 2.338612e+04 2.339769e+04 
1.912121e-02 2.317318e+04 2.308323e+04 
2.214141e-02 2.239564e+04 2.222851e+04 
2.516162e-02 2.126693e+04 2.111667e+04 
2.818182e-02 1.995789e+04 1.993792e+04 
3.120202e-02 1.859924e+04 1.878934e+04 
3.422222e-02 1.728565e+04 1.770827e+04 
3.724242e-02 1.607774e+04 1.670321e+04 
4.026263e-02 1.500905e+04 1.577151e+04 
4.328283e-02 1.408988e+04 1.490731e+04 
4.630303e-02 1.330986e+04 1.410446e+04 
4.932323e-02 1.266045e+04 1.335736e+04 
5.234343e-02 1.212032e+04 1.266114e+04 
5.536364e-02 1.164976e+04 1.201153e+04 
5.838384e-02 1.122482e+04 1.140480e+04 
6.140404e-02 1.082430e+04 1.083757e+04 
6.442424e-02 1.042575e+04 1.030684e+04 
6.744444e-02 1.001581e+04 9.809856e+03 
7.046465e-02 9.587198e+03 9.344109e+03 
7.348485e-02 9.138168e+03 8.907300e+03 
7.650505e-02 8.673811e+03 8.497315e+03 
7.952525e-02 8.203505e+03 8.112211e+03 
8.254545e-02 7.738701e+03 7.750197e+03 
8.556566e-02 7.290643e+03 7.409625e+03 
8.858586e-02 6.868924e+03 7.088976e+03 
9.160606e-02 6.481227e+03 6.786850e+03 
9.462626e-02 6.133053e+03 6.501957e+03 
9.764646e-02 5.827402e+03 6.233108e+03 
1.006667e-01 5.565296e+03 5.979206e+03 
1.036869e-01 5.343871e+03 5.739238e+03 
1.067071e-01 5.158182e+03 5.512270e+03 
1.097273e-01 5.000726e+03 5.297439e+03 
1.127475e-01 4.863533e+03 5.093948e+03 
1.157677e-01 4.738539e+03 4.901061e+03 
1.187879e-01 4.618892e+03 4.718096e+03 
1.218081e-01 4.498935e+03 4.544422e+03 
1.248283e-01 4.374677e+03 4.379455e+03 
1.278485e-01 4.243351e+03 4.222654e+03 
1.308687e-01 4.104137e+03 4.073516e+03 
1.338889e-01 3.957463e+03 3.931576e+03 
1.369091e-01 3.805584e+03 3.796401e+03 
1.399293e-01 3.651419e+03 3.667588e+03 
1.429495e-01 3.498445e+03 3.544764e+03 
1.459697e-01 3.349889e+03 3.427581e+03 
1.489899e-01 3.208623e+03 3.315714e+03 
1.520101e-01 3.076906e+03 3.208862e+03 
1.550303e-01 2.956515e+03 3.106742e+03 
1.580505e-01 2.848543e+03 3.009092e+03 
1.610707e-01 2.753495e+03 2.915666e+03 
1.640909e-01 2.670731e+03 2.826233e+03 
1.671111e-01 2.598910e+03 2.740581e+03 
1.701313e-01 2.535798e+03 2.658506e+03 
1.731515e-01 2.479046e+03 2.579822e+03 
1.761717e-01 2.426321e+03 2.504351e+03 
1.791919e-01 2.375652e+03 2.431929e+03 
1.822121e-01 2.325391e+03 2.362399e+03 
1.852323e-01 2.274305e+03 2.295616e+03 
1.882525e-01 2.221442e+03 2.231443e+03 
1.912727e-01 2.166271e+03 2.169750e+03 
1.942929e-01 2.108619e+03 2.110418e+03 
1.973131e-01 2.048911e+03 2.053331e+03 
2.003333e-01 1.987904e+03 1.998382e+03 
2.033535e-01 1.926701e+03 1.945469e+03 
2.063737e-01 1.866417e+03 1.894498e+03 
2.093939e-01 1.808126e+03 1.845377e+03 
2.124141e-01 1.752659e+03 1.798022e+03 
2.154343e-01 1.700658e+03 1.752352e+03 
2.184545e-01 1.652455e+03 1.708291e+03 
2.214747e-01 1.608207e+03 1.665767e+03 
2.244949e-01 1.567837e+03 1.624712e+03 
2.275152e-01 1.531106e+03 1.585062e+03 
2.305354e-01 1.497571e+03 1.546756e+03 
2.335556e-01 1.466692e+03 1.509735e+03 
2.365758e-01 1.437851e+03 1.473945e+03 
2.395960e-01 1.410424e+03 1.439334e+03 
2.426162e-01 1.383806e+03 1.405853e+03 
2.456364e-01 1.357484e+03 1.373455e+03 
2.486566e-01 1.331024e+03 1.342094e+03 
2.516768e-01 1.304147e+03 1.311729e+03 
2.546970e-01 1.276704e+03 1.282320e+03 
2.577172e-01 1.248746e+03 1.253828e+03 
2.607374e-01 1.220436e+03 1.226218e+03 
2.637576e-01 1.192047e+03 1.199453e+03 
2.667778e-01 1.163881e+03 1.173501e+03 
2.697980e-01 1.136249e+03 1.148331e+03 
2.728182e-01 1.109403e+03 1.123913e+03 
2.758384e-01 1.083556e+03 1.100218e+03 
2.788586e-01 1.058872e+03 1.077218e+03 
2.818788e-01 1.035479e+03 1.054889e+03 
2.848990e-01 1.013431e+03 1.033204e+03 
2.879192e-01 9.927298e+02 1.012140e+03 
2.909394e-01 9.733021e+02 9.916747e+02 
2.939596e-01 9.550093e+02 9.717861e+02 
2.969798e-01 9.376556e+02 9.524535e+02 
3.000000e-01 9.210470e+02 9.336571e+02 
