1.000000e-03 2.892074e+03 2.892072e+03 
4.020202e-03 9.734848e+03 9.811022e+03 
7.040404e-03 1.429816e+04 1.439030e+04 
1.006061e-02 1.717051e+04 1.723987e+04 
1.308081e-02 1.879561e+04 1.882816e+04 
1.610101e-02 1.949739e+04 1.946905e+04 
1.912121e-02 1.952696e+04 1.941926e+04 
2.214141e-02 1.908570e+04 1.892638e+04 
2.516162e-02 1.833957e+04 1.820222e+04 
2.818182e-02 1.742176e+04 1.738898e+04 
3.120202e-02 1.643596e+04 1.656279e+04 
3.422222e-02 1.545742e+04 1.575777e+04 
3.724242e-02 1.453744e+04 1.498699e+04 
4.026263e-02 1.370436e+04 1.425446e+04 
4.328283e-02 1.296096e+04 1.356060e+04 
4.630303e-02 1.232079e+04 1.290452e+04 
4.932323e-02 1.177829e+04 1.228478e+04 
5.234343e-02 1.130333e+04 1.169979e+04 
5.536364e-02 1.087403e+04 1.114789e+04 
5.838384e-02 1.047533e+04 1.062738e+04 
6.140404e-02 1.009545e+04 1.013658e+04 
6.442424e-02 9.719144e+03 9.673818e+03 
6.744444e-02 9.335501e+03 9.237482e+03 
7.046465e-02 8.939827e+03 8.825999e+03 
7.348485e-02 8.532216e+03 8.437860e+03 
7.650505e-02 8.117461e+03 8.071627e+03 
7.952525e-02 7.703940e+03 7.725932e+03 
8.254545e-02 7.301205e+03 7.399481e+03 
8.556566e-02 6.917458e+03 7.091057e+03 
8.858586e-02 6.558913e+03 6.799514e+03 
9.160606e-02 6.229558e+03 6.523780e+03 
9.462626e-02 5.932079e+03 6.262851e+03 
9.764646e-02 5.667896e+03 6.015788e+03 
1.006667e-01 5.436777e+03 5.781717e+03 
1.036869e-01 5.236870e+03 5.559821e+03 
1.067071e-01 5.063833e+03 5.349340e+03 
1.097273e-01 4.911968e+03 5.149565e+03 
1.127475e-01 4.774261e+03 4.959838e+03 
1.157677e-01 4.644455e+03 4.779543e+03 
1.187879e-01 4.517188e+03 4.608109e+03 
1.218081e-01 4.388895e+03 4.445003e+03 
1.248283e-01 4.257283e+03 4.289728e+03 
1.278485e-01 4.121580e+03 4.141821e+03 
1.308687e-01 3.981874e+03 4.000853e+03 
1.338889e-01 3.839377e+03 3.866421e+03 
1.369091e-01 3.695809e+03 3.738149e+03 
1.399293e-01 3.553476e+03 3.615688e+03 
1.429495e-01 3.414742e+03 3.498711e+03 
1.459697e-01 3.281887e+03 3.386912e+03 
1.489899e-01 3.156796e+03 3.280006e+03 
1.520101e-01 3.040865e+03 3.177725e+03 
1.550303e-01 2.934943e+03 3.079820e+03 
1.580505e-01 2.839382e+03 2.986057e+03 
1.610707e-01 2.753842e+03 2.896217e+03 
1.640909e-01 2.677492e+03 2.810093e+03 
1.671111e-01 2.608825e+03 2.727493e+03 
1.701313e-01 2.546075e+03 2.648236e+03 
1.731515e-01 2.487446e+03 2.572152e+03 
1.761717e-01 2.431261e+03 2.499081e+03 
1.791919e-01 2.376180e+03 2.428874e+03 
1.822121e-01 2.321158e+03 2.361389e+03 
1.852323e-01 2.265562e+03 2.296492e+03 
1.882525e-01 2.208986e+03 2.234060e+03 
1.912727e-01 2.151252e+03 2.173973e+03 
1.942929e-01 2.092561e+03 2.116121e+03 
1.973131e-01 2.033423e+03 2.060398e+03 
2.003333e-01 1.974587e+03 2.006706e+03 
2.033535e-01 1.916909e+03 1.954951e+03 
2.063737e-01 1.861133e+03 1.905044e+03 
2.093939e-01 1.807900e+03 1.856903e+03 
2.124141e-01 1.757606e+03 1.810448e+03 
2.154343e-01 1.710497e+03 1.765604e+03 
2.184545e-01 1.666594e+03 1.722300e+03 
2.214747e-01 1.625827e+03 1.680470e+03 
2.244949e-01 1.588033e+03 1.640049e+03 
2.275152e-01 1.552913e+03 1.600978e+03 
2.305354e-01 1.520031e+03 1.563200e+03 
2.335556e-01 1.488886e+03 1.526660e+03 
2.365758e-01 1.458951e+03 1.491306e+03 
2.395960e-01 1.429800e+03 1.457090e+03 
2.426162e-01 1.401088e+03 1.423965e+03 
2.456364e-01 1.372594e+03 1.391887e+03 
2.486566e-01 1.344167e+03 1.360814e+03 
2.516768e-01 1.315738e+03 1.330706e+03 
2.546970e-01 1.287287e+03 1.301524e+03 
2.577172e-01 1.258865e+03 1.273233e+03 
2.607374e-01 1.230600e+03 1.245798e+03 
2.637576e-01 1.202722e+03 1.219186e+03 
2.667778e-01 1.175471e+03 1.193365e+03 
2.697980e-01 1.149087e+03 1.168306e+03 
2.728182e-01 1.123732e+03 1.143979e+03 
2.758384e-01 1.099504e+03 1.120359e+03 
2.788586e-01 1.076411e+03 1.097418e+03 
2.818788e-01 1.054410e+03 1.075131e+03 
2.848990e-01 1.033440e+03 1.053475e+03 
2.879192e-01 1.013431e+03 1.032427e+03 
2.909394e-01 9.943130e+02 1.011966e+03 
2.939596e-01 9.759985e+02 9.920699e+02 
2.969798e-01 9.583620e+02 9.727193e+02 
3.000000e-01 9.412646e+02 9.538952e+02 
