1.000000e-03 3.708815e+03 3.708812e+03 
4.020202e-03 1.236978e+04 1.246714e+04 
7.040404e-03 1.801698e+04 1.814097e+04 
1.006061e-02 2.145254e+04 2.157239e+04 
1.308081e-02 2.326280e+04 2.337204e+04 
1.610101e-02 2.387333e+04 2.392922e+04 
1.912121e-02 2.361624e+04 2.356445e+04 
2.214141e-02 2.276170e+04 2.261228e+04 
2.516162e-02 2.153501e+04 2.138148e+04 
2.818182e-02 2.011758e+04 2.008695e+04 
3.120202e-02 1.865117e+04 1.883976e+04 
3.422222e-02 1.723784e+04 1.768108e+04 
3.724242e-02 1.594384e+04 1.661770e+04 
4.026263e-02 1.480678e+04 1.564341e+04 
4.328283e-02 1.383635e+04 1.474874e+04 
4.630303e-02 1.302251e+04 1.392452e+04 
4.932323e-02 1.236116e+04 1.316282e+04 
5.234343e-02 1.182313e+04 1.245702e+04 
5.536364e-02 1.136620e+04 1.180157e+04 
5.838384e-02 1.096702e+04 1.119178e+04 
6.140404e-02 1.059812e+04 1.062358e+04 
6.442424e-02 1.023339e+04 1.009343e+04 
6.744444e-02 9.856377e+03 9.598201e+03 
7.046465e-02 9.456275e+03 9.135079e+03 
7.348485e-02 9.029186e+03 8.701540e+03 
7.650505e-02 8.578512e+03 8.295298e+03 
7.952525e-02 8.112993e+03 7.914274e+03 
8.254545e-02 7.644471e+03 7.556574e+03 
8.556566e-02 7.185842e+03 7.220470e+03 
8.858586e-02 6.748615e+03 6.904380e+03 
9.160606e-02 6.342647e+03 6.606855e+03 
9.462626e-02 5.975641e+03 6.326566e+03 
9.764646e-02 5.652799e+03 6.062294e+03 
1.006667e-01 5.376246e+03 5.812919e+03 
1.036869e-01 5.144967e+03 5.577410e+03 
1.067071e-01 4.954402e+03 5.354821e+03 
1.097273e-01 4.797790e+03 5.144278e+03 
1.127475e-01 4.666826e+03 4.944977e+03 
1.157677e-01 4.553012e+03 4.756175e+03 
1.187879e-01 4.448495e+03 4.577189e+03 
1.218081e-01 4.346378e+03 4.407384e+03 
1.248283e-01 4.241028e+03 4.246176e+03 
1.278485e-01 4.128368e+03 4.093024e+03 
1.308687e-01 4.005767e+03 3.947426e+03 
1.338889e-01 3.872891e+03 3.808918e+03 
1.369091e-01 3.730857e+03 3.677068e+03 
1.399293e-01 3.582551e+03 3.551477e+03 
1.429495e-01 3.431412e+03 3.431772e+03 
1.459697e-01 3.281186e+03 3.317609e+03 
1.489899e-01 3.135381e+03 3.208665e+03 
1.520101e-01 2.997180e+03 3.104641e+03 
1.550303e-01 2.869279e+03 3.005259e+03 
1.580505e-01 2.753879e+03 2.910258e+03 
1.610707e-01 2.652087e+03 2.819394e+03 
1.640909e-01 2.564184e+03 2.732442e+03 
1.671111e-01 2.489177e+03 2.649189e+03 
1.701313e-01 2.425357e+03 2.569437e+03 
1.731515e-01 2.370286e+03 2.493000e+03 
1.761717e-01 2.321534e+03 2.419705e+03 
1.791919e-01 2.276756e+03 2.349387e+03 
1.822121e-01 2.233851e+03 2.281896e+03 
1.852323e-01 2.190932e+03 2.217086e+03 
1.882525e-01 2.146503e+03 2.154824e+03 
1.912727e-01 2.099397e+03 2.094982e+03 
1.942929e-01 2.048953e+03 2.037442e+03 
1.973131e-01 1.995069e+03 1.982092e+03 
2.003333e-01 1.938243e+03 1.928825e+03 
2.033535e-01 1.879451e+03 1.877543e+03 
2.063737e-01 1.819941e+03 1.828151e+03 
2.093939e-01 1.760958e+03 1.780562e+03 
2.124141e-01 1.703682e+03 1.734693e+03 
2.154343e-01 1.649110e+03 1.690463e+03 
2.184545e-01 1.598033e+03 1.647799e+03 
2.214747e-01 1.550950e+03 1.606630e+03 
2.244949e-01 1.508122e+03 1.566890e+03 
2.275152e-01 1.469589e+03 1.528516e+03 
2.305354e-01 1.435097e+03 1.491449e+03 
2.335556e-01 1.404213e+03 1.455630e+03 
2.365758e-01 1.376334e+03 1.421008e+03 
2.395960e-01 1.350781e+03 1.387531e+03 
2.426162e-01 1.326809e+03 1.355152e+03 
2.456364e-01 1.303699e+03 1.323823e+03 
2.486566e-01 1.280784e+03 1.293503e+03 
2.516768e-01 1.257534e+03 1.264149e+03 
2.546970e-01 1.233549e+03 1.235722e+03 
2.577172e-01 1.208671e+03 1.208185e+03 
2.607374e-01 1.182895e+03 1.181503e+03 
2.637576e-01 1.156406e+03 1.155642e+03 
2.667778e-01 1.129469e+03 1.130569e+03 
2.697980e-01 1.102412e+03 1.106254e+03 
2.728182e-01 1.075579e+03 1.082668e+03 
2.758384e-01 1.049312e+03 1.059783e+03 
2.788586e-01 1.023912e+03 1.037572e+03 
2.818788e-01 9.996419e+02 1.016010e+03 
2.848990e-01 9.767064e+02 9.950725e+02 
2.879192e-01 9.552431e+02 9.747368e+02 
2.909394e-01 9.352761e+02 9.549808e+02 
2.939596e-01 9.167531e+02 9.357833e+02 
2.969798e-01 8.995419e+02 9.171241e+02 
3.000000e-01 8.834525e+02 8.989840e+02 
