1.000000e-03 4.630930e+03 4.630926e+03 
4.020202e-03 1.562049e+04 1.574422e+04 
7.040404e-03 2.285726e+04 2.303300e+04 
1.006061e-02 2.726189e+04 2.748226e+04 
1.308081e-02 2.953285e+04 2.981625e+04 
1.610101e-02 3.019312e+04 3.047272e+04 
1.912121e-02 2.966324e+04 2.980334e+04 
2.214141e-02 2.830076e+04 2.822382e+04 
2.516162e-02 2.641326e+04 2.619028e+04 
2.818182e-02 2.425792e+04 2.407257e+04 
3.120202e-02 2.203984e+04 2.208384e+04 
3.422222e-02 1.991124e+04 2.030486e+04 
3.724242e-02 1.797336e+04 1.874186e+04 
4.026263e-02 1.628608e+04 1.737122e+04 
4.328283e-02 1.486205e+04 1.616273e+04 
4.630303e-02 1.370032e+04 1.508869e+04 
4.932323e-02 1.279697e+04 1.412640e+04 
5.234343e-02 1.210352e+04 1.325790e+04 
5.536364e-02 1.157366e+04 1.246916e+04 
5.838384e-02 1.116796e+04 1.174911e+04 
6.140404e-02 1.084230e+04 1.108894e+04 
6.442424e-02 1.055639e+04 1.048147e+04 
6.744444e-02 1.027602e+04 9.920807e+03 
7.046465e-02 9.974008e+03 9.401987e+03 
7.348485e-02 9.631321e+03 8.920802e+03 
7.650505e-02 9.238222e+03 8.473624e+03 
7.952525e-02 8.794371e+03 8.057305e+03 
8.254545e-02 8.308363e+03 7.669080e+03 
8.556566e-02 7.794693e+03 7.306509e+03 
8.858586e-02 7.270757e+03 6.967422e+03 
9.160606e-02 6.754774e+03 6.649884e+03 
9.462626e-02 6.263979e+03 6.352156e+03 
9.764646e-02 5.813143e+03 6.072676e+03 
1.006667e-01 5.413361e+03 5.810032e+03 
1.036869e-01 5.071014e+03 5.562945e+03 
1.067071e-01 4.788342e+03 5.330254e+03 
1.097273e-01 4.562785e+03 5.110904e+03 
1.127475e-01 4.389044e+03 4.903933e+03 
1.157677e-01 4.259094e+03 4.708461e+03 
1.187879e-01 4.163878e+03 4.523687e+03 
1.218081e-01 4.093565e+03 4.348872e+03 
1.248283e-01 4.038210e+03 4.183342e+03 
1.278485e-01 3.988001e+03 4.026477e+03 
1.308687e-01 3.934072e+03 3.877705e+03 
1.338889e-01 3.868912e+03 3.736500e+03 
1.369091e-01 3.787697e+03 3.602378e+03 
1.399293e-01 3.687858e+03 3.474891e+03 
1.429495e-01 3.569311e+03 3.353625e+03 
1.459697e-01 3.434067e+03 3.238198e+03 
1.489899e-01 3.285630e+03 3.128253e+03 
1.520101e-01 3.128723e+03 3.023464e+03 
1.550303e-01 2.968622e+03 2.923524e+03 
1.580505e-01 2.811008e+03 2.828150e+03 
1.610707e-01 2.661215e+03 2.737079e+03 
1.640909e-01 2.523955e+03 2.650064e+03 
1.671111e-01 2.402375e+03 2.566878e+03 
1.701313e-01 2.298326e+03 2.487306e+03 
1.731515e-01 2.211853e+03 2.411151e+03 
1.761717e-01 2.142077e+03 2.338227e+03 
1.791919e-01 2.087211e+03 2.268359e+03 
1.822121e-01 2.045042e+03 2.201385e+03 
1.852323e-01 2.012991e+03 2.137155e+03 
1.882525e-01 1.988167e+03 2.075524e+03 
1.912727e-01 1.967501e+03 2.016359e+03 
1.942929e-01 1.947846e+03 1.959536e+03 
1.973131e-01 1.926272e+03 1.904936e+03 
2.003333e-01 1.900355e+03 1.852450e+03 
2.033535e-01 1.868461e+03 1.801972e+03 
2.063737e-01 1.829788e+03 1.753407e+03 
2.093939e-01 1.784457e+03 1.706660e+03 
2.124141e-01 1.733190e+03 1.661647e+03 
2.154343e-01 1.677291e+03 1.618284e+03 
2.184545e-01 1.618302e+03 1.576496e+03 
2.214747e-01 1.557952e+03 1.536209e+03 
2.244949e-01 1.498006e+03 1.497355e+03 
2.275152e-01 1.440208e+03 1.459868e+03 
2.305354e-01 1.386036e+03 1.423688e+03 
2.335556e-01 1.336699e+03 1.388757e+03 
2.365758e-01 1.292920e+03 1.355020e+03 
2.395960e-01 1.255071e+03 1.322424e+03 
2.426162e-01 1.223093e+03 1.290920e+03 
2.456364e-01 1.196595e+03 1.260463e+03 
2.486566e-01 1.174903e+03 1.231007e+03 
2.516768e-01 1.157096e+03 1.202510e+03 
2.546970e-01 1.142131e+03 1.174933e+03 
2.577172e-01 1.128901e+03 1.148238e+03 
2.607374e-01 1.116331e+03 1.122389e+03 
2.637576e-01 1.103422e+03 1.097352e+03 
2.667778e-01 1.089368e+03 1.073093e+03 
2.697980e-01 1.073557e+03 1.049583e+03 
2.728182e-01 1.055653e+03 1.026791e+03 
2.758384e-01 1.035519e+03 1.004690e+03 
2.788586e-01 1.013286e+03 9.832533e+02 
2.818788e-01 9.892525e+02 9.624548e+02 
2.848990e-01 9.638836e+02 9.422704e+02 
2.879192e-01 9.377494e+02 9.226769e+02 
2.909394e-01 9.114800e+02 9.036524e+02 
2.939596e-01 8.856836e+02 8.851756e+02 
2.969798e-01 8.609240e+02 8.672263e+02 
3.000000e-01 8.376676e+02 8.497855e+02 
