1.000000e-03 4.360187e+03 4.360183e+03 
4.020202e-03 1.454665e+04 1.466186e+04 
7.040404e-03 2.119188e+04 2.134822e+04 
1.006061e-02 2.521804e+04 2.539628e+04 
1.308081e-02 2.729956e+04 2.750572e+04 
1.610101e-02 2.793024e+04 2.810700e+04 
1.912121e-02 2.750091e+04 2.754849e+04 
2.214141e-02 2.633605e+04 2.621967e+04 
2.516162e-02 2.471048e+04 2.451798e+04 
2.818182e-02 2.285124e+04 2.274576e+04 
3.120202e-02 2.093669e+04 2.106885e+04 
3.422222e-02 1.909792e+04 1.954830e+04 
3.724242e-02 1.742118e+04 1.818960e+04 
4.026263e-02 1.595731e+04 1.697678e+04 
4.328283e-02 1.471767e+04 1.588916e+04 
4.630303e-02 1.369560e+04 1.490764e+04 
4.932323e-02 1.288982e+04 1.401642e+04 
5.234343e-02 1.225833e+04 1.320281e+04 
5.536364e-02 1.175516e+04 1.245667e+04 
5.838384e-02 1.134870e+04 1.176986e+04 
6.140404e-02 1.099904e+04 1.113570e+04 
6.442424e-02 1.067155e+04 1.054863e+04 
6.744444e-02 1.033965e+04 1.000395e+04 
7.046465e-02 9.982690e+03 9.497622e+03 
7.348485e-02 9.588508e+03 9.026139e+03 
7.650505e-02 9.153300e+03 8.586427e+03 
7.952525e-02 8.681336e+03 8.175764e+03 
8.254545e-02 8.183984e+03 7.791727e+03 
8.556566e-02 7.675958e+03 7.432146e+03 
8.858586e-02 7.173140e+03 7.095069e+03 
9.160606e-02 6.690815e+03 6.778738e+03 
9.462626e-02 6.242176e+03 6.481559e+03 
9.764646e-02 5.838320e+03 6.202086e+03 
1.006667e-01 5.486033e+03 5.939003e+03 
1.036869e-01 5.188749e+03 5.691114e+03 
1.067071e-01 4.945166e+03 5.457324e+03 
1.097273e-01 4.750901e+03 5.236632e+03 
1.127475e-01 4.598702e+03 5.028124e+03 
1.157677e-01 4.479872e+03 4.830959e+03 
1.187879e-01 4.384999e+03 4.644367e+03 
1.218081e-01 4.304842e+03 4.467638e+03 
1.248283e-01 4.230559e+03 4.300120e+03 
1.278485e-01 4.154135e+03 4.141213e+03 
1.308687e-01 4.069071e+03 3.990361e+03 
1.338889e-01 3.970753e+03 3.847052e+03 
1.369091e-01 3.857190e+03 3.710814e+03 
1.399293e-01 3.728408e+03 3.581208e+03 
1.429495e-01 3.586665e+03 3.457828e+03 
1.459697e-01 3.435300e+03 3.340299e+03 
1.489899e-01 3.278600e+03 3.228271e+03 
1.520101e-01 3.121130e+03 3.121420e+03 
1.550303e-01 2.967606e+03 3.019445e+03 
1.580505e-01 2.822393e+03 2.922066e+03 
1.610707e-01 2.689381e+03 2.829021e+03 
1.640909e-01 2.571186e+03 2.740066e+03 
1.671111e-01 2.469368e+03 2.654975e+03 
1.701313e-01 2.383822e+03 2.573537e+03 
1.731515e-01 2.313448e+03 2.495551e+03 
1.761717e-01 2.256147e+03 2.420835e+03 
1.791919e-01 2.209517e+03 2.349214e+03 
1.822121e-01 2.170976e+03 2.280526e+03 
1.852323e-01 2.137842e+03 2.214619e+03 
1.882525e-01 2.107432e+03 2.151350e+03 
1.912727e-01 2.077165e+03 2.090586e+03 
1.942929e-01 2.044734e+03 2.032201e+03 
1.973131e-01 2.008257e+03 1.976077e+03 
2.003333e-01 1.966624e+03 1.922102e+03 
2.033535e-01 1.919430e+03 1.870174e+03 
2.063737e-01 1.867153e+03 1.820192e+03 
2.093939e-01 1.810758e+03 1.772064e+03 
2.124141e-01 1.751659e+03 1.725704e+03 
2.154343e-01 1.691372e+03 1.681028e+03 
2.184545e-01 1.631430e+03 1.637959e+03 
2.214747e-01 1.573266e+03 1.596423e+03 
2.244949e-01 1.518179e+03 1.556351e+03 
2.275152e-01 1.467180e+03 1.517678e+03 
2.305354e-01 1.421039e+03 1.480341e+03 
2.335556e-01 1.380128e+03 1.444281e+03 
2.365758e-01 1.344514e+03 1.409443e+03 
2.395960e-01 1.313873e+03 1.375775e+03 
2.426162e-01 1.287639e+03 1.343225e+03 
2.456364e-01 1.265044e+03 1.311748e+03 
2.486566e-01 1.245176e+03 1.281298e+03 
2.516768e-01 1.227064e+03 1.251831e+03 
2.546970e-01 1.209751e+03 1.223309e+03 
2.577172e-01 1.192367e+03 1.195691e+03 
2.607374e-01 1.174199e+03 1.168943e+03 
2.637576e-01 1.154745e+03 1.143027e+03 
2.667778e-01 1.133718e+03 1.117913e+03 
2.697980e-01 1.111055e+03 1.093567e+03 
2.728182e-01 1.086857e+03 1.069961e+03 
2.758384e-01 1.061422e+03 1.047065e+03 
2.788586e-01 1.035144e+03 1.024852e+03 
2.818788e-01 1.008502e+03 1.003296e+03 
2.848990e-01 9.819943e+02 9.823725e+02 
2.879192e-01 9.561240e+02 9.620575e+02 
2.909394e-01 9.313290e+02 9.423285e+02 
2.939596e-01 9.079828e+02 9.231639e+02 
2.969798e-01 8.863301e+02 9.045431e+02 
3.000000e-01 8.665149e+02 8.864464e+02 
