1.000000e-03 7.166701e+03 7.166695e+03 
4.020202e-03 2.393717e+04 2.412947e+04 
7.040404e-03 3.498215e+04 3.528318e+04 
1.006061e-02 4.169837e+04 4.214656e+04 
1.308081e-02 4.510459e+04 4.578924e+04 
1.610101e-02 4.596159e+04 4.680923e+04 
1.912121e-02 4.489206e+04 4.561844e+04 
2.214141e-02 4.243958e+04 4.272852e+04 
2.516162e-02 3.908644e+04 3.883404e+04 
2.818182e-02 3.525193e+04 3.464720e+04 
3.120202e-02 3.128172e+04 3.068475e+04 
3.422222e-02 2.744175e+04 2.719941e+04 
3.724242e-02 2.391817e+04 2.424542e+04 
4.026263e-02 2.082505e+04 2.177541e+04 
4.328283e-02 1.820272e+04 1.970891e+04 
4.630303e-02 1.605712e+04 1.796606e+04 
4.932323e-02 1.437375e+04 1.647963e+04 
5.234343e-02 1.309877e+04 1.519676e+04 
5.536364e-02 1.216570e+04 1.407702e+04 
5.838384e-02 1.150975e+04 1.308977e+04 
6.140404e-02 1.107239e+04 1.221164e+04 
6.442424e-02 1.079012e+04 1.142466e+04 
6.744444e-02 1.060517e+04 1.071484e+04 
7.046465e-02 1.046749e+04 1.007109e+04 
7.348485e-02 1.033084e+04 9.484524e+03 
7.650505e-02 1.015639e+04 8.947895e+03 
7.952525e-02 9.915032e+03 8.455222e+03 
8.254545e-02 9.589259e+03 8.001507e+03 
8.556566e-02 9.174468e+03 7.582522e+03 
8.858586e-02 8.677678e+03 7.194661e+03 
9.160606e-02 8.115542e+03 6.834816e+03 
9.462626e-02 7.511556e+03 6.500291e+03 
9.764646e-02 6.891572e+03 6.188729e+03 
1.006667e-01 6.282503e+03 5.898057e+03 
1.036869e-01 5.707842e+03 5.626445e+03 
1.067071e-01 5.187225e+03 5.372266e+03 
1.097273e-01 4.732757e+03 5.134069e+03 
1.127475e-01 4.351396e+03 4.910556e+03 
1.157677e-01 4.044314e+03 4.700561e+03 
1.187879e-01 3.808799e+03 4.503032e+03 
1.218081e-01 3.639193e+03 4.317021e+03 
1.248283e-01 3.527627e+03 4.141666e+03 
1.278485e-01 3.464898e+03 3.976188e+03 
1.308687e-01 3.440332e+03 3.819875e+03 
1.338889e-01 3.442511e+03 3.672079e+03 
1.369091e-01 3.459439e+03 3.532209e+03 
1.399293e-01 3.479560e+03 3.399722e+03 
1.429495e-01 3.492027e+03 3.274123e+03 
1.459697e-01 3.487840e+03 3.154956e+03 
1.489899e-01 3.459798e+03 3.041800e+03 
1.520101e-01 3.403355e+03 2.934271e+03 
1.550303e-01 3.316599e+03 2.832012e+03 
1.580505e-01 3.200235e+03 2.734694e+03 
1.610707e-01 3.058118e+03 2.642015e+03 
1.640909e-01 2.896131e+03 2.553692e+03 
1.671111e-01 2.722249e+03 2.469465e+03 
1.701313e-01 2.544730e+03 2.389093e+03 
1.731515e-01 2.371512e+03 2.312351e+03 
1.761717e-01 2.209061e+03 2.239030e+03 
1.791919e-01 2.062410e+03 2.168937e+03 
1.822121e-01 1.934598e+03 2.101891e+03 
1.852323e-01 1.827462e+03 2.037723e+03 
1.882525e-01 1.741546e+03 1.976277e+03 
1.912727e-01 1.676520e+03 1.917404e+03 
1.942929e-01 1.631165e+03 1.860968e+03 
1.973131e-01 1.603379e+03 1.806841e+03 
2.003333e-01 1.590396e+03 1.754902e+03 
2.033535e-01 1.588700e+03 1.705038e+03 
2.063737e-01 1.594474e+03 1.657145e+03 
2.093939e-01 1.603717e+03 1.611122e+03 
2.124141e-01 1.612641e+03 1.566877e+03 
2.154343e-01 1.617772e+03 1.524323e+03 
2.184545e-01 1.616304e+03 1.483376e+03 
2.214747e-01 1.606005e+03 1.443960e+03 
2.244949e-01 1.585535e+03 1.406001e+03 
2.275152e-01 1.554317e+03 1.369432e+03 
2.305354e-01 1.512716e+03 1.334186e+03 
2.335556e-01 1.461979e+03 1.300203e+03 
2.365758e-01 1.404044e+03 1.267426e+03 
2.395960e-01 1.341388e+03 1.235799e+03 
2.426162e-01 1.276654e+03 1.205272e+03 
2.456364e-01 1.212450e+03 1.175795e+03 
2.486566e-01 1.151093e+03 1.147322e+03 
2.516768e-01 1.094510e+03 1.119810e+03 
2.546970e-01 1.044107e+03 1.093217e+03 
2.577172e-01 1.000867e+03 1.067504e+03 
2.607374e-01 9.652079e+02 1.042634e+03 
2.637576e-01 9.371843e+02 1.018572e+03 
2.667778e-01 9.164261e+02 9.952834e+02 
2.697980e-01 9.022391e+02 9.727374e+02 
2.728182e-01 8.936428e+02 9.509034e+02 
2.758384e-01 8.894327e+02 9.297528e+02 
2.788586e-01 8.882893e+02 9.092581e+02 
2.818788e-01 8.888309e+02 8.893935e+02 
2.848990e-01 8.896971e+02 8.701341e+02 
2.879192e-01 8.895909e+02 8.514565e+02 
2.909394e-01 8.874021e+02 8.333380e+02 
2.939596e-01 8.822094e+02 8.157573e+02 
2.969798e-01 8.734059e+02 7.986941e+02 
3.000000e-01 8.606470e+02 7.821288e+02 
