1.000000e-03 4.416127e+03 4.416123e+03 
4.020202e-03 1.466930e+04 1.478547e+04 
7.040404e-03 2.143213e+04 2.159715e+04 
1.006061e-02 2.560138e+04 2.580262e+04 
1.308081e-02 2.782057e+04 2.807491e+04 
1.610101e-02 2.856353e+04 2.881942e+04 
1.912121e-02 2.820728e+04 2.834846e+04 
2.214141e-02 2.707096e+04 2.701908e+04 
2.516162e-02 2.542727e+04 2.522952e+04 
2.818182e-02 2.350803e+04 2.331668e+04 
3.120202e-02 2.149871e+04 2.148722e+04 
3.422222e-02 1.954060e+04 1.982894e+04 
3.724242e-02 1.773083e+04 1.835790e+04 
4.026263e-02 1.613014e+04 1.705867e+04 
4.328283e-02 1.475979e+04 1.590685e+04 
4.630303e-02 1.361875e+04 1.487871e+04 
4.932323e-02 1.270986e+04 1.395417e+04 
5.234343e-02 1.200129e+04 1.311712e+04 
5.536364e-02 1.144854e+04 1.235482e+04 
5.838384e-02 1.101567e+04 1.165715e+04 
6.140404e-02 1.066850e+04 1.101601e+04 
6.442424e-02 1.037173e+04 1.042479e+04 
6.744444e-02 1.009114e+04 9.878040e+03 
7.046465e-02 9.800479e+03 9.371149e+03 
7.348485e-02 9.480406e+03 8.900202e+03 
7.650505e-02 9.119172e+03 8.461819e+03 
7.952525e-02 8.714007e+03 8.053052e+03 
8.254545e-02 8.270014e+03 7.671311e+03 
8.556566e-02 7.797719e+03 7.314300e+03 
8.858586e-02 7.311159e+03 6.979975e+03 
9.160606e-02 6.825525e+03 6.666504e+03 
9.462626e-02 6.355541e+03 6.372242e+03 
9.764646e-02 5.914970e+03 6.095704e+03 
1.006667e-01 5.514858e+03 5.835545e+03 
1.036869e-01 5.163716e+03 5.590546e+03 
1.067071e-01 4.865401e+03 5.359596e+03 
1.097273e-01 4.620423e+03 5.141686e+03 
1.127475e-01 4.425220e+03 4.935889e+03 
1.157677e-01 4.273908e+03 4.741363e+03 
1.187879e-01 4.158805e+03 4.557332e+03 
1.218081e-01 4.071458e+03 4.383086e+03 
1.248283e-01 4.003134e+03 4.217971e+03 
1.278485e-01 3.945277e+03 4.061387e+03 
1.308687e-01 3.889784e+03 3.912779e+03 
1.338889e-01 3.829386e+03 3.771639e+03 
1.369091e-01 3.758346e+03 3.637493e+03 
1.399293e-01 3.672626e+03 3.509906e+03 
1.429495e-01 3.570651e+03 3.388474e+03 
1.459697e-01 3.452601e+03 3.272823e+03 
1.489899e-01 3.320781e+03 3.162607e+03 
1.520101e-01 3.178538e+03 3.057505e+03 
1.550303e-01 3.030237e+03 2.957216e+03 
1.580505e-01 2.880537e+03 2.861462e+03 
1.610707e-01 2.734235e+03 2.769986e+03 
1.640909e-01 2.595691e+03 2.682546e+03 
1.671111e-01 2.468728e+03 2.598916e+03 
1.701313e-01 2.355882e+03 2.518888e+03 
1.731515e-01 2.258702e+03 2.442264e+03 
1.761717e-01 2.177280e+03 2.368863e+03 
1.791919e-01 2.110852e+03 2.298512e+03 
1.822121e-01 2.057806e+03 2.231051e+03 
1.852323e-01 2.016097e+03 2.166330e+03 
1.882525e-01 1.983379e+03 2.104208e+03 
1.912727e-01 1.957059e+03 2.044552e+03 
1.942929e-01 1.934451e+03 1.987239e+03 
1.973131e-01 1.912850e+03 1.932152e+03 
2.003333e-01 1.889788e+03 1.879181e+03 
2.033535e-01 1.863176e+03 1.828224e+03 
2.063737e-01 1.831594e+03 1.779182e+03 
2.093939e-01 1.794234e+03 1.731965e+03 
2.124141e-01 1.751100e+03 1.686487e+03 
2.154343e-01 1.702696e+03 1.642666e+03 
2.184545e-01 1.650094e+03 1.600425e+03 
2.214747e-01 1.594614e+03 1.559693e+03 
2.244949e-01 1.537806e+03 1.520400e+03 
2.275152e-01 1.481234e+03 1.482482e+03 
2.305354e-01 1.426426e+03 1.445878e+03 
2.335556e-01 1.374677e+03 1.410530e+03 
2.365758e-01 1.327064e+03 1.376382e+03 
2.395960e-01 1.284264e+03 1.343384e+03 
2.426162e-01 1.246672e+03 1.311486e+03 
2.456364e-01 1.214327e+03 1.280641e+03 
2.486566e-01 1.186994e+03 1.250805e+03 
2.516768e-01 1.164181e+03 1.221936e+03 
2.546970e-01 1.145169e+03 1.193994e+03 
2.577172e-01 1.129096e+03 1.166941e+03 
2.607374e-01 1.114975e+03 1.140742e+03 
2.637576e-01 1.101817e+03 1.115361e+03 
2.667778e-01 1.088694e+03 1.090766e+03 
2.697980e-01 1.074832e+03 1.066926e+03 
2.728182e-01 1.059641e+03 1.043812e+03 
2.758384e-01 1.042767e+03 1.021395e+03 
2.788586e-01 1.024034e+03 9.996489e+02 
2.818788e-01 1.003470e+03 9.785477e+02 
2.848990e-01 9.812342e+02 9.580670e+02 
2.879192e-01 9.576531e+02 9.381836e+02 
2.909394e-01 9.331538e+02 9.188752e+02 
2.939596e-01 9.082585e+02 9.001207e+02 
2.969798e-01 8.835121e+02 8.818996e+02 
3.000000e-01 8.594564e+02 8.641928e+02 
