1.000000e-03 4.597058e+03 4.597054e+03 
4.020202e-03 1.556627e+04 1.568965e+04 
7.040404e-03 2.286042e+04 2.303845e+04 
1.006061e-02 2.735388e+04 2.758119e+04 
1.308081e-02 2.971978e+04 3.001868e+04 
1.610101e-02 3.046564e+04 3.077362e+04 
1.912121e-02 3.000318e+04 3.017979e+04 
2.214141e-02 2.868534e+04 2.863563e+04 
2.516162e-02 2.681769e+04 2.659388e+04 
2.818182e-02 2.465881e+04 2.443736e+04 
3.120202e-02 2.241684e+04 2.239735e+04 
3.422222e-02 2.024875e+04 2.056782e+04 
3.724242e-02 1.826118e+04 1.896127e+04 
4.026263e-02 1.651915e+04 1.755557e+04 
4.328283e-02 1.504035e+04 1.631978e+04 
4.630303e-02 1.382616e+04 1.522477e+04 
4.932323e-02 1.287536e+04 1.424636e+04 
5.234343e-02 1.214465e+04 1.336539e+04 
5.536364e-02 1.158751e+04 1.256686e+04 
5.838384e-02 1.116369e+04 1.183902e+04 
6.140404e-02 1.083262e+04 1.117252e+04 
6.442424e-02 1.055300e+04 1.055983e+04 
6.744444e-02 1.028784e+04 9.994761e+03 
7.046465e-02 1.000793e+04 9.472160e+03 
7.348485e-02 9.691549e+03 8.987672e+03 
7.650505e-02 9.326015e+03 8.537567e+03 
7.952525e-02 8.908012e+03 8.118615e+03 
8.254545e-02 8.443293e+03 7.727995e+03 
8.556566e-02 7.944302e+03 7.363223e+03 
8.858586e-02 7.427173e+03 7.022097e+03 
9.160606e-02 6.909611e+03 6.702655e+03 
9.462626e-02 6.409257e+03 6.403140e+03 
9.764646e-02 5.942063e+03 6.121975e+03 
1.006667e-01 5.520882e+03 5.857734e+03 
1.036869e-01 5.154234e+03 5.609130e+03 
1.067071e-01 4.846421e+03 5.374995e+03 
1.097273e-01 4.596872e+03 5.154267e+03 
1.127475e-01 4.401920e+03 4.945978e+03 
1.157677e-01 4.254557e+03 4.749245e+03 
1.187879e-01 4.146502e+03 4.563261e+03 
1.218081e-01 4.068510e+03 4.387286e+03 
1.248283e-01 4.010940e+03 4.220641e+03 
1.278485e-01 3.963988e+03 4.062704e+03 
1.308687e-01 3.918414e+03 3.912902e+03 
1.338889e-01 3.865862e+03 3.770706e+03 
1.369091e-01 3.799949e+03 3.635629e+03 
1.399293e-01 3.716399e+03 3.507223e+03 
1.429495e-01 3.613606e+03 3.385072e+03 
1.459697e-01 3.492202e+03 3.268790e+03 
1.489899e-01 3.354597e+03 3.158023e+03 
1.520101e-01 3.204868e+03 3.052440e+03 
1.550303e-01 3.047903e+03 2.951734e+03 
1.580505e-01 2.889201e+03 2.855621e+03 
1.610707e-01 2.734293e+03 2.763836e+03 
1.640909e-01 2.588517e+03 2.676133e+03 
1.671111e-01 2.455963e+03 2.592281e+03 
1.701313e-01 2.339564e+03 2.512067e+03 
1.731515e-01 2.240515e+03 2.435291e+03 
1.761717e-01 2.158936e+03 2.361765e+03 
1.791919e-01 2.093688e+03 2.291317e+03 
1.822121e-01 2.043042e+03 2.223782e+03 
1.852323e-01 2.004747e+03 2.159009e+03 
1.882525e-01 1.976153e+03 2.096852e+03 
1.912727e-01 1.954346e+03 2.037179e+03 
1.942929e-01 1.936230e+03 1.979864e+03 
1.973131e-01 1.918730e+03 1.924788e+03 
2.003333e-01 1.898954e+03 1.871840e+03 
2.033535e-01 1.874600e+03 1.820915e+03 
2.063737e-01 1.844078e+03 1.771916e+03 
2.093939e-01 1.806705e+03 1.724750e+03 
2.124141e-01 1.762473e+03 1.679330e+03 
2.154343e-01 1.712182e+03 1.635573e+03 
2.184545e-01 1.657037e+03 1.593402e+03 
2.214747e-01 1.598621e+03 1.552744e+03 
2.244949e-01 1.538687e+03 1.513530e+03 
2.275152e-01 1.479095e+03 1.475694e+03 
2.305354e-01 1.421542e+03 1.439176e+03 
2.335556e-01 1.367546e+03 1.403915e+03 
2.365758e-01 1.318268e+03 1.369858e+03 
2.395960e-01 1.274535e+03 1.336952e+03 
2.426162e-01 1.236710e+03 1.305147e+03 
2.456364e-01 1.204804e+03 1.274396e+03 
2.486566e-01 1.178507e+03 1.244655e+03 
2.516768e-01 1.157158e+03 1.215882e+03 
2.546970e-01 1.139888e+03 1.188036e+03 
2.577172e-01 1.125655e+03 1.161080e+03 
2.607374e-01 1.113356e+03 1.134976e+03 
2.637576e-01 1.101860e+03 1.109691e+03 
2.667778e-01 1.090170e+03 1.085192e+03 
2.697980e-01 1.077441e+03 1.061447e+03 
2.728182e-01 1.063037e+03 1.038427e+03 
2.758384e-01 1.046507e+03 1.016104e+03 
2.788586e-01 1.027695e+03 9.944508e+02 
2.818788e-01 1.006631e+03 9.734416e+02 
2.848990e-01 9.835459e+02 9.530520e+02 
2.879192e-01 9.588635e+02 9.332587e+02 
2.909394e-01 9.331529e+02 9.140394e+02 
2.939596e-01 9.070450e+02 8.953727e+02 
2.969798e-01 8.811817e+02 8.772385e+02 
3.000000e-01 8.561719e+02 8.596173e+02 
