1.000000e-03 4.103581e+03 4.103577e+03 
4.020202e-03 1.359147e+04 1.369906e+04 
7.040404e-03 1.976596e+04 1.990980e+04 
1.006061e-02 2.351586e+04 2.367194e+04 
1.308081e-02 2.547466e+04 2.564533e+04 
1.610101e-02 2.610263e+04 2.623820e+04 
1.912121e-02 2.575912e+04 2.577821e+04 
2.214141e-02 2.474174e+04 2.462169e+04 
2.516162e-02 2.329959e+04 2.312404e+04 
2.818182e-02 2.163786e+04 2.155217e+04 
3.120202e-02 1.991784e+04 2.005243e+04 
3.422222e-02 1.825810e+04 1.868017e+04 
3.724242e-02 1.673721e+04 1.744275e+04 
4.026263e-02 1.540172e+04 1.632865e+04 
4.328283e-02 1.426478e+04 1.532179e+04 
4.630303e-02 1.331825e+04 1.440703e+04 
4.932323e-02 1.256163e+04 1.357161e+04 
5.234343e-02 1.196201e+04 1.280516e+04 
5.536364e-02 1.147405e+04 1.209932e+04 
5.838384e-02 1.107056e+04 1.144726e+04 
6.140404e-02 1.071767e+04 1.084331e+04 
6.442424e-02 1.038345e+04 1.028269e+04 
6.744444e-02 1.004478e+04 9.761315e+03 
7.046465e-02 9.684078e+03 9.275627e+03 
7.348485e-02 9.291104e+03 8.822514e+03 
7.650505e-02 8.863499e+03 8.399217e+03 
7.952525e-02 8.406403e+03 8.003278e+03 
8.254545e-02 7.930315e+03 7.632491e+03 
8.556566e-02 7.448641e+03 7.284869e+03 
8.858586e-02 6.975471e+03 6.958618e+03 
9.160606e-02 6.523987e+03 6.652109e+03 
9.462626e-02 6.105449e+03 6.363862e+03 
9.764646e-02 5.728964e+03 6.092529e+03 
1.006667e-01 5.400243e+03 5.836882e+03 
1.036869e-01 5.122030e+03 5.595795e+03 
1.067071e-01 4.892657e+03 5.368239e+03 
1.097273e-01 4.707868e+03 5.153272e+03 
1.127475e-01 4.560426e+03 4.950027e+03 
1.157677e-01 4.442132e+03 4.757710e+03 
1.187879e-01 4.344175e+03 4.575588e+03 
1.218081e-01 4.258156e+03 4.402988e+03 
1.248283e-01 4.176248e+03 4.239289e+03 
1.278485e-01 4.091735e+03 4.083917e+03 
1.308687e-01 3.998979e+03 3.936343e+03 
1.338889e-01 3.894607e+03 3.796077e+03 
1.369091e-01 3.776915e+03 3.662666e+03 
1.399293e-01 3.646645e+03 3.535690e+03 
1.429495e-01 3.505922e+03 3.414760e+03 
1.459697e-01 3.358223e+03 3.299514e+03 
1.489899e-01 3.207468e+03 3.189617e+03 
1.520101e-01 3.057805e+03 3.084756e+03 
1.550303e-01 2.913214e+03 2.984642e+03 
1.580505e-01 2.777407e+03 2.889004e+03 
1.610707e-01 2.653431e+03 2.797589e+03 
1.640909e-01 2.543491e+03 2.710164e+03 
1.671111e-01 2.448513e+03 2.626508e+03 
1.701313e-01 2.368293e+03 2.546416e+03 
1.731515e-01 2.301572e+03 2.469696e+03 
1.761717e-01 2.246348e+03 2.396171e+03 
1.791919e-01 2.200222e+03 2.325670e+03 
1.822121e-01 2.160714e+03 2.258037e+03 
1.852323e-01 2.125365e+03 2.193125e+03 
1.882525e-01 2.091825e+03 2.130795e+03 
1.912727e-01 2.057927e+03 2.070917e+03 
1.942929e-01 2.021767e+03 2.013369e+03 
1.973131e-01 1.981960e+03 1.958036e+03 
2.003333e-01 1.937617e+03 1.904810e+03 
2.033535e-01 1.888697e+03 1.853589e+03 
2.063737e-01 1.835675e+03 1.804278e+03 
2.093939e-01 1.779618e+03 1.756786e+03 
2.124141e-01 1.721806e+03 1.711028e+03 
2.154343e-01 1.663662e+03 1.666924e+03 
2.184545e-01 1.606532e+03 1.624398e+03 
2.214747e-01 1.551644e+03 1.583377e+03 
2.244949e-01 1.500011e+03 1.543796e+03 
2.275152e-01 1.452453e+03 1.505588e+03 
2.305354e-01 1.409438e+03 1.468694e+03 
2.335556e-01 1.371192e+03 1.433056e+03 
2.365758e-01 1.337605e+03 1.398621e+03 
2.395960e-01 1.308339e+03 1.365335e+03 
2.426162e-01 1.282804e+03 1.333151e+03 
2.456364e-01 1.260271e+03 1.302022e+03 
2.486566e-01 1.239912e+03 1.271903e+03 
2.516768e-01 1.220860e+03 1.242754e+03 
2.546970e-01 1.202274e+03 1.214535e+03 
2.577172e-01 1.183440e+03 1.187207e+03 
2.607374e-01 1.163785e+03 1.160735e+03 
2.637576e-01 1.142956e+03 1.135085e+03 
2.667778e-01 1.120794e+03 1.110224e+03 
2.697980e-01 1.097340e+03 1.086121e+03 
2.728182e-01 1.072779e+03 1.062747e+03 
2.758384e-01 1.047400e+03 1.040073e+03 
2.788586e-01 1.021585e+03 1.018074e+03 
2.818788e-01 9.957473e+02 9.967222e+02 
2.848990e-01 9.703117e+02 9.759949e+02 
2.879192e-01 9.456837e+02 9.558682e+02 
2.909394e-01 9.222344e+02 9.363200e+02 
2.939596e-01 9.002311e+02 9.173290e+02 
2.969798e-01 8.798419e+02 8.988750e+02 
3.000000e-01 8.611130e+02 8.809386e+02 
