1.000000e-03 3.912037e+03 3.912033e+03 
4.020202e-03 1.293915e+04 1.304166e+04 
7.040404e-03 1.884110e+04 1.897804e+04 
1.006061e-02 2.245642e+04 2.260230e+04 
1.308081e-02 2.438032e+04 2.453613e+04 
1.610101e-02 2.504421e+04 2.516578e+04 
1.912121e-02 2.478429e+04 2.479834e+04 
2.214141e-02 2.387870e+04 2.376396e+04 
2.516162e-02 2.256094e+04 2.239261e+04 
2.818182e-02 2.102298e+04 2.093505e+04 
3.120202e-02 1.941746e+04 1.953181e+04 
3.422222e-02 1.785678e+04 1.823871e+04 
3.724242e-02 1.641687e+04 1.706582e+04 
4.026263e-02 1.514359e+04 1.600462e+04 
4.328283e-02 1.405283e+04 1.504158e+04 
4.630303e-02 1.313726e+04 1.416351e+04 
4.932323e-02 1.239707e+04 1.335913e+04 
5.234343e-02 1.180715e+04 1.261919e+04 
5.536364e-02 1.132361e+04 1.193614e+04 
5.838384e-02 1.091955e+04 1.130381e+04 
6.140404e-02 1.056623e+04 1.071703e+04 
6.442424e-02 1.023431e+04 1.017142e+04 
6.744444e-02 9.900566e+03 9.663211e+03 
7.046465e-02 9.547955e+03 9.189119e+03 
7.348485e-02 9.166308e+03 8.746244e+03 
7.650505e-02 8.753010e+03 8.332011e+03 
7.952525e-02 8.312511e+03 7.944111e+03 
8.254545e-02 7.854207e+03 7.580470e+03 
8.556566e-02 7.390541e+03 7.239211e+03 
8.858586e-02 6.934255e+03 6.918634e+03 
9.160606e-02 6.497390e+03 6.617192e+03 
9.462626e-02 6.090530e+03 6.333475e+03 
9.764646e-02 5.722085e+03 6.066199e+03 
1.006667e-01 5.397994e+03 5.814185e+03 
1.036869e-01 5.121203e+03 5.576356e+03 
1.067071e-01 4.890960e+03 5.351725e+03 
1.097273e-01 4.703603e+03 5.139384e+03 
1.127475e-01 4.552673e+03 4.938500e+03 
1.157677e-01 4.430467e+03 4.748304e+03 
1.187879e-01 4.328640e+03 4.568090e+03 
1.218081e-01 4.239142e+03 4.397206e+03 
1.248283e-01 4.154679e+03 4.235051e+03 
1.278485e-01 4.068931e+03 4.081068e+03 
1.308687e-01 3.976629e+03 3.934743e+03 
1.338889e-01 3.874302e+03 3.795600e+03 
1.369091e-01 3.759947e+03 3.663199e+03 
1.399293e-01 3.633954e+03 3.537131e+03 
1.429495e-01 3.497986e+03 3.417015e+03 
1.459697e-01 3.355126e+03 3.302500e+03 
1.489899e-01 3.208950e+03 3.193258e+03 
1.520101e-01 3.063395e+03 3.088984e+03 
1.550303e-01 2.922202e+03 2.989395e+03 
1.580505e-01 2.788851e+03 2.894224e+03 
1.610707e-01 2.666163e+03 2.803227e+03 
1.640909e-01 2.556342e+03 2.716172e+03 
1.671111e-01 2.460432e+03 2.632844e+03 
1.701313e-01 2.378587e+03 2.553042e+03 
1.731515e-01 2.309796e+03 2.476578e+03 
1.761717e-01 2.252374e+03 2.403275e+03 
1.791919e-01 2.204088e+03 2.332969e+03 
1.822121e-01 2.162614e+03 2.265505e+03 
1.852323e-01 2.125616e+03 2.200738e+03 
1.882525e-01 2.090856e+03 2.138531e+03 
1.912727e-01 2.056251e+03 2.078756e+03 
1.942929e-01 2.020006e+03 2.021293e+03 
1.973131e-01 1.980724e+03 1.966029e+03 
2.003333e-01 1.937511e+03 1.912858e+03 
2.033535e-01 1.890122e+03 1.861678e+03 
2.063737e-01 1.838852e+03 1.812396e+03 
2.093939e-01 1.784576e+03 1.764921e+03 
2.124141e-01 1.728439e+03 1.719171e+03 
2.154343e-01 1.671714e+03 1.675066e+03 
2.184545e-01 1.615668e+03 1.632529e+03 
2.214747e-01 1.561504e+03 1.591492e+03 
2.244949e-01 1.510235e+03 1.551886e+03 
2.275152e-01 1.462667e+03 1.513649e+03 
2.305354e-01 1.419303e+03 1.476720e+03 
2.335556e-01 1.380421e+03 1.441041e+03 
2.365758e-01 1.345961e+03 1.406561e+03 
2.395960e-01 1.315665e+03 1.373226e+03 
2.426162e-01 1.289033e+03 1.340990e+03 
2.456364e-01 1.265443e+03 1.309805e+03 
2.486566e-01 1.244164e+03 1.279628e+03 
2.516768e-01 1.224421e+03 1.250419e+03 
2.546970e-01 1.205425e+03 1.222136e+03 
2.577172e-01 1.186457e+03 1.194743e+03 
2.607374e-01 1.166896e+03 1.168205e+03 
2.637576e-01 1.146358e+03 1.142486e+03 
2.667778e-01 1.124626e+03 1.117556e+03 
2.697980e-01 1.101699e+03 1.093382e+03 
2.728182e-01 1.077717e+03 1.069937e+03 
2.758384e-01 1.052955e+03 1.047191e+03 
2.788586e-01 1.027734e+03 1.025119e+03 
2.818788e-01 1.002409e+03 1.003695e+03 
2.848990e-01 9.773498e+02 9.828942e+02 
2.879192e-01 9.529295e+02 9.626940e+02 
2.909394e-01 9.295026e+02 9.430722e+02 
2.939596e-01 9.073619e+02 9.240076e+02 
2.969798e-01 8.867115e+02 9.054800e+02 
3.000000e-01 8.676381e+02 8.874702e+02 
