1.000000e-03 4.449777e+03 4.449773e+03 
4.020202e-03 1.464284e+04 1.475910e+04 
7.040404e-03 2.104180e+04 2.118464e+04 
1.006061e-02 2.474234e+04 2.487926e+04 
1.308081e-02 2.651354e+04 2.663493e+04 
1.610101e-02 2.689797e+04 2.694714e+04 
1.912121e-02 2.630879e+04 2.622727e+04 
2.214141e-02 2.507791e+04 2.489597e+04 
2.516162e-02 2.347424e+04 2.331969e+04 
2.818182e-02 2.171065e+04 2.173376e+04 
3.120202e-02 1.994657e+04 2.024683e+04 
3.422222e-02 1.829245e+04 1.889044e+04 
3.724242e-02 1.681445e+04 1.766207e+04 
4.026263e-02 1.554448e+04 1.654832e+04 
4.328283e-02 1.448208e+04 1.553454e+04 
4.630303e-02 1.361061e+04 1.460775e+04 
4.932323e-02 1.291506e+04 1.375721e+04 
5.234343e-02 1.235425e+04 1.297411e+04 
5.536364e-02 1.188047e+04 1.225116e+04 
5.838384e-02 1.145551e+04 1.158226e+04 
6.140404e-02 1.105028e+04 1.096218e+04 
6.442424e-02 1.064230e+04 1.038641e+04 
6.744444e-02 1.021496e+04 9.850989e+03 
7.046465e-02 9.758240e+03 9.352410e+03 
7.348485e-02 9.270768e+03 8.887548e+03 
7.650505e-02 8.758879e+03 8.453602e+03 
7.952525e-02 8.235224e+03 8.048052e+03 
8.254545e-02 7.715896e+03 7.668618e+03 
8.556566e-02 7.216715e+03 7.313240e+03 
8.858586e-02 6.751300e+03 6.980045e+03 
9.160606e-02 6.329942e+03 6.667333e+03 
9.462626e-02 5.958882e+03 6.373555e+03 
9.764646e-02 5.641338e+03 6.097298e+03 
1.006667e-01 5.376102e+03 5.837272e+03 
1.036869e-01 5.159213e+03 5.592300e+03 
1.067071e-01 4.983270e+03 5.361303e+03 
1.097273e-01 4.839476e+03 5.143292e+03 
1.127475e-01 4.717912e+03 4.937361e+03 
1.157677e-01 4.608923e+03 4.742679e+03 
1.187879e-01 4.503416e+03 4.558480e+03 
1.218081e-01 4.394227e+03 4.384061e+03 
1.248283e-01 4.275882e+03 4.218775e+03 
1.278485e-01 4.145819e+03 4.062023e+03 
1.308687e-01 4.003554e+03 3.913256e+03 
1.338889e-01 3.851030e+03 3.771963e+03 
1.369091e-01 3.691291e+03 3.637676e+03 
1.399293e-01 3.528141e+03 3.509957e+03 
1.429495e-01 3.365547e+03 3.388404e+03 
1.459697e-01 3.207513e+03 3.272643e+03 
1.489899e-01 3.057960e+03 3.162327e+03 
1.520101e-01 2.920391e+03 3.057134e+03 
1.550303e-01 2.797533e+03 2.956764e+03 
1.580505e-01 2.690668e+03 2.860940e+03 
1.610707e-01 2.599608e+03 2.769400e+03 
1.640909e-01 2.522752e+03 2.681905e+03 
1.671111e-01 2.457714e+03 2.598228e+03 
1.701313e-01 2.401734e+03 2.518159e+03 
1.731515e-01 2.352120e+03 2.441501e+03 
1.761717e-01 2.306513e+03 2.368072e+03 
1.791919e-01 2.262657e+03 2.297698e+03 
1.822121e-01 2.218388e+03 2.230219e+03 
1.852323e-01 2.171845e+03 2.165484e+03 
1.882525e-01 2.121555e+03 2.103353e+03 
1.912727e-01 2.067086e+03 2.043691e+03 
1.942929e-01 2.008661e+03 1.986376e+03 
1.973131e-01 1.947337e+03 1.931290e+03 
2.003333e-01 1.884439e+03 1.878323e+03 
2.033535e-01 1.821460e+03 1.827371e+03 
2.063737e-01 1.759682e+03 1.778338e+03 
2.093939e-01 1.700210e+03 1.731131e+03 
2.124141e-01 1.644011e+03 1.685665e+03 
2.154343e-01 1.591908e+03 1.641857e+03 
2.184545e-01 1.544445e+03 1.599631e+03 
2.214747e-01 1.501869e+03 1.558915e+03 
2.244949e-01 1.464038e+03 1.519639e+03 
2.275152e-01 1.430484e+03 1.481739e+03 
2.305354e-01 1.400491e+03 1.445153e+03 
2.335556e-01 1.373254e+03 1.409824e+03 
2.365758e-01 1.347954e+03 1.375697e+03 
2.395960e-01 1.323818e+03 1.342719e+03 
2.426162e-01 1.300127e+03 1.310841e+03 
2.456364e-01 1.276243e+03 1.280017e+03 
2.486566e-01 1.251673e+03 1.250203e+03 
2.516768e-01 1.226081e+03 1.221355e+03 
2.546970e-01 1.199418e+03 1.193434e+03 
2.577172e-01 1.171824e+03 1.166403e+03 
2.607374e-01 1.143649e+03 1.140224e+03 
2.637576e-01 1.115296e+03 1.114864e+03 
2.667778e-01 1.087175e+03 1.090291e+03 
2.697980e-01 1.059650e+03 1.066472e+03 
2.728182e-01 1.033025e+03 1.043379e+03 
2.758384e-01 1.007574e+03 1.020982e+03 
2.788586e-01 9.835332e+02 9.992565e+02 
2.818788e-01 9.610619e+02 9.781754e+02 
2.848990e-01 9.402398e+02 9.577145e+02 
2.879192e-01 9.210183e+02 9.378507e+02 
2.909394e-01 9.032490e+02 9.185616e+02 
2.939596e-01 8.866837e+02 8.998261e+02 
2.969798e-01 8.710573e+02 8.816237e+02 
3.000000e-01 8.561048e+02 8.639352e+02 
