1.000000e-03 2.879517e+03 2.879515e+03 
4.020202e-03 9.628996e+03 9.704685e+03 
7.040404e-03 1.414325e+04 1.423869e+04 
1.006061e-02 1.700367e+04 1.708356e+04 
1.308081e-02 1.863721e+04 1.869109e+04 
1.610101e-02 1.935601e+04 1.935927e+04 
1.912121e-02 1.940193e+04 1.932762e+04 
2.214141e-02 1.897087e+04 1.883291e+04 
2.516162e-02 1.822600e+04 1.808926e+04 
2.818182e-02 1.729957e+04 1.724901e+04 
3.120202e-02 1.629615e+04 1.639719e+04 
3.422222e-02 1.529349e+04 1.557225e+04 
3.724242e-02 1.434566e+04 1.478814e+04 
4.026263e-02 1.348495e+04 1.404809e+04 
4.328283e-02 1.271738e+04 1.335126e+04 
4.630303e-02 1.205637e+04 1.269553e+04 
4.932323e-02 1.150030e+04 1.207848e+04 
5.234343e-02 1.102351e+04 1.149776e+04 
5.536364e-02 1.060269e+04 1.095116e+04 
5.838384e-02 1.022019e+04 1.043657e+04 
6.140404e-02 9.863086e+03 9.952040e+03 
6.442424e-02 9.515940e+03 9.495701e+03 
6.744444e-02 9.165575e+03 9.065796e+03 
7.046465e-02 8.803368e+03 8.660662e+03 
7.348485e-02 8.426038e+03 8.278729e+03 
7.650505e-02 8.035401e+03 7.918516e+03 
7.952525e-02 7.637835e+03 7.578630e+03 
8.254545e-02 7.242454e+03 7.257764e+03 
8.556566e-02 6.858302e+03 6.954693e+03 
8.858586e-02 6.493150e+03 6.668272e+03 
9.160606e-02 6.152614e+03 6.397429e+03 
9.462626e-02 5.840807e+03 6.141168e+03 
9.764646e-02 5.560502e+03 5.898556e+03 
1.006667e-01 5.312996e+03 5.668727e+03 
1.036869e-01 5.098302e+03 5.450874e+03 
1.067071e-01 4.914131e+03 5.244245e+03 
1.097273e-01 4.756503e+03 5.048141e+03 
1.127475e-01 4.619282e+03 4.861911e+03 
1.157677e-01 4.496097e+03 4.684951e+03 
1.187879e-01 4.380622e+03 4.516697e+03 
1.218081e-01 4.267778e+03 4.356623e+03 
1.248283e-01 4.153586e+03 4.204242e+03 
1.278485e-01 4.035748e+03 4.059099e+03 
1.308687e-01 3.913014e+03 3.920769e+03 
1.338889e-01 3.785401e+03 3.788858e+03 
1.369091e-01 3.653617e+03 3.662996e+03 
1.399293e-01 3.519302e+03 3.542840e+03 
1.429495e-01 3.384504e+03 3.428068e+03 
1.459697e-01 3.251725e+03 3.318379e+03 
1.489899e-01 3.123341e+03 3.213495e+03 
1.520101e-01 3.001456e+03 3.113151e+03 
1.550303e-01 2.887772e+03 3.017103e+03 
1.580505e-01 2.783575e+03 2.925121e+03 
1.610707e-01 2.689515e+03 2.836989e+03 
1.640909e-01 2.605730e+03 2.752506e+03 
1.671111e-01 2.531518e+03 2.671482e+03 
1.701313e-01 2.465716e+03 2.593739e+03 
1.731515e-01 2.406680e+03 2.519110e+03 
1.761717e-01 2.352656e+03 2.447439e+03 
1.791919e-01 2.301944e+03 2.378579e+03 
1.822121e-01 2.253021e+03 2.312390e+03 
1.852323e-01 2.204672e+03 2.248742e+03 
1.882525e-01 2.155929e+03 2.187512e+03 
1.912727e-01 2.106097e+03 2.128584e+03 
1.942929e-01 2.054768e+03 2.071849e+03 
1.973131e-01 2.001797e+03 2.017205e+03 
2.003333e-01 1.947493e+03 1.964553e+03 
2.033535e-01 1.892449e+03 1.913802e+03 
2.063737e-01 1.837502e+03 1.864865e+03 
2.093939e-01 1.783543e+03 1.817660e+03 
2.124141e-01 1.731320e+03 1.772109e+03 
2.154343e-01 1.681462e+03 1.728140e+03 
2.184545e-01 1.634378e+03 1.685683e+03 
2.214747e-01 1.590335e+03 1.644671e+03 
2.244949e-01 1.549426e+03 1.605042e+03 
2.275152e-01 1.511654e+03 1.566738e+03 
2.305354e-01 1.476931e+03 1.529702e+03 
2.335556e-01 1.444957e+03 1.493881e+03 
2.365758e-01 1.415284e+03 1.459224e+03 
2.395960e-01 1.387390e+03 1.425683e+03 
2.426162e-01 1.360742e+03 1.393213e+03 
2.456364e-01 1.334890e+03 1.361770e+03 
2.486566e-01 1.309446e+03 1.331313e+03 
2.516768e-01 1.284132e+03 1.301803e+03 
2.546970e-01 1.258742e+03 1.273201e+03 
2.577172e-01 1.233166e+03 1.245474e+03 
2.607374e-01 1.207356e+03 1.218586e+03 
2.637576e-01 1.181340e+03 1.192505e+03 
2.667778e-01 1.155241e+03 1.167200e+03 
2.697980e-01 1.129274e+03 1.142643e+03 
2.728182e-01 1.103699e+03 1.118805e+03 
2.758384e-01 1.078786e+03 1.095659e+03 
2.788586e-01 1.054733e+03 1.073179e+03 
2.818788e-01 1.031684e+03 1.051341e+03 
2.848990e-01 1.009707e+03 1.030123e+03 
2.879192e-01 9.888266e+02 1.009500e+03 
2.909394e-01 9.690171e+02 9.894530e+02 
2.939596e-01 9.502304e+02 9.699602e+02 
2.969798e-01 9.323994e+02 9.510025e+02 
3.000000e-01 9.154375e+02 9.325610e+02 
