1.000000e-03 2.728909e+03 2.728907e+03 
4.020202e-03 9.062782e+03 9.134012e+03 
7.040404e-03 1.326053e+04 1.334450e+04 
1.006061e-02 1.590637e+04 1.596100e+04 
1.308081e-02 1.742012e+04 1.742959e+04 
1.610101e-02 1.810369e+04 1.804962e+04 
1.912121e-02 1.818491e+04 1.805998e+04 
2.214141e-02 1.784515e+04 1.767968e+04 
2.516162e-02 1.722967e+04 1.708862e+04 
2.818182e-02 1.645539e+04 1.640576e+04 
3.120202e-02 1.561176e+04 1.569610e+04 
3.422222e-02 1.476408e+04 1.499105e+04 
3.724242e-02 1.395634e+04 1.430488e+04 
4.026263e-02 1.321556e+04 1.364402e+04 
4.328283e-02 1.254523e+04 1.301127e+04 
4.630303e-02 1.194960e+04 1.240775e+04 
4.932323e-02 1.143441e+04 1.183364e+04 
5.234343e-02 1.097523e+04 1.128859e+04 
5.536364e-02 1.055078e+04 1.077189e+04 
5.838384e-02 1.015002e+04 1.028260e+04 
6.140404e-02 9.764810e+03 9.819628e+03 
6.442424e-02 9.386384e+03 9.381798e+03 
6.744444e-02 9.005613e+03 8.967874e+03 
7.046465e-02 8.618817e+03 8.576610e+03 
7.348485e-02 8.226673e+03 8.206767e+03 
7.650505e-02 7.833748e+03 7.857133e+03 
7.952525e-02 7.447297e+03 7.526534e+03 
8.254545e-02 7.075008e+03 7.213843e+03 
8.556566e-02 6.723485e+03 6.917986e+03 
8.858586e-02 6.396755e+03 6.637943e+03 
9.160606e-02 6.097000e+03 6.372750e+03 
9.462626e-02 5.825011e+03 6.121499e+03 
9.764646e-02 5.580995e+03 5.883336e+03 
1.006667e-01 5.364252e+03 5.657461e+03 
1.036869e-01 5.172637e+03 5.443125e+03 
1.067071e-01 5.002742e+03 5.239625e+03 
1.097273e-01 4.849427e+03 5.046306e+03 
1.127475e-01 4.707319e+03 4.862556e+03 
1.157677e-01 4.571019e+03 4.687802e+03 
1.187879e-01 4.436522e+03 4.521509e+03 
1.218081e-01 4.301253e+03 4.363180e+03 
1.248283e-01 4.164135e+03 4.212349e+03 
1.278485e-01 4.025220e+03 4.068580e+03 
1.308687e-01 3.885253e+03 3.931468e+03 
1.338889e-01 3.745419e+03 3.800633e+03 
1.369091e-01 3.607327e+03 3.675721e+03 
1.399293e-01 3.472741e+03 3.556400e+03 
1.429495e-01 3.343321e+03 3.442361e+03 
1.459697e-01 3.220570e+03 3.333313e+03 
1.489899e-01 3.105523e+03 3.228986e+03 
1.520101e-01 2.998934e+03 3.129124e+03 
1.550303e-01 2.901083e+03 3.033490e+03 
1.580505e-01 2.811924e+03 2.941861e+03 
1.610707e-01 2.730880e+03 2.854026e+03 
1.640909e-01 2.657025e+03 2.769791e+03 
1.671111e-01 2.588962e+03 2.688969e+03 
1.701313e-01 2.525214e+03 2.611388e+03 
1.731515e-01 2.464275e+03 2.536884e+03 
1.761717e-01 2.404965e+03 2.465306e+03 
1.791919e-01 2.346449e+03 2.396507e+03 
1.822121e-01 2.288208e+03 2.330353e+03 
1.852323e-01 2.229971e+03 2.266716e+03 
1.882525e-01 2.171630e+03 2.205476e+03 
1.912727e-01 2.113208e+03 2.146517e+03 
1.942929e-01 2.054956e+03 2.089734e+03 
1.973131e-01 1.997268e+03 2.035026e+03 
2.003333e-01 1.940760e+03 1.982295e+03 
2.033535e-01 1.886083e+03 1.931453e+03 
2.063737e-01 1.833748e+03 1.882414e+03 
2.093939e-01 1.784134e+03 1.835097e+03 
2.124141e-01 1.737337e+03 1.789425e+03 
2.154343e-01 1.693340e+03 1.745327e+03 
2.184545e-01 1.651989e+03 1.702733e+03 
2.214747e-01 1.613096e+03 1.661579e+03 
2.244949e-01 1.576441e+03 1.621803e+03 
2.275152e-01 1.541759e+03 1.583347e+03 
2.305354e-01 1.508718e+03 1.546154e+03 
2.335556e-01 1.476960e+03 1.510173e+03 
2.365758e-01 1.446104e+03 1.475354e+03 
2.395960e-01 1.415862e+03 1.441648e+03 
2.426162e-01 1.386028e+03 1.409011e+03 
2.456364e-01 1.356509e+03 1.377399e+03 
2.486566e-01 1.327288e+03 1.346772e+03 
2.516768e-01 1.298392e+03 1.317091e+03 
2.546970e-01 1.269873e+03 1.288318e+03 
2.577172e-01 1.241801e+03 1.260419e+03 
2.607374e-01 1.214266e+03 1.233359e+03 
2.637576e-01 1.187389e+03 1.207107e+03 
2.667778e-01 1.161303e+03 1.181631e+03 
2.697980e-01 1.136143e+03 1.156904e+03 
2.728182e-01 1.112008e+03 1.132895e+03 
2.758384e-01 1.088915e+03 1.109580e+03 
2.788586e-01 1.066831e+03 1.086932e+03 
2.818788e-01 1.045663e+03 1.064928e+03 
2.848990e-01 1.025317e+03 1.043543e+03 
2.879192e-01 1.005709e+03 1.022756e+03 
2.909394e-01 9.867583e+02 1.002546e+03 
2.939596e-01 9.683915e+02 9.828914e+02 
2.969798e-01 9.505370e+02 9.637735e+02 
3.000000e-01 9.331255e+02 9.451735e+02 
