1.000000e-03 4.599191e+03 4.599187e+03 
4.020202e-03 1.545636e+04 1.557963e+04 
7.040404e-03 2.262254e+04 2.279838e+04 
1.006061e-02 2.701189e+04 2.723150e+04 
1.308081e-02 2.931025e+04 2.959229e+04 
1.610101e-02 3.002433e+04 3.031091e+04 
1.912121e-02 2.956370e+04 2.972323e+04 
2.214141e-02 2.827331e+04 2.822031e+04 
2.516162e-02 2.645142e+04 2.623948e+04 
2.818182e-02 2.434824e+04 2.414764e+04 
3.120202e-02 2.216506e+04 2.216581e+04 
3.422222e-02 2.005313e+04 2.038405e+04 
3.724242e-02 1.811520e+04 1.881487e+04 
4.026263e-02 1.641425e+04 1.743781e+04 
4.328283e-02 1.496894e+04 1.622384e+04 
4.630303e-02 1.377707e+04 1.514553e+04 
4.932323e-02 1.283958e+04 1.418001e+04 
5.234343e-02 1.211687e+04 1.330911e+04 
5.536364e-02 1.156155e+04 1.251857e+04 
5.838384e-02 1.113608e+04 1.179712e+04 
6.140404e-02 1.079929e+04 1.113582e+04 
6.442424e-02 1.051165e+04 1.052739e+04 
6.744444e-02 1.023837e+04 9.965861e+03 
7.046465e-02 9.951555e+03 9.446232e+03 
7.348485e-02 9.630666e+03 8.964260e+03 
7.650505e-02 9.263334e+03 8.516303e+03 
7.952525e-02 8.846271e+03 8.099200e+03 
8.254545e-02 8.385289e+03 7.710182e+03 
8.556566e-02 7.892190e+03 7.346807e+03 
8.858586e-02 7.382600e+03 7.006906e+03 
9.160606e-02 6.873857e+03 6.688545e+03 
9.462626e-02 6.382663e+03 6.389988e+03 
9.764646e-02 5.924396e+03 6.109675e+03 
1.006667e-01 5.510890e+03 5.846197e+03 
1.036869e-01 5.150699e+03 5.598277e+03 
1.067071e-01 4.847406e+03 5.364758e+03 
1.097273e-01 4.600771e+03 5.144587e+03 
1.127475e-01 4.406841e+03 4.936803e+03 
1.157677e-01 4.259089e+03 4.740530e+03 
1.187879e-01 4.149420e+03 4.554965e+03 
1.218081e-01 4.068804e+03 4.379373e+03 
1.248283e-01 4.007883e+03 4.213080e+03 
1.278485e-01 3.957174e+03 4.055467e+03 
1.308687e-01 3.907733e+03 3.905962e+03 
1.338889e-01 3.851470e+03 3.764042e+03 
1.369091e-01 3.782466e+03 3.629220e+03 
1.399293e-01 3.696688e+03 3.501051e+03 
1.429495e-01 3.592860e+03 3.379119e+03 
1.459697e-01 3.471437e+03 3.263043e+03 
1.489899e-01 3.335043e+03 3.152467e+03 
1.520101e-01 3.187344e+03 3.047063e+03 
1.550303e-01 3.032984e+03 2.946525e+03 
1.580505e-01 2.877180e+03 2.850569e+03 
1.610707e-01 2.725409e+03 2.758932e+03 
1.640909e-01 2.582522e+03 2.671367e+03 
1.671111e-01 2.452622e+03 2.587647e+03 
1.701313e-01 2.338291e+03 2.507556e+03 
1.731515e-01 2.240885e+03 2.430897e+03 
1.761717e-01 2.160275e+03 2.357483e+03 
1.791919e-01 2.095414e+03 2.287140e+03 
1.822121e-01 2.044541e+03 2.219706e+03 
1.852323e-01 2.005428e+03 2.155027e+03 
1.882525e-01 1.975572e+03 2.092961e+03 
1.912727e-01 1.952212e+03 2.033375e+03 
1.942929e-01 1.932452e+03 1.976142e+03 
1.973131e-01 1.913289e+03 1.921145e+03 
2.003333e-01 1.892027e+03 1.868272e+03 
2.033535e-01 1.866373e+03 1.817420e+03 
2.063737e-01 1.834922e+03 1.768491e+03 
2.093939e-01 1.796934e+03 1.721391e+03 
2.124141e-01 1.752593e+03 1.676035e+03 
2.154343e-01 1.702587e+03 1.632339e+03 
2.184545e-01 1.648154e+03 1.590228e+03 
2.214747e-01 1.590765e+03 1.549627e+03 
2.244949e-01 1.532067e+03 1.510467e+03 
2.275152e-01 1.473753e+03 1.472685e+03 
2.305354e-01 1.417476e+03 1.436217e+03 
2.335556e-01 1.364633e+03 1.401006e+03 
2.365758e-01 1.316363e+03 1.366997e+03 
2.395960e-01 1.273397e+03 1.334137e+03 
2.426162e-01 1.236106e+03 1.302377e+03 
2.456364e-01 1.204487e+03 1.271670e+03 
2.486566e-01 1.178178e+03 1.241972e+03 
2.516768e-01 1.156570e+03 1.213239e+03 
2.546970e-01 1.138818e+03 1.185433e+03 
2.577172e-01 1.123967e+03 1.158515e+03 
2.607374e-01 1.110953e+03 1.132449e+03 
2.637576e-01 1.098739e+03 1.107201e+03 
2.667778e-01 1.086362e+03 1.082737e+03 
2.697980e-01 1.073032e+03 1.059027e+03 
2.728182e-01 1.058123e+03 1.036041e+03 
2.758384e-01 1.041266e+03 1.013751e+03 
2.788586e-01 1.022275e+03 9.921297e+02 
2.818788e-01 1.001215e+03 9.711518e+02 
2.848990e-01 9.783186e+02 9.507928e+02 
2.879192e-01 9.539963e+02 9.310293e+02 
2.909394e-01 9.287646e+02 9.118391e+02 
2.939596e-01 9.032093e+02 8.932009e+02 
2.969798e-01 8.779241e+02 8.750945e+02 
3.000000e-01 8.534731e+02 8.575005e+02 
