1.000000e-03 5.716563e+03 5.716557e+03 
4.020202e-03 1.932003e+04 1.947490e+04 
7.040404e-03 2.828680e+04 2.851814e+04 
1.006061e-02 3.372635e+04 3.404652e+04 
1.308081e-02 3.648741e+04 3.694106e+04 
1.610101e-02 3.720687e+04 3.771532e+04 
1.912121e-02 3.640403e+04 3.676014e+04 
2.214141e-02 3.452642e+04 3.455775e+04 
2.516162e-02 3.196450e+04 3.169257e+04 
2.818182e-02 2.905151e+04 2.868946e+04 
3.120202e-02 2.605628e+04 2.588071e+04 
3.422222e-02 2.318063e+04 2.340423e+04 
3.724242e-02 2.056166e+04 2.127533e+04 
4.026263e-02 1.828103e+04 1.945546e+04 
4.328283e-02 1.635938e+04 1.789242e+04 
4.630303e-02 1.479812e+04 1.653759e+04 
4.932323e-02 1.358925e+04 1.535104e+04 
5.234343e-02 1.267788e+04 1.430151e+04 
5.536364e-02 1.200879e+04 1.336498e+04 
5.838384e-02 1.153021e+04 1.252293e+04 
6.140404e-02 1.118717e+04 1.176101e+04 
6.442424e-02 1.092786e+04 1.106788e+04 
6.744444e-02 1.070639e+04 1.043447e+04 
7.046465e-02 1.048349e+04 9.853422e+03 
7.348485e-02 1.022651e+04 9.318641e+03 
7.650505e-02 9.911982e+03 8.825032e+03 
7.952525e-02 9.527443e+03 8.368276e+03 
8.254545e-02 9.072382e+03 7.944672e+03 
8.556566e-02 8.556803e+03 7.551019e+03 
8.858586e-02 7.998004e+03 7.184525e+03 
9.160606e-02 7.417778e+03 6.842739e+03 
9.462626e-02 6.839558e+03 6.523498e+03 
9.764646e-02 6.285088e+03 6.224879e+03 
1.006667e-01 5.773440e+03 5.945166e+03 
1.036869e-01 5.318328e+03 5.682825e+03 
1.067071e-01 4.928998e+03 5.436475e+03 
1.097273e-01 4.608157e+03 5.204872e+03 
1.127475e-01 4.354760e+03 4.986892e+03 
1.157677e-01 4.163711e+03 4.781515e+03 
1.187879e-01 4.027702e+03 4.587815e+03 
1.218081e-01 3.937589e+03 4.404950e+03 
1.248283e-01 3.882792e+03 4.232149e+03 
1.278485e-01 3.851996e+03 4.068712e+03 
1.308687e-01 3.833536e+03 3.913994e+03 
1.338889e-01 3.816332e+03 3.767406e+03 
1.369091e-01 3.790496e+03 3.628406e+03 
1.399293e-01 3.748352e+03 3.496497e+03 
1.429495e-01 3.684386e+03 3.371221e+03 
1.459697e-01 3.596081e+03 3.252155e+03 
1.489899e-01 3.482976e+03 3.138908e+03 
1.520101e-01 3.347231e+03 3.031120e+03 
1.550303e-01 3.192883e+03 2.928458e+03 
1.580505e-01 3.025981e+03 2.830613e+03 
1.610707e-01 2.853563e+03 2.737298e+03 
1.640909e-01 2.683068e+03 2.648246e+03 
1.671111e-01 2.521069e+03 2.563211e+03 
1.701313e-01 2.373051e+03 2.481963e+03 
1.731515e-01 2.242565e+03 2.404288e+03 
1.761717e-01 2.131582e+03 2.329986e+03 
1.791919e-01 2.040482e+03 2.258872e+03 
1.822121e-01 1.968667e+03 2.190771e+03 
1.852323e-01 1.914855e+03 2.125522e+03 
1.882525e-01 1.877028e+03 2.062972e+03 
1.912727e-01 1.852617e+03 2.002980e+03 
1.942929e-01 1.838329e+03 1.945413e+03 
1.973131e-01 1.830488e+03 1.890145e+03 
2.003333e-01 1.825158e+03 1.837061e+03 
2.033535e-01 1.818706e+03 1.786051e+03 
2.063737e-01 1.807912e+03 1.737011e+03 
2.093939e-01 1.790495e+03 1.689844e+03 
2.124141e-01 1.764919e+03 1.644460e+03 
2.154343e-01 1.730593e+03 1.600773e+03 
2.184545e-01 1.687655e+03 1.558701e+03 
2.214747e-01 1.636886e+03 1.518169e+03 
2.244949e-01 1.579786e+03 1.479105e+03 
2.275152e-01 1.518266e+03 1.441441e+03 
2.305354e-01 1.454610e+03 1.405114e+03 
2.335556e-01 1.391128e+03 1.370062e+03 
2.365758e-01 1.330043e+03 1.336229e+03 
2.395960e-01 1.273176e+03 1.303560e+03 
2.426162e-01 1.221960e+03 1.272005e+03 
2.456364e-01 1.177240e+03 1.241515e+03 
2.486566e-01 1.139469e+03 1.212044e+03 
2.516768e-01 1.108615e+03 1.183549e+03 
2.546970e-01 1.084321e+03 1.155988e+03 
2.577172e-01 1.065899e+03 1.129323e+03 
2.607374e-01 1.052381e+03 1.103516e+03 
2.637576e-01 1.042606e+03 1.078532e+03 
2.667778e-01 1.035265e+03 1.054337e+03 
2.697980e-01 1.029034e+03 1.030900e+03 
2.728182e-01 1.022655e+03 1.008190e+03 
2.758384e-01 1.015049e+03 9.861781e+02 
2.788586e-01 1.005339e+03 9.648374e+02 
2.818788e-01 9.929378e+02 9.441416e+02 
2.848990e-01 9.774820e+02 9.240657e+02 
2.879192e-01 9.589290e+02 9.045860e+02 
2.909394e-01 9.374584e+02 8.856798e+02 
2.939596e-01 9.135194e+02 8.673256e+02 
2.969798e-01 8.877398e+02 8.495027e+02 
3.000000e-01 8.608874e+02 8.321915e+02 
