1.000000e-03 4.589056e+03 4.589052e+03 
4.020202e-03 1.532145e+04 1.544347e+04 
7.040404e-03 2.221595e+04 2.237641e+04 
1.006061e-02 2.629958e+04 2.647494e+04 
1.308081e-02 2.832519e+04 2.851582e+04 
1.610101e-02 2.883877e+04 2.898038e+04 
1.912121e-02 2.826654e+04 2.826620e+04 
2.214141e-02 2.695881e+04 2.680701e+04 
2.516162e-02 2.520687e+04 2.501955e+04 
2.818182e-02 2.324778e+04 2.319899e+04 
3.120202e-02 2.126392e+04 2.149457e+04 
3.422222e-02 1.938530e+04 1.995441e+04 
3.724242e-02 1.769385e+04 1.857740e+04 
4.026263e-02 1.623441e+04 1.734526e+04 
4.328283e-02 1.501155e+04 1.623710e+04 
4.630303e-02 1.401306e+04 1.523436e+04 
4.932323e-02 1.323152e+04 1.432185e+04 
5.234343e-02 1.261990e+04 1.348741e+04 
5.536364e-02 1.212760e+04 1.272127e+04 
5.838384e-02 1.171664e+04 1.201552e+04 
6.140404e-02 1.134678e+04 1.136359e+04 
6.442424e-02 1.098620e+04 1.075997e+04 
6.744444e-02 1.061155e+04 1.019996e+04 
7.046465e-02 1.020507e+04 9.679470e+03 
7.348485e-02 9.758053e+03 9.194942e+03 
7.650505e-02 9.270715e+03 8.743229e+03 
7.952525e-02 8.751522e+03 8.321536e+03 
8.254545e-02 8.215632e+03 7.927365e+03 
8.556566e-02 7.680438e+03 7.558473e+03 
8.858586e-02 7.163282e+03 7.212842e+03 
9.160606e-02 6.679660e+03 6.888647e+03 
9.462626e-02 6.241128e+03 6.584234e+03 
9.764646e-02 5.856173e+03 6.298103e+03 
1.006667e-01 5.528358e+03 6.028888e+03 
1.036869e-01 5.257791e+03 5.775344e+03 
1.067071e-01 5.040220e+03 5.536336e+03 
1.097273e-01 4.868737e+03 5.310825e+03 
1.127475e-01 4.734236e+03 5.097861e+03 
1.157677e-01 4.626667e+03 4.896574e+03 
1.187879e-01 4.535672e+03 4.706162e+03 
1.218081e-01 4.451380e+03 4.525892e+03 
1.248283e-01 4.364957e+03 4.355087e+03 
1.278485e-01 4.269462e+03 4.193126e+03 
1.308687e-01 4.160381e+03 4.039435e+03 
1.338889e-01 4.035761e+03 3.893483e+03 
1.369091e-01 3.896248e+03 3.754782e+03 
1.399293e-01 3.744159e+03 3.622880e+03 
1.429495e-01 3.583166e+03 3.497357e+03 
1.459697e-01 3.417551e+03 3.377825e+03 
1.489899e-01 3.252115e+03 3.263924e+03 
1.520101e-01 3.091712e+03 3.155321e+03 
1.550303e-01 2.941085e+03 3.051704e+03 
1.580505e-01 2.804036e+03 2.952786e+03 
1.610707e-01 2.683402e+03 2.858297e+03 
1.640909e-01 2.580080e+03 2.767986e+03 
1.671111e-01 2.493742e+03 2.681621e+03 
1.701313e-01 2.422523e+03 2.598984e+03 
1.731515e-01 2.364068e+03 2.519870e+03 
1.761717e-01 2.315685e+03 2.444091e+03 
1.791919e-01 2.274655e+03 2.371468e+03 
1.822121e-01 2.238250e+03 2.301835e+03 
1.852323e-01 2.203754e+03 2.235036e+03 
1.882525e-01 2.168534e+03 2.170924e+03 
1.912727e-01 2.130192e+03 2.109363e+03 
1.942929e-01 2.087046e+03 2.050225e+03 
1.973131e-01 2.038383e+03 1.993387e+03 
2.003333e-01 1.984389e+03 1.938737e+03 
2.033535e-01 1.925918e+03 1.886168e+03 
2.063737e-01 1.864356e+03 1.835578e+03 
2.093939e-01 1.801256e+03 1.786874e+03 
2.124141e-01 1.738127e+03 1.739966e+03 
2.154343e-01 1.676413e+03 1.694770e+03 
2.184545e-01 1.617468e+03 1.651207e+03 
2.214747e-01 1.562454e+03 1.609201e+03 
2.244949e-01 1.512322e+03 1.568681e+03 
2.275152e-01 1.467564e+03 1.529581e+03 
2.305354e-01 1.428334e+03 1.491838e+03 
2.335556e-01 1.394296e+03 1.455391e+03 
2.365758e-01 1.364868e+03 1.420184e+03 
2.395960e-01 1.339236e+03 1.386163e+03 
2.426162e-01 1.316500e+03 1.353277e+03 
2.456364e-01 1.295710e+03 1.321478e+03 
2.486566e-01 1.275941e+03 1.290720e+03 
2.516768e-01 1.256310e+03 1.260960e+03 
2.546970e-01 1.236048e+03 1.232156e+03 
2.577172e-01 1.214560e+03 1.204270e+03 
2.607374e-01 1.191521e+03 1.177263e+03 
2.637576e-01 1.166873e+03 1.151101e+03 
2.667778e-01 1.140796e+03 1.125750e+03 
2.697980e-01 1.113642e+03 1.101177e+03 
2.728182e-01 1.085850e+03 1.077353e+03 
2.758384e-01 1.057890e+03 1.054248e+03 
2.788586e-01 1.030228e+03 1.031835e+03 
2.818788e-01 1.003303e+03 1.010086e+03 
2.848990e-01 9.775231e+02 9.889775e+02 
2.879192e-01 9.532510e+02 9.684845e+02 
2.909394e-01 9.307351e+02 9.485844e+02 
2.939596e-01 9.101222e+02 9.292552e+02 
2.969798e-01 8.913858e+02 9.104759e+02 
3.000000e-01 8.743977e+02 8.922267e+02 
