1.000000e-03 3.790513e+03 3.790510e+03 
4.020202e-03 1.279977e+04 1.290052e+04 
7.040404e-03 1.887252e+04 1.901585e+04 
1.006061e-02 2.270750e+04 2.287797e+04 
1.308081e-02 2.483556e+04 2.504515e+04 
1.610101e-02 2.565653e+04 2.586243e+04 
1.912121e-02 2.549335e+04 2.559940e+04 
2.214141e-02 2.462149e+04 2.456465e+04 
2.516162e-02 2.327924e+04 2.310204e+04 
2.818182e-02 2.166934e+04 2.150375e+04 
3.120202e-02 1.995636e+04 1.995173e+04 
3.422222e-02 1.826719e+04 1.852675e+04 
3.724242e-02 1.669024e+04 1.724785e+04 
4.026263e-02 1.528278e+04 1.610618e+04 
4.328283e-02 1.406811e+04 1.508413e+04 
4.630303e-02 1.304691e+04 1.416381e+04 
4.932323e-02 1.222407e+04 1.332972e+04 
5.234343e-02 1.157596e+04 1.256928e+04 
5.536364e-02 1.106321e+04 1.187245e+04 
5.838384e-02 1.065259e+04 1.123116e+04 
6.140404e-02 1.031677e+04 1.063890e+04 
6.442424e-02 1.002680e+04 1.009031e+04 
6.744444e-02 9.750928e+03 9.580915e+03 
7.046465e-02 9.465597e+03 9.106905e+03 
7.348485e-02 9.153771e+03 8.665010e+03 
7.650505e-02 8.805101e+03 8.252379e+03 
7.952525e-02 8.417829e+03 7.866505e+03 
8.254545e-02 7.997312e+03 7.505169e+03 
8.556566e-02 7.553615e+03 7.166385e+03 
8.858586e-02 7.099399e+03 6.848377e+03 
9.160606e-02 6.648021e+03 6.549540e+03 
9.462626e-02 6.212218e+03 6.268424e+03 
9.764646e-02 5.803638e+03 6.003714e+03 
1.006667e-01 5.431783e+03 5.754212e+03 
1.036869e-01 5.104137e+03 5.518827e+03 
1.067071e-01 4.824387e+03 5.296560e+03 
1.097273e-01 4.593429e+03 5.086499e+03 
1.127475e-01 4.407938e+03 4.887807e+03 
1.157677e-01 4.262490e+03 4.699715e+03 
1.187879e-01 4.149597e+03 4.521516e+03 
1.218081e-01 4.061301e+03 4.352559e+03 
1.248283e-01 3.989455e+03 4.192245e+03 
1.278485e-01 3.926346e+03 4.040021e+03 
1.308687e-01 3.864746e+03 3.895374e+03 
1.338889e-01 3.798511e+03 3.757832e+03 
1.369091e-01 3.722628e+03 3.626958e+03 
1.399293e-01 3.633860e+03 3.502345e+03 
1.429495e-01 3.530729e+03 3.383618e+03 
1.459697e-01 3.413591e+03 3.270427e+03 
1.489899e-01 3.284542e+03 3.162448e+03 
1.520101e-01 3.146819e+03 3.059378e+03 
1.550303e-01 3.004452e+03 2.960937e+03 
1.580505e-01 2.861728e+03 2.866862e+03 
1.610707e-01 2.722958e+03 2.776910e+03 
1.640909e-01 2.592047e+03 2.690853e+03 
1.671111e-01 2.472253e+03 2.608478e+03 
1.701313e-01 2.365716e+03 2.529587e+03 
1.731515e-01 2.273584e+03 2.453992e+03 
1.761717e-01 2.195873e+03 2.381520e+03 
1.791919e-01 2.131884e+03 2.312009e+03 
1.822121e-01 2.080051e+03 2.245305e+03 
1.852323e-01 2.038454e+03 2.181264e+03 
1.882525e-01 2.004860e+03 2.119752e+03 
1.912727e-01 1.976859e+03 2.060643e+03 
1.942929e-01 1.951907e+03 2.003818e+03 
1.973131e-01 1.927557e+03 1.949164e+03 
2.003333e-01 1.901541e+03 1.896578e+03 
2.033535e-01 1.872165e+03 1.845959e+03 
2.063737e-01 1.838195e+03 1.797214e+03 
2.093939e-01 1.799129e+03 1.750255e+03 
2.124141e-01 1.754998e+03 1.704999e+03 
2.154343e-01 1.706419e+03 1.661369e+03 
2.184545e-01 1.654366e+03 1.619288e+03 
2.214747e-01 1.600071e+03 1.578689e+03 
2.244949e-01 1.544911e+03 1.539503e+03 
2.275152e-01 1.490309e+03 1.501670e+03 
2.305354e-01 1.437646e+03 1.465129e+03 
2.335556e-01 1.388122e+03 1.429824e+03 
2.365758e-01 1.342637e+03 1.395702e+03 
2.395960e-01 1.301769e+03 1.362713e+03 
2.426162e-01 1.265786e+03 1.330809e+03 
2.456364e-01 1.234613e+03 1.299944e+03 
2.486566e-01 1.207953e+03 1.270076e+03 
2.516768e-01 1.185289e+03 1.241163e+03 
2.546970e-01 1.165983e+03 1.213166e+03 
2.577172e-01 1.149246e+03 1.186049e+03 
2.607374e-01 1.134215e+03 1.159776e+03 
2.637576e-01 1.119964e+03 1.134314e+03 
2.667778e-01 1.105660e+03 1.109630e+03 
2.697980e-01 1.090573e+03 1.085695e+03 
2.728182e-01 1.074200e+03 1.062479e+03 
2.758384e-01 1.056213e+03 1.039956e+03 
2.788586e-01 1.036561e+03 1.018098e+03 
2.818788e-01 1.015334e+03 9.968802e+02 
2.848990e-01 9.927689e+02 9.762792e+02 
2.879192e-01 9.691813e+02 9.562719e+02 
2.909394e-01 9.449559e+02 9.368365e+02 
2.939596e-01 9.205394e+02 9.179521e+02 
2.969798e-01 8.964057e+02 8.995987e+02 
3.000000e-01 8.730195e+02 8.817573e+02 
