1.000000e-03 5.050057e+03 5.050052e+03 
4.020202e-03 1.676622e+04 1.689922e+04 
7.040404e-03 2.445157e+04 2.464452e+04 
1.006061e-02 2.913976e+04 2.938934e+04 
1.308081e-02 3.157092e+04 3.190544e+04 
1.610101e-02 3.229196e+04 3.264779e+04 
1.912121e-02 3.174066e+04 3.196421e+04 
2.214141e-02 3.028930e+04 3.026577e+04 
2.516162e-02 2.826054e+04 2.802807e+04 
2.818182e-02 2.592605e+04 2.566380e+04 
3.120202e-02 2.350581e+04 2.342902e+04 
3.422222e-02 2.116541e+04 2.143061e+04 
3.724242e-02 1.901791e+04 1.968389e+04 
4.026263e-02 1.713274e+04 1.816418e+04 
4.328283e-02 1.553015e+04 1.683611e+04 
4.630303e-02 1.421130e+04 1.566614e+04 
4.932323e-02 1.317465e+04 1.462635e+04 
5.234343e-02 1.237773e+04 1.369462e+04 
5.536364e-02 1.177196e+04 1.285369e+04 
5.838384e-02 1.131444e+04 1.209009e+04 
6.140404e-02 1.096416e+04 1.139315e+04 
6.442424e-02 1.067767e+04 1.075433e+04 
6.744444e-02 1.041505e+04 1.016669e+04 
7.046465e-02 1.014476e+04 9.624453e+03 
7.348485e-02 9.842161e+03 9.122795e+03 
7.650505e-02 9.491326e+03 8.657601e+03 
7.952525e-02 9.085909e+03 8.225333e+03 
8.254545e-02 8.629558e+03 7.822916e+03 
8.556566e-02 8.132902e+03 7.447658e+03 
8.858586e-02 7.611233e+03 7.097183e+03 
9.160606e-02 7.082563e+03 6.769384e+03 
9.462626e-02 6.565016e+03 6.462382e+03 
9.764646e-02 6.075531e+03 6.174492e+03 
1.006667e-01 5.628596e+03 5.904202e+03 
1.036869e-01 5.234600e+03 5.650146e+03 
1.067071e-01 4.899609e+03 5.411089e+03 
1.097273e-01 4.624540e+03 5.185911e+03 
1.127475e-01 4.406949e+03 4.973594e+03 
1.157677e-01 4.240857e+03 4.773211e+03 
1.187879e-01 4.118680e+03 4.583915e+03 
1.218081e-01 4.031428e+03 4.404933e+03 
1.248283e-01 3.969595e+03 4.235556e+03 
1.278485e-01 3.923387e+03 4.075133e+03 
1.308687e-01 3.883200e+03 3.923069e+03 
1.338889e-01 3.840010e+03 3.778812e+03 
1.369091e-01 3.786271e+03 3.641859e+03 
1.399293e-01 3.716402e+03 3.511742e+03 
1.429495e-01 3.627339e+03 3.388031e+03 
1.459697e-01 3.518488e+03 3.270327e+03 
1.489899e-01 3.391180e+03 3.158263e+03 
1.520101e-01 3.248685e+03 3.051497e+03 
1.550303e-01 3.095351e+03 2.949712e+03 
1.580505e-01 2.936622e+03 2.852615e+03 
1.610707e-01 2.778186e+03 2.759933e+03 
1.640909e-01 2.625733e+03 2.671411e+03 
1.671111e-01 2.484038e+03 2.586815e+03 
1.701313e-01 2.356950e+03 2.505923e+03 
1.731515e-01 2.246607e+03 2.428529e+03 
1.761717e-01 2.153988e+03 2.354444e+03 
1.791919e-01 2.078655e+03 2.283486e+03 
1.822121e-01 2.019364e+03 2.215490e+03 
1.852323e-01 1.974196e+03 2.150298e+03 
1.882525e-01 1.940800e+03 2.087763e+03 
1.912727e-01 1.916522e+03 2.027749e+03 
1.942929e-01 1.898324e+03 1.970126e+03 
1.973131e-01 1.883066e+03 1.914774e+03 
2.003333e-01 1.867605e+03 1.861579e+03 
2.033535e-01 1.849227e+03 1.810434e+03 
2.063737e-01 1.825708e+03 1.761239e+03 
2.093939e-01 1.795705e+03 1.713899e+03 
2.124141e-01 1.758542e+03 1.668326e+03 
2.154343e-01 1.714472e+03 1.624436e+03 
2.184545e-01 1.664274e+03 1.582149e+03 
2.214747e-01 1.609245e+03 1.541392e+03 
2.244949e-01 1.550995e+03 1.502093e+03 
2.275152e-01 1.491340e+03 1.464187e+03 
2.305354e-01 1.432144e+03 1.427611e+03 
2.335556e-01 1.375169e+03 1.392304e+03 
2.365758e-01 1.321890e+03 1.358212e+03 
2.395960e-01 1.273453e+03 1.325281e+03 
2.426162e-01 1.230631e+03 1.293461e+03 
2.456364e-01 1.193785e+03 1.262704e+03 
2.486566e-01 1.162951e+03 1.232964e+03 
2.516768e-01 1.137743e+03 1.204199e+03 
2.546970e-01 1.117532e+03 1.176368e+03 
2.577172e-01 1.101424e+03 1.149433e+03 
2.607374e-01 1.088385e+03 1.123356e+03 
2.637576e-01 1.077279e+03 1.098103e+03 
2.667778e-01 1.067007e+03 1.073641e+03 
2.697980e-01 1.056541e+03 1.049937e+03 
2.728182e-01 1.045032e+03 1.026963e+03 
2.758384e-01 1.031805e+03 1.004689e+03 
2.788586e-01 1.016422e+03 9.830880e+02 
2.818788e-01 9.986630e+02 9.621343e+02 
2.848990e-01 9.785120e+02 9.418030e+02 
2.879192e-01 9.562128e+02 9.220704e+02 
2.909394e-01 9.321681e+02 9.029142e+02 
2.939596e-01 9.069485e+02 8.843128e+02 
2.969798e-01 8.811861e+02 8.662456e+02 
3.000000e-01 8.555524e+02 8.486931e+02 
