1.000000e-03 3.706962e+03 3.706958e+03 
4.020202e-03 1.242998e+04 1.252862e+04 
7.040404e-03 1.814378e+04 1.827220e+04 
1.006061e-02 2.163121e+04 2.176135e+04 
1.308081e-02 2.347487e+04 2.360312e+04 
1.610101e-02 2.410001e+04 2.418253e+04 
1.912121e-02 2.383860e+04 2.381328e+04 
2.214141e-02 2.296299e+04 2.282772e+04 
2.516162e-02 2.170149e+04 2.154324e+04 
2.818182e-02 2.023968e+04 2.018884e+04 
3.120202e-02 1.872275e+04 1.888658e+04 
3.422222e-02 1.725708e+04 1.768262e+04 
3.724242e-02 1.591242e+04 1.658441e+04 
4.026263e-02 1.472935e+04 1.558441e+04 
4.328283e-02 1.372032e+04 1.467130e+04 
4.630303e-02 1.287577e+04 1.383417e+04 
4.932323e-02 1.219250e+04 1.306372e+04 
5.234343e-02 1.164449e+04 1.235222e+04 
5.536364e-02 1.118816e+04 1.169334e+04 
5.838384e-02 1.079777e+04 1.108178e+04 
6.140404e-02 1.044507e+04 1.051305e+04 
6.442424e-02 1.010194e+04 9.983273e+03 
6.744444e-02 9.749970e+03 9.489078e+03 
7.046465e-02 9.376172e+03 9.027479e+03 
7.348485e-02 8.973778e+03 8.595815e+03 
7.650505e-02 8.543459e+03 8.191698e+03 
7.952525e-02 8.092073e+03 7.812972e+03 
8.254545e-02 7.630474e+03 7.457684e+03 
8.556566e-02 7.171705e+03 7.124060e+03 
8.858586e-02 6.728309e+03 6.810485e+03 
9.160606e-02 6.311450e+03 6.515483e+03 
9.462626e-02 5.930291e+03 6.237706e+03 
9.764646e-02 5.591354e+03 5.975918e+03 
1.006667e-01 5.298456e+03 5.728988e+03 
1.036869e-01 5.051991e+03 5.495878e+03 
1.067071e-01 4.849006e+03 5.275634e+03 
1.097273e-01 4.683829e+03 5.067378e+03 
1.127475e-01 4.548975e+03 4.870303e+03 
1.157677e-01 4.436216e+03 4.683665e+03 
1.187879e-01 4.337461e+03 4.506778e+03 
1.218081e-01 4.245110e+03 4.339009e+03 
1.248283e-01 4.152541e+03 4.179773e+03 
1.278485e-01 4.054422e+03 4.028529e+03 
1.308687e-01 3.946966e+03 3.884778e+03 
1.338889e-01 3.828473e+03 3.748054e+03 
1.369091e-01 3.698929e+03 3.617930e+03 
1.399293e-01 3.560325e+03 3.494006e+03 
1.429495e-01 3.415602e+03 3.375913e+03 
1.459697e-01 3.268359e+03 3.263306e+03 
1.489899e-01 3.122264e+03 3.155865e+03 
1.520101e-01 2.980863e+03 3.053294e+03 
1.550303e-01 2.847396e+03 2.955313e+03 
1.580505e-01 2.724720e+03 2.861666e+03 
1.610707e-01 2.614818e+03 2.772111e+03 
1.640909e-01 2.518899e+03 2.686423e+03 
1.671111e-01 2.436773e+03 2.604390e+03 
1.701313e-01 2.367447e+03 2.525818e+03 
1.731515e-01 2.308940e+03 2.450520e+03 
1.761717e-01 2.258967e+03 2.378326e+03 
1.791919e-01 2.215045e+03 2.309074e+03 
1.822121e-01 2.174907e+03 2.242611e+03 
1.852323e-01 2.136504e+03 2.178796e+03 
1.882525e-01 2.097974e+03 2.117496e+03 
1.912727e-01 2.057652e+03 2.058585e+03 
1.942929e-01 2.014344e+03 2.001945e+03 
1.973131e-01 1.967288e+03 1.947466e+03 
2.003333e-01 1.916422e+03 1.895042e+03 
2.033535e-01 1.862232e+03 1.844576e+03 
2.063737e-01 1.805768e+03 1.795975e+03 
2.093939e-01 1.748261e+03 1.749151e+03 
2.124141e-01 1.691020e+03 1.704022e+03 
2.154343e-01 1.635226e+03 1.660510e+03 
2.184545e-01 1.581929e+03 1.618542e+03 
2.214747e-01 1.531915e+03 1.578047e+03 
2.244949e-01 1.485786e+03 1.538961e+03 
2.275152e-01 1.443894e+03 1.501221e+03 
2.305354e-01 1.406347e+03 1.464767e+03 
2.335556e-01 1.373004e+03 1.429545e+03 
2.365758e-01 1.343459e+03 1.395501e+03 
2.395960e-01 1.317133e+03 1.362585e+03 
2.426162e-01 1.293307e+03 1.330750e+03 
2.456364e-01 1.271223e+03 1.299950e+03 
2.486566e-01 1.250121e+03 1.270143e+03 
2.516768e-01 1.229305e+03 1.241287e+03 
2.546970e-01 1.208187e+03 1.213345e+03 
2.577172e-01 1.186347e+03 1.186278e+03 
2.607374e-01 1.163532e+03 1.160053e+03 
2.637576e-01 1.139692e+03 1.134636e+03 
2.667778e-01 1.114911e+03 1.109995e+03 
2.697980e-01 1.089430e+03 1.086100e+03 
2.728182e-01 1.063556e+03 1.062923e+03 
2.758384e-01 1.037651e+03 1.040434e+03 
2.788586e-01 1.012080e+03 1.018610e+03 
2.818788e-01 9.871964e+02 9.974238e+02 
2.848990e-01 9.633043e+02 9.768524e+02 
2.879192e-01 9.406561e+02 9.568730e+02 
2.909394e-01 9.194200e+02 9.374637e+02 
2.939596e-01 8.996950e+02 9.186038e+02 
2.969798e-01 8.814587e+02 9.002735e+02 
3.000000e-01 8.646254e+02 8.824537e+02 
