1.000000e-03 4.031658e+03 4.031655e+03 
4.020202e-03 1.353351e+04 1.363994e+04 
7.040404e-03 1.986983e+04 2.001945e+04 
1.006061e-02 2.381976e+04 2.399717e+04 
1.308081e-02 2.596402e+04 2.618027e+04 
1.610101e-02 2.673520e+04 2.694186e+04 
1.912121e-02 2.648154e+04 2.657707e+04 
2.214141e-02 2.549827e+04 2.542378e+04 
2.516162e-02 2.403887e+04 2.385035e+04 
2.818182e-02 2.231744e+04 2.216011e+04 
3.120202e-02 2.050625e+04 2.053491e+04 
3.422222e-02 1.873605e+04 1.905112e+04 
3.724242e-02 1.709677e+04 1.772343e+04 
4.026263e-02 1.564474e+04 1.653992e+04 
4.328283e-02 1.439916e+04 1.548116e+04 
4.630303e-02 1.335986e+04 1.452811e+04 
4.932323e-02 1.252989e+04 1.366461e+04 
5.234343e-02 1.187819e+04 1.287759e+04 
5.536364e-02 1.136297e+04 1.215666e+04 
5.838384e-02 1.095036e+04 1.149349e+04 
6.140404e-02 1.061018e+04 1.088134e+04 
6.442424e-02 1.031017e+04 1.031464e+04 
6.744444e-02 1.001851e+04 9.788730e+03 
7.046465e-02 9.711877e+03 9.299658e+03 
7.348485e-02 9.374135e+03 8.844004e+03 
7.650505e-02 8.996763e+03 8.418792e+03 
7.952525e-02 8.579720e+03 8.021402e+03 
8.254545e-02 8.130480e+03 7.649509e+03 
8.556566e-02 7.660771e+03 7.301039e+03 
8.858586e-02 7.184462e+03 6.974132e+03 
9.160606e-02 6.715731e+03 6.667109e+03 
9.462626e-02 6.267837e+03 6.378455e+03 
9.764646e-02 5.852872e+03 6.106794e+03 
1.006667e-01 5.480071e+03 5.850876e+03 
1.036869e-01 5.156121e+03 5.609561e+03 
1.067071e-01 4.883514e+03 5.381808e+03 
1.097273e-01 4.661358e+03 5.166666e+03 
1.127475e-01 4.485024e+03 4.963262e+03 
1.157677e-01 4.347727e+03 4.770796e+03 
1.187879e-01 4.241282e+03 4.588533e+03 
1.218081e-01 4.157092e+03 4.415796e+03 
1.248283e-01 4.086603e+03 4.251962e+03 
1.278485e-01 4.021803e+03 4.096456e+03 
1.308687e-01 3.955466e+03 3.948749e+03 
1.338889e-01 3.881489e+03 3.808350e+03 
1.369091e-01 3.795506e+03 3.674804e+03 
1.399293e-01 3.694800e+03 3.547693e+03 
1.429495e-01 3.579092e+03 3.426626e+03 
1.459697e-01 3.449643e+03 3.311243e+03 
1.489899e-01 3.309536e+03 3.201207e+03 
1.520101e-01 3.162636e+03 3.096207e+03 
1.550303e-01 3.013489e+03 2.995953e+03 
1.580505e-01 2.866608e+03 2.900174e+03 
1.610707e-01 2.726333e+03 2.808619e+03 
1.640909e-01 2.596319e+03 2.721053e+03 
1.671111e-01 2.479521e+03 2.637255e+03 
1.701313e-01 2.377518e+03 2.557023e+03 
1.731515e-01 2.290916e+03 2.480163e+03 
1.761717e-01 2.219105e+03 2.406497e+03 
1.791919e-01 2.160735e+03 2.335857e+03 
1.822121e-01 2.113844e+03 2.268086e+03 
1.852323e-01 2.076119e+03 2.203037e+03 
1.882525e-01 2.045054e+03 2.140570e+03 
1.912727e-01 2.017995e+03 2.080557e+03 
1.942929e-01 1.992338e+03 2.022875e+03 
1.973131e-01 1.965667e+03 1.967409e+03 
2.003333e-01 1.935989e+03 1.914051e+03 
2.033535e-01 1.901807e+03 1.862701e+03 
2.063737e-01 1.862390e+03 1.813261e+03 
2.093939e-01 1.817578e+03 1.765642e+03 
2.124141e-01 1.767937e+03 1.719759e+03 
2.154343e-01 1.714396e+03 1.675531e+03 
2.184545e-01 1.658247e+03 1.632883e+03 
2.214747e-01 1.600926e+03 1.591743e+03 
2.244949e-01 1.543963e+03 1.552042e+03 
2.275152e-01 1.488797e+03 1.513718e+03 
2.305354e-01 1.436735e+03 1.476709e+03 
2.335556e-01 1.388737e+03 1.440958e+03 
2.365758e-01 1.345497e+03 1.406410e+03 
2.395960e-01 1.307315e+03 1.373015e+03 
2.426162e-01 1.274201e+03 1.340722e+03 
2.456364e-01 1.245862e+03 1.309487e+03 
2.486566e-01 1.221787e+03 1.279264e+03 
2.516768e-01 1.201306e+03 1.250012e+03 
2.546970e-01 1.183581e+03 1.221691e+03 
2.577172e-01 1.167699e+03 1.194263e+03 
2.607374e-01 1.152694e+03 1.167693e+03 
2.637576e-01 1.137672e+03 1.141946e+03 
2.667778e-01 1.121866e+03 1.116991e+03 
2.697980e-01 1.104747e+03 1.092794e+03 
2.728182e-01 1.085992e+03 1.069329e+03 
2.758384e-01 1.065529e+03 1.046565e+03 
2.788586e-01 1.043435e+03 1.024477e+03 
2.818788e-01 1.019957e+03 1.003038e+03 
2.848990e-01 9.954222e+02 9.822255e+02 
2.879192e-01 9.702415e+02 9.620147e+02 
2.909394e-01 9.448885e+02 9.423838e+02 
2.939596e-01 9.198773e+02 9.233116e+02 
2.969798e-01 8.956912e+02 9.047777e+02 
3.000000e-01 8.727657e+02 8.867628e+02 
