1.000000e-03 3.356255e+03 3.356252e+03 
4.020202e-03 1.121217e+04 1.130004e+04 
7.040404e-03 1.635380e+04 1.646132e+04 
1.006061e-02 1.950670e+04 1.959720e+04 
1.308081e-02 2.120363e+04 2.126549e+04 
1.610101e-02 2.183059e+04 2.183027e+04 
1.912121e-02 2.168632e+04 2.159190e+04 
2.214141e-02 2.101138e+04 2.084955e+04 
2.516162e-02 2.000385e+04 1.986381e+04 
2.818182e-02 1.882238e+04 1.880830e+04 
3.120202e-02 1.758919e+04 1.777176e+04 
3.422222e-02 1.639235e+04 1.678918e+04 
3.724242e-02 1.528865e+04 1.586976e+04 
4.026263e-02 1.430954e+04 1.501256e+04 
4.328283e-02 1.346476e+04 1.421350e+04 
4.630303e-02 1.274509e+04 1.346798e+04 
4.932323e-02 1.214303e+04 1.277168e+04 
5.234343e-02 1.163783e+04 1.212075e+04 
5.536364e-02 1.119246e+04 1.151173e+04 
5.838384e-02 1.078686e+04 1.094153e+04 
6.140404e-02 1.040206e+04 1.040732e+04 
6.442424e-02 1.001712e+04 9.906533e+03 
6.744444e-02 9.620192e+03 9.436779e+03 
7.046465e-02 9.205366e+03 8.995863e+03 
7.348485e-02 8.772093e+03 8.581752e+03 
7.650505e-02 8.326091e+03 8.192560e+03 
7.952525e-02 7.876993e+03 7.826540e+03 
8.254545e-02 7.435905e+03 7.482077e+03 
8.556566e-02 7.013115e+03 7.157673e+03 
8.858586e-02 6.617011e+03 6.851943e+03 
9.160606e-02 6.254147e+03 6.563605e+03 
9.462626e-02 5.929152e+03 6.291473e+03 
9.764646e-02 5.644345e+03 6.034451e+03 
1.006667e-01 5.400167e+03 5.791525e+03 
1.036869e-01 5.193563e+03 5.561757e+03 
1.067071e-01 5.019432e+03 5.344280e+03 
1.097273e-01 4.870207e+03 5.138291e+03 
1.127475e-01 4.738146e+03 4.943046e+03 
1.157677e-01 4.615717e+03 4.757859e+03 
1.187879e-01 4.496765e+03 4.582090e+03 
1.218081e-01 4.376318e+03 4.415150e+03 
1.248283e-01 4.251216e+03 4.256490e+03 
1.278485e-01 4.119465e+03 4.105601e+03 
1.308687e-01 3.980723e+03 3.962012e+03 
1.338889e-01 3.835796e+03 3.825284e+03 
1.369091e-01 3.687082e+03 3.695009e+03 
1.399293e-01 3.537505e+03 3.570808e+03 
1.429495e-01 3.390368e+03 3.452326e+03 
1.459697e-01 3.248615e+03 3.339236e+03 
1.489899e-01 3.114826e+03 3.231231e+03 
1.520101e-01 2.990945e+03 3.128023e+03 
1.550303e-01 2.878445e+03 3.029347e+03 
1.580505e-01 2.777988e+03 2.934953e+03 
1.610707e-01 2.689615e+03 2.844607e+03 
1.640909e-01 2.612406e+03 2.758092e+03 
1.671111e-01 2.544822e+03 2.675202e+03 
1.701313e-01 2.484671e+03 2.595748e+03 
1.731515e-01 2.429731e+03 2.519549e+03 
1.761717e-01 2.377843e+03 2.446438e+03 
1.791919e-01 2.327261e+03 2.376257e+03 
1.822121e-01 2.276533e+03 2.308857e+03 
1.852323e-01 2.224665e+03 2.244101e+03 
1.882525e-01 2.170943e+03 2.181856e+03 
1.912727e-01 2.115062e+03 2.121999e+03 
1.942929e-01 2.057117e+03 2.064415e+03 
1.973131e-01 1.997711e+03 2.008995e+03 
2.003333e-01 1.937706e+03 1.955636e+03 
2.033535e-01 1.878151e+03 1.904241e+03 
2.063737e-01 1.820060e+03 1.854717e+03 
2.093939e-01 1.764370e+03 1.806980e+03 
2.124141e-01 1.711731e+03 1.760946e+03 
2.154343e-01 1.662620e+03 1.716540e+03 
2.184545e-01 1.617271e+03 1.673688e+03 
2.214747e-01 1.575731e+03 1.632321e+03 
2.244949e-01 1.537806e+03 1.592373e+03 
2.275152e-01 1.503140e+03 1.553784e+03 
2.305354e-01 1.471230e+03 1.516494e+03 
2.335556e-01 1.441502e+03 1.480447e+03 
2.365758e-01 1.413354e+03 1.445592e+03 
2.395960e-01 1.386236e+03 1.411877e+03 
2.426162e-01 1.359645e+03 1.379256e+03 
2.456364e-01 1.333161e+03 1.347683e+03 
2.486566e-01 1.306452e+03 1.317116e+03 
2.516768e-01 1.279314e+03 1.287513e+03 
2.546970e-01 1.251691e+03 1.258837e+03 
2.577172e-01 1.223690e+03 1.231049e+03 
2.607374e-01 1.195544e+03 1.204116e+03 
2.637576e-01 1.167567e+03 1.178003e+03 
2.667778e-01 1.140061e+03 1.152679e+03 
2.697980e-01 1.113300e+03 1.128113e+03 
2.728182e-01 1.087482e+03 1.104277e+03 
2.758384e-01 1.062762e+03 1.081142e+03 
2.788586e-01 1.039235e+03 1.058683e+03 
2.818788e-01 1.016965e+03 1.036875e+03 
2.848990e-01 9.959769e+02 1.015692e+03 
2.879192e-01 9.762343e+02 9.951132e+02 
2.909394e-01 9.576441e+02 9.751156e+02 
2.939596e-01 9.400366e+02 9.556784e+02 
2.969798e-01 9.232096e+02 9.367817e+02 
3.000000e-01 9.069661e+02 9.184062e+02 
