1.000000e-03 2.985351e+03 2.985348e+03 
4.020202e-03 1.010030e+04 1.017911e+04 
7.040404e-03 1.487946e+04 1.497966e+04 
1.006061e-02 1.790050e+04 1.798974e+04 
1.308081e-02 1.960665e+04 1.967603e+04 
1.610101e-02 2.032720e+04 2.034683e+04 
1.912121e-02 2.032192e+04 2.025673e+04 
2.214141e-02 1.980472e+04 1.966668e+04 
2.516162e-02 1.895317e+04 1.881629e+04 
2.818182e-02 1.791431e+04 1.787508e+04 
3.120202e-02 1.680290e+04 1.693543e+04 
3.422222e-02 1.570442e+04 1.603683e+04 
3.724242e-02 1.467637e+04 1.519160e+04 
4.026263e-02 1.375327e+04 1.440073e+04 
4.328283e-02 1.294933e+04 1.366129e+04 
4.630303e-02 1.225904e+04 1.296949e+04 
4.932323e-02 1.167974e+04 1.232163e+04 
5.234343e-02 1.119699e+04 1.171435e+04 
5.536364e-02 1.077585e+04 1.114469e+04 
5.838384e-02 1.039666e+04 1.060995e+04 
6.140404e-02 1.004337e+04 1.010772e+04 
6.442424e-02 9.697274e+03 9.635758e+03 
6.744444e-02 9.343586e+03 9.192012e+03 
7.046465e-02 8.972981e+03 8.774573e+03 
7.348485e-02 8.582179e+03 8.381667e+03 
7.650505e-02 8.174337e+03 8.011644e+03 
7.952525e-02 7.757189e+03 7.662968e+03 
8.254545e-02 7.341083e+03 7.334208e+03 
8.556566e-02 6.936404e+03 7.024034e+03 
8.858586e-02 6.551769e+03 6.731212e+03 
9.160606e-02 6.193965e+03 6.454590e+03 
9.462626e-02 5.868085e+03 6.193104e+03 
9.764646e-02 5.577543e+03 5.945763e+03 
1.006667e-01 5.324411e+03 5.711647e+03 
1.036869e-01 5.107978e+03 5.489902e+03 
1.067071e-01 4.925591e+03 5.279738e+03 
1.097273e-01 4.771598e+03 5.080419e+03 
1.127475e-01 4.639290e+03 4.891262e+03 
1.157677e-01 4.521110e+03 4.711635e+03 
1.187879e-01 4.410330e+03 4.540947e+03 
1.218081e-01 4.301239e+03 4.378653e+03 
1.248283e-01 4.189754e+03 4.224243e+03 
1.278485e-01 4.073001e+03 4.077246e+03 
1.308687e-01 3.949731e+03 3.937219e+03 
1.338889e-01 3.819682e+03 3.803755e+03 
1.369091e-01 3.683961e+03 3.676471e+03 
1.399293e-01 3.544424e+03 3.555012e+03 
1.429495e-01 3.403814e+03 3.439045e+03 
1.459697e-01 3.265026e+03 3.328260e+03 
1.489899e-01 3.130984e+03 3.222370e+03 
1.520101e-01 3.004177e+03 3.121104e+03 
1.550303e-01 2.886693e+03 3.024208e+03 
1.580505e-01 2.779920e+03 2.931447e+03 
1.610707e-01 2.684700e+03 2.842600e+03 
1.640909e-01 2.600889e+03 2.757459e+03 
1.671111e-01 2.527732e+03 2.675831e+03 
1.701313e-01 2.463644e+03 2.597532e+03 
1.731515e-01 2.406782e+03 2.522394e+03 
1.761717e-01 2.355116e+03 2.450253e+03 
1.791919e-01 2.306756e+03 2.380961e+03 
1.822121e-01 2.259975e+03 2.314376e+03 
1.852323e-01 2.213351e+03 2.250363e+03 
1.882525e-01 2.165692e+03 2.188799e+03 
1.912727e-01 2.116195e+03 2.129563e+03 
1.942929e-01 2.064376e+03 2.072546e+03 
1.973131e-01 2.010298e+03 2.017642e+03 
2.003333e-01 1.954391e+03 1.964752e+03 
2.033535e-01 1.897519e+03 1.913782e+03 
2.063737e-01 1.840652e+03 1.864645e+03 
2.093939e-01 1.784809e+03 1.817257e+03 
2.124141e-01 1.730840e+03 1.771539e+03 
2.154343e-01 1.679455e+03 1.727417e+03 
2.184545e-01 1.631157e+03 1.684819e+03 
2.214747e-01 1.586314e+03 1.643680e+03 
2.244949e-01 1.545104e+03 1.603935e+03 
2.275152e-01 1.507534e+03 1.565525e+03 
2.305354e-01 1.473366e+03 1.528393e+03 
2.335556e-01 1.442190e+03 1.492485e+03 
2.365758e-01 1.413436e+03 1.457749e+03 
2.395960e-01 1.386498e+03 1.424137e+03 
2.426162e-01 1.360769e+03 1.391603e+03 
2.456364e-01 1.335746e+03 1.360103e+03 
2.486566e-01 1.310992e+03 1.329594e+03 
2.516768e-01 1.286167e+03 1.300038e+03 
2.546970e-01 1.261005e+03 1.271397e+03 
2.577172e-01 1.235353e+03 1.243634e+03 
2.607374e-01 1.209175e+03 1.216715e+03 
2.637576e-01 1.182582e+03 1.190607e+03 
2.667778e-01 1.155801e+03 1.165280e+03 
2.697980e-01 1.129146e+03 1.140703e+03 
2.728182e-01 1.102933e+03 1.116849e+03 
2.758384e-01 1.077461e+03 1.093690e+03 
2.788586e-01 1.052936e+03 1.071200e+03 
2.818788e-01 1.029511e+03 1.049355e+03 
2.848990e-01 1.007260e+03 1.028131e+03 
2.879192e-01 9.862232e+02 1.007505e+03 
2.909394e-01 9.664056e+02 9.874571e+02 
2.939596e-01 9.477705e+02 9.679652e+02 
2.969798e-01 9.302380e+02 9.490102e+02 
3.000000e-01 9.136674e+02 9.305730e+02 
