1.000000e-03 4.619071e+03 4.619067e+03 
4.020202e-03 1.550667e+04 1.563013e+04 
7.040404e-03 2.268988e+04 2.286599e+04 
1.006061e-02 2.708906e+04 2.730915e+04 
1.308081e-02 2.939168e+04 2.967489e+04 
1.610101e-02 3.010690e+04 3.039416e+04 
1.912121e-02 2.964449e+04 2.980372e+04 
2.214141e-02 2.835028e+04 2.829606e+04 
2.516162e-02 2.652356e+04 2.630998e+04 
2.818182e-02 2.441501e+04 2.421323e+04 
3.120202e-02 2.222659e+04 2.222711e+04 
3.422222e-02 2.011003e+04 2.044158e+04 
3.724242e-02 1.816809e+04 1.886904e+04 
4.026263e-02 1.646371e+04 1.748891e+04 
4.328283e-02 1.501539e+04 1.627211e+04 
4.630303e-02 1.382150e+04 1.519116e+04 
4.932323e-02 1.288250e+04 1.422319e+04 
5.234343e-02 1.215835e+04 1.334999e+04 
5.536364e-02 1.160187e+04 1.255728e+04 
5.838384e-02 1.117486e+04 1.183382e+04 
6.140404e-02 1.083669e+04 1.117063e+04 
6.442424e-02 1.054778e+04 1.056043e+04 
6.744444e-02 1.027287e+04 9.997242e+03 
7.046465e-02 9.984009e+03 9.476058e+03 
7.348485e-02 9.660777e+03 8.992629e+03 
7.650505e-02 9.290995e+03 8.543305e+03 
7.952525e-02 8.871475e+03 8.124918e+03 
8.254545e-02 8.408048e+03 7.734695e+03 
8.556566e-02 7.912719e+03 7.370187e+03 
8.858586e-02 7.401312e+03 7.029220e+03 
9.160606e-02 6.891109e+03 6.709856e+03 
9.462626e-02 6.398769e+03 6.410355e+03 
9.764646e-02 5.939615e+03 6.129153e+03 
1.006667e-01 5.525600e+03 5.864835e+03 
1.036869e-01 5.165159e+03 5.616123e+03 
1.067071e-01 4.861839e+03 5.381857e+03 
1.097273e-01 4.615236e+03 5.160979e+03 
1.127475e-01 4.421549e+03 4.952527e+03 
1.157677e-01 4.274062e+03 4.755621e+03 
1.187879e-01 4.164570e+03 4.569457e+03 
1.218081e-01 4.083958e+03 4.393298e+03 
1.248283e-01 4.022839e+03 4.226467e+03 
1.278485e-01 3.971729e+03 4.068342e+03 
1.308687e-01 3.921753e+03 3.918353e+03 
1.338889e-01 3.864859e+03 3.775972e+03 
1.369091e-01 3.795104e+03 3.640712e+03 
1.399293e-01 3.708357e+03 3.512126e+03 
1.429495e-01 3.603459e+03 3.389798e+03 
1.459697e-01 3.481036e+03 3.273343e+03 
1.489899e-01 3.343620e+03 3.162408e+03 
1.520101e-01 3.195031e+03 3.056660e+03 
1.550303e-01 3.040030e+03 2.955794e+03 
1.580505e-01 2.883840e+03 2.859526e+03 
1.610707e-01 2.731743e+03 2.767590e+03 
1.640909e-01 2.588681e+03 2.679740e+03 
1.671111e-01 2.458679e+03 2.595747e+03 
1.701313e-01 2.344452e+03 2.515396e+03 
1.731515e-01 2.247173e+03 2.438487e+03 
1.761717e-01 2.166790e+03 2.364834e+03 
1.791919e-01 2.102137e+03 2.294262e+03 
1.822121e-01 2.051473e+03 2.226608e+03 
1.852323e-01 2.012542e+03 2.161719e+03 
1.882525e-01 1.982807e+03 2.099451e+03 
1.912727e-01 1.959464e+03 2.039671e+03 
1.942929e-01 1.939584e+03 1.982252e+03 
1.973131e-01 1.920213e+03 1.927076e+03 
2.003333e-01 1.898658e+03 1.874032e+03 
2.033535e-01 1.872647e+03 1.823015e+03 
2.063737e-01 1.840759e+03 1.773927e+03 
2.093939e-01 1.802329e+03 1.726675e+03 
2.124141e-01 1.757515e+03 1.681171e+03 
2.154343e-01 1.707085e+03 1.637334e+03 
2.184545e-01 1.652225e+03 1.595086e+03 
2.214747e-01 1.594482e+03 1.554354e+03 
2.244949e-01 1.535525e+03 1.515068e+03 
2.275152e-01 1.477064e+03 1.477164e+03 
2.305354e-01 1.420693e+03 1.440579e+03 
2.335556e-01 1.367836e+03 1.405254e+03 
2.365758e-01 1.319579e+03 1.371136e+03 
2.395960e-01 1.276708e+03 1.338170e+03 
2.426162e-01 1.239525e+03 1.306308e+03 
2.456364e-01 1.208024e+03 1.275502e+03 
2.486566e-01 1.181829e+03 1.245708e+03 
2.516768e-01 1.160323e+03 1.216884e+03 
2.546970e-01 1.142665e+03 1.188989e+03 
2.577172e-01 1.127857e+03 1.161985e+03 
2.607374e-01 1.114836e+03 1.135835e+03 
2.637576e-01 1.102561e+03 1.110506e+03 
2.667778e-01 1.090078e+03 1.085964e+03 
2.697980e-01 1.076593e+03 1.062178e+03 
2.728182e-01 1.061509e+03 1.039119e+03 
2.758384e-01 1.044439e+03 1.016758e+03 
2.788586e-01 1.025244e+03 9.950682e+02 
2.818788e-01 1.003969e+03 9.740236e+02 
2.848990e-01 9.808797e+02 9.536000e+02 
2.879192e-01 9.563744e+02 9.337738e+02 
2.909394e-01 9.309922e+02 9.145228e+02 
2.939596e-01 9.053196e+02 8.958257e+02 
2.969798e-01 8.799650e+02 8.776620e+02 
3.000000e-01 8.554692e+02 8.600124e+02 
