1.000000e-03 2.413364e+03 2.413362e+03 
4.020202e-03 7.988755e+03 8.053738e+03 
7.040404e-03 1.166029e+04 1.173162e+04 
1.006061e-02 1.397846e+04 1.400461e+04 
1.308081e-02 1.533471e+04 1.529357e+04 
1.610101e-02 1.600244e+04 1.588688e+04 
1.912121e-02 1.618021e+04 1.600211e+04 
2.214141e-02 1.601699e+04 1.581246e+04 
2.516162e-02 1.562818e+04 1.544361e+04 
2.818182e-02 1.510124e+04 1.497547e+04 
3.120202e-02 1.450207e+04 1.445516e+04 
3.422222e-02 1.387761e+04 1.391044e+04 
3.724242e-02 1.325884e+04 1.335830e+04 
4.026263e-02 1.266533e+04 1.280957e+04 
4.328283e-02 1.210447e+04 1.227133e+04 
4.630303e-02 1.157566e+04 1.174822e+04 
4.932323e-02 1.108603e+04 1.124319e+04 
5.234343e-02 1.062904e+04 1.075799e+04 
5.536364e-02 1.018773e+04 1.029356e+04 
5.838384e-02 9.761384e+03 9.850228e+03 
6.140404e-02 9.351998e+03 9.427893e+03 
6.442424e-02 8.955161e+03 9.026166e+03 
6.744444e-02 8.567858e+03 8.644455e+03 
7.046465e-02 8.190058e+03 8.282038e+03 
7.348485e-02 7.823666e+03 7.938108e+03 
7.650505e-02 7.471799e+03 7.611817e+03 
7.952525e-02 7.138226e+03 7.302298e+03 
8.254545e-02 6.825951e+03 7.008687e+03 
8.556566e-02 6.535833e+03 6.730132e+03 
8.858586e-02 6.267175e+03 6.465810e+03 
9.160606e-02 6.017923e+03 6.214923e+03 
9.462626e-02 5.786398e+03 5.976713e+03 
9.764646e-02 5.571205e+03 5.750454e+03 
1.006667e-01 5.371101e+03 5.535460e+03 
1.036869e-01 5.184456e+03 5.331082e+03 
1.067071e-01 5.008768e+03 5.136706e+03 
1.097273e-01 4.841268e+03 4.951757e+03 
1.127475e-01 4.679167e+03 4.775693e+03 
1.157677e-01 4.520941e+03 4.608003e+03 
1.187879e-01 4.365772e+03 4.448210e+03 
1.218081e-01 4.213848e+03 4.295866e+03 
1.248283e-01 4.066143e+03 4.150551e+03 
1.278485e-01 3.923535e+03 4.011870e+03 
1.308687e-01 3.786748e+03 3.879455e+03 
1.338889e-01 3.656353e+03 3.752958e+03 
1.369091e-01 3.532637e+03 3.632057e+03 
1.399293e-01 3.415749e+03 3.516446e+03 
1.429495e-01 3.305513e+03 3.405840e+03 
1.459697e-01 3.201658e+03 3.299972e+03 
1.489899e-01 3.103751e+03 3.198590e+03 
1.520101e-01 3.011307e+03 3.101460e+03 
1.550303e-01 2.923818e+03 3.008360e+03 
1.580505e-01 2.840762e+03 2.919081e+03 
1.610707e-01 2.761541e+03 2.833429e+03 
1.640909e-01 2.685500e+03 2.751220e+03 
1.671111e-01 2.612045e+03 2.672282e+03 
1.701313e-01 2.540661e+03 2.596451e+03 
1.731515e-01 2.471029e+03 2.523574e+03 
1.761717e-01 2.403201e+03 2.453509e+03 
1.791919e-01 2.337278e+03 2.386118e+03 
1.822121e-01 2.273380e+03 2.321273e+03 
1.852323e-01 2.211611e+03 2.258854e+03 
1.882525e-01 2.151978e+03 2.198747e+03 
1.912727e-01 2.094460e+03 2.140845e+03 
1.942929e-01 2.039100e+03 2.085044e+03 
1.973131e-01 1.985964e+03 2.031250e+03 
2.003333e-01 1.935089e+03 1.979372e+03 
2.033535e-01 1.886486e+03 1.929323e+03 
2.063737e-01 1.840051e+03 1.881022e+03 
2.093939e-01 1.795541e+03 1.834392e+03 
2.124141e-01 1.752717e+03 1.789360e+03 
2.154343e-01 1.711370e+03 1.745857e+03 
2.184545e-01 1.671332e+03 1.703817e+03 
2.214747e-01 1.632551e+03 1.663178e+03 
2.244949e-01 1.594991e+03 1.623881e+03 
2.275152e-01 1.558563e+03 1.585870e+03 
2.305354e-01 1.523165e+03 1.549091e+03 
2.335556e-01 1.488737e+03 1.513495e+03 
2.365758e-01 1.455239e+03 1.479032e+03 
2.395960e-01 1.422666e+03 1.445658e+03 
2.426162e-01 1.391041e+03 1.413328e+03 
2.456364e-01 1.360385e+03 1.382001e+03 
2.486566e-01 1.330717e+03 1.351637e+03 
2.516768e-01 1.302022e+03 1.322200e+03 
2.546970e-01 1.274226e+03 1.293652e+03 
2.577172e-01 1.247262e+03 1.265961e+03 
2.607374e-01 1.221116e+03 1.239093e+03 
2.637576e-01 1.195785e+03 1.213017e+03 
2.667778e-01 1.171255e+03 1.187703e+03 
2.697980e-01 1.147509e+03 1.163124e+03 
2.728182e-01 1.124493e+03 1.139252e+03 
2.758384e-01 1.102133e+03 1.116061e+03 
2.788586e-01 1.080373e+03 1.093527e+03 
2.818788e-01 1.059167e+03 1.071625e+03 
2.848990e-01 1.038490e+03 1.050334e+03 
2.879192e-01 1.018343e+03 1.029631e+03 
2.909394e-01 9.987278e+02 1.009497e+03 
2.939596e-01 9.796408e+02 9.899097e+02 
2.969798e-01 9.610732e+02 9.708520e+02 
3.000000e-01 9.429971e+02 9.523050e+02 
