1.000000e-03 2.423197e+03 2.423195e+03 
4.020202e-03 8.025340e+03 8.094630e+03 
7.040404e-03 1.166300e+04 1.173844e+04 
1.006061e-02 1.392760e+04 1.394988e+04 
1.308081e-02 1.524002e+04 1.518304e+04 
1.610101e-02 1.588724e+04 1.574772e+04 
1.912121e-02 1.607068e+04 1.586632e+04 
2.214141e-02 1.593575e+04 1.570102e+04 
2.516162e-02 1.559013e+04 1.536231e+04 
2.818182e-02 1.511318e+04 1.492049e+04 
3.120202e-02 1.456239e+04 1.441948e+04 
3.422222e-02 1.397779e+04 1.388741e+04 
3.724242e-02 1.338622e+04 1.334274e+04 
4.026263e-02 1.280541e+04 1.279785e+04 
4.328283e-02 1.223902e+04 1.226106e+04 
4.630303e-02 1.169493e+04 1.173789e+04 
4.932323e-02 1.118471e+04 1.123190e+04 
5.234343e-02 1.069610e+04 1.074525e+04 
5.536364e-02 1.022182e+04 1.027915e+04 
5.838384e-02 9.767329e+03 9.834088e+03 
6.140404e-02 9.333954e+03 9.410074e+03 
6.442424e-02 8.919665e+03 9.006780e+03 
6.744444e-02 8.523724e+03 8.623646e+03 
7.046465e-02 8.146302e+03 8.259966e+03 
7.348485e-02 7.788223e+03 7.914937e+03 
7.650505e-02 7.450751e+03 7.587707e+03 
7.952525e-02 7.134351e+03 7.277401e+03 
8.254545e-02 6.838710e+03 6.983144e+03 
8.556566e-02 6.562326e+03 6.704073e+03 
8.858586e-02 6.302469e+03 6.439353e+03 
9.160606e-02 6.057143e+03 6.188175e+03 
9.462626e-02 5.825357e+03 5.949768e+03 
9.764646e-02 5.606284e+03 5.723398e+03 
1.006667e-01 5.399237e+03 5.508367e+03 
1.036869e-01 5.203122e+03 5.304018e+03 
1.067071e-01 5.016087e+03 5.109729e+03 
1.097273e-01 4.836559e+03 4.924917e+03 
1.127475e-01 4.663746e+03 4.749034e+03 
1.157677e-01 4.497253e+03 4.581563e+03 
1.187879e-01 4.337459e+03 4.422021e+03 
1.218081e-01 4.184781e+03 4.269956e+03 
1.248283e-01 4.039380e+03 4.124944e+03 
1.278485e-01 3.901292e+03 3.986585e+03 
1.308687e-01 3.770254e+03 3.854509e+03 
1.338889e-01 3.645931e+03 3.728365e+03 
1.369091e-01 3.527964e+03 3.607826e+03 
1.399293e-01 3.415986e+03 3.492587e+03 
1.429495e-01 3.309525e+03 3.382359e+03 
1.459697e-01 3.207970e+03 3.276874e+03 
1.489899e-01 3.110730e+03 3.175879e+03 
1.520101e-01 3.017472e+03 3.079136e+03 
1.550303e-01 2.927982e+03 2.986424e+03 
1.580505e-01 2.842049e+03 2.897533e+03 
1.610707e-01 2.759467e+03 2.812268e+03 
1.640909e-01 2.680031e+03 2.730443e+03 
1.671111e-01 2.603560e+03 2.651886e+03 
1.701313e-01 2.529888e+03 2.576432e+03 
1.731515e-01 2.458885e+03 2.503930e+03 
1.761717e-01 2.390548e+03 2.434233e+03 
1.791919e-01 2.324892e+03 2.367207e+03 
1.822121e-01 2.261860e+03 2.302722e+03 
1.852323e-01 2.201314e+03 2.240657e+03 
1.882525e-01 2.143116e+03 2.180899e+03 
1.912727e-01 2.087153e+03 2.123339e+03 
1.942929e-01 2.033323e+03 2.067875e+03 
1.973131e-01 1.981512e+03 2.014412e+03 
2.003333e-01 1.931590e+03 1.962859e+03 
2.033535e-01 1.883429e+03 1.913128e+03 
2.063737e-01 1.836929e+03 1.865140e+03 
2.093939e-01 1.792007e+03 1.818817e+03 
2.124141e-01 1.748586e+03 1.774086e+03 
2.154343e-01 1.706609e+03 1.730877e+03 
2.184545e-01 1.666023e+03 1.689126e+03 
2.214747e-01 1.626762e+03 1.648770e+03 
2.244949e-01 1.588754e+03 1.609750e+03 
2.275152e-01 1.551937e+03 1.572009e+03 
2.305354e-01 1.516297e+03 1.535496e+03 
2.335556e-01 1.481828e+03 1.500159e+03 
2.365758e-01 1.448505e+03 1.465951e+03 
2.395960e-01 1.416276e+03 1.432824e+03 
2.426162e-01 1.385085e+03 1.400737e+03 
2.456364e-01 1.354862e+03 1.369648e+03 
2.486566e-01 1.325531e+03 1.339517e+03 
2.516768e-01 1.297044e+03 1.310307e+03 
2.546970e-01 1.269402e+03 1.281982e+03 
2.577172e-01 1.242607e+03 1.254508e+03 
2.607374e-01 1.216635e+03 1.227853e+03 
2.637576e-01 1.191443e+03 1.201985e+03 
2.667778e-01 1.166986e+03 1.176875e+03 
2.697980e-01 1.143216e+03 1.152495e+03 
2.728182e-01 1.120086e+03 1.128818e+03 
2.758384e-01 1.097577e+03 1.105817e+03 
2.788586e-01 1.075700e+03 1.083469e+03 
2.818788e-01 1.054459e+03 1.061749e+03 
2.848990e-01 1.033829e+03 1.040636e+03 
2.879192e-01 1.013775e+03 1.020107e+03 
2.909394e-01 9.942648e+02 1.000142e+03 
2.939596e-01 9.752664e+02 9.807221e+02 
2.969798e-01 9.567517e+02 9.618272e+02 
3.000000e-01 9.387167e+02 9.434395e+02 
