1.000000e-03 4.100653e+03 4.100649e+03 
4.020202e-03 1.363458e+04 1.374217e+04 
7.040404e-03 1.986818e+04 2.001382e+04 
1.006061e-02 2.366660e+04 2.383055e+04 
1.308081e-02 2.565610e+04 2.584285e+04 
1.610101e-02 2.629415e+04 2.645175e+04 
1.912121e-02 2.594138e+04 2.598037e+04 
2.214141e-02 2.489834e+04 2.478747e+04 
2.516162e-02 2.341949e+04 2.323871e+04 
2.818182e-02 2.171448e+04 2.161339e+04 
3.120202e-02 1.994903e+04 2.006638e+04 
3.422222e-02 1.824578e+04 1.865641e+04 
3.724242e-02 1.668591e+04 1.739078e+04 
4.026263e-02 1.531800e+04 1.625647e+04 
4.328283e-02 1.415451e+04 1.523565e+04 
4.630303e-02 1.318952e+04 1.431159e+04 
4.932323e-02 1.242322e+04 1.347028e+04 
5.234343e-02 1.181913e+04 1.270045e+04 
5.536364e-02 1.133364e+04 1.199302e+04 
5.838384e-02 1.093705e+04 1.134067e+04 
6.140404e-02 1.059488e+04 1.073736e+04 
6.442424e-02 1.027525e+04 1.017805e+04 
6.744444e-02 9.952249e+03 9.658448e+03 
7.046465e-02 9.606705e+03 9.174870e+03 
7.348485e-02 9.227339e+03 8.724089e+03 
7.650505e-02 8.810723e+03 8.303269e+03 
7.952525e-02 8.361145e+03 7.909892e+03 
8.254545e-02 7.889075e+03 7.541709e+03 
8.556566e-02 7.407984e+03 7.196700e+03 
8.858586e-02 6.932331e+03 6.873046e+03 
9.160606e-02 6.475901e+03 6.569101e+03 
9.462626e-02 6.050653e+03 6.283372e+03 
9.764646e-02 5.666747e+03 6.014502e+03 
1.006667e-01 5.330633e+03 5.761254e+03 
1.036869e-01 5.045838e+03 5.522499e+03 
1.067071e-01 4.811306e+03 5.297207e+03 
1.097273e-01 4.623145e+03 5.084432e+03 
1.127475e-01 4.474421e+03 4.883308e+03 
1.157677e-01 4.356998e+03 4.693040e+03 
1.187879e-01 4.262019e+03 4.512897e+03 
1.218081e-01 4.180895e+03 4.342206e+03 
1.248283e-01 4.105436e+03 4.180348e+03 
1.278485e-01 4.028386e+03 4.026752e+03 
1.308687e-01 3.943729e+03 3.880888e+03 
1.338889e-01 3.847320e+03 3.742271e+03 
1.369091e-01 3.737083e+03 3.610448e+03 
1.399293e-01 3.612917e+03 3.485002e+03 
1.429495e-01 3.476811e+03 3.365546e+03 
1.459697e-01 3.331951e+03 3.251720e+03 
1.489899e-01 3.182376e+03 3.143191e+03 
1.520101e-01 3.032362e+03 3.039649e+03 
1.550303e-01 2.886223e+03 2.940805e+03 
1.580505e-01 2.747916e+03 2.846391e+03 
1.610707e-01 2.620909e+03 2.756157e+03 
1.640909e-01 2.507603e+03 2.669869e+03 
1.671111e-01 2.409484e+03 2.587310e+03 
1.701313e-01 2.326537e+03 2.508277e+03 
1.731515e-01 2.257874e+03 2.432578e+03 
1.761717e-01 2.201581e+03 2.360037e+03 
1.791919e-01 2.155399e+03 2.290487e+03 
1.822121e-01 2.116825e+03 2.223773e+03 
1.852323e-01 2.083340e+03 2.159747e+03 
1.882525e-01 2.052449e+03 2.098272e+03 
1.912727e-01 2.021778e+03 2.039221e+03 
1.942929e-01 1.989183e+03 1.982471e+03 
1.973131e-01 1.953027e+03 1.927910e+03 
2.003333e-01 1.912229e+03 1.875430e+03 
2.033535e-01 1.866421e+03 1.824931e+03 
2.063737e-01 1.815950e+03 1.776318e+03 
2.093939e-01 1.761724e+03 1.729501e+03 
2.124141e-01 1.705009e+03 1.684396e+03 
2.154343e-01 1.647215e+03 1.640924e+03 
2.184545e-01 1.589779e+03 1.599010e+03 
2.214747e-01 1.534060e+03 1.558583e+03 
2.244949e-01 1.481262e+03 1.519575e+03 
2.275152e-01 1.432325e+03 1.481923e+03 
2.305354e-01 1.387922e+03 1.445568e+03 
2.335556e-01 1.348373e+03 1.410453e+03 
2.365758e-01 1.313741e+03 1.376524e+03 
2.395960e-01 1.283735e+03 1.343729e+03 
2.426162e-01 1.257866e+03 1.312021e+03 
2.456364e-01 1.235423e+03 1.281354e+03 
2.486566e-01 1.215589e+03 1.251685e+03 
2.516768e-01 1.197469e+03 1.222971e+03 
2.546970e-01 1.180167e+03 1.195174e+03 
2.577172e-01 1.162833e+03 1.168256e+03 
2.607374e-01 1.144811e+03 1.142183e+03 
2.637576e-01 1.125608e+03 1.116920e+03 
2.667778e-01 1.104982e+03 1.092435e+03 
2.697980e-01 1.082875e+03 1.068697e+03 
2.728182e-01 1.059415e+03 1.045678e+03 
2.758384e-01 1.034861e+03 1.023350e+03 
2.788586e-01 1.009560e+03 1.001687e+03 
2.818788e-01 9.839331e+02 9.806621e+02 
2.848990e-01 9.584317e+02 9.602526e+02 
2.879192e-01 9.335206e+02 9.404351e+02 
2.909394e-01 9.096210e+02 9.211879e+02 
2.939596e-01 8.870822e+02 9.024899e+02 
2.969798e-01 8.661397e+02 8.843211e+02 
3.000000e-01 8.469262e+02 8.666624e+02 
