1.000000e-03 2.180377e+03 2.180375e+03 
4.020202e-03 7.333065e+03 7.395155e+03 
7.040404e-03 1.075773e+04 1.082640e+04 
1.006061e-02 1.294019e+04 1.296156e+04 
1.308081e-02 1.424308e+04 1.419300e+04 
1.610101e-02 1.492061e+04 1.479480e+04 
1.912121e-02 1.515480e+04 1.496842e+04 
2.214141e-02 1.507985e+04 1.486482e+04 
2.516162e-02 1.479704e+04 1.458921e+04 
2.818182e-02 1.438160e+04 1.420930e+04 
3.120202e-02 1.388928e+04 1.376763e+04 
3.422222e-02 1.335965e+04 1.329148e+04 
3.724242e-02 1.282059e+04 1.279891e+04 
4.026263e-02 1.228720e+04 1.230213e+04 
4.328283e-02 1.176128e+04 1.180951e+04 
4.630303e-02 1.126381e+04 1.132672e+04 
4.932323e-02 1.079655e+04 1.085754e+04 
5.234343e-02 1.034348e+04 1.040440e+04 
5.536364e-02 9.904178e+03 9.968754e+03 
5.838384e-02 9.481195e+03 9.551369e+03 
6.140404e-02 9.075481e+03 9.152500e+03 
6.442424e-02 8.686730e+03 8.772053e+03 
6.744444e-02 8.313305e+03 8.409688e+03 
7.046465e-02 7.954773e+03 8.064894e+03 
7.348485e-02 7.612245e+03 7.737052e+03 
7.650505e-02 7.287332e+03 7.425473e+03 
7.952525e-02 6.982063e+03 7.129429e+03 
8.254545e-02 6.696919e+03 6.848178e+03 
8.556566e-02 6.430562e+03 6.580980e+03 
8.858586e-02 6.181031e+03 6.327104e+03 
9.160606e-02 5.945813e+03 6.085840e+03 
9.462626e-02 5.723296e+03 5.856503e+03 
9.764646e-02 5.512880e+03 5.638438e+03 
1.006667e-01 5.313894e+03 5.431017e+03 
1.036869e-01 5.125509e+03 5.233646e+03 
1.067071e-01 4.946357e+03 5.045762e+03 
1.097273e-01 4.774540e+03 4.866831e+03 
1.127475e-01 4.608758e+03 4.696351e+03 
1.157677e-01 4.448376e+03 4.533850e+03 
1.187879e-01 4.293404e+03 4.378880e+03 
1.218081e-01 4.144461e+03 4.231025e+03 
1.248283e-01 4.002049e+03 4.089890e+03 
1.278485e-01 3.866520e+03 3.955105e+03 
1.308687e-01 3.737900e+03 3.826323e+03 
1.338889e-01 3.615916e+03 3.703219e+03 
1.369091e-01 3.500249e+03 3.585486e+03 
1.399293e-01 3.390447e+03 3.472836e+03 
1.429495e-01 3.286029e+03 3.365001e+03 
1.459697e-01 3.186524e+03 3.261726e+03 
1.489899e-01 3.091467e+03 3.162773e+03 
1.520101e-01 3.000440e+03 3.067919e+03 
1.550303e-01 2.913181e+03 2.976953e+03 
1.580505e-01 2.829452e+03 2.889676e+03 
1.610707e-01 2.748961e+03 2.805904e+03 
1.640909e-01 2.671373e+03 2.725461e+03 
1.671111e-01 2.596417e+03 2.648181e+03 
1.701313e-01 2.524017e+03 2.573910e+03 
1.731515e-01 2.454135e+03 2.502501e+03 
1.761717e-01 2.386780e+03 2.433816e+03 
1.791919e-01 2.321997e+03 2.367724e+03 
1.822121e-01 2.259777e+03 2.304104e+03 
1.852323e-01 2.199967e+03 2.242839e+03 
1.882525e-01 2.142396e+03 2.183820e+03 
1.912727e-01 2.086969e+03 2.126943e+03 
1.942929e-01 2.033641e+03 2.072110e+03 
1.973131e-01 1.982353e+03 2.019229e+03 
2.003333e-01 1.933013e+03 1.968212e+03 
2.033535e-01 1.885519e+03 1.918977e+03 
2.063737e-01 1.839717e+03 1.871445e+03 
2.093939e-01 1.795428e+03 1.825541e+03 
2.124141e-01 1.752517e+03 1.781196e+03 
2.154343e-01 1.710963e+03 1.738342e+03 
2.184545e-01 1.670751e+03 1.696916e+03 
2.214747e-01 1.631847e+03 1.656858e+03 
2.244949e-01 1.594202e+03 1.618110e+03 
2.275152e-01 1.557763e+03 1.580619e+03 
2.305354e-01 1.522463e+03 1.544333e+03 
2.335556e-01 1.488242e+03 1.509202e+03 
2.365758e-01 1.455078e+03 1.475180e+03 
2.395960e-01 1.422968e+03 1.442223e+03 
2.426162e-01 1.391897e+03 1.410289e+03 
2.456364e-01 1.361821e+03 1.379337e+03 
2.486566e-01 1.332693e+03 1.349328e+03 
2.516768e-01 1.304447e+03 1.320227e+03 
2.546970e-01 1.277008e+03 1.291998e+03 
2.577172e-01 1.250335e+03 1.264609e+03 
2.607374e-01 1.224432e+03 1.238027e+03 
2.637576e-01 1.199307e+03 1.212222e+03 
2.667778e-01 1.174933e+03 1.187166e+03 
2.697980e-01 1.151270e+03 1.162830e+03 
2.728182e-01 1.128277e+03 1.139189e+03 
2.758384e-01 1.105908e+03 1.116217e+03 
2.788586e-01 1.084124e+03 1.093890e+03 
2.818788e-01 1.062916e+03 1.072185e+03 
2.848990e-01 1.042286e+03 1.051080e+03 
2.879192e-01 1.022230e+03 1.030554e+03 
2.909394e-01 1.002733e+03 1.010586e+03 
2.939596e-01 9.837756e+02 9.911579e+02 
2.969798e-01 9.653271e+02 9.722502e+02 
3.000000e-01 9.473515e+02 9.538453e+02 
