1.000000e-03 4.335276e+03 4.335272e+03 
4.020202e-03 1.430412e+04 1.441828e+04 
7.040404e-03 2.065477e+04 2.080013e+04 
1.006061e-02 2.440443e+04 2.455055e+04 
1.308081e-02 2.627204e+04 2.641368e+04 
1.610101e-02 2.676877e+04 2.685298e+04 
1.912121e-02 2.628804e+04 2.624620e+04 
2.214141e-02 2.514772e+04 2.498787e+04 
2.516162e-02 2.360953e+04 2.344166e+04 
2.818182e-02 2.188344e+04 2.185771e+04 
3.120202e-02 2.013045e+04 2.036098e+04 
3.422222e-02 1.846505e+04 1.899298e+04 
3.724242e-02 1.695921e+04 1.775528e+04 
4.026263e-02 1.565186e+04 1.663534e+04 
4.328283e-02 1.454962e+04 1.561807e+04 
4.630303e-02 1.363825e+04 1.468974e+04 
4.932323e-02 1.290943e+04 1.383890e+04 
5.234343e-02 1.232785e+04 1.305619e+04 
5.536364e-02 1.184550e+04 1.233396e+04 
5.838384e-02 1.142818e+04 1.166586e+04 
6.140404e-02 1.104354e+04 1.104650e+04 
6.442424e-02 1.066438e+04 1.047128e+04 
6.744444e-02 1.027173e+04 9.936204e+03 
7.046465e-02 9.852653e+03 9.437743e+03 
7.348485e-02 9.401601e+03 8.972775e+03 
7.650505e-02 8.920710e+03 8.538513e+03 
7.952525e-02 8.419140e+03 8.132452e+03 
8.254545e-02 7.910563e+03 7.752335e+03 
8.556566e-02 7.410381e+03 7.396123e+03 
8.858586e-02 6.933011e+03 7.061965e+03 
9.160606e-02 6.490625e+03 6.748179e+03 
9.462626e-02 6.092291e+03 6.453235e+03 
9.764646e-02 5.743901e+03 6.175738e+03 
1.006667e-01 5.447452e+03 5.914412e+03 
1.036869e-01 5.201659e+03 5.668092e+03 
1.067071e-01 5.001491e+03 5.435712e+03 
1.097273e-01 4.839906e+03 5.216292e+03 
1.127475e-01 4.708064e+03 5.008937e+03 
1.157677e-01 4.596750e+03 4.812821e+03 
1.187879e-01 4.496789e+03 4.627186e+03 
1.218081e-01 4.399923e+03 4.451334e+03 
1.248283e-01 4.299030e+03 4.284623e+03 
1.278485e-01 4.189166e+03 4.126458e+03 
1.308687e-01 4.067183e+03 3.976293e+03 
1.338889e-01 3.932836e+03 3.833621e+03 
1.369091e-01 3.787434e+03 3.697974e+03 
1.399293e-01 3.634021e+03 3.568918e+03 
1.429495e-01 3.476180e+03 3.446052e+03 
1.459697e-01 3.317863e+03 3.329002e+03 
1.489899e-01 3.163027e+03 3.217423e+03 
1.520101e-01 3.015552e+03 3.110994e+03 
1.550303e-01 2.878914e+03 3.009415e+03 
1.580505e-01 2.756018e+03 2.912408e+03 
1.610707e-01 2.648383e+03 2.819713e+03 
1.640909e-01 2.556381e+03 2.731090e+03 
1.671111e-01 2.478815e+03 2.646312e+03 
1.701313e-01 2.413711e+03 2.565169e+03 
1.731515e-01 2.358474e+03 2.487465e+03 
1.761717e-01 2.310541e+03 2.413014e+03 
1.791919e-01 2.267420e+03 2.341645e+03 
1.822121e-01 2.226841e+03 2.273197e+03 
1.852323e-01 2.186659e+03 2.207518e+03 
1.882525e-01 2.144893e+03 2.144466e+03 
1.912727e-01 2.099959e+03 2.083909e+03 
1.942929e-01 2.050844e+03 2.025721e+03 
1.973131e-01 1.997383e+03 1.969786e+03 
2.003333e-01 1.940122e+03 1.915991e+03 
2.033535e-01 1.880239e+03 1.864234e+03 
2.063737e-01 1.819151e+03 1.814417e+03 
2.093939e-01 1.758227e+03 1.766447e+03 
2.124141e-01 1.698727e+03 1.720238e+03 
2.154343e-01 1.641735e+03 1.675707e+03 
2.184545e-01 1.588164e+03 1.632776e+03 
2.214747e-01 1.538743e+03 1.591374e+03 
2.244949e-01 1.493932e+03 1.551430e+03 
2.275152e-01 1.453955e+03 1.512880e+03 
2.305354e-01 1.418604e+03 1.475661e+03 
2.335556e-01 1.387432e+03 1.439716e+03 
2.365758e-01 1.359707e+03 1.404988e+03 
2.395960e-01 1.334633e+03 1.371425e+03 
2.426162e-01 1.311381e+03 1.338977e+03 
2.456364e-01 1.289173e+03 1.307598e+03 
2.486566e-01 1.267281e+03 1.277242e+03 
2.516768e-01 1.245101e+03 1.247868e+03 
2.546970e-01 1.222136e+03 1.219433e+03 
2.577172e-01 1.198101e+03 1.191901e+03 
2.607374e-01 1.172887e+03 1.165235e+03 
2.637576e-01 1.146638e+03 1.139400e+03 
2.667778e-01 1.119636e+03 1.114362e+03 
2.697980e-01 1.092278e+03 1.090091e+03 
2.728182e-01 1.064979e+03 1.066557e+03 
2.758384e-01 1.038145e+03 1.043731e+03 
2.788586e-01 1.012111e+03 1.021586e+03 
2.818788e-01 9.871691e+02 1.000095e+03 
2.848990e-01 9.635632e+02 9.792355e+02 
2.879192e-01 9.414771e+02 9.589822e+02 
2.909394e-01 9.210146e+02 9.393131e+02 
2.939596e-01 9.021666e+02 9.202067e+02 
2.969798e-01 8.848264e+02 9.016423e+02 
3.000000e-01 8.687949e+02 8.836004e+02 
