1.000000e-03 3.559213e+03 3.559210e+03 
4.020202e-03 1.190422e+04 1.199775e+04 
7.040404e-03 1.741084e+04 1.753317e+04 
1.006061e-02 2.081323e+04 2.093648e+04 
1.308081e-02 2.265223e+04 2.277315e+04 
1.610101e-02 2.332492e+04 2.340294e+04 
1.912121e-02 2.314321e+04 2.311928e+04 
2.214141e-02 2.236423e+04 2.223436e+04 
2.516162e-02 2.120404e+04 2.104878e+04 
2.818182e-02 1.983959e+04 1.978210e+04 
3.120202e-02 1.841032e+04 1.855361e+04 
3.422222e-02 1.701926e+04 1.741038e+04 
3.724242e-02 1.573496e+04 1.636195e+04 
4.026263e-02 1.459828e+04 1.540294e+04 
4.328283e-02 1.362255e+04 1.452383e+04 
4.630303e-02 1.280052e+04 1.371512e+04 
4.932323e-02 1.213191e+04 1.296855e+04 
5.234343e-02 1.159136e+04 1.227727e+04 
5.536364e-02 1.113780e+04 1.163555e+04 
5.838384e-02 1.074809e+04 1.103862e+04 
6.140404e-02 1.039636e+04 1.048238e+04 
6.442424e-02 1.005657e+04 9.963305e+03 
6.744444e-02 9.709243e+03 9.478275e+03 
7.046465e-02 9.341047e+03 9.024532e+03 
7.348485e-02 8.945439e+03 8.599602e+03 
7.650505e-02 8.523125e+03 8.201254e+03 
7.952525e-02 8.080964e+03 7.827463e+03 
8.254545e-02 7.629581e+03 7.476391e+03 
8.556566e-02 7.181330e+03 7.146360e+03 
8.858586e-02 6.747745e+03 6.835836e+03 
9.160606e-02 6.339159e+03 6.543414e+03 
9.462626e-02 5.964150e+03 6.267807e+03 
9.764646e-02 5.629049e+03 6.007833e+03 
1.006667e-01 5.337695e+03 5.762406e+03 
1.036869e-01 5.091150e+03 5.530528e+03 
1.067071e-01 4.886952e+03 5.311279e+03 
1.097273e-01 4.720090e+03 5.103811e+03 
1.127475e-01 4.583170e+03 4.907344e+03 
1.157677e-01 4.468040e+03 4.721156e+03 
1.187879e-01 4.366686e+03 4.544582e+03 
1.218081e-01 4.271775e+03 4.377007e+03 
1.248283e-01 4.177081e+03 4.217860e+03 
1.278485e-01 4.077687e+03 4.066615e+03 
1.308687e-01 3.969984e+03 3.922783e+03 
1.338889e-01 3.852217e+03 3.785912e+03 
1.369091e-01 3.724012e+03 3.655580e+03 
1.399293e-01 3.587016e+03 3.531398e+03 
1.429495e-01 3.443833e+03 3.413003e+03 
1.459697e-01 3.298026e+03 3.300056e+03 
1.489899e-01 3.153252e+03 3.192245e+03 
1.520101e-01 3.013079e+03 3.089275e+03 
1.550303e-01 2.880606e+03 2.990874e+03 
1.580505e-01 2.758473e+03 2.896788e+03 
1.610707e-01 2.648566e+03 2.806778e+03 
1.640909e-01 2.552090e+03 2.720622e+03 
1.671111e-01 2.468944e+03 2.638113e+03 
1.701313e-01 2.398266e+03 2.559056e+03 
1.731515e-01 2.338290e+03 2.483270e+03 
1.761717e-01 2.286910e+03 2.410582e+03 
1.791919e-01 2.241779e+03 2.340834e+03 
1.822121e-01 2.200631e+03 2.273876e+03 
1.852323e-01 2.161312e+03 2.209566e+03 
1.882525e-01 2.121963e+03 2.147772e+03 
1.912727e-01 2.080979e+03 2.088369e+03 
1.942929e-01 2.037215e+03 2.031241e+03 
1.973131e-01 1.989979e+03 1.976278e+03 
2.003333e-01 1.939180e+03 1.923374e+03 
2.033535e-01 1.885262e+03 1.872434e+03 
2.063737e-01 1.829112e+03 1.823364e+03 
2.093939e-01 1.771855e+03 1.776077e+03 
2.124141e-01 1.714713e+03 1.730491e+03 
2.154343e-01 1.658860e+03 1.686528e+03 
2.184545e-01 1.605360e+03 1.644116e+03 
2.214747e-01 1.555056e+03 1.603185e+03 
2.244949e-01 1.508575e+03 1.563668e+03 
2.275152e-01 1.466298e+03 1.525505e+03 
2.305354e-01 1.428298e+03 1.488636e+03 
2.335556e-01 1.394410e+03 1.453005e+03 
2.365758e-01 1.364228e+03 1.418559e+03 
2.395960e-01 1.337217e+03 1.385249e+03 
2.426162e-01 1.312714e+03 1.353026e+03 
2.456364e-01 1.290020e+03 1.321846e+03 
2.486566e-01 1.268420e+03 1.291666e+03 
2.516768e-01 1.247244e+03 1.262444e+03 
2.546970e-01 1.225884e+03 1.234143e+03 
2.577172e-01 1.203879e+03 1.206725e+03 
2.607374e-01 1.180908e+03 1.180154e+03 
2.637576e-01 1.156907e+03 1.154399e+03 
2.667778e-01 1.131963e+03 1.129426e+03 
2.697980e-01 1.106343e+03 1.105205e+03 
2.728182e-01 1.080367e+03 1.081709e+03 
2.758384e-01 1.054380e+03 1.058908e+03 
2.788586e-01 1.028714e+03 1.036777e+03 
2.818788e-01 1.003687e+03 1.015290e+03 
2.848990e-01 9.795777e+02 9.944247e+02 
2.879192e-01 9.566381e+02 9.741568e+02 
2.909394e-01 9.350700e+02 9.544649e+02 
2.939596e-01 9.150042e+02 9.353281e+02 
2.969798e-01 8.964464e+02 9.167264e+02 
3.000000e-01 8.793145e+02 8.986407e+02 
