1.000000e-03 5.111459e+03 5.111455e+03 
4.020202e-03 1.703919e+04 1.717603e+04 
7.040404e-03 2.483699e+04 2.503373e+04 
1.006061e-02 2.956395e+04 2.981458e+04 
1.308081e-02 3.199158e+04 3.232096e+04 
1.610101e-02 3.268466e+04 3.302941e+04 
1.912121e-02 3.209467e+04 3.230470e+04 
2.214141e-02 3.060231e+04 3.057083e+04 
2.516162e-02 2.853505e+04 2.830919e+04 
2.818182e-02 2.616769e+04 2.593100e+04 
3.120202e-02 2.372156e+04 2.368773e+04 
3.422222e-02 2.136208e+04 2.168238e+04 
3.724242e-02 1.920183e+04 1.992829e+04 
4.026263e-02 1.730911e+04 1.840014e+04 
4.328283e-02 1.570446e+04 1.706269e+04 
4.630303e-02 1.438409e+04 1.588272e+04 
4.932323e-02 1.334781e+04 1.483267e+04 
5.234343e-02 1.255370e+04 1.389070e+04 
5.536364e-02 1.194989e+04 1.303976e+04 
5.838384e-02 1.149568e+04 1.226648e+04 
6.140404e-02 1.114447e+04 1.156031e+04 
6.442424e-02 1.085255e+04 1.091274e+04 
6.744444e-02 1.058248e+04 1.031683e+04 
7.046465e-02 1.030306e+04 9.766823e+03 
7.348485e-02 9.990266e+03 9.257872e+03 
7.650505e-02 9.628303e+03 8.785846e+03 
7.952525e-02 9.210992e+03 8.347181e+03 
8.254545e-02 8.742328e+03 7.938778e+03 
8.556566e-02 8.233490e+03 7.557918e+03 
8.858586e-02 7.700672e+03 7.202200e+03 
9.160606e-02 7.162774e+03 6.869492e+03 
9.462626e-02 6.638421e+03 6.557891e+03 
9.764646e-02 6.145012e+03 6.265690e+03 
1.006667e-01 5.696158e+03 5.991355e+03 
1.036869e-01 5.302134e+03 5.733501e+03 
1.067071e-01 4.967775e+03 5.490876e+03 
1.097273e-01 4.694083e+03 5.262342e+03 
1.127475e-01 4.477916e+03 5.046867e+03 
1.157677e-01 4.313370e+03 4.843508e+03 
1.187879e-01 4.192566e+03 4.651407e+03 
1.218081e-01 4.106311e+03 4.469777e+03 
1.248283e-01 4.044798e+03 4.297899e+03 
1.278485e-01 3.997812e+03 4.135113e+03 
1.308687e-01 3.955502e+03 3.980811e+03 
1.338889e-01 3.908790e+03 3.834437e+03 
1.369091e-01 3.850502e+03 3.695476e+03 
1.399293e-01 3.775357e+03 3.563456e+03 
1.429495e-01 3.680979e+03 3.437937e+03 
1.459697e-01 3.566878e+03 3.318517e+03 
1.489899e-01 3.434883e+03 3.204820e+03 
1.520101e-01 3.288156e+03 3.096501e+03 
1.550303e-01 3.131333e+03 2.993238e+03 
1.580505e-01 2.969805e+03 2.894733e+03 
1.610707e-01 2.809475e+03 2.800707e+03 
1.640909e-01 2.655944e+03 2.710905e+03 
1.671111e-01 2.514241e+03 2.625085e+03 
1.701313e-01 2.387798e+03 2.543025e+03 
1.731515e-01 2.278764e+03 2.464514e+03 
1.761717e-01 2.187538e+03 2.389360e+03 
1.791919e-01 2.113529e+03 2.317380e+03 
1.822121e-01 2.055282e+03 2.248405e+03 
1.852323e-01 2.010823e+03 2.182274e+03 
1.882525e-01 1.977820e+03 2.118841e+03 
1.912727e-01 1.953516e+03 2.057964e+03 
1.942929e-01 1.934915e+03 1.999513e+03 
1.973131e-01 1.918755e+03 1.943365e+03 
2.003333e-01 1.901926e+03 1.889406e+03 
2.033535e-01 1.881601e+03 1.837527e+03 
2.063737e-01 1.855803e+03 1.787626e+03 
2.093939e-01 1.823253e+03 1.739606e+03 
2.124141e-01 1.783681e+03 1.693379e+03 
2.154343e-01 1.737389e+03 1.648859e+03 
2.184545e-01 1.685333e+03 1.605965e+03 
2.214747e-01 1.628825e+03 1.564623e+03 
2.244949e-01 1.569509e+03 1.524760e+03 
2.275152e-01 1.509167e+03 1.486310e+03 
2.305354e-01 1.449634e+03 1.449208e+03 
2.335556e-01 1.392604e+03 1.413395e+03 
2.365758e-01 1.339575e+03 1.378813e+03 
2.395960e-01 1.291643e+03 1.345409e+03 
2.426162e-01 1.249512e+03 1.313131e+03 
2.456364e-01 1.213406e+03 1.281932e+03 
2.486566e-01 1.183196e+03 1.251764e+03 
2.516768e-01 1.158464e+03 1.222585e+03 
2.546970e-01 1.138490e+03 1.194354e+03 
2.577172e-01 1.122387e+03 1.167030e+03 
2.607374e-01 1.109109e+03 1.140578e+03 
2.637576e-01 1.097569e+03 1.114961e+03 
2.667778e-01 1.086658e+03 1.090145e+03 
2.697980e-01 1.075387e+03 1.066100e+03 
2.728182e-01 1.062902e+03 1.042793e+03 
2.758384e-01 1.048595e+03 1.020197e+03 
2.788586e-01 1.032050e+03 9.982841e+02 
2.818788e-01 1.013168e+03 9.770270e+02 
2.848990e-01 9.920297e+02 9.564013e+02 
2.879192e-01 9.689212e+02 9.363827e+02 
2.909394e-01 9.442760e+02 9.169487e+02 
2.939596e-01 9.186538e+02 8.980772e+02 
2.969798e-01 8.926731e+02 8.797476e+02 
3.000000e-01 8.669681e+02 8.619400e+02 
