1.000000e-03 3.455650e+03 3.455647e+03 
4.020202e-03 1.171659e+04 1.180882e+04 
7.040404e-03 1.726587e+04 1.739118e+04 
1.006061e-02 2.075497e+04 2.088991e+04 
1.308081e-02 2.268710e+04 2.283325e+04 
1.610101e-02 2.344065e+04 2.355754e+04 
1.912121e-02 2.331717e+04 2.333512e+04 
2.214141e-02 2.257006e+04 2.246565e+04 
2.516162e-02 2.141567e+04 2.125536e+04 
2.818182e-02 2.003384e+04 1.994221e+04 
3.120202e-02 1.856984e+04 1.866325e+04 
3.422222e-02 1.713204e+04 1.747573e+04 
3.724242e-02 1.579503e+04 1.639263e+04 
4.026263e-02 1.460525e+04 1.540834e+04 
4.328283e-02 1.358032e+04 1.451168e+04 
4.630303e-02 1.271634e+04 1.369134e+04 
4.932323e-02 1.201588e+04 1.293747e+04 
5.234343e-02 1.145641e+04 1.224195e+04 
5.536364e-02 1.099811e+04 1.159816e+04 
5.838384e-02 1.061422e+04 1.100062e+04 
6.140404e-02 1.027925e+04 1.044479e+04 
6.442424e-02 9.967389e+03 9.926767e+03 
6.744444e-02 9.654494e+03 9.443218e+03 
7.046465e-02 9.323450e+03 8.991211e+03 
7.348485e-02 8.964102e+03 8.568153e+03 
7.650505e-02 8.573215e+03 8.171734e+03 
7.952525e-02 8.154725e+03 7.799873e+03 
8.254545e-02 7.717591e+03 7.450695e+03 
8.556566e-02 7.273748e+03 7.122497e+03 
8.858586e-02 6.835447e+03 6.813729e+03 
9.160606e-02 6.414141e+03 6.522978e+03 
9.462626e-02 6.019898e+03 6.248952e+03 
9.764646e-02 5.661037e+03 5.990469e+03 
1.006667e-01 5.343614e+03 5.746443e+03 
1.036869e-01 5.071098e+03 5.515876e+03 
1.067071e-01 4.843398e+03 5.297855e+03 
1.097273e-01 4.657699e+03 5.091534e+03 
1.127475e-01 4.508049e+03 4.896137e+03 
1.157677e-01 4.387130e+03 4.710947e+03 
1.187879e-01 4.286815e+03 4.535303e+03 
1.218081e-01 4.199218e+03 4.368594e+03 
1.248283e-01 4.117153e+03 4.210253e+03 
1.278485e-01 4.034448e+03 4.059759e+03 
1.308687e-01 3.946009e+03 3.916626e+03 
1.338889e-01 3.848328e+03 3.780405e+03 
1.369091e-01 3.739195e+03 3.650678e+03 
1.399293e-01 3.618593e+03 3.527059e+03 
1.429495e-01 3.487761e+03 3.409188e+03 
1.459697e-01 3.349476e+03 3.296729e+03 
1.489899e-01 3.207132e+03 3.189372e+03 
1.520101e-01 3.064633e+03 3.086824e+03 
1.550303e-01 2.925721e+03 2.988817e+03 
1.580505e-01 2.793889e+03 2.895097e+03 
1.610707e-01 2.672009e+03 2.805428e+03 
1.640909e-01 2.562376e+03 2.719589e+03 
1.671111e-01 2.466098e+03 2.637376e+03 
1.701313e-01 2.383489e+03 2.558594e+03 
1.731515e-01 2.313748e+03 2.483063e+03 
1.761717e-01 2.255451e+03 2.410613e+03 
1.791919e-01 2.206560e+03 2.341087e+03 
1.822121e-01 2.164858e+03 2.274335e+03 
1.852323e-01 2.128033e+03 2.210216e+03 
1.882525e-01 2.093831e+03 2.148601e+03 
1.912727e-01 2.060114e+03 2.089364e+03 
1.942929e-01 2.025061e+03 2.032390e+03 
1.973131e-01 1.987186e+03 1.977570e+03 
2.003333e-01 1.945530e+03 1.924800e+03 
2.033535e-01 1.899731e+03 1.873982e+03 
2.063737e-01 1.850052e+03 1.825027e+03 
2.093939e-01 1.797215e+03 1.777846e+03 
2.124141e-01 1.742244e+03 1.732359e+03 
2.154343e-01 1.686346e+03 1.688487e+03 
2.184545e-01 1.630767e+03 1.646160e+03 
2.214747e-01 1.576702e+03 1.605306e+03 
2.244949e-01 1.525227e+03 1.565862e+03 
2.275152e-01 1.477228e+03 1.527764e+03 
2.305354e-01 1.433314e+03 1.490956e+03 
2.335556e-01 1.393820e+03 1.455381e+03 
2.365758e-01 1.358746e+03 1.420987e+03 
2.395960e-01 1.327867e+03 1.387724e+03 
2.426162e-01 1.300715e+03 1.355545e+03 
2.456364e-01 1.276709e+03 1.324404e+03 
2.486566e-01 1.255159e+03 1.294260e+03 
2.516768e-01 1.235333e+03 1.265071e+03 
2.546970e-01 1.216461e+03 1.236799e+03 
2.577172e-01 1.197823e+03 1.209407e+03 
2.607374e-01 1.178761e+03 1.182860e+03 
2.637576e-01 1.158804e+03 1.157125e+03 
2.667778e-01 1.137641e+03 1.132171e+03 
2.697980e-01 1.115232e+03 1.107967e+03 
2.728182e-01 1.091682e+03 1.084484e+03 
2.758384e-01 1.067253e+03 1.061696e+03 
2.788586e-01 1.042263e+03 1.039575e+03 
2.818788e-01 1.017074e+03 1.018097e+03 
2.848990e-01 9.920494e+02 9.972386e+02 
2.879192e-01 9.675443e+02 9.769760e+02 
2.909394e-01 9.438988e+02 9.572880e+02 
2.939596e-01 9.214238e+02 9.381537e+02 
2.969798e-01 9.003551e+02 9.195532e+02 
3.000000e-01 8.808481e+02 9.014675e+02 
