1.000000e-03 2.983883e+03 2.983880e+03 
4.020202e-03 9.918906e+03 9.996981e+03 
7.040404e-03 1.451153e+04 1.460773e+04 
1.006061e-02 1.739109e+04 1.746781e+04 
1.308081e-02 1.901151e+04 1.905670e+04 
1.610101e-02 1.970094e+04 1.968982e+04 
1.912121e-02 1.971155e+04 1.962074e+04 
2.214141e-02 1.924592e+04 1.909586e+04 
2.516162e-02 1.847029e+04 1.833155e+04 
2.818182e-02 1.752003e+04 1.747718e+04 
3.120202e-02 1.649926e+04 1.661406e+04 
3.422222e-02 1.548552e+04 1.577837e+04 
3.724242e-02 1.453138e+04 1.498323e+04 
4.026263e-02 1.366758e+04 1.423179e+04 
4.328283e-02 1.289799e+04 1.352344e+04 
4.630303e-02 1.223552e+04 1.285630e+04 
4.932323e-02 1.167718e+04 1.222818e+04 
5.234343e-02 1.119456e+04 1.163689e+04 
5.536364e-02 1.076401e+04 1.108029e+04 
5.838384e-02 1.036895e+04 1.055633e+04 
6.140404e-02 9.997600e+03 1.006306e+04 
6.442424e-02 9.633582e+03 9.598614e+03 
6.744444e-02 9.264038e+03 9.161202e+03 
7.046465e-02 8.882637e+03 8.749133e+03 
7.348485e-02 8.487698e+03 8.360800e+03 
7.650505e-02 8.082327e+03 7.994687e+03 
7.952525e-02 7.673897e+03 7.649362e+03 
8.254545e-02 7.271773e+03 7.323484e+03 
8.556566e-02 6.884665e+03 7.015793e+03 
8.858586e-02 6.519645e+03 6.725111e+03 
9.160606e-02 6.181716e+03 6.450338e+03 
9.462626e-02 5.874356e+03 6.190449e+03 
9.764646e-02 5.599681e+03 5.944486e+03 
1.006667e-01 5.358390e+03 5.711560e+03 
1.036869e-01 5.149768e+03 5.490842e+03 
1.067071e-01 4.970447e+03 5.281562e+03 
1.097273e-01 4.815539e+03 5.083002e+03 
1.127475e-01 4.678362e+03 4.894496e+03 
1.157677e-01 4.552424e+03 4.715424e+03 
1.187879e-01 4.431732e+03 4.545208e+03 
1.218081e-01 4.311886e+03 4.383312e+03 
1.248283e-01 4.189806e+03 4.229237e+03 
1.278485e-01 4.063793e+03 4.082517e+03 
1.308687e-01 3.933071e+03 3.942719e+03 
1.338889e-01 3.798185e+03 3.809439e+03 
1.369091e-01 3.660354e+03 3.682301e+03 
1.399293e-01 3.521634e+03 3.560954e+03 
1.429495e-01 3.384306e+03 3.445070e+03 
1.459697e-01 3.250763e+03 3.334342e+03 
1.489899e-01 3.123211e+03 3.228486e+03 
1.520101e-01 3.003528e+03 3.127233e+03 
1.550303e-01 2.893081e+03 3.030333e+03 
1.580505e-01 2.792703e+03 2.937553e+03 
1.610707e-01 2.702594e+03 2.848674e+03 
1.640909e-01 2.622436e+03 2.763489e+03 
1.671111e-01 2.551153e+03 2.681806e+03 
1.701313e-01 2.487260e+03 2.603445e+03 
1.731515e-01 2.428979e+03 2.528236e+03 
1.761717e-01 2.374519e+03 2.456019e+03 
1.791919e-01 2.322329e+03 2.386645e+03 
1.822121e-01 2.271075e+03 2.319973e+03 
1.852323e-01 2.219770e+03 2.255870e+03 
1.882525e-01 2.167669e+03 2.194212e+03 
1.912727e-01 2.114315e+03 2.134881e+03 
1.942929e-01 2.059577e+03 2.077765e+03 
1.973131e-01 2.003637e+03 2.022762e+03 
2.003333e-01 1.947037e+03 1.969771e+03 
2.033535e-01 1.890546e+03 1.918701e+03 
2.063737e-01 1.834997e+03 1.869462e+03 
2.093939e-01 1.781197e+03 1.821972e+03 
2.124141e-01 1.729747e+03 1.776153e+03 
2.154343e-01 1.681104e+03 1.731929e+03 
2.184545e-01 1.635501e+03 1.689231e+03 
2.214747e-01 1.593061e+03 1.647992e+03 
2.244949e-01 1.553786e+03 1.608148e+03 
2.275152e-01 1.517541e+03 1.569640e+03 
2.305354e-01 1.484031e+03 1.532411e+03 
2.335556e-01 1.452835e+03 1.496407e+03 
2.365758e-01 1.423432e+03 1.461577e+03 
2.395960e-01 1.395326e+03 1.427872e+03 
2.426162e-01 1.368051e+03 1.395247e+03 
2.456364e-01 1.341254e+03 1.363657e+03 
2.486566e-01 1.314652e+03 1.333060e+03 
2.516768e-01 1.288071e+03 1.303417e+03 
2.546970e-01 1.261391e+03 1.274690e+03 
2.577172e-01 1.234566e+03 1.246843e+03 
2.607374e-01 1.207623e+03 1.219842e+03 
2.637576e-01 1.180689e+03 1.193654e+03 
2.667778e-01 1.153967e+03 1.168248e+03 
2.697980e-01 1.127731e+03 1.143594e+03 
2.728182e-01 1.102220e+03 1.119664e+03 
2.758384e-01 1.077641e+03 1.096430e+03 
2.788586e-01 1.054103e+03 1.073868e+03 
2.818788e-01 1.031658e+03 1.051952e+03 
2.848990e-01 1.010293e+03 1.030658e+03 
2.879192e-01 9.899723e+02 1.009965e+03 
2.909394e-01 9.706547e+02 9.898500e+02 
2.939596e-01 9.522826e+02 9.702932e+02 
2.969798e-01 9.347624e+02 9.512746e+02 
3.000000e-01 9.179761e+02 9.327753e+02 
