1.000000e-03 4.625257e+03 4.625253e+03 
4.020202e-03 1.526165e+04 1.538346e+04 
7.040404e-03 2.214092e+04 2.230864e+04 
1.006061e-02 2.627986e+04 2.647604e+04 
1.308081e-02 2.839454e+04 2.862992e+04 
1.610101e-02 2.900250e+04 2.921963e+04 
1.912121e-02 2.850926e+04 2.859805e+04 
2.214141e-02 2.725191e+04 2.715889e+04 
2.516162e-02 2.551445e+04 2.531531e+04 
2.818182e-02 2.353195e+04 2.339316e+04 
3.120202e-02 2.149084e+04 2.157759e+04 
3.422222e-02 1.952865e+04 1.993911e+04 
3.724242e-02 1.773645e+04 1.848476e+04 
4.026263e-02 1.616846e+04 1.719615e+04 
4.328283e-02 1.483962e+04 1.604898e+04 
4.630303e-02 1.374224e+04 1.502071e+04 
4.932323e-02 1.287586e+04 1.409263e+04 
5.234343e-02 1.220221e+04 1.324979e+04 
5.536364e-02 1.167236e+04 1.248035e+04 
5.838384e-02 1.125377e+04 1.177484e+04 
6.140404e-02 1.090517e+04 1.112560e+04 
6.442424e-02 1.058903e+04 1.052635e+04 
6.744444e-02 1.027690e+04 9.971784e+03 
7.046465e-02 9.945481e+03 9.457441e+03 
7.348485e-02 9.578980e+03 8.979466e+03 
7.650505e-02 9.169846e+03 8.534507e+03 
7.952525e-02 8.719223e+03 8.119626e+03 
8.254545e-02 8.235768e+03 7.732223e+03 
8.556566e-02 7.732894e+03 7.369986e+03 
8.858586e-02 7.226619e+03 7.030849e+03 
9.160606e-02 6.733288e+03 6.712955e+03 
9.462626e-02 6.267437e+03 6.414631e+03 
9.764646e-02 5.841484e+03 6.134366e+03 
1.006667e-01 5.464217e+03 5.870790e+03 
1.036869e-01 5.141354e+03 5.622658e+03 
1.067071e-01 4.873282e+03 5.388837e+03 
1.097273e-01 4.657477e+03 5.168294e+03 
1.127475e-01 4.488154e+03 4.960085e+03 
1.157677e-01 4.357805e+03 4.763345e+03 
1.187879e-01 4.257479e+03 4.577284e+03 
1.218081e-01 4.177989e+03 4.401175e+03 
1.248283e-01 4.110159e+03 4.234351e+03 
1.278485e-01 4.045316e+03 4.076197e+03 
1.308687e-01 3.975690e+03 3.926148e+03 
1.338889e-01 3.895353e+03 3.783683e+03 
1.369091e-01 3.800428e+03 3.648320e+03 
1.399293e-01 3.689470e+03 3.519614e+03 
1.429495e-01 3.563202e+03 3.397152e+03 
1.459697e-01 3.423955e+03 3.280555e+03 
1.489899e-01 3.275317e+03 3.169468e+03 
1.520101e-01 3.121493e+03 3.063562e+03 
1.550303e-01 2.967199e+03 2.962535e+03 
1.580505e-01 2.817183e+03 2.866101e+03 
1.610707e-01 2.676058e+03 2.773998e+03 
1.640909e-01 2.547481e+03 2.685980e+03 
1.671111e-01 2.434104e+03 2.601818e+03 
1.701313e-01 2.336961e+03 2.521299e+03 
1.731515e-01 2.256004e+03 2.444224e+03 
1.761717e-01 2.189855e+03 2.370406e+03 
1.791919e-01 2.136610e+03 2.299671e+03 
1.822121e-01 2.093951e+03 2.231856e+03 
1.852323e-01 2.059407e+03 2.166809e+03 
1.882525e-01 2.030388e+03 2.104387e+03 
1.912727e-01 2.004207e+03 2.044455e+03 
1.942929e-01 1.978189e+03 1.986887e+03 
1.973131e-01 1.949942e+03 1.931566e+03 
2.003333e-01 1.917499e+03 1.878379e+03 
2.033535e-01 1.879690e+03 1.827223e+03 
2.063737e-01 1.836101e+03 1.778000e+03 
2.093939e-01 1.787139e+03 1.730616e+03 
2.124141e-01 1.733753e+03 1.684984e+03 
2.154343e-01 1.677244e+03 1.641022e+03 
2.184545e-01 1.619072e+03 1.598652e+03 
2.214747e-01 1.560740e+03 1.557801e+03 
2.244949e-01 1.503722e+03 1.518401e+03 
2.275152e-01 1.449373e+03 1.480384e+03 
2.305354e-01 1.398852e+03 1.443690e+03 
2.335556e-01 1.353000e+03 1.408260e+03 
2.365758e-01 1.312352e+03 1.374039e+03 
2.395960e-01 1.277011e+03 1.340974e+03 
2.426162e-01 1.246797e+03 1.309015e+03 
2.456364e-01 1.221182e+03 1.278116e+03 
2.486566e-01 1.199469e+03 1.248231e+03 
2.516768e-01 1.180788e+03 1.219318e+03 
2.546970e-01 1.164208e+03 1.191337e+03 
2.577172e-01 1.148759e+03 1.164250e+03 
2.607374e-01 1.133552e+03 1.138020e+03 
2.637576e-01 1.117786e+03 1.112613e+03 
2.667778e-01 1.100861e+03 1.087995e+03 
2.697980e-01 1.082353e+03 1.064136e+03 
2.728182e-01 1.062099e+03 1.041006e+03 
2.758384e-01 1.040127e+03 1.018576e+03 
2.788586e-01 1.016648e+03 9.968189e+02 
2.818788e-01 9.920130e+02 9.757095e+02 
2.848990e-01 9.666626e+02 9.552229e+02 
2.879192e-01 9.410948e+02 9.353357e+02 
2.909394e-01 9.158178e+02 9.160256e+02 
2.939596e-01 8.913175e+02 8.972712e+02 
2.969798e-01 8.680150e+02 8.790519e+02 
3.000000e-01 8.462398e+02 8.613484e+02 
