1.000000e-03 2.988982e+03 2.988979e+03 
4.020202e-03 9.840000e+03 9.918404e+03 
7.040404e-03 1.425626e+04 1.434126e+04 
1.006061e-02 1.695436e+04 1.699326e+04 
1.308081e-02 1.843605e+04 1.840784e+04 
1.610101e-02 1.905050e+04 1.894157e+04 
1.912121e-02 1.905429e+04 1.887230e+04 
2.214141e-02 1.864374e+04 1.843544e+04 
2.516162e-02 1.797153e+04 1.780655e+04 
2.818182e-02 1.715575e+04 1.709341e+04 
3.120202e-02 1.628414e+04 1.635337e+04 
3.422222e-02 1.541811e+04 1.561515e+04 
3.724242e-02 1.459644e+04 1.489327e+04 
4.026263e-02 1.384061e+04 1.419532e+04 
4.328283e-02 1.315593e+04 1.352538e+04 
4.630303e-02 1.253739e+04 1.288551e+04 
4.932323e-02 1.198396e+04 1.227656e+04 
5.234343e-02 1.148074e+04 1.169856e+04 
5.536364e-02 1.100486e+04 1.115100e+04 
5.838384e-02 1.054844e+04 1.063299e+04 
6.140404e-02 1.010526e+04 1.014344e+04 
6.442424e-02 9.667520e+03 9.681063e+03 
6.744444e-02 9.232385e+03 9.244536e+03 
7.046465e-02 8.800413e+03 8.832483e+03 
7.348485e-02 8.374989e+03 8.443534e+03 
7.650505e-02 7.961755e+03 8.076350e+03 
7.952525e-02 7.567133e+03 7.729629e+03 
8.254545e-02 7.196494e+03 7.402127e+03 
8.556566e-02 6.852969e+03 7.092658e+03 
8.858586e-02 6.537672e+03 6.800099e+03 
9.160606e-02 6.250635e+03 6.523390e+03 
9.462626e-02 5.991194e+03 6.261538e+03 
9.764646e-02 5.757951e+03 6.013608e+03 
1.006667e-01 5.548195e+03 5.778728e+03 
1.036869e-01 5.357986e+03 5.556083e+03 
1.067071e-01 5.182051e+03 5.344911e+03 
1.097273e-01 5.015394e+03 5.144501e+03 
1.127475e-01 4.853744e+03 4.954192e+03 
1.157677e-01 4.694118e+03 4.773367e+03 
1.187879e-01 4.535383e+03 4.601450e+03 
1.218081e-01 4.377217e+03 4.437906e+03 
1.248283e-01 4.220203e+03 4.282236e+03 
1.278485e-01 4.065308e+03 4.133974e+03 
1.308687e-01 3.913901e+03 3.992687e+03 
1.338889e-01 3.767490e+03 3.857969e+03 
1.369091e-01 3.627691e+03 3.729443e+03 
1.399293e-01 3.495674e+03 3.606757e+03 
1.429495e-01 3.372128e+03 3.489581e+03 
1.459697e-01 3.257257e+03 3.377608e+03 
1.489899e-01 3.150830e+03 3.270550e+03 
1.520101e-01 3.052402e+03 3.168139e+03 
1.550303e-01 2.961355e+03 3.070122e+03 
1.580505e-01 2.876845e+03 2.976265e+03 
1.610707e-01 2.797851e+03 2.886346e+03 
1.640909e-01 2.723130e+03 2.800159e+03 
1.671111e-01 2.651326e+03 2.717509e+03 
1.701313e-01 2.581413e+03 2.638215e+03 
1.731515e-01 2.512621e+03 2.562105e+03 
1.761717e-01 2.444642e+03 2.489019e+03 
1.791919e-01 2.377449e+03 2.418806e+03 
1.822121e-01 2.311201e+03 2.351323e+03 
1.852323e-01 2.246153e+03 2.286437e+03 
1.882525e-01 2.182554e+03 2.224022e+03 
1.912727e-01 2.120669e+03 2.163960e+03 
1.942929e-01 2.060848e+03 2.106138e+03 
1.973131e-01 2.003459e+03 2.050451e+03 
2.003333e-01 1.948759e+03 1.996799e+03 
2.033535e-01 1.896926e+03 1.945089e+03 
2.063737e-01 1.847904e+03 1.895232e+03 
2.093939e-01 1.801544e+03 1.847143e+03 
2.124141e-01 1.757582e+03 1.800744e+03 
2.154343e-01 1.715728e+03 1.755959e+03 
2.184545e-01 1.675705e+03 1.712717e+03 
2.214747e-01 1.637240e+03 1.670951e+03 
2.244949e-01 1.600059e+03 1.630597e+03 
2.275152e-01 1.563917e+03 1.591594e+03 
2.305354e-01 1.528654e+03 1.553885e+03 
2.335556e-01 1.494156e+03 1.517416e+03 
2.365758e-01 1.460380e+03 1.482135e+03 
2.395960e-01 1.427310e+03 1.447992e+03 
2.426162e-01 1.394961e+03 1.414942e+03 
2.456364e-01 1.363353e+03 1.382939e+03 
2.486566e-01 1.332508e+03 1.351942e+03 
2.516768e-01 1.302474e+03 1.321910e+03 
2.546970e-01 1.273352e+03 1.292805e+03 
2.577172e-01 1.245228e+03 1.264591e+03 
2.607374e-01 1.218153e+03 1.237233e+03 
2.637576e-01 1.192137e+03 1.210698e+03 
2.667778e-01 1.167118e+03 1.184955e+03 
2.697980e-01 1.143017e+03 1.159973e+03 
2.728182e-01 1.119732e+03 1.135724e+03 
2.758384e-01 1.097184e+03 1.112180e+03 
2.788586e-01 1.075329e+03 1.089316e+03 
2.818788e-01 1.054122e+03 1.067106e+03 
2.848990e-01 1.033520e+03 1.045526e+03 
2.879192e-01 1.013466e+03 1.024554e+03 
2.909394e-01 9.938907e+02 1.004168e+03 
2.939596e-01 9.747473e+02 9.843471e+02 
2.969798e-01 9.560096e+02 9.650711e+02 
3.000000e-01 9.376762e+02 9.463210e+02 
