1.000000e-03 3.130016e+03 3.130013e+03 
4.020202e-03 1.038568e+04 1.046701e+04 
7.040404e-03 1.519231e+04 1.529540e+04 
1.006061e-02 1.820389e+04 1.829457e+04 
1.308081e-02 1.988845e+04 1.995790e+04 
1.610101e-02 2.058603e+04 2.060555e+04 
1.912121e-02 2.056075e+04 2.049567e+04 
2.214141e-02 2.002613e+04 1.988798e+04 
2.516162e-02 1.916058e+04 1.902020e+04 
2.818182e-02 1.810858e+04 1.806143e+04 
3.120202e-02 1.698450e+04 1.710457e+04 
3.422222e-02 1.587270e+04 1.618969e+04 
3.724242e-02 1.483040e+04 1.532945e+04 
4.026263e-02 1.389180e+04 1.452494e+04 
4.328283e-02 1.307213e+04 1.377321e+04 
4.630303e-02 1.236609e+04 1.307035e+04 
4.932323e-02 1.176958e+04 1.241255e+04 
5.234343e-02 1.127154e+04 1.179635e+04 
5.536364e-02 1.083805e+04 1.121865e+04 
5.838384e-02 1.044758e+04 1.067668e+04 
6.140404e-02 1.008532e+04 1.016791e+04 
6.442424e-02 9.733028e+03 9.690048e+03 
6.744444e-02 9.375951e+03 9.240959e+03 
7.046465e-02 9.004279e+03 8.818678e+03 
7.348485e-02 8.614169e+03 8.421378e+03 
7.650505e-02 8.207880e+03 8.047362e+03 
7.952525e-02 7.792217e+03 7.695052e+03 
8.254545e-02 7.377164e+03 7.362982e+03 
8.556566e-02 6.972616e+03 7.049790e+03 
8.858586e-02 6.587167e+03 6.754212e+03 
9.160606e-02 6.227612e+03 6.475073e+03 
9.462626e-02 5.898855e+03 6.211284e+03 
9.764646e-02 5.604310e+03 5.961834e+03 
1.006667e-01 5.346163e+03 5.725786e+03 
1.036869e-01 5.124062e+03 5.502271e+03 
1.067071e-01 4.935715e+03 5.290482e+03 
1.097273e-01 4.776208e+03 5.089671e+03 
1.127475e-01 4.639361e+03 4.899144e+03 
1.157677e-01 4.517890e+03 4.718257e+03 
1.187879e-01 4.404889e+03 4.546412e+03 
1.218081e-01 4.294715e+03 4.383052e+03 
1.248283e-01 4.183039e+03 4.227662e+03 
1.278485e-01 4.067057e+03 4.079762e+03 
1.308687e-01 3.945242e+03 3.938905e+03 
1.338889e-01 3.817141e+03 3.804676e+03 
1.369091e-01 3.683552e+03 3.676687e+03 
1.399293e-01 3.546050e+03 3.554578e+03 
1.429495e-01 3.407096e+03 3.438013e+03 
1.459697e-01 3.269420e+03 3.326678e+03 
1.489899e-01 3.135817e+03 3.220280e+03 
1.520101e-01 3.008802e+03 3.118546e+03 
1.550303e-01 2.890414e+03 3.021220e+03 
1.580505e-01 2.782144e+03 2.928064e+03 
1.610707e-01 2.684908e+03 2.838852e+03 
1.640909e-01 2.598800e+03 2.753377e+03 
1.671111e-01 2.523292e+03 2.671441e+03 
1.701313e-01 2.457055e+03 2.592860e+03 
1.731515e-01 2.398391e+03 2.517462e+03 
1.761717e-01 2.345336e+03 2.445084e+03 
1.791919e-01 2.295993e+03 2.375575e+03 
1.822121e-01 2.248722e+03 2.308791e+03 
1.852323e-01 2.202081e+03 2.244597e+03 
1.882525e-01 2.154859e+03 2.182866e+03 
1.912727e-01 2.106184e+03 2.123480e+03 
1.942929e-01 2.055494e+03 2.066326e+03 
1.973131e-01 2.002690e+03 2.011299e+03 
2.003333e-01 1.948000e+03 1.958297e+03 
2.033535e-01 1.892164e+03 1.907227e+03 
2.063737e-01 1.836090e+03 1.858000e+03 
2.093939e-01 1.780747e+03 1.810531e+03 
2.124141e-01 1.727004e+03 1.764741e+03 
2.154343e-01 1.675553e+03 1.720556e+03 
2.184545e-01 1.626936e+03 1.677903e+03 
2.214747e-01 1.581547e+03 1.636715e+03 
2.244949e-01 1.539606e+03 1.596929e+03 
2.275152e-01 1.501192e+03 1.558484e+03 
2.305354e-01 1.466143e+03 1.521323e+03 
2.335556e-01 1.434153e+03 1.485391e+03 
2.365758e-01 1.404721e+03 1.450636e+03 
2.395960e-01 1.377291e+03 1.417011e+03 
2.426162e-01 1.351274e+03 1.384467e+03 
2.456364e-01 1.326139e+03 1.352961e+03 
2.486566e-01 1.301445e+03 1.322452e+03 
2.516768e-01 1.276840e+03 1.292898e+03 
2.546970e-01 1.252057e+03 1.264261e+03 
2.577172e-01 1.226918e+03 1.236506e+03 
2.607374e-01 1.201318e+03 1.209599e+03 
2.637576e-01 1.175307e+03 1.183505e+03 
2.667778e-01 1.149027e+03 1.158194e+03 
2.697980e-01 1.122758e+03 1.133636e+03 
2.728182e-01 1.096800e+03 1.109802e+03 
2.758384e-01 1.071450e+03 1.086666e+03 
2.788586e-01 1.046944e+03 1.064200e+03 
2.818788e-01 1.023451e+03 1.042381e+03 
2.848990e-01 1.001066e+03 1.021185e+03 
2.879192e-01 9.798336e+02 1.000589e+03 
2.909394e-01 9.597678e+02 9.805709e+02 
2.939596e-01 9.408580e+02 9.611107e+02 
2.969798e-01 9.230431e+02 9.421884e+02 
3.000000e-01 9.062244e+02 9.237850e+02 
