1.000000e-03 5.925430e+03 5.925425e+03 
4.020202e-03 1.976481e+04 1.992191e+04 
7.040404e-03 2.890464e+04 2.914289e+04 
1.006061e-02 3.450238e+04 3.483775e+04 
1.308081e-02 3.740067e+04 3.788674e+04 
1.610101e-02 3.822673e+04 3.879419e+04 
1.912121e-02 3.749246e+04 3.792763e+04 
2.214141e-02 3.564220e+04 3.573939e+04 
2.516162e-02 3.306658e+04 3.280340e+04 
2.818182e-02 3.010054e+04 2.966629e+04 
3.120202e-02 2.701928e+04 2.669789e+04 
3.422222e-02 2.403266e+04 2.406689e+04 
3.724242e-02 2.128723e+04 2.180443e+04 
4.026263e-02 1.887322e+04 1.987608e+04 
4.328283e-02 1.682053e+04 1.822774e+04 
4.630303e-02 1.513586e+04 1.680677e+04 
4.932323e-02 1.381190e+04 1.556907e+04 
5.234343e-02 1.280247e+04 1.447986e+04 
5.536364e-02 1.205205e+04 1.351231e+04 
5.838384e-02 1.150843e+04 1.264578e+04 
6.140404e-02 1.112482e+04 1.186433e+04 
6.442424e-02 1.084718e+04 1.115546e+04 
6.744444e-02 1.062633e+04 1.050922e+04 
7.046465e-02 1.042098e+04 9.917593e+03 
7.348485e-02 1.019509e+04 9.374014e+03 
7.650505e-02 9.921678e+03 8.873015e+03 
7.952525e-02 9.584071e+03 8.409997e+03 
8.254545e-02 9.176511e+03 7.981044e+03 
8.556566e-02 8.703918e+03 7.582788e+03 
8.858586e-02 8.178904e+03 7.212306e+03 
9.160606e-02 7.619634e+03 6.867044e+03 
9.462626e-02 7.047762e+03 6.544756e+03 
9.764646e-02 6.485026e+03 6.243452e+03 
1.006667e-01 5.952312e+03 5.961363e+03 
1.036869e-01 5.466348e+03 5.696911e+03 
1.067071e-01 5.039901e+03 5.448677e+03 
1.097273e-01 4.678949e+03 5.215389e+03 
1.127475e-01 4.385243e+03 4.995896e+03 
1.157677e-01 4.156053e+03 4.789158e+03 
1.187879e-01 3.985746e+03 4.594230e+03 
1.218081e-01 3.866610e+03 4.410253e+03 
1.248283e-01 3.789667e+03 4.236447e+03 
1.278485e-01 3.745112e+03 4.072097e+03 
1.308687e-01 3.722146e+03 3.916549e+03 
1.338889e-01 3.709918e+03 3.769206e+03 
1.369091e-01 3.697822e+03 3.629519e+03 
1.399293e-01 3.676569e+03 3.496984e+03 
1.429495e-01 3.638334e+03 3.371135e+03 
1.459697e-01 3.578297e+03 3.251546e+03 
1.489899e-01 3.493748e+03 3.137822e+03 
1.520101e-01 3.384595e+03 3.029598e+03 
1.550303e-01 3.252952e+03 2.926537e+03 
1.580505e-01 3.102940e+03 2.828327e+03 
1.610707e-01 2.940487e+03 2.734678e+03 
1.640909e-01 2.772368e+03 2.645321e+03 
1.671111e-01 2.605607e+03 2.560007e+03 
1.701313e-01 2.446581e+03 2.478505e+03 
1.731515e-01 2.300517e+03 2.400597e+03 
1.761717e-01 2.171038e+03 2.326082e+03 
1.791919e-01 2.060372e+03 2.254774e+03 
1.822121e-01 1.969141e+03 2.186496e+03 
1.852323e-01 1.897053e+03 2.121086e+03 
1.882525e-01 1.842888e+03 2.058390e+03 
1.912727e-01 1.804813e+03 1.998265e+03 
1.942929e-01 1.780384e+03 1.940578e+03 
1.973131e-01 1.766558e+03 1.885202e+03 
2.003333e-01 1.759912e+03 1.832020e+03 
2.033535e-01 1.756773e+03 1.780922e+03 
2.063737e-01 1.753581e+03 1.731803e+03 
2.093939e-01 1.747139e+03 1.684567e+03 
2.124141e-01 1.734884e+03 1.639120e+03 
2.154343e-01 1.714927e+03 1.595378e+03 
2.184545e-01 1.686326e+03 1.553258e+03 
2.214747e-01 1.648820e+03 1.512685e+03 
2.244949e-01 1.603024e+03 1.473585e+03 
2.275152e-01 1.550126e+03 1.435890e+03 
2.305354e-01 1.491925e+03 1.399537e+03 
2.335556e-01 1.430512e+03 1.364465e+03 
2.365758e-01 1.368146e+03 1.330615e+03 
2.395960e-01 1.307011e+03 1.297934e+03 
2.426162e-01 1.249092e+03 1.266371e+03 
2.456364e-01 1.195950e+03 1.235876e+03 
2.486566e-01 1.148753e+03 1.206403e+03 
2.516768e-01 1.108243e+03 1.177909e+03 
2.546970e-01 1.074667e+03 1.150352e+03 
2.577172e-01 1.047901e+03 1.123693e+03 
2.607374e-01 1.027395e+03 1.097895e+03 
2.637576e-01 1.012354e+03 1.072922e+03 
2.667778e-01 1.001722e+03 1.048740e+03 
2.697980e-01 9.943227e+02 1.025318e+03 
2.728182e-01 9.889085e+02 1.002625e+03 
2.758384e-01 9.842457e+02 9.806315e+02 
2.788586e-01 9.791606e+02 9.593108e+02 
2.818788e-01 9.726422e+02 9.386363e+02 
2.848990e-01 9.638529e+02 9.185830e+02 
2.879192e-01 9.521837e+02 8.991270e+02 
2.909394e-01 9.373260e+02 8.802457e+02 
2.939596e-01 9.192351e+02 8.619172e+02 
2.969798e-01 8.982032e+02 8.441211e+02 
3.000000e-01 8.747171e+02 8.268374e+02 
