1.000000e-03 4.665287e+03 4.665283e+03 
4.020202e-03 1.543226e+04 1.555478e+04 
7.040404e-03 2.245927e+04 2.263144e+04 
1.006061e-02 2.673287e+04 2.694160e+04 
1.308081e-02 2.895236e+04 2.921356e+04 
1.610101e-02 2.962878e+04 2.988443e+04 
1.912121e-02 2.916657e+04 2.929499e+04 
2.214141e-02 2.790479e+04 2.783418e+04 
2.516162e-02 2.613441e+04 2.592597e+04 
2.818182e-02 2.409676e+04 2.391786e+04 
3.120202e-02 2.198578e+04 2.201495e+04 
3.422222e-02 1.994624e+04 2.029921e+04 
3.724242e-02 1.807547e+04 1.878141e+04 
4.026263e-02 1.643299e+04 1.744260e+04 
4.328283e-02 1.503590e+04 1.625631e+04 
4.630303e-02 1.388115e+04 1.519761e+04 
4.932323e-02 1.296929e+04 1.424571e+04 
5.234343e-02 1.226136e+04 1.338403e+04 
5.536364e-02 1.171039e+04 1.259948e+04 
5.838384e-02 1.127961e+04 1.188169e+04 
6.140404e-02 1.093058e+04 1.122233e+04 
6.442424e-02 1.062554e+04 1.061459e+04 
6.744444e-02 1.033073e+04 1.005285e+04 
7.046465e-02 1.002011e+04 9.532347e+03 
7.348485e-02 9.675265e+03 9.049024e+03 
7.650505e-02 9.286083e+03 8.599378e+03 
7.952525e-02 8.851462e+03 8.180350e+03 
8.254545e-02 8.378604e+03 7.789248e+03 
8.556566e-02 7.879944e+03 7.423688e+03 
8.858586e-02 7.370974e+03 7.081547e+03 
9.160606e-02 6.868080e+03 6.760921e+03 
9.462626e-02 6.386747e+03 6.460101e+03 
9.764646e-02 5.941064e+03 6.177545e+03 
1.006667e-01 5.541509e+03 5.911858e+03 
1.036869e-01 5.195419e+03 5.661773e+03 
1.067071e-01 4.905373e+03 5.426141e+03 
1.097273e-01 4.670257e+03 5.203912e+03 
1.127475e-01 4.485269e+03 4.994131e+03 
1.157677e-01 4.343325e+03 4.795923e+03 
1.187879e-01 4.235957e+03 4.608486e+03 
1.218081e-01 4.154075e+03 4.431086e+03 
1.248283e-01 4.088458e+03 4.263047e+03 
1.278485e-01 4.030038e+03 4.103751e+03 
1.308687e-01 3.970523e+03 3.952624e+03 
1.338889e-01 3.902754e+03 3.809142e+03 
1.369091e-01 3.821654e+03 3.672816e+03 
1.399293e-01 3.724015e+03 3.543199e+03 
1.429495e-01 3.609424e+03 3.419875e+03 
1.459697e-01 3.479116e+03 3.302459e+03 
1.489899e-01 3.336213e+03 3.190594e+03 
1.520101e-01 3.184712e+03 3.083950e+03 
1.550303e-01 3.029415e+03 2.982220e+03 
1.580505e-01 2.875305e+03 2.885117e+03 
1.610707e-01 2.727350e+03 2.792377e+03 
1.640909e-01 2.589814e+03 2.703751e+03 
1.671111e-01 2.466196e+03 2.619010e+03 
1.701313e-01 2.358430e+03 2.537937e+03 
1.731515e-01 2.267332e+03 2.460333e+03 
1.761717e-01 2.192341e+03 2.386009e+03 
1.791919e-01 2.132056e+03 2.314791e+03 
1.822121e-01 2.084404e+03 2.246513e+03 
1.852323e-01 2.047010e+03 2.181022e+03 
1.882525e-01 2.017307e+03 2.118175e+03 
1.912727e-01 1.992491e+03 2.057835e+03 
1.942929e-01 1.969742e+03 1.999877e+03 
1.973131e-01 1.946335e+03 1.944180e+03 
2.003333e-01 1.919936e+03 1.890633e+03 
2.033535e-01 1.888685e+03 1.839131e+03 
2.063737e-01 1.851616e+03 1.789575e+03 
2.093939e-01 1.808416e+03 1.741871e+03 
2.124141e-01 1.759595e+03 1.695931e+03 
2.154343e-01 1.706094e+03 1.651673e+03 
2.184545e-01 1.649302e+03 1.609018e+03 
2.214747e-01 1.590761e+03 1.567893e+03 
2.244949e-01 1.532112e+03 1.528227e+03 
2.275152e-01 1.474918e+03 1.489956e+03 
2.305354e-01 1.420629e+03 1.453016e+03 
2.335556e-01 1.370381e+03 1.417348e+03 
2.365758e-01 1.325045e+03 1.382898e+03 
2.395960e-01 1.285073e+03 1.349611e+03 
2.426162e-01 1.250598e+03 1.317439e+03 
2.456364e-01 1.221407e+03 1.286333e+03 
2.486566e-01 1.197003e+03 1.256249e+03 
2.516768e-01 1.176667e+03 1.227143e+03 
2.546970e-01 1.159484e+03 1.198976e+03 
2.577172e-01 1.144451e+03 1.171709e+03 
2.607374e-01 1.130536e+03 1.145304e+03 
2.637576e-01 1.116780e+03 1.119728e+03 
2.667778e-01 1.102358e+03 1.094947e+03 
2.697980e-01 1.086650e+03 1.070929e+03 
2.728182e-01 1.069229e+03 1.047645e+03 
2.758384e-01 1.049913e+03 1.025067e+03 
2.788586e-01 1.028682e+03 1.003166e+03 
2.818788e-01 1.005734e+03 9.819165e+02 
2.848990e-01 9.813904e+02 9.612944e+02 
2.879192e-01 9.561122e+02 9.412758e+02 
2.909394e-01 9.304318e+02 9.218381e+02 
2.939596e-01 9.049306e+02 9.029598e+02 
2.969798e-01 8.801501e+02 8.846204e+02 
3.000000e-01 8.565767e+02 8.668002e+02 
