1.000000e-03 6.174148e+03 6.174143e+03 
4.020202e-03 2.076138e+04 2.092704e+04 
7.040404e-03 3.028972e+04 3.053779e+04 
1.006061e-02 3.599704e+04 3.634789e+04 
1.308081e-02 3.881366e+04 3.931743e+04 
1.610101e-02 3.943635e+04 3.999894e+04 
1.912121e-02 3.843230e+04 3.881860e+04 
2.214141e-02 3.629162e+04 3.631274e+04 
2.516162e-02 3.344065e+04 3.312923e+04 
2.818182e-02 3.024121e+04 2.984008e+04 
3.120202e-02 2.698370e+04 2.679716e+04 
3.422222e-02 2.388271e+04 2.413781e+04 
3.724242e-02 2.108184e+04 2.186830e+04 
4.026263e-02 1.866223e+04 1.994001e+04 
4.328283e-02 1.663918e+04 1.829236e+04 
4.630303e-02 1.501478e+04 1.687049e+04 
4.932323e-02 1.376994e+04 1.562996e+04 
5.234343e-02 1.284101e+04 1.453637e+04 
5.536364e-02 1.216953e+04 1.356341e+04 
5.838384e-02 1.169729e+04 1.269093e+04 
6.140404e-02 1.136432e+04 1.190335e+04 
6.442424e-02 1.111493e+04 1.118844e+04 
6.744444e-02 1.090044e+04 1.053642e+04 
7.046465e-02 1.067884e+04 9.939379e+03 
7.348485e-02 1.041543e+04 9.390806e+03 
7.650505e-02 1.008591e+04 8.885255e+03 
7.952525e-02 9.678848e+03 8.418128e+03 
8.254545e-02 9.195412e+03 7.985493e+03 
8.556566e-02 8.647932e+03 7.583959e+03 
8.858586e-02 8.056705e+03 7.210576e+03 
9.160606e-02 7.446067e+03 6.862759e+03 
9.462626e-02 6.841609e+03 6.538232e+03 
9.764646e-02 6.266629e+03 6.234975e+03 
1.006667e-01 5.741096e+03 5.951192e+03 
1.036869e-01 5.278639e+03 5.685277e+03 
1.067071e-01 4.887332e+03 5.435789e+03 
1.097273e-01 4.569517e+03 5.201431e+03 
1.127475e-01 4.322659e+03 4.981033e+03 
1.157677e-01 4.141013e+03 4.773537e+03 
1.187879e-01 4.015873e+03 4.577981e+03 
1.218081e-01 3.937053e+03 4.393492e+03 
1.248283e-01 3.893041e+03 4.219275e+03 
1.278485e-01 3.871536e+03 4.054605e+03 
1.308687e-01 3.859968e+03 3.898816e+03 
1.338889e-01 3.846707e+03 3.751303e+03 
1.369091e-01 3.821588e+03 3.611507e+03 
1.399293e-01 3.776954e+03 3.478916e+03 
1.429495e-01 3.707766e+03 3.353060e+03 
1.459697e-01 3.611551e+03 3.233505e+03 
1.489899e-01 3.488801e+03 3.119850e+03 
1.520101e-01 3.342183e+03 3.011727e+03 
1.550303e-01 3.177115e+03 2.908795e+03 
1.580505e-01 3.000499e+03 2.810736e+03 
1.610707e-01 2.820439e+03 2.717258e+03 
1.640909e-01 2.644738e+03 2.628090e+03 
1.671111e-01 2.480427e+03 2.542980e+03 
1.701313e-01 2.332399e+03 2.461693e+03 
1.731515e-01 2.203910e+03 2.384010e+03 
1.761717e-01 2.096301e+03 2.309730e+03 
1.791919e-01 2.009712e+03 2.238663e+03 
1.822121e-01 1.943350e+03 2.170632e+03 
1.852323e-01 1.895531e+03 2.105472e+03 
1.882525e-01 1.863921e+03 2.043029e+03 
1.912727e-01 1.845367e+03 1.983160e+03 
1.942929e-01 1.836137e+03 1.925729e+03 
1.973131e-01 1.832042e+03 1.870610e+03 
2.003333e-01 1.828971e+03 1.817685e+03 
2.033535e-01 1.823127e+03 1.766843e+03 
2.063737e-01 1.811527e+03 1.717978e+03 
2.093939e-01 1.791992e+03 1.670994e+03 
2.124141e-01 1.763273e+03 1.625799e+03 
2.154343e-01 1.725028e+03 1.582304e+03 
2.184545e-01 1.677630e+03 1.540430e+03 
2.214747e-01 1.622315e+03 1.500098e+03 
2.244949e-01 1.560877e+03 1.461237e+03 
2.275152e-01 1.495707e+03 1.423779e+03 
2.305354e-01 1.429329e+03 1.387658e+03 
2.335556e-01 1.364266e+03 1.352814e+03 
2.365758e-01 1.302708e+03 1.319189e+03 
2.395960e-01 1.246463e+03 1.286729e+03 
2.426162e-01 1.196716e+03 1.255382e+03 
2.456364e-01 1.154178e+03 1.225100e+03 
2.486566e-01 1.119094e+03 1.195836e+03 
2.516768e-01 1.091260e+03 1.167548e+03 
2.546970e-01 1.070141e+03 1.140192e+03 
2.577172e-01 1.054794e+03 1.113731e+03 
2.607374e-01 1.044054e+03 1.088126e+03 
2.637576e-01 1.036564e+03 1.063342e+03 
2.667778e-01 1.030901e+03 1.039347e+03 
2.697980e-01 1.025650e+03 1.016106e+03 
2.728182e-01 1.019570e+03 9.935914e+02 
2.758384e-01 1.011602e+03 9.717728e+02 
2.788586e-01 1.000953e+03 9.506230e+02 
2.818788e-01 9.871216e+02 9.301157e+02 
2.848990e-01 9.698833e+02 9.102262e+02 
2.879192e-01 9.493356e+02 8.909305e+02 
2.909394e-01 9.258135e+02 8.722059e+02 
2.939596e-01 8.999557e+02 8.540310e+02 
2.969798e-01 8.725516e+02 8.363850e+02 
3.000000e-01 8.445048e+02 8.192482e+02 
