1.000000e-03 3.442199e+03 3.442196e+03 
4.020202e-03 1.163893e+04 1.173129e+04 
7.040404e-03 1.705593e+04 1.717498e+04 
1.006061e-02 2.039527e+04 2.051056e+04 
1.308081e-02 2.219426e+04 2.229995e+04 
1.610101e-02 2.284857e+04 2.290563e+04 
1.912121e-02 2.266805e+04 2.262470e+04 
2.214141e-02 2.190667e+04 2.176799e+04 
2.516162e-02 2.077773e+04 2.062742e+04 
2.818182e-02 1.945304e+04 1.941126e+04 
3.120202e-02 1.806917e+04 1.823063e+04 
3.422222e-02 1.672493e+04 1.712887e+04 
3.724242e-02 1.548600e+04 1.611492e+04 
4.026263e-02 1.439063e+04 1.518414e+04 
4.328283e-02 1.345189e+04 1.432816e+04 
4.630303e-02 1.266113e+04 1.353857e+04 
4.932323e-02 1.201423e+04 1.280803e+04 
5.234343e-02 1.148987e+04 1.213034e+04 
5.536364e-02 1.104695e+04 1.150032e+04 
5.838384e-02 1.066129e+04 1.091358e+04 
6.140404e-02 1.030852e+04 1.036633e+04 
6.442424e-02 9.962723e+03 9.855229e+03 
6.744444e-02 9.607623e+03 9.377354e+03 
7.046465e-02 9.232181e+03 8.930071e+03 
7.348485e-02 8.830833e+03 8.511007e+03 
7.650505e-02 8.405568e+03 8.118012e+03 
7.952525e-02 7.963679e+03 7.749128e+03 
8.254545e-02 7.515710e+03 7.402570e+03 
8.556566e-02 7.073798e+03 7.076705e+03 
8.858586e-02 6.649333e+03 6.770037e+03 
9.160606e-02 6.252194e+03 6.481192e+03 
9.462626e-02 5.890253e+03 6.208911e+03 
9.764646e-02 5.568918e+03 5.952036e+03 
1.006667e-01 5.291414e+03 5.709500e+03 
1.036869e-01 5.057285e+03 5.480325e+03 
1.067071e-01 4.863462e+03 5.263605e+03 
1.097273e-01 4.704003e+03 5.058508e+03 
1.127475e-01 4.571611e+03 4.864266e+03 
1.157677e-01 4.458160e+03 4.680168e+03 
1.187879e-01 4.356062e+03 4.505560e+03 
1.218081e-01 4.258328e+03 4.339835e+03 
1.248283e-01 4.159334e+03 4.182431e+03 
1.278485e-01 4.054520e+03 4.032831e+03 
1.308687e-01 3.940909e+03 3.890551e+03 
1.338889e-01 3.817264e+03 3.755146e+03 
1.369091e-01 3.684304e+03 3.626200e+03 
1.399293e-01 3.544140e+03 3.503329e+03 
1.429495e-01 3.399831e+03 3.386175e+03 
1.459697e-01 3.254810e+03 3.274404e+03 
1.489899e-01 3.112557e+03 3.167707e+03 
1.520101e-01 2.976222e+03 3.065795e+03 
1.550303e-01 2.848603e+03 2.968398e+03 
1.580505e-01 2.731940e+03 2.875264e+03 
1.610707e-01 2.627788e+03 2.786160e+03 
1.640909e-01 2.536919e+03 2.700866e+03 
1.671111e-01 2.458920e+03 2.619175e+03 
1.701313e-01 2.392511e+03 2.540898e+03 
1.731515e-01 2.335623e+03 2.465853e+03 
1.761717e-01 2.285928e+03 2.393873e+03 
1.791919e-01 2.241157e+03 2.324799e+03 
1.822121e-01 2.199183e+03 2.258483e+03 
1.852323e-01 2.158111e+03 2.194786e+03 
1.882525e-01 2.116357e+03 2.133577e+03 
1.912727e-01 2.072653e+03 2.074733e+03 
1.942929e-01 2.026114e+03 2.018139e+03 
1.973131e-01 1.976210e+03 1.963685e+03 
2.003333e-01 1.923150e+03 1.911269e+03 
2.033535e-01 1.867556e+03 1.860794e+03 
2.063737e-01 1.810546e+03 1.812170e+03 
2.093939e-01 1.753318e+03 1.765310e+03 
2.124141e-01 1.697056e+03 1.720133e+03 
2.154343e-01 1.642798e+03 1.676561e+03 
2.184545e-01 1.591418e+03 1.634524e+03 
2.214747e-01 1.543525e+03 1.593952e+03 
2.244949e-01 1.499538e+03 1.554780e+03 
2.275152e-01 1.459624e+03 1.516947e+03 
2.305354e-01 1.423761e+03 1.480394e+03 
2.335556e-01 1.391641e+03 1.445067e+03 
2.365758e-01 1.362810e+03 1.410914e+03 
2.395960e-01 1.336666e+03 1.377884e+03 
2.426162e-01 1.312537e+03 1.345930e+03 
2.456364e-01 1.289712e+03 1.315009e+03 
2.486566e-01 1.267524e+03 1.285077e+03 
2.516768e-01 1.245365e+03 1.256094e+03 
2.546970e-01 1.222789e+03 1.228022e+03 
2.577172e-01 1.199476e+03 1.200825e+03 
2.607374e-01 1.175299e+03 1.174467e+03 
2.637576e-01 1.150288e+03 1.148916e+03 
2.667778e-01 1.124634e+03 1.124140e+03 
2.697980e-01 1.098613e+03 1.100109e+03 
2.728182e-01 1.072552e+03 1.076794e+03 
2.758384e-01 1.046762e+03 1.054169e+03 
2.788586e-01 1.021550e+03 1.032207e+03 
2.818788e-01 9.972125e+02 1.010884e+03 
2.848990e-01 9.740042e+02 9.901756e+02 
2.879192e-01 9.520933e+02 9.700592e+02 
2.909394e-01 9.315794e+02 9.505134e+02 
2.939596e-01 9.124896e+02 9.315175e+02 
2.969798e-01 8.947606e+02 9.130517e+02 
3.000000e-01 8.782643e+02 8.950970e+02 
