1.000000e-03 3.546202e+03 3.546199e+03 
4.020202e-03 1.186124e+04 1.195503e+04 
7.040404e-03 1.733643e+04 1.745787e+04 
1.006061e-02 2.071345e+04 2.083152e+04 
1.308081e-02 2.253804e+04 2.264774e+04 
1.610101e-02 2.320930e+04 2.327200e+04 
1.912121e-02 2.303788e+04 2.300060e+04 
2.214141e-02 2.227932e+04 2.214293e+04 
2.516162e-02 2.114605e+04 2.099207e+04 
2.818182e-02 1.981168e+04 1.975978e+04 
3.120202e-02 1.841292e+04 1.856071e+04 
3.422222e-02 1.705027e+04 1.744047e+04 
3.724242e-02 1.579051e+04 1.640903e+04 
4.026263e-02 1.467304e+04 1.546208e+04 
4.328283e-02 1.371246e+04 1.459125e+04 
4.630303e-02 1.290046e+04 1.378799e+04 
4.932323e-02 1.223432e+04 1.304483e+04 
5.234343e-02 1.169362e+04 1.235543e+04 
5.536364e-02 1.123612e+04 1.171451e+04 
5.838384e-02 1.083926e+04 1.111758e+04 
6.140404e-02 1.047946e+04 1.056077e+04 
6.442424e-02 1.012943e+04 1.004070e+04 
6.744444e-02 9.771878e+03 9.554388e+03 
7.046465e-02 9.394964e+03 9.099153e+03 
7.348485e-02 8.992357e+03 8.672590e+03 
7.650505e-02 8.565452e+03 8.272515e+03 
7.952525e-02 8.121106e+03 7.896942e+03 
8.254545e-02 7.669631e+03 7.544060e+03 
8.556566e-02 7.223080e+03 7.212212e+03 
8.858586e-02 6.792633e+03 6.899878e+03 
9.160606e-02 6.388100e+03 6.605668e+03 
9.462626e-02 6.017556e+03 6.328302e+03 
9.764646e-02 5.686723e+03 6.066604e+03 
1.006667e-01 5.399323e+03 5.819493e+03 
1.036869e-01 5.155506e+03 5.585974e+03 
1.067071e-01 4.952875e+03 5.365130e+03 
1.097273e-01 4.785924e+03 5.156113e+03 
1.127475e-01 4.647602e+03 4.958144e+03 
1.157677e-01 4.529732e+03 4.770502e+03 
1.187879e-01 4.424608e+03 4.592521e+03 
1.218081e-01 4.325086e+03 4.423584e+03 
1.248283e-01 4.225418e+03 4.263121e+03 
1.278485e-01 4.120863e+03 4.110605e+03 
1.308687e-01 4.008298e+03 3.965545e+03 
1.338889e-01 3.886019e+03 3.827488e+03 
1.369091e-01 3.754223e+03 3.696011e+03 
1.399293e-01 3.614564e+03 3.570723e+03 
1.429495e-01 3.469971e+03 3.451260e+03 
1.459697e-01 3.323810e+03 3.337283e+03 
1.489899e-01 3.179608e+03 3.228476e+03 
1.520101e-01 3.040607e+03 3.124546e+03 
1.550303e-01 2.909745e+03 3.025217e+03 
1.580505e-01 2.789347e+03 2.930235e+03 
1.610707e-01 2.681146e+03 2.839360e+03 
1.640909e-01 2.586028e+03 2.752368e+03 
1.671111e-01 2.503918e+03 2.669052e+03 
1.701313e-01 2.433792e+03 2.589214e+03 
1.731515e-01 2.373845e+03 2.512673e+03 
1.761717e-01 2.321829e+03 2.439257e+03 
1.791919e-01 2.275464e+03 2.368804e+03 
1.822121e-01 2.232543e+03 2.301163e+03 
1.852323e-01 2.191103e+03 2.236194e+03 
1.882525e-01 2.149415e+03 2.173762e+03 
1.912727e-01 2.106082e+03 2.113742e+03 
1.942929e-01 2.060101e+03 2.056016e+03 
1.973131e-01 2.010896e+03 2.000474e+03 
2.003333e-01 1.958486e+03 1.947010e+03 
2.033535e-01 1.903334e+03 1.895527e+03 
2.063737e-01 1.846389e+03 1.845931e+03 
2.093939e-01 1.788784e+03 1.798135e+03 
2.124141e-01 1.731698e+03 1.752055e+03 
2.154343e-01 1.676234e+03 1.707614e+03 
2.184545e-01 1.623342e+03 1.664738e+03 
2.214747e-01 1.573763e+03 1.623356e+03 
2.244949e-01 1.528009e+03 1.583403e+03 
2.275152e-01 1.486332e+03 1.544816e+03 
2.305354e-01 1.448775e+03 1.507535e+03 
2.335556e-01 1.415093e+03 1.471505e+03 
2.365758e-01 1.384884e+03 1.436672e+03 
2.395960e-01 1.357587e+03 1.402985e+03 
2.426162e-01 1.332573e+03 1.370397e+03 
2.456364e-01 1.309162e+03 1.338861e+03 
2.486566e-01 1.286681e+03 1.308336e+03 
2.516768e-01 1.264490e+03 1.278779e+03 
2.546970e-01 1.242065e+03 1.250151e+03 
2.577172e-01 1.218995e+03 1.222415e+03 
2.607374e-01 1.195080e+03 1.195536e+03 
2.637576e-01 1.170262e+03 1.169480e+03 
2.667778e-01 1.144696e+03 1.144216e+03 
2.697980e-01 1.118625e+03 1.119711e+03 
2.728182e-01 1.092379e+03 1.095937e+03 
2.758384e-01 1.066281e+03 1.072867e+03 
2.788586e-01 1.040637e+03 1.050474e+03 
2.818788e-01 1.015730e+03 1.028732e+03 
2.848990e-01 9.918245e+02 1.007618e+03 
2.879192e-01 9.691229e+02 9.871075e+02 
2.909394e-01 9.477839e+02 9.671793e+02 
2.939596e-01 9.278844e+02 9.478123e+02 
2.969798e-01 9.094249e+02 9.289861e+02 
3.000000e-01 8.922849e+02 9.106816e+02 
