1.000000e-03 2.863669e+03 2.863666e+03 
4.020202e-03 9.495147e+03 9.571600e+03 
7.040404e-03 1.376840e+04 1.385023e+04 
1.006061e-02 1.637110e+04 1.640560e+04 
1.308081e-02 1.779507e+04 1.776100e+04 
1.610101e-02 1.838261e+04 1.826765e+04 
1.912121e-02 1.838313e+04 1.819745e+04 
2.214141e-02 1.798736e+04 1.777727e+04 
2.516162e-02 1.734167e+04 1.717393e+04 
2.818182e-02 1.655944e+04 1.648921e+04 
3.120202e-02 1.572409e+04 1.577743e+04 
3.422222e-02 1.489365e+04 1.506619e+04 
3.724242e-02 1.410484e+04 1.436975e+04 
4.026263e-02 1.337718e+04 1.369577e+04 
4.328283e-02 1.271694e+04 1.304844e+04 
4.630303e-02 1.211973e+04 1.242995e+04 
4.932323e-02 1.157981e+04 1.184124e+04 
5.234343e-02 1.108646e+04 1.128243e+04 
5.536364e-02 1.062218e+04 1.075306e+04 
5.838384e-02 1.017563e+04 1.025233e+04 
6.140404e-02 9.740033e+03 9.779149e+03 
6.442424e-02 9.311268e+03 9.332318e+03 
6.744444e-02 8.887406e+03 8.910536e+03 
7.046465e-02 8.468743e+03 8.512473e+03 
7.348485e-02 8.058708e+03 8.136799e+03 
7.650505e-02 7.662204e+03 7.782211e+03 
7.952525e-02 7.284830e+03 7.447444e+03 
8.254545e-02 6.930881e+03 7.131289e+03 
8.556566e-02 6.603189e+03 6.832593e+03 
8.858586e-02 6.302604e+03 6.550264e+03 
9.160606e-02 6.028988e+03 6.283274e+03 
9.462626e-02 5.781446e+03 6.030657e+03 
9.764646e-02 5.558262e+03 5.791507e+03 
1.006667e-01 5.356661e+03 5.564977e+03 
1.036869e-01 5.172571e+03 5.350275e+03 
1.067071e-01 5.001241e+03 5.146663e+03 
1.097273e-01 4.837808e+03 4.953452e+03 
1.127475e-01 4.678974e+03 4.770001e+03 
1.157677e-01 4.522398e+03 4.595711e+03 
1.187879e-01 4.367132e+03 4.430026e+03 
1.218081e-01 4.212994e+03 4.272426e+03 
1.248283e-01 4.060528e+03 4.122428e+03 
1.278485e-01 3.910685e+03 3.979582e+03 
1.308687e-01 3.764867e+03 3.843468e+03 
1.338889e-01 3.624652e+03 3.713694e+03 
1.369091e-01 3.491312e+03 3.589895e+03 
1.399293e-01 3.365886e+03 3.471729e+03 
1.429495e-01 3.248681e+03 3.358879e+03 
1.459697e-01 3.139629e+03 3.251048e+03 
1.489899e-01 3.038331e+03 3.147957e+03 
1.520101e-01 2.944241e+03 3.049346e+03 
1.550303e-01 2.856814e+03 2.954973e+03 
1.580505e-01 2.775442e+03 2.864610e+03 
1.610707e-01 2.699075e+03 2.778043e+03 
1.640909e-01 2.626490e+03 2.695074e+03 
1.671111e-01 2.556507e+03 2.615513e+03 
1.701313e-01 2.488061e+03 2.539187e+03 
1.731515e-01 2.420674e+03 2.465929e+03 
1.761717e-01 2.354160e+03 2.395584e+03 
1.791919e-01 2.288672e+03 2.328007e+03 
1.822121e-01 2.224482e+03 2.263060e+03 
1.852323e-01 2.161761e+03 2.200615e+03 
1.882525e-01 2.100658e+03 2.140551e+03 
1.912727e-01 2.041404e+03 2.082752e+03 
1.942929e-01 1.984261e+03 2.027110e+03 
1.973131e-01 1.929502e+03 1.973525e+03 
2.003333e-01 1.877374e+03 1.921900e+03 
2.033535e-01 1.827962e+03 1.872144e+03 
2.063737e-01 1.781253e+03 1.824173e+03 
2.093939e-01 1.737002e+03 1.777904e+03 
2.124141e-01 1.694891e+03 1.733261e+03 
2.154343e-01 1.654629e+03 1.690173e+03 
2.184545e-01 1.615946e+03 1.648569e+03 
2.214747e-01 1.578627e+03 1.608387e+03 
2.244949e-01 1.542482e+03 1.569563e+03 
2.275152e-01 1.507346e+03 1.532040e+03 
2.305354e-01 1.473075e+03 1.495763e+03 
2.335556e-01 1.439600e+03 1.460679e+03 
2.365758e-01 1.406878e+03 1.426737e+03 
2.395960e-01 1.374894e+03 1.393892e+03 
2.426162e-01 1.343646e+03 1.362098e+03 
2.456364e-01 1.313170e+03 1.331311e+03 
2.486566e-01 1.283508e+03 1.301493e+03 
2.516768e-01 1.254720e+03 1.272603e+03 
2.546970e-01 1.226866e+03 1.244605e+03 
2.577172e-01 1.199991e+03 1.217464e+03 
2.607374e-01 1.174122e+03 1.191147e+03 
2.637576e-01 1.149213e+03 1.165621e+03 
2.667778e-01 1.125199e+03 1.140858e+03 
2.697980e-01 1.102014e+03 1.116826e+03 
2.728182e-01 1.079595e+03 1.093500e+03 
2.758384e-01 1.057881e+03 1.070852e+03 
2.788586e-01 1.036814e+03 1.048858e+03 
2.818788e-01 1.016344e+03 1.027493e+03 
2.848990e-01 9.964250e+02 1.006735e+03 
2.879192e-01 9.770029e+02 9.865613e+02 
2.909394e-01 9.580328e+02 9.669510e+02 
2.939596e-01 9.395016e+02 9.478842e+02 
2.969798e-01 9.214051e+02 9.293416e+02 
3.000000e-01 9.037448e+02 9.113049e+02 
