1.000000e-03 5.518382e+03 5.518377e+03 
4.020202e-03 1.817096e+04 1.831540e+04 
7.040404e-03 2.643972e+04 2.665342e+04 
1.006061e-02 3.147086e+04 3.175849e+04 
1.308081e-02 3.406328e+04 3.446449e+04 
1.610101e-02 3.480165e+04 3.525260e+04 
1.912121e-02 3.415576e+04 3.447763e+04 
2.214141e-02 3.252574e+04 3.256230e+04 
2.516162e-02 3.026004e+04 3.001858e+04 
2.818182e-02 2.765505e+04 2.731459e+04 
3.120202e-02 2.495160e+04 2.475600e+04 
3.422222e-02 2.233308e+04 2.247765e+04 
3.724242e-02 1.992563e+04 2.050256e+04 
4.026263e-02 1.780751e+04 1.880216e+04 
4.328283e-02 1.600408e+04 1.733297e+04 
4.630303e-02 1.451878e+04 1.605302e+04 
4.932323e-02 1.334833e+04 1.492721e+04 
5.234343e-02 1.245054e+04 1.392771e+04 
5.536364e-02 1.177460e+04 1.303295e+04 
5.838384e-02 1.127346e+04 1.222622e+04 
6.140404e-02 1.090517e+04 1.149445e+04 
6.442424e-02 1.062236e+04 1.082730e+04 
6.744444e-02 1.038065e+04 1.021644e+04 
7.046465e-02 1.014424e+04 9.655088e+03 
7.348485e-02 9.883080e+03 9.137611e+03 
7.650505e-02 9.575743e+03 8.659280e+03 
7.952525e-02 9.210579e+03 8.216071e+03 
8.254545e-02 8.786186e+03 7.804527e+03 
8.556566e-02 8.310042e+03 7.421648e+03 
8.858586e-02 7.795605e+03 7.064811e+03 
9.160606e-02 7.260240e+03 6.731707e+03 
9.462626e-02 6.723414e+03 6.420291e+03 
9.764646e-02 6.204132e+03 6.128743e+03 
1.006667e-01 5.719693e+03 5.855438e+03 
1.036869e-01 5.283530e+03 5.598914e+03 
1.067071e-01 4.905089e+03 5.357857e+03 
1.097273e-01 4.588171e+03 5.131081e+03 
1.127475e-01 4.332861e+03 4.917510e+03 
1.157677e-01 4.134933e+03 4.716169e+03 
1.187879e-01 3.988148e+03 4.526171e+03 
1.218081e-01 3.884406e+03 4.346704e+03 
1.248283e-01 3.814749e+03 4.177032e+03 
1.278485e-01 3.769589e+03 4.016477e+03 
1.308687e-01 3.738913e+03 3.864420e+03 
1.338889e-01 3.712809e+03 3.720293e+03 
1.369091e-01 3.682194e+03 3.583571e+03 
1.399293e-01 3.639424e+03 3.453774e+03 
1.429495e-01 3.578925e+03 3.330459e+03 
1.459697e-01 3.497656e+03 3.213216e+03 
1.489899e-01 3.394761e+03 3.101667e+03 
1.520101e-01 3.271786e+03 2.995462e+03 
1.550303e-01 3.131789e+03 2.894278e+03 
1.580505e-01 2.979626e+03 2.797813e+03 
1.610707e-01 2.820913e+03 2.705790e+03 
1.640909e-01 2.661863e+03 2.617949e+03 
1.671111e-01 2.508319e+03 2.534050e+03 
1.701313e-01 2.365557e+03 2.453869e+03 
1.731515e-01 2.237273e+03 2.377197e+03 
1.761717e-01 2.125999e+03 2.303839e+03 
1.791919e-01 2.032624e+03 2.233615e+03 
1.822121e-01 1.957059e+03 2.166353e+03 
1.852323e-01 1.898241e+03 2.101896e+03 
1.882525e-01 1.854476e+03 2.040095e+03 
1.912727e-01 1.823590e+03 1.980812e+03 
1.942929e-01 1.802868e+03 1.923916e+03 
1.973131e-01 1.789299e+03 1.869285e+03 
2.003333e-01 1.779568e+03 1.816805e+03 
2.033535e-01 1.770444e+03 1.766368e+03 
2.063737e-01 1.758905e+03 1.717873e+03 
2.093939e-01 1.742568e+03 1.671225e+03 
2.124141e-01 1.719629e+03 1.626335e+03 
2.154343e-01 1.689213e+03 1.583119e+03 
2.184545e-01 1.651077e+03 1.541497e+03 
2.214747e-01 1.605783e+03 1.501394e+03 
2.244949e-01 1.554404e+03 1.462740e+03 
2.275152e-01 1.498498e+03 1.425468e+03 
2.305354e-01 1.439913e+03 1.389516e+03 
2.335556e-01 1.380634e+03 1.354824e+03 
2.365758e-01 1.322579e+03 1.321335e+03 
2.395960e-01 1.267489e+03 1.288997e+03 
2.426162e-01 1.216771e+03 1.257760e+03 
2.456364e-01 1.171458e+03 1.227574e+03 
2.486566e-01 1.132191e+03 1.198397e+03 
2.516768e-01 1.099185e+03 1.170183e+03 
2.546970e-01 1.072332e+03 1.142894e+03 
2.577172e-01 1.051122e+03 1.116490e+03 
2.607374e-01 1.034811e+03 1.090934e+03 
2.637576e-01 1.022409e+03 1.066193e+03 
2.667778e-01 1.012822e+03 1.042232e+03 
2.697980e-01 1.004887e+03 1.019021e+03 
2.728182e-01 9.975046e+02 9.965300e+02 
2.758384e-01 9.896498e+02 9.747296e+02 
2.788586e-01 9.804666e+02 9.535932e+02 
2.818788e-01 9.692631e+02 9.330951e+02 
2.848990e-01 9.555835e+02 9.132105e+02 
2.879192e-01 9.392100e+02 8.939162e+02 
2.909394e-01 9.201563e+02 8.751896e+02 
2.939596e-01 8.987061e+02 8.570095e+02 
2.969798e-01 8.753168e+02 8.393555e+02 
3.000000e-01 8.506252e+02 8.222082e+02 
