1.000000e-03 3.457281e+03 3.457278e+03 
4.020202e-03 1.138168e+04 1.147171e+04 
7.040404e-03 1.649552e+04 1.660385e+04 
1.006061e-02 1.959701e+04 1.968342e+04 
1.308081e-02 2.124557e+04 2.129718e+04 
1.610101e-02 2.183813e+04 2.182394e+04 
1.912121e-02 2.167517e+04 2.156896e+04 
2.214141e-02 2.099603e+04 2.082722e+04 
2.516162e-02 1.999509e+04 1.985075e+04 
2.818182e-02 1.882660e+04 1.880597e+04 
3.120202e-02 1.760867e+04 1.777799e+04 
3.422222e-02 1.642618e+04 1.680091e+04 
3.724242e-02 1.533361e+04 1.588426e+04 
4.026263e-02 1.436080e+04 1.502779e+04 
4.328283e-02 1.351793e+04 1.422810e+04 
4.630303e-02 1.279649e+04 1.348111e+04 
4.932323e-02 1.218538e+04 1.278287e+04 
5.234343e-02 1.166818e+04 1.212977e+04 
5.536364e-02 1.121220e+04 1.151852e+04 
5.838384e-02 1.079348e+04 1.094613e+04 
6.140404e-02 1.039477e+04 1.040984e+04 
6.442424e-02 9.998359e+03 9.907091e+03 
6.744444e-02 9.592895e+03 9.435534e+03 
7.046465e-02 9.172937e+03 8.992971e+03 
7.348485e-02 8.738192e+03 8.577368e+03 
7.650505e-02 8.293979e+03 8.186832e+03 
7.952525e-02 7.848990e+03 7.819609e+03 
8.254545e-02 7.413436e+03 7.474074e+03 
8.556566e-02 6.996898e+03 7.148717e+03 
8.858586e-02 6.607294e+03 6.842144e+03 
9.160606e-02 6.250356e+03 6.553064e+03 
9.462626e-02 5.930193e+03 6.280282e+03 
9.764646e-02 5.648816e+03 6.022692e+03 
1.006667e-01 5.406103e+03 5.779273e+03 
1.036869e-01 5.199199e+03 5.549080e+03 
1.067071e-01 5.023007e+03 5.331238e+03 
1.097273e-01 4.870593e+03 5.124938e+03 
1.127475e-01 4.734328e+03 4.929433e+03 
1.157677e-01 4.607410e+03 4.744029e+03 
1.187879e-01 4.483870e+03 4.568083e+03 
1.218081e-01 4.359410e+03 4.401002e+03 
1.248283e-01 4.230898e+03 4.242232e+03 
1.278485e-01 4.096757e+03 4.091263e+03 
1.308687e-01 3.956669e+03 3.947620e+03 
1.338889e-01 3.811625e+03 3.810860e+03 
1.369091e-01 3.663799e+03 3.680573e+03 
1.399293e-01 3.516143e+03 3.556379e+03 
1.429495e-01 3.371562e+03 3.437921e+03 
1.459697e-01 3.232783e+03 3.324869e+03 
1.489899e-01 3.101915e+03 3.216915e+03 
1.520101e-01 2.980677e+03 3.113770e+03 
1.550303e-01 2.870220e+03 3.015167e+03 
1.580505e-01 2.771180e+03 2.920854e+03 
1.610707e-01 2.683484e+03 2.830598e+03 
1.640909e-01 2.606331e+03 2.744180e+03 
1.671111e-01 2.538205e+03 2.661394e+03 
1.701313e-01 2.477096e+03 2.582048e+03 
1.731515e-01 2.420748e+03 2.505963e+03 
1.761717e-01 2.367234e+03 2.432969e+03 
1.791919e-01 2.314893e+03 2.362909e+03 
1.822121e-01 2.262552e+03 2.295633e+03 
1.852323e-01 2.209318e+03 2.231002e+03 
1.882525e-01 2.154665e+03 2.168886e+03 
1.912727e-01 2.098357e+03 2.109159e+03 
1.942929e-01 2.040509e+03 2.051707e+03 
1.973131e-01 1.981585e+03 1.996419e+03 
2.003333e-01 1.922364e+03 1.943193e+03 
2.033535e-01 1.863800e+03 1.891931e+03 
2.063737e-01 1.806901e+03 1.842542e+03 
2.093939e-01 1.752426e+03 1.794938e+03 
2.124141e-01 1.700978e+03 1.749038e+03 
2.154343e-01 1.652916e+03 1.704765e+03 
2.184545e-01 1.608428e+03 1.662046e+03 
2.214747e-01 1.567442e+03 1.620811e+03 
2.244949e-01 1.529760e+03 1.580996e+03 
2.275152e-01 1.495056e+03 1.542537e+03 
2.305354e-01 1.462891e+03 1.505377e+03 
2.335556e-01 1.432742e+03 1.469459e+03 
2.365758e-01 1.404082e+03 1.434732e+03 
2.395960e-01 1.376398e+03 1.401144e+03 
2.426162e-01 1.349248e+03 1.368648e+03 
2.456364e-01 1.322255e+03 1.337200e+03 
2.486566e-01 1.295158e+03 1.306756e+03 
2.516768e-01 1.267794e+03 1.277275e+03 
2.546970e-01 1.240134e+03 1.248719e+03 
2.577172e-01 1.212270e+03 1.221051e+03 
2.607374e-01 1.184421e+03 1.194236e+03 
2.637576e-01 1.156843e+03 1.168239e+03 
2.667778e-01 1.129809e+03 1.143030e+03 
2.697980e-01 1.103540e+03 1.118578e+03 
2.728182e-01 1.078223e+03 1.094854e+03 
2.758384e-01 1.053970e+03 1.071830e+03 
2.788586e-01 1.030862e+03 1.049480e+03 
2.818788e-01 1.008941e+03 1.027780e+03 
2.848990e-01 9.882107e+02 1.006704e+03 
2.879192e-01 9.686150e+02 9.862296e+02 
2.909394e-01 9.500539e+02 9.663356e+02 
2.939596e-01 9.323829e+02 9.470007e+02 
2.969798e-01 9.154371e+02 9.282048e+02 
3.000000e-01 8.990430e+02 9.099287e+02 
