1.000000e-03 5.506613e+03 5.506609e+03 
4.020202e-03 1.819900e+04 1.843607e+04 
7.040404e-03 2.641165e+04 2.690777e+04 
1.006061e-02 3.132710e+04 3.220047e+04 
1.308081e-02 3.378209e+04 3.531823e+04 
1.610101e-02 3.438729e+04 3.695400e+04 
1.912121e-02 3.363010e+04 3.758446e+04 
2.214141e-02 3.192219e+04 3.753893e+04 
2.516162e-02 2.961858e+04 3.704298e+04 
2.818182e-02 2.701554e+04 3.625044e+04 
3.120202e-02 2.435070e+04 3.526697e+04 
3.422222e-02 2.180054e+04 3.416595e+04 
3.724242e-02 1.948290e+04 3.299874e+04 
4.026263e-02 1.746691e+04 3.180142e+04 
4.328283e-02 1.576801e+04 3.059927e+04 
4.630303e-02 1.438499e+04 2.940989e+04 
4.932323e-02 1.331150e+04 2.824534e+04 
5.234343e-02 1.249513e+04 2.711372e+04 
5.536364e-02 1.188409e+04 2.602023e+04 
5.838384e-02 1.143230e+04 2.496799e+04 
6.140404e-02 1.108958e+04 2.395862e+04 
6.442424e-02 1.080940e+04 2.299265e+04 
6.744444e-02 1.055130e+04 2.206984e+04 
7.046465e-02 1.028170e+04 2.118941e+04 
7.348485e-02 9.974375e+03 2.035022e+04 
7.650505e-02 9.612728e+03 1.955087e+04 
7.952525e-02 9.190519e+03 1.878979e+04 
8.254545e-02 8.711961e+03 1.806536e+04 
8.556566e-02 8.189602e+03 1.737589e+04 
8.858586e-02 7.641047e+03 1.671969e+04 
9.160606e-02 7.086528e+03 1.609511e+04 
9.462626e-02 6.546573e+03 1.550053e+04 
9.764646e-02 6.039509e+03 1.493438e+04 
1.006667e-01 5.580210e+03 1.439514e+04 
1.036869e-01 5.178714e+03 1.388139e+04 
1.067071e-01 4.840809e+03 1.339174e+04 
1.097273e-01 4.566498e+03 1.292489e+04 
1.127475e-01 4.352516e+03 1.247961e+04 
1.157677e-01 4.192220e+03 1.205473e+04 
1.187879e-01 4.077405e+03 1.164913e+04 
1.218081e-01 3.998540e+03 1.126179e+04 
1.248283e-01 3.945191e+03 1.089171e+04 
1.278485e-01 3.906539e+03 1.053797e+04 
1.308687e-01 3.872124e+03 1.019970e+04 
1.338889e-01 3.832449e+03 9.876079e+03 
1.369091e-01 3.779794e+03 9.566337e+03 
1.399293e-01 3.708853e+03 9.269747e+03 
1.429495e-01 3.616768e+03 8.985625e+03 
1.459697e-01 3.503421e+03 8.713327e+03 
1.489899e-01 3.370501e+03 8.452248e+03 
1.520101e-01 3.221666e+03 8.201819e+03 
1.550303e-01 3.061764e+03 7.961503e+03 
1.580505e-01 2.896892e+03 7.730794e+03 
1.610707e-01 2.733418e+03 7.509217e+03 
1.640909e-01 2.577612e+03 7.296322e+03 
1.671111e-01 2.434396e+03 7.091686e+03 
1.701313e-01 2.307491e+03 6.894911e+03 
1.731515e-01 2.198712e+03 6.705620e+03 
1.761717e-01 2.108591e+03 6.523458e+03 
1.791919e-01 2.036348e+03 6.348089e+03 
1.822121e-01 1.980523e+03 6.179196e+03 
1.852323e-01 1.939156e+03 6.016480e+03 
1.882525e-01 1.909707e+03 5.859658e+03 
1.912727e-01 1.889264e+03 5.708462e+03 
1.942929e-01 1.874478e+03 5.562638e+03 
1.973131e-01 1.861905e+03 5.421947e+03 
2.003333e-01 1.848136e+03 5.286161e+03 
2.033535e-01 1.830383e+03 5.155066e+03 
2.063737e-01 1.806467e+03 5.028457e+03 
2.093939e-01 1.775296e+03 4.906141e+03 
2.124141e-01 1.736478e+03 4.787934e+03 
2.154343e-01 1.690438e+03 4.673662e+03 
2.184545e-01 1.638141e+03 4.563161e+03 
2.214747e-01 1.581009e+03 4.456272e+03 
2.244949e-01 1.520846e+03 4.352847e+03 
2.275152e-01 1.459620e+03 4.252744e+03 
2.305354e-01 1.399327e+03 4.155828e+03 
2.335556e-01 1.341818e+03 4.061970e+03 
2.365758e-01 1.288675e+03 3.971049e+03 
2.395960e-01 1.241006e+03 3.882947e+03 
2.426162e-01 1.199491e+03 3.797555e+03 
2.456364e-01 1.164318e+03 3.714767e+03 
2.486566e-01 1.135360e+03 3.634482e+03 
2.516768e-01 1.112107e+03 3.556604e+03 
2.546970e-01 1.093807e+03 3.481041e+03 
2.577172e-01 1.079476e+03 3.407707e+03 
2.607374e-01 1.067996e+03 3.336518e+03 
2.637576e-01 1.058187e+03 3.267394e+03 
2.667778e-01 1.048881e+03 3.200259e+03 
2.697980e-01 1.039006e+03 3.135040e+03 
2.728182e-01 1.027696e+03 3.071668e+03 
2.758384e-01 1.014310e+03 3.010077e+03 
2.788586e-01 9.984475e+02 2.950203e+03 
2.818788e-01 9.799919e+02 2.891984e+03 
2.848990e-01 9.590340e+02 2.835363e+03 
2.879192e-01 9.359219e+02 2.780285e+03 
2.909394e-01 9.111424e+02 2.726694e+03 
2.939596e-01 8.853211e+02 2.674542e+03 
2.969798e-01 8.591337e+02 2.623777e+03 
3.000000e-01 8.332789e+02 2.574353e+03 
