1.000000e-03 3.676925e+03 3.676922e+03 
4.020202e-03 1.228509e+04 1.238231e+04 
7.040404e-03 1.792166e+04 1.804614e+04 
1.006061e-02 2.137170e+04 2.149125e+04 
1.308081e-02 2.321158e+04 2.331991e+04 
1.610101e-02 2.386053e+04 2.391697e+04 
1.912121e-02 2.364452e+04 2.359624e+04 
2.214141e-02 2.283035e+04 2.268365e+04 
2.516162e-02 2.163849e+04 2.148271e+04 
2.818182e-02 2.024917e+04 2.020807e+04 
3.120202e-02 1.880211e+04 1.897323e+04 
3.422222e-02 1.739982e+04 1.782188e+04 
3.724242e-02 1.610940e+04 1.676263e+04 
4.026263e-02 1.496954e+04 1.579038e+04 
4.328283e-02 1.399291e+04 1.489634e+04 
4.630303e-02 1.317011e+04 1.407173e+04 
4.932323e-02 1.249673e+04 1.330890e+04 
5.234343e-02 1.194921e+04 1.260141e+04 
5.536364e-02 1.148469e+04 1.194384e+04 
5.838384e-02 1.107914e+04 1.133159e+04 
6.140404e-02 1.070730e+04 1.076069e+04 
6.442424e-02 1.034232e+04 1.022766e+04 
6.744444e-02 9.967435e+03 9.729423e+03 
7.046465e-02 9.571516e+03 9.263208e+03 
7.348485e-02 9.149360e+03 8.826527e+03 
7.650505e-02 8.703421e+03 8.417120e+03 
7.952525e-02 8.241609e+03 8.032934e+03 
8.254545e-02 7.775044e+03 7.672092e+03 
8.556566e-02 7.316280e+03 7.332880e+03 
8.858586e-02 6.876803e+03 7.013729e+03 
9.160606e-02 6.466517e+03 6.713198e+03 
9.462626e-02 6.093332e+03 6.429965e+03 
9.764646e-02 5.762549e+03 6.162817e+03 
1.006667e-01 5.477183e+03 5.910637e+03 
1.036869e-01 5.236706e+03 5.672397e+03 
1.067071e-01 5.037658e+03 5.447152e+03 
1.097273e-01 4.873564e+03 5.234029e+03 
1.127475e-01 4.736676e+03 5.032224e+03 
1.157677e-01 4.618600e+03 4.840995e+03 
1.187879e-01 4.511525e+03 4.659656e+03 
1.218081e-01 4.408326e+03 4.487573e+03 
1.248283e-01 4.303392e+03 4.324160e+03 
1.278485e-01 4.192267e+03 4.168873e+03 
1.308687e-01 4.072079e+03 4.021210e+03 
1.338889e-01 3.941771e+03 3.880705e+03 
1.369091e-01 3.802139e+03 3.746923e+03 
1.399293e-01 3.655529e+03 3.619464e+03 
1.429495e-01 3.505218e+03 3.497953e+03 
1.459697e-01 3.354800e+03 3.382043e+03 
1.489899e-01 3.207832e+03 3.271411e+03 
1.520101e-01 3.067475e+03 3.165755e+03 
1.550303e-01 2.936505e+03 3.064794e+03 
1.580505e-01 2.817148e+03 2.968266e+03 
1.610707e-01 2.710854e+03 2.875926e+03 
1.640909e-01 2.618267e+03 2.787546e+03 
1.671111e-01 2.538794e+03 2.702912e+03 
1.701313e-01 2.471032e+03 2.621824e+03 
1.731515e-01 2.412764e+03 2.544095e+03 
1.761717e-01 2.361572e+03 2.469548e+03 
1.791919e-01 2.315126e+03 2.398020e+03 
1.822121e-01 2.271273e+03 2.329357e+03 
1.852323e-01 2.228102e+03 2.263413e+03 
1.882525e-01 2.184021e+03 2.200052e+03 
1.912727e-01 2.137745e+03 2.139146e+03 
1.942929e-01 2.088481e+03 2.080575e+03 
1.973131e-01 2.035833e+03 2.024226e+03 
2.003333e-01 1.980114e+03 1.969991e+03 
2.033535e-01 1.922028e+03 1.917771e+03 
2.063737e-01 1.862752e+03 1.867470e+03 
2.093939e-01 1.803507e+03 1.819000e+03 
2.124141e-01 1.745483e+03 1.772275e+03 
2.154343e-01 1.689717e+03 1.727215e+03 
2.184545e-01 1.637086e+03 1.683747e+03 
2.214747e-01 1.588177e+03 1.641797e+03 
2.244949e-01 1.543375e+03 1.601299e+03 
2.275152e-01 1.502789e+03 1.562189e+03 
2.305354e-01 1.466326e+03 1.524407e+03 
2.335556e-01 1.433621e+03 1.487895e+03 
2.365758e-01 1.404170e+03 1.452598e+03 
2.395960e-01 1.377344e+03 1.418467e+03 
2.426162e-01 1.352448e+03 1.385450e+03 
2.456364e-01 1.328760e+03 1.353503e+03 
2.486566e-01 1.305608e+03 1.322581e+03 
2.516768e-01 1.282391e+03 1.292643e+03 
2.546970e-01 1.258674e+03 1.263647e+03 
2.577172e-01 1.234165e+03 1.235557e+03 
2.607374e-01 1.208778e+03 1.208337e+03 
2.637576e-01 1.182591e+03 1.181952e+03 
2.667778e-01 1.155832e+03 1.156370e+03 
2.697980e-01 1.128794e+03 1.131559e+03 
2.728182e-01 1.101803e+03 1.107490e+03 
2.758384e-01 1.075194e+03 1.084134e+03 
2.788586e-01 1.049285e+03 1.061465e+03 
2.818788e-01 1.024344e+03 1.039457e+03 
2.848990e-01 1.000599e+03 1.018085e+03 
2.879192e-01 9.782264e+02 9.973254e+02 
2.909394e-01 9.573159e+02 9.771564e+02 
2.939596e-01 9.378746e+02 9.575564e+02 
2.969798e-01 9.198086e+02 9.385048e+02 
3.000000e-01 9.029639e+02 9.199820e+02 
