1.000000e-03 4.958015e+03 4.958011e+03 
4.020202e-03 1.640261e+04 1.653296e+04 
7.040404e-03 2.376945e+04 2.394910e+04 
1.006061e-02 2.815511e+04 2.837094e+04 
1.308081e-02 3.033947e+04 3.060412e+04 
1.610101e-02 3.088973e+04 3.113287e+04 
1.912121e-02 3.025094e+04 3.034617e+04 
2.214141e-02 2.879583e+04 2.868749e+04 
2.516162e-02 2.683849e+04 2.661922e+04 
2.818182e-02 2.463769e+04 2.449749e+04 
3.120202e-02 2.239689e+04 2.251689e+04 
3.422222e-02 2.026371e+04 2.074551e+04 
3.724242e-02 1.833440e+04 1.918421e+04 
4.026263e-02 1.666365e+04 1.780859e+04 
4.328283e-02 1.525963e+04 1.658956e+04 
4.630303e-02 1.411607e+04 1.550105e+04 
4.932323e-02 1.322773e+04 1.452181e+04 
5.234343e-02 1.254208e+04 1.363504e+04 
5.536364e-02 1.201068e+04 1.282753e+04 
5.838384e-02 1.159529e+04 1.208877e+04 
6.140404e-02 1.124737e+04 1.141033e+04 
6.442424e-02 1.092829e+04 1.078526e+04 
6.744444e-02 1.060751e+04 1.020779e+04 
7.046465e-02 1.025985e+04 9.673050e+03 
7.348485e-02 9.869474e+03 9.176835e+03 
7.650505e-02 9.429932e+03 8.715521e+03 
7.952525e-02 8.944008e+03 8.285933e+03 
8.254545e-02 8.423265e+03 7.885271e+03 
8.556566e-02 7.883927e+03 7.511055e+03 
8.858586e-02 7.344341e+03 7.161069e+03 
9.160606e-02 6.822916e+03 6.833331e+03 
9.462626e-02 6.335567e+03 6.526059e+03 
9.764646e-02 5.895371e+03 6.237644e+03 
1.006667e-01 5.510895e+03 5.966633e+03 
1.036869e-01 5.186403e+03 5.711708e+03 
1.067071e-01 4.921844e+03 5.471669e+03 
1.097273e-01 4.712781e+03 5.245428e+03 
1.127475e-01 4.552139e+03 5.031988e+03 
1.157677e-01 4.430987e+03 4.830442e+03 
1.187879e-01 4.339548e+03 4.639957e+03 
1.218081e-01 4.267324e+03 4.459772e+03 
1.248283e-01 4.204148e+03 4.289188e+03 
1.278485e-01 4.140462e+03 4.127561e+03 
1.308687e-01 4.068474e+03 3.974301e+03 
1.338889e-01 3.982095e+03 3.828863e+03 
1.369091e-01 3.878432e+03 3.690745e+03 
1.399293e-01 3.756672e+03 3.559484e+03 
1.429495e-01 3.618476e+03 3.434649e+03 
1.459697e-01 3.466945e+03 3.315846e+03 
1.489899e-01 3.306380e+03 3.202707e+03 
1.520101e-01 3.141905e+03 3.094891e+03 
1.550303e-01 2.978996e+03 2.992083e+03 
1.580505e-01 2.823077e+03 2.893988e+03 
1.610707e-01 2.678957e+03 2.800334e+03 
1.640909e-01 2.550303e+03 2.710867e+03 
1.671111e-01 2.439134e+03 2.625351e+03 
1.701313e-01 2.345896e+03 2.543564e+03 
1.731515e-01 2.269625e+03 2.465301e+03 
1.761717e-01 2.208566e+03 2.390370e+03 
1.791919e-01 2.160380e+03 2.318591e+03 
1.822121e-01 2.122479e+03 2.249797e+03 
1.852323e-01 2.092046e+03 2.183830e+03 
1.882525e-01 2.066080e+03 2.120542e+03 
1.912727e-01 2.041467e+03 2.059797e+03 
1.942929e-01 2.015323e+03 2.001464e+03 
1.973131e-01 1.985129e+03 1.945422e+03 
2.003333e-01 1.949264e+03 1.891556e+03 
2.033535e-01 1.906894e+03 1.839760e+03 
2.063737e-01 1.858211e+03 1.789933e+03 
2.093939e-01 1.804046e+03 1.741979e+03 
2.124141e-01 1.745721e+03 1.695809e+03 
2.154343e-01 1.684775e+03 1.651338e+03 
2.184545e-01 1.622857e+03 1.608488e+03 
2.214747e-01 1.561692e+03 1.567182e+03 
2.244949e-01 1.502903e+03 1.527351e+03 
2.275152e-01 1.447911e+03 1.488927e+03 
2.305354e-01 1.397811e+03 1.451847e+03 
2.335556e-01 1.353364e+03 1.416052e+03 
2.365758e-01 1.314788e+03 1.381484e+03 
2.395960e-01 1.281957e+03 1.348090e+03 
2.426162e-01 1.254373e+03 1.315819e+03 
2.456364e-01 1.231322e+03 1.284623e+03 
2.486566e-01 1.211863e+03 1.254456e+03 
2.516768e-01 1.194975e+03 1.225276e+03 
2.546970e-01 1.179597e+03 1.197041e+03 
2.577172e-01 1.164693e+03 1.169712e+03 
2.607374e-01 1.149305e+03 1.143251e+03 
2.637576e-01 1.132687e+03 1.117625e+03 
2.667778e-01 1.114314e+03 1.092799e+03 
2.697980e-01 1.093946e+03 1.068741e+03 
2.728182e-01 1.071575e+03 1.045421e+03 
2.758384e-01 1.047388e+03 1.022811e+03 
2.788586e-01 1.021777e+03 1.000882e+03 
2.818788e-01 9.952272e+02 9.796082e+02 
2.848990e-01 9.682870e+02 9.589650e+02 
2.879192e-01 9.415219e+02 9.389283e+02 
2.909394e-01 9.155031e+02 9.194754e+02 
2.939596e-01 8.907228e+02 9.005846e+02 
2.969798e-01 8.675914e+02 8.822350e+02 
3.000000e-01 8.463806e+02 8.644070e+02 
