1.000000e-03 2.034548e+03 2.034546e+03 
4.020202e-03 6.882046e+03 6.940228e+03 
7.040404e-03 1.015580e+04 1.022212e+04 
1.006061e-02 1.228220e+04 1.230572e+04 
1.308081e-02 1.358695e+04 1.354349e+04 
1.610101e-02 1.430064e+04 1.418551e+04 
1.912121e-02 1.459068e+04 1.441679e+04 
2.214141e-02 1.458109e+04 1.437672e+04 
2.516162e-02 1.436546e+04 1.416361e+04 
2.818182e-02 1.401525e+04 1.384195e+04 
3.120202e-02 1.358288e+04 1.345319e+04 
3.422222e-02 1.310649e+04 1.302447e+04 
3.724242e-02 1.261243e+04 1.257413e+04 
4.026263e-02 1.211895e+04 1.211480e+04 
4.328283e-02 1.162871e+04 1.165529e+04 
4.630303e-02 1.115411e+04 1.120172e+04 
4.932323e-02 1.070762e+04 1.075830e+04 
5.234343e-02 1.027594e+04 1.032784e+04 
5.536364e-02 9.853858e+03 9.912145e+03 
5.838384e-02 9.445527e+03 9.512290e+03 
6.140404e-02 9.053279e+03 9.128813e+03 
6.442424e-02 8.678125e+03 8.761867e+03 
6.744444e-02 8.318499e+03 8.411331e+03 
7.046465e-02 7.972352e+03 8.076890e+03 
7.348485e-02 7.640205e+03 7.758096e+03 
7.650505e-02 7.323630e+03 7.454410e+03 
7.952525e-02 7.024481e+03 7.165239e+03 
8.254545e-02 6.744447e+03 6.889960e+03 
8.556566e-02 6.482746e+03 6.627933e+03 
8.858586e-02 6.237332e+03 6.378521e+03 
9.160606e-02 6.005922e+03 6.141096e+03 
9.462626e-02 5.786219e+03 5.915043e+03 
9.764646e-02 5.577219e+03 5.699769e+03 
1.006667e-01 5.378726e+03 5.494704e+03 
1.036869e-01 5.190245e+03 5.299303e+03 
1.067071e-01 5.011034e+03 5.113046e+03 
1.097273e-01 4.839898e+03 4.935439e+03 
1.127475e-01 4.675311e+03 4.766014e+03 
1.157677e-01 4.516371e+03 4.604329e+03 
1.187879e-01 4.362768e+03 4.449965e+03 
1.218081e-01 4.214648e+03 4.302528e+03 
1.248283e-01 4.072603e+03 4.161647e+03 
1.278485e-01 3.937076e+03 4.026969e+03 
1.308687e-01 3.808319e+03 3.898166e+03 
1.338889e-01 3.686270e+03 3.774926e+03 
1.369091e-01 3.570479e+03 3.656958e+03 
1.399293e-01 3.460457e+03 3.543985e+03 
1.429495e-01 3.355646e+03 3.435750e+03 
1.459697e-01 3.255463e+03 3.332007e+03 
1.489899e-01 3.159472e+03 3.232528e+03 
1.520101e-01 3.067466e+03 3.137097e+03 
1.550303e-01 2.979255e+03 3.045509e+03 
1.580505e-01 2.894612e+03 2.957574e+03 
1.610707e-01 2.813294e+03 2.873111e+03 
1.640909e-01 2.735034e+03 2.791948e+03 
1.671111e-01 2.659523e+03 2.713927e+03 
1.701313e-01 2.586466e+03 2.638895e+03 
1.731515e-01 2.515814e+03 2.566710e+03 
1.761717e-01 2.447661e+03 2.497236e+03 
1.791919e-01 2.382073e+03 2.430347e+03 
1.822121e-01 2.319037e+03 2.365922e+03 
1.852323e-01 2.258523e+03 2.303847e+03 
1.882525e-01 2.200373e+03 2.244015e+03 
1.912727e-01 2.144337e+03 2.186325e+03 
1.942929e-01 2.090221e+03 2.130679e+03 
1.973131e-01 2.038013e+03 2.076986e+03 
2.003333e-01 1.987733e+03 2.025162e+03 
2.033535e-01 1.939329e+03 1.975122e+03 
2.063737e-01 1.892684e+03 1.926792e+03 
2.093939e-01 1.847669e+03 1.880095e+03 
2.124141e-01 1.804135e+03 1.834964e+03 
2.154343e-01 1.761927e+03 1.791332e+03 
2.184545e-01 1.720965e+03 1.749135e+03 
2.214747e-01 1.681258e+03 1.708314e+03 
2.244949e-01 1.642812e+03 1.668813e+03 
2.275152e-01 1.605609e+03 1.630578e+03 
2.305354e-01 1.569619e+03 1.593557e+03 
2.335556e-01 1.534792e+03 1.557701e+03 
2.365758e-01 1.501048e+03 1.522964e+03 
2.395960e-01 1.468312e+03 1.489302e+03 
2.426162e-01 1.436559e+03 1.456673e+03 
2.456364e-01 1.405782e+03 1.425036e+03 
2.486566e-01 1.375962e+03 1.394353e+03 
2.516768e-01 1.347052e+03 1.364588e+03 
2.546970e-01 1.319001e+03 1.335705e+03 
2.577172e-01 1.291770e+03 1.307672e+03 
2.607374e-01 1.265323e+03 1.280457e+03 
2.637576e-01 1.239628e+03 1.254030e+03 
2.667778e-01 1.214657e+03 1.228361e+03 
2.697980e-01 1.190383e+03 1.203423e+03 
2.728182e-01 1.166783e+03 1.179189e+03 
2.758384e-01 1.143841e+03 1.155634e+03 
2.788586e-01 1.121534e+03 1.132735e+03 
2.818788e-01 1.099839e+03 1.110467e+03 
2.848990e-01 1.078729e+03 1.088809e+03 
2.879192e-01 1.058180e+03 1.067739e+03 
2.909394e-01 1.038170e+03 1.047237e+03 
2.939596e-01 1.018680e+03 1.027283e+03 
2.969798e-01 9.997027e+02 1.007859e+03 
3.000000e-01 9.812331e+02 9.889475e+02 
