1.000000e-03 5.461976e+03 5.461971e+03 
4.020202e-03 1.772003e+04 1.786111e+04 
7.040404e-03 2.552526e+04 2.572262e+04 
1.006061e-02 3.014192e+04 3.038665e+04 
1.308081e-02 3.241794e+04 3.272978e+04 
1.610101e-02 3.295693e+04 3.326524e+04 
1.912121e-02 3.223165e+04 3.239028e+04 
2.214141e-02 3.063374e+04 3.055839e+04 
2.516162e-02 2.849615e+04 2.826042e+04 
2.818182e-02 2.609383e+04 2.589251e+04 
3.120202e-02 2.364323e+04 2.368174e+04 
3.422222e-02 2.130414e+04 2.171233e+04 
3.724242e-02 1.918150e+04 1.998818e+04 
4.026263e-02 1.733634e+04 1.848127e+04 
4.328283e-02 1.578059e+04 1.715688e+04 
4.630303e-02 1.450908e+04 1.598347e+04 
4.932323e-02 1.351724e+04 1.493524e+04 
5.234343e-02 1.275445e+04 1.399181e+04 
5.536364e-02 1.216958e+04 1.313726e+04 
5.838384e-02 1.172082e+04 1.235906e+04 
6.140404e-02 1.136056e+04 1.164722e+04 
6.442424e-02 1.104625e+04 1.099363e+04 
6.744444e-02 1.074201e+04 1.039163e+04 
7.046465e-02 1.041883e+04 9.835618e+03 
7.348485e-02 1.005628e+04 9.320870e+03 
7.650505e-02 9.643340e+03 8.843318e+03 
7.952525e-02 9.178596e+03 8.399438e+03 
8.254545e-02 8.670091e+03 7.986146e+03 
8.556566e-02 8.132255e+03 7.600726e+03 
8.858586e-02 7.582943e+03 7.240771e+03 
9.160606e-02 7.041025e+03 6.904138e+03 
9.462626e-02 6.524186e+03 6.588906e+03 
9.764646e-02 6.047979e+03 6.293354e+03 
1.006667e-01 5.623994e+03 6.015929e+03 
1.036869e-01 5.259346e+03 5.755229e+03 
1.067071e-01 4.956363e+03 5.509983e+03 
1.097273e-01 4.712953e+03 5.279037e+03 
1.127475e-01 4.524026e+03 5.061343e+03 
1.157677e-01 4.381642e+03 4.855944e+03 
1.187879e-01 4.276660e+03 4.661966e+03 
1.218081e-01 4.199022e+03 4.478611e+03 
1.248283e-01 4.138479e+03 4.305147e+03 
1.278485e-01 4.084813e+03 4.140902e+03 
1.308687e-01 4.028900e+03 3.985260e+03 
1.338889e-01 3.962829e+03 3.837654e+03 
1.369091e-01 3.881286e+03 3.697561e+03 
1.399293e-01 3.781076e+03 3.564500e+03 
1.429495e-01 3.661942e+03 3.438026e+03 
1.459697e-01 3.525516e+03 3.317727e+03 
1.489899e-01 3.375117e+03 3.203224e+03 
1.520101e-01 3.215235e+03 3.094165e+03 
1.550303e-01 3.051065e+03 2.990222e+03 
1.580505e-01 2.888368e+03 2.891093e+03 
1.610707e-01 2.732729e+03 2.796496e+03 
1.640909e-01 2.589084e+03 2.706170e+03 
1.671111e-01 2.460947e+03 2.619870e+03 
1.701313e-01 2.350339e+03 2.537371e+03 
1.731515e-01 2.257680e+03 2.458459e+03 
1.761717e-01 2.182339e+03 2.382939e+03 
1.791919e-01 2.122581e+03 2.310624e+03 
1.822121e-01 2.076229e+03 2.241344e+03 
1.852323e-01 2.040759e+03 2.174937e+03 
1.882525e-01 2.013387e+03 2.111252e+03 
1.912727e-01 1.991101e+03 2.050147e+03 
1.942929e-01 1.970715e+03 1.991490e+03 
1.973131e-01 1.949119e+03 1.935157e+03 
2.003333e-01 1.923757e+03 1.881031e+03 
2.033535e-01 1.892724e+03 1.829002e+03 
2.063737e-01 1.855070e+03 1.778967e+03 
2.093939e-01 1.810661e+03 1.730830e+03 
2.124141e-01 1.760084e+03 1.684498e+03 
2.154343e-01 1.704496e+03 1.639886e+03 
2.184545e-01 1.645369e+03 1.596912e+03 
2.214747e-01 1.584410e+03 1.555501e+03 
2.244949e-01 1.523375e+03 1.515580e+03 
2.275152e-01 1.464014e+03 1.477080e+03 
2.305354e-01 1.407877e+03 1.439938e+03 
2.335556e-01 1.356285e+03 1.404093e+03 
2.365758e-01 1.310109e+03 1.369487e+03 
2.395960e-01 1.269867e+03 1.336065e+03 
2.426162e-01 1.235572e+03 1.303776e+03 
2.456364e-01 1.206933e+03 1.272572e+03 
2.486566e-01 1.183337e+03 1.242405e+03 
2.516768e-01 1.163959e+03 1.213231e+03 
2.546970e-01 1.147811e+03 1.185010e+03 
2.577172e-01 1.133803e+03 1.157702e+03 
2.607374e-01 1.120835e+03 1.131268e+03 
2.637576e-01 1.107889e+03 1.105674e+03 
2.667778e-01 1.094084e+03 1.080885e+03 
2.697980e-01 1.078726e+03 1.056869e+03 
2.728182e-01 1.061380e+03 1.033595e+03 
2.758384e-01 1.041836e+03 1.011034e+03 
2.788586e-01 1.020159e+03 9.891581e+02 
2.818788e-01 9.965789e+02 9.679409e+02 
2.848990e-01 9.715084e+02 9.473572e+02 
2.879192e-01 9.454608e+02 9.273826e+02 
2.909394e-01 9.190449e+02 9.079943e+02 
2.939596e-01 8.928709e+02 8.891702e+02 
2.969798e-01 8.675276e+02 8.708894e+02 
3.000000e-01 8.435087e+02 8.531318e+02 
