1.000000e-03 2.474180e+03 2.474178e+03 
4.020202e-03 8.295110e+03 8.361751e+03 
7.040404e-03 1.214603e+04 1.221919e+04 
1.006061e-02 1.457039e+04 1.460063e+04 
1.308081e-02 1.597093e+04 1.593740e+04 
1.610101e-02 1.663335e+04 1.652632e+04 
1.912121e-02 1.676874e+04 1.659771e+04 
2.214141e-02 1.653924e+04 1.634289e+04 
2.516162e-02 1.607107e+04 1.590405e+04 
2.818182e-02 1.546198e+04 1.537079e+04 
3.120202e-02 1.478528e+04 1.479376e+04 
3.422222e-02 1.409328e+04 1.420089e+04 
3.724242e-02 1.342094e+04 1.360813e+04 
4.026263e-02 1.278769e+04 1.302504e+04 
4.328283e-02 1.219316e+04 1.245755e+04 
4.630303e-02 1.165280e+04 1.190938e+04 
4.932323e-02 1.116583e+04 1.138273e+04 
5.234343e-02 1.070830e+04 1.087880e+04 
5.536364e-02 1.027153e+04 1.039806e+04 
5.838384e-02 9.851905e+03 9.940467e+03 
6.140404e-02 9.444924e+03 9.505628e+03 
6.442424e-02 9.046470e+03 9.092909e+03 
6.744444e-02 8.653463e+03 8.701514e+03 
7.046465e-02 8.265875e+03 8.330549e+03 
7.348485e-02 7.886057e+03 7.979065e+03 
7.650505e-02 7.518768e+03 7.646089e+03 
7.952525e-02 7.168863e+03 7.330649e+03 
8.254545e-02 6.840490e+03 7.031788e+03 
8.556566e-02 6.535549e+03 6.748577e+03 
8.858586e-02 6.254339e+03 6.480123e+03 
9.160606e-02 5.995734e+03 6.225571e+03 
9.462626e-02 5.758532e+03 5.984106e+03 
9.764646e-02 5.541450e+03 5.754960e+03 
1.006667e-01 5.342902e+03 5.537405e+03 
1.036869e-01 5.160311e+03 5.330756e+03 
1.067071e-01 4.990077e+03 5.134369e+03 
1.097273e-01 4.828370e+03 4.947639e+03 
1.127475e-01 4.671498e+03 4.770001e+03 
1.157677e-01 4.517387e+03 4.600923e+03 
1.187879e-01 4.364861e+03 4.439907e+03 
1.218081e-01 4.214094e+03 4.286488e+03 
1.248283e-01 4.065968e+03 4.140230e+03 
1.278485e-01 3.921422e+03 4.000727e+03 
1.308687e-01 3.781425e+03 3.867595e+03 
1.338889e-01 3.646893e+03 3.740478e+03 
1.369091e-01 3.518686e+03 3.619042e+03 
1.399293e-01 3.397425e+03 3.502974e+03 
1.429495e-01 3.283521e+03 3.391980e+03 
1.459697e-01 3.176982e+03 3.285787e+03 
1.489899e-01 3.077468e+03 3.184136e+03 
1.520101e-01 2.984501e+03 3.086786e+03 
1.550303e-01 2.897475e+03 2.993511e+03 
1.580505e-01 2.815699e+03 2.904099e+03 
1.610707e-01 2.738392e+03 2.818349e+03 
1.640909e-01 2.664691e+03 2.736075e+03 
1.671111e-01 2.593643e+03 2.657100e+03 
1.701313e-01 2.524503e+03 2.581259e+03 
1.731515e-01 2.456812e+03 2.508396e+03 
1.761717e-01 2.390345e+03 2.438364e+03 
1.791919e-01 2.325202e+03 2.371025e+03 
1.822121e-01 2.261513e+03 2.306249e+03 
1.852323e-01 2.199416e+03 2.243914e+03 
1.882525e-01 2.139058e+03 2.183903e+03 
1.912727e-01 2.080596e+03 2.126108e+03 
1.942929e-01 2.024210e+03 2.070426e+03 
1.973131e-01 1.970121e+03 2.016759e+03 
2.003333e-01 1.918496e+03 1.965014e+03 
2.033535e-01 1.869352e+03 1.915106e+03 
2.063737e-01 1.822627e+03 1.866952e+03 
2.093939e-01 1.778093e+03 1.820474e+03 
2.124141e-01 1.735505e+03 1.775598e+03 
2.154343e-01 1.694658e+03 1.732255e+03 
2.184545e-01 1.655360e+03 1.690377e+03 
2.214747e-01 1.617448e+03 1.649903e+03 
2.244949e-01 1.580759e+03 1.610773e+03 
2.275152e-01 1.545117e+03 1.572931e+03 
2.305354e-01 1.510360e+03 1.536321e+03 
2.335556e-01 1.476416e+03 1.500895e+03 
2.365758e-01 1.443254e+03 1.466602e+03 
2.395960e-01 1.410914e+03 1.433398e+03 
2.426162e-01 1.379451e+03 1.401238e+03 
2.456364e-01 1.348870e+03 1.370080e+03 
2.486566e-01 1.319162e+03 1.339886e+03 
2.516768e-01 1.290322e+03 1.310616e+03 
2.546970e-01 1.262349e+03 1.282236e+03 
2.577172e-01 1.235257e+03 1.254710e+03 
2.607374e-01 1.209065e+03 1.228006e+03 
2.637576e-01 1.183783e+03 1.202093e+03 
2.667778e-01 1.159412e+03 1.176941e+03 
2.697980e-01 1.135894e+03 1.152522e+03 
2.728182e-01 1.113137e+03 1.128807e+03 
2.758384e-01 1.091052e+03 1.105773e+03 
2.788586e-01 1.069563e+03 1.083393e+03 
2.818788e-01 1.048626e+03 1.061644e+03 
2.848990e-01 1.028227e+03 1.040503e+03 
2.879192e-01 1.008357e+03 1.019949e+03 
2.909394e-01 9.890142e+02 9.999602e+02 
2.939596e-01 9.701746e+02 9.805179e+02 
2.969798e-01 9.517948e+02 9.616026e+02 
3.000000e-01 9.338451e+02 9.431961e+02 
