1.000000e-03 2.207442e+03 2.207440e+03 
4.020202e-03 7.392951e+03 7.452762e+03 
7.040404e-03 1.085700e+04 1.092255e+04 
1.006061e-02 1.307606e+04 1.309807e+04 
1.308081e-02 1.440177e+04 1.435864e+04 
1.610101e-02 1.508368e+04 1.496915e+04 
1.912121e-02 1.530397e+04 1.513094e+04 
2.214141e-02 1.520093e+04 1.500340e+04 
2.516162e-02 1.488093e+04 1.470137e+04 
2.818182e-02 1.442554e+04 1.429827e+04 
3.120202e-02 1.389593e+04 1.383837e+04 
3.422222e-02 1.333585e+04 1.334863e+04 
3.724242e-02 1.277452e+04 1.284614e+04 
4.026263e-02 1.223023e+04 1.234216e+04 
4.328283e-02 1.171159e+04 1.184427e+04 
4.630303e-02 1.121900e+04 1.135757e+04 
4.932323e-02 1.075621e+04 1.088544e+04 
5.234343e-02 1.032067e+04 1.043002e+04 
5.536364e-02 9.898919e+03 9.992587e+03 
5.838384e-02 9.488954e+03 9.573748e+03 
6.140404e-02 9.095196e+03 9.173671e+03 
6.442424e-02 8.714898e+03 8.792195e+03 
6.744444e-02 8.344355e+03 8.428932e+03 
7.046465e-02 7.983488e+03 8.083340e+03 
7.348485e-02 7.633928e+03 7.754774e+03 
7.650505e-02 7.298865e+03 7.442528e+03 
7.952525e-02 6.981717e+03 7.145864e+03 
8.254545e-02 6.685536e+03 6.864031e+03 
8.556566e-02 6.410535e+03 6.596281e+03 
8.858586e-02 6.155466e+03 6.341878e+03 
9.160606e-02 5.917979e+03 6.100111e+03 
9.462626e-02 5.696042e+03 5.870291e+03 
9.764646e-02 5.488475e+03 5.651761e+03 
1.006667e-01 5.294085e+03 5.443892e+03 
1.036869e-01 5.111512e+03 5.246088e+03 
1.067071e-01 4.938759e+03 5.057786e+03 
1.097273e-01 4.773534e+03 4.878451e+03 
1.127475e-01 4.613533e+03 4.707581e+03 
1.157677e-01 4.457194e+03 4.544702e+03 
1.187879e-01 4.304375e+03 4.389368e+03 
1.218081e-01 4.155300e+03 4.241159e+03 
1.248283e-01 4.010872e+03 4.099682e+03 
1.278485e-01 3.872069e+03 3.964567e+03 
1.308687e-01 3.739520e+03 3.835467e+03 
1.338889e-01 3.613694e+03 3.712054e+03 
1.369091e-01 3.494643e+03 3.594023e+03 
1.399293e-01 3.382167e+03 3.481085e+03 
1.429495e-01 3.275920e+03 3.372971e+03 
1.459697e-01 3.175415e+03 3.269427e+03 
1.489899e-01 3.080202e+03 3.170215e+03 
1.520101e-01 2.989896e+03 3.075109e+03 
1.550303e-01 2.904090e+03 2.983900e+03 
1.580505e-01 2.822303e+03 2.896390e+03 
1.610707e-01 2.744021e+03 2.812391e+03 
1.640909e-01 2.668640e+03 2.731729e+03 
1.671111e-01 2.595563e+03 2.654238e+03 
1.701313e-01 2.524480e+03 2.579763e+03 
1.731515e-01 2.455231e+03 2.508157e+03 
1.761717e-01 2.387887e+03 2.439281e+03 
1.791919e-01 2.322694e+03 2.373007e+03 
1.822121e-01 2.259792e+03 2.309209e+03 
1.852323e-01 2.199174e+03 2.247772e+03 
1.882525e-01 2.140799e+03 2.188588e+03 
1.912727e-01 2.084578e+03 2.131550e+03 
1.942929e-01 2.030447e+03 2.076563e+03 
1.973131e-01 1.978462e+03 2.023533e+03 
2.003333e-01 1.928685e+03 1.972372e+03 
2.033535e-01 1.881051e+03 1.922997e+03 
2.063737e-01 1.835434e+03 1.875330e+03 
2.093939e-01 1.791610e+03 1.829296e+03 
2.124141e-01 1.749290e+03 1.784825e+03 
2.154343e-01 1.708287e+03 1.741850e+03 
2.184545e-01 1.668524e+03 1.700306e+03 
2.214747e-01 1.629947e+03 1.660134e+03 
2.244949e-01 1.592533e+03 1.621277e+03 
2.275152e-01 1.556253e+03 1.583679e+03 
2.305354e-01 1.521053e+03 1.547290e+03 
2.335556e-01 1.486877e+03 1.512060e+03 
2.365758e-01 1.453687e+03 1.477942e+03 
2.395960e-01 1.421451e+03 1.444892e+03 
2.426162e-01 1.390174e+03 1.412868e+03 
2.456364e-01 1.359873e+03 1.381829e+03 
2.486566e-01 1.330545e+03 1.351736e+03 
2.516768e-01 1.302159e+03 1.322553e+03 
2.546970e-01 1.274676e+03 1.294246e+03 
2.577172e-01 1.248045e+03 1.266780e+03 
2.607374e-01 1.222218e+03 1.240124e+03 
2.637576e-01 1.197162e+03 1.214248e+03 
2.667778e-01 1.172848e+03 1.189122e+03 
2.697980e-01 1.149248e+03 1.164720e+03 
2.728182e-01 1.126329e+03 1.141014e+03 
2.758384e-01 1.104051e+03 1.117979e+03 
2.788586e-01 1.082369e+03 1.095591e+03 
2.818788e-01 1.061255e+03 1.073827e+03 
2.848990e-01 1.040688e+03 1.052665e+03 
2.879192e-01 1.020653e+03 1.032083e+03 
2.909394e-01 1.001140e+03 1.012062e+03 
2.939596e-01 9.821384e+02 9.925817e+02 
2.969798e-01 9.636442e+02 9.736236e+02 
3.000000e-01 9.456498e+02 9.551699e+02 
