1.000000e-03 3.189664e+03 3.189661e+03 
4.020202e-03 1.075974e+04 1.084429e+04 
7.040404e-03 1.576632e+04 1.587081e+04 
1.006061e-02 1.886753e+04 1.895663e+04 
1.308081e-02 2.056321e+04 2.062600e+04 
1.610101e-02 2.122004e+04 2.122395e+04 
1.912121e-02 2.112244e+04 2.103564e+04 
2.214141e-02 2.050230e+04 2.034718e+04 
2.516162e-02 1.955046e+04 1.941137e+04 
2.818182e-02 1.842100e+04 1.839953e+04 
3.120202e-02 1.723363e+04 1.740089e+04 
3.422222e-02 1.607509e+04 1.645160e+04 
3.724242e-02 1.500220e+04 1.556175e+04 
4.026263e-02 1.404725e+04 1.473106e+04 
4.328283e-02 1.322138e+04 1.395588e+04 
4.630303e-02 1.251660e+04 1.323195e+04 
4.932323e-02 1.192595e+04 1.255519e+04 
5.234343e-02 1.143170e+04 1.192196e+04 
5.536364e-02 1.099783e+04 1.132900e+04 
5.838384e-02 1.060379e+04 1.077338e+04 
6.140404e-02 1.023194e+04 1.025243e+04 
6.442424e-02 9.861470e+03 9.763688e+03 
6.744444e-02 9.479923e+03 9.304911e+03 
7.046465e-02 9.080817e+03 8.874003e+03 
7.348485e-02 8.662867e+03 8.469026e+03 
7.650505e-02 8.231119e+03 8.088180e+03 
7.952525e-02 7.794396e+03 7.729798e+03 
8.254545e-02 7.363392e+03 7.392329e+03 
8.556566e-02 6.948389e+03 7.074340e+03 
8.858586e-02 6.557856e+03 6.774499e+03 
9.160606e-02 6.198445e+03 6.491574e+03 
9.462626e-02 5.875063e+03 6.224423e+03 
9.764646e-02 5.590427e+03 5.971991e+03 
1.006667e-01 5.345519e+03 5.733298e+03 
1.036869e-01 5.137820e+03 5.507438e+03 
1.067071e-01 4.962871e+03 5.293573e+03 
1.097273e-01 4.813724e+03 5.090926e+03 
1.127475e-01 4.682913e+03 4.898776e+03 
1.157677e-01 4.562897e+03 4.716458e+03 
1.187879e-01 4.447324e+03 4.543352e+03 
1.218081e-01 4.331259e+03 4.378884e+03 
1.248283e-01 4.211171e+03 4.222522e+03 
1.278485e-01 4.084699e+03 4.073773e+03 
1.308687e-01 3.951271e+03 3.932175e+03 
1.338889e-01 3.811422e+03 3.797303e+03 
1.369091e-01 3.667147e+03 3.668759e+03 
1.399293e-01 3.521058e+03 3.546173e+03 
1.429495e-01 3.376367e+03 3.429201e+03 
1.459697e-01 3.236106e+03 3.317522e+03 
1.489899e-01 3.102898e+03 3.210837e+03 
1.520101e-01 2.978833e+03 3.108865e+03 
1.550303e-01 2.865474e+03 3.011346e+03 
1.580505e-01 2.763718e+03 2.918037e+03 
1.610707e-01 2.673905e+03 2.828709e+03 
1.640909e-01 2.595329e+03 2.743148e+03 
1.671111e-01 2.526708e+03 2.661155e+03 
1.701313e-01 2.466043e+03 2.582544e+03 
1.731515e-01 2.411179e+03 2.507137e+03 
1.761717e-01 2.359942e+03 2.434771e+03 
1.791919e-01 2.310475e+03 2.365291e+03 
1.822121e-01 2.261313e+03 2.298552e+03 
1.852323e-01 2.211327e+03 2.234418e+03 
1.882525e-01 2.159675e+03 2.172759e+03 
1.912727e-01 2.105947e+03 2.113456e+03 
1.942929e-01 2.050055e+03 2.056394e+03 
1.973131e-01 1.992453e+03 2.001466e+03 
2.003333e-01 1.933851e+03 1.948571e+03 
2.033535e-01 1.875252e+03 1.897615e+03 
2.063737e-01 1.817675e+03 1.848506e+03 
2.093939e-01 1.762091e+03 1.801161e+03 
2.124141e-01 1.709255e+03 1.755498e+03 
2.154343e-01 1.659701e+03 1.711443e+03 
2.184545e-01 1.613741e+03 1.668923e+03 
2.214747e-01 1.571522e+03 1.627870e+03 
2.244949e-01 1.532936e+03 1.588220e+03 
2.275152e-01 1.497727e+03 1.549912e+03 
2.305354e-01 1.465440e+03 1.512889e+03 
2.335556e-01 1.435550e+03 1.477096e+03 
2.365758e-01 1.407464e+03 1.442480e+03 
2.395960e-01 1.380619e+03 1.408993e+03 
2.426162e-01 1.354498e+03 1.376587e+03 
2.456364e-01 1.328655e+03 1.345219e+03 
2.486566e-01 1.302711e+03 1.314846e+03 
2.516768e-01 1.276413e+03 1.285428e+03 
2.546970e-01 1.249616e+03 1.256926e+03 
2.577172e-01 1.222370e+03 1.229305e+03 
2.607374e-01 1.194836e+03 1.202529e+03 
2.637576e-01 1.167301e+03 1.176566e+03 
2.667778e-01 1.140068e+03 1.151385e+03 
2.697980e-01 1.113426e+03 1.126954e+03 
2.728182e-01 1.087607e+03 1.103246e+03 
2.758384e-01 1.062784e+03 1.080234e+03 
2.788586e-01 1.039077e+03 1.057891e+03 
2.818788e-01 1.016571e+03 1.036193e+03 
2.848990e-01 9.953141e+02 1.015115e+03 
2.879192e-01 9.753162e+02 9.946356e+02 
2.909394e-01 9.565044e+02 9.747327e+02 
2.939596e-01 9.387570e+02 9.553857e+02 
2.969798e-01 9.218873e+02 9.365746e+02 
3.000000e-01 9.056983e+02 9.182806e+02 
