1.000000e-03 3.338820e+03 3.338817e+03 
4.020202e-03 1.116934e+04 1.125738e+04 
7.040404e-03 1.628887e+04 1.639565e+04 
1.006061e-02 1.942582e+04 1.951180e+04 
1.308081e-02 2.111649e+04 2.116894e+04 
1.610101e-02 2.174884e+04 2.173592e+04 
1.912121e-02 2.161908e+04 2.151412e+04 
2.214141e-02 2.096644e+04 2.079830e+04 
2.516162e-02 1.998557e+04 1.984194e+04 
2.818182e-02 1.883147e+04 1.881310e+04 
3.120202e-02 1.762435e+04 1.779804e+04 
3.422222e-02 1.645003e+04 1.683158e+04 
3.724242e-02 1.536413e+04 1.592370e+04 
4.026263e-02 1.439730e+04 1.507446e+04 
4.328283e-02 1.356007e+04 1.428069e+04 
4.630303e-02 1.284420e+04 1.353850e+04 
4.932323e-02 1.223914e+04 1.284411e+04 
5.234343e-02 1.172792e+04 1.219404e+04 
5.536364e-02 1.127733e+04 1.158514e+04 
5.838384e-02 1.086351e+04 1.101451e+04 
6.140404e-02 1.046879e+04 1.047947e+04 
6.442424e-02 1.007511e+04 9.977571e+03 
6.744444e-02 9.671132e+03 9.506506e+03 
7.046465e-02 9.251449e+03 9.064139e+03 
7.348485e-02 8.815881e+03 8.648484e+03 
7.650505e-02 8.369853e+03 8.257690e+03 
7.952525e-02 7.922264e+03 7.890037e+03 
8.254545e-02 7.483801e+03 7.543927e+03 
8.556566e-02 7.064232e+03 7.217880e+03 
8.858586e-02 6.671647e+03 6.910522e+03 
9.160606e-02 6.312170e+03 6.620578e+03 
9.462626e-02 5.990054e+03 6.346869e+03 
9.764646e-02 5.707296e+03 6.088305e+03 
1.006667e-01 5.463842e+03 5.843873e+03 
1.036869e-01 5.256671e+03 5.612640e+03 
1.067071e-01 5.080618e+03 5.393737e+03 
1.097273e-01 4.928511e+03 5.186364e+03 
1.127475e-01 4.792623e+03 4.989778e+03 
1.157677e-01 4.666023e+03 4.803290e+03 
1.187879e-01 4.542677e+03 4.626262e+03 
1.218081e-01 4.418148e+03 4.458104e+03 
1.248283e-01 4.289230e+03 4.298266e+03 
1.278485e-01 4.154203e+03 4.146238e+03 
1.308687e-01 4.012817e+03 4.001548e+03 
1.338889e-01 3.866160e+03 3.863756e+03 
1.369091e-01 3.716571e+03 3.732452e+03 
1.399293e-01 3.567055e+03 3.607257e+03 
1.429495e-01 3.420597e+03 3.487816e+03 
1.459697e-01 3.279989e+03 3.373798e+03 
1.489899e-01 3.147445e+03 3.264897e+03 
1.520101e-01 3.024751e+03 3.160823e+03 
1.550303e-01 2.913079e+03 3.061310e+03 
1.580505e-01 2.813048e+03 2.966107e+03 
1.610707e-01 2.724639e+03 2.874979e+03 
1.640909e-01 2.647002e+03 2.787707e+03 
1.671111e-01 2.578606e+03 2.704087e+03 
1.701313e-01 2.517322e+03 2.623926e+03 
1.731515e-01 2.460820e+03 2.547043e+03 
1.761717e-01 2.407105e+03 2.473271e+03 
1.791919e-01 2.354477e+03 2.402449e+03 
1.822121e-01 2.301771e+03 2.334430e+03 
1.852323e-01 2.248094e+03 2.269074e+03 
1.882525e-01 2.192862e+03 2.206248e+03 
1.912727e-01 2.135832e+03 2.145829e+03 
1.942929e-01 2.077125e+03 2.087701e+03 
1.973131e-01 2.017263e+03 2.031753e+03 
2.003333e-01 1.957054e+03 1.977882e+03 
2.033535e-01 1.897501e+03 1.925991e+03 
2.063737e-01 1.839637e+03 1.875987e+03 
2.093939e-01 1.784284e+03 1.827784e+03 
2.124141e-01 1.732084e+03 1.781298e+03 
2.154343e-01 1.683356e+03 1.736453e+03 
2.184545e-01 1.638256e+03 1.693176e+03 
2.214747e-01 1.596754e+03 1.651396e+03 
2.244949e-01 1.558652e+03 1.611047e+03 
2.275152e-01 1.523600e+03 1.572069e+03 
2.305354e-01 1.491132e+03 1.534400e+03 
2.335556e-01 1.460715e+03 1.497986e+03 
2.365758e-01 1.431798e+03 1.462774e+03 
2.395960e-01 1.403848e+03 1.428713e+03 
2.426162e-01 1.376410e+03 1.395754e+03 
2.456364e-01 1.349093e+03 1.363854e+03 
2.486566e-01 1.321615e+03 1.332968e+03 
2.516768e-01 1.293818e+03 1.303056e+03 
2.546970e-01 1.265691e+03 1.274078e+03 
2.577172e-01 1.237349e+03 1.245997e+03 
2.607374e-01 1.209004e+03 1.218778e+03 
2.637576e-01 1.180925e+03 1.192387e+03 
2.667778e-01 1.153397e+03 1.166792e+03 
2.697980e-01 1.126654e+03 1.141963e+03 
2.728182e-01 1.100890e+03 1.117870e+03 
2.758384e-01 1.076217e+03 1.094486e+03 
2.788586e-01 1.052719e+03 1.071783e+03 
2.818788e-01 1.030451e+03 1.049737e+03 
2.848990e-01 1.009413e+03 1.028324e+03 
2.879192e-01 9.895392e+02 1.007519e+03 
2.909394e-01 9.707180e+02 9.873016e+02 
2.939596e-01 9.528042e+02 9.676501e+02 
2.969798e-01 9.356220e+02 9.485443e+02 
3.000000e-01 9.189907e+02 9.299648e+02 
