1.000000e-03 4.949964e+03 4.949960e+03 
4.020202e-03 1.667049e+04 1.680246e+04 
7.040404e-03 2.445734e+04 2.465136e+04 
1.006061e-02 2.925638e+04 2.951291e+04 
1.308081e-02 3.178060e+04 3.213087e+04 
1.610101e-02 3.256593e+04 3.294610e+04 
1.912121e-02 3.204847e+04 3.229725e+04 
2.214141e-02 3.060306e+04 3.059354e+04 
2.516162e-02 2.855697e+04 2.831923e+04 
2.818182e-02 2.618873e+04 2.590258e+04 
3.120202e-02 2.372444e+04 2.361387e+04 
3.422222e-02 2.133536e+04 2.156827e+04 
3.724242e-02 1.913988e+04 1.978387e+04 
4.026263e-02 1.721065e+04 1.823560e+04 
4.328283e-02 1.556971e+04 1.688654e+04 
4.630303e-02 1.422090e+04 1.570140e+04 
4.932323e-02 1.316193e+04 1.465077e+04 
5.234343e-02 1.235011e+04 1.371135e+04 
5.536364e-02 1.173683e+04 1.286501e+04 
5.838384e-02 1.127818e+04 1.209762e+04 
6.140404e-02 1.093331e+04 1.139807e+04 
6.442424e-02 1.065702e+04 1.075749e+04 
6.744444e-02 1.040804e+04 1.016868e+04 
7.046465e-02 1.015346e+04 9.625725e+03 
7.348485e-02 9.866790e+03 9.123656e+03 
7.650505e-02 9.530655e+03 8.658275e+03 
7.952525e-02 9.137544e+03 8.225977e+03 
8.254545e-02 8.689753e+03 7.823641e+03 
8.556566e-02 8.197419e+03 7.448539e+03 
8.858586e-02 7.675760e+03 7.098271e+03 
9.160606e-02 7.142945e+03 6.770710e+03 
9.462626e-02 6.617899e+03 6.463964e+03 
9.764646e-02 6.118389e+03 6.176338e+03 
1.006667e-01 5.660015e+03 5.906311e+03 
1.036869e-01 5.254046e+03 5.652515e+03 
1.067071e-01 4.907712e+03 5.413710e+03 
1.097273e-01 4.622528e+03 5.188773e+03 
1.127475e-01 4.396580e+03 4.976686e+03 
1.157677e-01 4.224188e+03 4.776519e+03 
1.187879e-01 4.097990e+03 4.587426e+03 
1.218081e-01 4.009204e+03 4.408633e+03 
1.248283e-01 3.948286e+03 4.239431e+03 
1.278485e-01 3.905279e+03 4.079171e+03 
1.308687e-01 3.870223e+03 3.927255e+03 
1.338889e-01 3.833717e+03 3.783136e+03 
1.369091e-01 3.787624e+03 3.646308e+03 
1.399293e-01 3.725773e+03 3.516305e+03 
1.429495e-01 3.644203e+03 3.392697e+03 
1.459697e-01 3.541802e+03 3.275087e+03 
1.489899e-01 3.419432e+03 3.163106e+03 
1.520101e-01 3.280059e+03 3.056415e+03 
1.550303e-01 3.127884e+03 2.954696e+03 
1.580505e-01 2.968426e+03 2.857658e+03 
1.610707e-01 2.807584e+03 2.765027e+03 
1.640909e-01 2.651356e+03 2.676550e+03 
1.671111e-01 2.504909e+03 2.591992e+03 
1.701313e-01 2.372526e+03 2.511131e+03 
1.731515e-01 2.256823e+03 2.433765e+03 
1.761717e-01 2.159137e+03 2.359700e+03 
1.791919e-01 2.079319e+03 2.288759e+03 
1.822121e-01 2.016353e+03 2.220775e+03 
1.852323e-01 1.968560e+03 2.155591e+03 
1.882525e-01 1.933662e+03 2.093061e+03 
1.912727e-01 1.909009e+03 2.033047e+03 
1.942929e-01 1.891527e+03 1.975422e+03 
1.973131e-01 1.877996e+03 1.920064e+03 
2.003333e-01 1.865128e+03 1.866860e+03 
2.033535e-01 1.849980e+03 1.815704e+03 
2.063737e-01 1.830016e+03 1.766496e+03 
2.093939e-01 1.803613e+03 1.719140e+03 
2.124141e-01 1.769825e+03 1.673550e+03 
2.154343e-01 1.728611e+03 1.629640e+03 
2.184545e-01 1.680544e+03 1.587332e+03 
2.214747e-01 1.626781e+03 1.546551e+03 
2.244949e-01 1.568935e+03 1.507229e+03 
2.275152e-01 1.508868e+03 1.469297e+03 
2.305354e-01 1.448520e+03 1.432694e+03 
2.335556e-01 1.389760e+03 1.397360e+03 
2.365758e-01 1.334276e+03 1.363239e+03 
2.395960e-01 1.283400e+03 1.330278e+03 
2.426162e-01 1.238099e+03 1.298427e+03 
2.456364e-01 1.198877e+03 1.267639e+03 
2.486566e-01 1.165910e+03 1.237867e+03 
2.516768e-01 1.138952e+03 1.209070e+03 
2.546970e-01 1.117472e+03 1.181206e+03 
2.577172e-01 1.100616e+03 1.154237e+03 
2.607374e-01 1.087359e+03 1.128126e+03 
2.637576e-01 1.076559e+03 1.102839e+03 
2.667778e-01 1.067055e+03 1.078342e+03 
2.697980e-01 1.057733e+03 1.054604e+03 
2.728182e-01 1.047635e+03 1.031594e+03 
2.758384e-01 1.035975e+03 1.009285e+03 
2.788586e-01 1.022183e+03 9.876489e+02 
2.818788e-01 1.005923e+03 9.666598e+02 
2.848990e-01 9.870618e+02 9.462930e+02 
2.879192e-01 9.657522e+02 9.265250e+02 
2.909394e-01 9.423313e+02 9.073332e+02 
2.939596e-01 9.173538e+02 8.886963e+02 
2.969798e-01 8.914614e+02 8.705937e+02 
3.000000e-01 8.653561e+02 8.530058e+02 
