1.000000e-03 2.216870e+03 2.216869e+03 
4.020202e-03 7.399496e+03 7.460489e+03 
7.040404e-03 1.084148e+04 1.090787e+04 
1.006061e-02 1.303752e+04 1.305697e+04 
1.308081e-02 1.434858e+04 1.429786e+04 
1.610101e-02 1.502728e+04 1.490229e+04 
1.912121e-02 1.525643e+04 1.507240e+04 
2.214141e-02 1.517178e+04 1.496209e+04 
2.516162e-02 1.487641e+04 1.467928e+04 
2.818182e-02 1.444773e+04 1.429305e+04 
3.120202e-02 1.394340e+04 1.384624e+04 
3.422222e-02 1.340442e+04 1.336598e+04 
3.724242e-02 1.285806e+04 1.287004e+04 
4.026263e-02 1.232241e+04 1.237043e+04 
4.328283e-02 1.180243e+04 1.187533e+04 
4.630303e-02 1.130308e+04 1.139030e+04 
4.932323e-02 1.083493e+04 1.091904e+04 
5.234343e-02 1.038721e+04 1.046393e+04 
5.536364e-02 9.949973e+03 1.002641e+04 
5.838384e-02 9.528624e+03 9.607202e+03 
6.140404e-02 9.125401e+03 9.206568e+03 
6.442424e-02 8.737489e+03 8.824404e+03 
6.744444e-02 8.363155e+03 8.460367e+03 
7.046465e-02 8.001899e+03 8.113946e+03 
7.348485e-02 7.655184e+03 7.784520e+03 
7.650505e-02 7.325566e+03 7.471400e+03 
7.952525e-02 7.015405e+03 7.173859e+03 
8.254545e-02 6.726380e+03 6.891157e+03 
8.556566e-02 6.457298e+03 6.622550e+03 
8.858586e-02 6.206004e+03 6.367310e+03 
9.160606e-02 5.970032e+03 6.124725e+03 
9.462626e-02 5.747362e+03 5.894111e+03 
9.764646e-02 5.537228e+03 5.674811e+03 
1.006667e-01 5.338884e+03 5.466197e+03 
1.036869e-01 5.151262e+03 5.267675e+03 
1.067071e-01 4.972859e+03 5.078679e+03 
1.097273e-01 4.801666e+03 4.898676e+03 
1.127475e-01 4.636172e+03 4.727162e+03 
1.157677e-01 4.475456e+03 4.563663e+03 
1.187879e-01 4.319555e+03 4.407733e+03 
1.218081e-01 4.169177e+03 4.258951e+03 
1.248283e-01 4.024981e+03 4.116922e+03 
1.278485e-01 3.887582e+03 3.981277e+03 
1.308687e-01 3.757250e+03 3.851666e+03 
1.338889e-01 3.633801e+03 3.727763e+03 
1.369091e-01 3.516957e+03 3.609260e+03 
1.399293e-01 3.406226e+03 3.495869e+03 
1.429495e-01 3.301077e+03 3.387318e+03 
1.459697e-01 3.201013e+03 3.283354e+03 
1.489899e-01 3.105566e+03 3.183738e+03 
1.520101e-01 3.014351e+03 3.088243e+03 
1.550303e-01 2.927116e+03 2.996660e+03 
1.580505e-01 2.843573e+03 2.908789e+03 
1.610707e-01 2.763265e+03 2.824443e+03 
1.640909e-01 2.685714e+03 2.743447e+03 
1.671111e-01 2.610641e+03 2.665634e+03 
1.701313e-01 2.537898e+03 2.590848e+03 
1.731515e-01 2.467461e+03 2.518943e+03 
1.761717e-01 2.399506e+03 2.449778e+03 
1.791919e-01 2.334176e+03 2.383225e+03 
1.822121e-01 2.271409e+03 2.319159e+03 
1.852323e-01 2.211084e+03 2.257463e+03 
1.882525e-01 2.153060e+03 2.198027e+03 
1.912727e-01 2.097181e+03 2.140749e+03 
1.942929e-01 2.043358e+03 2.085528e+03 
1.973131e-01 1.991626e+03 2.032272e+03 
2.003333e-01 1.941994e+03 1.980892e+03 
2.033535e-01 1.894314e+03 1.931307e+03 
2.063737e-01 1.848389e+03 1.883436e+03 
2.093939e-01 1.804035e+03 1.837205e+03 
2.124141e-01 1.761077e+03 1.792543e+03 
2.154343e-01 1.719397e+03 1.749383e+03 
2.184545e-01 1.678986e+03 1.707661e+03 
2.214747e-01 1.639846e+03 1.667316e+03 
2.244949e-01 1.601957e+03 1.628291e+03 
2.275152e-01 1.565292e+03 1.590532e+03 
2.305354e-01 1.529796e+03 1.553985e+03 
2.335556e-01 1.495390e+03 1.518603e+03 
2.365758e-01 1.462020e+03 1.484337e+03 
2.395960e-01 1.429682e+03 1.451144e+03 
2.426162e-01 1.398376e+03 1.418981e+03 
2.456364e-01 1.368073e+03 1.387807e+03 
2.486566e-01 1.338732e+03 1.357583e+03 
2.516768e-01 1.310304e+03 1.328274e+03 
2.546970e-01 1.282730e+03 1.299843e+03 
2.577172e-01 1.255960e+03 1.272258e+03 
2.607374e-01 1.229967e+03 1.245486e+03 
2.637576e-01 1.204726e+03 1.219497e+03 
2.667778e-01 1.180213e+03 1.194262e+03 
2.697980e-01 1.156407e+03 1.169752e+03 
2.728182e-01 1.133277e+03 1.145943e+03 
2.758384e-01 1.110785e+03 1.122807e+03 
2.788586e-01 1.088900e+03 1.100321e+03 
2.818788e-01 1.067601e+03 1.078462e+03 
2.848990e-01 1.046869e+03 1.057208e+03 
2.879192e-01 1.026694e+03 1.036536e+03 
2.909394e-01 1.007067e+03 1.016427e+03 
2.939596e-01 9.879748e+02 9.968612e+02 
2.969798e-01 9.694024e+02 9.778200e+02 
3.000000e-01 9.513303e+02 9.592854e+02 
