1.000000e-03 5.021329e+03 5.021324e+03 
4.020202e-03 1.704288e+04 1.717841e+04 
7.040404e-03 2.498957e+04 2.518731e+04 
1.006061e-02 2.982607e+04 3.008876e+04 
1.308081e-02 3.230233e+04 3.265960e+04 
1.610101e-02 3.298530e+04 3.336232e+04 
1.912121e-02 3.233553e+04 3.256350e+04 
2.214141e-02 3.075055e+04 3.071113e+04 
2.516162e-02 2.857311e+04 2.832158e+04 
2.818182e-02 2.609465e+04 2.583259e+04 
3.120202e-02 2.354822e+04 2.350596e+04 
3.422222e-02 2.110716e+04 2.144356e+04 
3.724242e-02 1.888809e+04 1.965316e+04 
4.026263e-02 1.695963e+04 1.810368e+04 
4.328283e-02 1.533623e+04 1.675524e+04 
4.630303e-02 1.401960e+04 1.557130e+04 
4.932323e-02 1.300225e+04 1.452199e+04 
5.234343e-02 1.223133e+04 1.358391e+04 
5.536364e-02 1.165733e+04 1.273894e+04 
5.838384e-02 1.123454e+04 1.197299e+04 
6.140404e-02 1.091416e+04 1.127500e+04 
6.442424e-02 1.065035e+04 1.063610e+04 
6.744444e-02 1.040327e+04 1.004912e+04 
7.046465e-02 1.014008e+04 9.508118e+03 
7.348485e-02 9.835646e+03 9.008126e+03 
7.650505e-02 9.474618e+03 8.544926e+03 
7.952525e-02 9.052222e+03 8.114897e+03 
8.254545e-02 8.573962e+03 7.714900e+03 
8.556566e-02 8.053334e+03 7.342189e+03 
8.858586e-02 7.508746e+03 6.994347e+03 
9.160606e-02 6.960744e+03 6.669232e+03 
9.462626e-02 6.429709e+03 6.364938e+03 
9.764646e-02 5.933553e+03 6.079760e+03 
1.006667e-01 5.487214e+03 5.812167e+03 
1.036869e-01 5.099825e+03 5.560781e+03 
1.067071e-01 4.776293e+03 5.324355e+03 
1.097273e-01 4.515993e+03 5.101762e+03 
1.127475e-01 4.315075e+03 4.891977e+03 
1.157677e-01 4.166519e+03 4.694067e+03 
1.187879e-01 4.061665e+03 4.507184e+03 
1.218081e-01 3.990728e+03 4.330549e+03 
1.248283e-01 3.942992e+03 4.163455e+03 
1.278485e-01 3.907585e+03 4.005249e+03 
1.308687e-01 3.873964e+03 3.855334e+03 
1.338889e-01 3.832944e+03 3.713161e+03 
1.369091e-01 3.777071e+03 3.578225e+03 
1.399293e-01 3.701756e+03 3.450061e+03 
1.429495e-01 3.604608e+03 3.328239e+03 
1.459697e-01 3.486084e+03 3.212362e+03 
1.489899e-01 3.348396e+03 3.102062e+03 
1.520101e-01 3.195680e+03 2.997002e+03 
1.550303e-01 3.033315e+03 2.896865e+03 
1.580505e-01 2.867585e+03 2.801359e+03 
1.610707e-01 2.705016e+03 2.710214e+03 
1.640909e-01 2.551725e+03 2.623177e+03 
1.671111e-01 2.412427e+03 2.540013e+03 
1.701313e-01 2.290340e+03 2.460505e+03 
1.731515e-01 2.186930e+03 2.384447e+03 
1.761717e-01 2.102248e+03 2.311651e+03 
1.791919e-01 2.035355e+03 2.241939e+03 
1.822121e-01 1.984519e+03 2.175145e+03 
1.852323e-01 1.947541e+03 2.111115e+03 
1.882525e-01 1.921711e+03 2.049702e+03 
1.912727e-01 1.903887e+03 1.990771e+03 
1.942929e-01 1.890556e+03 1.934194e+03 
1.973131e-01 1.878190e+03 1.879853e+03 
2.003333e-01 1.863463e+03 1.827634e+03 
2.033535e-01 1.843766e+03 1.777433e+03 
2.063737e-01 1.817238e+03 1.729149e+03 
2.093939e-01 1.783011e+03 1.682691e+03 
2.124141e-01 1.741038e+03 1.637970e+03 
2.154343e-01 1.691945e+03 1.594903e+03 
2.184545e-01 1.636987e+03 1.553413e+03 
2.214747e-01 1.577772e+03 1.513426e+03 
2.244949e-01 1.516235e+03 1.474873e+03 
2.275152e-01 1.454409e+03 1.437688e+03 
2.305354e-01 1.394353e+03 1.401809e+03 
2.335556e-01 1.337831e+03 1.367178e+03 
2.365758e-01 1.286301e+03 1.333739e+03 
2.395960e-01 1.240682e+03 1.301441e+03 
2.426162e-01 1.201500e+03 1.270233e+03 
2.456364e-01 1.168796e+03 1.240069e+03 
2.486566e-01 1.142250e+03 1.210904e+03 
2.516768e-01 1.121228e+03 1.182696e+03 
2.546970e-01 1.104814e+03 1.155405e+03 
2.577172e-01 1.091935e+03 1.128993e+03 
2.607374e-01 1.081387e+03 1.103423e+03 
2.637576e-01 1.071960e+03 1.078661e+03 
2.667778e-01 1.062483e+03 1.054675e+03 
2.697980e-01 1.051965e+03 1.031434e+03 
2.728182e-01 1.039598e+03 1.008908e+03 
2.758384e-01 1.024865e+03 9.870685e+02 
2.788586e-01 1.007469e+03 9.658895e+02 
2.818788e-01 9.874303e+02 9.453453e+02 
2.848990e-01 9.649701e+02 9.254114e+02 
2.879192e-01 9.405129e+02 9.060648e+02 
2.909394e-01 9.146553e+02 8.872833e+02 
2.939596e-01 8.880918e+02 8.690457e+02 
2.969798e-01 8.615437e+02 8.513320e+02 
3.000000e-01 8.357037e+02 8.341229e+02 
