1.000000e-03 2.165362e+03 2.165360e+03 
4.020202e-03 7.187768e+03 7.249744e+03 
7.040404e-03 1.051514e+04 1.058564e+04 
1.006061e-02 1.264255e+04 1.266783e+04 
1.308081e-02 1.392541e+04 1.388058e+04 
1.610101e-02 1.460973e+04 1.449061e+04 
1.912121e-02 1.486992e+04 1.469064e+04 
2.214141e-02 1.483327e+04 1.462194e+04 
2.516162e-02 1.459430e+04 1.438228e+04 
2.818182e-02 1.422372e+04 1.403558e+04 
3.120202e-02 1.377298e+04 1.362316e+04 
3.422222e-02 1.327945e+04 1.317230e+04 
3.724242e-02 1.276843e+04 1.270147e+04 
4.026263e-02 1.225661e+04 1.222339e+04 
4.328283e-02 1.175392e+04 1.174686e+04 
4.630303e-02 1.126399e+04 1.127796e+04 
4.932323e-02 1.079287e+04 1.082077e+04 
5.234343e-02 1.034284e+04 1.037800e+04 
5.536364e-02 9.906216e+03 9.951332e+03 
5.838384e-02 9.482951e+03 9.541711e+03 
6.140404e-02 9.079444e+03 9.149557e+03 
6.442424e-02 8.695756e+03 8.774913e+03 
6.744444e-02 8.328548e+03 8.417555e+03 
7.046465e-02 7.976787e+03 8.077076e+03 
7.348485e-02 7.640927e+03 7.752942e+03 
7.650505e-02 7.322091e+03 7.444542e+03 
7.952525e-02 7.022003e+03 7.151213e+03 
8.254545e-02 6.741087e+03 6.872271e+03 
8.556566e-02 6.477806e+03 6.607026e+03 
8.858586e-02 6.230222e+03 6.354790e+03 
9.160606e-02 5.995844e+03 6.114892e+03 
9.462626e-02 5.772558e+03 5.886682e+03 
9.764646e-02 5.559974e+03 5.669531e+03 
1.006667e-01 5.358041e+03 5.462840e+03 
1.036869e-01 5.166291e+03 5.266037e+03 
1.067071e-01 4.984052e+03 5.078577e+03 
1.097273e-01 4.810168e+03 4.899947e+03 
1.127475e-01 4.643221e+03 4.729659e+03 
1.157677e-01 4.482473e+03 4.567253e+03 
1.187879e-01 4.327832e+03 4.412296e+03 
1.218081e-01 4.179446e+03 4.264380e+03 
1.248283e-01 4.037774e+03 4.123122e+03 
1.278485e-01 3.903103e+03 3.988158e+03 
1.308687e-01 3.775271e+03 3.859151e+03 
1.338889e-01 3.653994e+03 3.735780e+03 
1.369091e-01 3.538749e+03 3.617745e+03 
1.399293e-01 3.428970e+03 3.504763e+03 
1.429495e-01 3.324146e+03 3.396570e+03 
1.459697e-01 3.223783e+03 3.292916e+03 
1.489899e-01 3.127492e+03 3.193567e+03 
1.520101e-01 3.035117e+03 3.098300e+03 
1.550303e-01 2.946537e+03 3.006910e+03 
1.580505e-01 2.861558e+03 2.919201e+03 
1.610707e-01 2.779916e+03 2.834987e+03 
1.640909e-01 2.701351e+03 2.754098e+03 
1.671111e-01 2.625656e+03 2.676368e+03 
1.701313e-01 2.552650e+03 2.601644e+03 
1.731515e-01 2.482214e+03 2.529782e+03 
1.761717e-01 2.414406e+03 2.460643e+03 
1.791919e-01 2.349310e+03 2.394100e+03 
1.822121e-01 2.286874e+03 2.330030e+03 
1.852323e-01 2.226878e+03 2.268317e+03 
1.882525e-01 2.169103e+03 2.208854e+03 
1.912727e-01 2.113403e+03 2.151537e+03 
1.942929e-01 2.059673e+03 2.096269e+03 
1.973131e-01 2.007824e+03 2.042958e+03 
2.003333e-01 1.957831e+03 1.991516e+03 
2.033535e-01 1.909682e+03 1.941862e+03 
2.063737e-01 1.863294e+03 1.893916e+03 
2.093939e-01 1.818493e+03 1.847605e+03 
2.124141e-01 1.775107e+03 1.802858e+03 
2.154343e-01 1.733062e+03 1.759610e+03 
2.184545e-01 1.692345e+03 1.717795e+03 
2.214747e-01 1.652939e+03 1.677356e+03 
2.244949e-01 1.614823e+03 1.638233e+03 
2.275152e-01 1.577974e+03 1.600373e+03 
2.305354e-01 1.542345e+03 1.563725e+03 
2.335556e-01 1.507854e+03 1.528240e+03 
2.365758e-01 1.474419e+03 1.493870e+03 
2.395960e-01 1.441994e+03 1.460571e+03 
2.426162e-01 1.410566e+03 1.428301e+03 
2.456364e-01 1.380114e+03 1.397020e+03 
2.486566e-01 1.350604e+03 1.366689e+03 
2.516768e-01 1.321994e+03 1.337272e+03 
2.546970e-01 1.294241e+03 1.308734e+03 
2.577172e-01 1.267298e+03 1.281041e+03 
2.607374e-01 1.241120e+03 1.254162e+03 
2.637576e-01 1.215677e+03 1.228066e+03 
2.667778e-01 1.190956e+03 1.202724e+03 
2.697980e-01 1.166944e+03 1.178109e+03 
2.728182e-01 1.143619e+03 1.154194e+03 
2.758384e-01 1.120957e+03 1.130954e+03 
2.788586e-01 1.098930e+03 1.108364e+03 
2.818788e-01 1.077506e+03 1.086402e+03 
2.848990e-01 1.056652e+03 1.065045e+03 
2.879192e-01 1.036347e+03 1.044272e+03 
2.909394e-01 1.016582e+03 1.024063e+03 
2.939596e-01 9.973472e+02 1.004398e+03 
2.969798e-01 9.786293e+02 9.852588e+02 
3.000000e-01 9.604139e+02 9.666271e+02 
