1.000000e-03 2.710659e+03 2.710657e+03 
4.020202e-03 9.168427e+03 9.239122e+03 
7.040404e-03 1.359732e+04 1.369172e+04 
1.006061e-02 1.647891e+04 1.656993e+04 
1.308081e-02 1.818156e+04 1.826370e+04 
1.610101e-02 1.898217e+04 1.903000e+04 
1.912121e-02 1.910333e+04 1.907734e+04 
2.214141e-02 1.873098e+04 1.862574e+04 
2.516162e-02 1.802368e+04 1.789224e+04 
2.818182e-02 1.711443e+04 1.704386e+04 
3.120202e-02 1.611090e+04 1.617957e+04 
3.422222e-02 1.509542e+04 1.534557e+04 
3.724242e-02 1.412763e+04 1.455827e+04 
4.026263e-02 1.324268e+04 1.382061e+04 
4.328283e-02 1.245591e+04 1.313047e+04 
4.630303e-02 1.178152e+04 1.248434e+04 
4.932323e-02 1.121545e+04 1.187865e+04 
5.234343e-02 1.074069e+04 1.131020e+04 
5.536364e-02 1.033509e+04 1.077614e+04 
5.838384e-02 9.976855e+03 1.027397e+04 
6.140404e-02 9.648581e+03 9.801467e+03 
6.442424e-02 9.338080e+03 9.356603e+03 
6.744444e-02 9.030116e+03 8.937531e+03 
7.046465e-02 8.711471e+03 8.542548e+03 
7.348485e-02 8.374120e+03 8.170075e+03 
7.650505e-02 8.016274e+03 7.818644e+03 
7.952525e-02 7.641569e+03 7.486887e+03 
8.254545e-02 7.257952e+03 7.173531e+03 
8.556566e-02 6.875534e+03 6.877389e+03 
8.858586e-02 6.503876e+03 6.597352e+03 
9.160606e-02 6.151025e+03 6.332390e+03 
9.462626e-02 5.822876e+03 6.081542e+03 
9.764646e-02 5.523637e+03 5.843914e+03 
1.006667e-01 5.256384e+03 5.618673e+03 
1.036869e-01 5.022510e+03 5.405043e+03 
1.067071e-01 4.822056e+03 5.202303e+03 
1.097273e-01 4.652574e+03 5.009781e+03 
1.127475e-01 4.510097e+03 4.826852e+03 
1.157677e-01 4.388702e+03 4.652933e+03 
1.187879e-01 4.282011e+03 4.487482e+03 
1.218081e-01 4.183463e+03 4.329995e+03 
1.248283e-01 4.087536e+03 4.180001e+03 
1.278485e-01 3.989700e+03 4.037060e+03 
1.308687e-01 3.887112e+03 3.900765e+03 
1.338889e-01 3.778020e+03 3.770733e+03 
1.369091e-01 3.662173e+03 3.646608e+03 
1.399293e-01 3.540128e+03 3.528057e+03 
1.429495e-01 3.413452e+03 3.414770e+03 
1.459697e-01 3.284194e+03 3.306456e+03 
1.489899e-01 3.154870e+03 3.202843e+03 
1.520101e-01 3.028010e+03 3.103676e+03 
1.550303e-01 2.906101e+03 3.008718e+03 
1.580505e-01 2.791371e+03 2.917746e+03 
1.610707e-01 2.685755e+03 2.830549e+03 
1.640909e-01 2.590463e+03 2.746932e+03 
1.671111e-01 2.506124e+03 2.666711e+03 
1.701313e-01 2.432400e+03 2.589713e+03 
1.731515e-01 2.368352e+03 2.515774e+03 
1.761717e-01 2.312342e+03 2.444743e+03 
1.791919e-01 2.262569e+03 2.376475e+03 
1.822121e-01 2.217161e+03 2.310836e+03 
1.852323e-01 2.174478e+03 2.247698e+03 
1.882525e-01 2.133049e+03 2.186940e+03 
1.912727e-01 2.091614e+03 2.128450e+03 
1.942929e-01 2.049078e+03 2.072121e+03 
1.973131e-01 2.004651e+03 2.017852e+03 
2.003333e-01 1.957827e+03 1.965548e+03 
2.033535e-01 1.908524e+03 1.915120e+03 
2.063737e-01 1.857110e+03 1.866481e+03 
2.093939e-01 1.804394e+03 1.819552e+03 
2.124141e-01 1.751323e+03 1.774257e+03 
2.154343e-01 1.698901e+03 1.730524e+03 
2.184545e-01 1.648029e+03 1.688284e+03 
2.214747e-01 1.599484e+03 1.647474e+03 
2.244949e-01 1.553754e+03 1.608031e+03 
2.275152e-01 1.511186e+03 1.569897e+03 
2.305354e-01 1.471970e+03 1.533018e+03 
2.335556e-01 1.436166e+03 1.497341e+03 
2.365758e-01 1.403686e+03 1.462817e+03 
2.395960e-01 1.374248e+03 1.429398e+03 
2.426162e-01 1.347421e+03 1.397039e+03 
2.456364e-01 1.322649e+03 1.365697e+03 
2.486566e-01 1.299336e+03 1.335333e+03 
2.516768e-01 1.276917e+03 1.305906e+03 
2.546970e-01 1.254873e+03 1.277381e+03 
2.577172e-01 1.232781e+03 1.249722e+03 
2.607374e-01 1.210322e+03 1.222896e+03 
2.637576e-01 1.187316e+03 1.196871e+03 
2.667778e-01 1.163697e+03 1.171617e+03 
2.697980e-01 1.139503e+03 1.147103e+03 
2.728182e-01 1.114893e+03 1.123304e+03 
2.758384e-01 1.090097e+03 1.100191e+03 
2.788586e-01 1.065382e+03 1.077741e+03 
2.818788e-01 1.041028e+03 1.055929e+03 
2.848990e-01 1.017301e+03 1.034731e+03 
2.879192e-01 9.944341e+02 1.014126e+03 
2.909394e-01 9.726005e+02 9.940925e+02 
2.939596e-01 9.519221e+02 9.746104e+02 
2.969798e-01 9.324696e+02 9.556603e+02 
3.000000e-01 9.142462e+02 9.372237e+02 
