1.000000e-03 3.040787e+03 3.040785e+03 
4.020202e-03 1.013225e+04 1.021303e+04 
7.040404e-03 1.474064e+04 1.483268e+04 
1.006061e-02 1.756011e+04 1.761683e+04 
1.308081e-02 1.909533e+04 1.909883e+04 
1.610101e-02 1.970405e+04 1.963368e+04 
1.912121e-02 1.965428e+04 1.950472e+04 
2.214141e-02 1.915533e+04 1.896783e+04 
2.516162e-02 1.837375e+04 1.822600e+04 
2.818182e-02 1.744093e+04 1.740744e+04 
3.120202e-02 1.645534e+04 1.657846e+04 
3.422222e-02 1.548683e+04 1.576895e+04 
3.724242e-02 1.458041e+04 1.499117e+04 
4.026263e-02 1.376159e+04 1.424972e+04 
4.328283e-02 1.303009e+04 1.354591e+04 
4.630303e-02 1.238870e+04 1.287957e+04 
4.932323e-02 1.183856e+04 1.224986e+04 
5.234343e-02 1.134744e+04 1.165552e+04 
5.536364e-02 1.089373e+04 1.109508e+04 
5.838384e-02 1.046745e+04 1.056693e+04 
6.140404e-02 1.005289e+04 1.006941e+04 
6.442424e-02 9.639383e+03 9.600834e+03 
6.744444e-02 9.222511e+03 9.159523e+03 
7.046465e-02 8.800483e+03 8.743844e+03 
7.348485e-02 8.375466e+03 8.352221e+03 
7.650505e-02 7.953434e+03 7.983142e+03 
7.952525e-02 7.541989e+03 7.635171e+03 
8.254545e-02 7.148643e+03 7.306952e+03 
8.556566e-02 6.779882e+03 6.997207e+03 
8.858586e-02 6.439802e+03 6.704736e+03 
9.160606e-02 6.130888e+03 6.428417e+03 
9.462626e-02 5.854264e+03 6.167203e+03 
9.764646e-02 5.609673e+03 5.920117e+03 
1.006667e-01 5.395032e+03 5.686249e+03 
1.036869e-01 5.206256e+03 5.464751e+03 
1.067071e-01 5.038101e+03 5.254836e+03 
1.097273e-01 4.884275e+03 5.055772e+03 
1.127475e-01 4.739094e+03 4.866876e+03 
1.157677e-01 4.597571e+03 4.687517e+03 
1.187879e-01 4.456497e+03 4.517106e+03 
1.218081e-01 4.313911e+03 4.355095e+03 
1.248283e-01 4.169096e+03 4.200976e+03 
1.278485e-01 4.022113e+03 4.054274e+03 
1.308687e-01 3.874179e+03 3.914549e+03 
1.338889e-01 3.727041e+03 3.781390e+03 
1.369091e-01 3.583005e+03 3.654415e+03 
1.399293e-01 3.444331e+03 3.533268e+03 
1.429495e-01 3.312738e+03 3.417614e+03 
1.459697e-01 3.189534e+03 3.307145e+03 
1.489899e-01 3.075347e+03 3.201570e+03 
1.520101e-01 2.970505e+03 3.100619e+03 
1.550303e-01 2.874988e+03 3.004038e+03 
1.580505e-01 2.788410e+03 2.911591e+03 
1.610707e-01 2.709961e+03 2.823056e+03 
1.640909e-01 2.638336e+03 2.738225e+03 
1.671111e-01 2.571810e+03 2.656903e+03 
1.701313e-01 2.508679e+03 2.578909e+03 
1.731515e-01 2.447333e+03 2.504072e+03 
1.761717e-01 2.386750e+03 2.432230e+03 
1.791919e-01 2.326278e+03 2.363232e+03 
1.822121e-01 2.265701e+03 2.296937e+03 
1.852323e-01 2.204996e+03 2.233211e+03 
1.882525e-01 2.144272e+03 2.171928e+03 
1.912727e-01 2.083743e+03 2.112971e+03 
1.942929e-01 2.023831e+03 2.056228e+03 
1.973131e-01 1.965067e+03 2.001594e+03 
2.003333e-01 1.908135e+03 1.948969e+03 
2.033535e-01 1.853644e+03 1.898260e+03 
2.063737e-01 1.802031e+03 1.849380e+03 
2.093939e-01 1.753514e+03 1.802244e+03 
2.124141e-01 1.708042e+03 1.756773e+03 
2.154343e-01 1.665464e+03 1.712894e+03 
2.184545e-01 1.625542e+03 1.670535e+03 
2.214747e-01 1.587966e+03 1.629629e+03 
2.244949e-01 1.552377e+03 1.590114e+03 
2.275152e-01 1.518412e+03 1.551930e+03 
2.305354e-01 1.485711e+03 1.515019e+03 
2.335556e-01 1.453964e+03 1.479328e+03 
2.365758e-01 1.422891e+03 1.444805e+03 
2.395960e-01 1.392296e+03 1.411402e+03 
2.426162e-01 1.362029e+03 1.379072e+03 
2.456364e-01 1.332031e+03 1.347773e+03 
2.486566e-01 1.302295e+03 1.317461e+03 
2.516768e-01 1.272911e+03 1.288098e+03 
2.546970e-01 1.244003e+03 1.259646e+03 
2.577172e-01 1.215734e+03 1.232068e+03 
2.607374e-01 1.188261e+03 1.205331e+03 
2.637576e-01 1.161722e+03 1.179401e+03 
2.667778e-01 1.136205e+03 1.154249e+03 
2.697980e-01 1.111738e+03 1.129843e+03 
2.728182e-01 1.088307e+03 1.106157e+03 
2.758384e-01 1.065870e+03 1.083162e+03 
2.788586e-01 1.044368e+03 1.060833e+03 
2.818788e-01 1.023728e+03 1.039146e+03 
2.848990e-01 1.003871e+03 1.018077e+03 
2.879192e-01 9.847046e+02 9.976038e+02 
2.909394e-01 9.661220e+02 9.777044e+02 
2.939596e-01 9.480147e+02 9.583585e+02 
2.969798e-01 9.303013e+02 9.395465e+02 
3.000000e-01 9.129197e+02 9.212497e+02 
