1.000000e-03 3.086957e+03 3.086955e+03 
4.020202e-03 1.046183e+04 1.054400e+04 
7.040404e-03 1.545044e+04 1.555909e+04 
1.006061e-02 1.862936e+04 1.873494e+04 
1.308081e-02 2.044322e+04 2.054078e+04 
1.610101e-02 2.122493e+04 2.128301e+04 
1.912121e-02 2.123755e+04 2.120981e+04 
2.214141e-02 2.070090e+04 2.058232e+04 
2.516162e-02 1.979998e+04 1.965515e+04 
2.818182e-02 1.868878e+04 1.862046e+04 
3.120202e-02 1.749030e+04 1.758862e+04 
3.422222e-02 1.629773e+04 1.660826e+04 
3.724242e-02 1.517542e+04 1.569416e+04 
4.026263e-02 1.416367e+04 1.484646e+04 
4.328283e-02 1.328145e+04 1.406030e+04 
4.630303e-02 1.252486e+04 1.332983e+04 
4.932323e-02 1.189358e+04 1.264961e+04 
5.234343e-02 1.137685e+04 1.201493e+04 
5.536364e-02 1.093903e+04 1.142175e+04 
5.838384e-02 1.055591e+04 1.086660e+04 
6.140404e-02 1.020902e+04 1.034645e+04 
6.442424e-02 9.879248e+03 9.858618e+03 
6.744444e-02 9.548036e+03 9.400692e+03 
7.046465e-02 9.201513e+03 8.970496e+03 
7.348485e-02 8.832544e+03 8.566041e+03 
7.650505e-02 8.440360e+03 8.185508e+03 
7.952525e-02 8.029851e+03 7.827221e+03 
8.254545e-02 7.610284e+03 7.489639e+03 
8.556566e-02 7.192504e+03 7.171338e+03 
8.858586e-02 6.786705e+03 6.871006e+03 
9.160606e-02 6.401719e+03 6.587427e+03 
9.462626e-02 6.044604e+03 6.319478e+03 
9.764646e-02 5.720721e+03 6.066120e+03 
1.006667e-01 5.434129e+03 5.826392e+03 
1.036869e-01 5.186390e+03 5.599404e+03 
1.067071e-01 4.977171e+03 5.384333e+03 
1.097273e-01 4.802740e+03 5.180413e+03 
1.127475e-01 4.657726e+03 4.986937e+03 
1.157677e-01 4.534872e+03 4.803250e+03 
1.187879e-01 4.426861e+03 4.628741e+03 
1.218081e-01 4.326682e+03 4.462847e+03 
1.248283e-01 4.228555e+03 4.305041e+03 
1.278485e-01 4.127868e+03 4.154836e+03 
1.308687e-01 4.021495e+03 4.011778e+03 
1.338889e-01 3.907382e+03 3.875445e+03 
1.369091e-01 3.785110e+03 3.745444e+03 
1.399293e-01 3.655221e+03 3.621410e+03 
1.429495e-01 3.519609e+03 3.503000e+03 
1.459697e-01 3.380795e+03 3.389897e+03 
1.489899e-01 3.241967e+03 3.281803e+03 
1.520101e-01 3.106234e+03 3.178440e+03 
1.550303e-01 2.976513e+03 3.079551e+03 
1.580505e-01 2.855272e+03 2.984891e+03 
1.610707e-01 2.744544e+03 2.894235e+03 
1.640909e-01 2.645434e+03 2.807369e+03 
1.671111e-01 2.558402e+03 2.724095e+03 
1.701313e-01 2.482871e+03 2.644225e+03 
1.731515e-01 2.417730e+03 2.567585e+03 
1.761717e-01 2.361222e+03 2.494010e+03 
1.791919e-01 2.311410e+03 2.423345e+03 
1.822121e-01 2.266250e+03 2.355447e+03 
1.852323e-01 2.223847e+03 2.290177e+03 
1.882525e-01 2.182469e+03 2.227407e+03 
1.912727e-01 2.140614e+03 2.167018e+03 
1.942929e-01 2.096996e+03 2.108894e+03 
1.973131e-01 2.050821e+03 2.052927e+03 
2.003333e-01 2.001663e+03 1.999018e+03 
2.033535e-01 1.949723e+03 1.947070e+03 
2.063737e-01 1.895552e+03 1.896992e+03 
2.093939e-01 1.840114e+03 1.848701e+03 
2.124141e-01 1.784427e+03 1.802113e+03 
2.154343e-01 1.729515e+03 1.757155e+03 
2.184545e-01 1.676289e+03 1.713753e+03 
2.214747e-01 1.625556e+03 1.671839e+03 
2.244949e-01 1.577922e+03 1.631348e+03 
2.275152e-01 1.533856e+03 1.592219e+03 
2.305354e-01 1.493611e+03 1.554394e+03 
2.335556e-01 1.457252e+03 1.517817e+03 
2.365758e-01 1.424530e+03 1.482437e+03 
2.395960e-01 1.395033e+03 1.448203e+03 
2.426162e-01 1.368178e+03 1.415069e+03 
2.456364e-01 1.343348e+03 1.382989e+03 
2.486566e-01 1.319914e+03 1.351920e+03 
2.516768e-01 1.297306e+03 1.321823e+03 
2.546970e-01 1.274999e+03 1.292659e+03 
2.577172e-01 1.252566e+03 1.264390e+03 
2.607374e-01 1.229651e+03 1.236982e+03 
2.637576e-01 1.206023e+03 1.210401e+03 
2.667778e-01 1.181581e+03 1.184616e+03 
2.697980e-01 1.156424e+03 1.159595e+03 
2.728182e-01 1.130767e+03 1.135312e+03 
2.758384e-01 1.104929e+03 1.111737e+03 
2.788586e-01 1.079247e+03 1.088844e+03 
2.818788e-01 1.054052e+03 1.066608e+03 
2.848990e-01 1.029609e+03 1.045005e+03 
2.879192e-01 1.006137e+03 1.024013e+03 
2.909394e-01 9.837855e+02 1.003608e+03 
2.939596e-01 9.626664e+02 9.837709e+02 
2.969798e-01 9.428450e+02 9.644805e+02 
3.000000e-01 9.243396e+02 9.457177e+02 
