1.000000e-03 3.337871e+03 3.337868e+03 
4.020202e-03 1.117999e+04 1.126795e+04 
7.040404e-03 1.634874e+04 1.645912e+04 
1.006061e-02 1.954426e+04 1.964262e+04 
1.308081e-02 2.128519e+04 2.136207e+04 
1.610101e-02 2.194946e+04 2.197083e+04 
1.912121e-02 2.183094e+04 2.175839e+04 
2.214141e-02 2.116887e+04 2.101849e+04 
2.516162e-02 2.016113e+04 2.001654e+04 
2.818182e-02 1.896751e+04 1.893623e+04 
3.120202e-02 1.771327e+04 1.787453e+04 
3.422222e-02 1.648928e+04 1.687048e+04 
3.724242e-02 1.535570e+04 1.593426e+04 
4.026263e-02 1.434717e+04 1.506453e+04 
4.328283e-02 1.347605e+04 1.425633e+04 
4.630303e-02 1.273422e+04 1.350423e+04 
4.932323e-02 1.211653e+04 1.280321e+04 
5.234343e-02 1.160447e+04 1.214887e+04 
5.536364e-02 1.115941e+04 1.153738e+04 
5.838384e-02 1.076084e+04 1.096537e+04 
6.140404e-02 1.038953e+04 1.042981e+04 
6.442424e-02 1.002214e+04 9.927986e+03 
6.744444e-02 9.644791e+03 9.457427e+03 
7.046465e-02 9.249286e+03 9.015866e+03 
7.348485e-02 8.832515e+03 8.601217e+03 
7.650505e-02 8.398469e+03 8.211564e+03 
7.952525e-02 7.955633e+03 7.845136e+03 
8.254545e-02 7.514827e+03 7.500299e+03 
8.556566e-02 7.086956e+03 7.175546e+03 
8.858586e-02 6.681272e+03 6.869482e+03 
9.160606e-02 6.305352e+03 6.580821e+03 
9.462626e-02 5.965080e+03 6.308375e+03 
9.764646e-02 5.664100e+03 6.051043e+03 
1.006667e-01 5.404276e+03 5.807810e+03 
1.036869e-01 5.183991e+03 5.577739e+03 
1.067071e-01 4.999497e+03 5.359961e+03 
1.097273e-01 4.844154e+03 5.153673e+03 
1.127475e-01 4.710537e+03 4.958132e+03 
1.157677e-01 4.590749e+03 4.772650e+03 
1.187879e-01 4.477946e+03 4.596591e+03 
1.218081e-01 4.366355e+03 4.429362e+03 
1.248283e-01 4.251727e+03 4.270417e+03 
1.278485e-01 4.130942e+03 4.119248e+03 
1.308687e-01 4.002651e+03 3.975382e+03 
1.338889e-01 3.866669e+03 3.838381e+03 
1.369091e-01 3.724539e+03 3.707837e+03 
1.399293e-01 3.578623e+03 3.583371e+03 
1.429495e-01 3.432123e+03 3.464630e+03 
1.459697e-01 3.288217e+03 3.351286e+03 
1.489899e-01 3.149936e+03 3.243030e+03 
1.520101e-01 3.019794e+03 3.139578e+03 
1.550303e-01 2.899871e+03 3.040661e+03 
1.580505e-01 2.791481e+03 2.946032e+03 
1.610707e-01 2.695368e+03 2.855456e+03 
1.640909e-01 2.611298e+03 2.768716e+03 
1.671111e-01 2.538371e+03 2.685606e+03 
1.701313e-01 2.474799e+03 2.605937e+03 
1.731515e-01 2.418496e+03 2.529528e+03 
1.761717e-01 2.367177e+03 2.456211e+03 
1.791919e-01 2.318819e+03 2.385830e+03 
1.822121e-01 2.271646e+03 2.318235e+03 
1.852323e-01 2.224222e+03 2.253287e+03 
1.882525e-01 2.175372e+03 2.190855e+03 
1.912727e-01 2.124372e+03 2.130817e+03 
1.942929e-01 2.070853e+03 2.073055e+03 
1.973131e-01 2.014988e+03 2.017462e+03 
2.003333e-01 1.957320e+03 1.963933e+03 
2.033535e-01 1.898790e+03 1.912373e+03 
2.063737e-01 1.840435e+03 1.862688e+03 
2.093939e-01 1.783323e+03 1.814794e+03 
2.124141e-01 1.728353e+03 1.768607e+03 
2.154343e-01 1.676283e+03 1.724051e+03 
2.184545e-01 1.627629e+03 1.681053e+03 
2.214747e-01 1.582744e+03 1.639544e+03 
2.244949e-01 1.541716e+03 1.599458e+03 
2.275152e-01 1.504442e+03 1.560733e+03 
2.305354e-01 1.470579e+03 1.523311e+03 
2.335556e-01 1.439650e+03 1.487135e+03 
2.365758e-01 1.411065e+03 1.452154e+03 
2.395960e-01 1.384231e+03 1.418317e+03 
2.426162e-01 1.358561e+03 1.385576e+03 
2.456364e-01 1.333518e+03 1.353886e+03 
2.486566e-01 1.308613e+03 1.323205e+03 
2.516768e-01 1.283461e+03 1.293491e+03 
2.546970e-01 1.257792e+03 1.264706e+03 
2.577172e-01 1.231504e+03 1.236813e+03 
2.607374e-01 1.204653e+03 1.209776e+03 
2.637576e-01 1.177455e+03 1.183562e+03 
2.667778e-01 1.150199e+03 1.158139e+03 
2.697980e-01 1.123213e+03 1.133477e+03 
2.728182e-01 1.096783e+03 1.109546e+03 
2.758384e-01 1.071158e+03 1.086320e+03 
2.788586e-01 1.046519e+03 1.063771e+03 
2.818788e-01 1.023011e+03 1.041875e+03 
2.848990e-01 1.000746e+03 1.020607e+03 
2.879192e-01 9.797880e+02 9.999439e+02 
2.909394e-01 9.601443e+02 9.798644e+02 
2.939596e-01 9.417408e+02 9.603473e+02 
2.969798e-01 9.244349e+02 9.413724e+02 
3.000000e-01 9.080326e+02 9.229205e+02 
