1.000000e-03 2.668698e+03 2.668696e+03 
4.020202e-03 8.734785e+03 8.808148e+03 
7.040404e-03 1.262631e+04 1.270412e+04 
1.006061e-02 1.501636e+04 1.503846e+04 
1.308081e-02 1.636830e+04 1.630908e+04 
1.610101e-02 1.699567e+04 1.685071e+04 
1.912121e-02 1.711872e+04 1.690668e+04 
2.214141e-02 1.689915e+04 1.665964e+04 
2.516162e-02 1.645670e+04 1.623555e+04 
2.818182e-02 1.588041e+04 1.571288e+04 
3.120202e-02 1.523594e+04 1.513851e+04 
3.422222e-02 1.456791e+04 1.454083e+04 
3.724242e-02 1.390596e+04 1.393771e+04 
4.026263e-02 1.326858e+04 1.334066e+04 
4.328283e-02 1.265811e+04 1.275719e+04 
4.630303e-02 1.208050e+04 1.219213e+04 
4.932323e-02 1.154586e+04 1.164844e+04 
5.234343e-02 1.103892e+04 1.112778e+04 
5.536364e-02 1.054894e+04 1.063093e+04 
5.838384e-02 1.007868e+04 1.015800e+04 
6.140404e-02 9.628061e+03 9.708699e+03 
6.442424e-02 9.194534e+03 9.282412e+03 
6.744444e-02 8.777516e+03 8.878341e+03 
7.046465e-02 8.377631e+03 8.495564e+03 
7.348485e-02 7.996454e+03 8.133095e+03 
7.650505e-02 7.635852e+03 7.789913e+03 
7.952525e-02 7.297534e+03 7.464999e+03 
8.254545e-02 6.982362e+03 7.157346e+03 
8.556566e-02 6.689070e+03 6.865977e+03 
8.858586e-02 6.415884e+03 6.589950e+03 
9.160606e-02 6.160756e+03 6.328368e+03 
9.462626e-02 5.922042e+03 6.080374e+03 
9.764646e-02 5.698646e+03 5.845160e+03 
1.006667e-01 5.489066e+03 5.621963e+03 
1.036869e-01 5.291361e+03 5.410066e+03 
1.067071e-01 5.103217e+03 5.208793e+03 
1.097273e-01 4.922227e+03 5.017512e+03 
1.127475e-01 4.747072e+03 4.835631e+03 
1.157677e-01 4.577130e+03 4.662594e+03 
1.187879e-01 4.412756e+03 4.497884e+03 
1.218081e-01 4.254556e+03 4.341014e+03 
1.248283e-01 4.102933e+03 4.191530e+03 
1.278485e-01 3.958234e+03 4.049009e+03 
1.308687e-01 3.820660e+03 3.913053e+03 
1.338889e-01 3.690329e+03 3.783290e+03 
1.369091e-01 3.567196e+03 3.659375e+03 
1.399293e-01 3.451007e+03 3.540981e+03 
1.429495e-01 3.341370e+03 3.427805e+03 
1.459697e-01 3.237520e+03 3.319562e+03 
1.489899e-01 3.138658e+03 3.215986e+03 
1.520101e-01 3.044291e+03 3.116826e+03 
1.550303e-01 2.954070e+03 3.021848e+03 
1.580505e-01 2.867652e+03 2.930833e+03 
1.610707e-01 2.784694e+03 2.843574e+03 
1.640909e-01 2.704849e+03 2.759878e+03 
1.671111e-01 2.627748e+03 2.679562e+03 
1.701313e-01 2.553059e+03 2.602456e+03 
1.731515e-01 2.480726e+03 2.528400e+03 
1.761717e-01 2.410814e+03 2.457241e+03 
1.791919e-01 2.343397e+03 2.388839e+03 
1.822121e-01 2.278563e+03 2.323057e+03 
1.852323e-01 2.216341e+03 2.259771e+03 
1.882525e-01 2.156626e+03 2.198862e+03 
1.912727e-01 2.099297e+03 2.140216e+03 
1.942929e-01 2.044256e+03 2.083728e+03 
1.973131e-01 1.991412e+03 2.029298e+03 
2.003333e-01 1.940660e+03 1.976832e+03 
2.033535e-01 1.891887e+03 1.926239e+03 
2.063737e-01 1.844961e+03 1.877436e+03 
2.093939e-01 1.799719e+03 1.830342e+03 
2.124141e-01 1.756006e+03 1.784882e+03 
2.154343e-01 1.713719e+03 1.740985e+03 
2.184545e-01 1.672773e+03 1.698581e+03 
2.214747e-01 1.633094e+03 1.657608e+03 
2.244949e-01 1.594622e+03 1.618003e+03 
2.275152e-01 1.557317e+03 1.579710e+03 
2.305354e-01 1.521181e+03 1.542672e+03 
2.335556e-01 1.486215e+03 1.506838e+03 
2.365758e-01 1.452397e+03 1.472159e+03 
2.395960e-01 1.419698e+03 1.438586e+03 
2.426162e-01 1.388061e+03 1.406076e+03 
2.456364e-01 1.357410e+03 1.374585e+03 
2.486566e-01 1.327689e+03 1.344073e+03 
2.516768e-01 1.298877e+03 1.314501e+03 
2.546970e-01 1.270955e+03 1.285833e+03 
2.577172e-01 1.243908e+03 1.258033e+03 
2.607374e-01 1.217722e+03 1.231069e+03 
2.637576e-01 1.192345e+03 1.204907e+03 
2.667778e-01 1.167707e+03 1.179518e+03 
2.697980e-01 1.143753e+03 1.154873e+03 
2.728182e-01 1.120449e+03 1.130944e+03 
2.758384e-01 1.097772e+03 1.107704e+03 
2.788586e-01 1.075723e+03 1.085128e+03 
2.818788e-01 1.054307e+03 1.063193e+03 
2.848990e-01 1.033503e+03 1.041874e+03 
2.879192e-01 1.013277e+03 1.021151e+03 
2.909394e-01 9.935971e+02 1.001001e+03 
2.939596e-01 9.744383e+02 9.814044e+02 
2.969798e-01 9.557802e+02 9.623421e+02 
3.000000e-01 9.376207e+02 9.437952e+02 
