1.000000e-03 2.230489e+03 2.230487e+03 
4.020202e-03 7.611220e+03 7.671853e+03 
7.040404e-03 1.128146e+04 1.135316e+04 
1.006061e-02 1.366594e+04 1.370636e+04 
1.308081e-02 1.509954e+04 1.509097e+04 
1.610101e-02 1.582907e+04 1.575893e+04 
1.912121e-02 1.604245e+04 1.591050e+04 
2.214141e-02 1.588793e+04 1.572278e+04 
2.516162e-02 1.548551e+04 1.533804e+04 
2.818182e-02 1.492994e+04 1.485140e+04 
3.120202e-02 1.429550e+04 1.431778e+04 
3.422222e-02 1.363661e+04 1.376681e+04 
3.724242e-02 1.299088e+04 1.321457e+04 
4.026263e-02 1.238183e+04 1.267025e+04 
4.328283e-02 1.182087e+04 1.213936e+04 
4.630303e-02 1.130620e+04 1.162532e+04 
4.932323e-02 1.084075e+04 1.113019e+04 
5.234343e-02 1.042127e+04 1.065517e+04 
5.536364e-02 1.002686e+04 1.020078e+04 
5.838384e-02 9.647775e+03 9.767117e+03 
6.140404e-02 9.282185e+03 9.353954e+03 
6.442424e-02 8.924301e+03 8.960822e+03 
6.744444e-02 8.568849e+03 8.587101e+03 
7.046465e-02 8.212798e+03 8.232066e+03 
7.348485e-02 7.856567e+03 7.894929e+03 
7.650505e-02 7.503203e+03 7.574867e+03 
7.952525e-02 7.158371e+03 7.271047e+03 
8.254545e-02 6.827900e+03 6.982638e+03 
8.556566e-02 6.516846e+03 6.708826e+03 
8.858586e-02 6.227670e+03 6.448823e+03 
9.160606e-02 5.961251e+03 6.201866e+03 
9.462626e-02 5.717189e+03 5.967227e+03 
9.764646e-02 5.494700e+03 5.744213e+03 
1.006667e-01 5.292744e+03 5.532164e+03 
1.036869e-01 5.109941e+03 5.330457e+03 
1.067071e-01 4.943737e+03 5.138505e+03 
1.097273e-01 4.790595e+03 4.955751e+03 
1.127475e-01 4.646620e+03 4.781673e+03 
1.157677e-01 4.507718e+03 4.615782e+03 
1.187879e-01 4.370985e+03 4.457614e+03 
1.218081e-01 4.234587e+03 4.306738e+03 
1.248283e-01 4.097960e+03 4.162747e+03 
1.278485e-01 3.961579e+03 4.025259e+03 
1.308687e-01 3.826351e+03 3.893916e+03 
1.338889e-01 3.693506e+03 3.768384e+03 
1.369091e-01 3.564216e+03 3.648346e+03 
1.399293e-01 3.439596e+03 3.533508e+03 
1.429495e-01 3.320597e+03 3.423591e+03 
1.459697e-01 3.208019e+03 3.318336e+03 
1.489899e-01 3.102312e+03 3.217498e+03 
1.520101e-01 3.003641e+03 3.120848e+03 
1.550303e-01 2.911964e+03 3.028169e+03 
1.580505e-01 2.827061e+03 2.939258e+03 
1.610707e-01 2.748417e+03 2.853926e+03 
1.640909e-01 2.675271e+03 2.771992e+03 
1.671111e-01 2.606621e+03 2.693287e+03 
1.701313e-01 2.541296e+03 2.617653e+03 
1.731515e-01 2.478265e+03 2.544939e+03 
1.761717e-01 2.416636e+03 2.475005e+03 
1.791919e-01 2.355918e+03 2.407717e+03 
1.822121e-01 2.295929e+03 2.342949e+03 
1.852323e-01 2.236648e+03 2.280583e+03 
1.882525e-01 2.178172e+03 2.220507e+03 
1.912727e-01 2.120596e+03 2.162616e+03 
1.942929e-01 2.064027e+03 2.106808e+03 
1.973131e-01 2.008688e+03 2.052991e+03 
2.003333e-01 1.954895e+03 2.001073e+03 
2.033535e-01 1.903018e+03 1.950972e+03 
2.063737e-01 1.853446e+03 1.902606e+03 
2.093939e-01 1.806352e+03 1.855899e+03 
2.124141e-01 1.761741e+03 1.810781e+03 
2.154343e-01 1.719475e+03 1.767182e+03 
2.184545e-01 1.679319e+03 1.725037e+03 
2.214747e-01 1.641044e+03 1.684286e+03 
2.244949e-01 1.604423e+03 1.644870e+03 
2.275152e-01 1.569261e+03 1.606733e+03 
2.305354e-01 1.535380e+03 1.569824e+03 
2.335556e-01 1.502584e+03 1.534092e+03 
2.365758e-01 1.470665e+03 1.499489e+03 
2.395960e-01 1.439448e+03 1.465970e+03 
2.426162e-01 1.408791e+03 1.433492e+03 
2.456364e-01 1.378646e+03 1.402014e+03 
2.486566e-01 1.349039e+03 1.371497e+03 
2.516768e-01 1.320019e+03 1.341903e+03 
2.546970e-01 1.291652e+03 1.313198e+03 
2.577172e-01 1.263986e+03 1.285347e+03 
2.607374e-01 1.237055e+03 1.258318e+03 
2.637576e-01 1.210897e+03 1.232079e+03 
2.667778e-01 1.185548e+03 1.206603e+03 
2.697980e-01 1.161045e+03 1.181860e+03 
2.728182e-01 1.137421e+03 1.157824e+03 
2.758384e-01 1.114675e+03 1.134468e+03 
2.788586e-01 1.092773e+03 1.111769e+03 
2.818788e-01 1.071648e+03 1.089703e+03 
2.848990e-01 1.051210e+03 1.068247e+03 
2.879192e-01 1.031383e+03 1.047380e+03 
2.909394e-01 1.012099e+03 1.027082e+03 
2.939596e-01 9.933078e+02 1.007332e+03 
2.969798e-01 9.749729e+02 9.881115e+02 
3.000000e-01 9.570656e+02 9.694027e+02 
