1.000000e-03 7.050793e+03 7.050786e+03 
4.020202e-03 2.346182e+04 2.365042e+04 
7.040404e-03 3.415704e+04 3.444787e+04 
1.006061e-02 4.057278e+04 4.099977e+04 
1.308081e-02 4.374433e+04 4.438594e+04 
1.610101e-02 4.444221e+04 4.521134e+04 
1.912121e-02 4.328767e+04 4.390769e+04 
2.214141e-02 4.082276e+04 4.101398e+04 
2.516162e-02 3.752291e+04 3.723217e+04 
2.818182e-02 3.379589e+04 3.324444e+04 
3.120202e-02 2.997432e+04 2.951666e+04 
3.422222e-02 2.630942e+04 2.625816e+04 
3.724242e-02 2.297329e+04 2.349989e+04 
4.026263e-02 2.006786e+04 2.118814e+04 
4.328283e-02 1.762205e+04 1.924521e+04 
4.630303e-02 1.563799e+04 1.759729e+04 
4.932323e-02 1.409840e+04 1.618346e+04 
5.234343e-02 1.294272e+04 1.495624e+04 
5.536364e-02 1.210532e+04 1.387943e+04 
5.838384e-02 1.152285e+04 1.292559e+04 
6.140404e-02 1.113371e+04 1.207372e+04 
6.442424e-02 1.087586e+04 1.130761e+04 
6.744444e-02 1.069402e+04 1.061454e+04 
7.046465e-02 1.053974e+04 9.984386e+03 
7.348485e-02 1.036959e+04 9.408966e+03 
7.650505e-02 1.014818e+04 8.881563e+03 
7.952525e-02 9.851316e+03 8.396597e+03 
8.254545e-02 9.467596e+03 7.949375e+03 
8.556566e-02 8.998640e+03 7.535905e+03 
8.858586e-02 8.457193e+03 7.152764e+03 
9.160606e-02 7.864144e+03 6.796988e+03 
9.462626e-02 7.245304e+03 6.465991e+03 
9.764646e-02 6.627230e+03 6.157509e+03 
1.006667e-01 6.035652e+03 5.869540e+03 
1.036869e-01 5.491002e+03 5.600312e+03 
1.067071e-01 5.008986e+03 5.348247e+03 
1.097273e-01 4.598574e+03 5.111932e+03 
1.127475e-01 4.263211e+03 4.890102e+03 
1.157677e-01 4.001341e+03 4.681617e+03 
1.187879e-01 3.807920e+03 4.485449e+03 
1.218081e-01 3.675716e+03 4.300667e+03 
1.248283e-01 3.595295e+03 4.126428e+03 
1.278485e-01 3.556003e+03 3.961963e+03 
1.308687e-01 3.546059e+03 3.806574e+03 
1.338889e-01 3.553287e+03 3.659623e+03 
1.369091e-01 3.565565e+03 3.520527e+03 
1.399293e-01 3.571947e+03 3.388751e+03 
1.429495e-01 3.562925e+03 3.263806e+03 
1.459697e-01 3.531273e+03 3.145241e+03 
1.489899e-01 3.472146e+03 3.032642e+03 
1.520101e-01 3.383119e+03 2.925628e+03 
1.550303e-01 3.265099e+03 2.823847e+03 
1.580505e-01 3.121359e+03 2.726973e+03 
1.610707e-01 2.958043e+03 2.634705e+03 
1.640909e-01 2.782726e+03 2.546766e+03 
1.671111e-01 2.604084e+03 2.462897e+03 
1.701313e-01 2.429943e+03 2.382859e+03 
1.731515e-01 2.267077e+03 2.306429e+03 
1.761717e-01 2.120170e+03 2.233401e+03 
1.791919e-01 1.992491e+03 2.163582e+03 
1.822121e-01 1.885654e+03 2.096792e+03 
1.852323e-01 1.800143e+03 2.032865e+03 
1.882525e-01 1.735482e+03 1.971645e+03 
1.912727e-01 1.690273e+03 1.912985e+03 
1.942929e-01 1.662414e+03 1.856750e+03 
1.973131e-01 1.648830e+03 1.802812e+03 
2.003333e-01 1.645911e+03 1.751051e+03 
2.033535e-01 1.649599e+03 1.701356e+03 
2.063737e-01 1.655862e+03 1.653622e+03 
2.093939e-01 1.660846e+03 1.607749e+03 
2.124141e-01 1.661292e+03 1.563647e+03 
2.154343e-01 1.654514e+03 1.521227e+03 
2.184545e-01 1.638612e+03 1.480408e+03 
2.214747e-01 1.612512e+03 1.441113e+03 
2.244949e-01 1.575918e+03 1.403269e+03 
2.275152e-01 1.529575e+03 1.366808e+03 
2.305354e-01 1.474920e+03 1.331666e+03 
2.335556e-01 1.414183e+03 1.297782e+03 
2.365758e-01 1.349892e+03 1.265098e+03 
2.395960e-01 1.284755e+03 1.233561e+03 
2.426162e-01 1.221253e+03 1.203118e+03 
2.456364e-01 1.161584e+03 1.173722e+03 
2.486566e-01 1.107375e+03 1.145326e+03 
2.516768e-01 1.059840e+03 1.117888e+03 
2.546970e-01 1.019698e+03 1.091365e+03 
2.577172e-01 9.871998e+02 1.065719e+03 
2.607374e-01 9.621897e+02 1.040913e+03 
2.637576e-01 9.440723e+02 1.016912e+03 
2.667778e-01 9.319816e+02 9.936820e+02 
2.697980e-01 9.247592e+02 9.711919e+02 
2.728182e-01 9.210976e+02 9.494115e+02 
2.758384e-01 9.195796e+02 9.283121e+02 
2.788586e-01 9.188304e+02 9.078665e+02 
2.818788e-01 9.175439e+02 8.880489e+02 
2.848990e-01 9.145687e+02 8.688345e+02 
2.879192e-01 9.089422e+02 8.502000e+02 
2.909394e-01 8.999615e+02 8.321230e+02 
2.939596e-01 8.872382e+02 8.145821e+02 
2.969798e-01 8.706692e+02 7.975571e+02 
3.000000e-01 8.505401e+02 7.810284e+02 
