1.000000e-03 6.750219e+03 6.750213e+03 
4.020202e-03 2.270888e+04 2.289084e+04 
7.040404e-03 3.331854e+04 3.360463e+04 
1.006061e-02 3.983483e+04 4.026240e+04 
1.308081e-02 4.319876e+04 4.385423e+04 
1.610101e-02 4.411930e+04 4.493625e+04 
1.912121e-02 4.318325e+04 4.389062e+04 
2.214141e-02 4.090531e+04 4.119530e+04 
2.516162e-02 3.774495e+04 3.750783e+04 
2.818182e-02 3.410316e+04 3.351159e+04 
3.120202e-02 3.031256e+04 2.970996e+04 
3.422222e-02 2.663138e+04 2.635474e+04 
3.724242e-02 2.324134e+04 2.350496e+04 
4.026263e-02 2.025565e+04 2.111912e+04 
4.328283e-02 1.771683e+04 1.912169e+04 
4.630303e-02 1.563329e+04 1.743655e+04 
4.932323e-02 1.399217e+04 1.599911e+04 
5.234343e-02 1.274498e+04 1.475843e+04 
5.536364e-02 1.182842e+04 1.367544e+04 
5.838384e-02 1.118073e+04 1.272050e+04 
6.140404e-02 1.074753e+04 1.187100e+04 
6.442424e-02 1.046748e+04 1.110955e+04 
6.744444e-02 1.028467e+04 1.042261e+04 
7.046465e-02 1.015053e+04 9.799476e+03 
7.348485e-02 1.002025e+04 9.231546e+03 
7.650505e-02 9.856021e+03 8.711824e+03 
7.952525e-02 9.629324e+03 8.234539e+03 
8.254545e-02 9.322616e+03 7.794864e+03 
8.556566e-02 8.930621e+03 7.388725e+03 
8.858586e-02 8.459080e+03 7.012643e+03 
9.160606e-02 7.922951e+03 6.663622e+03 
9.462626e-02 7.343926e+03 6.339063e+03 
9.764646e-02 6.746646e+03 6.036694e+03 
1.006667e-01 6.157156e+03 5.754519e+03 
1.036869e-01 5.598358e+03 5.490771e+03 
1.067071e-01 5.089511e+03 5.243884e+03 
1.097273e-01 4.643294e+03 5.012457e+03 
1.127475e-01 4.267037e+03 4.795240e+03 
1.157677e-01 3.962434e+03 4.591106e+03 
1.187879e-01 3.727118e+03 4.399043e+03 
1.218081e-01 3.555999e+03 4.218134e+03 
1.248283e-01 3.441664e+03 4.047549e+03 
1.278485e-01 3.375454e+03 3.886534e+03 
1.308687e-01 3.347476e+03 3.734402e+03 
1.338889e-01 3.346884e+03 3.590529e+03 
1.369091e-01 3.362164e+03 3.454341e+03 
1.399293e-01 3.382057e+03 3.325315e+03 
1.429495e-01 3.395962e+03 3.202972e+03 
1.459697e-01 3.394819e+03 3.086870e+03 
1.489899e-01 3.371475e+03 2.976604e+03 
1.520101e-01 3.321115e+03 2.871801e+03 
1.550303e-01 3.241657e+03 2.772116e+03 
1.580505e-01 3.133315e+03 2.677232e+03 
1.610707e-01 2.999463e+03 2.586853e+03 
1.640909e-01 2.845400e+03 2.500708e+03 
1.671111e-01 2.678498e+03 2.418544e+03 
1.701313e-01 2.506607e+03 2.340128e+03 
1.731515e-01 2.337590e+03 2.265242e+03 
1.761717e-01 2.177905e+03 2.193683e+03 
1.791919e-01 2.032765e+03 2.125264e+03 
1.822121e-01 1.905463e+03 2.059809e+03 
1.852323e-01 1.798004e+03 1.997155e+03 
1.882525e-01 1.711071e+03 1.937149e+03 
1.912727e-01 1.644417e+03 1.879649e+03 
1.942929e-01 1.597065e+03 1.824521e+03 
1.973131e-01 1.567107e+03 1.771642e+03 
2.003333e-01 1.552021e+03 1.720893e+03 
2.033535e-01 1.548574e+03 1.672166e+03 
2.063737e-01 1.553154e+03 1.625359e+03 
2.093939e-01 1.561899e+03 1.580374e+03 
2.124141e-01 1.571085e+03 1.537122e+03 
2.154343e-01 1.577244e+03 1.495517e+03 
2.184545e-01 1.577490e+03 1.455479e+03 
2.214747e-01 1.569548e+03 1.416934e+03 
2.244949e-01 1.551894e+03 1.379810e+03 
2.275152e-01 1.523886e+03 1.344040e+03 
2.305354e-01 1.485626e+03 1.309562e+03 
2.335556e-01 1.438217e+03 1.276315e+03 
2.365758e-01 1.383346e+03 1.244245e+03 
2.395960e-01 1.323313e+03 1.213297e+03 
2.426162e-01 1.260626e+03 1.183421e+03 
2.456364e-01 1.197870e+03 1.154571e+03 
2.486566e-01 1.137341e+03 1.126701e+03 
2.516768e-01 1.081037e+03 1.099769e+03 
2.546970e-01 1.030447e+03 1.073734e+03 
2.577172e-01 9.866309e+02 1.048559e+03 
2.607374e-01 9.501457e+02 1.024206e+03 
2.637576e-01 9.211011e+02 1.000642e+03 
2.667778e-01 8.992527e+02 9.778346e+02 
2.697980e-01 8.839621e+02 9.557519e+02 
2.728182e-01 8.743607e+02 9.343647e+02 
2.758384e-01 8.693379e+02 9.136452e+02 
2.788586e-01 8.676590e+02 8.935666e+02 
2.818788e-01 8.679969e+02 8.741037e+02 
2.848990e-01 8.690076e+02 8.552322e+02 
2.879192e-01 8.693922e+02 8.369293e+02 
2.909394e-01 8.680151e+02 8.191729e+02 
2.939596e-01 8.639277e+02 8.019424e+02 
2.969798e-01 8.564278e+02 7.852176e+02 
3.000000e-01 8.451431e+02 7.689797e+02 
