1.000000e-03 4.847452e+03 4.847448e+03 
4.020202e-03 1.613979e+04 1.626838e+04 
7.040404e-03 2.358116e+04 2.376736e+04 
1.006061e-02 2.814971e+04 2.838665e+04 
1.308081e-02 3.055250e+04 3.086557e+04 
1.610101e-02 3.131158e+04 3.164359e+04 
1.912121e-02 3.084447e+04 3.105423e+04 
2.214141e-02 2.950606e+04 2.948596e+04 
2.516162e-02 2.760305e+04 2.738724e+04 
2.818182e-02 2.539490e+04 2.515010e+04 
3.120202e-02 2.309185e+04 2.302130e+04 
3.422222e-02 2.085351e+04 2.110714e+04 
3.724242e-02 1.878963e+04 1.942618e+04 
4.026263e-02 1.696892e+04 1.795779e+04 
4.328283e-02 1.541494e+04 1.667008e+04 
4.630303e-02 1.412754e+04 1.553226e+04 
4.932323e-02 1.310827e+04 1.451839e+04 
5.234343e-02 1.232099e+04 1.360781e+04 
5.536364e-02 1.171802e+04 1.278431e+04 
5.838384e-02 1.125887e+04 1.203520e+04 
6.140404e-02 1.090426e+04 1.135039e+04 
6.442424e-02 1.061363e+04 1.072179e+04 
6.744444e-02 1.034834e+04 1.014279e+04 
7.046465e-02 1.007799e+04 9.607905e+03 
7.348485e-02 9.778933e+03 9.112504e+03 
7.650505e-02 9.435203e+03 8.652652e+03 
7.952525e-02 9.039992e+03 8.224951e+03 
8.254545e-02 8.596203e+03 7.826441e+03 
8.556566e-02 8.113390e+03 7.454526e+03 
8.858586e-02 7.605749e+03 7.106910e+03 
9.160606e-02 7.090260e+03 6.781554e+03 
9.462626e-02 6.584099e+03 6.476634e+03 
9.764646e-02 6.103691e+03 6.190516e+03 
1.006667e-01 5.662656e+03 5.921726e+03 
1.036869e-01 5.271759e+03 5.668936e+03 
1.067071e-01 4.936925e+03 5.430941e+03 
1.097273e-01 4.660103e+03 5.206647e+03 
1.127475e-01 4.438978e+03 4.995058e+03 
1.157677e-01 4.268327e+03 4.795268e+03 
1.187879e-01 4.140954e+03 4.606446e+03 
1.218081e-01 4.048348e+03 4.427834e+03 
1.248283e-01 3.981447e+03 4.258736e+03 
1.278485e-01 3.930861e+03 4.098513e+03 
1.308687e-01 3.887389e+03 3.946579e+03 
1.338889e-01 3.842256e+03 3.802393e+03 
1.369091e-01 3.788164e+03 3.665458e+03 
1.399293e-01 3.719310e+03 3.535312e+03 
1.429495e-01 3.632648e+03 3.411532e+03 
1.459697e-01 3.527002e+03 3.293725e+03 
1.489899e-01 3.403708e+03 3.181527e+03 
1.520101e-01 3.265484e+03 3.074601e+03 
1.550303e-01 3.116488e+03 2.972634e+03 
1.580505e-01 2.961589e+03 2.875335e+03 
1.610707e-01 2.806136e+03 2.782434e+03 
1.640909e-01 2.655467e+03 2.693681e+03 
1.671111e-01 2.514529e+03 2.608841e+03 
1.701313e-01 2.387020e+03 2.527695e+03 
1.731515e-01 2.275477e+03 2.450040e+03 
1.761717e-01 2.180880e+03 2.375686e+03 
1.791919e-01 2.103099e+03 2.304455e+03 
1.822121e-01 2.041063e+03 2.236181e+03 
1.852323e-01 1.993012e+03 2.170708e+03 
1.882525e-01 1.956776e+03 2.107891e+03 
1.912727e-01 1.929804e+03 2.047593e+03 
1.942929e-01 1.909323e+03 1.989687e+03 
1.973131e-01 1.892320e+03 1.934051e+03 
2.003333e-01 1.875849e+03 1.880572e+03 
2.033535e-01 1.857134e+03 1.829145e+03 
2.063737e-01 1.834020e+03 1.779670e+03 
2.093939e-01 1.804908e+03 1.732052e+03 
2.124141e-01 1.769159e+03 1.686203e+03 
2.154343e-01 1.726728e+03 1.642039e+03 
2.184545e-01 1.678297e+03 1.599482e+03 
2.214747e-01 1.624983e+03 1.558457e+03 
2.244949e-01 1.568293e+03 1.518894e+03 
2.275152e-01 1.509912e+03 1.480728e+03 
2.305354e-01 1.451595e+03 1.443894e+03 
2.335556e-01 1.395015e+03 1.408334e+03 
2.365758e-01 1.341674e+03 1.373992e+03 
2.395960e-01 1.292734e+03 1.340815e+03 
2.426162e-01 1.249026e+03 1.308752e+03 
2.456364e-01 1.211013e+03 1.277756e+03 
2.486566e-01 1.178767e+03 1.247782e+03 
2.516768e-01 1.152060e+03 1.218786e+03 
2.546970e-01 1.130326e+03 1.190728e+03 
2.577172e-01 1.112807e+03 1.163570e+03 
2.607374e-01 1.098524e+03 1.137273e+03 
2.637576e-01 1.086431e+03 1.111805e+03 
2.667778e-01 1.075441e+03 1.087131e+03 
2.697980e-01 1.064571e+03 1.063219e+03 
2.728182e-01 1.052943e+03 1.040041e+03 
2.758384e-01 1.039883e+03 1.017566e+03 
2.788586e-01 1.024882e+03 9.957683e+02 
2.818788e-01 1.007695e+03 9.746212e+02 
2.848990e-01 9.882610e+02 9.541001e+02 
2.879192e-01 9.667278e+02 9.341812e+02 
2.909394e-01 9.434330e+02 9.148421e+02 
2.939596e-01 9.188638e+02 8.960611e+02 
2.969798e-01 8.936077e+02 8.778178e+02 
3.000000e-01 8.682867e+02 8.600924e+02 
