1.000000e-03 5.610002e+03 5.609997e+03 
4.020202e-03 1.901716e+04 1.916888e+04 
7.040404e-03 2.795677e+04 2.818791e+04 
1.006061e-02 3.346208e+04 3.378846e+04 
1.308081e-02 3.633096e+04 3.680496e+04 
1.610101e-02 3.716880e+04 3.772127e+04 
1.912121e-02 3.647382e+04 3.689488e+04 
2.214141e-02 3.468037e+04 3.477105e+04 
2.516162e-02 3.217197e+04 3.191527e+04 
2.818182e-02 2.927898e+04 2.886428e+04 
3.120202e-02 2.627240e+04 2.597930e+04 
3.422222e-02 2.335931e+04 2.342392e+04 
3.724242e-02 2.068381e+04 2.122748e+04 
4.026263e-02 1.833413e+04 1.935584e+04 
4.328283e-02 1.633943e+04 1.775604e+04 
4.630303e-02 1.470594e+04 1.637679e+04 
4.932323e-02 1.342688e+04 1.517522e+04 
5.234343e-02 1.245569e+04 1.411757e+04 
5.536364e-02 1.173811e+04 1.317781e+04 
5.838384e-02 1.122267e+04 1.233596e+04 
6.140404e-02 1.086138e+04 1.157656e+04 
6.442424e-02 1.060152e+04 1.088750e+04 
6.744444e-02 1.039509e+04 1.025917e+04 
7.046465e-02 1.020159e+04 9.683810e+03 
7.348485e-02 9.985850e+03 9.155044e+03 
7.650505e-02 9.721268e+03 8.667587e+03 
7.952525e-02 9.391388e+03 8.216987e+03 
8.254545e-02 8.990790e+03 7.799451e+03 
8.556566e-02 8.524644e+03 7.411715e+03 
8.858586e-02 8.006028e+03 7.050951e+03 
9.160606e-02 7.453653e+03 6.714681e+03 
9.462626e-02 6.889488e+03 6.400728e+03 
9.764646e-02 6.335444e+03 6.107165e+03 
1.006667e-01 5.812386e+03 5.832275e+03 
1.036869e-01 5.336580e+03 5.574528e+03 
1.067071e-01 4.920206e+03 5.332549e+03 
1.097273e-01 4.568978e+03 5.105101e+03 
1.127475e-01 4.284436e+03 4.891070e+03 
1.157677e-01 4.063613e+03 4.689444e+03 
1.187879e-01 3.900842e+03 4.499307e+03 
1.218081e-01 3.788485e+03 4.319826e+03 
1.248283e-01 3.717483e+03 4.150242e+03 
1.278485e-01 3.677912e+03 3.989860e+03 
1.308687e-01 3.658908e+03 3.838047e+03 
1.338889e-01 3.649570e+03 3.694222e+03 
1.369091e-01 3.639275e+03 3.557850e+03 
1.399293e-01 3.618968e+03 3.428443e+03 
1.429495e-01 3.581159e+03 3.305548e+03 
1.459697e-01 3.521180e+03 3.188751e+03 
1.489899e-01 3.436496e+03 3.077666e+03 
1.520101e-01 3.327212e+03 2.971941e+03 
1.550303e-01 3.195657e+03 2.871246e+03 
1.580505e-01 3.046061e+03 2.775278e+03 
1.610707e-01 2.884430e+03 2.683756e+03 
1.640909e-01 2.717588e+03 2.596417e+03 
1.671111e-01 2.552739e+03 2.513020e+03 
1.701313e-01 2.396256e+03 2.433339e+03 
1.731515e-01 2.253232e+03 2.357163e+03 
1.761717e-01 2.127029e+03 2.284296e+03 
1.791919e-01 2.019666e+03 2.214557e+03 
1.822121e-01 1.931626e+03 2.147773e+03 
1.852323e-01 1.862536e+03 2.083787e+03 
1.882525e-01 1.811144e+03 2.022449e+03 
1.912727e-01 1.775568e+03 1.963619e+03 
1.942929e-01 1.753344e+03 1.907168e+03 
1.973131e-01 1.741359e+03 1.852973e+03 
2.003333e-01 1.736140e+03 1.800920e+03 
2.033535e-01 1.733960e+03 1.750900e+03 
2.063737e-01 1.731269e+03 1.702812e+03 
2.093939e-01 1.724889e+03 1.656563e+03 
2.124141e-01 1.712383e+03 1.612061e+03 
2.154343e-01 1.691987e+03 1.569223e+03 
2.184545e-01 1.662886e+03 1.527970e+03 
2.214747e-01 1.624927e+03 1.488227e+03 
2.244949e-01 1.578773e+03 1.449924e+03 
2.275152e-01 1.525687e+03 1.412994e+03 
2.305354e-01 1.467476e+03 1.377374e+03 
2.335556e-01 1.406297e+03 1.343005e+03 
2.365758e-01 1.344437e+03 1.309832e+03 
2.395960e-01 1.284086e+03 1.277800e+03 
2.426162e-01 1.227185e+03 1.246861e+03 
2.456364e-01 1.175282e+03 1.216965e+03 
2.486566e-01 1.129455e+03 1.188070e+03 
2.516768e-01 1.090360e+03 1.160131e+03 
2.546970e-01 1.058158e+03 1.133108e+03 
2.577172e-01 1.032677e+03 1.106964e+03 
2.607374e-01 1.013335e+03 1.081661e+03 
2.637576e-01 9.993052e+02 1.057165e+03 
2.667778e-01 9.895260e+02 1.033443e+03 
2.697980e-01 9.828030e+02 1.010464e+03 
2.728182e-01 9.778780e+02 9.881978e+02 
2.758384e-01 9.735052e+02 9.666167e+02 
2.788586e-01 9.685239e+02 9.456936e+02 
2.818788e-01 9.619289e+02 9.254028e+02 
2.848990e-01 9.529313e+02 9.057198e+02 
2.879192e-01 9.409638e+02 8.866214e+02 
2.909394e-01 9.257998e+02 8.680855e+02 
2.939596e-01 9.074516e+02 8.500907e+02 
2.969798e-01 8.862311e+02 8.326170e+02 
3.000000e-01 8.626454e+02 8.156449e+02 
