1.000000e-03 5.622211e+03 5.622206e+03 
4.020202e-03 1.857224e+04 1.872105e+04 
7.040404e-03 2.699369e+04 2.721302e+04 
1.006061e-02 3.207217e+04 3.236637e+04 
1.308081e-02 3.464349e+04 3.505147e+04 
1.610101e-02 3.531868e+04 3.577177e+04 
1.912121e-02 3.458507e+04 3.490171e+04 
2.214141e-02 3.285948e+04 3.288606e+04 
2.516162e-02 3.049992e+04 3.025545e+04 
2.818182e-02 2.781097e+04 2.748608e+04 
3.120202e-02 2.503829e+04 2.488201e+04 
3.422222e-02 2.236729e+04 2.257255e+04 
3.724242e-02 1.992380e+04 2.057554e+04 
4.026263e-02 1.778474e+04 1.885885e+04 
4.328283e-02 1.597256e+04 1.737691e+04 
4.630303e-02 1.448702e+04 1.608658e+04 
4.932323e-02 1.332451e+04 1.495208e+04 
5.234343e-02 1.243850e+04 1.394522e+04 
5.536364e-02 1.177634e+04 1.304417e+04 
5.838384e-02 1.129083e+04 1.223205e+04 
6.140404e-02 1.093389e+04 1.149566e+04 
6.442424e-02 1.065781e+04 1.082456e+04 
6.744444e-02 1.041919e+04 1.021033e+04 
7.046465e-02 1.018189e+04 9.646114e+03 
7.348485e-02 9.916433e+03 9.126216e+03 
7.650505e-02 9.601619e+03 8.645846e+03 
7.952525e-02 9.225938e+03 8.200933e+03 
8.254545e-02 8.788873e+03 7.787975e+03 
8.556566e-02 8.298896e+03 7.403934e+03 
8.858586e-02 7.770921e+03 7.046153e+03 
9.160606e-02 7.224073e+03 6.712294e+03 
9.462626e-02 6.678901e+03 6.400287e+03 
9.764646e-02 6.155115e+03 6.108290e+03 
1.006667e-01 5.669816e+03 5.834657e+03 
1.036869e-01 5.236091e+03 5.577911e+03 
1.067071e-01 4.862440e+03 5.336723e+03 
1.097273e-01 4.551944e+03 5.109893e+03 
1.127475e-01 4.303865e+03 4.896335e+03 
1.157677e-01 4.113555e+03 4.695063e+03 
1.187879e-01 3.974422e+03 4.505183e+03 
1.218081e-01 3.877983e+03 4.325876e+03 
1.248283e-01 3.814795e+03 4.156397e+03 
1.278485e-01 3.774610e+03 3.996065e+03 
1.308687e-01 3.746980e+03 3.844256e+03 
1.338889e-01 3.721658e+03 3.700395e+03 
1.369091e-01 3.689679e+03 3.563957e+03 
1.399293e-01 3.643604e+03 3.434457e+03 
1.429495e-01 3.578543e+03 3.311449e+03 
1.459697e-01 3.491875e+03 3.194521e+03 
1.489899e-01 3.383313e+03 3.083293e+03 
1.520101e-01 3.254774e+03 2.977413e+03 
1.550303e-01 3.109733e+03 2.876556e+03 
1.580505e-01 2.953358e+03 2.780421e+03 
1.610707e-01 2.791579e+03 2.688726e+03 
1.640909e-01 2.630949e+03 2.601214e+03 
1.671111e-01 2.477482e+03 2.517641e+03 
1.701313e-01 2.336350e+03 2.437783e+03 
1.731515e-01 2.210963e+03 2.361431e+03 
1.761717e-01 2.103403e+03 2.288390e+03 
1.791919e-01 2.014108e+03 2.218478e+03 
1.822121e-01 1.942662e+03 2.151524e+03 
1.852323e-01 1.887769e+03 2.087370e+03 
1.882525e-01 1.847611e+03 2.025868e+03 
1.912727e-01 1.819884e+03 1.966877e+03 
1.942929e-01 1.801738e+03 1.910269e+03 
1.973131e-01 1.789976e+03 1.855920e+03 
2.003333e-01 1.781133e+03 1.803717e+03 
2.033535e-01 1.771859e+03 1.753551e+03 
2.063737e-01 1.759199e+03 1.705322e+03 
2.093939e-01 1.740896e+03 1.658934e+03 
2.124141e-01 1.715458e+03 1.614299e+03 
2.154343e-01 1.682291e+03 1.571331e+03 
2.184545e-01 1.641431e+03 1.529952e+03 
2.214747e-01 1.593652e+03 1.490088e+03 
2.244949e-01 1.540158e+03 1.451666e+03 
2.275152e-01 1.482646e+03 1.414622e+03 
2.305354e-01 1.423022e+03 1.378891e+03 
2.335556e-01 1.363335e+03 1.344416e+03 
2.365758e-01 1.305517e+03 1.311139e+03 
2.395960e-01 1.251320e+03 1.279008e+03 
2.426162e-01 1.202021e+03 1.247972e+03 
2.456364e-01 1.158547e+03 1.217984e+03 
2.486566e-01 1.121339e+03 1.188998e+03 
2.516768e-01 1.090460e+03 1.160973e+03 
2.546970e-01 1.065611e+03 1.133866e+03 
2.577172e-01 1.046183e+03 1.107641e+03 
2.607374e-01 1.031359e+03 1.082261e+03 
2.637576e-01 1.020093e+03 1.057690e+03 
2.667778e-01 1.011259e+03 1.033896e+03 
2.697980e-01 1.003676e+03 1.010847e+03 
2.728182e-01 9.962309e+02 9.885143e+02 
2.758384e-01 9.879000e+02 9.668687e+02 
2.788586e-01 9.778837e+02 9.458834e+02 
2.818788e-01 9.655686e+02 9.255328e+02 
2.848990e-01 9.506379e+02 9.057923e+02 
2.879192e-01 9.329810e+02 8.866385e+02 
2.909394e-01 9.127522e+02 8.680493e+02 
2.939596e-01 8.903058e+02 8.500032e+02 
2.969798e-01 8.661782e+02 8.324801e+02 
3.000000e-01 8.410167e+02 8.154606e+02 
