1.000000e-03 9.614775e+03 9.614766e+03 
4.020202e-03 3.202499e+04 3.228477e+04 
7.040404e-03 4.652240e+04 4.693945e+04 
1.006061e-02 5.507646e+04 5.573876e+04 
1.308081e-02 5.911143e+04 6.016808e+04 
1.610101e-02 5.968877e+04 6.102902e+04 
1.912121e-02 5.767692e+04 5.886323e+04 
2.214141e-02 5.383975e+04 5.437233e+04 
2.516162e-02 4.885416e+04 4.854532e+04 
2.818182e-02 4.330714e+04 4.241403e+04 
3.120202e-02 3.767757e+04 3.672561e+04 
3.422222e-02 3.232778e+04 3.183053e+04 
3.724242e-02 2.750215e+04 2.778076e+04 
4.026263e-02 2.333939e+04 2.447979e+04 
4.328283e-02 1.987437e+04 2.178810e+04 
4.630303e-02 1.709972e+04 1.957376e+04 
4.932323e-02 1.497053e+04 1.772884e+04 
5.234343e-02 1.339918e+04 1.617044e+04 
5.536364e-02 1.229151e+04 1.483643e+04 
5.838384e-02 1.155597e+04 1.368062e+04 
6.140404e-02 1.110603e+04 1.266846e+04 
6.442424e-02 1.086180e+04 1.177388e+04 
6.744444e-02 1.075415e+04 1.097693e+04 
7.046465e-02 1.071882e+04 1.026212e+04 
7.348485e-02 1.069464e+04 9.617250e+03 
7.650505e-02 1.062703e+04 9.032533e+03 
7.952525e-02 1.047215e+04 8.500040e+03 
8.254545e-02 1.020117e+04 8.013252e+03 
8.556566e-02 9.803014e+03 7.566740e+03 
8.858586e-02 9.284185e+03 7.155941e+03 
9.160606e-02 8.666009e+03 6.776979e+03 
9.462626e-02 7.978222e+03 6.426533e+03 
9.764646e-02 7.256431e+03 6.101737e+03 
1.006667e-01 6.536295e+03 5.800098e+03 
1.036869e-01 5.850498e+03 5.519439e+03 
1.067071e-01 5.224657e+03 5.257844e+03 
1.097273e-01 4.677425e+03 5.013619e+03 
1.127475e-01 4.218431e+03 4.785264e+03 
1.157677e-01 3.851397e+03 4.571438e+03 
1.187879e-01 3.573466e+03 4.370947e+03 
1.218081e-01 3.378212e+03 4.182715e+03 
1.248283e-01 3.256322e+03 4.005776e+03 
1.278485e-01 3.196804e+03 3.839260e+03 
1.308687e-01 3.187616e+03 3.682378e+03 
1.338889e-01 3.215677e+03 3.534414e+03 
1.369091e-01 3.267506e+03 3.394719e+03 
1.399293e-01 3.329398e+03 3.262701e+03 
1.429495e-01 3.388024e+03 3.137821e+03 
1.459697e-01 3.430730e+03 3.019585e+03 
1.489899e-01 3.446608e+03 2.907541e+03 
1.520101e-01 3.427139e+03 2.801276e+03 
1.550303e-01 3.367282e+03 2.700409e+03 
1.580505e-01 3.266366e+03 2.604590e+03 
1.610707e-01 3.127550e+03 2.513497e+03 
1.640909e-01 2.958428e+03 2.426832e+03 
1.671111e-01 2.768576e+03 2.344321e+03 
1.701313e-01 2.568800e+03 2.265710e+03 
1.731515e-01 2.369083e+03 2.190764e+03 
1.761717e-01 2.178205e+03 2.119265e+03 
1.791919e-01 2.002913e+03 2.051010e+03 
1.822121e-01 1.848398e+03 1.985813e+03 
1.852323e-01 1.717841e+03 1.923499e+03 
1.882525e-01 1.612973e+03 1.863904e+03 
1.912727e-01 1.534058e+03 1.806878e+03 
1.942929e-01 1.479935e+03 1.752280e+03 
1.973131e-01 1.448444e+03 1.699977e+03 
2.003333e-01 1.436401e+03 1.649847e+03 
2.033535e-01 1.440091e+03 1.601775e+03 
2.063737e-01 1.455323e+03 1.555652e+03 
2.093939e-01 1.477729e+03 1.511378e+03 
2.124141e-01 1.502862e+03 1.468859e+03 
2.154343e-01 1.526335e+03 1.428005e+03 
2.184545e-01 1.544008e+03 1.388733e+03 
2.214747e-01 1.552224e+03 1.350966e+03 
2.244949e-01 1.548226e+03 1.314629e+03 
2.275152e-01 1.530238e+03 1.279654e+03 
2.305354e-01 1.498034e+03 1.245975e+03 
2.335556e-01 1.452470e+03 1.213531e+03 
2.365758e-01 1.395680e+03 1.182265e+03 
2.395960e-01 1.330437e+03 1.152121e+03 
2.426162e-01 1.260008e+03 1.123048e+03 
2.456364e-01 1.187660e+03 1.094997e+03 
2.486566e-01 1.116536e+03 1.067924e+03 
2.516768e-01 1.049396e+03 1.041783e+03 
2.546970e-01 9.885234e+02 1.016534e+03 
2.577172e-01 9.355930e+02 9.921391e+02 
2.607374e-01 8.915775e+02 9.685601e+02 
2.637576e-01 8.568913e+02 9.457625e+02 
2.667778e-01 8.313168e+02 9.237133e+02 
2.697980e-01 8.142660e+02 9.023809e+02 
2.728182e-01 8.047764e+02 8.817357e+02 
2.758384e-01 8.016614e+02 8.617493e+02 
2.788586e-01 8.035590e+02 8.423948e+02 
2.818788e-01 8.089455e+02 8.236467e+02 
2.848990e-01 8.162086e+02 8.054807e+02 
2.879192e-01 8.236591e+02 7.878736e+02 
2.909394e-01 8.296673e+02 7.708035e+02 
2.939596e-01 8.327228e+02 7.542495e+02 
2.969798e-01 8.316755e+02 7.381915e+02 
3.000000e-01 8.257118e+02 7.226106e+02 
