1.000000e-03 5.246858e+03 5.246853e+03 
4.020202e-03 1.702069e+04 1.715617e+04 
7.040404e-03 2.450218e+04 2.468985e+04 
1.006061e-02 2.891682e+04 2.914523e+04 
1.308081e-02 3.108640e+04 3.137168e+04 
1.610101e-02 3.159538e+04 3.186909e+04 
1.912121e-02 3.089887e+04 3.102719e+04 
2.214141e-02 2.937493e+04 2.928700e+04 
2.516162e-02 2.734098e+04 2.711694e+04 
2.818182e-02 2.505928e+04 2.488751e+04 
3.120202e-02 2.273594e+04 2.280694e+04 
3.422222e-02 2.052145e+04 2.095060e+04 
3.724242e-02 1.851455e+04 1.932084e+04 
4.026263e-02 1.677196e+04 1.789156e+04 
4.328283e-02 1.530407e+04 1.663104e+04 
4.630303e-02 1.410448e+04 1.551059e+04 
4.932323e-02 1.316867e+04 1.450677e+04 
5.234343e-02 1.244717e+04 1.360106e+04 
5.536364e-02 1.189026e+04 1.277893e+04 
5.838384e-02 1.145901e+04 1.202890e+04 
6.140404e-02 1.110647e+04 1.134177e+04 
6.442424e-02 1.079242e+04 1.071006e+04 
6.744444e-02 1.048410e+04 1.012755e+04 
7.046465e-02 1.015480e+04 9.589044e+03 
7.348485e-02 9.786340e+03 9.090086e+03 
7.650505e-02 9.369674e+03 8.626848e+03 
7.952525e-02 8.905043e+03 8.196000e+03 
8.254545e-02 8.401480e+03 7.794616e+03 
8.556566e-02 7.873764e+03 7.420112e+03 
8.858586e-02 7.339527e+03 7.070194e+03 
9.160606e-02 6.816769e+03 6.742813e+03 
9.462626e-02 6.322045e+03 6.436131e+03 
9.764646e-02 5.869690e+03 6.148496e+03 
1.006667e-01 5.469669e+03 5.878418e+03 
1.036869e-01 5.127820e+03 5.624547e+03 
1.067071e-01 4.845381e+03 5.385661e+03 
1.097273e-01 4.619564e+03 5.160649e+03 
1.127475e-01 4.444724e+03 4.948496e+03 
1.157677e-01 4.312698e+03 4.748282e+03 
1.187879e-01 4.214267e+03 4.559160e+03 
1.218081e-01 4.139512e+03 4.380360e+03 
1.248283e-01 4.078486e+03 4.211173e+03 
1.278485e-01 4.021446e+03 4.050950e+03 
1.308687e-01 3.959949e+03 3.899094e+03 
1.338889e-01 3.886928e+03 3.755054e+03 
1.369091e-01 3.798101e+03 3.618325e+03 
1.399293e-01 3.691270e+03 3.488439e+03 
1.429495e-01 3.567003e+03 3.364966e+03 
1.459697e-01 3.427460e+03 3.247506e+03 
1.489899e-01 3.276209e+03 3.135690e+03 
1.520101e-01 3.117868e+03 3.029177e+03 
1.550303e-01 2.957634e+03 2.927648e+03 
1.580505e-01 2.800962e+03 2.830811e+03 
1.610707e-01 2.652976e+03 2.738390e+03 
1.640909e-01 2.518007e+03 2.650132e+03 
1.671111e-01 2.398956e+03 2.565799e+03 
1.701313e-01 2.297271e+03 2.485172e+03 
1.731515e-01 2.212817e+03 2.408044e+03 
1.761717e-01 2.144505e+03 2.334223e+03 
1.791919e-01 2.090388e+03 2.263529e+03 
1.822121e-01 2.048181e+03 2.195796e+03 
1.852323e-01 2.015326e+03 2.130865e+03 
1.882525e-01 1.989023e+03 2.068591e+03 
1.912727e-01 1.966286e+03 2.008835e+03 
1.942929e-01 1.944116e+03 1.951469e+03 
1.973131e-01 1.919702e+03 1.896370e+03 
2.003333e-01 1.890848e+03 1.843427e+03 
2.033535e-01 1.856082e+03 1.792531e+03 
2.063737e-01 1.814903e+03 1.743582e+03 
2.093939e-01 1.767575e+03 1.696485e+03 
2.124141e-01 1.714959e+03 1.651153e+03 
2.154343e-01 1.658362e+03 1.607500e+03 
2.184545e-01 1.599307e+03 1.565447e+03 
2.214747e-01 1.539465e+03 1.524921e+03 
2.244949e-01 1.480494e+03 1.485850e+03 
2.275152e-01 1.423979e+03 1.448169e+03 
2.305354e-01 1.371272e+03 1.411814e+03 
2.335556e-01 1.323472e+03 1.376727e+03 
2.365758e-01 1.281179e+03 1.342850e+03 
2.395960e-01 1.244650e+03 1.310131e+03 
2.426162e-01 1.213705e+03 1.278519e+03 
2.456364e-01 1.187886e+03 1.247967e+03 
2.486566e-01 1.166465e+03 1.218429e+03 
2.516768e-01 1.148548e+03 1.189863e+03 
2.546970e-01 1.133140e+03 1.162228e+03 
2.577172e-01 1.119186e+03 1.135486e+03 
2.607374e-01 1.105663e+03 1.109598e+03 
2.637576e-01 1.091663e+03 1.084532e+03 
2.667778e-01 1.076457e+03 1.060253e+03 
2.697980e-01 1.059524e+03 1.036730e+03 
2.728182e-01 1.040608e+03 1.013932e+03 
2.758384e-01 1.019656e+03 9.918328e+02 
2.788586e-01 9.968592e+02 9.704034e+02 
2.818788e-01 9.725452e+02 9.496183e+02 
2.848990e-01 9.471955e+02 9.294527e+02 
2.879192e-01 9.213447e+02 9.098832e+02 
2.909394e-01 8.955619e+02 8.908872e+02 
2.939596e-01 8.704060e+02 8.724434e+02 
2.969798e-01 8.463989e+02 8.545311e+02 
3.000000e-01 8.239396e+02 8.371309e+02 
