1.000000e-03 3.768543e+03 3.768540e+03 
4.020202e-03 1.262793e+04 1.272733e+04 
7.040404e-03 1.846789e+04 1.859861e+04 
1.006061e-02 2.206495e+04 2.219933e+04 
1.308081e-02 2.399425e+04 2.413061e+04 
1.610101e-02 2.468002e+04 2.477348e+04 
1.912121e-02 2.445478e+04 2.443901e+04 
2.214141e-02 2.359412e+04 2.346110e+04 
2.516162e-02 2.232895e+04 2.216409e+04 
2.818182e-02 2.084951e+04 2.078601e+04 
3.120202e-02 1.930551e+04 1.945603e+04 
3.422222e-02 1.780700e+04 1.822431e+04 
3.724242e-02 1.642723e+04 1.709991e+04 
4.026263e-02 1.520965e+04 1.607571e+04 
4.328283e-02 1.416783e+04 1.514029e+04 
4.630303e-02 1.329397e+04 1.428250e+04 
4.932323e-02 1.258746e+04 1.349279e+04 
5.234343e-02 1.201968e+04 1.276324e+04 
5.536364e-02 1.154709e+04 1.208736e+04 
5.838384e-02 1.114519e+04 1.145972e+04 
6.140404e-02 1.078490e+04 1.087574e+04 
6.442424e-02 1.043739e+04 1.033150e+04 
6.744444e-02 1.008194e+04 9.823543e+03 
7.046465e-02 9.703983e+03 9.348854e+03 
7.348485e-02 9.295991e+03 8.904729e+03 
7.650505e-02 8.858029e+03 8.488742e+03 
7.952525e-02 8.397186e+03 8.098709e+03 
8.254545e-02 7.924604e+03 7.732646e+03 
8.556566e-02 7.453317e+03 7.388752e+03 
8.858586e-02 6.996037e+03 7.065386e+03 
9.160606e-02 6.564190e+03 6.761048e+03 
9.462626e-02 6.167281e+03 6.474366e+03 
9.764646e-02 5.812558e+03 6.204084e+03 
1.006667e-01 5.504434e+03 5.949049e+03 
1.036869e-01 5.244381e+03 5.708202e+03 
1.067071e-01 5.029761e+03 5.480571e+03 
1.097273e-01 4.855291e+03 5.265260e+03 
1.127475e-01 4.713306e+03 5.061444e+03 
1.157677e-01 4.595402e+03 4.868365e+03 
1.187879e-01 4.493022e+03 4.685320e+03 
1.218081e-01 4.398296e+03 4.511662e+03 
1.248283e-01 4.304370e+03 4.346792e+03 
1.278485e-01 4.205716e+03 4.190156e+03 
1.308687e-01 4.098062e+03 4.041243e+03 
1.338889e-01 3.979315e+03 3.899576e+03 
1.369091e-01 3.848890e+03 3.764715e+03 
1.399293e-01 3.708370e+03 3.636251e+03 
1.429495e-01 3.560418e+03 3.513805e+03 
1.459697e-01 3.408828e+03 3.397022e+03 
1.489899e-01 3.257516e+03 3.285575e+03 
1.520101e-01 3.110355e+03 3.179158e+03 
1.550303e-01 2.970752e+03 3.077485e+03 
1.580505e-01 2.841691e+03 2.980291e+03 
1.610707e-01 2.725393e+03 2.887326e+03 
1.640909e-01 2.623309e+03 2.798361e+03 
1.671111e-01 2.535538e+03 2.713177e+03 
1.701313e-01 2.461274e+03 2.631573e+03 
1.731515e-01 2.398731e+03 2.553358e+03 
1.761717e-01 2.345690e+03 2.478355e+03 
1.791919e-01 2.299662e+03 2.406398e+03 
1.822121e-01 2.258234e+03 2.337329e+03 
1.852323e-01 2.219095e+03 2.271003e+03 
1.882525e-01 2.180179e+03 2.207282e+03 
1.912727e-01 2.139691e+03 2.146037e+03 
1.942929e-01 2.096264e+03 2.087145e+03 
1.973131e-01 2.049067e+03 2.030492e+03 
2.003333e-01 1.997847e+03 1.975971e+03 
2.033535e-01 1.943007e+03 1.923480e+03 
2.063737e-01 1.885397e+03 1.872922e+03 
2.093939e-01 1.826224e+03 1.824208e+03 
2.124141e-01 1.766805e+03 1.777252e+03 
2.154343e-01 1.708448e+03 1.731974e+03 
2.184545e-01 1.652323e+03 1.688298e+03 
2.214747e-01 1.599386e+03 1.646151e+03 
2.244949e-01 1.550359e+03 1.605466e+03 
2.275152e-01 1.505739e+03 1.566179e+03 
2.305354e-01 1.465675e+03 1.528227e+03 
2.335556e-01 1.430077e+03 1.491555e+03 
2.365758e-01 1.398552e+03 1.456105e+03 
2.395960e-01 1.370560e+03 1.421828e+03 
2.426162e-01 1.345418e+03 1.388673e+03 
2.456364e-01 1.322384e+03 1.356594e+03 
2.486566e-01 1.300673e+03 1.325546e+03 
2.516768e-01 1.279527e+03 1.295488e+03 
2.546970e-01 1.258235e+03 1.266378e+03 
2.577172e-01 1.236271e+03 1.238179e+03 
2.607374e-01 1.213266e+03 1.210855e+03 
2.637576e-01 1.189120e+03 1.184370e+03 
2.667778e-01 1.163890e+03 1.158693e+03 
2.697980e-01 1.137800e+03 1.133791e+03 
2.728182e-01 1.111160e+03 1.109635e+03 
2.758384e-01 1.084335e+03 1.086196e+03 
2.788586e-01 1.057695e+03 1.063448e+03 
2.818788e-01 1.031597e+03 1.041363e+03 
2.848990e-01 1.006377e+03 1.019919e+03 
2.879192e-01 9.823377e+02 9.990897e+02 
2.909394e-01 9.597275e+02 9.788540e+02 
2.939596e-01 9.386981e+02 9.591901e+02 
2.969798e-01 9.192871e+02 9.400772e+02 
3.000000e-01 9.014199e+02 9.214957e+02 
