1.000000e-03 3.840535e+03 3.840531e+03 
4.020202e-03 1.286843e+04 1.296991e+04 
7.040404e-03 1.883449e+04 1.897279e+04 
1.006061e-02 2.251464e+04 2.266926e+04 
1.308081e-02 2.448396e+04 2.465921e+04 
1.610101e-02 2.516656e+04 2.531588e+04 
1.912121e-02 2.490076e+04 2.493966e+04 
2.214141e-02 2.396754e+04 2.386440e+04 
2.516162e-02 2.260682e+04 2.243376e+04 
2.818182e-02 2.101785e+04 2.091432e+04 
3.120202e-02 1.935851e+04 1.945712e+04 
3.422222e-02 1.774687e+04 1.812199e+04 
3.724242e-02 1.626245e+04 1.691881e+04 
4.026263e-02 1.495355e+04 1.583710e+04 
4.328283e-02 1.383521e+04 1.486110e+04 
4.630303e-02 1.290265e+04 1.397562e+04 
4.932323e-02 1.215722e+04 1.316785e+04 
5.234343e-02 1.156812e+04 1.242737e+04 
5.536364e-02 1.109326e+04 1.174580e+04 
5.838384e-02 1.070388e+04 1.111634e+04 
6.140404e-02 1.036913e+04 1.053339e+04 
6.442424e-02 1.005897e+04 9.992249e+03 
6.744444e-02 9.747527e+03 9.488915e+03 
7.046465e-02 9.415968e+03 9.019939e+03 
7.348485e-02 9.052809e+03 8.582300e+03 
7.650505e-02 8.654050e+03 8.173335e+03 
7.952525e-02 8.223433e+03 7.790674e+03 
8.254545e-02 7.770399e+03 7.432197e+03 
8.556566e-02 7.307463e+03 7.095995e+03 
8.858586e-02 6.848201e+03 6.780347e+03 
9.160606e-02 6.405616e+03 6.483690e+03 
9.462626e-02 5.991237e+03 6.204606e+03 
9.764646e-02 5.614982e+03 5.941804e+03 
1.006667e-01 5.283448e+03 5.694104e+03 
1.036869e-01 5.000543e+03 5.460431e+03 
1.067071e-01 4.765930e+03 5.239796e+03 
1.097273e-01 4.576618e+03 5.031297e+03 
1.127475e-01 4.426183e+03 4.834102e+03 
1.157677e-01 4.306995e+03 4.647448e+03 
1.187879e-01 4.210543e+03 4.470635e+03 
1.218081e-01 4.128589e+03 4.303014e+03 
1.248283e-01 4.053288e+03 4.143989e+03 
1.278485e-01 3.977734e+03 3.993009e+03 
1.308687e-01 3.895946e+03 3.849565e+03 
1.338889e-01 3.803726e+03 3.713187e+03 
1.369091e-01 3.698516e+03 3.583439e+03 
1.399293e-01 3.579994e+03 3.459916e+03 
1.429495e-01 3.449588e+03 3.342244e+03 
1.459697e-01 3.310230e+03 3.230075e+03 
1.489899e-01 3.165584e+03 3.123085e+03 
1.520101e-01 3.019684e+03 3.020975e+03 
1.550303e-01 2.876663e+03 2.923463e+03 
1.580505e-01 2.740454e+03 2.830289e+03 
1.610707e-01 2.614466e+03 2.741211e+03 
1.640909e-01 2.501248e+03 2.656000e+03 
1.671111e-01 2.402305e+03 2.574447e+03 
1.701313e-01 2.317944e+03 2.496351e+03 
1.731515e-01 2.247545e+03 2.421529e+03 
1.761717e-01 2.189538e+03 2.349806e+03 
1.791919e-01 2.141881e+03 2.281022e+03 
1.822121e-01 2.102147e+03 2.215023e+03 
1.852323e-01 2.067882e+03 2.151666e+03 
1.882525e-01 2.036712e+03 2.090819e+03 
1.912727e-01 2.006360e+03 2.032355e+03 
1.942929e-01 1.974681e+03 1.976156e+03 
1.973131e-01 1.939986e+03 1.922110e+03 
2.003333e-01 1.901017e+03 1.870114e+03 
2.033535e-01 1.857385e+03 1.820068e+03 
2.063737e-01 1.809202e+03 1.771881e+03 
2.093939e-01 1.757187e+03 1.725463e+03 
2.124141e-01 1.702390e+03 1.680733e+03 
2.154343e-01 1.646161e+03 1.637614e+03 
2.184545e-01 1.589871e+03 1.596030e+03 
2.214747e-01 1.534868e+03 1.555913e+03 
2.244949e-01 1.482348e+03 1.517198e+03 
2.275152e-01 1.433339e+03 1.479821e+03 
2.305354e-01 1.388529e+03 1.443724e+03 
2.335556e-01 1.348344e+03 1.408851e+03 
2.365758e-01 1.312883e+03 1.375150e+03 
2.395960e-01 1.281976e+03 1.342570e+03 
2.426162e-01 1.255218e+03 1.311064e+03 
2.456364e-01 1.231995e+03 1.280587e+03 
2.486566e-01 1.211568e+03 1.251096e+03 
2.516768e-01 1.193104e+03 1.222550e+03 
2.546970e-01 1.175748e+03 1.194911e+03 
2.577172e-01 1.158657e+03 1.168143e+03 
2.607374e-01 1.141119e+03 1.142209e+03 
2.637576e-01 1.122581e+03 1.117077e+03 
2.667778e-01 1.102736e+03 1.092716e+03 
2.697980e-01 1.081460e+03 1.069095e+03 
2.728182e-01 1.058851e+03 1.046186e+03 
2.758384e-01 1.035118e+03 1.023960e+03 
2.788586e-01 1.010562e+03 1.002393e+03 
2.818788e-01 9.855432e+02 9.814597e+02 
2.848990e-01 9.604765e+02 9.611355e+02 
2.879192e-01 9.357985e+02 9.413983e+02 
2.909394e-01 9.119480e+02 9.222263e+02 
2.939596e-01 8.892827e+02 9.035990e+02 
2.969798e-01 8.680896e+02 8.854965e+02 
3.000000e-01 8.485268e+02 8.678999e+02 
