1.000000e-03 3.255188e+03 3.255185e+03 
4.020202e-03 1.082031e+04 1.090552e+04 
7.040404e-03 1.578092e+04 1.588601e+04 
1.006061e-02 1.884139e+04 1.893000e+04 
1.308081e-02 2.051097e+04 2.057183e+04 
1.610101e-02 2.115634e+04 2.115900e+04 
1.912121e-02 2.105986e+04 2.097371e+04 
2.214141e-02 2.044961e+04 2.029546e+04 
2.516162e-02 1.951209e+04 1.937104e+04 
2.818182e-02 1.839853e+04 1.836877e+04 
3.120202e-02 1.722545e+04 1.737727e+04 
3.422222e-02 1.607787e+04 1.643304e+04 
3.724242e-02 1.501179e+04 1.554677e+04 
4.026263e-02 1.405918e+04 1.471861e+04 
4.328283e-02 1.323221e+04 1.394525e+04 
4.630303e-02 1.252346e+04 1.322264e+04 
4.932323e-02 1.192582e+04 1.254686e+04 
5.234343e-02 1.142439e+04 1.191436e+04 
5.536364e-02 1.098397e+04 1.132195e+04 
5.838384e-02 1.058368e+04 1.076673e+04 
6.140404e-02 1.020791e+04 1.024608e+04 
6.442424e-02 9.836030e+03 9.757570e+03 
6.744444e-02 9.455240e+03 9.298957e+03 
7.046465e-02 9.058905e+03 8.868166e+03 
7.348485e-02 8.645203e+03 8.463269e+03 
7.650505e-02 8.218422e+03 8.082474e+03 
7.952525e-02 7.786759e+03 7.724120e+03 
8.254545e-02 7.360579e+03 7.386663e+03 
8.556566e-02 6.949625e+03 7.068671e+03 
8.858586e-02 6.562086e+03 6.768818e+03 
9.160606e-02 6.204345e+03 6.485874e+03 
9.462626e-02 5.881057e+03 6.218698e+03 
9.764646e-02 5.594967e+03 5.966238e+03 
1.006667e-01 5.347196e+03 5.727514e+03 
1.036869e-01 5.135902e+03 5.501623e+03 
1.067071e-01 4.957192e+03 5.287726e+03 
1.097273e-01 4.804590e+03 5.085048e+03 
1.127475e-01 4.670802e+03 4.892869e+03 
1.157677e-01 4.548669e+03 4.710522e+03 
1.187879e-01 4.431802e+03 4.537390e+03 
1.218081e-01 4.315334e+03 4.372898e+03 
1.248283e-01 4.195614e+03 4.216515e+03 
1.278485e-01 4.070401e+03 4.067746e+03 
1.308687e-01 3.938846e+03 3.926132e+03 
1.338889e-01 3.801319e+03 3.791246e+03 
1.369091e-01 3.659448e+03 3.662691e+03 
1.399293e-01 3.515615e+03 3.540097e+03 
1.429495e-01 3.372777e+03 3.423119e+03 
1.459697e-01 3.233918e+03 3.311436e+03 
1.489899e-01 3.101514e+03 3.204750e+03 
1.520101e-01 2.977671e+03 3.102779e+03 
1.550303e-01 2.863944e+03 3.005265e+03 
1.580505e-01 2.761338e+03 2.911961e+03 
1.610707e-01 2.670203e+03 2.822641e+03 
1.640909e-01 2.590081e+03 2.737091e+03 
1.671111e-01 2.519828e+03 2.655111e+03 
1.701313e-01 2.457679e+03 2.576513e+03 
1.731515e-01 2.401575e+03 2.501122e+03 
1.761717e-01 2.349507e+03 2.428774e+03 
1.791919e-01 2.299608e+03 2.359313e+03 
1.822121e-01 2.250407e+03 2.292595e+03 
1.852323e-01 2.200696e+03 2.228482e+03 
1.882525e-01 2.149642e+03 2.166847e+03 
1.912727e-01 2.096741e+03 2.107568e+03 
1.942929e-01 2.041866e+03 2.050532e+03 
1.973131e-01 1.985322e+03 1.995631e+03 
2.003333e-01 1.927755e+03 1.942764e+03 
2.033535e-01 1.870039e+03 1.891837e+03 
2.063737e-01 1.813141e+03 1.842758e+03 
2.093939e-01 1.757964e+03 1.795443e+03 
2.124141e-01 1.705297e+03 1.749812e+03 
2.154343e-01 1.655653e+03 1.705788e+03 
2.184545e-01 1.609399e+03 1.663300e+03 
2.214747e-01 1.566731e+03 1.622280e+03 
2.244949e-01 1.527637e+03 1.582664e+03 
2.275152e-01 1.491874e+03 1.544391e+03 
2.305354e-01 1.459056e+03 1.507402e+03 
2.335556e-01 1.428689e+03 1.471643e+03 
2.365758e-01 1.400231e+03 1.437063e+03 
2.395960e-01 1.373132e+03 1.403611e+03 
2.426162e-01 1.346893e+03 1.371242e+03 
2.456364e-01 1.321065e+03 1.339910e+03 
2.486566e-01 1.295304e+03 1.309573e+03 
2.516768e-01 1.269336e+03 1.280191e+03 
2.546970e-01 1.242988e+03 1.251726e+03 
2.577172e-01 1.216221e+03 1.224141e+03 
2.607374e-01 1.189150e+03 1.197402e+03 
2.637576e-01 1.161997e+03 1.171476e+03 
2.667778e-01 1.135056e+03 1.146331e+03 
2.697980e-01 1.108614e+03 1.121937e+03 
2.728182e-01 1.082935e+03 1.098266e+03 
2.758384e-01 1.058188e+03 1.075291e+03 
2.788586e-01 1.034499e+03 1.052985e+03 
2.818788e-01 1.011942e+03 1.031323e+03 
2.848990e-01 9.905659e+02 1.010282e+03 
2.879192e-01 9.703852e+02 9.898389e+02 
2.909394e-01 9.513643e+02 9.699725e+02 
2.939596e-01 9.334130e+02 9.506617e+02 
2.969798e-01 9.163891e+02 9.318867e+02 
3.000000e-01 9.001135e+02 9.136287e+02 
