1.000000e-03 2.782498e+03 2.782496e+03 
4.020202e-03 9.106739e+03 9.178894e+03 
7.040404e-03 1.321766e+04 1.329737e+04 
1.006061e-02 1.576734e+04 1.580552e+04 
1.308081e-02 1.720480e+04 1.718165e+04 
1.610101e-02 1.784309e+04 1.774609e+04 
1.912121e-02 1.791281e+04 1.774783e+04 
2.214141e-02 1.759169e+04 1.739876e+04 
2.516162e-02 1.701851e+04 1.685942e+04 
2.818182e-02 1.630091e+04 1.623067e+04 
3.120202e-02 1.552049e+04 1.556774e+04 
3.422222e-02 1.473491e+04 1.489925e+04 
3.724242e-02 1.398153e+04 1.424022e+04 
4.026263e-02 1.328209e+04 1.359892e+04 
4.328283e-02 1.264379e+04 1.298006e+04 
4.630303e-02 1.206277e+04 1.238629e+04 
4.932323e-02 1.154018e+04 1.181899e+04 
5.234343e-02 1.106464e+04 1.127864e+04 
5.536364e-02 1.061323e+04 1.076515e+04 
5.838384e-02 1.018067e+04 1.027802e+04 
6.140404e-02 9.763875e+03 9.816459e+03 
6.442424e-02 9.353769e+03 9.379505e+03 
6.744444e-02 8.946049e+03 8.966084e+03 
7.046465e-02 8.540402e+03 8.575058e+03 
7.348485e-02 8.139428e+03 8.205270e+03 
7.650505e-02 7.748169e+03 7.855565e+03 
7.952525e-02 7.373112e+03 7.524810e+03 
8.254545e-02 7.019634e+03 7.211908e+03 
8.556566e-02 6.691152e+03 6.915807e+03 
8.858586e-02 6.388695e+03 6.635502e+03 
9.160606e-02 6.111938e+03 6.370040e+03 
9.462626e-02 5.859985e+03 6.118521e+03 
9.764646e-02 5.631796e+03 5.880098e+03 
1.006667e-01 5.425544e+03 5.653972e+03 
1.036869e-01 5.238445e+03 5.439398e+03 
1.067071e-01 5.066269e+03 5.235675e+03 
1.097273e-01 4.904527e+03 5.042147e+03 
1.127475e-01 4.748893e+03 4.858203e+03 
1.157677e-01 4.595787e+03 4.683271e+03 
1.187879e-01 4.443685e+03 4.516815e+03 
1.218081e-01 4.291950e+03 4.358337e+03 
1.248283e-01 4.141323e+03 4.207371e+03 
1.278485e-01 3.992821e+03 4.063480e+03 
1.308687e-01 3.847601e+03 3.926259e+03 
1.338889e-01 3.706849e+03 3.795327e+03 
1.369091e-01 3.571778e+03 3.670328e+03 
1.399293e-01 3.443453e+03 3.550932e+03 
1.429495e-01 3.322637e+03 3.436826e+03 
1.459697e-01 3.209785e+03 3.327721e+03 
1.489899e-01 3.104854e+03 3.223345e+03 
1.520101e-01 3.007597e+03 3.123442e+03 
1.550303e-01 2.917517e+03 3.027774e+03 
1.580505e-01 2.833919e+03 2.936118e+03 
1.610707e-01 2.755841e+03 2.848262e+03 
1.640909e-01 2.682192e+03 2.764011e+03 
1.671111e-01 2.611736e+03 2.683180e+03 
1.701313e-01 2.543431e+03 2.605593e+03 
1.731515e-01 2.476516e+03 2.531089e+03 
1.761717e-01 2.410572e+03 2.459514e+03 
1.791919e-01 2.345572e+03 2.390723e+03 
1.822121e-01 2.281554e+03 2.324580e+03 
1.852323e-01 2.218606e+03 2.260957e+03 
1.882525e-01 2.156882e+03 2.199733e+03 
1.912727e-01 2.096610e+03 2.140794e+03 
1.942929e-01 2.038107e+03 2.084033e+03 
1.973131e-01 1.981767e+03 2.029348e+03 
2.003333e-01 1.927897e+03 1.976644e+03 
2.033535e-01 1.876710e+03 1.925830e+03 
2.063737e-01 1.828221e+03 1.876821e+03 
2.093939e-01 1.782280e+03 1.829535e+03 
2.124141e-01 1.738674e+03 1.783896e+03 
2.154343e-01 1.697150e+03 1.739832e+03 
2.184545e-01 1.657476e+03 1.697273e+03 
2.214747e-01 1.619437e+03 1.656155e+03 
2.244949e-01 1.582805e+03 1.616416e+03 
2.275152e-01 1.547349e+03 1.577997e+03 
2.305354e-01 1.512848e+03 1.540843e+03 
2.335556e-01 1.479104e+03 1.504901e+03 
2.365758e-01 1.446034e+03 1.470120e+03 
2.395960e-01 1.413620e+03 1.436454e+03 
2.426162e-01 1.381890e+03 1.403858e+03 
2.456364e-01 1.350891e+03 1.372287e+03 
2.486566e-01 1.320665e+03 1.341700e+03 
2.516768e-01 1.291249e+03 1.312060e+03 
2.546970e-01 1.262663e+03 1.283329e+03 
2.577172e-01 1.234928e+03 1.255471e+03 
2.607374e-01 1.208096e+03 1.228453e+03 
2.637576e-01 1.182225e+03 1.202242e+03 
2.667778e-01 1.157335e+03 1.176808e+03 
2.697980e-01 1.133417e+03 1.152121e+03 
2.728182e-01 1.110388e+03 1.128154e+03 
2.758384e-01 1.088142e+03 1.104880e+03 
2.788586e-01 1.066581e+03 1.082274e+03 
2.818788e-01 1.045622e+03 1.060310e+03 
2.848990e-01 1.025229e+03 1.038966e+03 
2.879192e-01 1.005374e+03 1.018220e+03 
2.909394e-01 9.860350e+02 9.980501e+02 
2.939596e-01 9.671826e+02 9.784359e+02 
2.969798e-01 9.487739e+02 9.593580e+02 
3.000000e-01 9.307701e+02 9.407978e+02 
