1.000000e-03 5.446539e+03 5.446534e+03 
4.020202e-03 1.812503e+04 1.826950e+04 
7.040404e-03 2.646752e+04 2.668137e+04 
1.006061e-02 3.156827e+04 3.185448e+04 
1.308081e-02 3.421668e+04 3.461377e+04 
1.610101e-02 3.499677e+04 3.544035e+04 
1.912121e-02 3.437916e+04 3.469235e+04 
2.214141e-02 3.276773e+04 3.279723e+04 
2.516162e-02 3.051174e+04 3.027043e+04 
2.818182e-02 2.791063e+04 2.758081e+04 
3.120202e-02 2.520726e+04 2.503317e+04 
3.422222e-02 2.258654e+04 2.276162e+04 
3.724242e-02 2.017599e+04 2.078924e+04 
4.026263e-02 1.805493e+04 1.908809e+04 
4.328283e-02 1.624932e+04 1.761547e+04 
4.630303e-02 1.476181e+04 1.633020e+04 
4.932323e-02 1.359060e+04 1.519775e+04 
5.234343e-02 1.269303e+04 1.419079e+04 
5.536364e-02 1.201767e+04 1.328807e+04 
5.838384e-02 1.151754e+04 1.247314e+04 
6.140404e-02 1.114851e+04 1.173310e+04 
6.442424e-02 1.086334e+04 1.105772e+04 
6.744444e-02 1.061766e+04 1.043878e+04 
7.046465e-02 1.037538e+04 9.869533e+03 
7.348485e-02 1.010654e+04 9.344393e+03 
7.650505e-02 9.789862e+03 8.858652e+03 
7.952525e-02 9.413957e+03 8.408301e+03 
8.254545e-02 8.977730e+03 7.989888e+03 
8.556566e-02 8.489027e+03 7.600413e+03 
8.858586e-02 7.962051e+03 7.237251e+03 
9.160606e-02 7.415072e+03 6.898088e+03 
9.462626e-02 6.867954e+03 6.580871e+03 
9.764646e-02 6.340048e+03 6.283772e+03 
1.006667e-01 5.848663e+03 6.005156e+03 
1.036869e-01 5.407353e+03 5.743552e+03 
1.067071e-01 5.025314e+03 5.497636e+03 
1.097273e-01 4.706151e+03 5.266213e+03 
1.127475e-01 4.449551e+03 5.048196e+03 
1.157677e-01 4.251104e+03 4.842602e+03 
1.187879e-01 4.104361e+03 4.648533e+03 
1.218081e-01 4.000907e+03 4.465171e+03 
1.248283e-01 3.931481e+03 4.291768e+03 
1.278485e-01 3.886168e+03 4.127641e+03 
1.308687e-01 3.854689e+03 3.972161e+03 
1.338889e-01 3.826869e+03 3.824753e+03 
1.369091e-01 3.793560e+03 3.684887e+03 
1.399293e-01 3.747092e+03 3.552075e+03 
1.429495e-01 3.682126e+03 3.425866e+03 
1.459697e-01 3.595801e+03 3.305847e+03 
1.489899e-01 3.487587e+03 3.191632e+03 
1.520101e-01 3.359233e+03 3.082866e+03 
1.550303e-01 3.214008e+03 2.979222e+03 
1.580505e-01 3.056954e+03 2.880393e+03 
1.610707e-01 2.893860e+03 2.786096e+03 
1.640909e-01 2.731098e+03 2.696068e+03 
1.671111e-01 2.574610e+03 2.610065e+03 
1.701313e-01 2.429698e+03 2.527858e+03 
1.731515e-01 2.300037e+03 2.449235e+03 
1.761717e-01 2.188070e+03 2.373998e+03 
1.791919e-01 2.094459e+03 2.301962e+03 
1.822121e-01 2.018939e+03 2.232954e+03 
1.852323e-01 1.960321e+03 2.166813e+03 
1.882525e-01 1.916819e+03 2.103388e+03 
1.912727e-01 1.886159e+03 2.042538e+03 
1.942929e-01 1.865519e+03 1.984128e+03 
1.973131e-01 1.851773e+03 1.928036e+03 
2.003333e-01 1.841519e+03 1.874145e+03 
2.033535e-01 1.831452e+03 1.822344e+03 
2.063737e-01 1.818521e+03 1.772531e+03 
2.093939e-01 1.800359e+03 1.724608e+03 
2.124141e-01 1.775241e+03 1.678485e+03 
2.154343e-01 1.742428e+03 1.634076e+03 
2.184545e-01 1.701816e+03 1.591299e+03 
2.214747e-01 1.654080e+03 1.550079e+03 
2.244949e-01 1.600384e+03 1.510342e+03 
2.275152e-01 1.542365e+03 1.472022e+03 
2.305354e-01 1.481929e+03 1.435054e+03 
2.335556e-01 1.421110e+03 1.399377e+03 
2.365758e-01 1.361841e+03 1.364934e+03 
2.395960e-01 1.305866e+03 1.331670e+03 
2.426162e-01 1.254562e+03 1.299534e+03 
2.456364e-01 1.208931e+03 1.268477e+03 
2.486566e-01 1.169569e+03 1.238454e+03 
2.516768e-01 1.136614e+03 1.209419e+03 
2.546970e-01 1.109869e+03 1.181333e+03 
2.577172e-01 1.088758e+03 1.154154e+03 
2.607374e-01 1.072488e+03 1.127846e+03 
2.637576e-01 1.060028e+03 1.102374e+03 
2.667778e-01 1.050247e+03 1.077703e+03 
2.697980e-01 1.041953e+03 1.053801e+03 
2.728182e-01 1.034030e+03 1.030638e+03 
2.758384e-01 1.025456e+03 1.008184e+03 
2.788586e-01 1.015384e+03 9.864121e+02 
2.818788e-01 1.003144e+03 9.652954e+02 
2.848990e-01 9.883226e+02 9.448089e+02 
2.879192e-01 9.707547e+02 9.249284e+02 
2.909394e-01 9.505173e+02 9.056312e+02 
2.939596e-01 9.279484e+02 8.868953e+02 
2.969798e-01 9.035471e+02 8.686999e+02 
3.000000e-01 8.779598e+02 8.510252e+02 
