1.000000e-03 6.921419e+03 6.921413e+03 
4.020202e-03 2.320842e+04 2.339505e+04 
7.040404e-03 3.382006e+04 3.410681e+04 
1.006061e-02 4.015072e+04 4.057385e+04 
1.308081e-02 4.323648e+04 4.386895e+04 
1.610101e-02 4.385123e+04 4.459574e+04 
1.912121e-02 4.262585e+04 4.319920e+04 
2.214141e-02 4.010832e+04 4.024607e+04 
2.516162e-02 3.678074e+04 3.646024e+04 
2.818182e-02 3.305312e+04 3.252146e+04 
3.120202e-02 2.925759e+04 2.887423e+04 
3.422222e-02 2.564250e+04 2.570489e+04 
3.724242e-02 2.237464e+04 2.302977e+04 
4.026263e-02 1.954919e+04 2.078912e+04 
4.328283e-02 1.718710e+04 1.890439e+04 
4.630303e-02 1.528919e+04 1.730326e+04 
4.932323e-02 1.383268e+04 1.592691e+04 
5.234343e-02 1.275047e+04 1.472984e+04 
5.536364e-02 1.197736e+04 1.367754e+04 
5.838384e-02 1.144831e+04 1.274386e+04 
6.140404e-02 1.109748e+04 1.190879e+04 
6.442424e-02 1.086380e+04 1.115687e+04 
6.744444e-02 1.069303e+04 1.047594e+04 
7.046465e-02 1.053672e+04 9.856286e+03 
7.348485e-02 1.035224e+04 9.290048e+03 
7.650505e-02 1.010592e+04 8.770751e+03 
7.952525e-02 9.776683e+03 8.293002e+03 
8.254545e-02 9.357068e+03 7.852254e+03 
8.556566e-02 8.853096e+03 7.444630e+03 
8.858586e-02 8.281944e+03 7.066796e+03 
9.160606e-02 7.667854e+03 6.715864e+03 
9.462626e-02 7.038443e+03 6.389308e+03 
9.764646e-02 6.420796e+03 6.084911e+03 
1.006667e-01 5.839665e+03 5.800715e+03 
1.036869e-01 5.314010e+03 5.534982e+03 
1.067071e-01 4.857102e+03 5.286162e+03 
1.097273e-01 4.475823e+03 5.052868e+03 
1.127475e-01 4.171150e+03 4.833856e+03 
1.157677e-01 3.940009e+03 4.628005e+03 
1.187879e-01 3.775770e+03 4.434304e+03 
1.218081e-01 3.669772e+03 4.251836e+03 
1.248283e-01 3.611286e+03 4.079769e+03 
1.278485e-01 3.588488e+03 3.917348e+03 
1.308687e-01 3.588825e+03 3.763883e+03 
1.338889e-01 3.599676e+03 3.618747e+03 
1.369091e-01 3.609014e+03 3.481364e+03 
1.399293e-01 3.606393e+03 3.351207e+03 
1.429495e-01 3.583326e+03 3.227792e+03 
1.459697e-01 3.533606e+03 3.110677e+03 
1.489899e-01 3.454037e+03 2.999451e+03 
1.520101e-01 3.343904e+03 2.893739e+03 
1.550303e-01 3.206019e+03 2.793193e+03 
1.580505e-01 3.045551e+03 2.697492e+03 
1.610707e-01 2.870210e+03 2.606340e+03 
1.640909e-01 2.688604e+03 2.519461e+03 
1.671111e-01 2.509531e+03 2.436602e+03 
1.701313e-01 2.340104e+03 2.357525e+03 
1.731515e-01 2.185999e+03 2.282011e+03 
1.761717e-01 2.050872e+03 2.209856e+03 
1.791919e-01 1.936862e+03 2.140870e+03 
1.822121e-01 1.844699e+03 2.074876e+03 
1.852323e-01 1.774088e+03 2.011708e+03 
1.882525e-01 1.723943e+03 1.951214e+03 
1.912727e-01 1.692076e+03 1.893248e+03 
1.942929e-01 1.675547e+03 1.837676e+03 
1.973131e-01 1.670617e+03 1.784373e+03 
2.003333e-01 1.673151e+03 1.733221e+03 
2.033535e-01 1.678860e+03 1.684108e+03 
2.063737e-01 1.683788e+03 1.636932e+03 
2.093939e-01 1.684414e+03 1.591595e+03 
2.124141e-01 1.677932e+03 1.548005e+03 
2.154343e-01 1.662297e+03 1.506078e+03 
2.184545e-01 1.636246e+03 1.465731e+03 
2.214747e-01 1.599519e+03 1.426890e+03 
2.244949e-01 1.552644e+03 1.389482e+03 
2.275152e-01 1.497240e+03 1.353441e+03 
2.305354e-01 1.435497e+03 1.318702e+03 
2.335556e-01 1.370106e+03 1.285205e+03 
2.365758e-01 1.303823e+03 1.252894e+03 
2.395960e-01 1.239302e+03 1.221715e+03 
2.426162e-01 1.178683e+03 1.191618e+03 
2.456364e-01 1.123704e+03 1.162554e+03 
2.486566e-01 1.075585e+03 1.134479e+03 
2.516768e-01 1.035053e+03 1.107349e+03 
2.546970e-01 1.002373e+03 1.081124e+03 
2.577172e-01 9.773244e+02 1.055765e+03 
2.607374e-01 9.593381e+02 1.031236e+03 
2.637576e-01 9.474143e+02 1.007502e+03 
2.667778e-01 9.403301e+02 9.845299e+02 
2.697980e-01 9.366755e+02 9.622887e+02 
2.728182e-01 9.350076e+02 9.407486e+02 
2.758384e-01 9.339011e+02 9.198814e+02 
2.788586e-01 9.320494e+02 8.996602e+02 
2.818788e-01 9.282934e+02 8.800594e+02 
2.848990e-01 9.216949e+02 8.610547e+02 
2.879192e-01 9.115896e+02 8.426229e+02 
2.909394e-01 8.975886e+02 8.247419e+02 
2.939596e-01 8.797209e+02 8.073907e+02 
2.969798e-01 8.583016e+02 7.905492e+02 
3.000000e-01 8.339855e+02 7.741982e+02 
