1.000000e-03 2.702831e+03 2.702828e+03 
4.020202e-03 8.973550e+03 9.045101e+03 
7.040404e-03 1.305962e+04 1.313660e+04 
1.006061e-02 1.558673e+04 1.561848e+04 
1.308081e-02 1.700502e+04 1.697058e+04 
1.610101e-02 1.763002e+04 1.751834e+04 
1.912121e-02 1.769378e+04 1.751506e+04 
2.214141e-02 1.737420e+04 1.717214e+04 
2.516162e-02 1.680911e+04 1.664545e+04 
2.818182e-02 1.610519e+04 1.603106e+04 
3.120202e-02 1.534180e+04 1.538150e+04 
3.422222e-02 1.457442e+04 1.472450e+04 
3.724242e-02 1.383891e+04 1.407514e+04 
4.026263e-02 1.315489e+04 1.344203e+04 
4.328283e-02 1.252916e+04 1.283025e+04 
4.630303e-02 1.195870e+04 1.224276e+04 
4.932323e-02 1.143946e+04 1.168113e+04 
5.234343e-02 1.096208e+04 1.114602e+04 
5.536364e-02 1.050935e+04 1.063744e+04 
5.838384e-02 1.007293e+04 1.015494e+04 
6.140404e-02 9.649194e+03 9.697798e+03 
6.442424e-02 9.232558e+03 9.265073e+03 
6.744444e-02 8.820104e+03 8.855711e+03 
7.046465e-02 8.412436e+03 8.468591e+03 
7.348485e-02 8.013145e+03 8.102563e+03 
7.650505e-02 7.627296e+03 7.756479e+03 
7.952525e-02 7.260665e+03 7.429213e+03 
8.254545e-02 6.917302e+03 7.119673e+03 
8.556566e-02 6.599488e+03 6.826809e+03 
8.858586e-02 6.307364e+03 6.549621e+03 
9.160606e-02 6.040289e+03 6.287159e+03 
9.462626e-02 5.797167e+03 6.038527e+03 
9.764646e-02 5.576587e+03 5.802880e+03 
1.006667e-01 5.376317e+03 5.579426e+03 
1.036869e-01 5.192837e+03 5.367419e+03 
1.067071e-01 5.021736e+03 5.166165e+03 
1.097273e-01 4.858294e+03 4.975010e+03 
1.127475e-01 4.699217e+03 4.793347e+03 
1.157677e-01 4.542192e+03 4.620606e+03 
1.187879e-01 4.386486e+03 4.456257e+03 
1.218081e-01 4.232278e+03 4.299803e+03 
1.248283e-01 4.080351e+03 4.150782e+03 
1.278485e-01 3.931802e+03 4.008761e+03 
1.308687e-01 3.787774e+03 3.873336e+03 
1.338889e-01 3.649421e+03 3.744131e+03 
1.369091e-01 3.517803e+03 3.620793e+03 
1.399293e-01 3.393851e+03 3.502992e+03 
1.429495e-01 3.277862e+03 3.390422e+03 
1.459697e-01 3.169804e+03 3.282793e+03 
1.489899e-01 3.069308e+03 3.179836e+03 
1.520101e-01 2.975839e+03 3.081299e+03 
1.550303e-01 2.888724e+03 2.986945e+03 
1.580505e-01 2.807194e+03 2.896553e+03 
1.610707e-01 2.730236e+03 2.809915e+03 
1.640909e-01 2.656761e+03 2.726836e+03 
1.671111e-01 2.585795e+03 2.647133e+03 
1.701313e-01 2.516485e+03 2.570633e+03 
1.731515e-01 2.448417e+03 2.497176e+03 
1.761717e-01 2.381386e+03 2.426610e+03 
1.791919e-01 2.315506e+03 2.358791e+03 
1.822121e-01 2.250983e+03 2.293585e+03 
1.852323e-01 2.187992e+03 2.230865e+03 
1.882525e-01 2.126710e+03 2.170513e+03 
1.912727e-01 2.067400e+03 2.112414e+03 
1.942929e-01 2.010333e+03 2.056464e+03 
1.973131e-01 1.955733e+03 2.002562e+03 
2.003333e-01 1.903768e+03 1.950614e+03 
2.033535e-01 1.854437e+03 1.900529e+03 
2.063737e-01 1.807653e+03 1.852224e+03 
2.093939e-01 1.763169e+03 1.805618e+03 
2.124141e-01 1.720711e+03 1.760636e+03 
2.154343e-01 1.680062e+03 1.717207e+03 
2.184545e-01 1.641011e+03 1.675262e+03 
2.214747e-01 1.603332e+03 1.634737e+03 
2.244949e-01 1.566801e+03 1.595571e+03 
2.275152e-01 1.531228e+03 1.557707e+03 
2.305354e-01 1.496463e+03 1.521090e+03 
2.335556e-01 1.462483e+03 1.485667e+03 
2.365758e-01 1.429294e+03 1.451389e+03 
2.395960e-01 1.396926e+03 1.418210e+03 
2.426162e-01 1.365404e+03 1.386084e+03 
2.456364e-01 1.334726e+03 1.354969e+03 
2.486566e-01 1.304894e+03 1.324824e+03 
2.516768e-01 1.275921e+03 1.295612e+03 
2.546970e-01 1.247842e+03 1.267295e+03 
2.577172e-01 1.220727e+03 1.239839e+03 
2.607374e-01 1.194621e+03 1.213210e+03 
2.637576e-01 1.169496e+03 1.187377e+03 
2.667778e-01 1.145294e+03 1.162309e+03 
2.697980e-01 1.121919e+03 1.137977e+03 
2.728182e-01 1.099276e+03 1.114355e+03 
2.758384e-01 1.077284e+03 1.091415e+03 
2.788586e-01 1.055889e+03 1.069132e+03 
2.818788e-01 1.035083e+03 1.047484e+03 
2.848990e-01 1.014851e+03 1.026445e+03 
2.879192e-01 9.951537e+02 1.005996e+03 
2.909394e-01 9.759478e+02 9.861135e+02 
2.939596e-01 9.571867e+02 9.667790e+02 
2.969798e-01 9.388427e+02 9.479729e+02 
3.000000e-01 9.209225e+02 9.296766e+02 
