1.000000e-03 3.638573e+03 3.638570e+03 
4.020202e-03 1.213378e+04 1.222878e+04 
7.040404e-03 1.770789e+04 1.783102e+04 
1.006061e-02 2.112774e+04 2.125110e+04 
1.308081e-02 2.295308e+04 2.307279e+04 
1.610101e-02 2.359400e+04 2.366684e+04 
1.912121e-02 2.337072e+04 2.333805e+04 
2.214141e-02 2.254770e+04 2.241031e+04 
2.516162e-02 2.134617e+04 2.119097e+04 
2.818182e-02 1.994662e+04 1.989994e+04 
3.120202e-02 1.849026e+04 1.865381e+04 
3.422222e-02 1.708038e+04 1.749699e+04 
3.724242e-02 1.578482e+04 1.643733e+04 
4.026263e-02 1.464342e+04 1.546857e+04 
4.328283e-02 1.366688e+04 1.458076e+04 
4.630303e-02 1.284751e+04 1.376423e+04 
4.932323e-02 1.218411e+04 1.301062e+04 
5.234343e-02 1.164631e+04 1.231300e+04 
5.536364e-02 1.119354e+04 1.166561e+04 
5.838384e-02 1.080299e+04 1.106360e+04 
6.140404e-02 1.044709e+04 1.050283e+04 
6.442424e-02 1.009982e+04 9.979729e+03 
6.744444e-02 9.742329e+03 9.491126e+03 
7.046465e-02 9.361921e+03 9.034219e+03 
7.348485e-02 8.953317e+03 8.606489e+03 
7.650505e-02 8.518492e+03 8.205667e+03 
7.952525e-02 8.065455e+03 7.829694e+03 
8.254545e-02 7.605782e+03 7.476700e+03 
8.556566e-02 7.152107e+03 7.144977e+03 
8.858586e-02 6.716042e+03 6.832967e+03 
9.160606e-02 6.307804e+03 6.539241e+03 
9.462626e-02 5.935612e+03 6.262493e+03 
9.764646e-02 5.605628e+03 6.001523e+03 
1.006667e-01 5.320939e+03 5.755227e+03 
1.036869e-01 5.081971e+03 5.522594e+03 
1.067071e-01 4.885073e+03 5.302692e+03 
1.097273e-01 4.724411e+03 5.094661e+03 
1.127475e-01 4.591944e+03 4.897712e+03 
1.157677e-01 4.479345e+03 4.711113e+03 
1.187879e-01 4.378493e+03 4.534191e+03 
1.218081e-01 4.282233e+03 4.366324e+03 
1.248283e-01 4.184418e+03 4.206937e+03 
1.278485e-01 4.080533e+03 4.055495e+03 
1.308687e-01 3.967334e+03 3.911507e+03 
1.338889e-01 3.843607e+03 3.774514e+03 
1.369091e-01 3.709615e+03 3.644092e+03 
1.399293e-01 3.567607e+03 3.519848e+03 
1.429495e-01 3.420652e+03 3.401415e+03 
1.459697e-01 3.272446e+03 3.288453e+03 
1.489899e-01 3.126681e+03 3.180645e+03 
1.520101e-01 2.986922e+03 3.077697e+03 
1.550303e-01 2.856194e+03 2.979332e+03 
1.580505e-01 2.736996e+03 2.885296e+03 
1.610707e-01 2.630892e+03 2.795347e+03 
1.640909e-01 2.538552e+03 2.709263e+03 
1.671111e-01 2.459558e+03 2.626835e+03 
1.701313e-01 2.392598e+03 2.547866e+03 
1.731515e-01 2.335691e+03 2.472175e+03 
1.761717e-01 2.286486e+03 2.399589e+03 
1.791919e-01 2.242547e+03 2.329947e+03 
1.822121e-01 2.201625e+03 2.263099e+03 
1.852323e-01 2.161654e+03 2.198904e+03 
1.882525e-01 2.120842e+03 2.137227e+03 
1.912727e-01 2.077776e+03 2.077944e+03 
1.942929e-01 2.031460e+03 2.020938e+03 
1.973131e-01 1.981527e+03 1.966098e+03 
2.003333e-01 1.928090e+03 1.913319e+03 
2.033535e-01 1.871932e+03 1.862504e+03 
2.063737e-01 1.814109e+03 1.813560e+03 
2.093939e-01 1.755877e+03 1.766400e+03 
2.124141e-01 1.698451e+03 1.720940e+03 
2.154343e-01 1.642950e+03 1.677104e+03 
2.184545e-01 1.590335e+03 1.634818e+03 
2.214747e-01 1.541405e+03 1.594012e+03 
2.244949e-01 1.496622e+03 1.554620e+03 
2.275152e-01 1.456217e+03 1.516580e+03 
2.305354e-01 1.420087e+03 1.479834e+03 
2.335556e-01 1.387933e+03 1.444325e+03 
2.365758e-01 1.359237e+03 1.410000e+03 
2.395960e-01 1.333366e+03 1.376809e+03 
2.426162e-01 1.309610e+03 1.344705e+03 
2.456364e-01 1.287247e+03 1.313642e+03 
2.486566e-01 1.265567e+03 1.283577e+03 
2.516768e-01 1.243917e+03 1.254470e+03 
2.546970e-01 1.221747e+03 1.226281e+03 
2.577172e-01 1.198691e+03 1.198973e+03 
2.607374e-01 1.174591e+03 1.172513e+03 
2.637576e-01 1.149507e+03 1.146865e+03 
2.667778e-01 1.123653e+03 1.121999e+03 
2.697980e-01 1.097340e+03 1.097883e+03 
2.728182e-01 1.070914e+03 1.074490e+03 
2.758384e-01 1.044721e+03 1.051791e+03 
2.788586e-01 1.019090e+03 1.029760e+03 
2.818788e-01 9.943271e+02 1.008373e+03 
2.848990e-01 9.707042e+02 9.876044e+02 
2.879192e-01 9.484329e+02 9.674322e+02 
2.909394e-01 9.276616e+02 9.478345e+02 
2.939596e-01 9.084264e+02 9.287903e+02 
2.969798e-01 8.906814e+02 9.102797e+02 
3.000000e-01 8.742603e+02 8.922837e+02 
