1.000000e-03 2.564927e+03 2.564924e+03 
4.020202e-03 8.543175e+03 8.612518e+03 
7.040404e-03 1.244978e+04 1.252304e+04 
1.006061e-02 1.488194e+04 1.490399e+04 
1.308081e-02 1.627231e+04 1.622005e+04 
1.610101e-02 1.692266e+04 1.678960e+04 
1.912121e-02 1.705158e+04 1.685376e+04 
2.214141e-02 1.682293e+04 1.660284e+04 
2.516162e-02 1.636252e+04 1.617178e+04 
2.818182e-02 1.576516e+04 1.564411e+04 
3.120202e-02 1.510100e+04 1.506809e+04 
3.422222e-02 1.441932e+04 1.447174e+04 
3.724242e-02 1.375164e+04 1.387203e+04 
4.026263e-02 1.311696e+04 1.327967e+04 
4.328283e-02 1.252012e+04 1.270153e+04 
4.630303e-02 1.196134e+04 1.214203e+04 
4.932323e-02 1.144621e+04 1.160385e+04 
5.234343e-02 1.096252e+04 1.108851e+04 
5.536364e-02 1.049544e+04 1.059666e+04 
5.838384e-02 1.004535e+04 1.012840e+04 
6.140404e-02 9.611485e+03 9.683406e+03 
6.442424e-02 9.189445e+03 9.261066e+03 
6.744444e-02 8.777881e+03 8.860595e+03 
7.046465e-02 8.377735e+03 8.481093e+03 
7.348485e-02 7.992033e+03 8.121592e+03 
7.650505e-02 7.624424e+03 7.781097e+03 
7.952525e-02 7.278655e+03 7.458611e+03 
8.254545e-02 6.956597e+03 7.153149e+03 
8.556566e-02 6.658334e+03 6.863754e+03 
8.858586e-02 6.382357e+03 6.589507e+03 
9.160606e-02 6.126780e+03 6.329524e+03 
9.462626e-02 5.890234e+03 6.082969e+03 
9.764646e-02 5.671255e+03 5.849048e+03 
1.006667e-01 5.468068e+03 5.627012e+03 
1.036869e-01 5.277897e+03 5.416154e+03 
1.067071e-01 5.097443e+03 5.215812e+03 
1.097273e-01 4.923548e+03 5.025364e+03 
1.127475e-01 4.753973e+03 4.844226e+03 
1.157677e-01 4.588052e+03 4.671852e+03 
1.187879e-01 4.425655e+03 4.507731e+03 
1.218081e-01 4.267598e+03 4.351384e+03 
1.248283e-01 4.114789e+03 4.202363e+03 
1.278485e-01 3.967952e+03 4.060249e+03 
1.308687e-01 3.827731e+03 3.924651e+03 
1.338889e-01 3.694598e+03 3.795202e+03 
1.369091e-01 3.568912e+03 3.671559e+03 
1.399293e-01 3.450626e+03 3.553400e+03 
1.429495e-01 3.339482e+03 3.440426e+03 
1.459697e-01 3.234989e+03 3.332354e+03 
1.489899e-01 3.136504e+03 3.228921e+03 
1.520101e-01 3.043406e+03 3.129879e+03 
1.550303e-01 2.955098e+03 3.034996e+03 
1.580505e-01 2.870953e+03 2.944055e+03 
1.610707e-01 2.790303e+03 2.856851e+03 
1.640909e-01 2.712523e+03 2.773193e+03 
1.671111e-01 2.637059e+03 2.692900e+03 
1.701313e-01 2.563519e+03 2.615803e+03 
1.731515e-01 2.491883e+03 2.541742e+03 
1.761717e-01 2.422212e+03 2.470568e+03 
1.791919e-01 2.354642e+03 2.402139e+03 
1.822121e-01 2.289317e+03 2.336321e+03 
1.852323e-01 2.226308e+03 2.272991e+03 
1.882525e-01 2.165662e+03 2.212029e+03 
1.912727e-01 2.107426e+03 2.153325e+03 
1.942929e-01 2.051639e+03 2.096771e+03 
1.973131e-01 1.998291e+03 2.042270e+03 
2.003333e-01 1.947331e+03 1.989728e+03 
2.033535e-01 1.898613e+03 1.939055e+03 
2.063737e-01 1.851903e+03 1.890167e+03 
2.093939e-01 1.806986e+03 1.842985e+03 
2.124141e-01 1.763680e+03 1.797434e+03 
2.154343e-01 1.721829e+03 1.753443e+03 
2.184545e-01 1.681325e+03 1.710943e+03 
2.214747e-01 1.642059e+03 1.669871e+03 
2.244949e-01 1.603921e+03 1.630166e+03 
2.275152e-01 1.566818e+03 1.591771e+03 
2.305354e-01 1.530737e+03 1.554630e+03 
2.335556e-01 1.495683e+03 1.518692e+03 
2.365758e-01 1.461686e+03 1.483907e+03 
2.395960e-01 1.428775e+03 1.450229e+03 
2.426162e-01 1.396917e+03 1.417612e+03 
2.456364e-01 1.366055e+03 1.386014e+03 
2.486566e-01 1.336145e+03 1.355395e+03 
2.516768e-01 1.307152e+03 1.325716e+03 
2.546970e-01 1.279071e+03 1.296941e+03 
2.577172e-01 1.251917e+03 1.269034e+03 
2.607374e-01 1.225677e+03 1.241963e+03 
2.637576e-01 1.200295e+03 1.215694e+03 
2.667778e-01 1.175704e+03 1.190199e+03 
2.697980e-01 1.151820e+03 1.165449e+03 
2.728182e-01 1.128573e+03 1.141414e+03 
2.758384e-01 1.105935e+03 1.118070e+03 
2.788586e-01 1.083888e+03 1.095390e+03 
2.818788e-01 1.062439e+03 1.073351e+03 
2.848990e-01 1.041592e+03 1.051930e+03 
2.879192e-01 1.021321e+03 1.031105e+03 
2.909394e-01 1.001589e+03 1.010854e+03 
2.939596e-01 9.823671e+02 9.911573e+02 
2.969798e-01 9.636296e+02 9.719956e+02 
3.000000e-01 9.453718e+02 9.533503e+02 
