1.000000e-03 2.384909e+03 2.384907e+03 
4.020202e-03 7.848091e+03 7.918089e+03 
7.040404e-03 1.139259e+04 1.147198e+04 
1.006061e-02 1.360691e+04 1.363651e+04 
1.308081e-02 1.490378e+04 1.485622e+04 
1.610101e-02 1.556224e+04 1.543358e+04 
1.912121e-02 1.577572e+04 1.558198e+04 
2.214141e-02 1.568287e+04 1.545363e+04 
2.516162e-02 1.538447e+04 1.515177e+04 
2.818182e-02 1.495485e+04 1.474326e+04 
3.120202e-02 1.444703e+04 1.427117e+04 
3.422222e-02 1.389893e+04 1.376380e+04 
3.724242e-02 1.333589e+04 1.324022e+04 
4.026263e-02 1.277538e+04 1.271335e+04 
4.328283e-02 1.222462e+04 1.219202e+04 
4.630303e-02 1.168857e+04 1.168214e+04 
4.932323e-02 1.117973e+04 1.118761e+04 
5.234343e-02 1.069338e+04 1.071088e+04 
5.536364e-02 1.022099e+04 1.025336e+04 
5.838384e-02 9.767758e+03 9.815742e+03 
6.140404e-02 9.337359e+03 9.398180e+03 
6.442424e-02 8.927935e+03 9.000482e+03 
6.744444e-02 8.537993e+03 8.622200e+03 
7.046465e-02 8.167148e+03 8.262725e+03 
7.348485e-02 7.815448e+03 7.921336e+03 
7.650505e-02 7.483728e+03 7.597252e+03 
7.952525e-02 7.172605e+03 7.289661e+03 
8.254545e-02 6.880848e+03 6.997740e+03 
8.556566e-02 6.606564e+03 6.720675e+03 
8.858586e-02 6.347709e+03 6.457668e+03 
9.160606e-02 6.102119e+03 6.207948e+03 
9.462626e-02 5.868370e+03 5.970773e+03 
9.764646e-02 5.646448e+03 5.745438e+03 
1.006667e-01 5.436317e+03 5.531267e+03 
1.036869e-01 5.237084e+03 5.327625e+03 
1.067071e-01 5.047604e+03 5.133909e+03 
1.097273e-01 4.866734e+03 4.949551e+03 
1.127475e-01 4.693341e+03 4.774017e+03 
1.157677e-01 4.526841e+03 4.606803e+03 
1.187879e-01 4.367543e+03 4.447439e+03 
1.218081e-01 4.215745e+03 4.295480e+03 
1.248283e-01 4.071399e+03 4.150511e+03 
1.278485e-01 3.934347e+03 4.012142e+03 
1.308687e-01 3.804193e+03 3.880007e+03 
1.338889e-01 3.680400e+03 3.753762e+03 
1.369091e-01 3.562495e+03 3.633088e+03 
1.399293e-01 3.450101e+03 3.517680e+03 
1.429495e-01 3.342827e+03 3.407257e+03 
1.459697e-01 3.240221e+03 3.301554e+03 
1.489899e-01 3.141838e+03 3.200319e+03 
1.520101e-01 3.047428e+03 3.103321e+03 
1.550303e-01 2.956835e+03 3.010338e+03 
1.580505e-01 2.869900e+03 2.921164e+03 
1.610707e-01 2.786432e+03 2.835605e+03 
1.640909e-01 2.706228e+03 2.753478e+03 
1.671111e-01 2.629105e+03 2.674613e+03 
1.701313e-01 2.554961e+03 2.598846e+03 
1.731515e-01 2.483711e+03 2.526026e+03 
1.761717e-01 2.415260e+03 2.456008e+03 
1.791919e-01 2.349488e+03 2.388659e+03 
1.822121e-01 2.286265e+03 2.323851e+03 
1.852323e-01 2.225464e+03 2.261463e+03 
1.882525e-01 2.166952e+03 2.201381e+03 
1.912727e-01 2.110594e+03 2.143499e+03 
1.942929e-01 2.056286e+03 2.087716e+03 
1.973131e-01 2.003953e+03 2.033935e+03 
2.003333e-01 1.953524e+03 1.982065e+03 
2.033535e-01 1.904896e+03 1.932022e+03 
2.063737e-01 1.857940e+03 1.883724e+03 
2.093939e-01 1.812529e+03 1.837095e+03 
2.124141e-01 1.768607e+03 1.792061e+03 
2.154343e-01 1.726166e+03 1.748554e+03 
2.184545e-01 1.685192e+03 1.706508e+03 
2.214747e-01 1.645612e+03 1.665861e+03 
2.244949e-01 1.607325e+03 1.626555e+03 
2.275152e-01 1.570241e+03 1.588533e+03 
2.305354e-01 1.534325e+03 1.551742e+03 
2.335556e-01 1.499559e+03 1.516132e+03 
2.365758e-01 1.465921e+03 1.481655e+03 
2.395960e-01 1.433371e+03 1.448265e+03 
2.426162e-01 1.401867e+03 1.415918e+03 
2.456364e-01 1.371355e+03 1.384574e+03 
2.486566e-01 1.341768e+03 1.354192e+03 
2.516768e-01 1.313032e+03 1.324736e+03 
2.546970e-01 1.285104e+03 1.296169e+03 
2.577172e-01 1.257991e+03 1.268458e+03 
2.607374e-01 1.231706e+03 1.241570e+03 
2.637576e-01 1.206229e+03 1.215473e+03 
2.667778e-01 1.181509e+03 1.190139e+03 
2.697980e-01 1.157489e+03 1.165539e+03 
2.728182e-01 1.134132e+03 1.141645e+03 
2.758384e-01 1.111417e+03 1.118433e+03 
2.788586e-01 1.089325e+03 1.095877e+03 
2.818788e-01 1.067843e+03 1.073953e+03 
2.848990e-01 1.046964e+03 1.052640e+03 
2.879192e-01 1.026676e+03 1.031916e+03 
2.909394e-01 1.006953e+03 1.011759e+03 
2.939596e-01 9.877562e+02 9.921500e+02 
2.969798e-01 9.690528e+02 9.730702e+02 
3.000000e-01 9.508294e+02 9.545013e+02 
