1.000000e-03 3.191874e+03 3.191871e+03 
4.020202e-03 1.060957e+04 1.069326e+04 
7.040404e-03 1.547681e+04 1.557953e+04 
1.006061e-02 1.848597e+04 1.856970e+04 
1.308081e-02 2.013675e+04 2.018935e+04 
1.610101e-02 2.078853e+04 2.078165e+04 
1.912121e-02 2.071706e+04 2.062400e+04 
2.214141e-02 2.014405e+04 1.998769e+04 
2.516162e-02 1.925125e+04 1.910989e+04 
2.818182e-02 1.818393e+04 1.815172e+04 
3.120202e-02 1.705530e+04 1.719840e+04 
3.422222e-02 1.594779e+04 1.628586e+04 
3.724242e-02 1.491571e+04 1.542541e+04 
4.026263e-02 1.399003e+04 1.461826e+04 
4.328283e-02 1.318321e+04 1.386209e+04 
4.630303e-02 1.248897e+04 1.315363e+04 
4.932323e-02 1.189887e+04 1.248962e+04 
5.234343e-02 1.140003e+04 1.186699e+04 
5.536364e-02 1.096030e+04 1.128291e+04 
5.838384e-02 1.055768e+04 1.073478e+04 
6.140404e-02 1.017830e+04 1.022018e+04 
6.442424e-02 9.803496e+03 9.736855e+03 
6.744444e-02 9.420748e+03 9.282714e+03 
7.046465e-02 9.023954e+03 8.855786e+03 
7.348485e-02 8.611749e+03 8.454234e+03 
7.650505e-02 8.188327e+03 8.076341e+03 
7.952525e-02 7.761713e+03 7.720508e+03 
8.254545e-02 7.341862e+03 7.385243e+03 
8.556566e-02 6.938035e+03 7.069159e+03 
8.858586e-02 6.557969e+03 6.770965e+03 
9.160606e-02 6.207344e+03 6.489463e+03 
9.462626e-02 5.890310e+03 6.223542e+03 
9.764646e-02 5.609352e+03 5.972170e+03 
1.006667e-01 5.365168e+03 5.734390e+03 
1.036869e-01 5.156093e+03 5.509314e+03 
1.067071e-01 4.977995e+03 5.296120e+03 
1.097273e-01 4.824845e+03 5.094045e+03 
1.127475e-01 4.689413e+03 4.902381e+03 
1.157677e-01 4.564894e+03 4.720473e+03 
1.187879e-01 4.445067e+03 4.547710e+03 
1.218081e-01 4.325496e+03 4.383528e+03 
1.248283e-01 4.202806e+03 4.227400e+03 
1.278485e-01 4.075207e+03 4.078839e+03 
1.308687e-01 3.941911e+03 3.937392e+03 
1.338889e-01 3.803516e+03 3.802634e+03 
1.369091e-01 3.661537e+03 3.674175e+03 
1.399293e-01 3.518469e+03 3.551647e+03 
1.429495e-01 3.377008e+03 3.434709e+03 
1.459697e-01 3.239919e+03 3.323044e+03 
1.489899e-01 3.109531e+03 3.216355e+03 
1.520101e-01 2.987813e+03 3.114364e+03 
1.550303e-01 2.876074e+03 3.016813e+03 
1.580505e-01 2.775185e+03 2.923460e+03 
1.610707e-01 2.685258e+03 2.834077e+03 
1.640909e-01 2.605880e+03 2.748454e+03 
1.671111e-01 2.535782e+03 2.666392e+03 
1.701313e-01 2.473328e+03 2.587704e+03 
1.731515e-01 2.416494e+03 2.512216e+03 
1.761717e-01 2.363351e+03 2.439764e+03 
1.791919e-01 2.312140e+03 2.370195e+03 
1.822121e-01 2.261485e+03 2.303364e+03 
1.852323e-01 2.210333e+03 2.239134e+03 
1.882525e-01 2.158004e+03 2.177379e+03 
1.912727e-01 2.104069e+03 2.117978e+03 
1.942929e-01 2.048506e+03 2.060818e+03 
1.973131e-01 1.991553e+03 2.005791e+03 
2.003333e-01 1.933896e+03 1.952797e+03 
2.033535e-01 1.876364e+03 1.901741e+03 
2.063737e-01 1.819905e+03 1.852534e+03 
2.093939e-01 1.765357e+03 1.805090e+03 
2.124141e-01 1.713378e+03 1.759330e+03 
2.154343e-01 1.664438e+03 1.715178e+03 
2.184545e-01 1.618830e+03 1.672562e+03 
2.214747e-01 1.576659e+03 1.631414e+03 
2.244949e-01 1.537888e+03 1.591671e+03 
2.275152e-01 1.502262e+03 1.553272e+03 
2.305354e-01 1.469411e+03 1.516158e+03 
2.335556e-01 1.438830e+03 1.480276e+03 
2.365758e-01 1.409987e+03 1.445572e+03 
2.395960e-01 1.382377e+03 1.411999e+03 
2.426162e-01 1.355542e+03 1.379510e+03 
2.456364e-01 1.329101e+03 1.348059e+03 
2.486566e-01 1.302746e+03 1.317605e+03 
2.516768e-01 1.276243e+03 1.288107e+03 
2.546970e-01 1.249465e+03 1.259528e+03 
2.577172e-01 1.222380e+03 1.231830e+03 
2.607374e-01 1.195112e+03 1.204980e+03 
2.637576e-01 1.167873e+03 1.178944e+03 
2.667778e-01 1.140946e+03 1.153691e+03 
2.697980e-01 1.114619e+03 1.129191e+03 
2.728182e-01 1.089102e+03 1.105415e+03 
2.758384e-01 1.064559e+03 1.082337e+03 
2.788586e-01 1.041074e+03 1.059929e+03 
2.818788e-01 1.018702e+03 1.038167e+03 
2.848990e-01 9.974659e+02 1.017028e+03 
2.879192e-01 9.773602e+02 9.964879e+02 
2.909394e-01 9.583481e+02 9.765261e+02 
2.939596e-01 9.403344e+02 9.571217e+02 
2.969798e-01 9.231837e+02 9.382546e+02 
3.000000e-01 9.067257e+02 9.199059e+02 
