1.000000e-03 5.982885e+03 5.982880e+03 
4.020202e-03 2.018116e+04 2.034250e+04 
7.040404e-03 2.946153e+04 2.970222e+04 
1.006061e-02 3.501992e+04 3.535692e+04 
1.308081e-02 3.776536e+04 3.824398e+04 
1.610101e-02 3.837701e+04 3.890638e+04 
1.912121e-02 3.740952e+04 3.776552e+04 
2.214141e-02 3.533961e+04 3.534815e+04 
2.516162e-02 3.258265e+04 3.228343e+04 
2.818182e-02 2.948949e+04 2.912095e+04 
3.120202e-02 2.634076e+04 2.619547e+04 
3.422222e-02 2.334486e+04 2.363614e+04 
3.724242e-02 2.063979e+04 2.144799e+04 
4.026263e-02 1.830407e+04 1.958457e+04 
4.328283e-02 1.635171e+04 1.798845e+04 
4.630303e-02 1.478381e+04 1.660774e+04 
4.932323e-02 1.358372e+04 1.540046e+04 
5.234343e-02 1.268795e+04 1.433406e+04 
5.536364e-02 1.203993e+04 1.338363e+04 
5.838384e-02 1.158305e+04 1.253005e+04 
6.140404e-02 1.125704e+04 1.175852e+04 
6.442424e-02 1.100881e+04 1.105737e+04 
6.744444e-02 1.079163e+04 1.041727e+04 
7.046465e-02 1.056496e+04 9.830636e+03 
7.348485e-02 1.029554e+04 9.291209e+03 
7.650505e-02 9.960447e+03 8.793751e+03 
7.952525e-02 9.549385e+03 8.333824e+03 
8.254545e-02 9.064547e+03 7.907626e+03 
8.556566e-02 8.518933e+03 7.511874e+03 
8.858586e-02 7.933101e+03 7.143704e+03 
9.160606e-02 7.331219e+03 6.800605e+03 
9.462626e-02 6.738347e+03 6.480360e+03 
9.764646e-02 6.176743e+03 6.181001e+03 
1.006667e-01 5.665418e+03 5.900776e+03 
1.036869e-01 5.216904e+03 5.638116e+03 
1.067071e-01 4.838776e+03 5.391614e+03 
1.097273e-01 4.532685e+03 5.160000e+03 
1.127475e-01 4.295913e+03 4.942129e+03 
1.157677e-01 4.122345e+03 4.736964e+03 
1.187879e-01 4.003256e+03 4.543562e+03 
1.218081e-01 3.928409e+03 4.361067e+03 
1.248283e-01 3.886054e+03 4.188698e+03 
1.278485e-01 3.864002e+03 4.025743e+03 
1.308687e-01 3.849952e+03 3.871550e+03 
1.338889e-01 3.832770e+03 3.725521e+03 
1.369091e-01 3.802695e+03 3.587108e+03 
1.399293e-01 3.752772e+03 3.455809e+03 
1.429495e-01 3.678332e+03 3.331158e+03 
1.459697e-01 3.577601e+03 3.212731e+03 
1.489899e-01 3.451349e+03 3.100132e+03 
1.520101e-01 3.302587e+03 2.992998e+03 
1.550303e-01 3.136886e+03 2.890993e+03 
1.580505e-01 2.961196e+03 2.793806e+03 
1.610707e-01 2.783619e+03 2.701147e+03 
1.640909e-01 2.611721e+03 2.612749e+03 
1.671111e-01 2.452017e+03 2.528363e+03 
1.701313e-01 2.309020e+03 2.447759e+03 
1.731515e-01 2.185663e+03 2.370721e+03 
1.761717e-01 2.082924e+03 2.297048e+03 
1.791919e-01 2.000760e+03 2.226554e+03 
1.822121e-01 1.938139e+03 2.159065e+03 
1.852323e-01 1.893312e+03 2.094417e+03 
1.882525e-01 1.863870e+03 2.032460e+03 
1.912727e-01 1.846538e+03 1.973049e+03 
1.942929e-01 1.837556e+03 1.916054e+03 
1.973131e-01 1.832748e+03 1.861347e+03 
2.003333e-01 1.828122e+03 1.808813e+03 
2.033535e-01 1.820086e+03 1.758342e+03 
2.063737e-01 1.805918e+03 1.709830e+03 
2.093939e-01 1.783652e+03 1.663182e+03 
2.124141e-01 1.752361e+03 1.618304e+03 
2.154343e-01 1.711828e+03 1.575113e+03 
2.184545e-01 1.662670e+03 1.533527e+03 
2.214747e-01 1.606188e+03 1.493470e+03 
2.244949e-01 1.544274e+03 1.454871e+03 
2.275152e-01 1.479316e+03 1.417662e+03 
2.305354e-01 1.413850e+03 1.381779e+03 
2.335556e-01 1.350266e+03 1.347161e+03 
2.365758e-01 1.290623e+03 1.313753e+03 
2.395960e-01 1.236527e+03 1.281500e+03 
2.426162e-01 1.189012e+03 1.250351e+03 
2.456364e-01 1.148660e+03 1.220258e+03 
2.486566e-01 1.115556e+03 1.191175e+03 
2.516768e-01 1.089450e+03 1.163058e+03 
2.546970e-01 1.069692e+03 1.135868e+03 
2.577172e-01 1.055328e+03 1.109565e+03 
2.607374e-01 1.045141e+03 1.084112e+03 
2.637576e-01 1.037753e+03 1.059473e+03 
2.667778e-01 1.031750e+03 1.035616e+03 
2.697980e-01 1.025793e+03 1.012510e+03 
2.728182e-01 1.018707e+03 9.901224e+02 
2.758384e-01 1.009548e+03 9.684264e+02 
2.788586e-01 9.976546e+02 9.473943e+02 
2.818788e-01 9.826021e+02 9.270000e+02 
2.848990e-01 9.642813e+02 9.072189e+02 
2.879192e-01 9.428224e+02 8.880273e+02 
2.909394e-01 9.186701e+02 8.694029e+02 
2.939596e-01 8.924781e+02 8.513242e+02 
2.969798e-01 8.650716e+02 8.337706e+02 
3.000000e-01 8.373265e+02 8.167228e+02 
