1.000000e-03 4.016440e+03 4.016436e+03 
4.020202e-03 1.368420e+04 1.379232e+04 
7.040404e-03 2.010897e+04 2.025814e+04 
1.006061e-02 2.406058e+04 2.423546e+04 
1.308081e-02 2.614710e+04 2.635512e+04 
1.610101e-02 2.682569e+04 2.701051e+04 
1.912121e-02 2.646501e+04 2.652542e+04 
2.214141e-02 2.537710e+04 2.527199e+04 
2.516162e-02 2.382841e+04 2.363879e+04 
2.818182e-02 2.204064e+04 2.192669e+04 
3.120202e-02 2.019026e+04 2.030337e+04 
3.422222e-02 1.840758e+04 1.883185e+04 
3.724242e-02 1.677907e+04 1.751879e+04 
4.026263e-02 1.535643e+04 1.634872e+04 
4.328283e-02 1.415141e+04 1.530116e+04 
4.630303e-02 1.316057e+04 1.435711e+04 
4.932323e-02 1.238295e+04 1.350082e+04 
5.234343e-02 1.177651e+04 1.271970e+04 
5.536364e-02 1.129834e+04 1.200375e+04 
5.838384e-02 1.091615e+04 1.134492e+04 
6.140404e-02 1.059151e+04 1.073670e+04 
6.442424e-02 1.029044e+04 1.017366e+04 
6.744444e-02 9.985260e+03 9.651248e+03 
7.046465e-02 9.654870e+03 9.165562e+03 
7.348485e-02 9.286535e+03 8.713225e+03 
7.650505e-02 8.875789e+03 8.291281e+03 
7.952525e-02 8.426191e+03 7.897120e+03 
8.254545e-02 7.948647e+03 7.528422e+03 
8.556566e-02 7.457493e+03 7.183112e+03 
8.858586e-02 6.968429e+03 6.859326e+03 
9.160606e-02 6.496972e+03 6.555382e+03 
9.462626e-02 6.056713e+03 6.269761e+03 
9.764646e-02 5.659074e+03 6.001082e+03 
1.006667e-01 5.311529e+03 5.748090e+03 
1.036869e-01 5.017840e+03 5.509642e+03 
1.067071e-01 4.777529e+03 5.284695e+03 
1.097273e-01 4.586459e+03 5.072294e+03 
1.127475e-01 4.437939e+03 4.871564e+03 
1.157677e-01 4.323435e+03 4.681705e+03 
1.187879e-01 4.233828e+03 4.501979e+03 
1.218081e-01 4.159954e+03 4.331711e+03 
1.248283e-01 4.093006e+03 4.170277e+03 
1.278485e-01 4.024755e+03 4.017102e+03 
1.308687e-01 3.948547e+03 3.871657e+03 
1.338889e-01 3.859250e+03 3.733451e+03 
1.369091e-01 3.754523e+03 3.602034e+03 
1.399293e-01 3.633918e+03 3.476985e+03 
1.429495e-01 3.499365e+03 3.357917e+03 
1.459697e-01 3.354040e+03 3.244469e+03 
1.489899e-01 3.202144e+03 3.136308e+03 
1.520101e-01 3.048258e+03 3.033123e+03 
1.550303e-01 2.897113e+03 2.934625e+03 
1.580505e-01 2.753337e+03 2.840547e+03 
1.610707e-01 2.620971e+03 2.750637e+03 
1.640909e-01 2.502970e+03 2.664663e+03 
1.671111e-01 2.400960e+03 2.582407e+03 
1.701313e-01 2.315272e+03 2.503666e+03 
1.731515e-01 2.244886e+03 2.428249e+03 
1.761717e-01 2.188022e+03 2.355979e+03 
1.791919e-01 2.142358e+03 2.286691e+03 
1.822121e-01 2.105359e+03 2.220227e+03 
1.852323e-01 2.074335e+03 2.156443e+03 
1.882525e-01 2.046587e+03 2.095201e+03 
1.912727e-01 2.019456e+03 2.036374e+03 
1.942929e-01 1.990521e+03 1.979839e+03 
1.973131e-01 1.957706e+03 1.925484e+03 
2.003333e-01 1.919716e+03 1.873202e+03 
2.033535e-01 1.875975e+03 1.822894e+03 
2.063737e-01 1.826792e+03 1.774463e+03 
2.093939e-01 1.773045e+03 1.727821e+03 
2.124141e-01 1.716020e+03 1.682885e+03 
2.154343e-01 1.657241e+03 1.639574e+03 
2.184545e-01 1.598286e+03 1.597815e+03 
2.214747e-01 1.540653e+03 1.557536e+03 
2.244949e-01 1.485703e+03 1.518670e+03 
2.275152e-01 1.434603e+03 1.481155e+03 
2.305354e-01 1.388191e+03 1.444931e+03 
2.335556e-01 1.347005e+03 1.409941e+03 
2.365758e-01 1.311141e+03 1.376132e+03 
2.395960e-01 1.280416e+03 1.343452e+03 
2.426162e-01 1.254313e+03 1.311855e+03 
2.456364e-01 1.232125e+03 1.281293e+03 
2.486566e-01 1.212963e+03 1.251724e+03 
2.516768e-01 1.195847e+03 1.223107e+03 
2.546970e-01 1.179768e+03 1.195403e+03 
2.577172e-01 1.163813e+03 1.168574e+03 
2.607374e-01 1.147198e+03 1.142585e+03 
2.637576e-01 1.129348e+03 1.117403e+03 
2.667778e-01 1.109898e+03 1.092996e+03 
2.697980e-01 1.088703e+03 1.069333e+03 
2.728182e-01 1.065832e+03 1.046385e+03 
2.758384e-01 1.041506e+03 1.024125e+03 
2.788586e-01 1.016111e+03 1.002526e+03 
2.818788e-01 9.901076e+02 9.815631e+02 
2.848990e-01 9.640100e+02 9.612128e+02 
2.879192e-01 9.383404e+02 9.414519e+02 
2.909394e-01 9.136065e+02 9.222587e+02 
2.939596e-01 8.902066e+02 9.036123e+02 
2.969798e-01 8.684499e+02 8.854927e+02 
3.000000e-01 8.485123e+02 8.678810e+02 
