1.000000e-03 3.324073e+03 3.324070e+03 
4.020202e-03 1.123796e+04 1.132718e+04 
7.040404e-03 1.650309e+04 1.661951e+04 
1.006061e-02 1.978184e+04 1.989551e+04 
1.308081e-02 2.158072e+04 2.168662e+04 
1.610101e-02 2.227384e+04 2.233598e+04 
1.912121e-02 2.215481e+04 2.212215e+04 
2.214141e-02 2.146581e+04 2.133705e+04 
2.516162e-02 2.040887e+04 2.025995e+04 
2.818182e-02 1.915083e+04 1.909543e+04 
3.120202e-02 1.782315e+04 1.795615e+04 
3.422222e-02 1.652304e+04 1.688822e+04 
3.724242e-02 1.531626e+04 1.590273e+04 
4.026263e-02 1.424196e+04 1.499647e+04 
4.328283e-02 1.331608e+04 1.416193e+04 
4.630303e-02 1.253162e+04 1.339125e+04 
4.932323e-02 1.188562e+04 1.267746e+04 
5.234343e-02 1.136170e+04 1.201465e+04 
5.536364e-02 1.091969e+04 1.139788e+04 
5.838384e-02 1.053643e+04 1.082293e+04 
6.140404e-02 1.019045e+04 1.028617e+04 
6.442424e-02 9.855513e+03 9.784440e+03 
6.744444e-02 9.514327e+03 9.314918e+03 
7.046465e-02 9.155182e+03 8.875091e+03 
7.348485e-02 8.771373e+03 8.462684e+03 
7.650505e-02 8.363618e+03 8.075638e+03 
7.952525e-02 7.937877e+03 7.712075e+03 
8.254545e-02 7.503737e+03 7.370277e+03 
8.556566e-02 7.072708e+03 7.048673e+03 
8.858586e-02 6.655655e+03 6.745821e+03 
9.160606e-02 6.262190e+03 6.460397e+03 
9.462626e-02 5.900292e+03 6.191183e+03 
9.764646e-02 5.575731e+03 5.937058e+03 
1.006667e-01 5.292523e+03 5.696991e+03 
1.036869e-01 5.051246e+03 5.470031e+03 
1.067071e-01 4.850188e+03 5.255299e+03 
1.097273e-01 4.684242e+03 5.051988e+03 
1.127475e-01 4.546934e+03 4.859349e+03 
1.157677e-01 4.430558e+03 4.676690e+03 
1.187879e-01 4.327667e+03 4.503374e+03 
1.218081e-01 4.231268e+03 4.338808e+03 
1.248283e-01 4.135593e+03 4.182445e+03 
1.278485e-01 4.035840e+03 4.033776e+03 
1.308687e-01 3.928795e+03 3.892332e+03 
1.338889e-01 3.812452e+03 3.757674e+03 
1.369091e-01 3.686860e+03 3.629397e+03 
1.399293e-01 3.553239e+03 3.507123e+03 
1.429495e-01 3.414187e+03 3.390501e+03 
1.459697e-01 3.272824e+03 3.279204e+03 
1.489899e-01 3.132633e+03 3.172928e+03 
1.520101e-01 2.996775e+03 3.071389e+03 
1.550303e-01 2.868126e+03 2.974322e+03 
1.580505e-01 2.749079e+03 2.881479e+03 
1.610707e-01 2.641552e+03 2.792629e+03 
1.640909e-01 2.546461e+03 2.707557e+03 
1.671111e-01 2.464001e+03 2.626060e+03 
1.701313e-01 2.393350e+03 2.547949e+03 
1.731515e-01 2.333028e+03 2.473047e+03 
1.761717e-01 2.280913e+03 2.401187e+03 
1.791919e-01 2.234820e+03 2.332213e+03 
1.822121e-01 2.192572e+03 2.265980e+03 
1.852323e-01 2.152226e+03 2.202349e+03 
1.882525e-01 2.112033e+03 2.141192e+03 
1.912727e-01 2.070612e+03 2.082387e+03 
1.942929e-01 2.026859e+03 2.025818e+03 
1.973131e-01 1.980095e+03 1.971380e+03 
2.003333e-01 1.930133e+03 1.918969e+03 
2.033535e-01 1.877378e+03 1.868491e+03 
2.063737e-01 1.822592e+03 1.819855e+03 
2.093939e-01 1.766797e+03 1.772975e+03 
2.124141e-01 1.711133e+03 1.727772e+03 
2.154343e-01 1.656740e+03 1.684170e+03 
2.184545e-01 1.604551e+03 1.642096e+03 
2.214747e-01 1.555355e+03 1.601482e+03 
2.244949e-01 1.509704e+03 1.562264e+03 
2.275152e-01 1.467946e+03 1.524381e+03 
2.305354e-01 1.430164e+03 1.487775e+03 
2.335556e-01 1.396223e+03 1.452392e+03 
2.365758e-01 1.365792e+03 1.418180e+03 
2.395960e-01 1.338370e+03 1.385089e+03 
2.426162e-01 1.313367e+03 1.353072e+03 
2.456364e-01 1.290144e+03 1.322086e+03 
2.486566e-01 1.268056e+03 1.292088e+03 
2.516768e-01 1.246466e+03 1.263037e+03 
2.546970e-01 1.224811e+03 1.234897e+03 
2.577172e-01 1.202658e+03 1.207630e+03 
2.607374e-01 1.179737e+03 1.181201e+03 
2.637576e-01 1.155940e+03 1.155579e+03 
2.667778e-01 1.131354e+03 1.130732e+03 
2.697980e-01 1.106186e+03 1.106629e+03 
2.728182e-01 1.080722e+03 1.083242e+03 
2.758384e-01 1.055269e+03 1.060545e+03 
2.788586e-01 1.030130e+03 1.038511e+03 
2.818788e-01 1.005593e+03 1.017116e+03 
2.848990e-01 9.819173e+02 9.963357e+02 
2.879192e-01 9.593309e+02 9.761477e+02 
2.909394e-01 9.380193e+02 9.565306e+02 
2.939596e-01 9.180804e+02 9.374636e+02 
2.969798e-01 8.995376e+02 9.189272e+02 
3.000000e-01 8.823153e+02 9.009025e+02 
