1.000000e-03 5.389820e+03 5.389815e+03 
4.020202e-03 1.795774e+04 1.810052e+04 
7.040404e-03 2.620834e+04 2.641923e+04 
1.006061e-02 3.122914e+04 3.151278e+04 
1.308081e-02 3.380862e+04 3.420256e+04 
1.610101e-02 3.453207e+04 3.496720e+04 
1.912121e-02 3.387065e+04 3.416824e+04 
2.214141e-02 3.222955e+04 3.224196e+04 
2.516162e-02 2.995959e+04 2.970982e+04 
2.818182e-02 2.735963e+04 2.703776e+04 
3.120202e-02 2.467123e+04 2.452160e+04 
3.422222e-02 2.207705e+04 2.228665e+04 
3.724242e-02 1.970187e+04 2.035037e+04 
4.026263e-02 1.762159e+04 1.868227e+04 
4.328283e-02 1.585786e+04 1.723894e+04 
4.630303e-02 1.441338e+04 1.597936e+04 
4.932323e-02 1.328344e+04 1.486949e+04 
5.234343e-02 1.242163e+04 1.388248e+04 
5.536364e-02 1.177670e+04 1.299758e+04 
5.838384e-02 1.130163e+04 1.219867e+04 
6.140404e-02 1.095126e+04 1.147317e+04 
6.442424e-02 1.067768e+04 1.081108e+04 
6.744444e-02 1.043766e+04 1.020435e+04 
7.046465e-02 1.019577e+04 9.646385e+03 
7.348485e-02 9.922907e+03 9.131718e+03 
7.650505e-02 9.599282e+03 8.655729e+03 
7.952525e-02 9.215201e+03 8.214485e+03 
8.254545e-02 8.771164e+03 7.804599e+03 
8.556566e-02 8.276578e+03 7.423126e+03 
8.858586e-02 7.746816e+03 7.067485e+03 
9.160606e-02 7.200893e+03 6.735402e+03 
9.462626e-02 6.659116e+03 6.424860e+03 
9.764646e-02 6.140642e+03 6.134063e+03 
1.006667e-01 5.662484e+03 5.861401e+03 
1.036869e-01 5.236985e+03 5.605430e+03 
1.067071e-01 4.872370e+03 5.364848e+03 
1.097273e-01 4.570959e+03 5.138479e+03 
1.127475e-01 4.331527e+03 4.925258e+03 
1.157677e-01 4.148887e+03 4.724215e+03 
1.187879e-01 4.015938e+03 4.534469e+03 
1.218081e-01 3.923997e+03 4.355217e+03 
1.248283e-01 3.863425e+03 4.185725e+03 
1.278485e-01 3.824043e+03 4.025320e+03 
1.308687e-01 3.795369e+03 3.873386e+03 
1.338889e-01 3.767396e+03 3.729357e+03 
1.369091e-01 3.731183e+03 3.592714e+03 
1.399293e-01 3.679841e+03 3.462977e+03 
1.429495e-01 3.608591e+03 3.339705e+03 
1.459697e-01 3.515552e+03 3.222490e+03 
1.489899e-01 3.400817e+03 3.110957e+03 
1.520101e-01 3.266872e+03 3.004756e+03 
1.550303e-01 3.117638e+03 2.903565e+03 
1.580505e-01 2.958492e+03 2.807085e+03 
1.610707e-01 2.795556e+03 2.715038e+03 
1.640909e-01 2.635276e+03 2.627166e+03 
1.671111e-01 2.483432e+03 2.543229e+03 
1.701313e-01 2.344884e+03 2.463004e+03 
1.731515e-01 2.222768e+03 2.386284e+03 
1.761717e-01 2.118820e+03 2.312873e+03 
1.791919e-01 2.033335e+03 2.242591e+03 
1.822121e-01 1.965568e+03 2.175268e+03 
1.852323e-01 1.914075e+03 2.110748e+03 
1.882525e-01 1.876779e+03 2.048880e+03 
1.912727e-01 1.851183e+03 1.989528e+03 
1.942929e-01 1.834282e+03 1.932561e+03 
1.973131e-01 1.822791e+03 1.877858e+03 
2.003333e-01 1.813238e+03 1.825304e+03 
2.033535e-01 1.802395e+03 1.774792e+03 
2.063737e-01 1.787395e+03 1.726220e+03 
2.093939e-01 1.766227e+03 1.679496e+03 
2.124141e-01 1.737591e+03 1.634528e+03 
2.154343e-01 1.701084e+03 1.591233e+03 
2.184545e-01 1.657026e+03 1.549532e+03 
2.214747e-01 1.606338e+03 1.509350e+03 
2.244949e-01 1.550497e+03 1.470617e+03 
2.275152e-01 1.491276e+03 1.433266e+03 
2.305354e-01 1.430698e+03 1.397235e+03 
2.335556e-01 1.370769e+03 1.362463e+03 
2.365758e-01 1.313394e+03 1.328896e+03 
2.395960e-01 1.260127e+03 1.296480e+03 
2.426162e-01 1.212195e+03 1.265164e+03 
2.456364e-01 1.170322e+03 1.234901e+03 
2.486566e-01 1.134877e+03 1.205645e+03 
2.516768e-01 1.105768e+03 1.177355e+03 
2.546970e-01 1.082582e+03 1.149990e+03 
2.577172e-01 1.064605e+03 1.123510e+03 
2.607374e-01 1.050873e+03 1.097879e+03 
2.637576e-01 1.040286e+03 1.073064e+03 
2.667778e-01 1.031662e+03 1.049029e+03 
2.697980e-01 1.023836e+03 1.025745e+03 
2.728182e-01 1.015709e+03 1.003181e+03 
2.758384e-01 1.006354e+03 9.813091e+02 
2.788586e-01 9.950266e+02 9.601018e+02 
2.818788e-01 9.812375e+02 9.395334e+02 
2.848990e-01 9.647042e+02 9.195794e+02 
2.879192e-01 9.454506e+02 9.002163e+02 
2.909394e-01 9.237149e+02 8.814218e+02 
2.939596e-01 8.999716e+02 8.631745e+02 
2.969798e-01 8.748278e+02 8.454541e+02 
3.000000e-01 8.489766e+02 8.282412e+02 
