1.000000e-03 2.815539e+03 2.815537e+03 
4.020202e-03 9.390568e+03 9.464946e+03 
7.040404e-03 1.374943e+04 1.383830e+04 
1.006061e-02 1.649017e+04 1.655153e+04 
1.308081e-02 1.804878e+04 1.806708e+04 
1.610101e-02 1.873890e+04 1.869424e+04 
1.912121e-02 1.879880e+04 1.867992e+04 
2.214141e-02 1.841823e+04 1.825351e+04 
2.516162e-02 1.775015e+04 1.760684e+04 
2.818182e-02 1.691709e+04 1.686825e+04 
3.120202e-02 1.601430e+04 1.610770e+04 
3.422222e-02 1.511067e+04 1.535814e+04 
3.724242e-02 1.425280e+04 1.463365e+04 
4.026263e-02 1.346964e+04 1.393986e+04 
4.328283e-02 1.276442e+04 1.327869e+04 
4.630303e-02 1.214244e+04 1.265046e+04 
4.932323e-02 1.160944e+04 1.205472e+04 
5.234343e-02 1.113882e+04 1.149059e+04 
5.536364e-02 1.070829e+04 1.095697e+04 
5.838384e-02 1.030548e+04 1.045259e+04 
6.140404e-02 9.919777e+03 9.976113e+03 
6.442424e-02 9.540580e+03 9.526139e+03 
6.744444e-02 9.158185e+03 9.101261e+03 
7.046465e-02 8.768317e+03 8.700087e+03 
7.348485e-02 8.371129e+03 8.321255e+03 
7.650505e-02 7.970765e+03 7.963448e+03 
7.952525e-02 7.574469e+03 7.625402e+03 
8.254545e-02 7.190184e+03 7.305912e+03 
8.556566e-02 6.825182e+03 7.003836e+03 
8.858586e-02 6.484378e+03 6.718094e+03 
9.160606e-02 6.170928e+03 6.447671e+03 
9.462626e-02 5.886514e+03 6.191612e+03 
9.764646e-02 5.631880e+03 5.949024e+03 
1.006667e-01 5.406632e+03 5.719071e+03 
1.036869e-01 5.208984e+03 5.500969e+03 
1.067071e-01 5.035505e+03 5.293989e+03 
1.097273e-01 4.880806e+03 5.097450e+03 
1.127475e-01 4.739162e+03 4.910717e+03 
1.157677e-01 4.604746e+03 4.733195e+03 
1.187879e-01 4.473128e+03 4.564333e+03 
1.218081e-01 4.341085e+03 4.403616e+03 
1.248283e-01 4.207010e+03 4.250562e+03 
1.278485e-01 4.070331e+03 4.104723e+03 
1.308687e-01 3.931480e+03 3.965681e+03 
1.338889e-01 3.791429e+03 3.833044e+03 
1.369091e-01 3.651772e+03 3.706450e+03 
1.399293e-01 3.514340e+03 3.585556e+03 
1.429495e-01 3.381142e+03 3.470044e+03 
1.459697e-01 3.254052e+03 3.359618e+03 
1.489899e-01 3.134466e+03 3.253998e+03 
1.520101e-01 3.023415e+03 3.152923e+03 
1.550303e-01 2.921365e+03 3.056151e+03 
1.580505e-01 2.828438e+03 2.963452e+03 
1.610707e-01 2.744340e+03 2.874611e+03 
1.640909e-01 2.668295e+03 2.789429e+03 
1.671111e-01 2.599017e+03 2.707715e+03 
1.701313e-01 2.535009e+03 2.629294e+03 
1.731515e-01 2.474639e+03 2.553998e+03 
1.761717e-01 2.416520e+03 2.481672e+03 
1.791919e-01 2.359481e+03 2.412167e+03 
1.822121e-01 2.302770e+03 2.345346e+03 
1.852323e-01 2.245890e+03 2.281078e+03 
1.882525e-01 2.188616e+03 2.219240e+03 
1.912727e-01 2.130887e+03 2.159717e+03 
1.942929e-01 2.072906e+03 2.102399e+03 
1.973131e-01 2.015029e+03 2.047182e+03 
2.003333e-01 1.957869e+03 1.993971e+03 
2.033535e-01 1.902077e+03 1.942672e+03 
2.063737e-01 1.848278e+03 1.893199e+03 
2.093939e-01 1.796974e+03 1.845470e+03 
2.124141e-01 1.748450e+03 1.799407e+03 
2.154343e-01 1.702833e+03 1.754937e+03 
2.184545e-01 1.660067e+03 1.711989e+03 
2.214747e-01 1.620037e+03 1.670497e+03 
2.244949e-01 1.582571e+03 1.630400e+03 
2.275152e-01 1.547389e+03 1.591637e+03 
2.305354e-01 1.514130e+03 1.554153e+03 
2.335556e-01 1.482399e+03 1.517894e+03 
2.365758e-01 1.451787e+03 1.482809e+03 
2.395960e-01 1.421949e+03 1.448849e+03 
2.426162e-01 1.392595e+03 1.415970e+03 
2.456364e-01 1.363573e+03 1.384127e+03 
2.486566e-01 1.334795e+03 1.353278e+03 
2.516768e-01 1.306237e+03 1.323386e+03 
2.546970e-01 1.277904e+03 1.294411e+03 
2.577172e-01 1.249832e+03 1.266317e+03 
2.607374e-01 1.222102e+03 1.239072e+03 
2.637576e-01 1.194870e+03 1.212642e+03 
2.667778e-01 1.168312e+03 1.186996e+03 
2.697980e-01 1.142615e+03 1.162105e+03 
2.728182e-01 1.117908e+03 1.137940e+03 
2.758384e-01 1.094250e+03 1.114474e+03 
2.788586e-01 1.071638e+03 1.091682e+03 
2.818788e-01 1.050014e+03 1.069539e+03 
2.848990e-01 1.029301e+03 1.048021e+03 
2.879192e-01 1.009415e+03 1.027107e+03 
2.909394e-01 9.902854e+02 1.006773e+03 
2.939596e-01 9.718464e+02 9.870005e+02 
2.969798e-01 9.540150e+02 9.677689e+02 
3.000000e-01 9.366986e+02 9.490595e+02 
