1.000000e-03 3.062974e+03 3.062971e+03 
4.020202e-03 1.042272e+04 1.050477e+04 
7.040404e-03 1.540644e+04 1.551559e+04 
1.006061e-02 1.857929e+04 1.868715e+04 
1.308081e-02 2.038388e+04 2.048623e+04 
1.610101e-02 2.115235e+04 2.121750e+04 
1.912121e-02 2.114921e+04 2.112810e+04 
2.214141e-02 2.059478e+04 2.048013e+04 
2.516162e-02 1.967515e+04 1.953121e+04 
2.818182e-02 1.854618e+04 1.847676e+04 
3.120202e-02 1.733142e+04 1.742915e+04 
3.422222e-02 1.612509e+04 1.643747e+04 
3.724242e-02 1.499201e+04 1.551608e+04 
4.026263e-02 1.397277e+04 1.466437e+04 
4.328283e-02 1.308599e+04 1.387670e+04 
4.630303e-02 1.232797e+04 1.314660e+04 
4.932323e-02 1.169844e+04 1.246810e+04 
5.234343e-02 1.118556e+04 1.183613e+04 
5.536364e-02 1.075337e+04 1.124634e+04 
5.838384e-02 1.037806e+04 1.069506e+04 
6.140404e-02 1.004050e+04 1.017910e+04 
6.442424e-02 9.720091e+03 9.695648e+03 
6.744444e-02 9.398001e+03 9.242217e+03 
7.046465e-02 9.060298e+03 8.816560e+03 
7.348485e-02 8.699412e+03 8.416640e+03 
7.650505e-02 8.314444e+03 8.040598e+03 
7.952525e-02 7.910080e+03 7.686736e+03 
8.254545e-02 7.495217e+03 7.353489e+03 
8.556566e-02 7.080702e+03 7.039423e+03 
8.858586e-02 6.676895e+03 6.743212e+03 
9.160606e-02 6.292905e+03 6.463636e+03 
9.462626e-02 5.936123e+03 6.199568e+03 
9.764646e-02 5.612331e+03 5.949966e+03 
1.006667e-01 5.326025e+03 5.713870e+03 
1.036869e-01 5.078932e+03 5.490390e+03 
1.067071e-01 4.870778e+03 5.278703e+03 
1.097273e-01 4.697910e+03 5.078048e+03 
1.127475e-01 4.555006e+03 4.887720e+03 
1.157677e-01 4.434858e+03 4.707066e+03 
1.187879e-01 4.330196e+03 4.535480e+03 
1.218081e-01 4.233998e+03 4.372400e+03 
1.248283e-01 4.140379e+03 4.217305e+03 
1.278485e-01 4.044470e+03 4.069711e+03 
1.308687e-01 3.942918e+03 3.929167e+03 
1.338889e-01 3.833427e+03 3.795255e+03 
1.369091e-01 3.715335e+03 3.667587e+03 
1.399293e-01 3.589015e+03 3.545798e+03 
1.429495e-01 3.456326e+03 3.429552e+03 
1.459697e-01 3.319803e+03 3.318533e+03 
1.489899e-01 3.182640e+03 3.212447e+03 
1.520101e-01 3.048007e+03 3.111021e+03 
1.550303e-01 2.918953e+03 3.013997e+03 
1.580505e-01 2.798050e+03 2.921136e+03 
1.610707e-01 2.687440e+03 2.832214e+03 
1.640909e-01 2.588347e+03 2.747021e+03 
1.671111e-01 2.501366e+03 2.665360e+03 
1.701313e-01 2.426071e+03 2.587048e+03 
1.731515e-01 2.361449e+03 2.511910e+03 
1.761717e-01 2.305769e+03 2.439786e+03 
1.791919e-01 2.257109e+03 2.370523e+03 
1.822121e-01 2.213421e+03 2.303977e+03 
1.852323e-01 2.172769e+03 2.240014e+03 
1.882525e-01 2.133333e+03 2.178508e+03 
1.912727e-01 2.093538e+03 2.119339e+03 
1.942929e-01 2.052033e+03 2.062395e+03 
1.973131e-01 2.007945e+03 2.007571e+03 
2.003333e-01 1.960776e+03 1.954765e+03 
2.033535e-01 1.910623e+03 1.903885e+03 
2.063737e-01 1.857988e+03 1.854841e+03 
2.093939e-01 1.803817e+03 1.807550e+03 
2.124141e-01 1.749112e+03 1.761931e+03 
2.154343e-01 1.694889e+03 1.717911e+03 
2.184545e-01 1.642100e+03 1.675417e+03 
2.214747e-01 1.591624e+03 1.634383e+03 
2.244949e-01 1.544145e+03 1.594746e+03 
2.275152e-01 1.500201e+03 1.556444e+03 
2.305354e-01 1.460086e+03 1.519420e+03 
2.335556e-01 1.423888e+03 1.483621e+03 
2.365758e-01 1.391404e+03 1.448995e+03 
2.395960e-01 1.362246e+03 1.415493e+03 
2.426162e-01 1.335854e+03 1.383069e+03 
2.456364e-01 1.311620e+03 1.351678e+03 
2.486566e-01 1.288918e+03 1.321279e+03 
2.516768e-01 1.267169e+03 1.291832e+03 
2.546970e-01 1.245826e+03 1.263298e+03 
2.577172e-01 1.224400e+03 1.235643e+03 
2.607374e-01 1.202479e+03 1.208830e+03 
2.637576e-01 1.179799e+03 1.182828e+03 
2.667778e-01 1.156248e+03 1.157606e+03 
2.697980e-01 1.131891e+03 1.133133e+03 
2.728182e-01 1.106937e+03 1.109382e+03 
2.758384e-01 1.081700e+03 1.086324e+03 
2.788586e-01 1.056515e+03 1.063935e+03 
2.818788e-01 1.031712e+03 1.042189e+03 
2.848990e-01 1.007561e+03 1.021064e+03 
2.879192e-01 9.842961e+02 1.000535e+03 
2.909394e-01 9.620917e+02 9.805827e+02 
2.939596e-01 9.410933e+02 9.611854e+02 
2.969798e-01 9.214085e+02 9.423236e+02 
3.000000e-01 9.030742e+02 9.239784e+02 
