1.000000e-03 2.948991e+03 2.948988e+03 
4.020202e-03 9.982376e+03 1.006174e+04 
7.040404e-03 1.468110e+04 1.477988e+04 
1.006061e-02 1.763573e+04 1.771666e+04 
1.308081e-02 1.929996e+04 1.935106e+04 
1.610101e-02 2.000598e+04 2.000150e+04 
1.912121e-02 2.001204e+04 1.992563e+04 
2.214141e-02 1.952629e+04 1.937660e+04 
2.516162e-02 1.872077e+04 1.857955e+04 
2.818182e-02 1.773469e+04 1.769127e+04 
3.120202e-02 1.667702e+04 1.679729e+04 
3.422222e-02 1.562825e+04 1.593527e+04 
3.724242e-02 1.464279e+04 1.511828e+04 
4.026263e-02 1.375264e+04 1.434883e+04 
4.328283e-02 1.297199e+04 1.362561e+04 
4.630303e-02 1.229782e+04 1.294611e+04 
4.932323e-02 1.172174e+04 1.230762e+04 
5.234343e-02 1.123372e+04 1.170755e+04 
5.536364e-02 1.080650e+04 1.114345e+04 
5.838384e-02 1.041595e+04 1.061304e+04 
6.140404e-02 1.004913e+04 1.011419e+04 
6.442424e-02 9.689431e+03 9.644885e+03 
6.744444e-02 9.323383e+03 9.203224e+03 
7.046465e-02 8.944299e+03 8.787422e+03 
7.348485e-02 8.550351e+03 8.395798e+03 
7.650505e-02 8.144225e+03 8.026772e+03 
7.952525e-02 7.732858e+03 7.678865e+03 
8.254545e-02 7.325520e+03 7.350688e+03 
8.556566e-02 6.931297e+03 7.040946e+03 
8.858586e-02 6.557894e+03 6.748432e+03 
9.160606e-02 6.211184e+03 6.472018e+03 
9.462626e-02 5.895567e+03 6.210655e+03 
9.764646e-02 5.613933e+03 5.963368e+03 
1.006667e-01 5.367230e+03 5.729248e+03 
1.036869e-01 5.154901e+03 5.507454e+03 
1.067071e-01 4.973365e+03 5.297201e+03 
1.097273e-01 4.817648e+03 5.097760e+03 
1.127475e-01 4.681052e+03 4.908456e+03 
1.157677e-01 4.556949e+03 4.728659e+03 
1.187879e-01 4.439194e+03 4.557784e+03 
1.218081e-01 4.322920e+03 4.395288e+03 
1.248283e-01 4.204644e+03 4.240665e+03 
1.278485e-01 4.082159e+03 4.093446e+03 
1.308687e-01 3.954295e+03 3.953191e+03 
1.338889e-01 3.821234e+03 3.819492e+03 
1.369091e-01 3.684027e+03 3.691970e+03 
1.399293e-01 3.544815e+03 3.570270e+03 
1.429495e-01 3.406138e+03 3.454061e+03 
1.459697e-01 3.270609e+03 3.343035e+03 
1.489899e-01 3.140668e+03 3.236903e+03 
1.520101e-01 3.018274e+03 3.135395e+03 
1.550303e-01 2.904981e+03 3.038260e+03 
1.580505e-01 2.801753e+03 2.945262e+03 
1.610707e-01 2.709042e+03 2.856179e+03 
1.640909e-01 2.626712e+03 2.770806e+03 
1.671111e-01 2.553957e+03 2.688948e+03 
1.701313e-01 2.489387e+03 2.610424e+03 
1.731515e-01 2.431214e+03 2.535061e+03 
1.761717e-01 2.377454e+03 2.462702e+03 
1.791919e-01 2.326382e+03 2.393194e+03 
1.822121e-01 2.276471e+03 2.326396e+03 
1.852323e-01 2.226609e+03 2.262175e+03 
1.882525e-01 2.175923e+03 2.200405e+03 
1.912727e-01 2.123904e+03 2.140969e+03 
1.942929e-01 2.070293e+03 2.083754e+03 
1.973131e-01 2.015205e+03 2.028657e+03 
2.003333e-01 1.959047e+03 1.975577e+03 
2.033535e-01 1.902576e+03 1.924422e+03 
2.063737e-01 1.846617e+03 1.875103e+03 
2.093939e-01 1.792030e+03 1.827536e+03 
2.124141e-01 1.739536e+03 1.781644e+03 
2.154343e-01 1.689734e+03 1.737350e+03 
2.184545e-01 1.642995e+03 1.694585e+03 
2.214747e-01 1.599539e+03 1.653281e+03 
2.244949e-01 1.559385e+03 1.613376e+03 
2.275152e-01 1.522431e+03 1.574808e+03 
2.305354e-01 1.488383e+03 1.537522e+03 
2.335556e-01 1.456856e+03 1.501463e+03 
2.365758e-01 1.427343e+03 1.466580e+03 
2.395960e-01 1.399340e+03 1.432824e+03 
2.426162e-01 1.372383e+03 1.400148e+03 
2.456364e-01 1.346064e+03 1.368509e+03 
2.486566e-01 1.320040e+03 1.337866e+03 
2.516768e-01 1.294042e+03 1.308177e+03 
2.546970e-01 1.267865e+03 1.279406e+03 
2.577172e-01 1.241423e+03 1.251515e+03 
2.607374e-01 1.214717e+03 1.224472e+03 
2.637576e-01 1.187894e+03 1.198243e+03 
2.667778e-01 1.161171e+03 1.172796e+03 
2.697980e-01 1.134819e+03 1.148103e+03 
2.728182e-01 1.109100e+03 1.124134e+03 
2.758384e-01 1.084211e+03 1.100863e+03 
2.788586e-01 1.060294e+03 1.078263e+03 
2.818788e-01 1.037412e+03 1.056311e+03 
2.848990e-01 1.015602e+03 1.034982e+03 
2.879192e-01 9.948891e+02 1.014253e+03 
2.909394e-01 9.752610e+02 9.941039e+02 
2.939596e-01 9.566741e+02 9.745132e+02 
2.969798e-01 9.390316e+02 9.554613e+02 
3.000000e-01 9.221987e+02 9.369292e+02 
