1.000000e-03 1.912976e+03 1.912975e+03 
4.020202e-03 6.459791e+03 6.515850e+03 
7.040404e-03 9.550322e+03 9.617288e+03 
1.006061e-02 1.157905e+04 1.160815e+04 
1.308081e-02 1.284615e+04 1.281308e+04 
1.610101e-02 1.356440e+04 1.346348e+04 
1.912121e-02 1.388691e+04 1.372889e+04 
2.214141e-02 1.392757e+04 1.373557e+04 
2.516162e-02 1.377117e+04 1.357291e+04 
2.818182e-02 1.348228e+04 1.330075e+04 
3.120202e-02 1.310907e+04 1.295859e+04 
3.422222e-02 1.268615e+04 1.257295e+04 
3.724242e-02 1.223880e+04 1.216209e+04 
4.026263e-02 1.178427e+04 1.173881e+04 
4.328283e-02 1.132490e+04 1.131215e+04 
4.630303e-02 1.087710e+04 1.088847e+04 
4.932323e-02 1.045258e+04 1.047224e+04 
5.234343e-02 1.004019e+04 1.006650e+04 
5.536364e-02 9.636415e+03 9.673280e+03 
5.838384e-02 9.243532e+03 9.293868e+03 
6.140404e-02 8.865857e+03 8.928989e+03 
6.442424e-02 8.506477e+03 8.578974e+03 
6.744444e-02 8.163228e+03 8.243859e+03 
7.046465e-02 7.833523e+03 7.923472e+03 
7.348485e-02 7.517236e+03 7.617496e+03 
7.650505e-02 7.214982e+03 7.325510e+03 
7.952525e-02 6.928047e+03 7.047026e+03 
8.254545e-02 6.658001e+03 6.781515e+03 
8.556566e-02 6.404734e+03 6.528425e+03 
8.858586e-02 6.166472e+03 6.287196e+03 
9.160606e-02 5.941302e+03 6.057268e+03 
9.462626e-02 5.727173e+03 5.838090e+03 
9.764646e-02 5.522430e+03 5.629126e+03 
1.006667e-01 5.326885e+03 5.429856e+03 
1.036869e-01 5.140624e+03 5.239781e+03 
1.067071e-01 4.963291e+03 5.058422e+03 
1.097273e-01 4.794311e+03 4.885323e+03 
1.127475e-01 4.632808e+03 4.720051e+03 
1.157677e-01 4.477657e+03 4.562192e+03 
1.187879e-01 4.328151e+03 4.411357e+03 
1.218081e-01 4.184264e+03 4.267177e+03 
1.248283e-01 4.046089e+03 4.129301e+03 
1.278485e-01 3.913906e+03 3.997401e+03 
1.308687e-01 3.787984e+03 3.871164e+03 
1.338889e-01 3.668281e+03 3.750298e+03 
1.369091e-01 3.554620e+03 3.634526e+03 
1.399293e-01 3.446544e+03 3.523586e+03 
1.429495e-01 3.343394e+03 3.417233e+03 
1.459697e-01 3.244623e+03 3.315234e+03 
1.489899e-01 3.149841e+03 3.217371e+03 
1.520101e-01 3.058683e+03 3.123438e+03 
1.550303e-01 2.970987e+03 3.033239e+03 
1.580505e-01 2.886743e+03 2.946593e+03 
1.610707e-01 2.805916e+03 2.863325e+03 
1.640909e-01 2.728281e+03 2.783273e+03 
1.671111e-01 2.653539e+03 2.706282e+03 
1.701313e-01 2.581426e+03 2.632206e+03 
1.731515e-01 2.511818e+03 2.560909e+03 
1.761717e-01 2.444617e+03 2.492261e+03 
1.791919e-01 2.379782e+03 2.426138e+03 
1.822121e-01 2.317372e+03 2.362424e+03 
1.852323e-01 2.257447e+03 2.301011e+03 
1.882525e-01 2.199912e+03 2.241793e+03 
1.912727e-01 2.144518e+03 2.184672e+03 
1.942929e-01 2.091025e+03 2.129556e+03 
1.973131e-01 2.039325e+03 2.076356e+03 
2.003333e-01 1.989378e+03 2.024988e+03 
2.033535e-01 1.941146e+03 1.975373e+03 
2.063737e-01 1.894588e+03 1.927435e+03 
2.093939e-01 1.849664e+03 1.881104e+03 
2.124141e-01 1.806306e+03 1.836311e+03 
2.154343e-01 1.764378e+03 1.792992e+03 
2.184545e-01 1.723739e+03 1.751086e+03 
2.214747e-01 1.684306e+03 1.710535e+03 
2.244949e-01 1.646073e+03 1.671283e+03 
2.275152e-01 1.609036e+03 1.633278e+03 
2.305354e-01 1.573177e+03 1.596470e+03 
2.335556e-01 1.538467e+03 1.560811e+03 
2.365758e-01 1.504874e+03 1.526255e+03 
2.395960e-01 1.472336e+03 1.492760e+03 
2.426162e-01 1.440785e+03 1.460284e+03 
2.456364e-01 1.410162e+03 1.428788e+03 
2.486566e-01 1.380435e+03 1.398235e+03 
2.516768e-01 1.351583e+03 1.368588e+03 
2.546970e-01 1.323579e+03 1.339814e+03 
2.577172e-01 1.296398e+03 1.311880e+03 
2.607374e-01 1.270013e+03 1.284755e+03 
2.637576e-01 1.244391e+03 1.258409e+03 
2.667778e-01 1.219491e+03 1.232814e+03 
2.697980e-01 1.195276e+03 1.207942e+03 
2.728182e-01 1.171719e+03 1.183768e+03 
2.758384e-01 1.148800e+03 1.160267e+03 
2.788586e-01 1.126501e+03 1.137415e+03 
2.818788e-01 1.104809e+03 1.115188e+03 
2.848990e-01 1.083714e+03 1.093566e+03 
2.879192e-01 1.063198e+03 1.072528e+03 
2.909394e-01 1.043232e+03 1.052053e+03 
2.939596e-01 1.023785e+03 1.032122e+03 
2.969798e-01 1.004835e+03 1.012717e+03 
3.000000e-01 9.863674e+02 9.938199e+02 
