1.000000e-03 3.080404e+03 3.080402e+03 
4.020202e-03 1.052881e+04 1.061090e+04 
7.040404e-03 1.564356e+04 1.575705e+04 
1.006061e-02 1.895009e+04 1.907218e+04 
1.308081e-02 2.086713e+04 2.099916e+04 
1.610101e-02 2.171547e+04 2.182441e+04 
1.912121e-02 2.175524e+04 2.177903e+04 
2.214141e-02 2.120778e+04 2.111925e+04 
2.516162e-02 2.026402e+04 2.011441e+04 
2.818182e-02 1.908538e+04 1.898229e+04 
3.120202e-02 1.780428e+04 1.785500e+04 
3.422222e-02 1.652191e+04 1.679263e+04 
3.724242e-02 1.531010e+04 1.581310e+04 
4.026263e-02 1.421575e+04 1.491532e+04 
4.328283e-02 1.326071e+04 1.409170e+04 
4.630303e-02 1.244469e+04 1.333358e+04 
4.932323e-02 1.177240e+04 1.263314e+04 
5.234343e-02 1.122991e+04 1.198376e+04 
5.536364e-02 1.078326e+04 1.137998e+04 
5.838384e-02 1.040523e+04 1.081728e+04 
6.140404e-02 1.007509e+04 1.029184e+04 
6.442424e-02 9.773790e+03 9.800417e+03 
6.744444e-02 9.477829e+03 9.340170e+03 
7.046465e-02 9.169304e+03 8.908607e+03 
7.348485e-02 8.836780e+03 8.503504e+03 
7.650505e-02 8.475116e+03 8.122863e+03 
7.952525e-02 8.086431e+03 7.764878e+03 
8.254545e-02 7.678068e+03 7.427904e+03 
8.556566e-02 7.260802e+03 7.110440e+03 
8.858586e-02 6.846068e+03 6.811112e+03 
9.160606e-02 6.444412e+03 6.528659e+03 
9.462626e-02 6.064871e+03 6.261923e+03 
9.764646e-02 5.714770e+03 6.009837e+03 
1.006667e-01 5.400100e+03 5.771417e+03 
1.036869e-01 5.124918e+03 5.545758e+03 
1.067071e-01 4.890744e+03 5.332021e+03 
1.097273e-01 4.696327e+03 5.129433e+03 
1.127475e-01 4.537683e+03 4.937278e+03 
1.157677e-01 4.408902e+03 4.754894e+03 
1.187879e-01 4.302601e+03 4.581667e+03 
1.218081e-01 4.211073e+03 4.417029e+03 
1.248283e-01 4.127355e+03 4.260452e+03 
1.278485e-01 4.045257e+03 4.111446e+03 
1.308687e-01 3.959813e+03 3.969557e+03 
1.338889e-01 3.867326e+03 3.834361e+03 
1.369091e-01 3.765502e+03 3.705466e+03 
1.399293e-01 3.653559e+03 3.582505e+03 
1.429495e-01 3.531898e+03 3.465138e+03 
1.459697e-01 3.402283e+03 3.353045e+03 
1.489899e-01 3.267241e+03 3.245931e+03 
1.520101e-01 3.130134e+03 3.143518e+03 
1.550303e-01 2.994462e+03 3.045548e+03 
1.580505e-01 2.863635e+03 2.951779e+03 
1.610707e-01 2.740699e+03 2.861985e+03 
1.640909e-01 2.628210e+03 2.775955e+03 
1.671111e-01 2.527730e+03 2.693489e+03 
1.701313e-01 2.439991e+03 2.614402e+03 
1.731515e-01 2.364673e+03 2.538520e+03 
1.761717e-01 2.300842e+03 2.465678e+03 
1.791919e-01 2.246853e+03 2.395724e+03 
1.822121e-01 2.200828e+03 2.328513e+03 
1.852323e-01 2.160740e+03 2.263909e+03 
1.882525e-01 2.124569e+03 2.201785e+03 
1.912727e-01 2.090330e+03 2.142019e+03 
1.942929e-01 2.056135e+03 2.084500e+03 
1.973131e-01 2.020245e+03 2.029120e+03 
2.003333e-01 1.981445e+03 1.975778e+03 
2.033535e-01 1.938924e+03 1.924380e+03 
2.063737e-01 1.892588e+03 1.874836e+03 
2.093939e-01 1.842766e+03 1.827060e+03 
2.124141e-01 1.790342e+03 1.780974e+03 
2.154343e-01 1.736361e+03 1.736501e+03 
2.184545e-01 1.681977e+03 1.693570e+03 
2.214747e-01 1.628263e+03 1.652113e+03 
2.244949e-01 1.576219e+03 1.612065e+03 
2.275152e-01 1.526741e+03 1.573366e+03 
2.305354e-01 1.480618e+03 1.535959e+03 
2.335556e-01 1.438382e+03 1.499787e+03 
2.365758e-01 1.400357e+03 1.464800e+03 
2.395960e-01 1.366551e+03 1.430948e+03 
2.426162e-01 1.336727e+03 1.398185e+03 
2.456364e-01 1.310381e+03 1.366465e+03 
2.486566e-01 1.286893e+03 1.335747e+03 
2.516768e-01 1.265571e+03 1.305990e+03 
2.546970e-01 1.245725e+03 1.277156e+03 
2.577172e-01 1.226678e+03 1.249208e+03 
2.607374e-01 1.207811e+03 1.222112e+03 
2.637576e-01 1.188572e+03 1.195835e+03 
2.667778e-01 1.168548e+03 1.170346e+03 
2.697980e-01 1.147461e+03 1.145613e+03 
2.728182e-01 1.125203e+03 1.121609e+03 
2.758384e-01 1.101854e+03 1.098306e+03 
2.788586e-01 1.077647e+03 1.075678e+03 
2.818788e-01 1.052908e+03 1.053700e+03 
2.848990e-01 1.028006e+03 1.032349e+03 
2.879192e-01 1.003321e+03 1.011600e+03 
2.909394e-01 9.792089e+02 9.914341e+02 
2.939596e-01 9.559685e+02 9.718286e+02 
2.969798e-01 9.338507e+02 9.527641e+02 
3.000000e-01 9.130491e+02 9.342216e+02 
