1.000000e-03 2.424578e+03 2.424576e+03 
4.020202e-03 8.129435e+03 8.195549e+03 
7.040404e-03 1.190202e+04 1.197389e+04 
1.006061e-02 1.428120e+04 1.430678e+04 
1.308081e-02 1.566611e+04 1.562308e+04 
1.610101e-02 1.633843e+04 1.621906e+04 
1.912121e-02 1.650347e+04 1.632060e+04 
2.214141e-02 1.631712e+04 1.610905e+04 
2.516162e-02 1.589949e+04 1.571595e+04 
2.818182e-02 1.534239e+04 1.522423e+04 
3.120202e-02 1.471455e+04 1.468215e+04 
3.422222e-02 1.406479e+04 1.411769e+04 
3.724242e-02 1.342508e+04 1.354776e+04 
4.026263e-02 1.281549e+04 1.298301e+04 
4.328283e-02 1.224068e+04 1.243034e+04 
4.630303e-02 1.170205e+04 1.189420e+04 
4.932323e-02 1.120810e+04 1.137739e+04 
5.234343e-02 1.074568e+04 1.088155e+04 
5.536364e-02 1.029876e+04 1.040748e+04 
5.838384e-02 9.868369e+03 9.955400e+03 
6.140404e-02 9.453788e+03 9.525131e+03 
6.442424e-02 9.049820e+03 9.116196e+03 
6.744444e-02 8.654630e+03 8.727929e+03 
7.046465e-02 8.268778e+03 8.359540e+03 
7.348485e-02 7.894587e+03 8.010167e+03 
7.650505e-02 7.535420e+03 7.678908e+03 
7.952525e-02 7.195583e+03 7.364849e+03 
8.254545e-02 6.877716e+03 7.067084e+03 
8.556566e-02 6.582751e+03 6.784725e+03 
8.858586e-02 6.309717e+03 6.516913e+03 
9.160606e-02 6.057013e+03 6.262824e+03 
9.462626e-02 5.823157e+03 6.021669e+03 
9.764646e-02 5.606763e+03 5.792701e+03 
1.006667e-01 5.406441e+03 5.575210e+03 
1.036869e-01 5.219910e+03 5.368530e+03 
1.067071e-01 5.044276e+03 5.172029e+03 
1.097273e-01 4.876168e+03 4.985115e+03 
1.127475e-01 4.712877e+03 4.807232e+03 
1.157677e-01 4.553030e+03 4.637857e+03 
1.187879e-01 4.395937e+03 4.476502e+03 
1.218081e-01 4.242254e+03 4.322708e+03 
1.248283e-01 4.092819e+03 4.176046e+03 
1.278485e-01 3.948412e+03 4.036111e+03 
1.308687e-01 3.809773e+03 3.902528e+03 
1.338889e-01 3.677510e+03 3.774944e+03 
1.369091e-01 3.552139e+03 3.653027e+03 
1.399293e-01 3.433819e+03 3.536468e+03 
1.429495e-01 3.322518e+03 3.424977e+03 
1.459697e-01 3.217929e+03 3.318279e+03 
1.489899e-01 3.119562e+03 3.216122e+03 
1.520101e-01 3.026870e+03 3.118263e+03 
1.550303e-01 2.939249e+03 3.024480e+03 
1.580505e-01 2.856080e+03 2.934560e+03 
1.610707e-01 2.776727e+03 2.848306e+03 
1.640909e-01 2.700538e+03 2.765530e+03 
1.671111e-01 2.626838e+03 2.686057e+03 
1.701313e-01 2.555092e+03 2.609724e+03 
1.731515e-01 2.485112e+03 2.536373e+03 
1.761717e-01 2.416824e+03 2.465859e+03 
1.791919e-01 2.350363e+03 2.398046e+03 
1.822121e-01 2.285892e+03 2.332801e+03 
1.852323e-01 2.223491e+03 2.270004e+03 
1.882525e-01 2.163212e+03 2.209539e+03 
1.912727e-01 2.105126e+03 2.151297e+03 
1.942929e-01 2.049314e+03 2.095175e+03 
1.973131e-01 1.995835e+03 2.041076e+03 
2.003333e-01 1.944727e+03 1.988907e+03 
2.033535e-01 1.895928e+03 1.938583e+03 
2.063737e-01 1.849277e+03 1.890019e+03 
2.093939e-01 1.804574e+03 1.843140e+03 
2.124141e-01 1.761570e+03 1.797870e+03 
2.154343e-01 1.720064e+03 1.754141e+03 
2.184545e-01 1.679946e+03 1.711885e+03 
2.214747e-01 1.641113e+03 1.671040e+03 
2.244949e-01 1.603459e+03 1.631546e+03 
2.275152e-01 1.566882e+03 1.593347e+03 
2.305354e-01 1.531288e+03 1.556388e+03 
2.335556e-01 1.496600e+03 1.520620e+03 
2.365758e-01 1.462842e+03 1.485992e+03 
2.395960e-01 1.430063e+03 1.452460e+03 
2.426162e-01 1.398284e+03 1.419978e+03 
2.456364e-01 1.367507e+03 1.388506e+03 
2.486566e-01 1.337698e+03 1.358003e+03 
2.516768e-01 1.308804e+03 1.328431e+03 
2.546970e-01 1.280788e+03 1.299755e+03 
2.577172e-01 1.253636e+03 1.271940e+03 
2.607374e-01 1.227345e+03 1.244953e+03 
2.637576e-01 1.201928e+03 1.218762e+03 
2.667778e-01 1.177367e+03 1.193338e+03 
2.697980e-01 1.153584e+03 1.168652e+03 
2.728182e-01 1.130497e+03 1.144677e+03 
2.758384e-01 1.108034e+03 1.121387e+03 
2.788586e-01 1.086139e+03 1.098757e+03 
2.818788e-01 1.064801e+03 1.076764e+03 
2.848990e-01 1.044022e+03 1.055383e+03 
2.879192e-01 1.023801e+03 1.034594e+03 
2.909394e-01 1.004129e+03 1.014376e+03 
2.939596e-01 9.849835e+02 9.947080e+02 
2.969798e-01 9.663325e+02 9.755720e+02 
3.000000e-01 9.481505e+02 9.569493e+02 
