1.000000e-03 3.358467e+03 3.358464e+03 
4.020202e-03 1.119339e+04 1.128265e+04 
7.040404e-03 1.632283e+04 1.643415e+04 
1.006061e-02 1.947691e+04 1.957287e+04 
1.308081e-02 2.118658e+04 2.125694e+04 
1.610101e-02 2.183462e+04 2.184769e+04 
1.912121e-02 2.171365e+04 2.163521e+04 
2.214141e-02 2.106037e+04 2.090709e+04 
2.516162e-02 2.006846e+04 1.992088e+04 
2.818182e-02 1.889377e+04 1.885519e+04 
3.120202e-02 1.765798e+04 1.780512e+04 
3.422222e-02 1.644969e+04 1.680971e+04 
3.724242e-02 1.532751e+04 1.587977e+04 
4.026263e-02 1.432518e+04 1.501459e+04 
4.328283e-02 1.345640e+04 1.420977e+04 
4.630303e-02 1.271443e+04 1.346024e+04 
4.932323e-02 1.208996e+04 1.276125e+04 
5.234343e-02 1.156982e+04 1.210857e+04 
5.536364e-02 1.112047e+04 1.149850e+04 
5.838384e-02 1.071581e+04 1.092773e+04 
6.140404e-02 1.033802e+04 1.039330e+04 
6.442424e-02 9.966955e+03 9.892523e+03 
6.744444e-02 9.588417e+03 9.422945e+03 
7.046465e-02 9.194638e+03 8.982317e+03 
7.348485e-02 8.782836e+03 8.568563e+03 
7.650505e-02 8.355668e+03 8.179773e+03 
7.952525e-02 7.920175e+03 7.814180e+03 
8.254545e-02 7.486528e+03 7.470154e+03 
8.556566e-02 7.064891e+03 7.146188e+03 
8.858586e-02 6.664409e+03 6.840889e+03 
9.160606e-02 6.292486e+03 6.552972e+03 
9.462626e-02 5.954744e+03 6.281248e+03 
9.764646e-02 5.654834e+03 6.024620e+03 
1.006667e-01 5.394226e+03 5.782070e+03 
1.036869e-01 5.171939e+03 5.552663e+03 
1.067071e-01 4.984284e+03 5.335529e+03 
1.097273e-01 4.825506e+03 5.129867e+03 
1.127475e-01 4.688422e+03 4.934933e+03 
1.157677e-01 4.565861e+03 4.750040e+03 
1.187879e-01 4.450976e+03 4.574552e+03 
1.218081e-01 4.338355e+03 4.407877e+03 
1.248283e-01 4.223541e+03 4.249470e+03 
1.278485e-01 4.103624e+03 4.098821e+03 
1.308687e-01 3.976861e+03 3.955460e+03 
1.338889e-01 3.843144e+03 3.818948e+03 
1.369091e-01 3.703599e+03 3.688878e+03 
1.399293e-01 3.560606e+03 3.564872e+03 
1.429495e-01 3.417009e+03 3.446576e+03 
1.459697e-01 3.275896e+03 3.333663e+03 
1.489899e-01 3.139949e+03 3.225825e+03 
1.520101e-01 3.011538e+03 3.122778e+03 
1.550303e-01 2.892456e+03 3.024255e+03 
1.580505e-01 2.784111e+03 2.930006e+03 
1.610707e-01 2.687266e+03 2.839799e+03 
1.640909e-01 2.602063e+03 2.753417e+03 
1.671111e-01 2.527698e+03 2.670654e+03 
1.701313e-01 2.462724e+03 2.591321e+03 
1.731515e-01 2.405048e+03 2.515239e+03 
1.761717e-01 2.352565e+03 2.442239e+03 
1.791919e-01 2.303230e+03 2.372164e+03 
1.822121e-01 2.255367e+03 2.304867e+03 
1.852323e-01 2.207573e+03 2.240208e+03 
1.882525e-01 2.158876e+03 2.178057e+03 
1.912727e-01 2.108546e+03 2.118291e+03 
1.942929e-01 2.056164e+03 2.060794e+03 
1.973131e-01 2.001648e+03 2.005458e+03 
2.003333e-01 1.945440e+03 1.952179e+03 
2.033535e-01 1.888266e+03 1.900861e+03 
2.063737e-01 1.831120e+03 1.851412e+03 
2.093939e-01 1.774996e+03 1.803747e+03 
2.124141e-01 1.720842e+03 1.757782e+03 
2.154343e-01 1.669364e+03 1.713443e+03 
2.184545e-01 1.621094e+03 1.670655e+03 
2.214747e-01 1.576296e+03 1.629351e+03 
2.244949e-01 1.535083e+03 1.589463e+03 
2.275152e-01 1.497369e+03 1.550932e+03 
2.305354e-01 1.462933e+03 1.513698e+03 
2.335556e-01 1.431377e+03 1.477706e+03 
2.365758e-01 1.402221e+03 1.442903e+03 
2.395960e-01 1.374908e+03 1.409240e+03 
2.426162e-01 1.348887e+03 1.376668e+03 
2.456364e-01 1.323625e+03 1.345143e+03 
2.486566e-01 1.298667e+03 1.314623e+03 
2.516768e-01 1.273626e+03 1.285065e+03 
2.546970e-01 1.248255e+03 1.256433e+03 
2.577172e-01 1.222412e+03 1.228688e+03 
2.607374e-01 1.196128e+03 1.201796e+03 
2.637576e-01 1.169533e+03 1.175723e+03 
2.667778e-01 1.142877e+03 1.150438e+03 
2.697980e-01 1.116426e+03 1.125910e+03 
2.728182e-01 1.090448e+03 1.102110e+03 
2.758384e-01 1.065174e+03 1.079012e+03 
2.788586e-01 1.040799e+03 1.056588e+03 
2.818788e-01 1.017471e+03 1.034813e+03 
2.848990e-01 9.953032e+02 1.013664e+03 
2.879192e-01 9.743463e+02 9.931169e+02 
2.909394e-01 9.546113e+02 9.731507e+02 
2.939596e-01 9.360420e+02 9.537441e+02 
2.969798e-01 9.185367e+02 9.348773e+02 
3.000000e-01 9.019296e+02 9.165309e+02 
