1.000000e-03 3.337038e+03 3.337035e+03 
4.020202e-03 1.119490e+04 1.128301e+04 
7.040404e-03 1.640878e+04 1.652272e+04 
1.006061e-02 1.965707e+04 1.976583e+04 
1.308081e-02 2.144407e+04 2.154191e+04 
1.610101e-02 2.214122e+04 2.219253e+04 
1.912121e-02 2.203801e+04 2.199553e+04 
2.214141e-02 2.137388e+04 2.124009e+04 
2.516162e-02 2.034736e+04 2.019945e+04 
2.818182e-02 1.912263e+04 1.907139e+04 
3.120202e-02 1.782803e+04 1.796408e+04 
3.422222e-02 1.655912e+04 1.692192e+04 
3.724242e-02 1.537983e+04 1.595618e+04 
4.026263e-02 1.432848e+04 1.506456e+04 
4.328283e-02 1.342024e+04 1.424059e+04 
4.630303e-02 1.264814e+04 1.347734e+04 
4.932323e-02 1.200990e+04 1.276861e+04 
5.234343e-02 1.148802e+04 1.210906e+04 
5.536364e-02 1.104319e+04 1.149419e+04 
5.838384e-02 1.065353e+04 1.092010e+04 
6.140404e-02 1.029826e+04 1.038343e+04 
6.442424e-02 9.953231e+03 9.881181e+03 
6.744444e-02 9.601390e+03 9.410695e+03 
7.046465e-02 9.231352e+03 8.969563e+03 
7.348485e-02 8.837465e+03 8.555598e+03 
7.650505e-02 8.421200e+03 8.166806e+03 
7.952525e-02 7.989443e+03 7.801360e+03 
8.254545e-02 7.552401e+03 7.457585e+03 
8.556566e-02 7.121463e+03 7.133942e+03 
8.858586e-02 6.706976e+03 6.829015e+03 
9.160606e-02 6.317798e+03 6.541499e+03 
9.462626e-02 5.961012e+03 6.270194e+03 
9.764646e-02 5.641775e+03 6.013990e+03 
1.006667e-01 5.363592e+03 5.771866e+03 
1.036869e-01 5.126651e+03 5.542879e+03 
1.067071e-01 4.928817e+03 5.326157e+03 
1.097273e-01 4.764744e+03 5.120895e+03 
1.127475e-01 4.627696e+03 4.926349e+03 
1.157677e-01 4.509781e+03 4.741830e+03 
1.187879e-01 4.403549e+03 4.566700e+03 
1.218081e-01 4.302142e+03 4.400370e+03 
1.248283e-01 4.200303e+03 4.242292e+03 
1.278485e-01 4.093837e+03 4.091958e+03 
1.308687e-01 3.980078e+03 3.948897e+03 
1.338889e-01 3.857537e+03 3.812672e+03 
1.369091e-01 3.726577e+03 3.682875e+03 
1.399293e-01 3.588685e+03 3.559128e+03 
1.429495e-01 3.446561e+03 3.441080e+03 
1.459697e-01 3.303376e+03 3.328402e+03 
1.489899e-01 3.162577e+03 3.220789e+03 
1.520101e-01 3.027229e+03 3.117955e+03 
1.550303e-01 2.900068e+03 3.019635e+03 
1.580505e-01 2.783178e+03 2.925580e+03 
1.610707e-01 2.678116e+03 2.835557e+03 
1.640909e-01 2.585517e+03 2.749350e+03 
1.671111e-01 2.505251e+03 2.666754e+03 
1.701313e-01 2.436198e+03 2.587580e+03 
1.731515e-01 2.376674e+03 2.511649e+03 
1.761717e-01 2.324539e+03 2.438793e+03 
1.791919e-01 2.277652e+03 2.368856e+03 
1.822121e-01 2.233925e+03 2.301690e+03 
1.852323e-01 2.191513e+03 2.237157e+03 
1.882525e-01 2.148773e+03 2.175125e+03 
1.912727e-01 2.104424e+03 2.115473e+03 
1.942929e-01 2.057541e+03 2.058085e+03 
1.973131e-01 2.007723e+03 2.002853e+03 
2.003333e-01 1.955035e+03 1.949673e+03 
2.033535e-01 1.900022e+03 1.898450e+03 
2.063737e-01 1.843553e+03 1.849092e+03 
2.093939e-01 1.786705e+03 1.801513e+03 
2.124141e-01 1.730583e+03 1.755632e+03 
2.154343e-01 1.676235e+03 1.711372e+03 
2.184545e-01 1.624467e+03 1.668660e+03 
2.214747e-01 1.575942e+03 1.627428e+03 
2.244949e-01 1.531135e+03 1.587611e+03 
2.275152e-01 1.490298e+03 1.549147e+03 
2.305354e-01 1.453417e+03 1.511977e+03 
2.335556e-01 1.420234e+03 1.476046e+03 
2.365758e-01 1.390296e+03 1.441302e+03 
2.395960e-01 1.363030e+03 1.407696e+03 
2.426162e-01 1.337813e+03 1.375178e+03 
2.456364e-01 1.314030e+03 1.343706e+03 
2.486566e-01 1.291084e+03 1.313235e+03 
2.516768e-01 1.268411e+03 1.283725e+03 
2.546970e-01 1.245528e+03 1.255139e+03 
2.577172e-01 1.222076e+03 1.227438e+03 
2.607374e-01 1.197854e+03 1.200589e+03 
2.637576e-01 1.172815e+03 1.174557e+03 
2.667778e-01 1.147112e+03 1.149312e+03 
2.697980e-01 1.121009e+03 1.124822e+03 
2.728182e-01 1.094842e+03 1.101059e+03 
2.758384e-01 1.068947e+03 1.077996e+03 
2.788586e-01 1.043607e+03 1.055605e+03 
2.818788e-01 1.019071e+03 1.033863e+03 
2.848990e-01 9.955395e+02 1.012745e+03 
2.879192e-01 9.731831e+02 9.922289e+02 
2.909394e-01 9.521374e+02 9.722919e+02 
2.939596e-01 9.324641e+02 9.529136e+02 
2.969798e-01 9.141613e+02 9.340739e+02 
3.000000e-01 8.971184e+02 9.157537e+02 
