1.000000e-03 2.388334e+03 2.388332e+03 
4.020202e-03 8.013463e+03 8.078083e+03 
7.040404e-03 1.175465e+04 1.182546e+04 
1.006061e-02 1.413067e+04 1.415699e+04 
1.308081e-02 1.552692e+04 1.548684e+04 
1.610101e-02 1.621662e+04 1.610233e+04 
1.912121e-02 1.640103e+04 1.622413e+04 
2.214141e-02 1.623360e+04 1.603124e+04 
2.516162e-02 1.583300e+04 1.565474e+04 
2.818182e-02 1.529053e+04 1.517777e+04 
3.120202e-02 1.467516e+04 1.464884e+04 
3.422222e-02 1.403601e+04 1.409609e+04 
3.724242e-02 1.340558e+04 1.353651e+04 
4.026263e-02 1.280453e+04 1.298085e+04 
4.328283e-02 1.223610e+04 1.243610e+04 
4.630303e-02 1.170440e+04 1.190682e+04 
4.932323e-02 1.121894e+04 1.139592e+04 
5.234343e-02 1.076280e+04 1.090512e+04 
5.536364e-02 1.032170e+04 1.043533e+04 
5.838384e-02 9.897199e+03 9.986869e+03 
6.140404e-02 9.487501e+03 9.559627e+03 
6.442424e-02 9.088013e+03 9.153205e+03 
6.744444e-02 8.696675e+03 8.767002e+03 
7.046465e-02 8.313313e+03 8.400288e+03 
7.348485e-02 7.940039e+03 8.052250e+03 
7.650505e-02 7.580590e+03 7.722031e+03 
7.952525e-02 7.239682e+03 7.408758e+03 
8.254545e-02 6.920404e+03 7.111558e+03 
8.556566e-02 6.624237e+03 6.829573e+03 
8.858586e-02 6.350176e+03 6.561972e+03 
9.160606e-02 6.096676e+03 6.307951e+03 
9.462626e-02 5.862081e+03 6.066744e+03 
9.764646e-02 5.645059e+03 5.837619e+03 
1.006667e-01 5.444249e+03 5.619883e+03 
1.036869e-01 5.257550e+03 5.412881e+03 
1.067071e-01 5.082184e+03 5.215995e+03 
1.097273e-01 4.914665e+03 5.028641e+03 
1.127475e-01 4.752315e+03 4.850274e+03 
1.157677e-01 4.593123e+03 4.680377e+03 
1.187879e-01 4.436388e+03 4.518470e+03 
1.218081e-01 4.282622e+03 4.364098e+03 
1.248283e-01 4.132604e+03 4.216837e+03 
1.278485e-01 3.987379e+03 4.076289e+03 
1.308687e-01 3.847841e+03 3.942081e+03 
1.338889e-01 3.714597e+03 3.813863e+03 
1.369091e-01 3.588120e+03 3.691307e+03 
1.399293e-01 3.468634e+03 3.574105e+03 
1.429495e-01 3.356207e+03 3.461970e+03 
1.459697e-01 3.250504e+03 3.354631e+03 
1.489899e-01 3.151102e+03 3.251834e+03 
1.520101e-01 3.057530e+03 3.153340e+03 
1.550303e-01 2.969286e+03 3.058927e+03 
1.580505e-01 2.885727e+03 2.968383e+03 
1.610707e-01 2.806149e+03 2.881512e+03 
1.640909e-01 2.729800e+03 2.798127e+03 
1.671111e-01 2.655919e+03 2.718053e+03 
1.701313e-01 2.584007e+03 2.641128e+03 
1.731515e-01 2.513782e+03 2.567194e+03 
1.761717e-01 2.445178e+03 2.496108e+03 
1.791919e-01 2.378356e+03 2.427730e+03 
1.822121e-01 2.313451e+03 2.361933e+03 
1.852323e-01 2.250550e+03 2.298593e+03 
1.882525e-01 2.189722e+03 2.237595e+03 
1.912727e-01 2.131012e+03 2.178830e+03 
1.942929e-01 2.074487e+03 2.122195e+03 
1.973131e-01 2.020284e+03 2.067593e+03 
2.003333e-01 1.968510e+03 2.014932e+03 
2.033535e-01 1.919116e+03 1.964126e+03 
2.063737e-01 1.871993e+03 1.915090e+03 
2.093939e-01 1.826888e+03 1.867749e+03 
2.124141e-01 1.783515e+03 1.822027e+03 
2.154343e-01 1.741676e+03 1.777854e+03 
2.184545e-01 1.701219e+03 1.735165e+03 
2.214747e-01 1.662046e+03 1.693896e+03 
2.244949e-01 1.624091e+03 1.653988e+03 
2.275152e-01 1.587253e+03 1.615383e+03 
2.305354e-01 1.551405e+03 1.578028e+03 
2.335556e-01 1.516474e+03 1.541871e+03 
2.365758e-01 1.482446e+03 1.506864e+03 
2.395960e-01 1.449334e+03 1.472960e+03 
2.426162e-01 1.417178e+03 1.440115e+03 
2.456364e-01 1.386005e+03 1.408288e+03 
2.486566e-01 1.355811e+03 1.377438e+03 
2.516768e-01 1.326577e+03 1.347526e+03 
2.546970e-01 1.298252e+03 1.318518e+03 
2.577172e-01 1.270790e+03 1.290378e+03 
2.607374e-01 1.244191e+03 1.263073e+03 
2.637576e-01 1.218456e+03 1.236571e+03 
2.667778e-01 1.193564e+03 1.210844e+03 
2.697980e-01 1.169478e+03 1.185860e+03 
2.728182e-01 1.146134e+03 1.161595e+03 
2.758384e-01 1.123453e+03 1.138020e+03 
2.788586e-01 1.101373e+03 1.115112e+03 
2.818788e-01 1.079844e+03 1.092846e+03 
2.848990e-01 1.058849e+03 1.071199e+03 
2.879192e-01 1.038394e+03 1.050149e+03 
2.909394e-01 1.018479e+03 1.029676e+03 
2.939596e-01 9.990933e+02 1.009759e+03 
2.969798e-01 9.802183e+02 9.903784e+02 
3.000000e-01 9.618261e+02 9.715166e+02 
