1.000000e-03 4.094914e+03 4.094910e+03 
4.020202e-03 1.363215e+04 1.373933e+04 
7.040404e-03 1.990149e+04 2.004805e+04 
1.006061e-02 2.374752e+04 2.391510e+04 
1.308081e-02 2.578314e+04 2.597815e+04 
1.610101e-02 2.645905e+04 2.662966e+04 
1.912121e-02 2.613297e+04 2.618557e+04 
2.214141e-02 2.510484e+04 2.500091e+04 
2.516162e-02 2.362924e+04 2.344399e+04 
2.818182e-02 2.191768e+04 2.180114e+04 
3.120202e-02 2.013839e+04 2.023397e+04 
3.422222e-02 1.841632e+04 1.880522e+04 
3.724242e-02 1.683521e+04 1.752372e+04 
4.026263e-02 1.544555e+04 1.637656e+04 
4.328283e-02 1.426073e+04 1.534548e+04 
4.630303e-02 1.327752e+04 1.441319e+04 
4.932323e-02 1.249643e+04 1.356520e+04 
5.234343e-02 1.188100e+04 1.278982e+04 
5.536364e-02 1.138865e+04 1.207769e+04 
5.838384e-02 1.098762e+04 1.142126e+04 
6.140404e-02 1.064561e+04 1.081435e+04 
6.442424e-02 1.033051e+04 1.025181e+04 
6.744444e-02 1.001387e+04 9.729260e+03 
7.046465e-02 9.675621e+03 9.242962e+03 
7.348485e-02 9.303414e+03 8.789649e+03 
7.650505e-02 8.892774e+03 8.366454e+03 
7.952525e-02 8.447227e+03 7.970837e+03 
8.254545e-02 7.977037e+03 7.600532e+03 
8.556566e-02 7.495486e+03 7.253507e+03 
8.858586e-02 7.016899e+03 6.927932e+03 
9.160606e-02 6.555212e+03 6.622153e+03 
9.462626e-02 6.122712e+03 6.334671e+03 
9.764646e-02 5.730029e+03 6.064122e+03 
1.006667e-01 5.384428e+03 5.809267e+03 
1.036869e-01 5.090146e+03 5.568972e+03 
1.067071e-01 4.846973e+03 5.342202e+03 
1.097273e-01 4.651482e+03 5.128009e+03 
1.127475e-01 4.497270e+03 4.925523e+03 
1.157677e-01 4.376210e+03 4.733947e+03 
1.187879e-01 4.279373e+03 4.552548e+03 
1.218081e-01 4.198081e+03 4.380651e+03 
1.248283e-01 4.124085e+03 4.217632e+03 
1.278485e-01 4.049923e+03 4.062920e+03 
1.308687e-01 3.969326e+03 3.915984e+03 
1.338889e-01 3.877442e+03 3.776335e+03 
1.369091e-01 3.771740e+03 3.643519e+03 
1.399293e-01 3.651500e+03 3.517118e+03 
1.429495e-01 3.518393e+03 3.396742e+03 
1.459697e-01 3.375247e+03 3.282031e+03 
1.489899e-01 3.225974e+03 3.172649e+03 
1.520101e-01 3.074893e+03 3.068286e+03 
1.550303e-01 2.926582e+03 2.968651e+03 
1.580505e-01 2.785180e+03 2.873474e+03 
1.610707e-01 2.654345e+03 2.782505e+03 
1.640909e-01 2.536753e+03 2.695508e+03 
1.671111e-01 2.434188e+03 2.612265e+03 
1.701313e-01 2.347014e+03 2.532572e+03 
1.731515e-01 2.274600e+03 2.456237e+03 
1.761717e-01 2.215318e+03 2.383082e+03 
1.791919e-01 2.167030e+03 2.312938e+03 
1.822121e-01 2.127283e+03 2.245650e+03 
1.852323e-01 2.093505e+03 2.181071e+03 
1.882525e-01 2.063111e+03 2.119062e+03 
1.912727e-01 2.033595e+03 2.059493e+03 
1.942929e-01 2.002709e+03 2.002244e+03 
1.973131e-01 1.968571e+03 1.947200e+03 
2.003333e-01 1.929942e+03 1.894253e+03 
2.033535e-01 1.886159e+03 1.843301e+03 
2.063737e-01 1.837439e+03 1.794251e+03 
2.093939e-01 1.784465e+03 1.747010e+03 
2.124141e-01 1.728389e+03 1.701496e+03 
2.154343e-01 1.670553e+03 1.657627e+03 
2.184545e-01 1.612453e+03 1.615328e+03 
2.214747e-01 1.555536e+03 1.574527e+03 
2.244949e-01 1.501152e+03 1.535159e+03 
2.275152e-01 1.450365e+03 1.497157e+03 
2.305354e-01 1.403996e+03 1.460463e+03 
2.335556e-01 1.362491e+03 1.425018e+03 
2.365758e-01 1.326012e+03 1.390770e+03 
2.395960e-01 1.294383e+03 1.357665e+03 
2.426162e-01 1.267176e+03 1.325657e+03 
2.456364e-01 1.243765e+03 1.294698e+03 
2.486566e-01 1.223368e+03 1.264745e+03 
2.516768e-01 1.205121e+03 1.235756e+03 
2.546970e-01 1.188075e+03 1.207692e+03 
2.577172e-01 1.171334e+03 1.180515e+03 
2.607374e-01 1.154105e+03 1.154189e+03 
2.637576e-01 1.135813e+03 1.128681e+03 
2.667778e-01 1.116081e+03 1.103957e+03 
2.697980e-01 1.094792e+03 1.079988e+03 
2.728182e-01 1.071989e+03 1.056744e+03 
2.758384e-01 1.047906e+03 1.034197e+03 
2.788586e-01 1.022859e+03 1.012320e+03 
2.818788e-01 9.972303e+02 9.910874e+02 
2.848990e-01 9.714637e+02 9.704759e+02 
2.879192e-01 9.460435e+02 9.504618e+02 
2.909394e-01 9.214320e+02 9.310231e+02 
2.939596e-01 8.980485e+02 9.121387e+02 
2.969798e-01 8.761981e+02 8.937883e+02 
3.000000e-01 8.560836e+02 8.759527e+02 
