1.000000e-03 7.863515e+03 7.863508e+03 
4.020202e-03 2.626049e+04 2.647162e+04 
7.040404e-03 3.829119e+04 3.862426e+04 
1.006061e-02 4.551365e+04 4.602368e+04 
1.308081e-02 4.906566e+04 4.985785e+04 
1.610101e-02 4.979704e+04 5.078110e+04 
1.912121e-02 4.840925e+04 4.924753e+04 
2.214141e-02 4.551365e+04 4.583912e+04 
2.516162e-02 4.165470e+04 4.135266e+04 
2.818182e-02 3.730256e+04 3.659868e+04 
3.120202e-02 3.284331e+04 3.215368e+04 
3.422222e-02 2.857083e+04 2.828743e+04 
3.724242e-02 2.468596e+04 2.504490e+04 
4.026263e-02 2.130736e+04 2.236013e+04 
4.328283e-02 1.847005e+04 2.013417e+04 
4.630303e-02 1.617592e+04 1.827224e+04 
4.932323e-02 1.439782e+04 1.669600e+04 
5.234343e-02 1.306949e+04 1.534464e+04 
5.536364e-02 1.211473e+04 1.417210e+04 
5.838384e-02 1.146172e+04 1.314373e+04 
6.140404e-02 1.104260e+04 1.223333e+04 
6.442424e-02 1.078693e+04 1.142085e+04 
6.744444e-02 1.063379e+04 1.069079e+04 
7.046465e-02 1.052841e+04 1.003094e+04 
7.348485e-02 1.042008e+04 9.431540e+03 
7.650505e-02 1.026578e+04 8.884708e+03 
7.952525e-02 1.003349e+04 8.383950e+03 
8.254545e-02 9.704387e+03 7.923871e+03 
8.556566e-02 9.274165e+03 7.499930e+03 
8.858586e-02 8.751969e+03 7.108268e+03 
9.160606e-02 8.157776e+03 6.745575e+03 
9.462626e-02 7.518006e+03 6.408988e+03 
9.764646e-02 6.862749e+03 6.096017e+03 
1.006667e-01 6.221727e+03 5.804478e+03 
1.036869e-01 5.620746e+03 5.532448e+03 
1.067071e-01 5.079664e+03 5.278224e+03 
1.097273e-01 4.611720e+03 5.040292e+03 
1.127475e-01 4.222983e+03 4.817300e+03 
1.157677e-01 3.914641e+03 4.608036e+03 
1.187879e-01 3.682810e+03 4.411413e+03 
1.218081e-01 3.521047e+03 4.226449e+03 
1.248283e-01 3.420569e+03 4.052256e+03 
1.278485e-01 3.371022e+03 3.888032e+03 
1.308687e-01 3.360893e+03 3.733046e+03 
1.338889e-01 3.377655e+03 3.586634e+03 
1.369091e-01 3.408568e+03 3.448190e+03 
1.399293e-01 3.441135e+03 3.317161e+03 
1.429495e-01 3.464020e+03 3.193040e+03 
1.459697e-01 3.467312e+03 3.075363e+03 
1.489899e-01 3.443568e+03 2.963703e+03 
1.520101e-01 3.387552e+03 2.857669e+03 
1.550303e-01 3.297506e+03 2.756900e+03 
1.580505e-01 3.174714e+03 2.661062e+03 
1.610707e-01 3.023912e+03 2.569848e+03 
1.640909e-01 2.852496e+03 2.482975e+03 
1.671111e-01 2.669436e+03 2.400179e+03 
1.701313e-01 2.483937e+03 2.321217e+03 
1.731515e-01 2.304395e+03 2.245862e+03 
1.761717e-01 2.137478e+03 2.173905e+03 
1.791919e-01 1.988042e+03 2.105151e+03 
1.822121e-01 1.859294e+03 2.039419e+03 
1.852323e-01 1.752908e+03 1.976538e+03 
1.882525e-01 1.669515e+03 1.916353e+03 
1.912727e-01 1.608503e+03 1.858714e+03 
1.942929e-01 1.568347e+03 1.803486e+03 
1.973131e-01 1.546574e+03 1.750540e+03 
2.003333e-01 1.539877e+03 1.699756e+03 
2.033535e-01 1.544415e+03 1.651021e+03 
2.063737e-01 1.555982e+03 1.604229e+03 
2.093939e-01 1.570381e+03 1.559283e+03 
2.124141e-01 1.583598e+03 1.516089e+03 
2.154343e-01 1.592074e+03 1.474561e+03 
2.184545e-01 1.592739e+03 1.434615e+03 
2.214747e-01 1.583331e+03 1.396177e+03 
2.244949e-01 1.562329e+03 1.359172e+03 
2.275152e-01 1.529356e+03 1.323533e+03 
2.305354e-01 1.485025e+03 1.289195e+03 
2.335556e-01 1.430947e+03 1.256098e+03 
2.365758e-01 1.369527e+03 1.224185e+03 
2.395960e-01 1.303589e+03 1.193401e+03 
2.426162e-01 1.236083e+03 1.163696e+03 
2.456364e-01 1.169777e+03 1.135021e+03 
2.486566e-01 1.107079e+03 1.107330e+03 
2.516768e-01 1.049917e+03 1.080582e+03 
2.546970e-01 9.997728e+02 1.054734e+03 
2.577172e-01 9.574921e+02 1.029747e+03 
2.607374e-01 9.234905e+02 1.005586e+03 
2.637576e-01 8.976633e+02 9.822159e+02 
2.667778e-01 8.795051e+02 9.596026e+02 
2.697980e-01 8.681433e+02 9.377153e+02 
2.728182e-01 8.624266e+02 9.165242e+02 
2.758384e-01 8.610368e+02 8.960011e+02 
2.788586e-01 8.625109e+02 8.761189e+02 
2.818788e-01 8.653669e+02 8.568521e+02 
2.848990e-01 8.681455e+02 8.381764e+02 
2.879192e-01 8.694988e+02 8.200685e+02 
2.909394e-01 8.682136e+02 8.025064e+02 
2.939596e-01 8.633646e+02 7.854691e+02 
2.969798e-01 8.543106e+02 7.689365e+02 
3.000000e-01 8.408209e+02 7.528895e+02 
