1.000000e-03 3.464348e+03 3.464345e+03 
4.020202e-03 1.173792e+04 1.183048e+04 
7.040404e-03 1.721190e+04 1.732984e+04 
1.006061e-02 2.058852e+04 2.070001e+04 
1.308081e-02 2.240888e+04 2.250692e+04 
1.610101e-02 2.307414e+04 2.311834e+04 
1.912121e-02 2.289753e+04 2.283947e+04 
2.214141e-02 2.213759e+04 2.198856e+04 
2.516162e-02 2.100889e+04 2.085917e+04 
2.818182e-02 1.968659e+04 1.965627e+04 
3.120202e-02 1.830683e+04 1.848718e+04 
3.422222e-02 1.696898e+04 1.739326e+04 
3.724242e-02 1.573802e+04 1.638310e+04 
4.026263e-02 1.465129e+04 1.545262e+04 
4.328283e-02 1.372026e+04 1.459421e+04 
4.630303e-02 1.293603e+04 1.380021e+04 
4.932323e-02 1.229424e+04 1.306388e+04 
5.234343e-02 1.176998e+04 1.237950e+04 
5.536364e-02 1.132209e+04 1.174224e+04 
5.838384e-02 1.092791e+04 1.114794e+04 
6.140404e-02 1.056253e+04 1.059300e+04 
6.442424e-02 1.020063e+04 1.007422e+04 
6.744444e-02 9.826699e+03 9.588755e+03 
7.046465e-02 9.430682e+03 9.134034e+03 
7.348485e-02 9.008762e+03 8.707727e+03 
7.650505e-02 8.564652e+03 8.307711e+03 
7.952525e-02 8.106963e+03 7.932047e+03 
8.254545e-02 7.647056e+03 7.578957e+03 
8.556566e-02 7.197379e+03 7.246811e+03 
8.858586e-02 6.768999e+03 6.934112e+03 
9.160606e-02 6.371280e+03 6.639484e+03 
9.462626e-02 6.011527e+03 6.361661e+03 
9.764646e-02 5.694440e+03 6.099478e+03 
1.006667e-01 5.422214e+03 5.851862e+03 
1.036869e-01 5.193731e+03 5.617824e+03 
1.067071e-01 5.004743e+03 5.396451e+03 
1.097273e-01 4.848392e+03 5.186901e+03 
1.127475e-01 4.716686e+03 4.988397e+03 
1.157677e-01 4.601302e+03 4.800221e+03 
1.187879e-01 4.494671e+03 4.621709e+03 
1.218081e-01 4.390062e+03 4.452246e+03 
1.248283e-01 4.282206e+03 4.291264e+03 
1.278485e-01 4.167222e+03 4.138234e+03 
1.308687e-01 4.042853e+03 3.992669e+03 
1.338889e-01 3.908783e+03 3.854115e+03 
1.369091e-01 3.766231e+03 3.722151e+03 
1.399293e-01 3.617978e+03 3.596384e+03 
1.429495e-01 3.467448e+03 3.476452e+03 
1.459697e-01 3.318214e+03 3.362015e+03 
1.489899e-01 3.173688e+03 3.252759e+03 
1.520101e-01 3.036925e+03 3.148388e+03 
1.550303e-01 2.910449e+03 3.048629e+03 
1.580505e-01 2.796203e+03 2.953225e+03 
1.610707e-01 2.695218e+03 2.861938e+03 
1.640909e-01 2.607762e+03 2.774544e+03 
1.671111e-01 2.532801e+03 2.690834e+03 
1.701313e-01 2.468642e+03 2.610613e+03 
1.731515e-01 2.412917e+03 2.533696e+03 
1.761717e-01 2.363204e+03 2.459913e+03 
1.791919e-01 2.317179e+03 2.389102e+03 
1.822121e-01 2.272826e+03 2.321111e+03 
1.852323e-01 2.228410e+03 2.255800e+03 
1.882525e-01 2.182518e+03 2.193034e+03 
1.912727e-01 2.134035e+03 2.132688e+03 
1.942929e-01 2.082448e+03 2.074643e+03 
1.973131e-01 2.027677e+03 2.018790e+03 
2.003333e-01 1.970235e+03 1.965022e+03 
2.033535e-01 1.911024e+03 1.913241e+03 
2.063737e-01 1.851305e+03 1.863355e+03 
2.093939e-01 1.792298e+03 1.815274e+03 
2.124141e-01 1.735148e+03 1.768917e+03 
2.154343e-01 1.680764e+03 1.724205e+03 
2.184545e-01 1.629880e+03 1.681064e+03 
2.214747e-01 1.582940e+03 1.639423e+03 
2.244949e-01 1.540182e+03 1.599216e+03 
2.275152e-01 1.501584e+03 1.560381e+03 
2.305354e-01 1.466895e+03 1.522858e+03 
2.335556e-01 1.435663e+03 1.486591e+03 
2.365758e-01 1.407296e+03 1.451526e+03 
2.395960e-01 1.381126e+03 1.417612e+03 
2.426162e-01 1.356448e+03 1.384802e+03 
2.456364e-01 1.332573e+03 1.353050e+03 
2.486566e-01 1.308882e+03 1.322312e+03 
2.516768e-01 1.284869e+03 1.292547e+03 
2.546970e-01 1.260179e+03 1.263715e+03 
2.577172e-01 1.234658e+03 1.235780e+03 
2.607374e-01 1.208319e+03 1.208706e+03 
2.637576e-01 1.181354e+03 1.182459e+03 
2.667778e-01 1.154039e+03 1.157007e+03 
2.697980e-01 1.126707e+03 1.132320e+03 
2.728182e-01 1.099689e+03 1.108367e+03 
2.758384e-01 1.073292e+03 1.085121e+03 
2.788586e-01 1.047795e+03 1.062555e+03 
2.818788e-01 1.023442e+03 1.040644e+03 
2.848990e-01 1.000409e+03 1.019365e+03 
2.879192e-01 9.788170e+02 9.986921e+02 
2.909394e-01 9.586881e+02 9.786051e+02 
2.939596e-01 9.399718e+02 9.590822e+02 
2.969798e-01 9.225120e+02 9.401033e+02 
3.000000e-01 9.061188e+02 9.216490e+02 
