1.000000e-03 3.688646e+03 3.688643e+03 
4.020202e-03 1.221953e+04 1.231575e+04 
7.040404e-03 1.778752e+04 1.791164e+04 
1.006061e-02 2.119170e+04 2.131441e+04 
1.308081e-02 2.300393e+04 2.312025e+04 
1.610101e-02 2.363711e+04 2.370610e+04 
1.912121e-02 2.341256e+04 2.337780e+04 
2.214141e-02 2.259363e+04 2.245599e+04 
2.516162e-02 2.139899e+04 2.124366e+04 
2.818182e-02 2.000723e+04 1.995799e+04 
3.120202e-02 1.855776e+04 1.871490e+04 
3.422222e-02 1.715264e+04 1.755907e+04 
3.724242e-02 1.585919e+04 1.649893e+04 
4.026263e-02 1.471675e+04 1.552872e+04 
4.328283e-02 1.373780e+04 1.463889e+04 
4.630303e-02 1.291346e+04 1.382001e+04 
4.932323e-02 1.224169e+04 1.306389e+04 
5.234343e-02 1.169689e+04 1.236372e+04 
5.536364e-02 1.123675e+04 1.171379e+04 
5.838384e-02 1.083905e+04 1.110931e+04 
6.140404e-02 1.047776e+04 1.054617e+04 
6.442424e-02 1.012588e+04 1.002080e+04 
6.744444e-02 9.765383e+03 9.530034e+03 
7.046465e-02 9.383984e+03 9.071079e+03 
7.348485e-02 8.975888e+03 8.641414e+03 
7.650505e-02 8.542750e+03 8.238766e+03 
7.952525e-02 8.092026e+03 7.861073e+03 
8.254545e-02 7.634557e+03 7.506458e+03 
8.556566e-02 7.182731e+03 7.173210e+03 
8.858586e-02 6.748048e+03 6.859764e+03 
9.160606e-02 6.340471e+03 6.564687e+03 
9.462626e-02 5.968084e+03 6.286667e+03 
9.764646e-02 5.636795e+03 6.024498e+03 
1.006667e-01 5.350028e+03 5.777074e+03 
1.036869e-01 5.108040e+03 5.543378e+03 
1.067071e-01 4.907810e+03 5.322473e+03 
1.097273e-01 4.743631e+03 5.113498e+03 
1.127475e-01 4.607906e+03 4.915656e+03 
1.157677e-01 4.492320e+03 4.728215e+03 
1.187879e-01 4.389043e+03 4.550498e+03 
1.218081e-01 4.290914e+03 4.381879e+03 
1.248283e-01 4.192012e+03 4.221780e+03 
1.278485e-01 4.087642e+03 4.069667e+03 
1.308687e-01 3.974592e+03 3.925041e+03 
1.338889e-01 3.851505e+03 3.787446e+03 
1.369091e-01 3.718594e+03 3.656453e+03 
1.399293e-01 3.577815e+03 3.531667e+03 
1.429495e-01 3.432052e+03 3.412720e+03 
1.459697e-01 3.284912e+03 3.299271e+03 
1.489899e-01 3.140032e+03 3.191000e+03 
1.520101e-01 3.000753e+03 3.087611e+03 
1.550303e-01 2.870034e+03 2.988829e+03 
1.580505e-01 2.750360e+03 2.894394e+03 
1.610707e-01 2.643321e+03 2.804068e+03 
1.640909e-01 2.549729e+03 2.717624e+03 
1.671111e-01 2.469237e+03 2.634853e+03 
1.701313e-01 2.400782e+03 2.555558e+03 
1.731515e-01 2.342400e+03 2.479555e+03 
1.761717e-01 2.291857e+03 2.406672e+03 
1.791919e-01 2.246774e+03 2.336748e+03 
1.822121e-01 2.204920e+03 2.269630e+03 
1.852323e-01 2.164272e+03 2.205176e+03 
1.882525e-01 2.123111e+03 2.143253e+03 
1.912727e-01 2.079995e+03 2.083736e+03 
1.942929e-01 2.033974e+03 2.026505e+03 
1.973131e-01 1.984503e+03 1.971449e+03 
2.003333e-01 1.931743e+03 1.918465e+03 
2.033535e-01 1.876246e+03 1.867454e+03 
2.063737e-01 1.819020e+03 1.818321e+03 
2.093939e-01 1.761232e+03 1.770980e+03 
2.124141e-01 1.704152e+03 1.725348e+03 
2.154343e-01 1.648863e+03 1.681347e+03 
2.184545e-01 1.596297e+03 1.638902e+03 
2.214747e-01 1.547177e+03 1.597944e+03 
2.244949e-01 1.502046e+03 1.558406e+03 
2.275152e-01 1.461127e+03 1.520227e+03 
2.305354e-01 1.424413e+03 1.483346e+03 
2.335556e-01 1.391610e+03 1.447708e+03 
2.365758e-01 1.362261e+03 1.413259e+03 
2.395960e-01 1.335776e+03 1.379950e+03 
2.426162e-01 1.311489e+03 1.347731e+03 
2.456364e-01 1.288701e+03 1.316559e+03 
2.486566e-01 1.266718e+03 1.286388e+03 
2.516768e-01 1.244892e+03 1.257179e+03 
2.546970e-01 1.222695e+03 1.228893e+03 
2.577172e-01 1.199740e+03 1.201492e+03 
2.607374e-01 1.175840e+03 1.174941e+03 
2.637576e-01 1.151005e+03 1.149207e+03 
2.667778e-01 1.125416e+03 1.124257e+03 
2.697980e-01 1.099352e+03 1.100061e+03 
2.728182e-01 1.073139e+03 1.076590e+03 
2.758384e-01 1.047111e+03 1.053816e+03 
2.788586e-01 1.021594e+03 1.031714e+03 
2.818788e-01 9.968784e+02 1.010257e+03 
2.848990e-01 9.732228e+02 9.894214e+02 
2.879192e-01 9.508449e+02 9.691848e+02 
2.909394e-01 9.298893e+02 9.495249e+02 
2.939596e-01 9.104265e+02 9.304207e+02 
2.969798e-01 8.924092e+02 9.118523e+02 
3.000000e-01 8.757161e+02 8.938004e+02 
