1.000000e-03 3.439955e+03 3.439951e+03 
4.020202e-03 1.163539e+04 1.172782e+04 
7.040404e-03 1.704282e+04 1.716058e+04 
1.006061e-02 2.037096e+04 2.048127e+04 
1.308081e-02 2.216268e+04 2.225789e+04 
1.610101e-02 2.281677e+04 2.285865e+04 
1.912121e-02 2.264274e+04 2.258520e+04 
2.214141e-02 2.189565e+04 2.174859e+04 
2.516162e-02 2.078523e+04 2.063562e+04 
2.818182e-02 1.948320e+04 1.944785e+04 
3.120202e-02 1.812282e+04 1.829177e+04 
3.422222e-02 1.680159e+04 1.720903e+04 
3.724242e-02 1.558352e+04 1.620870e+04 
4.026263e-02 1.450548e+04 1.528705e+04 
4.328283e-02 1.358057e+04 1.443673e+04 
4.630303e-02 1.279971e+04 1.365023e+04 
4.932323e-02 1.215673e+04 1.292091e+04 
5.234343e-02 1.163221e+04 1.224311e+04 
5.536364e-02 1.118599e+04 1.161204e+04 
5.838384e-02 1.079249e+04 1.102358e+04 
6.140404e-02 1.042872e+04 1.047415e+04 
6.442424e-02 1.007044e+04 9.960572e+03 
6.744444e-02 9.702234e+03 9.480023e+03 
7.046465e-02 9.314260e+03 9.029949e+03 
7.348485e-02 8.901938e+03 8.608036e+03 
7.650505e-02 8.468119e+03 8.212177e+03 
7.952525e-02 8.020380e+03 7.840445e+03 
8.254545e-02 7.569341e+03 7.491078e+03 
8.556566e-02 7.127107e+03 7.162458e+03 
8.858586e-02 6.704654e+03 6.853099e+03 
9.160606e-02 6.311280e+03 6.561638e+03 
9.462626e-02 5.954238e+03 6.286818e+03 
9.764646e-02 5.638238e+03 6.027484e+03 
1.006667e-01 5.365948e+03 5.782573e+03 
1.036869e-01 5.136102e+03 5.551104e+03 
1.067071e-01 4.945184e+03 5.332172e+03 
1.097273e-01 4.786860e+03 5.124944e+03 
1.127475e-01 4.653772e+03 4.928649e+03 
1.157677e-01 4.537798e+03 4.742575e+03 
1.187879e-01 4.431542e+03 4.566065e+03 
1.218081e-01 4.328366e+03 4.398510e+03 
1.248283e-01 4.222957e+03 4.239347e+03 
1.278485e-01 4.111086e+03 4.088053e+03 
1.308687e-01 3.990541e+03 3.944145e+03 
1.338889e-01 3.860524e+03 3.807172e+03 
1.369091e-01 3.722262e+03 3.676719e+03 
1.399293e-01 3.578057e+03 3.552397e+03 
1.429495e-01 3.431234e+03 3.433847e+03 
1.459697e-01 3.285158e+03 3.320733e+03 
1.489899e-01 3.143113e+03 3.212742e+03 
1.520101e-01 3.007977e+03 3.109584e+03 
1.550303e-01 2.882290e+03 3.010986e+03 
1.580505e-01 2.767974e+03 2.916697e+03 
1.610707e-01 2.666367e+03 2.826479e+03 
1.640909e-01 2.577829e+03 2.740110e+03 
1.671111e-01 2.501786e+03 2.657385e+03 
1.701313e-01 2.436583e+03 2.578109e+03 
1.731515e-01 2.380085e+03 2.502101e+03 
1.761717e-01 2.329870e+03 2.429191e+03 
1.791919e-01 2.283739e+03 2.359220e+03 
1.822121e-01 2.239676e+03 2.292038e+03 
1.852323e-01 2.195997e+03 2.227504e+03 
1.882525e-01 2.151264e+03 2.165487e+03 
1.912727e-01 2.104423e+03 2.105863e+03 
1.942929e-01 2.054772e+03 2.048514e+03 
1.973131e-01 2.002042e+03 1.993330e+03 
2.003333e-01 1.946564e+03 1.940209e+03 
2.033535e-01 1.889163e+03 1.889052e+03 
2.063737e-01 1.830963e+03 1.839767e+03 
2.093939e-01 1.773192e+03 1.792268e+03 
2.124141e-01 1.716946e+03 1.746472e+03 
2.154343e-01 1.663179e+03 1.702301e+03 
2.184545e-01 1.612589e+03 1.659684e+03 
2.214747e-01 1.565673e+03 1.618549e+03 
2.244949e-01 1.522691e+03 1.578832e+03 
2.275152e-01 1.483694e+03 1.540471e+03 
2.305354e-01 1.448548e+03 1.503406e+03 
2.335556e-01 1.416891e+03 1.467582e+03 
2.365758e-01 1.388218e+03 1.432946e+03 
2.395960e-01 1.361878e+03 1.399449e+03 
2.426162e-01 1.337184e+03 1.367041e+03 
2.456364e-01 1.313472e+03 1.335679e+03 
2.486566e-01 1.290135e+03 1.305319e+03 
2.516768e-01 1.266661e+03 1.275921e+03 
2.546970e-01 1.242688e+03 1.247445e+03 
2.577172e-01 1.217994e+03 1.219856e+03 
2.607374e-01 1.192552e+03 1.193116e+03 
2.637576e-01 1.166458e+03 1.167195e+03 
2.667778e-01 1.139948e+03 1.142058e+03 
2.697980e-01 1.113311e+03 1.117677e+03 
2.728182e-01 1.086862e+03 1.094021e+03 
2.758384e-01 1.060909e+03 1.071064e+03 
2.788586e-01 1.035741e+03 1.048780e+03 
2.818788e-01 1.011600e+03 1.027142e+03 
2.848990e-01 9.886817e+02 1.006128e+03 
2.879192e-01 9.671010e+02 9.857136e+02 
2.909394e-01 9.469124e+02 9.658777e+02 
2.939596e-01 9.280736e+02 9.465991e+02 
2.969798e-01 9.104902e+02 9.278580e+02 
3.000000e-01 8.940061e+02 9.096350e+02 
