1.000000e-03 3.316665e+03 3.316662e+03 
4.020202e-03 1.104000e+04 1.112780e+04 
7.040404e-03 1.607511e+04 1.618169e+04 
1.006061e-02 1.915753e+04 1.924308e+04 
1.308081e-02 2.082111e+04 2.087247e+04 
1.610101e-02 2.144732e+04 2.143523e+04 
1.912121e-02 2.132824e+04 2.122598e+04 
2.214141e-02 2.069580e+04 2.053046e+04 
2.516162e-02 1.974023e+04 1.959521e+04 
2.818182e-02 1.861263e+04 1.858530e+04 
3.120202e-02 1.742953e+04 1.758655e+04 
3.422222e-02 1.627512e+04 1.663425e+04 
3.724242e-02 1.520430e+04 1.573886e+04 
4.026263e-02 1.424775e+04 1.490086e+04 
4.328283e-02 1.341669e+04 1.411731e+04 
4.630303e-02 1.270433e+04 1.338450e+04 
4.932323e-02 1.209966e+04 1.269875e+04 
5.234343e-02 1.158793e+04 1.205668e+04 
5.536364e-02 1.113863e+04 1.145519e+04 
5.838384e-02 1.072686e+04 1.089144e+04 
6.140404e-02 1.033556e+04 1.036280e+04 
6.442424e-02 9.947661e+03 9.866850e+03 
6.744444e-02 9.551445e+03 9.401329e+03 
7.046465e-02 9.141114e+03 8.964134e+03 
7.348485e-02 8.716057e+03 8.553305e+03 
7.650505e-02 8.280633e+03 8.167020e+03 
7.952525e-02 7.842929e+03 7.803584e+03 
8.254545e-02 7.413055e+03 7.461423e+03 
8.556566e-02 7.000433e+03 7.139076e+03 
8.858586e-02 6.613059e+03 6.835188e+03 
9.160606e-02 6.256983e+03 6.548503e+03 
9.462626e-02 5.936422e+03 6.277857e+03 
9.764646e-02 5.653684e+03 6.022173e+03 
1.006667e-01 5.408941e+03 5.780455e+03 
1.036869e-01 5.200028e+03 5.551778e+03 
1.067071e-01 5.021902e+03 5.335287e+03 
1.097273e-01 4.868215e+03 5.130191e+03 
1.127475e-01 4.731685e+03 4.935757e+03 
1.157677e-01 4.605526e+03 4.751304e+03 
1.187879e-01 4.483560e+03 4.576204e+03 
1.218081e-01 4.361390e+03 4.409871e+03 
1.248283e-01 4.235690e+03 4.251764e+03 
1.278485e-01 4.104639e+03 4.101379e+03 
1.308687e-01 3.967500e+03 3.958248e+03 
1.338889e-01 3.825244e+03 3.821939e+03 
1.369091e-01 3.679717e+03 3.692045e+03 
1.399293e-01 3.533706e+03 3.568192e+03 
1.429495e-01 3.390061e+03 3.450029e+03 
1.459697e-01 3.251562e+03 3.337230e+03 
1.489899e-01 3.120391e+03 3.229490e+03 
1.520101e-01 2.998277e+03 3.126526e+03 
1.550303e-01 2.886464e+03 3.028072e+03 
1.580505e-01 2.785801e+03 2.933881e+03 
1.610707e-01 2.696332e+03 2.843721e+03 
1.640909e-01 2.617544e+03 2.757375e+03 
1.671111e-01 2.548033e+03 2.674641e+03 
1.701313e-01 2.486001e+03 2.595329e+03 
1.731515e-01 2.429248e+03 2.519260e+03 
1.761717e-01 2.375756e+03 2.446268e+03 
1.791919e-01 2.323777e+03 2.376196e+03 
1.822121e-01 2.272050e+03 2.308895e+03 
1.852323e-01 2.219683e+03 2.244229e+03 
1.882525e-01 2.166093e+03 2.182067e+03 
1.912727e-01 2.110915e+03 2.122286e+03 
1.942929e-01 2.054156e+03 2.064771e+03 
1.973131e-01 1.996097e+03 2.009414e+03 
2.003333e-01 1.937494e+03 1.956111e+03 
2.033535e-01 1.879231e+03 1.904767e+03 
2.063737e-01 1.822271e+03 1.855291e+03 
2.093939e-01 1.767467e+03 1.807596e+03 
2.124141e-01 1.715511e+03 1.761600e+03 
2.154343e-01 1.666820e+03 1.717229e+03 
2.184545e-01 1.621587e+03 1.674408e+03 
2.214747e-01 1.579808e+03 1.633068e+03 
2.244949e-01 1.541354e+03 1.593146e+03 
2.275152e-01 1.505943e+03 1.554579e+03 
2.305354e-01 1.473203e+03 1.517308e+03 
2.335556e-01 1.442639e+03 1.481279e+03 
2.365758e-01 1.413735e+03 1.446439e+03 
2.395960e-01 1.385979e+03 1.412737e+03 
2.426162e-01 1.358904e+03 1.380128e+03 
2.456364e-01 1.332110e+03 1.348565e+03 
2.486566e-01 1.305297e+03 1.318006e+03 
2.516768e-01 1.278264e+03 1.288410e+03 
2.546970e-01 1.250949e+03 1.259739e+03 
2.577172e-01 1.223390e+03 1.231956e+03 
2.607374e-01 1.195759e+03 1.205025e+03 
2.637576e-01 1.168289e+03 1.178915e+03 
2.667778e-01 1.141242e+03 1.153592e+03 
2.697980e-01 1.114862e+03 1.129026e+03 
2.728182e-01 1.089340e+03 1.105190e+03 
2.758384e-01 1.064820e+03 1.082054e+03 
2.788586e-01 1.041397e+03 1.059593e+03 
2.818788e-01 1.019130e+03 1.037782e+03 
2.848990e-01 9.980441e+02 1.016597e+03 
2.879192e-01 9.781023e+02 9.960140e+02 
2.909394e-01 9.592247e+02 9.760123e+02 
2.939596e-01 9.412853e+02 9.565708e+02 
2.969798e-01 9.241357e+02 9.376692e+02 
3.000000e-01 9.076086e+02 9.192886e+02 
