1.000000e-03 3.793289e+03 3.793285e+03 
4.020202e-03 1.287299e+04 1.297473e+04 
7.040404e-03 1.898854e+04 1.913209e+04 
1.006061e-02 2.283742e+04 2.300612e+04 
1.308081e-02 2.496032e+04 2.516461e+04 
1.610101e-02 2.576572e+04 2.596102e+04 
1.912121e-02 2.558224e+04 2.567431e+04 
2.214141e-02 2.469064e+04 2.462246e+04 
2.516162e-02 2.333171e+04 2.315391e+04 
2.818182e-02 2.171006e+04 2.155898e+04 
3.120202e-02 1.999146e+04 2.001476e+04 
3.422222e-02 1.830235e+04 1.859801e+04 
3.724242e-02 1.673039e+04 1.732569e+04 
4.026263e-02 1.533155e+04 1.618831e+04 
4.328283e-02 1.412783e+04 1.516845e+04 
4.630303e-02 1.311820e+04 1.424862e+04 
4.932323e-02 1.230711e+04 1.341377e+04 
5.234343e-02 1.166946e+04 1.265170e+04 
5.536364e-02 1.116410e+04 1.195265e+04 
5.838384e-02 1.075890e+04 1.130879e+04 
6.140404e-02 1.042467e+04 1.071376e+04 
6.442424e-02 1.013125e+04 1.016231e+04 
6.744444e-02 9.847968e+03 9.650046e+03 
7.046465e-02 9.552088e+03 9.173203e+03 
7.348485e-02 9.227640e+03 8.728548e+03 
7.650505e-02 8.865518e+03 8.313252e+03 
7.952525e-02 8.465104e+03 7.924822e+03 
8.254545e-02 8.032675e+03 7.561042e+03 
8.556566e-02 7.579065e+03 7.219932e+03 
8.858586e-02 7.117455e+03 6.899712e+03 
9.160606e-02 6.661449e+03 6.598778e+03 
9.462626e-02 6.223939e+03 6.315674e+03 
9.764646e-02 5.816638e+03 6.049080e+03 
1.006667e-01 5.448734e+03 5.797795e+03 
1.036869e-01 5.127058e+03 5.560722e+03 
1.067071e-01 4.854461e+03 5.336857e+03 
1.097273e-01 4.630926e+03 5.125282e+03 
1.127475e-01 4.452265e+03 4.925155e+03 
1.157677e-01 4.312407e+03 4.735704e+03 
1.187879e-01 4.203561e+03 4.556216e+03 
1.218081e-01 4.117550e+03 4.386036e+03 
1.248283e-01 4.046079e+03 4.224561e+03 
1.278485e-01 3.981417e+03 4.071234e+03 
1.308687e-01 3.916419e+03 3.925539e+03 
1.338889e-01 3.845134e+03 3.787000e+03 
1.369091e-01 3.762894e+03 3.655177e+03 
1.399293e-01 3.666921e+03 3.529661e+03 
1.429495e-01 3.556388e+03 3.410073e+03 
1.459697e-01 3.432320e+03 3.296061e+03 
1.489899e-01 3.297400e+03 3.187298e+03 
1.520101e-01 3.155247e+03 3.083480e+03 
1.550303e-01 3.010031e+03 2.984324e+03 
1.580505e-01 2.866048e+03 2.889566e+03 
1.610707e-01 2.727534e+03 2.798961e+03 
1.640909e-01 2.598200e+03 2.712278e+03 
1.671111e-01 2.481060e+03 2.629304e+03 
1.701313e-01 2.377906e+03 2.549838e+03 
1.731515e-01 2.289581e+03 2.473693e+03 
1.761717e-01 2.215741e+03 2.400693e+03 
1.791919e-01 2.155349e+03 2.330674e+03 
1.822121e-01 2.106529e+03 2.263483e+03 
1.852323e-01 2.067119e+03 2.198974e+03 
1.882525e-01 2.034731e+03 2.137012e+03 
1.912727e-01 2.006890e+03 2.077470e+03 
1.942929e-01 1.981090e+03 2.020228e+03 
1.973131e-01 1.954977e+03 1.965174e+03 
2.003333e-01 1.926444e+03 1.912201e+03 
2.033535e-01 1.893964e+03 1.861209e+03 
2.063737e-01 1.856563e+03 1.812105e+03 
2.093939e-01 1.814000e+03 1.764800e+03 
2.124141e-01 1.766601e+03 1.719210e+03 
2.154343e-01 1.715168e+03 1.675256e+03 
2.184545e-01 1.660854e+03 1.632864e+03 
2.214747e-01 1.604998e+03 1.591963e+03 
2.244949e-01 1.549064e+03 1.552487e+03 
2.275152e-01 1.494474e+03 1.514371e+03 
2.305354e-01 1.442502e+03 1.477558e+03 
2.335556e-01 1.394176e+03 1.441989e+03 
2.365758e-01 1.350251e+03 1.407612e+03 
2.395960e-01 1.311127e+03 1.374376e+03 
2.426162e-01 1.276932e+03 1.342232e+03 
2.456364e-01 1.247446e+03 1.311135e+03 
2.486566e-01 1.222267e+03 1.281042e+03 
2.516768e-01 1.200796e+03 1.251910e+03 
2.546970e-01 1.182298e+03 1.223702e+03 
2.577172e-01 1.165895e+03 1.196379e+03 
2.607374e-01 1.150680e+03 1.169906e+03 
2.637576e-01 1.135755e+03 1.144250e+03 
2.667778e-01 1.120359e+03 1.119379e+03 
2.697980e-01 1.103873e+03 1.095261e+03 
2.728182e-01 1.085931e+03 1.071867e+03 
2.758384e-01 1.066359e+03 1.049171e+03 
2.788586e-01 1.045193e+03 1.027145e+03 
2.818788e-01 1.022611e+03 1.005764e+03 
2.848990e-01 9.988945e+02 9.850036e+02 
2.879192e-01 9.744141e+02 9.648415e+02 
2.909394e-01 9.495895e+02 9.452554e+02 
2.939596e-01 9.248956e+02 9.262242e+02 
2.969798e-01 9.008071e+02 9.077279e+02 
3.000000e-01 8.777753e+02 8.897473e+02 
