1.000000e-03 5.048273e+03 5.048268e+03 
4.020202e-03 1.646226e+04 1.659273e+04 
7.040404e-03 2.361431e+04 2.378362e+04 
1.006061e-02 2.774238e+04 2.792836e+04 
1.308081e-02 2.969292e+04 2.989542e+04 
1.610101e-02 3.006475e+04 3.021167e+04 
1.912121e-02 2.931737e+04 2.931092e+04 
2.214141e-02 2.782619e+04 2.766232e+04 
2.516162e-02 2.589957e+04 2.570741e+04 
2.818182e-02 2.378528e+04 2.374990e+04 
3.120202e-02 2.167169e+04 2.193672e+04 
3.422222e-02 1.969034e+04 2.031017e+04 
3.724242e-02 1.792218e+04 1.886364e+04 
4.026263e-02 1.640844e+04 1.757475e+04 
4.328283e-02 1.514784e+04 1.641964e+04 
4.630303e-02 1.412745e+04 1.537766e+04 
4.932323e-02 1.333422e+04 1.443211e+04 
5.234343e-02 1.271339e+04 1.356970e+04 
5.536364e-02 1.221393e+04 1.277981e+04 
5.838384e-02 1.179490e+04 1.205381e+04 
6.140404e-02 1.141420e+04 1.138461e+04 
6.442424e-02 1.104013e+04 1.076623e+04 
6.744444e-02 1.064872e+04 1.019361e+04 
7.046465e-02 1.022229e+04 9.662341e+03 
7.348485e-02 9.753353e+03 9.168615e+03 
7.650505e-02 9.243881e+03 8.709062e+03 
7.952525e-02 8.704134e+03 8.280699e+03 
8.254545e-02 8.150910e+03 7.880869e+03 
8.556566e-02 7.602619e+03 7.507196e+03 
8.858586e-02 7.077060e+03 7.157542e+03 
9.160606e-02 6.589707e+03 6.829984e+03 
9.462626e-02 6.151794e+03 6.522780e+03 
9.764646e-02 5.770944e+03 6.234356e+03 
1.006667e-01 5.450017e+03 5.963282e+03 
1.036869e-01 5.187621e+03 5.708256e+03 
1.067071e-01 4.978670e+03 5.468094e+03 
1.097273e-01 4.815035e+03 5.241716e+03 
1.127475e-01 4.687015e+03 5.028133e+03 
1.157677e-01 4.583932e+03 4.826443e+03 
1.187879e-01 4.495132e+03 4.635818e+03 
1.218081e-01 4.410409e+03 4.455498e+03 
1.248283e-01 4.321228e+03 4.284785e+03 
1.278485e-01 4.220854e+03 4.123039e+03 
1.308687e-01 4.105753e+03 3.969669e+03 
1.338889e-01 3.974566e+03 3.824131e+03 
1.369091e-01 3.828699e+03 3.685922e+03 
1.399293e-01 3.670932e+03 3.554580e+03 
1.429495e-01 3.505363e+03 3.429674e+03 
1.459697e-01 3.336665e+03 3.310808e+03 
1.489899e-01 3.169878e+03 3.197615e+03 
1.520101e-01 3.010095e+03 3.089753e+03 
1.550303e-01 2.862036e+03 2.986907e+03 
1.580505e-01 2.729284e+03 2.888781e+03 
1.610707e-01 2.614012e+03 2.795103e+03 
1.640909e-01 2.516582e+03 2.705618e+03 
1.671111e-01 2.435859e+03 2.620090e+03 
1.701313e-01 2.369661e+03 2.538297e+03 
1.731515e-01 2.315416e+03 2.460032e+03 
1.761717e-01 2.270405e+03 2.385104e+03 
1.791919e-01 2.231855e+03 2.313333e+03 
1.822121e-01 2.196909e+03 2.244550e+03 
1.852323e-01 2.162633e+03 2.178598e+03 
1.882525e-01 2.126403e+03 2.115329e+03 
1.912727e-01 2.086001e+03 2.054604e+03 
1.942929e-01 2.040241e+03 1.996295e+03 
1.973131e-01 1.988719e+03 1.940279e+03 
2.003333e-01 1.932140e+03 1.886443e+03 
2.033535e-01 1.871655e+03 1.834677e+03 
2.063737e-01 1.808759e+03 1.784882e+03 
2.093939e-01 1.745005e+03 1.736962e+03 
2.124141e-01 1.681946e+03 1.690827e+03 
2.154343e-01 1.621034e+03 1.646393e+03 
2.184545e-01 1.563603e+03 1.603580e+03 
2.214747e-01 1.510766e+03 1.562314e+03 
2.244949e-01 1.463273e+03 1.522522e+03 
2.275152e-01 1.421433e+03 1.484139e+03 
2.305354e-01 1.385087e+03 1.447100e+03 
2.335556e-01 1.353742e+03 1.411346e+03 
2.365758e-01 1.326640e+03 1.376820e+03 
2.395960e-01 1.302908e+03 1.343468e+03 
2.426162e-01 1.281589e+03 1.311240e+03 
2.456364e-01 1.261713e+03 1.280087e+03 
2.486566e-01 1.242315e+03 1.249964e+03 
2.516768e-01 1.222552e+03 1.220827e+03 
2.546970e-01 1.201716e+03 1.192635e+03 
2.577172e-01 1.179390e+03 1.165349e+03 
2.607374e-01 1.155390e+03 1.138933e+03 
2.637576e-01 1.129845e+03 1.113349e+03 
2.667778e-01 1.103054e+03 1.088566e+03 
2.697980e-01 1.075448e+03 1.064552e+03 
2.728182e-01 1.047484e+03 1.041275e+03 
2.758384e-01 1.019627e+03 1.018707e+03 
2.788586e-01 9.923515e+02 9.968199e+02 
2.818788e-01 9.661105e+02 9.755884e+02 
2.848990e-01 9.413111e+02 9.549870e+02 
2.879192e-01 9.182527e+02 9.349918e+02 
2.909394e-01 8.971129e+02 9.155801e+02 
2.939596e-01 8.779052e+02 8.967301e+02 
2.969798e-01 8.605282e+02 8.784211e+02 
3.000000e-01 8.447509e+02 8.606333e+02 
