1.000000e-03 4.790684e+03 4.790679e+03 
4.020202e-03 1.613182e+04 1.626132e+04 
7.040404e-03 2.361912e+04 2.380551e+04 
1.006061e-02 2.820106e+04 2.843705e+04 
1.308081e-02 3.059398e+04 3.090166e+04 
1.610101e-02 3.132750e+04 3.164742e+04 
1.912121e-02 3.082762e+04 3.101994e+04 
2.214141e-02 2.945694e+04 2.942193e+04 
2.516162e-02 2.752624e+04 2.731060e+04 
2.818182e-02 2.529891e+04 2.507691e+04 
3.120202e-02 2.298601e+04 2.296089e+04 
3.422222e-02 2.074771e+04 2.106230e+04 
3.724242e-02 1.869238e+04 1.939584e+04 
4.026263e-02 1.688712e+04 1.793933e+04 
4.328283e-02 1.535354e+04 1.666073e+04 
4.630303e-02 1.408846e+04 1.552959e+04 
4.932323e-02 1.309308e+04 1.452047e+04 
5.234343e-02 1.232859e+04 1.361319e+04 
5.536364e-02 1.174505e+04 1.279194e+04 
5.838384e-02 1.130366e+04 1.204430e+04 
6.140404e-02 1.096047e+04 1.136043e+04 
6.442424e-02 1.067366e+04 1.073239e+04 
6.744444e-02 1.040703e+04 1.015368e+04 
7.046465e-02 1.013065e+04 9.618894e+03 
7.348485e-02 9.821639e+03 9.123472e+03 
7.650505e-02 9.465141e+03 8.663515e+03 
7.952525e-02 9.055612e+03 8.235656e+03 
8.254545e-02 8.597064e+03 7.836955e+03 
8.556566e-02 8.100400e+03 7.464831e+03 
8.858586e-02 7.581351e+03 7.116998e+03 
9.160606e-02 7.058080e+03 6.791423e+03 
9.462626e-02 6.548413e+03 6.486288e+03 
9.764646e-02 6.068990e+03 6.199961e+03 
1.006667e-01 5.632872e+03 5.930970e+03 
1.036869e-01 5.250001e+03 5.677988e+03 
1.067071e-01 4.925000e+03 5.439809e+03 
1.097273e-01 4.658844e+03 5.215341e+03 
1.127475e-01 4.448331e+03 5.003588e+03 
1.157677e-01 4.287667e+03 4.803642e+03 
1.187879e-01 4.169087e+03 4.614672e+03 
1.218081e-01 4.083637e+03 4.435921e+03 
1.248283e-01 4.021784e+03 4.266690e+03 
1.278485e-01 3.973658e+03 4.106342e+03 
1.308687e-01 3.929734e+03 3.954289e+03 
1.338889e-01 3.881292e+03 3.809989e+03 
1.369091e-01 3.821403e+03 3.672945e+03 
1.399293e-01 3.745056e+03 3.542696e+03 
1.429495e-01 3.650042e+03 3.418816e+03 
1.459697e-01 3.536058e+03 3.300914e+03 
1.489899e-01 3.405011e+03 3.188624e+03 
1.520101e-01 3.260047e+03 3.081609e+03 
1.550303e-01 3.105709e+03 2.979557e+03 
1.580505e-01 2.947188e+03 2.882175e+03 
1.610707e-01 2.790155e+03 2.789195e+03 
1.640909e-01 2.640004e+03 2.700363e+03 
1.671111e-01 2.501603e+03 2.615447e+03 
1.701313e-01 2.378193e+03 2.534228e+03 
1.731515e-01 2.271808e+03 2.456501e+03 
1.761717e-01 2.182767e+03 2.382076e+03 
1.791919e-01 2.110469e+03 2.310777e+03 
1.822121e-01 2.053446e+03 2.242436e+03 
1.852323e-01 2.009729e+03 2.176897e+03 
1.882525e-01 1.976983e+03 2.114016e+03 
1.912727e-01 1.952499e+03 2.053655e+03 
1.942929e-01 1.933354e+03 1.995685e+03 
1.973131e-01 1.916397e+03 1.939988e+03 
2.003333e-01 1.898632e+03 1.886449e+03 
2.033535e-01 1.877380e+03 1.834963e+03 
2.063737e-01 1.850736e+03 1.785429e+03 
2.093939e-01 1.817510e+03 1.737754e+03 
2.124141e-01 1.777472e+03 1.691848e+03 
2.154343e-01 1.730971e+03 1.647628e+03 
2.184545e-01 1.679010e+03 1.605016e+03 
2.214747e-01 1.622898e+03 1.563936e+03 
2.244949e-01 1.564232e+03 1.524320e+03 
2.275152e-01 1.504740e+03 1.486100e+03 
2.305354e-01 1.446213e+03 1.449214e+03 
2.335556e-01 1.390270e+03 1.413602e+03 
2.365758e-01 1.338337e+03 1.379209e+03 
2.395960e-01 1.291420e+03 1.345981e+03 
2.426162e-01 1.250185e+03 1.313869e+03 
2.456364e-01 1.214834e+03 1.282823e+03 
2.486566e-01 1.185225e+03 1.252800e+03 
2.516768e-01 1.160903e+03 1.223756e+03 
2.546970e-01 1.141153e+03 1.195651e+03 
2.577172e-01 1.125099e+03 1.168445e+03 
2.607374e-01 1.111709e+03 1.142102e+03 
2.637576e-01 1.099908e+03 1.116588e+03 
2.667778e-01 1.088638e+03 1.091868e+03 
2.697980e-01 1.076946e+03 1.067912e+03 
2.728182e-01 1.064025e+03 1.044688e+03 
2.758384e-01 1.049308e+03 1.022170e+03 
2.788586e-01 1.032424e+03 1.000328e+03 
2.818788e-01 1.013289e+03 9.791383e+02 
2.848990e-01 9.919901e+02 9.585746e+02 
2.879192e-01 9.688339e+02 9.386137e+02 
2.909394e-01 9.442529e+02 9.192330e+02 
2.939596e-01 9.188042e+02 9.004109e+02 
2.969798e-01 8.930864e+02 8.821269e+02 
3.000000e-01 8.677131e+02 8.643613e+02 
