1.000000e-03 2.319077e+03 2.319075e+03 
4.020202e-03 7.763679e+03 7.828588e+03 
7.040404e-03 1.135732e+04 1.142700e+04 
1.006061e-02 1.362975e+04 1.364790e+04 
1.308081e-02 1.497087e+04 1.491279e+04 
1.610101e-02 1.565206e+04 1.551458e+04 
1.912121e-02 1.586812e+04 1.566873e+04 
2.214141e-02 1.576192e+04 1.553605e+04 
2.516162e-02 1.544096e+04 1.522736e+04 
2.818182e-02 1.498509e+04 1.481318e+04 
3.120202e-02 1.445332e+04 1.433744e+04 
3.422222e-02 1.388701e+04 1.382817e+04 
3.724242e-02 1.331362e+04 1.330384e+04 
4.026263e-02 1.275015e+04 1.277692e+04 
4.328283e-02 1.220546e+04 1.225587e+04 
4.630303e-02 1.168235e+04 1.174640e+04 
4.932323e-02 1.118391e+04 1.125225e+04 
5.234343e-02 1.070865e+04 1.077581e+04 
5.536364e-02 1.024906e+04 1.031844e+04 
5.838384e-02 9.805131e+03 9.880829e+03 
6.140404e-02 9.380410e+03 9.463132e+03 
6.442424e-02 8.973635e+03 9.065162e+03 
6.744444e-02 8.582377e+03 8.686486e+03 
7.046465e-02 8.207002e+03 8.326506e+03 
7.348485e-02 7.848941e+03 7.984517e+03 
7.650505e-02 7.510532e+03 7.659753e+03 
7.952525e-02 7.193701e+03 7.351413e+03 
8.254545e-02 6.898125e+03 7.058686e+03 
8.556566e-02 6.622490e+03 6.780769e+03 
8.858586e-02 6.363990e+03 6.516874e+03 
9.160606e-02 6.120120e+03 6.266237e+03 
9.462626e-02 5.889824e+03 6.028125e+03 
9.764646e-02 5.672312e+03 5.801837e+03 
1.006667e-01 5.466876e+03 5.586704e+03 
1.036869e-01 5.272340e+03 5.382094e+03 
1.067071e-01 5.086633e+03 5.187409e+03 
1.097273e-01 4.908000e+03 5.002085e+03 
1.127475e-01 4.735366e+03 4.825589e+03 
1.157677e-01 4.568321e+03 4.657422e+03 
1.187879e-01 4.407303e+03 4.497113e+03 
1.218081e-01 4.252875e+03 4.344221e+03 
1.248283e-01 4.105655e+03 4.198331e+03 
1.278485e-01 3.965877e+03 4.059055e+03 
1.308687e-01 3.833368e+03 3.926027e+03 
1.338889e-01 3.707875e+03 3.798906e+03 
1.369091e-01 3.588928e+03 3.677369e+03 
1.399293e-01 3.476012e+03 3.561117e+03 
1.429495e-01 3.368610e+03 3.449865e+03 
1.459697e-01 3.266205e+03 3.343349e+03 
1.489899e-01 3.168337e+03 3.241320e+03 
1.520101e-01 3.074679e+03 3.143543e+03 
1.550303e-01 2.984920e+03 3.049798e+03 
1.580505e-01 2.898714e+03 2.959879e+03 
1.610707e-01 2.815702e+03 2.873592e+03 
1.640909e-01 2.735599e+03 2.790753e+03 
1.671111e-01 2.658236e+03 2.711191e+03 
1.701313e-01 2.583489e+03 2.634744e+03 
1.731515e-01 2.511407e+03 2.561259e+03 
1.761717e-01 2.442100e+03 2.490593e+03 
1.791919e-01 2.375548e+03 2.422609e+03 
1.822121e-01 2.311600e+03 2.357182e+03 
1.852323e-01 2.250108e+03 2.294188e+03 
1.882525e-01 2.190962e+03 2.233516e+03 
1.912727e-01 2.134064e+03 2.175057e+03 
1.942929e-01 2.079347e+03 2.118710e+03 
1.973131e-01 2.026768e+03 2.064378e+03 
2.003333e-01 1.976239e+03 2.011971e+03 
2.033535e-01 1.927557e+03 1.961403e+03 
2.063737e-01 1.880513e+03 1.912593e+03 
2.093939e-01 1.834985e+03 1.865463e+03 
2.124141e-01 1.790899e+03 1.819940e+03 
2.154343e-01 1.748208e+03 1.775955e+03 
2.184545e-01 1.706910e+03 1.733442e+03 
2.214747e-01 1.666996e+03 1.692339e+03 
2.244949e-01 1.628385e+03 1.652587e+03 
2.275152e-01 1.590977e+03 1.614130e+03 
2.305354e-01 1.554715e+03 1.576914e+03 
2.335556e-01 1.519592e+03 1.540888e+03 
2.365758e-01 1.485601e+03 1.506004e+03 
2.395960e-01 1.452718e+03 1.472217e+03 
2.426162e-01 1.420914e+03 1.439482e+03 
2.456364e-01 1.390130e+03 1.407758e+03 
2.486566e-01 1.360278e+03 1.377006e+03 
2.516768e-01 1.331291e+03 1.347187e+03 
2.546970e-01 1.303145e+03 1.318265e+03 
2.577172e-01 1.275824e+03 1.290207e+03 
2.607374e-01 1.249316e+03 1.262979e+03 
2.637576e-01 1.223607e+03 1.236550e+03 
2.667778e-01 1.198668e+03 1.210891e+03 
2.697980e-01 1.174441e+03 1.185973e+03 
2.728182e-01 1.150869e+03 1.161768e+03 
2.758384e-01 1.127928e+03 1.138251e+03 
2.788586e-01 1.105602e+03 1.115397e+03 
2.818788e-01 1.083885e+03 1.093182e+03 
2.848990e-01 1.062778e+03 1.071583e+03 
2.879192e-01 1.042275e+03 1.050579e+03 
2.909394e-01 1.022346e+03 1.030148e+03 
2.939596e-01 1.002953e+03 1.010271e+03 
2.969798e-01 9.840660e+02 9.909289e+02 
3.000000e-01 9.656622e+02 9.721027e+02 
