1.000000e-03 3.705343e+03 3.705340e+03 
4.020202e-03 1.233141e+04 1.242886e+04 
7.040404e-03 1.794262e+04 1.806540e+04 
1.006061e-02 2.135308e+04 2.146730e+04 
1.308081e-02 2.315274e+04 2.325065e+04 
1.610101e-02 2.376828e+04 2.380929e+04 
1.912121e-02 2.352922e+04 2.346499e+04 
2.214141e-02 2.270277e+04 2.254743e+04 
2.516162e-02 2.150943e+04 2.135653e+04 
2.818182e-02 2.012793e+04 2.009929e+04 
3.120202e-02 1.869583e+04 1.888277e+04 
3.422222e-02 1.731293e+04 1.774735e+04 
3.724242e-02 1.604388e+04 1.670069e+04 
4.026263e-02 1.492514e+04 1.573791e+04 
4.328283e-02 1.396767e+04 1.485082e+04 
4.630303e-02 1.316099e+04 1.403127e+04 
4.932323e-02 1.249895e+04 1.327213e+04 
5.234343e-02 1.195735e+04 1.256736e+04 
5.536364e-02 1.149412e+04 1.191182e+04 
5.838384e-02 1.108465e+04 1.130113e+04 
6.140404e-02 1.070424e+04 1.073146e+04 
6.442424e-02 1.032787e+04 1.019943e+04 
6.744444e-02 9.940025e+03 9.702034e+03 
7.046465e-02 9.531132e+03 9.236546e+03 
7.348485e-02 9.097585e+03 8.800514e+03 
7.650505e-02 8.642948e+03 8.391703e+03 
7.952525e-02 8.175956e+03 8.008075e+03 
8.254545e-02 7.708135e+03 7.647764e+03 
8.556566e-02 7.251931e+03 7.309064e+03 
8.858586e-02 6.818270e+03 6.990409e+03 
9.160606e-02 6.416379e+03 6.690363e+03 
9.462626e-02 6.053453e+03 6.407607e+03 
9.764646e-02 5.733916e+03 6.140927e+03 
1.006667e-01 5.459784e+03 5.889207e+03 
1.036869e-01 5.229388e+03 5.651421e+03 
1.067071e-01 5.038397e+03 5.426621e+03 
1.097273e-01 4.879816e+03 5.213937e+03 
1.127475e-01 4.745673e+03 5.012564e+03 
1.157677e-01 4.627572e+03 4.821759e+03 
1.187879e-01 4.517986e+03 4.640837e+03 
1.218081e-01 4.410201e+03 4.469162e+03 
1.248283e-01 4.299098e+03 4.306149e+03 
1.278485e-01 4.180822e+03 4.151255e+03 
1.308687e-01 4.053327e+03 4.003976e+03 
1.338889e-01 3.916348e+03 3.863846e+03 
1.369091e-01 3.771465e+03 3.730432e+03 
1.399293e-01 3.621393e+03 3.603332e+03 
1.429495e-01 3.469544e+03 3.482172e+03 
1.459697e-01 3.319455e+03 3.366604e+03 
1.489899e-01 3.174538e+03 3.256307e+03 
1.520101e-01 3.037642e+03 3.150977e+03 
1.550303e-01 2.911218e+03 3.050334e+03 
1.580505e-01 2.797148e+03 2.954116e+03 
1.610707e-01 2.696441e+03 2.862079e+03 
1.640909e-01 2.609148e+03 2.773994e+03 
1.671111e-01 2.534233e+03 2.689647e+03 
1.701313e-01 2.469917e+03 2.608839e+03 
1.731515e-01 2.413828e+03 2.531382e+03 
1.761717e-01 2.363476e+03 2.457102e+03 
1.791919e-01 2.316627e+03 2.385833e+03 
1.822121e-01 2.271288e+03 2.317421e+03 
1.852323e-01 2.225812e+03 2.251723e+03 
1.882525e-01 2.178853e+03 2.188601e+03 
1.912727e-01 2.129380e+03 2.127928e+03 
1.942929e-01 2.076894e+03 2.069584e+03 
1.973131e-01 2.021324e+03 2.013456e+03 
2.003333e-01 1.963276e+03 1.959437e+03 
2.033535e-01 1.903685e+03 1.907426e+03 
2.063737e-01 1.843784e+03 1.857330e+03 
2.093939e-01 1.784795e+03 1.809058e+03 
2.124141e-01 1.727817e+03 1.762527e+03 
2.154343e-01 1.673727e+03 1.717657e+03 
2.184545e-01 1.623176e+03 1.674372e+03 
2.214747e-01 1.576567e+03 1.632602e+03 
2.244949e-01 1.534114e+03 1.592279e+03 
2.275152e-01 1.495739e+03 1.553340e+03 
2.305354e-01 1.461195e+03 1.515723e+03 
2.335556e-01 1.430010e+03 1.479373e+03 
2.365758e-01 1.401605e+03 1.444235e+03 
2.395960e-01 1.375289e+03 1.410257e+03 
2.426162e-01 1.350374e+03 1.377391e+03 
2.456364e-01 1.326188e+03 1.345590e+03 
2.486566e-01 1.302145e+03 1.314811e+03 
2.516768e-01 1.277750e+03 1.285012e+03 
2.546970e-01 1.252717e+03 1.256153e+03 
2.577172e-01 1.226897e+03 1.228196e+03 
2.607374e-01 1.200348e+03 1.201105e+03 
2.637576e-01 1.173244e+03 1.174846e+03 
2.667778e-01 1.145877e+03 1.149387e+03 
2.697980e-01 1.118561e+03 1.124697e+03 
2.728182e-01 1.091618e+03 1.100745e+03 
2.758384e-01 1.065347e+03 1.077505e+03 
2.788586e-01 1.040022e+03 1.054948e+03 
2.818788e-01 1.015869e+03 1.033049e+03 
2.848990e-01 9.930605e+02 1.011784e+03 
2.879192e-01 9.716731e+02 9.911294e+02 
2.909394e-01 9.517136e+02 9.710626e+02 
2.939596e-01 9.331068e+02 9.515625e+02 
2.969798e-01 9.157137e+02 9.326085e+02 
3.000000e-01 8.993466e+02 9.141811e+02 
