1.000000e-03 5.663408e+03 5.663403e+03 
4.020202e-03 1.895645e+04 1.910740e+04 
7.040404e-03 2.766416e+04 2.788709e+04 
1.006061e-02 3.292919e+04 3.323149e+04 
1.308081e-02 3.559373e+04 3.601518e+04 
1.610101e-02 3.628629e+04 3.674787e+04 
1.912121e-02 3.551266e+04 3.582027e+04 
2.214141e-02 3.370815e+04 3.370891e+04 
2.516162e-02 3.125011e+04 3.097889e+04 
2.818182e-02 2.845859e+04 2.812664e+04 
3.120202e-02 2.559084e+04 2.545995e+04 
3.422222e-02 2.283983e+04 2.310362e+04 
3.724242e-02 2.033508e+04 2.106991e+04 
4.026263e-02 1.815410e+04 1.932270e+04 
4.328283e-02 1.631542e+04 1.781405e+04 
4.630303e-02 1.482050e+04 1.649957e+04 
4.932323e-02 1.366125e+04 1.534283e+04 
5.234343e-02 1.278361e+04 1.431530e+04 
5.536364e-02 1.213342e+04 1.339496e+04 
5.838384e-02 1.166053e+04 1.256482e+04 
6.140404e-02 1.131325e+04 1.181157e+04 
6.442424e-02 1.104107e+04 1.112469e+04 
6.744444e-02 1.079931e+04 1.049571e+04 
7.046465e-02 1.055060e+04 9.917681e+03 
7.348485e-02 1.026482e+04 9.384850e+03 
7.650505e-02 9.921815e+03 8.892368e+03 
7.952525e-02 9.512318e+03 8.436104e+03 
8.254545e-02 9.038084e+03 8.012501e+03 
8.556566e-02 8.510764e+03 7.618471e+03 
8.858586e-02 7.948030e+03 7.251310e+03 
9.160606e-02 7.370994e+03 6.908635e+03 
9.462626e-02 6.802082e+03 6.588335e+03 
9.764646e-02 6.261740e+03 6.288532e+03 
1.006667e-01 5.767627e+03 6.007543e+03 
1.036869e-01 5.331808e+03 5.743860e+03 
1.067071e-01 4.961921e+03 5.496125e+03 
1.097273e-01 4.659425e+03 5.263111e+03 
1.127475e-01 4.422089e+03 5.043706e+03 
1.157677e-01 4.243984e+03 4.836902e+03 
1.187879e-01 4.117091e+03 4.641782e+03 
1.218081e-01 4.031920e+03 4.457510e+03 
1.248283e-01 3.977794e+03 4.283321e+03 
1.278485e-01 3.943556e+03 4.118519e+03 
1.308687e-01 3.917842e+03 3.962461e+03 
1.338889e-01 3.890155e+03 3.814563e+03 
1.369091e-01 3.851245e+03 3.674283e+03 
1.399293e-01 3.794530e+03 3.541125e+03 
1.429495e-01 3.715587e+03 3.414632e+03 
1.459697e-01 3.613052e+03 3.294382e+03 
1.489899e-01 3.487624e+03 3.179984e+03 
1.520101e-01 3.342284e+03 3.071078e+03 
1.550303e-01 3.181805e+03 2.967331e+03 
1.580505e-01 3.012287e+03 2.868432e+03 
1.610707e-01 2.840707e+03 2.774095e+03 
1.640909e-01 2.673979e+03 2.684053e+03 
1.671111e-01 2.518158e+03 2.598058e+03 
1.701313e-01 2.377820e+03 2.515880e+03 
1.731515e-01 2.255865e+03 2.437304e+03 
1.761717e-01 2.153417e+03 2.362129e+03 
1.791919e-01 2.070439e+03 2.290169e+03 
1.822121e-01 2.005835e+03 2.221250e+03 
1.852323e-01 1.957908e+03 2.155207e+03 
1.882525e-01 1.924334e+03 2.091890e+03 
1.912727e-01 1.902218e+03 2.031154e+03 
1.942929e-01 1.888203e+03 1.972867e+03 
1.973131e-01 1.878575e+03 1.916902e+03 
2.003333e-01 1.869616e+03 1.863143e+03 
2.033535e-01 1.857936e+03 1.811478e+03 
2.063737e-01 1.840821e+03 1.761804e+03 
2.093939e-01 1.816386e+03 1.714024e+03 
2.124141e-01 1.783724e+03 1.668045e+03 
2.154343e-01 1.742656e+03 1.623781e+03 
2.184545e-01 1.693839e+03 1.581150e+03 
2.214747e-01 1.638443e+03 1.540077e+03 
2.244949e-01 1.578198e+03 1.500488e+03 
2.275152e-01 1.515141e+03 1.462316e+03 
2.305354e-01 1.451502e+03 1.425495e+03 
2.335556e-01 1.389433e+03 1.389965e+03 
2.365758e-01 1.330892e+03 1.355667e+03 
2.395960e-01 1.277391e+03 1.322549e+03 
2.426162e-01 1.230007e+03 1.290557e+03 
2.456364e-01 1.189324e+03 1.259643e+03 
2.486566e-01 1.155462e+03 1.229761e+03 
2.516768e-01 1.128188e+03 1.200866e+03 
2.546970e-01 1.106871e+03 1.172918e+03 
2.577172e-01 1.090649e+03 1.145876e+03 
2.607374e-01 1.078407e+03 1.119703e+03 
2.637576e-01 1.068928e+03 1.094364e+03 
2.667778e-01 1.060929e+03 1.069824e+03 
2.697980e-01 1.053175e+03 1.046052e+03 
2.728182e-01 1.044535e+03 1.023016e+03 
2.758384e-01 1.034123e+03 1.000687e+03 
2.788586e-01 1.021272e+03 9.790390e+02 
2.818788e-01 1.005582e+03 9.580438e+02 
2.848990e-01 9.869498e+02 9.376768e+02 
2.879192e-01 9.655118e+02 9.179140e+02 
2.909394e-01 9.416680e+02 8.987323e+02 
2.939596e-01 9.159760e+02 8.801101e+02 
2.969798e-01 8.891606e+02 8.620264e+02 
3.000000e-01 8.619850e+02 8.444613e+02 
