1.000000e-03 3.602089e+03 3.602086e+03 
4.020202e-03 1.210336e+04 1.219934e+04 
7.040404e-03 1.772188e+04 1.784779e+04 
1.006061e-02 2.119383e+04 2.132113e+04 
1.308081e-02 2.307006e+04 2.319605e+04 
1.610101e-02 2.375643e+04 2.384004e+04 
1.912121e-02 2.357055e+04 2.355101e+04 
2.214141e-02 2.277423e+04 2.264521e+04 
2.516162e-02 2.158727e+04 2.142901e+04 
2.818182e-02 2.019062e+04 2.012820e+04 
3.120202e-02 1.872667e+04 1.886663e+04 
3.422222e-02 1.730071e+04 1.769357e+04 
3.724242e-02 1.598311e+04 1.661914e+04 
4.026263e-02 1.481595e+04 1.563770e+04 
4.328283e-02 1.381452e+04 1.473923e+04 
4.630303e-02 1.297091e+04 1.391370e+04 
4.932323e-02 1.228359e+04 1.315240e+04 
5.234343e-02 1.173043e+04 1.244810e+04 
5.536364e-02 1.126821e+04 1.179479e+04 
5.838384e-02 1.087346e+04 1.118747e+04 
6.140404e-02 1.052016e+04 1.062186e+04 
6.442424e-02 1.017949e+04 1.009428e+04 
6.744444e-02 9.832499e+03 9.601515e+03 
7.046465e-02 9.465607e+03 9.140701e+03 
7.348485e-02 9.071058e+03 8.709287e+03 
7.650505e-02 8.648834e+03 8.304974e+03 
7.952525e-02 8.205071e+03 7.925684e+03 
8.254545e-02 7.749907e+03 7.569529e+03 
8.556566e-02 7.295749e+03 7.234789e+03 
8.858586e-02 6.854538e+03 6.919895e+03 
9.160606e-02 6.437112e+03 6.623409e+03 
9.462626e-02 6.052662e+03 6.344018e+03 
9.764646e-02 5.707885e+03 6.080514e+03 
1.006667e-01 5.407335e+03 5.831789e+03 
1.036869e-01 5.152194e+03 5.596825e+03 
1.067071e-01 4.940652e+03 5.374685e+03 
1.097273e-01 4.767623e+03 5.164506e+03 
1.127475e-01 4.626162e+03 4.965492e+03 
1.157677e-01 4.508138e+03 4.776910e+03 
1.187879e-01 4.405621e+03 4.598082e+03 
1.218081e-01 4.311051e+03 4.428383e+03 
1.248283e-01 4.217929e+03 4.267232e+03 
1.278485e-01 4.120739e+03 4.114095e+03 
1.308687e-01 4.015576e+03 3.968475e+03 
1.338889e-01 3.900104e+03 3.829912e+03 
1.369091e-01 3.773822e+03 3.697978e+03 
1.399293e-01 3.637992e+03 3.572277e+03 
1.429495e-01 3.495232e+03 3.452441e+03 
1.459697e-01 3.348940e+03 3.338127e+03 
1.489899e-01 3.202800e+03 3.229016e+03 
1.520101e-01 3.060305e+03 3.124811e+03 
1.550303e-01 2.924719e+03 3.025234e+03 
1.580505e-01 2.798879e+03 2.930028e+03 
1.610707e-01 2.684990e+03 2.838951e+03 
1.640909e-01 2.584427e+03 2.751777e+03 
1.671111e-01 2.497487e+03 2.668297e+03 
1.701313e-01 2.423540e+03 2.588312e+03 
1.731515e-01 2.360976e+03 2.511639e+03 
1.761717e-01 2.307687e+03 2.438104e+03 
1.791919e-01 2.261333e+03 2.367545e+03 
1.822121e-01 2.219588e+03 2.299810e+03 
1.852323e-01 2.180295e+03 2.234757e+03 
1.882525e-01 2.141506e+03 2.172250e+03 
1.912727e-01 2.101542e+03 2.112164e+03 
1.942929e-01 2.059097e+03 2.054380e+03 
1.973131e-01 2.013236e+03 1.998787e+03 
2.003333e-01 1.963702e+03 1.945279e+03 
2.033535e-01 1.910701e+03 1.893757e+03 
2.063737e-01 1.855057e+03 1.844128e+03 
2.093939e-01 1.797842e+03 1.796304e+03 
2.124141e-01 1.740320e+03 1.750201e+03 
2.154343e-01 1.683707e+03 1.705740e+03 
2.184545e-01 1.629103e+03 1.662848e+03 
2.214747e-01 1.577416e+03 1.621455e+03 
2.244949e-01 1.529368e+03 1.581492e+03 
2.275152e-01 1.485397e+03 1.542899e+03 
2.305354e-01 1.445727e+03 1.505615e+03 
2.335556e-01 1.410267e+03 1.469584e+03 
2.365758e-01 1.378743e+03 1.434752e+03 
2.395960e-01 1.350648e+03 1.401068e+03 
2.426162e-01 1.325372e+03 1.368484e+03 
2.456364e-01 1.302211e+03 1.336956e+03 
2.486566e-01 1.280443e+03 1.306438e+03 
2.516768e-01 1.259344e+03 1.276890e+03 
2.546970e-01 1.238271e+03 1.248272e+03 
2.577172e-01 1.216667e+03 1.220548e+03 
2.607374e-01 1.194205e+03 1.193682e+03 
2.637576e-01 1.170709e+03 1.167639e+03 
2.667778e-01 1.146231e+03 1.142388e+03 
2.697980e-01 1.120936e+03 1.117898e+03 
2.728182e-01 1.095113e+03 1.094140e+03 
2.758384e-01 1.069087e+03 1.071086e+03 
2.788586e-01 1.043199e+03 1.048709e+03 
2.818788e-01 1.017786e+03 1.026984e+03 
2.848990e-01 9.931651e+02 1.005886e+03 
2.879192e-01 9.696216e+02 9.853935e+02 
2.909394e-01 9.473919e+02 9.654830e+02 
2.939596e-01 9.266176e+02 9.461338e+02 
2.969798e-01 9.073580e+02 9.273257e+02 
3.000000e-01 8.895664e+02 9.090393e+02 
