1.000000e-03 2.179894e+03 2.179893e+03 
4.020202e-03 7.467035e+03 7.526003e+03 
7.040404e-03 1.109809e+04 1.116829e+04 
1.006061e-02 1.347315e+04 1.351389e+04 
1.308081e-02 1.491291e+04 1.490699e+04 
1.610101e-02 1.565565e+04 1.559032e+04 
1.912121e-02 1.588492e+04 1.575876e+04 
2.214141e-02 1.574644e+04 1.558702e+04 
2.516162e-02 1.535865e+04 1.521685e+04 
2.818182e-02 1.481641e+04 1.474359e+04 
3.120202e-02 1.419358e+04 1.422238e+04 
3.422222e-02 1.354517e+04 1.368292e+04 
3.724242e-02 1.290894e+04 1.314133e+04 
4.026263e-02 1.230915e+04 1.260678e+04 
4.328283e-02 1.175627e+04 1.208478e+04 
4.630303e-02 1.124898e+04 1.157878e+04 
4.932323e-02 1.079292e+04 1.109090e+04 
5.234343e-02 1.038215e+04 1.062237e+04 
5.536364e-02 9.995475e+03 1.017380e+04 
5.838384e-02 9.624070e+03 9.745325e+03 
6.140404e-02 9.264370e+03 9.336781e+03 
6.442424e-02 8.912243e+03 8.947758e+03 
6.744444e-02 8.562613e+03 8.577686e+03 
7.046465e-02 8.211154e+03 8.225889e+03 
7.348485e-02 7.858117e+03 7.891621e+03 
7.650505e-02 7.506775e+03 7.574099e+03 
7.952525e-02 7.162765e+03 7.272525e+03 
8.254545e-02 6.832418e+03 6.986100e+03 
8.556566e-02 6.521054e+03 6.714039e+03 
8.858586e-02 6.231669e+03 6.455577e+03 
9.160606e-02 5.965180e+03 6.209974e+03 
9.462626e-02 5.721249e+03 5.976524e+03 
9.764646e-02 5.499095e+03 5.754550e+03 
1.006667e-01 5.297675e+03 5.543408e+03 
1.036869e-01 5.115545e+03 5.342490e+03 
1.067071e-01 4.950109e+03 5.151220e+03 
1.097273e-01 4.798207e+03 4.969055e+03 
1.127475e-01 4.655679e+03 4.795481e+03 
1.157677e-01 4.518345e+03 4.630017e+03 
1.187879e-01 4.383266e+03 4.472210e+03 
1.218081e-01 4.248246e+03 4.321634e+03 
1.248283e-01 4.112774e+03 4.177889e+03 
1.278485e-01 3.977007e+03 4.040599e+03 
1.308687e-01 3.841986e+03 3.909411e+03 
1.338889e-01 3.708987e+03 3.783994e+03 
1.369091e-01 3.579330e+03 3.664038e+03 
1.399293e-01 3.454269e+03 3.549251e+03 
1.429495e-01 3.334765e+03 3.439358e+03 
1.459697e-01 3.221615e+03 3.334103e+03 
1.489899e-01 3.115268e+03 3.233243e+03 
1.520101e-01 3.016012e+03 3.136551e+03 
1.550303e-01 2.923855e+03 3.043813e+03 
1.580505e-01 2.838634e+03 2.954829e+03 
1.610707e-01 2.759842e+03 2.869409e+03 
1.640909e-01 2.686772e+03 2.787376e+03 
1.671111e-01 2.618344e+03 2.708563e+03 
1.701313e-01 2.553405e+03 2.632810e+03 
1.731515e-01 2.490790e+03 2.559970e+03 
1.761717e-01 2.429522e+03 2.489903e+03 
1.791919e-01 2.369127e+03 2.422476e+03 
1.822121e-01 2.309332e+03 2.357564e+03 
1.852323e-01 2.250152e+03 2.295050e+03 
1.882525e-01 2.191666e+03 2.234822e+03 
1.912727e-01 2.133999e+03 2.176775e+03 
1.942929e-01 2.077297e+03 2.120810e+03 
1.973131e-01 2.021743e+03 2.066833e+03 
2.003333e-01 1.967603e+03 2.014755e+03 
2.033535e-01 1.915318e+03 1.964492e+03 
2.063737e-01 1.865279e+03 1.915963e+03 
2.093939e-01 1.817730e+03 1.869093e+03 
2.124141e-01 1.772767e+03 1.823811e+03 
2.154343e-01 1.730242e+03 1.780049e+03 
2.184545e-01 1.689939e+03 1.737742e+03 
2.214747e-01 1.651573e+03 1.696829e+03 
2.244949e-01 1.614887e+03 1.657251e+03 
2.275152e-01 1.579682e+03 1.618954e+03 
2.305354e-01 1.545769e+03 1.581885e+03 
2.335556e-01 1.512961e+03 1.545995e+03 
2.365758e-01 1.481064e+03 1.511235e+03 
2.395960e-01 1.449876e+03 1.477560e+03 
2.426162e-01 1.419244e+03 1.444929e+03 
2.456364e-01 1.389101e+03 1.413298e+03 
2.486566e-01 1.359431e+03 1.382631e+03 
2.516768e-01 1.330290e+03 1.352888e+03 
2.546970e-01 1.301746e+03 1.324036e+03 
2.577172e-01 1.273873e+03 1.296039e+03 
2.607374e-01 1.246734e+03 1.268866e+03 
2.637576e-01 1.220372e+03 1.242486e+03 
2.667778e-01 1.194832e+03 1.216870e+03 
2.697980e-01 1.170157e+03 1.191989e+03 
2.728182e-01 1.146368e+03 1.167817e+03 
2.758384e-01 1.123461e+03 1.144327e+03 
2.788586e-01 1.101405e+03 1.121496e+03 
2.818788e-01 1.080138e+03 1.099299e+03 
2.848990e-01 1.059591e+03 1.077715e+03 
2.879192e-01 1.039688e+03 1.056722e+03 
2.909394e-01 1.020357e+03 1.036299e+03 
2.939596e-01 1.001531e+03 1.016426e+03 
2.969798e-01 9.831569e+02 9.970846e+02 
3.000000e-01 9.651981e+02 9.782568e+02 
