1.000000e-03 3.295132e+03 3.295129e+03 
4.020202e-03 1.102782e+04 1.111474e+04 
7.040404e-03 1.608905e+04 1.619531e+04 
1.006061e-02 1.919114e+04 1.928010e+04 
1.308081e-02 2.086064e+04 2.092052e+04 
1.610101e-02 2.147836e+04 2.147672e+04 
1.912121e-02 2.133828e+04 2.124437e+04 
2.214141e-02 2.067701e+04 2.051660e+04 
2.516162e-02 1.968827e+04 1.954870e+04 
2.818182e-02 1.852804e+04 1.851122e+04 
3.120202e-02 1.731628e+04 1.749166e+04 
3.422222e-02 1.613937e+04 1.652476e+04 
3.724242e-02 1.505305e+04 1.561977e+04 
4.026263e-02 1.408830e+04 1.477590e+04 
4.328283e-02 1.325536e+04 1.398922e+04 
4.630303e-02 1.254540e+04 1.325523e+04 
4.932323e-02 1.194986e+04 1.256971e+04 
5.234343e-02 1.145043e+04 1.192885e+04 
5.536364e-02 1.101176e+04 1.132928e+04 
5.838384e-02 1.061174e+04 1.076794e+04 
6.140404e-02 1.023211e+04 1.024205e+04 
6.442424e-02 9.853273e+03 9.749077e+03 
6.744444e-02 9.463449e+03 9.286667e+03 
7.046465e-02 9.056752e+03 8.852659e+03 
7.348485e-02 8.632439e+03 8.445047e+03 
7.650505e-02 8.195659e+03 8.061974e+03 
7.952525e-02 7.755394e+03 7.701720e+03 
8.254545e-02 7.322512e+03 7.362692e+03 
8.556566e-02 6.907016e+03 7.043414e+03 
8.858586e-02 6.517247e+03 6.742522e+03 
9.160606e-02 6.159778e+03 6.458753e+03 
9.462626e-02 5.839249e+03 6.190939e+03 
9.764646e-02 5.557987e+03 5.938000e+03 
1.006667e-01 5.316507e+03 5.698938e+03 
1.036869e-01 5.111811e+03 5.472829e+03 
1.067071e-01 4.939011e+03 5.258819e+03 
1.097273e-01 4.790978e+03 5.056116e+03 
1.127475e-01 4.660232e+03 4.863990e+03 
1.157677e-01 4.539451e+03 4.681762e+03 
1.187879e-01 4.422448e+03 4.508805e+03 
1.218081e-01 4.304367e+03 4.344536e+03 
1.248283e-01 4.181939e+03 4.188418e+03 
1.278485e-01 4.053145e+03 4.039948e+03 
1.308687e-01 3.917547e+03 3.898662e+03 
1.338889e-01 3.775789e+03 3.764128e+03 
1.369091e-01 3.630217e+03 3.635945e+03 
1.399293e-01 3.483707e+03 3.513738e+03 
1.429495e-01 3.339436e+03 3.397161e+03 
1.459697e-01 3.200286e+03 3.285889e+03 
1.489899e-01 3.068677e+03 3.179620e+03 
1.520101e-01 2.946527e+03 3.078073e+03 
1.550303e-01 2.835293e+03 2.980985e+03 
1.580505e-01 2.735718e+03 2.888110e+03 
1.610707e-01 2.647980e+03 2.799219e+03 
1.640909e-01 2.571242e+03 2.714097e+03 
1.671111e-01 2.504104e+03 2.632543e+03 
1.701313e-01 2.444454e+03 2.554369e+03 
1.731515e-01 2.390087e+03 2.479398e+03 
1.761717e-01 2.338845e+03 2.407465e+03 
1.791919e-01 2.288981e+03 2.338415e+03 
1.822121e-01 2.239161e+03 2.272102e+03 
1.852323e-01 2.188370e+03 2.208389e+03 
1.882525e-01 2.135858e+03 2.147148e+03 
1.912727e-01 2.081345e+03 2.088257e+03 
1.942929e-01 2.024859e+03 2.031601e+03 
1.973131e-01 1.966891e+03 1.977075e+03 
2.003333e-01 1.908190e+03 1.924576e+03 
2.033535e-01 1.849813e+03 1.874009e+03 
2.063737e-01 1.792778e+03 1.825284e+03 
2.093939e-01 1.738001e+03 1.778316e+03 
2.124141e-01 1.686156e+03 1.733025e+03 
2.154343e-01 1.637711e+03 1.689334e+03 
2.184545e-01 1.592879e+03 1.647173e+03 
2.214747e-01 1.551715e+03 1.606472e+03 
2.244949e-01 1.514068e+03 1.567169e+03 
2.275152e-01 1.479650e+03 1.529201e+03 
2.305354e-01 1.447971e+03 1.492512e+03 
2.335556e-01 1.418497e+03 1.457046e+03 
2.365758e-01 1.390666e+03 1.422752e+03 
2.395960e-01 1.363932e+03 1.389580e+03 
2.426162e-01 1.337776e+03 1.357484e+03 
2.456364e-01 1.311774e+03 1.326420e+03 
2.486566e-01 1.285585e+03 1.296344e+03 
2.516768e-01 1.259029e+03 1.267218e+03 
2.546970e-01 1.232031e+03 1.239003e+03 
2.577172e-01 1.204680e+03 1.211663e+03 
2.607374e-01 1.177162e+03 1.185162e+03 
2.637576e-01 1.149770e+03 1.159469e+03 
2.667778e-01 1.122797e+03 1.134552e+03 
2.697980e-01 1.096510e+03 1.110382e+03 
2.728182e-01 1.071107e+03 1.086928e+03 
2.758384e-01 1.046736e+03 1.064165e+03 
2.788586e-01 1.023515e+03 1.042067e+03 
2.818788e-01 1.001529e+03 1.020609e+03 
2.848990e-01 9.807872e+02 9.997662e+02 
2.879192e-01 9.612556e+02 9.795174e+02 
2.909394e-01 9.428406e+02 9.598407e+02 
2.939596e-01 9.254025e+02 9.407153e+02 
2.969798e-01 9.087557e+02 9.221216e+02 
3.000000e-01 8.927149e+02 9.040407e+02 
