1.000000e-03 4.127851e+03 4.127847e+03 
4.020202e-03 1.379498e+04 1.390389e+04 
7.040404e-03 2.017538e+04 2.032612e+04 
1.006061e-02 2.410446e+04 2.427958e+04 
1.308081e-02 2.619583e+04 2.640387e+04 
1.610101e-02 2.690148e+04 2.709196e+04 
1.912121e-02 2.658267e+04 2.665680e+04 
2.214141e-02 2.554283e+04 2.545178e+04 
2.516162e-02 2.403913e+04 2.385117e+04 
2.818182e-02 2.228786e+04 2.215331e+04 
3.120202e-02 2.046113e+04 2.053091e+04 
3.422222e-02 1.868799e+04 1.905313e+04 
3.724242e-02 1.705551e+04 1.773085e+04 
4.026263e-02 1.561719e+04 1.655085e+04 
4.328283e-02 1.438942e+04 1.549360e+04 
4.630303e-02 1.336875e+04 1.454048e+04 
4.932323e-02 1.255686e+04 1.367577e+04 
5.234343e-02 1.191994e+04 1.288684e+04 
5.536364e-02 1.141418e+04 1.216360e+04 
5.838384e-02 1.100736e+04 1.149796e+04 
6.140404e-02 1.066630e+04 1.088331e+04 
6.442424e-02 1.035798e+04 1.031420e+04 
6.744444e-02 1.005266e+04 9.786022e+03 
7.046465e-02 9.728627e+03 9.294853e+03 
7.348485e-02 9.371513e+03 8.837292e+03 
7.650505e-02 8.974706e+03 8.410365e+03 
7.952525e-02 8.540107e+03 8.011447e+03 
8.254545e-02 8.076514e+03 7.638206e+03 
8.556566e-02 7.596526e+03 7.288555e+03 
8.858586e-02 7.114520e+03 6.960621e+03 
9.160606e-02 6.644931e+03 6.652713e+03 
9.462626e-02 6.200913e+03 6.363303e+03 
9.764646e-02 5.794123e+03 6.091002e+03 
1.006667e-01 5.432807e+03 5.834548e+03 
1.036869e-01 5.122427e+03 5.592791e+03 
1.067071e-01 4.863909e+03 5.364680e+03 
1.097273e-01 4.655048e+03 5.149255e+03 
1.127475e-01 4.490018e+03 4.945633e+03 
1.157677e-01 4.361396e+03 4.753009e+03 
1.187879e-01 4.260653e+03 4.570640e+03 
1.218081e-01 4.179016e+03 4.397842e+03 
1.248283e-01 4.107854e+03 4.233989e+03 
1.278485e-01 4.039369e+03 4.078499e+03 
1.308687e-01 3.966633e+03 3.930839e+03 
1.338889e-01 3.884041e+03 3.790514e+03 
1.369091e-01 3.787998e+03 3.657067e+03 
1.399293e-01 3.676952e+03 3.530074e+03 
1.429495e-01 3.551616e+03 3.409144e+03 
1.459697e-01 3.414173e+03 3.293914e+03 
1.489899e-01 3.268294e+03 3.184044e+03 
1.520101e-01 3.118159e+03 3.079221e+03 
1.550303e-01 2.968227e+03 2.979154e+03 
1.580505e-01 2.822895e+03 2.883570e+03 
1.610707e-01 2.686362e+03 2.792216e+03 
1.640909e-01 2.561863e+03 2.704856e+03 
1.671111e-01 2.451780e+03 2.621270e+03 
1.701313e-01 2.357090e+03 2.541252e+03 
1.731515e-01 2.277812e+03 2.464609e+03 
1.761717e-01 2.212674e+03 2.391162e+03 
1.791919e-01 2.159873e+03 2.320742e+03 
1.822121e-01 2.117156e+03 2.253192e+03 
1.852323e-01 2.082046e+03 2.188362e+03 
1.882525e-01 2.051939e+03 2.126116e+03 
1.912727e-01 2.024242e+03 2.066321e+03 
1.942929e-01 1.996475e+03 2.008857e+03 
1.973131e-01 1.966459e+03 1.953607e+03 
2.003333e-01 1.932494e+03 1.900464e+03 
2.033535e-01 1.893533e+03 1.849326e+03 
2.063737e-01 1.849270e+03 1.800097e+03 
2.093939e-01 1.800016e+03 1.752686e+03 
2.124141e-01 1.746667e+03 1.707008e+03 
2.154343e-01 1.690430e+03 1.662983e+03 
2.184545e-01 1.632776e+03 1.620535e+03 
2.214747e-01 1.575198e+03 1.579591e+03 
2.244949e-01 1.519123e+03 1.540085e+03 
2.275152e-01 1.465830e+03 1.501952e+03 
2.305354e-01 1.416419e+03 1.465131e+03 
2.335556e-01 1.371579e+03 1.429565e+03 
2.365758e-01 1.331723e+03 1.395200e+03 
2.395960e-01 1.296915e+03 1.361983e+03 
2.426162e-01 1.266974e+03 1.329867e+03 
2.456364e-01 1.241404e+03 1.298804e+03 
2.486566e-01 1.219538e+03 1.268751e+03 
2.516768e-01 1.200566e+03 1.239666e+03 
2.546970e-01 1.183564e+03 1.211509e+03 
2.577172e-01 1.167574e+03 1.184243e+03 
2.607374e-01 1.151712e+03 1.157831e+03 
2.637576e-01 1.135216e+03 1.132239e+03 
2.667778e-01 1.117534e+03 1.107435e+03 
2.697980e-01 1.098331e+03 1.083389e+03 
2.728182e-01 1.077496e+03 1.060070e+03 
2.758384e-01 1.055107e+03 1.037450e+03 
2.788586e-01 1.031371e+03 1.015503e+03 
2.818788e-01 1.006608e+03 9.942029e+02 
2.848990e-01 9.812096e+02 9.735259e+02 
2.879192e-01 9.556700e+02 9.534484e+02 
2.909394e-01 9.304865e+02 9.339483e+02 
2.939596e-01 9.061378e+02 9.150043e+02 
2.969798e-01 8.830315e+02 8.965963e+02 
3.000000e-01 8.614990e+02 8.787048e+02 
