1.000000e-03 2.658068e+03 2.658066e+03 
4.020202e-03 8.987380e+03 9.059765e+03 
7.040404e-03 1.312426e+04 1.319983e+04 
1.006061e-02 1.567460e+04 1.569904e+04 
1.308081e-02 1.709867e+04 1.704950e+04 
1.610101e-02 1.772188e+04 1.758983e+04 
1.912121e-02 1.778201e+04 1.758286e+04 
2.214141e-02 1.746060e+04 1.724236e+04 
2.516162e-02 1.689672e+04 1.672105e+04 
2.818182e-02 1.619730e+04 1.611143e+04 
3.120202e-02 1.544040e+04 1.546432e+04 
3.422222e-02 1.467969e+04 1.480730e+04 
3.724242e-02 1.395053e+04 1.415597e+04 
4.026263e-02 1.326945e+04 1.351957e+04 
4.328283e-02 1.263487e+04 1.290372e+04 
4.630303e-02 1.206210e+04 1.231179e+04 
4.932323e-02 1.154389e+04 1.174562e+04 
5.234343e-02 1.105362e+04 1.120604e+04 
5.536364e-02 1.058508e+04 1.069317e+04 
5.838384e-02 1.013447e+04 1.020663e+04 
6.140404e-02 9.694492e+03 9.745714e+03 
6.442424e-02 9.262448e+03 9.309500e+03 
6.744444e-02 8.838517e+03 8.896928e+03 
7.046465e-02 8.423909e+03 8.506867e+03 
7.348485e-02 8.021898e+03 8.138151e+03 
7.650505e-02 7.637631e+03 7.789617e+03 
7.952525e-02 7.275313e+03 7.460118e+03 
8.254545e-02 6.937868e+03 7.148546e+03 
8.556566e-02 6.626273e+03 6.853833e+03 
8.858586e-02 6.340307e+03 6.574962e+03 
9.160606e-02 6.078884e+03 6.310970e+03 
9.462626e-02 5.840507e+03 6.060944e+03 
9.764646e-02 5.623097e+03 5.824028e+03 
1.006667e-01 5.423708e+03 5.599417e+03 
1.036869e-01 5.238244e+03 5.386355e+03 
1.067071e-01 5.062252e+03 5.184137e+03 
1.097273e-01 4.892366e+03 4.992102e+03 
1.127475e-01 4.725921e+03 4.809633e+03 
1.157677e-01 4.562019e+03 4.636155e+03 
1.187879e-01 4.400400e+03 4.471130e+03 
1.218081e-01 4.241693e+03 4.314056e+03 
1.248283e-01 4.086798e+03 4.164465e+03 
1.278485e-01 3.936789e+03 4.021920e+03 
1.308687e-01 3.792786e+03 3.886012e+03 
1.338889e-01 3.655910e+03 3.756362e+03 
1.369091e-01 3.527134e+03 3.632612e+03 
1.399293e-01 3.406589e+03 3.514432e+03 
1.429495e-01 3.294047e+03 3.401509e+03 
1.459697e-01 3.188949e+03 3.293553e+03 
1.489899e-01 3.090613e+03 3.190293e+03 
1.520101e-01 2.998421e+03 3.091474e+03 
1.550303e-01 2.911759e+03 2.996858e+03 
1.580505e-01 2.829836e+03 2.906221e+03 
1.610707e-01 2.751757e+03 2.819354e+03 
1.640909e-01 2.676525e+03 2.736060e+03 
1.671111e-01 2.603142e+03 2.656156e+03 
1.701313e-01 2.531164e+03 2.579469e+03 
1.731515e-01 2.460504e+03 2.505834e+03 
1.761717e-01 2.391320e+03 2.435101e+03 
1.791919e-01 2.323920e+03 2.367125e+03 
1.822121e-01 2.258517e+03 2.301770e+03 
1.852323e-01 2.195248e+03 2.238910e+03 
1.882525e-01 2.134223e+03 2.178424e+03 
1.912727e-01 2.075537e+03 2.120200e+03 
1.942929e-01 2.019322e+03 2.064129e+03 
1.973131e-01 1.965741e+03 2.010113e+03 
2.003333e-01 1.914811e+03 1.958055e+03 
2.033535e-01 1.866399e+03 1.907866e+03 
2.063737e-01 1.820290e+03 1.859461e+03 
2.093939e-01 1.776183e+03 1.812760e+03 
2.124141e-01 1.733802e+03 1.767686e+03 
2.154343e-01 1.692903e+03 1.724169e+03 
2.184545e-01 1.653295e+03 1.682139e+03 
2.214747e-01 1.614847e+03 1.641533e+03 
2.244949e-01 1.577457e+03 1.602288e+03 
2.275152e-01 1.541063e+03 1.564348e+03 
2.305354e-01 1.505620e+03 1.527657e+03 
2.335556e-01 1.471113e+03 1.492163e+03 
2.365758e-01 1.437532e+03 1.457816e+03 
2.395960e-01 1.404875e+03 1.424570e+03 
2.426162e-01 1.373148e+03 1.392379e+03 
2.456364e-01 1.342372e+03 1.361200e+03 
2.486566e-01 1.312569e+03 1.330994e+03 
2.516768e-01 1.283765e+03 1.301722e+03 
2.546970e-01 1.255971e+03 1.273346e+03 
2.577172e-01 1.229169e+03 1.245833e+03 
2.607374e-01 1.203315e+03 1.219148e+03 
2.637576e-01 1.178320e+03 1.193260e+03 
2.667778e-01 1.154098e+03 1.168138e+03 
2.697980e-01 1.130600e+03 1.143754e+03 
2.728182e-01 1.107783e+03 1.120081e+03 
2.758384e-01 1.085607e+03 1.097090e+03 
2.788586e-01 1.064036e+03 1.074758e+03 
2.818788e-01 1.043034e+03 1.053061e+03 
2.848990e-01 1.022572e+03 1.031975e+03 
2.879192e-01 1.002617e+03 1.011479e+03 
2.909394e-01 9.831462e+02 9.915505e+02 
2.939596e-01 9.641668e+02 9.721707e+02 
2.969798e-01 9.456910e+02 9.533199e+02 
3.000000e-01 9.277122e+02 9.349797e+02 
