1.000000e-03 1.030600e+04 1.030599e+04 
4.020202e-03 3.454350e+04 3.482207e+04 
7.040404e-03 5.033907e+04 5.079323e+04 
1.006061e-02 5.971561e+04 6.045521e+04 
1.308081e-02 6.416886e+04 6.537017e+04 
1.610101e-02 6.482760e+04 6.637381e+04 
1.912121e-02 6.262867e+04 6.402414e+04 
2.214141e-02 5.840582e+04 5.906485e+04 
2.516162e-02 5.290442e+04 5.257941e+04 
2.818182e-02 4.677238e+04 4.572632e+04 
3.120202e-02 4.054457e+04 3.936172e+04 
3.422222e-02 3.462458e+04 3.389559e+04 
3.724242e-02 2.928655e+04 2.939343e+04 
4.026263e-02 2.468414e+04 2.574622e+04 
4.328283e-02 2.086010e+04 2.279327e+04 
4.630303e-02 1.780405e+04 2.038201e+04 
4.932323e-02 1.546083e+04 1.838768e+04 
5.234343e-02 1.373666e+04 1.671464e+04 
5.536364e-02 1.252313e+04 1.529154e+04 
5.838384e-02 1.172168e+04 1.406552e+04 
6.140404e-02 1.123996e+04 1.299727e+04 
6.442424e-02 1.098952e+04 1.205731e+04 
6.744444e-02 1.089607e+04 1.122319e+04 
7.046465e-02 1.088983e+04 1.047760e+04 
7.348485e-02 1.090452e+04 9.806973e+03 
7.650505e-02 1.088003e+04 9.200512e+03 
7.952525e-02 1.076653e+04 8.649507e+03 
8.254545e-02 1.053034e+04 8.146840e+03 
8.556566e-02 1.015588e+04 7.686616e+03 
8.858586e-02 9.646140e+03 7.263903e+03 
9.160606e-02 9.021623e+03 6.874532e+03 
9.462626e-02 8.312319e+03 6.514946e+03 
9.764646e-02 7.557083e+03 6.182087e+03 
1.006667e-01 6.794787e+03 5.873307e+03 
1.036869e-01 6.062141e+03 5.586298e+03 
1.067071e-01 5.388381e+03 5.319036e+03 
1.097273e-01 4.795577e+03 5.069738e+03 
1.127475e-01 4.295544e+03 4.836828e+03 
1.157677e-01 3.892768e+03 4.618901e+03 
1.187879e-01 3.585472e+03 4.414707e+03 
1.218081e-01 3.367229e+03 4.223125e+03 
1.248283e-01 3.229020e+03 4.043148e+03 
1.278485e-01 3.159670e+03 3.873870e+03 
1.308687e-01 3.146885e+03 3.714472e+03 
1.338889e-01 3.177445e+03 3.564213e+03 
1.369091e-01 3.237360e+03 3.422420e+03 
1.399293e-01 3.312293e+03 3.288482e+03 
1.429495e-01 3.387844e+03 3.161840e+03 
1.459697e-01 3.450249e+03 3.041986e+03 
1.489899e-01 3.486817e+03 2.928455e+03 
1.520101e-01 3.487501e+03 2.820819e+03 
1.550303e-01 3.445137e+03 2.718688e+03 
1.580505e-01 3.357637e+03 2.621702e+03 
1.610707e-01 3.227253e+03 2.529529e+03 
1.640909e-01 3.060873e+03 2.441865e+03 
1.671111e-01 2.868379e+03 2.358428e+03 
1.701313e-01 2.661109e+03 2.278958e+03 
1.731515e-01 2.450218e+03 2.203214e+03 
1.761717e-01 2.245635e+03 2.130973e+03 
1.791919e-01 2.055398e+03 2.062029e+03 
1.822121e-01 1.885514e+03 1.996189e+03 
1.852323e-01 1.740302e+03 1.933275e+03 
1.882525e-01 1.622033e+03 1.873122e+03 
1.912727e-01 1.531527e+03 1.815574e+03 
1.942929e-01 1.467985e+03 1.760487e+03 
1.973131e-01 1.429372e+03 1.707728e+03 
2.003333e-01 1.412722e+03 1.657171e+03 
2.033535e-01 1.414299e+03 1.608698e+03 
2.063737e-01 1.429962e+03 1.562200e+03 
2.093939e-01 1.455224e+03 1.517574e+03 
2.124141e-01 1.485443e+03 1.474725e+03 
2.154343e-01 1.515901e+03 1.433560e+03 
2.184545e-01 1.541971e+03 1.393997e+03 
2.214747e-01 1.559378e+03 1.355955e+03 
2.244949e-01 1.564565e+03 1.319360e+03 
2.275152e-01 1.555172e+03 1.284142e+03 
2.305354e-01 1.530090e+03 1.250234e+03 
2.335556e-01 1.489856e+03 1.217574e+03 
2.365758e-01 1.436102e+03 1.186104e+03 
2.395960e-01 1.371635e+03 1.155767e+03 
2.426162e-01 1.299768e+03 1.126513e+03 
2.456364e-01 1.224128e+03 1.098291e+03 
2.486566e-01 1.148221e+03 1.071055e+03 
2.516768e-01 1.075301e+03 1.044761e+03 
2.546970e-01 1.008080e+03 1.019367e+03 
2.577172e-01 9.486403e+02 9.948346e+02 
2.607374e-01 8.983769e+02 9.711255e+02 
2.637576e-01 8.579374e+02 9.482046e+02 
2.667778e-01 8.274347e+02 9.260385e+02 
2.697980e-01 8.063897e+02 9.045953e+02 
2.728182e-01 7.939880e+02 8.838449e+02 
2.758384e-01 7.891109e+02 8.637587e+02 
2.788586e-01 7.904139e+02 8.443095e+02 
2.818788e-01 7.963858e+02 8.254715e+02 
2.848990e-01 8.053237e+02 8.072200e+02 
2.879192e-01 8.154362e+02 7.895317e+02 
2.909394e-01 8.248783e+02 7.723844e+02 
2.939596e-01 8.319430e+02 7.557569e+02 
2.969798e-01 8.351209e+02 7.396290e+02 
3.000000e-01 8.333405e+02 7.239815e+02 
