1.000000e-03 4.731478e+03 4.731474e+03 
4.020202e-03 1.618148e+04 1.631078e+04 
7.040404e-03 2.393265e+04 2.412823e+04 
1.006061e-02 2.880491e+04 2.906890e+04 
1.308081e-02 3.145192e+04 3.182275e+04 
1.610101e-02 3.237462e+04 3.280117e+04 
1.912121e-02 3.198555e+04 3.230795e+04 
2.214141e-02 3.064509e+04 3.070963e+04 
2.516162e-02 2.867013e+04 2.846539e+04 
2.818182e-02 2.633505e+04 2.601308e+04 
3.120202e-02 2.386781e+04 2.365348e+04 
3.422222e-02 2.144463e+04 2.153030e+04 
3.724242e-02 1.919110e+04 1.967805e+04 
4.026263e-02 1.718790e+04 1.807750e+04 
4.328283e-02 1.546815e+04 1.669160e+04 
4.630303e-02 1.403768e+04 1.548257e+04 
4.932323e-02 1.289937e+04 1.441805e+04 
5.234343e-02 1.202171e+04 1.347210e+04 
5.536364e-02 1.135867e+04 1.262447e+04 
5.838384e-02 1.086674e+04 1.185943e+04 
6.140404e-02 1.050707e+04 1.116469e+04 
6.442424e-02 1.023761e+04 1.053054e+04 
6.744444e-02 1.001554e+04 9.949168e+03 
7.046465e-02 9.806031e+03 9.414218e+03 
7.348485e-02 9.579609e+03 8.920428e+03 
7.650505e-02 9.313477e+03 8.463387e+03 
7.952525e-02 8.993754e+03 8.039343e+03 
8.254545e-02 8.616256e+03 7.645080e+03 
8.556566e-02 8.185132e+03 7.277803e+03 
8.858586e-02 7.711298e+03 6.935073e+03 
9.160606e-02 7.210079e+03 6.614740e+03 
9.462626e-02 6.699247e+03 6.314900e+03 
9.764646e-02 6.197311e+03 6.033858e+03 
1.006667e-01 5.721263e+03 5.770096e+03 
1.036869e-01 5.285848e+03 5.522252e+03 
1.067071e-01 4.901364e+03 5.289097e+03 
1.097273e-01 4.573991e+03 5.069521e+03 
1.127475e-01 4.305216e+03 4.862517e+03 
1.157677e-01 4.092872e+03 4.667170e+03 
1.187879e-01 3.932139e+03 4.482647e+03 
1.218081e-01 3.816119e+03 4.308188e+03 
1.248283e-01 3.736882e+03 4.143095e+03 
1.278485e-01 3.685621e+03 3.986733e+03 
1.308687e-01 3.653127e+03 3.838516e+03 
1.338889e-01 3.629870e+03 3.697908e+03 
1.369091e-01 3.606849e+03 3.564413e+03 
1.399293e-01 3.575796e+03 3.437577e+03 
1.429495e-01 3.530466e+03 3.316978e+03 
1.459697e-01 3.466297e+03 3.202229e+03 
1.489899e-01 3.381488e+03 3.092970e+03 
1.520101e-01 3.276034e+03 2.988869e+03 
1.550303e-01 3.151977e+03 2.889617e+03 
1.580505e-01 3.012923e+03 2.794928e+03 
1.610707e-01 2.863727e+03 2.704536e+03 
1.640909e-01 2.710060e+03 2.618195e+03 
1.671111e-01 2.557804e+03 2.535673e+03 
1.701313e-01 2.412423e+03 2.456757e+03 
1.731515e-01 2.278533e+03 2.381247e+03 
1.761717e-01 2.159393e+03 2.308956e+03 
1.791919e-01 2.056890e+03 2.239711e+03 
1.822121e-01 1.971663e+03 2.173348e+03 
1.852323e-01 1.903303e+03 2.109714e+03 
1.882525e-01 1.850742e+03 2.048669e+03 
1.912727e-01 1.812211e+03 1.990077e+03 
1.942929e-01 1.785543e+03 1.933814e+03 
1.973131e-01 1.768105e+03 1.879761e+03 
2.003333e-01 1.756949e+03 1.827809e+03 
2.033535e-01 1.748887e+03 1.777853e+03 
2.063737e-01 1.740858e+03 1.729796e+03 
2.093939e-01 1.730029e+03 1.683547e+03 
2.124141e-01 1.714203e+03 1.639018e+03 
2.154343e-01 1.691754e+03 1.596129e+03 
2.184545e-01 1.661929e+03 1.554801e+03 
2.214747e-01 1.624620e+03 1.514964e+03 
2.244949e-01 1.580365e+03 1.476548e+03 
2.275152e-01 1.530267e+03 1.439489e+03 
2.305354e-01 1.475809e+03 1.403726e+03 
2.335556e-01 1.418817e+03 1.369201e+03 
2.365758e-01 1.361189e+03 1.335860e+03 
2.395960e-01 1.304768e+03 1.303650e+03 
2.426162e-01 1.251205e+03 1.272523e+03 
2.456364e-01 1.201895e+03 1.242432e+03 
2.486566e-01 1.157812e+03 1.213333e+03 
2.516768e-01 1.119593e+03 1.185185e+03 
2.546970e-01 1.087442e+03 1.157948e+03 
2.577172e-01 1.061275e+03 1.131585e+03 
2.607374e-01 1.040610e+03 1.106058e+03 
2.637576e-01 1.024744e+03 1.081336e+03 
2.667778e-01 1.012758e+03 1.057384e+03 
2.697980e-01 1.003604e+03 1.034174e+03 
2.728182e-01 9.961581e+02 1.011674e+03 
2.758384e-01 9.893539e+02 9.898581e+02 
2.788586e-01 9.821939e+02 9.686990e+02 
2.818788e-01 9.738242e+02 9.481715e+02 
2.848990e-01 9.635504e+02 9.282516e+02 
2.879192e-01 9.508848e+02 9.089162e+02 
2.909394e-01 9.355833e+02 8.901435e+02 
2.939596e-01 9.176152e+02 8.719125e+02 
2.969798e-01 8.972171e+02 8.542031e+02 
3.000000e-01 8.747906e+02 8.369964e+02 
