1.000000e-03 2.491469e+03 2.491467e+03 
4.020202e-03 8.347160e+03 8.413850e+03 
7.040404e-03 1.223767e+04 1.231293e+04 
1.006061e-02 1.469839e+04 1.473537e+04 
1.308081e-02 1.612506e+04 1.610448e+04 
1.610101e-02 1.680076e+04 1.671053e+04 
1.912121e-02 1.693639e+04 1.678097e+04 
2.214141e-02 1.669548e+04 1.651080e+04 
2.516162e-02 1.620707e+04 1.604991e+04 
2.818182e-02 1.557247e+04 1.549443e+04 
3.120202e-02 1.486852e+04 1.489823e+04 
3.422222e-02 1.415047e+04 1.429000e+04 
3.724242e-02 1.345523e+04 1.368531e+04 
4.026263e-02 1.280450e+04 1.309301e+04 
4.328283e-02 1.220747e+04 1.251837e+04 
4.630303e-02 1.166158e+04 1.196455e+04 
4.932323e-02 1.116671e+04 1.143337e+04 
5.234343e-02 1.071657e+04 1.092573e+04 
5.536364e-02 1.029073e+04 1.044187e+04 
5.838384e-02 9.880751e+03 9.981623e+03 
6.140404e-02 9.485431e+03 9.544476e+03 
6.442424e-02 9.097605e+03 9.129720e+03 
6.744444e-02 8.712163e+03 8.736503e+03 
7.046465e-02 8.328354e+03 8.363890e+03 
7.348485e-02 7.948370e+03 8.010900e+03 
7.650505e-02 7.576423e+03 7.676537e+03 
7.952525e-02 7.218521e+03 7.359811e+03 
8.254545e-02 6.879823e+03 7.059751e+03 
8.556566e-02 6.564043e+03 6.775419e+03 
8.858586e-02 6.272354e+03 6.505910e+03 
9.160606e-02 6.004678e+03 6.250363e+03 
9.462626e-02 5.760118e+03 6.007960e+03 
9.764646e-02 5.537720e+03 5.777924e+03 
1.006667e-01 5.336125e+03 5.559525e+03 
1.036869e-01 5.153001e+03 5.352074e+03 
1.067071e-01 4.984841e+03 5.154924e+03 
1.097273e-01 4.827331e+03 4.967468e+03 
1.127475e-01 4.676503e+03 4.789137e+03 
1.157677e-01 4.528792e+03 4.619397e+03 
1.187879e-01 4.382245e+03 4.457750e+03 
1.218081e-01 4.236293e+03 4.303728e+03 
1.248283e-01 4.091205e+03 4.156894e+03 
1.278485e-01 3.947932e+03 4.016838e+03 
1.308687e-01 3.807520e+03 3.883178e+03 
1.338889e-01 3.671084e+03 3.755555e+03 
1.369091e-01 3.539747e+03 3.633634e+03 
1.399293e-01 3.414619e+03 3.517101e+03 
1.429495e-01 3.296439e+03 3.405661e+03 
1.459697e-01 3.185590e+03 3.299040e+03 
1.489899e-01 3.082196e+03 3.196978e+03 
1.520101e-01 2.986132e+03 3.099234e+03 
1.550303e-01 2.897008e+03 3.005580e+03 
1.580505e-01 2.814182e+03 2.915804e+03 
1.610707e-01 2.736836e+03 2.829704e+03 
1.640909e-01 2.663986e+03 2.747093e+03 
1.671111e-01 2.594596e+03 2.667794e+03 
1.701313e-01 2.527597e+03 2.591641e+03 
1.731515e-01 2.462193e+03 2.518478e+03 
1.761717e-01 2.397892e+03 2.448157e+03 
1.791919e-01 2.334473e+03 2.380540e+03 
1.822121e-01 2.271996e+03 2.315496e+03 
1.852323e-01 2.210562e+03 2.252903e+03 
1.882525e-01 2.150303e+03 2.192643e+03 
1.912727e-01 2.091400e+03 2.134608e+03 
1.942929e-01 2.034086e+03 2.078693e+03 
1.973131e-01 1.978654e+03 2.024802e+03 
2.003333e-01 1.925465e+03 1.972842e+03 
2.033535e-01 1.874755e+03 1.922726e+03 
2.063737e-01 1.826605e+03 1.874370e+03 
2.093939e-01 1.780964e+03 1.827698e+03 
2.124141e-01 1.737624e+03 1.782634e+03 
2.154343e-01 1.696361e+03 1.739109e+03 
2.184545e-01 1.656932e+03 1.697056e+03 
2.214747e-01 1.619126e+03 1.656412e+03 
2.244949e-01 1.582763e+03 1.617118e+03 
2.275152e-01 1.547644e+03 1.579116e+03 
2.305354e-01 1.513544e+03 1.542353e+03 
2.335556e-01 1.480273e+03 1.506777e+03 
2.365758e-01 1.447697e+03 1.472341e+03 
2.395960e-01 1.415750e+03 1.438997e+03 
2.426162e-01 1.384457e+03 1.406701e+03 
2.456364e-01 1.353862e+03 1.375413e+03 
2.486566e-01 1.324023e+03 1.345091e+03 
2.516768e-01 1.294973e+03 1.315699e+03 
2.546970e-01 1.266706e+03 1.287199e+03 
2.577172e-01 1.239233e+03 1.259557e+03 
2.607374e-01 1.212601e+03 1.232741e+03 
2.637576e-01 1.186856e+03 1.206719e+03 
2.667778e-01 1.162040e+03 1.181462e+03 
2.697980e-01 1.138161e+03 1.156939e+03 
2.728182e-01 1.115171e+03 1.133126e+03 
2.758384e-01 1.092996e+03 1.109994e+03 
2.788586e-01 1.071528e+03 1.087520e+03 
2.818788e-01 1.050676e+03 1.065680e+03 
2.848990e-01 1.030388e+03 1.044451e+03 
2.879192e-01 1.010627e+03 1.023810e+03 
2.909394e-01 9.913808e+02 1.003738e+03 
2.939596e-01 9.726280e+02 9.842147e+02 
2.969798e-01 9.543313e+02 9.652202e+02 
3.000000e-01 9.364552e+02 9.467368e+02 
