1.000000e-03 6.277834e+03 6.277829e+03 
4.020202e-03 2.074914e+04 2.091464e+04 
7.040404e-03 3.008542e+04 3.033069e+04 
1.006061e-02 3.563177e+04 3.597240e+04 
1.308081e-02 3.834039e+04 3.882337e+04 
1.610101e-02 3.891007e+04 3.944536e+04 
1.912121e-02 3.790171e+04 3.826583e+04 
2.214141e-02 3.579502e+04 3.581026e+04 
2.516162e-02 3.300498e+04 3.270513e+04 
2.818182e-02 2.988071e+04 2.950018e+04 
3.120202e-02 2.670240e+04 2.653268e+04 
3.422222e-02 2.367642e+04 2.393430e+04 
3.724242e-02 2.094078e+04 2.171142e+04 
4.026263e-02 1.857438e+04 1.981780e+04 
4.328283e-02 1.659177e+04 1.819569e+04 
4.630303e-02 1.499384e+04 1.679262e+04 
4.932323e-02 1.376400e+04 1.556603e+04 
5.234343e-02 1.284118e+04 1.448287e+04 
5.536364e-02 1.216761e+04 1.351779e+04 
5.838384e-02 1.168711e+04 1.265135e+04 
6.140404e-02 1.134223e+04 1.186844e+04 
6.442424e-02 1.107877e+04 1.115719e+04 
6.744444e-02 1.084929e+04 1.050807e+04 
7.046465e-02 1.061336e+04 9.913363e+03 
7.348485e-02 1.033804e+04 9.366680e+03 
7.650505e-02 1.000046e+04 8.862680e+03 
7.952525e-02 9.589981e+03 8.396838e+03 
8.254545e-02 9.107987e+03 7.965280e+03 
8.556566e-02 8.566393e+03 7.564658e+03 
8.858586e-02 7.984520e+03 7.192055e+03 
9.160606e-02 7.385506e+03 6.844912e+03 
9.462626e-02 6.793720e+03 6.520973e+03 
9.764646e-02 6.231265e+03 6.218235e+03 
1.006667e-01 5.717254e+03 5.934913e+03 
1.036869e-01 5.264585e+03 5.669411e+03 
1.067071e-01 4.881074e+03 5.420297e+03 
1.097273e-01 4.568662e+03 5.186280e+03 
1.127475e-01 4.324905e+03 4.966197e+03 
1.157677e-01 4.144124e+03 4.758991e+03 
1.187879e-01 4.017863e+03 4.563706e+03 
1.218081e-01 3.936215e+03 4.379472e+03 
1.248283e-01 3.887943e+03 4.205495e+03 
1.278485e-01 3.861226e+03 4.041052e+03 
1.308687e-01 3.843982e+03 3.885480e+03 
1.338889e-01 3.825083e+03 3.738174e+03 
1.369091e-01 3.794701e+03 3.598577e+03 
1.399293e-01 3.745643e+03 3.466178e+03 
1.429495e-01 3.673119e+03 3.340507e+03 
1.459697e-01 3.575100e+03 3.221132e+03 
1.489899e-01 3.452180e+03 3.107651e+03 
1.520101e-01 3.307028e+03 2.999698e+03 
1.550303e-01 3.144820e+03 2.896930e+03 
1.580505e-01 2.972033e+03 2.799032e+03 
1.610707e-01 2.796302e+03 2.705712e+03 
1.640909e-01 2.624988e+03 2.616698e+03 
1.671111e-01 2.464796e+03 2.531738e+03 
1.701313e-01 2.320413e+03 2.450598e+03 
1.731515e-01 2.195021e+03 2.373061e+03 
1.761717e-01 2.089855e+03 2.298923e+03 
1.791919e-01 2.005017e+03 2.227994e+03 
1.822121e-01 1.939553e+03 2.160100e+03 
1.852323e-01 1.891775e+03 2.095075e+03 
1.882525e-01 1.859421e+03 2.032764e+03 
1.912727e-01 1.839459e+03 1.973025e+03 
1.942929e-01 1.828375e+03 1.915722e+03 
1.973131e-01 1.822168e+03 1.860729e+03 
2.003333e-01 1.816922e+03 1.807928e+03 
2.033535e-01 1.808967e+03 1.757207e+03 
2.063737e-01 1.795492e+03 1.708462e+03 
2.093939e-01 1.774397e+03 1.661596e+03 
2.124141e-01 1.744602e+03 1.616517e+03 
2.154343e-01 1.705805e+03 1.573136e+03 
2.184545e-01 1.658479e+03 1.531374e+03 
2.214747e-01 1.603831e+03 1.491154e+03 
2.244949e-01 1.543569e+03 1.452402e+03 
2.275152e-01 1.479919e+03 1.415051e+03 
2.305354e-01 1.415248e+03 1.379035e+03 
2.335556e-01 1.351947e+03 1.344295e+03 
2.365758e-01 1.292087e+03 1.310773e+03 
2.395960e-01 1.237394e+03 1.278414e+03 
2.426162e-01 1.188972e+03 1.247167e+03 
2.456364e-01 1.147499e+03 1.216983e+03 
2.486566e-01 1.113149e+03 1.187816e+03 
2.516768e-01 1.085714e+03 1.159622e+03 
2.546970e-01 1.064638e+03 1.132360e+03 
2.577172e-01 1.049032e+03 1.105991e+03 
2.607374e-01 1.037797e+03 1.080477e+03 
2.637576e-01 1.029620e+03 1.055783e+03 
2.667778e-01 1.023151e+03 1.031875e+03 
2.697980e-01 1.017055e+03 1.008721e+03 
2.728182e-01 1.010149e+03 9.862920e+02 
2.758384e-01 1.001416e+03 9.645576e+02 
2.788586e-01 9.901468e+02 9.434907e+02 
2.818788e-01 9.758679e+02 9.230652e+02 
2.848990e-01 9.584074e+02 9.032561e+02 
2.879192e-01 9.378692e+02 8.840396e+02 
2.909394e-01 9.146065e+02 8.653932e+02 
2.939596e-01 8.892126e+02 8.472952e+02 
2.969798e-01 8.624186e+02 8.297250e+02 
3.000000e-01 8.350766e+02 8.126629e+02 
