1.000000e-03 2.889279e+03 2.889276e+03 
4.020202e-03 9.679710e+03 9.756488e+03 
7.040404e-03 1.415496e+04 1.424472e+04 
1.006061e-02 1.693934e+04 1.699833e+04 
1.308081e-02 1.849483e+04 1.850653e+04 
1.610101e-02 1.915368e+04 1.909732e+04 
1.912121e-02 1.916685e+04 1.903405e+04 
2.214141e-02 1.873427e+04 1.855922e+04 
2.516162e-02 1.801492e+04 1.787079e+04 
2.818182e-02 1.713676e+04 1.709746e+04 
3.120202e-02 1.619620e+04 1.630754e+04 
3.422222e-02 1.526353e+04 1.553245e+04 
3.724242e-02 1.438477e+04 1.478536e+04 
4.026263e-02 1.358716e+04 1.407138e+04 
4.328283e-02 1.287204e+04 1.339213e+04 
4.630303e-02 1.224439e+04 1.274774e+04 
4.932323e-02 1.170708e+04 1.213757e+04 
5.234343e-02 1.122956e+04 1.156061e+04 
5.536364e-02 1.079063e+04 1.101558e+04 
5.838384e-02 1.037966e+04 1.050110e+04 
6.140404e-02 9.982754e+03 1.001567e+04 
6.442424e-02 9.588715e+03 9.557777e+03 
6.744444e-02 9.190389e+03 9.125909e+03 
7.046465e-02 8.784872e+03 8.718568e+03 
7.348485e-02 8.373600e+03 8.334301e+03 
7.650505e-02 7.961893e+03 7.971709e+03 
7.952525e-02 7.557558e+03 7.629454e+03 
8.254545e-02 7.168426e+03 7.306266e+03 
8.556566e-02 6.801241e+03 7.000946e+03 
8.858586e-02 6.460516e+03 6.712362e+03 
9.160606e-02 6.149123e+03 6.439455e+03 
9.462626e-02 5.868549e+03 6.181228e+03 
9.764646e-02 5.619239e+03 5.936753e+03 
1.006667e-01 5.400052e+03 5.705162e+03 
1.036869e-01 5.208075e+03 5.485644e+03 
1.067071e-01 5.038734e+03 5.277445e+03 
1.097273e-01 4.885916e+03 5.079861e+03 
1.127475e-01 4.743689e+03 4.892237e+03 
1.157677e-01 4.606494e+03 4.713964e+03 
1.187879e-01 4.470595e+03 4.544473e+03 
1.218081e-01 4.333513e+03 4.383235e+03 
1.248283e-01 4.194160e+03 4.229756e+03 
1.278485e-01 4.052258e+03 4.083579e+03 
1.308687e-01 3.908590e+03 3.944274e+03 
1.338889e-01 3.764471e+03 3.811443e+03 
1.369091e-01 3.621927e+03 3.684714e+03 
1.399293e-01 3.483111e+03 3.563738e+03 
1.429495e-01 3.350043e+03 3.448191e+03 
1.459697e-01 3.224412e+03 3.337771e+03 
1.489899e-01 3.107253e+03 3.232194e+03 
1.520101e-01 2.999246e+03 3.131194e+03 
1.550303e-01 2.900624e+03 3.034525e+03 
1.580505e-01 2.811205e+03 2.941954e+03 
1.610707e-01 2.730327e+03 2.853264e+03 
1.640909e-01 2.656905e+03 2.768250e+03 
1.671111e-01 2.589476e+03 2.686722e+03 
1.701313e-01 2.526410e+03 2.608500e+03 
1.731515e-01 2.466021e+03 2.533416e+03 
1.761717e-01 2.407042e+03 2.461312e+03 
1.791919e-01 2.348503e+03 2.392038e+03 
1.822121e-01 2.289905e+03 2.325455e+03 
1.852323e-01 2.230987e+03 2.261432e+03 
1.882525e-01 2.171719e+03 2.199843e+03 
1.912727e-01 2.112220e+03 2.140573e+03 
1.942929e-01 2.052870e+03 2.083511e+03 
1.973131e-01 1.994172e+03 2.028553e+03 
2.003333e-01 1.936794e+03 1.975602e+03 
2.033535e-01 1.881374e+03 1.924564e+03 
2.063737e-01 1.828444e+03 1.875352e+03 
2.093939e-01 1.778363e+03 1.827884e+03 
2.124141e-01 1.731257e+03 1.782081e+03 
2.154343e-01 1.687132e+03 1.737869e+03 
2.184545e-01 1.645883e+03 1.695179e+03 
2.214747e-01 1.607283e+03 1.653943e+03 
2.244949e-01 1.571003e+03 1.614100e+03 
2.275152e-01 1.536670e+03 1.575589e+03 
2.305354e-01 1.503882e+03 1.538353e+03 
2.335556e-01 1.472262e+03 1.502340e+03 
2.365758e-01 1.441461e+03 1.467498e+03 
2.395960e-01 1.411241e+03 1.433779e+03 
2.426162e-01 1.381422e+03 1.401137e+03 
2.456364e-01 1.351894e+03 1.369529e+03 
2.486566e-01 1.322590e+03 1.338912e+03 
2.516768e-01 1.293509e+03 1.309246e+03 
2.546970e-01 1.264700e+03 1.280496e+03 
2.577172e-01 1.236290e+03 1.252624e+03 
2.607374e-01 1.208443e+03 1.225596e+03 
2.637576e-01 1.181358e+03 1.199380e+03 
2.667778e-01 1.155202e+03 1.173945e+03 
2.697980e-01 1.130080e+03 1.149261e+03 
2.728182e-01 1.106027e+03 1.125300e+03 
2.758384e-01 1.083005e+03 1.102035e+03 
2.788586e-01 1.060957e+03 1.079440e+03 
2.818788e-01 1.039814e+03 1.057490e+03 
2.848990e-01 1.019523e+03 1.036163e+03 
2.879192e-01 1.000030e+03 1.015435e+03 
2.909394e-01 9.812433e+02 9.952859e+02 
2.939596e-01 9.630545e+02 9.756938e+02 
2.969798e-01 9.453503e+02 9.566395e+02 
3.000000e-01 9.280249e+02 9.381043e+02 
