1.000000e-03 4.231937e+03 4.231933e+03 
4.020202e-03 1.437055e+04 1.448435e+04 
7.040404e-03 2.117635e+04 2.134091e+04 
1.006061e-02 2.542680e+04 2.563317e+04 
1.308081e-02 2.772584e+04 2.799392e+04 
1.610101e-02 2.853115e+04 2.880860e+04 
1.912121e-02 2.821468e+04 2.837782e+04 
2.214141e-02 2.709486e+04 2.705570e+04 
2.516162e-02 2.544908e+04 2.524777e+04 
2.818182e-02 2.351283e+04 2.330397e+04 
3.120202e-02 2.147778e+04 2.144252e+04 
3.422222e-02 1.948998e+04 1.975760e+04 
3.724242e-02 1.765082e+04 1.826722e+04 
4.026263e-02 1.602407e+04 1.695547e+04 
4.328283e-02 1.463197e+04 1.579661e+04 
4.630303e-02 1.347609e+04 1.476549e+04 
4.932323e-02 1.255943e+04 1.384084e+04 
5.234343e-02 1.184864e+04 1.300563e+04 
5.536364e-02 1.129997e+04 1.224642e+04 
5.838384e-02 1.087631e+04 1.155266e+04 
6.140404e-02 1.054322e+04 1.091588e+04 
6.442424e-02 1.026390e+04 1.032925e+04 
6.744444e-02 1.000261e+04 9.787163e+03 
7.046465e-02 9.731911e+03 9.284901e+03 
7.348485e-02 9.431114e+03 8.818479e+03 
7.650505e-02 9.087156e+03 8.384473e+03 
7.952525e-02 8.695713e+03 7.979908e+03 
8.254545e-02 8.261326e+03 7.602176e+03 
8.556566e-02 7.794325e+03 7.248977e+03 
8.858586e-02 7.308726e+03 6.918265e+03 
9.160606e-02 6.820264e+03 6.608212e+03 
9.462626e-02 6.344592e+03 6.317177e+03 
9.764646e-02 5.896513e+03 6.043683e+03 
1.006667e-01 5.488038e+03 5.786394e+03 
1.036869e-01 5.128402e+03 5.544099e+03 
1.067071e-01 4.822450e+03 5.315696e+03 
1.097273e-01 4.571120e+03 5.100183e+03 
1.127475e-01 4.371403e+03 4.896646e+03 
1.157677e-01 4.217542e+03 4.704247e+03 
1.187879e-01 4.102098e+03 4.522220e+03 
1.218081e-01 4.016667e+03 4.349861e+03 
1.248283e-01 3.952477e+03 4.186526e+03 
1.278485e-01 3.900562e+03 4.031620e+03 
1.308687e-01 3.852412e+03 3.884595e+03 
1.338889e-01 3.800237e+03 3.744948e+03 
1.369091e-01 3.737776e+03 3.612211e+03 
1.399293e-01 3.660241e+03 3.485955e+03 
1.429495e-01 3.565541e+03 3.365780e+03 
1.459697e-01 3.453369e+03 3.251318e+03 
1.489899e-01 3.325764e+03 3.142225e+03 
1.520101e-01 3.185924e+03 3.038185e+03 
1.550303e-01 3.038134e+03 2.938901e+03 
1.580505e-01 2.887237e+03 2.844099e+03 
1.610707e-01 2.738358e+03 2.753524e+03 
1.640909e-01 2.596281e+03 2.666937e+03 
1.671111e-01 2.465232e+03 2.584117e+03 
1.701313e-01 2.348178e+03 2.504856e+03 
1.731515e-01 2.246953e+03 2.428960e+03 
1.761717e-01 2.161982e+03 2.356249e+03 
1.791919e-01 2.092696e+03 2.286553e+03 
1.822121e-01 2.037741e+03 2.219715e+03 
1.852323e-01 1.995148e+03 2.155585e+03 
1.882525e-01 1.962598e+03 2.094024e+03 
1.912727e-01 1.937444e+03 2.034903e+03 
1.942929e-01 1.916912e+03 1.978097e+03 
1.973131e-01 1.898142e+03 1.923493e+03 
2.003333e-01 1.878474e+03 1.870982e+03 
2.033535e-01 1.855522e+03 1.820462e+03 
2.063737e-01 1.827614e+03 1.771837e+03 
2.093939e-01 1.793649e+03 1.725017e+03 
2.124141e-01 1.753429e+03 1.679916e+03 
2.154343e-01 1.707286e+03 1.636455e+03 
2.184545e-01 1.656155e+03 1.594558e+03 
2.214747e-01 1.601330e+03 1.554152e+03 
2.244949e-01 1.544401e+03 1.515172e+03 
2.275152e-01 1.487034e+03 1.477551e+03 
2.305354e-01 1.430879e+03 1.441231e+03 
2.335556e-01 1.377387e+03 1.406154e+03 
2.365758e-01 1.327792e+03 1.372265e+03 
2.395960e-01 1.282986e+03 1.339514e+03 
2.426162e-01 1.243506e+03 1.307852e+03 
2.456364e-01 1.209533e+03 1.277232e+03 
2.486566e-01 1.180913e+03 1.247611e+03 
2.516768e-01 1.157250e+03 1.218948e+03 
2.546970e-01 1.137857e+03 1.191202e+03 
2.577172e-01 1.121891e+03 1.164337e+03 
2.607374e-01 1.108325e+03 1.138317e+03 
2.637576e-01 1.096121e+03 1.113108e+03 
2.667778e-01 1.084257e+03 1.088677e+03 
2.697980e-01 1.071875e+03 1.064994e+03 
2.728182e-01 1.058264e+03 1.042031e+03 
2.758384e-01 1.042966e+03 1.019757e+03 
2.788586e-01 1.025686e+03 9.981488e+02 
2.818788e-01 1.006351e+03 9.771791e+02 
2.848990e-01 9.850543e+02 9.568243e+02 
2.879192e-01 9.620785e+02 9.370614e+02 
2.909394e-01 9.378404e+02 9.178684e+02 
2.939596e-01 9.128579e+02 8.992243e+02 
2.969798e-01 8.877367e+02 8.811090e+02 
3.000000e-01 8.630835e+02 8.635034e+02 
