1.000000e-03 4.493705e+03 4.493701e+03 
4.020202e-03 1.492118e+04 1.503991e+04 
7.040404e-03 2.167040e+04 2.183109e+04 
1.006061e-02 2.572287e+04 2.590613e+04 
1.308081e-02 2.778549e+04 2.799738e+04 
1.610101e-02 2.837147e+04 2.855271e+04 
1.912121e-02 2.788304e+04 2.793239e+04 
2.214141e-02 2.665369e+04 2.653647e+04 
2.516162e-02 2.496454e+04 2.477100e+04 
2.818182e-02 2.304635e+04 2.294330e+04 
3.120202e-02 2.107993e+04 2.122054e+04 
3.422222e-02 1.919774e+04 1.966302e+04 
3.724242e-02 1.748611e+04 1.827471e+04 
4.026263e-02 1.599532e+04 1.703814e+04 
4.328283e-02 1.473605e+04 1.593133e+04 
4.630303e-02 1.369966e+04 1.493422e+04 
4.932323e-02 1.288423e+04 1.403026e+04 
5.234343e-02 1.224754e+04 1.320617e+04 
5.536364e-02 1.174161e+04 1.245141e+04 
5.838384e-02 1.133417e+04 1.175748e+04 
6.140404e-02 1.098378e+04 1.111743e+04 
6.442424e-02 1.065525e+04 1.052550e+04 
6.744444e-02 1.032274e+04 9.976822e+03 
7.046465e-02 9.965229e+03 9.467212e+03 
7.348485e-02 9.570182e+03 8.993055e+03 
7.650505e-02 9.133546e+03 8.551179e+03 
7.952525e-02 8.659369e+03 8.138786e+03 
8.254545e-02 8.159139e+03 7.753387e+03 
8.556566e-02 7.647790e+03 7.392755e+03 
8.858586e-02 7.141483e+03 7.054894e+03 
9.160606e-02 6.656169e+03 6.738005e+03 
9.462626e-02 6.205284e+03 6.440460e+03 
9.764646e-02 5.799822e+03 6.160784e+03 
1.006667e-01 5.446426e+03 5.897638e+03 
1.036869e-01 5.148453e+03 5.649804e+03 
1.067071e-01 4.904537e+03 5.416169e+03 
1.097273e-01 4.710321e+03 5.195717e+03 
1.127475e-01 4.558512e+03 4.987519e+03 
1.157677e-01 4.440447e+03 4.790725e+03 
1.187879e-01 4.346713e+03 4.604552e+03 
1.218081e-01 4.267955e+03 4.428284e+03 
1.248283e-01 4.195148e+03 4.261262e+03 
1.278485e-01 4.120048e+03 4.102877e+03 
1.308687e-01 4.036049e+03 3.952569e+03 
1.338889e-01 3.938646e+03 3.809822e+03 
1.369091e-01 3.825857e+03 3.674158e+03 
1.399293e-01 3.697694e+03 3.545136e+03 
1.429495e-01 3.556517e+03 3.422346e+03 
1.459697e-01 3.405711e+03 3.305411e+03 
1.489899e-01 3.249364e+03 3.193979e+03 
1.520101e-01 3.091987e+03 3.087723e+03 
1.550303e-01 2.938454e+03 2.986341e+03 
1.580505e-01 2.793230e+03 2.889551e+03 
1.610707e-01 2.660259e+03 2.797091e+03 
1.640909e-01 2.542249e+03 2.708716e+03 
1.671111e-01 2.440786e+03 2.624198e+03 
1.701313e-01 2.355635e+03 2.543324e+03 
1.731515e-01 2.285608e+03 2.465897e+03 
1.761717e-01 2.228631e+03 2.391729e+03 
1.791919e-01 2.182353e+03 2.320649e+03 
1.822121e-01 2.144247e+03 2.252492e+03 
1.852323e-01 2.111639e+03 2.187107e+03 
1.882525e-01 2.081845e+03 2.124351e+03 
1.912727e-01 2.052277e+03 2.064090e+03 
1.942929e-01 2.020574e+03 2.006199e+03 
1.973131e-01 1.984724e+03 1.950558e+03 
2.003333e-01 1.943621e+03 1.897058e+03 
2.033535e-01 1.896910e+03 1.845594e+03 
2.063737e-01 1.845108e+03 1.796067e+03 
2.093939e-01 1.789188e+03 1.748385e+03 
2.124141e-01 1.730568e+03 1.702460e+03 
2.154343e-01 1.670739e+03 1.658211e+03 
2.184545e-01 1.611196e+03 1.615559e+03 
2.214747e-01 1.553344e+03 1.574432e+03 
2.244949e-01 1.498486e+03 1.534760e+03 
2.275152e-01 1.447687e+03 1.496477e+03 
2.305354e-01 1.401761e+03 1.459522e+03 
2.335556e-01 1.361083e+03 1.423836e+03 
2.365758e-01 1.325701e+03 1.389364e+03 
2.395960e-01 1.295319e+03 1.356052e+03 
2.426162e-01 1.269343e+03 1.323852e+03 
2.456364e-01 1.246979e+03 1.292717e+03 
2.486566e-01 1.227332e+03 1.262600e+03 
2.516768e-01 1.209466e+03 1.233460e+03 
2.546970e-01 1.192426e+03 1.205257e+03 
2.577172e-01 1.175354e+03 1.177952e+03 
2.607374e-01 1.157527e+03 1.151508e+03 
2.637576e-01 1.138430e+03 1.125891e+03 
2.667778e-01 1.117727e+03 1.101069e+03 
2.697980e-01 1.095370e+03 1.077009e+03 
2.728182e-01 1.071473e+03 1.053681e+03 
2.758384e-01 1.046332e+03 1.031058e+03 
2.788586e-01 1.020341e+03 1.009112e+03 
2.818788e-01 9.939881e+02 9.878169e+02 
2.848990e-01 9.677652e+02 9.671487e+02 
2.879192e-01 9.421562e+02 9.470834e+02 
2.909394e-01 9.175854e+02 9.275987e+02 
2.939596e-01 8.944196e+02 9.086732e+02 
2.969798e-01 8.729256e+02 8.902863e+02 
3.000000e-01 8.532589e+02 8.724184e+02 
