1.000000e-03 3.395280e+03 3.395277e+03 
4.020202e-03 1.135823e+04 1.144751e+04 
7.040404e-03 1.659392e+04 1.670656e+04 
1.006061e-02 1.981810e+04 1.992174e+04 
1.308081e-02 2.155911e+04 2.164572e+04 
1.610101e-02 2.220255e+04 2.223554e+04 
1.912121e-02 2.204813e+04 2.198453e+04 
2.214141e-02 2.134081e+04 2.119402e+04 
2.516162e-02 2.028372e+04 2.013890e+04 
2.818182e-02 1.904085e+04 1.901014e+04 
3.120202e-02 1.774090e+04 1.790804e+04 
3.422222e-02 1.647732e+04 1.687195e+04 
3.724242e-02 1.531121e+04 1.591101e+04 
4.026263e-02 1.427783e+04 1.502243e+04 
4.328283e-02 1.338870e+04 1.419999e+04 
4.630303e-02 1.263521e+04 1.343717e+04 
4.932323e-02 1.201349e+04 1.272814e+04 
5.234343e-02 1.150145e+04 1.206788e+04 
5.536364e-02 1.105942e+04 1.145211e+04 
5.838384e-02 1.066737e+04 1.087709e+04 
6.140404e-02 1.030334e+04 1.033952e+04 
6.442424e-02 9.943104e+03 9.836495e+03 
6.744444e-02 9.572252e+03 9.365360e+03 
7.046465e-02 9.181877e+03 8.923725e+03 
7.348485e-02 8.768592e+03 8.509406e+03 
7.650505e-02 8.335913e+03 8.120401e+03 
7.952525e-02 7.892514e+03 7.754876e+03 
8.254545e-02 7.449422e+03 7.411144e+03 
8.556566e-02 7.017949e+03 7.087652e+03 
8.858586e-02 6.607972e+03 6.782973e+03 
9.160606e-02 6.227727e+03 6.495789e+03 
9.462626e-02 5.883578e+03 6.224888e+03 
9.764646e-02 5.579613e+03 5.969151e+03 
1.006667e-01 5.317818e+03 5.727548e+03 
1.036869e-01 5.096905e+03 5.499126e+03 
1.067071e-01 4.912977e+03 5.283005e+03 
1.097273e-01 4.759510e+03 5.078375e+03 
1.127475e-01 4.628864e+03 4.884485e+03 
1.157677e-01 4.512943e+03 4.700641e+03 
1.187879e-01 4.404733e+03 4.526200e+03 
1.218081e-01 4.298092e+03 4.360569e+03 
1.248283e-01 4.188375e+03 4.203196e+03 
1.278485e-01 4.072180e+03 4.053571e+03 
1.308687e-01 3.947824e+03 3.911219e+03 
1.338889e-01 3.815076e+03 3.775701e+03 
1.369091e-01 3.675131e+03 3.646609e+03 
1.399293e-01 3.530537e+03 3.523562e+03 
1.429495e-01 3.384594e+03 3.406206e+03 
1.459697e-01 3.240594e+03 3.294213e+03 
1.489899e-01 3.101693e+03 3.187276e+03 
1.520101e-01 2.970656e+03 3.085109e+03 
1.550303e-01 2.849743e+03 2.987445e+03 
1.580505e-01 2.740493e+03 2.894035e+03 
1.610707e-01 2.643716e+03 2.804646e+03 
1.640909e-01 2.559496e+03 2.719061e+03 
1.671111e-01 2.486825e+03 2.637076e+03 
1.701313e-01 2.424034e+03 2.558501e+03 
1.731515e-01 2.368949e+03 2.483156e+03 
1.761717e-01 2.319302e+03 2.410875e+03 
1.791919e-01 2.272947e+03 2.341500e+03 
1.822121e-01 2.227974e+03 2.274884e+03 
1.852323e-01 2.182794e+03 2.210888e+03 
1.882525e-01 2.136177e+03 2.149383e+03 
1.912727e-01 2.087229e+03 2.090244e+03 
1.942929e-01 2.035560e+03 2.033359e+03 
1.973131e-01 1.981159e+03 1.978617e+03 
2.003333e-01 1.924624e+03 1.925917e+03 
2.033535e-01 1.866818e+03 1.875162e+03 
2.063737e-01 1.808845e+03 1.826261e+03 
2.093939e-01 1.751815e+03 1.779128e+03 
2.124141e-01 1.696783e+03 1.733683e+03 
2.154343e-01 1.644549e+03 1.689848e+03 
2.184545e-01 1.595705e+03 1.647552e+03 
2.214747e-01 1.550643e+03 1.606725e+03 
2.244949e-01 1.509576e+03 1.567304e+03 
2.275152e-01 1.472388e+03 1.529226e+03 
2.305354e-01 1.438792e+03 1.492433e+03 
2.335556e-01 1.408316e+03 1.456871e+03 
2.365758e-01 1.380394e+03 1.422486e+03 
2.395960e-01 1.354384e+03 1.389230e+03 
2.426162e-01 1.329664e+03 1.357055e+03 
2.456364e-01 1.305639e+03 1.325917e+03 
2.486566e-01 1.281788e+03 1.295772e+03 
2.516768e-01 1.257665e+03 1.266582e+03 
2.546970e-01 1.232959e+03 1.238306e+03 
2.577172e-01 1.207515e+03 1.210910e+03 
2.607374e-01 1.181397e+03 1.184357e+03 
2.637576e-01 1.154793e+03 1.158615e+03 
2.667778e-01 1.127993e+03 1.133652e+03 
2.697980e-01 1.101319e+03 1.109439e+03 
2.728182e-01 1.075098e+03 1.085946e+03 
2.758384e-01 1.049585e+03 1.063146e+03 
2.788586e-01 1.025002e+03 1.041014e+03 
2.818788e-01 1.001538e+03 1.019524e+03 
2.848990e-01 9.793354e+02 9.986518e+02 
2.879192e-01 9.584772e+02 9.783757e+02 
2.909394e-01 9.389791e+02 9.586738e+02 
2.939596e-01 9.207937e+02 9.395251e+02 
2.969798e-01 9.037731e+02 9.209099e+02 
3.000000e-01 8.877189e+02 9.028093e+02 
