1.000000e-03 3.663599e+03 3.663596e+03 
4.020202e-03 1.240111e+04 1.249909e+04 
7.040404e-03 1.824672e+04 1.838113e+04 
1.006061e-02 2.189965e+04 2.204941e+04 
1.308081e-02 2.389699e+04 2.406645e+04 
1.610101e-02 2.464095e+04 2.478629e+04 
1.912121e-02 2.445313e+04 2.449405e+04 
2.214141e-02 2.360513e+04 2.350763e+04 
2.516162e-02 2.232717e+04 2.215788e+04 
2.818182e-02 2.081319e+04 2.070558e+04 
3.120202e-02 1.921775e+04 1.930173e+04 
3.422222e-02 1.765755e+04 1.800859e+04 
3.724242e-02 1.621190e+04 1.683868e+04 
4.026263e-02 1.493036e+04 1.578370e+04 
4.328283e-02 1.383080e+04 1.482941e+04 
4.630303e-02 1.290903e+04 1.396176e+04 
4.932323e-02 1.216789e+04 1.316872e+04 
5.234343e-02 1.158108e+04 1.244046e+04 
5.536364e-02 1.110709e+04 1.176905e+04 
5.838384e-02 1.071747e+04 1.114805e+04 
6.140404e-02 1.038349e+04 1.057211e+04 
6.442424e-02 1.007639e+04 1.003678e+04 
6.744444e-02 9.770094e+03 9.538242e+03 
7.046465e-02 9.445521e+03 9.073192e+03 
7.348485e-02 9.090704e+03 8.638743e+03 
7.650505e-02 8.700917e+03 8.232339e+03 
7.952525e-02 8.279141e+03 7.851702e+03 
8.254545e-02 7.834169e+03 7.494790e+03 
8.556566e-02 7.378153e+03 7.159762e+03 
8.858586e-02 6.924136e+03 6.844951e+03 
9.160606e-02 6.484778e+03 6.548844e+03 
9.462626e-02 6.071449e+03 6.270066e+03 
9.764646e-02 5.693852e+03 6.007360e+03 
1.006667e-01 5.359031e+03 5.759579e+03 
1.036869e-01 5.071480e+03 5.525672e+03 
1.067071e-01 4.831500e+03 5.304675e+03 
1.097273e-01 4.636671e+03 5.095704e+03 
1.127475e-01 4.481100e+03 4.897947e+03 
1.157677e-01 4.357551e+03 4.710654e+03 
1.187879e-01 4.257708e+03 4.533138e+03 
1.218081e-01 4.173413e+03 4.364761e+03 
1.248283e-01 4.096857e+03 4.204938e+03 
1.278485e-01 4.021206e+03 4.053125e+03 
1.308687e-01 3.940493e+03 3.908821e+03 
1.338889e-01 3.850329e+03 3.771562e+03 
1.369091e-01 3.747797e+03 3.640917e+03 
1.399293e-01 3.632218e+03 3.516486e+03 
1.429495e-01 3.504570e+03 3.397900e+03 
1.459697e-01 3.367424e+03 3.284813e+03 
1.489899e-01 3.224246e+03 3.176905e+03 
1.520101e-01 3.079006e+03 3.073879e+03 
1.550303e-01 2.935795e+03 2.975456e+03 
1.580505e-01 2.798530e+03 2.881378e+03 
1.610707e-01 2.670607e+03 2.791402e+03 
1.640909e-01 2.554708e+03 2.705305e+03 
1.671111e-01 2.452592e+03 2.622874e+03 
1.701313e-01 2.364851e+03 2.543913e+03 
1.731515e-01 2.291119e+03 2.468237e+03 
1.761717e-01 2.230024e+03 2.395675e+03 
1.791919e-01 2.179683e+03 2.326063e+03 
1.822121e-01 2.137796e+03 2.259251e+03 
1.852323e-01 2.101978e+03 2.195096e+03 
1.882525e-01 2.069851e+03 2.133463e+03 
1.912727e-01 2.039115e+03 2.074229e+03 
1.942929e-01 2.007593e+03 2.017274e+03 
1.973131e-01 1.973534e+03 1.962487e+03 
2.003333e-01 1.935579e+03 1.909765e+03 
2.033535e-01 1.893108e+03 1.859007e+03 
2.063737e-01 1.846036e+03 1.810121e+03 
2.093939e-01 1.794985e+03 1.763021e+03 
2.124141e-01 1.740904e+03 1.717622e+03 
2.154343e-01 1.685012e+03 1.673847e+03 
2.184545e-01 1.628631e+03 1.631622e+03 
2.214747e-01 1.573105e+03 1.590877e+03 
2.244949e-01 1.519669e+03 1.551547e+03 
2.275152e-01 1.469405e+03 1.513569e+03 
2.305354e-01 1.423114e+03 1.476884e+03 
2.335556e-01 1.381315e+03 1.441436e+03 
2.365758e-01 1.344200e+03 1.407171e+03 
2.395960e-01 1.311662e+03 1.374040e+03 
2.426162e-01 1.283366e+03 1.341995e+03 
2.456364e-01 1.258768e+03 1.310991e+03 
2.486566e-01 1.237206e+03 1.280984e+03 
2.516768e-01 1.217893e+03 1.251933e+03 
2.546970e-01 1.200000e+03 1.223800e+03 
2.577172e-01 1.182684e+03 1.196548e+03 
2.607374e-01 1.165193e+03 1.170142e+03 
2.637576e-01 1.146889e+03 1.144548e+03 
2.667778e-01 1.127388e+03 1.119735e+03 
2.697980e-01 1.106484e+03 1.095671e+03 
2.728182e-01 1.084214e+03 1.072328e+03 
2.758384e-01 1.060737e+03 1.049679e+03 
2.788586e-01 1.036337e+03 1.027698e+03 
2.818788e-01 1.011357e+03 1.006358e+03 
2.848990e-01 9.861853e+02 9.856367e+02 
2.879192e-01 9.612325e+02 9.655107e+02 
2.909394e-01 9.369119e+02 9.459581e+02 
2.939596e-01 9.136084e+02 9.269582e+02 
2.969798e-01 8.916520e+02 9.084910e+02 
3.000000e-01 8.712634e+02 8.905374e+02 
