1.000000e-03 8.183894e+03 8.183887e+03 
4.020202e-03 2.765325e+04 2.758540e+04 
7.040404e-03 4.061251e+04 4.014483e+04 
1.006061e-02 4.855073e+04 4.782715e+04 
1.308081e-02 5.260249e+04 5.218565e+04 
1.610101e-02 5.362523e+04 5.428732e+04 
1.912121e-02 5.233433e+04 5.488057e+04 
2.214141e-02 4.936596e+04 5.449382e+04 
2.516162e-02 4.529021e+04 5.348506e+04 
2.818182e-02 4.061096e+04 5.208840e+04 
3.120202e-02 3.574860e+04 5.045687e+04 
3.422222e-02 3.103190e+04 4.869236e+04 
3.724242e-02 2.669409e+04 4.686396e+04 
4.026263e-02 2.287882e+04 4.501894e+04 
4.328283e-02 1.964284e+04 4.318956e+04 
4.630303e-02 1.699456e+04 4.139766e+04 
4.932323e-02 1.491109e+04 3.965764e+04 
5.234343e-02 1.333314e+04 3.797865e+04 
5.536364e-02 1.218218e+04 3.636608e+04 
5.838384e-02 1.138071e+04 3.482262e+04 
6.140404e-02 1.086078e+04 3.334910e+04 
6.442424e-02 1.054953e+04 3.194499e+04 
6.744444e-02 1.038175e+04 3.060888e+04 
7.046465e-02 1.030024e+04 2.933871e+04 
7.348485e-02 1.025072e+04 2.813203e+04 
7.650505e-02 1.018415e+04 2.698617e+04 
7.952525e-02 1.005961e+04 2.589830e+04 
8.254545e-02 9.846942e+03 2.486559e+04 
8.556566e-02 9.529849e+03 2.388519e+04 
8.858586e-02 9.105973e+03 2.295432e+04 
9.160606e-02 8.585920e+03 2.207029e+04 
9.462626e-02 7.990754e+03 2.123050e+04 
9.764646e-02 7.347770e+03 2.043247e+04 
1.006667e-01 6.688105e+03 1.967384e+04 
1.036869e-01 6.041651e+03 1.895237e+04 
1.067071e-01 5.435062e+03 1.826595e+04 
1.097273e-01 4.888035e+03 1.761259e+04 
1.127475e-01 4.413919e+03 1.699039e+04 
1.157677e-01 4.019372e+03 1.639760e+04 
1.187879e-01 3.705150e+03 1.583255e+04 
1.218081e-01 3.468185e+03 1.529368e+04 
1.248283e-01 3.302260e+03 1.477952e+04 
1.278485e-01 3.199464e+03 1.428870e+04 
1.308687e-01 3.150195e+03 1.381994e+04 
1.338889e-01 3.143661e+03 1.337201e+04 
1.369091e-01 3.168155e+03 1.294378e+04 
1.399293e-01 3.211482e+03 1.253420e+04 
1.429495e-01 3.261442e+03 1.214226e+04 
1.459697e-01 3.306306e+03 1.176702e+04 
1.489899e-01 3.335504e+03 1.140761e+04 
1.520101e-01 3.340026e+03 1.106319e+04 
1.550303e-01 3.313322e+03 1.073299e+04 
1.580505e-01 3.251189e+03 1.041629e+04 
1.610707e-01 3.153488e+03 1.011239e+04 
1.640909e-01 3.022974e+03 9.820644e+03 
1.671111e-01 2.865888e+03 9.540454e+03 
1.701313e-01 2.690431e+03 9.271244e+03 
1.731515e-01 2.506081e+03 9.012477e+03 
1.761717e-01 2.321626e+03 8.763645e+03 
1.791919e-01 2.144928e+03 8.524270e+03 
1.822121e-01 1.982039e+03 8.293900e+03 
1.852323e-01 1.837486e+03 8.072112e+03 
1.882525e-01 1.714101e+03 7.858502e+03 
1.912727e-01 1.613401e+03 7.652691e+03 
1.942929e-01 1.535867e+03 7.454322e+03 
1.973131e-01 1.480700e+03 7.263055e+03 
2.003333e-01 1.446281e+03 7.078570e+03 
2.033535e-01 1.430050e+03 6.900563e+03 
2.063737e-01 1.428812e+03 6.728747e+03 
2.093939e-01 1.438856e+03 6.562851e+03 
2.124141e-01 1.456219e+03 6.402617e+03 
2.154343e-01 1.476870e+03 6.247801e+03 
2.184545e-01 1.496894e+03 6.098170e+03 
2.214747e-01 1.512633e+03 5.953506e+03 
2.244949e-01 1.520818e+03 5.813600e+03 
2.275152e-01 1.518898e+03 5.678253e+03 
2.305354e-01 1.505028e+03 5.547277e+03 
2.335556e-01 1.478568e+03 5.420493e+03 
2.365758e-01 1.439790e+03 5.297732e+03 
2.395960e-01 1.390161e+03 5.178831e+03 
2.426162e-01 1.331870e+03 5.063636e+03 
2.456364e-01 1.267699e+03 4.952001e+03 
2.486566e-01 1.200584e+03 4.843786e+03 
2.516768e-01 1.133424e+03 4.738858e+03 
2.546970e-01 1.068808e+03 4.637091e+03 
2.577172e-01 1.008942e+03 4.538362e+03 
2.607374e-01 9.555173e+02 4.442558e+03 
2.637576e-01 9.096750e+02 4.349567e+03 
2.667778e-01 8.720868e+02 4.259285e+03 
2.697980e-01 8.428664e+02 4.171611e+03 
2.728182e-01 8.217650e+02 4.086449e+03 
2.758384e-01 8.081100e+02 4.003708e+03 
2.788586e-01 8.009740e+02 3.923301e+03 
2.818788e-01 7.992006e+02 3.845143e+03 
2.848990e-01 8.014631e+02 3.769154e+03 
2.879192e-01 8.063380e+02 3.695257e+03 
2.909394e-01 8.123453e+02 3.623380e+03 
2.939596e-01 8.180255e+02 3.553452e+03 
2.969798e-01 8.219860e+02 3.485405e+03 
3.000000e-01 8.230359e+02 3.419174e+03 
