1.000000e-03 3.707352e+03 3.707349e+03 
4.020202e-03 1.239997e+04 1.249738e+04 
7.040404e-03 1.812279e+04 1.825015e+04 
1.006061e-02 2.164589e+04 2.177495e+04 
1.308081e-02 2.353727e+04 2.366430e+04 
1.610101e-02 2.421247e+04 2.429458e+04 
1.912121e-02 2.399854e+04 2.397361e+04 
2.214141e-02 2.316509e+04 2.302953e+04 
2.516162e-02 2.193825e+04 2.177758e+04 
2.818182e-02 2.050313e+04 2.044673e+04 
3.120202e-02 1.900512e+04 1.916031e+04 
3.422222e-02 1.755120e+04 1.796612e+04 
3.724242e-02 1.621230e+04 1.687311e+04 
4.026263e-02 1.503037e+04 1.587491e+04 
4.328283e-02 1.401808e+04 1.496110e+04 
4.630303e-02 1.316756e+04 1.412142e+04 
4.932323e-02 1.247830e+04 1.334704e+04 
5.234343e-02 1.192192e+04 1.263063e+04 
5.536364e-02 1.145580e+04 1.196612e+04 
5.838384e-02 1.105614e+04 1.134841e+04 
6.140404e-02 1.069503e+04 1.077318e+04 
6.442424e-02 1.034506e+04 1.023668e+04 
6.744444e-02 9.986419e+03 9.735651e+03 
7.046465e-02 9.605352e+03 9.267170e+03 
7.348485e-02 9.195327e+03 8.828639e+03 
7.650505e-02 8.757345e+03 8.417715e+03 
7.952525e-02 8.298703e+03 8.032280e+03 
8.254545e-02 7.830649e+03 7.670406e+03 
8.556566e-02 7.366150e+03 7.330341e+03 
8.858586e-02 6.917408e+03 7.010483e+03 
9.160606e-02 6.495179e+03 6.709366e+03 
9.462626e-02 6.108306e+03 6.425649e+03 
9.764646e-02 5.763502e+03 6.158101e+03 
1.006667e-01 5.464620e+03 5.905592e+03 
1.036869e-01 5.212632e+03 5.667083e+03 
1.067071e-01 5.004550e+03 5.441621e+03 
1.097273e-01 4.834897e+03 5.228323e+03 
1.127475e-01 4.695899e+03 5.026381e+03 
1.157677e-01 4.579149e+03 4.835046e+03 
1.187879e-01 4.476232e+03 4.653628e+03 
1.218081e-01 4.379589e+03 4.481489e+03 
1.248283e-01 4.282837e+03 4.318040e+03 
1.278485e-01 4.180844e+03 4.162735e+03 
1.308687e-01 4.069678e+03 4.015067e+03 
1.338889e-01 3.947732e+03 3.874570e+03 
1.369091e-01 3.814886e+03 3.740807e+03 
1.399293e-01 3.672956e+03 3.613376e+03 
1.429495e-01 3.524723e+03 3.491902e+03 
1.459697e-01 3.373965e+03 3.376035e+03 
1.489899e-01 3.224506e+03 3.265451e+03 
1.520101e-01 3.080056e+03 3.159849e+03 
1.550303e-01 2.943828e+03 3.058945e+03 
1.580505e-01 2.818580e+03 2.962479e+03 
1.610707e-01 2.706216e+03 2.870203e+03 
1.640909e-01 2.607874e+03 2.781889e+03 
1.671111e-01 2.523410e+03 2.697324e+03 
1.701313e-01 2.451836e+03 2.616305e+03 
1.731515e-01 2.391259e+03 2.538647e+03 
1.761717e-01 2.339407e+03 2.464172e+03 
1.791919e-01 2.293793e+03 2.392716e+03 
1.822121e-01 2.252083e+03 2.324126e+03 
1.852323e-01 2.212083e+03 2.258254e+03 
1.882525e-01 2.171855e+03 2.194966e+03 
1.912727e-01 2.129757e+03 2.134133e+03 
1.942929e-01 2.084622e+03 2.075635e+03 
1.973131e-01 2.035798e+03 2.019357e+03 
2.003333e-01 1.983190e+03 1.965194e+03 
2.033535e-01 1.927355e+03 1.913045e+03 
2.063737e-01 1.869270e+03 1.862814e+03 
2.093939e-01 1.810154e+03 1.814413e+03 
2.124141e-01 1.751278e+03 1.767757e+03 
2.154343e-01 1.693858e+03 1.722766e+03 
2.184545e-01 1.638976e+03 1.679364e+03 
2.214747e-01 1.587517e+03 1.637480e+03 
2.244949e-01 1.540094e+03 1.597048e+03 
2.275152e-01 1.497065e+03 1.558002e+03 
2.305354e-01 1.458474e+03 1.520283e+03 
2.335556e-01 1.424147e+03 1.483833e+03 
2.365758e-01 1.393622e+03 1.448598e+03 
2.395960e-01 1.366315e+03 1.414527e+03 
2.426162e-01 1.341538e+03 1.381570e+03 
2.456364e-01 1.318560e+03 1.349681e+03 
2.486566e-01 1.296613e+03 1.318817e+03 
2.516768e-01 1.275001e+03 1.288934e+03 
2.546970e-01 1.253096e+03 1.259995e+03 
2.577172e-01 1.230440e+03 1.231959e+03 
2.607374e-01 1.206732e+03 1.204793e+03 
2.637576e-01 1.181949e+03 1.178460e+03 
2.667778e-01 1.156217e+03 1.152930e+03 
2.697980e-01 1.129810e+03 1.128169e+03 
2.728182e-01 1.103055e+03 1.104150e+03 
2.758384e-01 1.076313e+03 1.080843e+03 
2.788586e-01 1.049934e+03 1.058222e+03 
2.818788e-01 1.024255e+03 1.036261e+03 
2.848990e-01 9.995768e+02 1.014936e+03 
2.879192e-01 9.761612e+02 9.942219e+02 
2.909394e-01 9.542087e+02 9.740976e+02 
2.939596e-01 9.338249e+02 9.545414e+02 
2.969798e-01 9.150002e+02 9.355328e+02 
3.000000e-01 8.976305e+02 9.170523e+02 
