1.000000e-03 2.700710e+03 2.700708e+03 
4.020202e-03 9.058552e+03 9.129980e+03 
7.040404e-03 1.325644e+04 1.333671e+04 
1.006061e-02 1.587907e+04 1.592259e+04 
1.308081e-02 1.736144e+04 1.734965e+04 
1.610101e-02 1.801539e+04 1.793234e+04 
1.912121e-02 1.807534e+04 1.792235e+04 
2.214141e-02 1.772562e+04 1.754255e+04 
2.516162e-02 1.711243e+04 1.696636e+04 
2.818182e-02 1.635045e+04 1.630329e+04 
3.120202e-02 1.552705e+04 1.561204e+04 
3.422222e-02 1.470440e+04 1.492154e+04 
3.724242e-02 1.392251e+04 1.424589e+04 
4.026263e-02 1.320536e+04 1.359222e+04 
4.328283e-02 1.255580e+04 1.296420e+04 
4.630303e-02 1.197362e+04 1.236369e+04 
4.932323e-02 1.146293e+04 1.179144e+04 
5.234343e-02 1.099975e+04 1.124751e+04 
5.536364e-02 1.056301e+04 1.073148e+04 
5.838384e-02 1.014813e+04 1.024259e+04 
6.140404e-02 9.745327e+03 9.779891e+03 
6.442424e-02 9.345044e+03 9.342272e+03 
6.744444e-02 8.943254e+03 8.928555e+03 
7.046465e-02 8.539365e+03 8.537524e+03 
7.348485e-02 8.135884e+03 8.167958e+03 
7.650505e-02 7.738883e+03 7.818652e+03 
7.952525e-02 7.355496e+03 7.488435e+03 
8.254545e-02 6.992436e+03 7.176178e+03 
8.556566e-02 6.654026e+03 6.880803e+03 
8.858586e-02 6.342542e+03 6.601285e+03 
9.160606e-02 6.058714e+03 6.336656e+03 
9.462626e-02 5.802484e+03 6.086001e+03 
9.764646e-02 5.573088e+03 5.848462e+03 
1.006667e-01 5.368790e+03 5.623233e+03 
1.036869e-01 5.185898e+03 5.409560e+03 
1.067071e-01 5.019895e+03 5.206736e+03 
1.097273e-01 4.865291e+03 5.014102e+03 
1.127475e-01 4.716890e+03 4.831043e+03 
1.157677e-01 4.571000e+03 4.656982e+03 
1.187879e-01 4.425047e+03 4.491382e+03 
1.218081e-01 4.278426e+03 4.333744e+03 
1.248283e-01 4.131226e+03 4.183598e+03 
1.278485e-01 3.984322e+03 4.040509e+03 
1.308687e-01 3.838898e+03 3.904069e+03 
1.338889e-01 3.696485e+03 3.773897e+03 
1.369091e-01 3.558698e+03 3.649638e+03 
1.399293e-01 3.427201e+03 3.530960e+03 
1.429495e-01 3.303225e+03 3.417551e+03 
1.459697e-01 3.187533e+03 3.309122e+03 
1.489899e-01 3.080426e+03 3.205400e+03 
1.520101e-01 2.981819e+03 3.106132e+03 
1.550303e-01 2.891322e+03 3.011078e+03 
1.580505e-01 2.808307e+03 2.920016e+03 
1.610707e-01 2.731708e+03 2.832735e+03 
1.640909e-01 2.660218e+03 2.749039e+03 
1.671111e-01 2.592455e+03 2.668744e+03 
1.701313e-01 2.527072e+03 2.591677e+03 
1.731515e-01 2.463105e+03 2.517675e+03 
1.761717e-01 2.399826e+03 2.446584e+03 
1.791919e-01 2.336972e+03 2.378260e+03 
1.822121e-01 2.274458e+03 2.312569e+03 
1.852323e-01 2.212392e+03 2.249382e+03 
1.882525e-01 2.150968e+03 2.188580e+03 
1.912727e-01 2.090519e+03 2.130048e+03 
1.942929e-01 2.031450e+03 2.073680e+03 
1.973131e-01 1.974274e+03 2.019374e+03 
2.003333e-01 1.919452e+03 1.967036e+03 
2.033535e-01 1.867315e+03 1.916576e+03 
2.063737e-01 1.818031e+03 1.867908e+03 
2.093939e-01 1.771544e+03 1.820951e+03 
2.124141e-01 1.727707e+03 1.775631e+03 
2.154343e-01 1.686279e+03 1.731873e+03 
2.184545e-01 1.647017e+03 1.689611e+03 
2.214747e-01 1.609674e+03 1.648779e+03 
2.244949e-01 1.573940e+03 1.609317e+03 
2.275152e-01 1.539458e+03 1.571165e+03 
2.305354e-01 1.505931e+03 1.534269e+03 
2.335556e-01 1.473112e+03 1.498576e+03 
2.365758e-01 1.440874e+03 1.464036e+03 
2.395960e-01 1.409161e+03 1.430603e+03 
2.426162e-01 1.377974e+03 1.398230e+03 
2.456364e-01 1.347335e+03 1.366876e+03 
2.486566e-01 1.317271e+03 1.336500e+03 
2.516768e-01 1.287816e+03 1.307062e+03 
2.546970e-01 1.259051e+03 1.278527e+03 
2.577172e-01 1.231075e+03 1.250858e+03 
2.607374e-01 1.204007e+03 1.224022e+03 
2.637576e-01 1.177950e+03 1.197988e+03 
2.667778e-01 1.152951e+03 1.172724e+03 
2.697980e-01 1.129002e+03 1.148203e+03 
2.728182e-01 1.106002e+03 1.124396e+03 
2.758384e-01 1.083846e+03 1.101276e+03 
2.788586e-01 1.062442e+03 1.078818e+03 
2.818788e-01 1.041719e+03 1.056999e+03 
2.848990e-01 1.021633e+03 1.035795e+03 
2.879192e-01 1.002135e+03 1.015183e+03 
2.909394e-01 9.831642e+02 9.951438e+02 
2.939596e-01 9.646528e+02 9.756558e+02 
2.969798e-01 9.465299e+02 9.567000e+02 
3.000000e-01 9.287512e+02 9.382578e+02 
