1.000000e-03 3.619295e+03 3.619292e+03 
4.020202e-03 1.202241e+04 1.211721e+04 
7.040404e-03 1.753837e+04 1.766210e+04 
1.006061e-02 2.093489e+04 2.105837e+04 
1.308081e-02 2.276419e+04 2.288406e+04 
1.610101e-02 2.342827e+04 2.350494e+04 
1.912121e-02 2.324047e+04 2.321602e+04 
2.214141e-02 2.245748e+04 2.232797e+04 
2.516162e-02 2.129530e+04 2.113932e+04 
2.818182e-02 1.992891e+04 1.986864e+04 
3.120202e-02 1.849762e+04 1.863530e+04 
3.422222e-02 1.710353e+04 1.748678e+04 
3.724242e-02 1.581478e+04 1.643300e+04 
4.026263e-02 1.467216e+04 1.546882e+04 
4.328283e-02 1.369028e+04 1.458481e+04 
4.630303e-02 1.286125e+04 1.377153e+04 
4.932323e-02 1.218389e+04 1.302075e+04 
5.234343e-02 1.163602e+04 1.232557e+04 
5.536364e-02 1.117571e+04 1.168029e+04 
5.838384e-02 1.077974e+04 1.108008e+04 
6.140404e-02 1.042343e+04 1.052083e+04 
6.442424e-02 1.008022e+04 9.998988e+03 
6.744444e-02 9.730897e+03 9.511418e+03 
7.046465e-02 9.362157e+03 9.055340e+03 
7.348485e-02 8.966995e+03 8.628260e+03 
7.650505e-02 8.545785e+03 8.227931e+03 
7.952525e-02 8.105056e+03 7.852314e+03 
8.254545e-02 7.655023e+03 7.499556e+03 
8.556566e-02 7.207713e+03 7.167967e+03 
8.858586e-02 6.774546e+03 6.856001e+03 
9.160606e-02 6.365684e+03 6.562244e+03 
9.462626e-02 5.989606e+03 6.285400e+03 
9.764646e-02 5.652585e+03 6.024278e+03 
1.006667e-01 5.358773e+03 5.777785e+03 
1.036869e-01 5.109188e+03 5.544915e+03 
1.067071e-01 4.901821e+03 5.324744e+03 
1.097273e-01 4.731690e+03 5.116417e+03 
1.127475e-01 4.591838e+03 4.919150e+03 
1.157677e-01 4.474241e+03 4.732215e+03 
1.187879e-01 4.371017e+03 4.554945e+03 
1.218081e-01 4.274795e+03 4.386718e+03 
1.248283e-01 4.179498e+03 4.226962e+03 
1.278485e-01 4.080095e+03 4.075148e+03 
1.308687e-01 3.972918e+03 3.930783e+03 
1.338889e-01 3.855996e+03 3.793412e+03 
1.369091e-01 3.728984e+03 3.662612e+03 
1.399293e-01 3.593251e+03 3.537990e+03 
1.429495e-01 3.451243e+03 3.419182e+03 
1.459697e-01 3.306381e+03 3.305848e+03 
1.489899e-01 3.162284e+03 3.197672e+03 
1.520101e-01 3.022353e+03 3.094360e+03 
1.550303e-01 2.889695e+03 2.995637e+03 
1.580505e-01 2.767005e+03 2.901248e+03 
1.610707e-01 2.656209e+03 2.810952e+03 
1.640909e-01 2.558499e+03 2.724527e+03 
1.671111e-01 2.473928e+03 2.641765e+03 
1.701313e-01 2.401801e+03 2.562469e+03 
1.731515e-01 2.340485e+03 2.486456e+03 
1.761717e-01 2.287956e+03 2.413556e+03 
1.791919e-01 2.241869e+03 2.343606e+03 
1.822121e-01 2.199973e+03 2.276458e+03 
1.852323e-01 2.160204e+03 2.211968e+03 
1.882525e-01 2.120711e+03 2.150004e+03 
1.912727e-01 2.079859e+03 2.090441e+03 
1.942929e-01 2.036485e+03 2.033162e+03 
1.973131e-01 1.989805e+03 1.978054e+03 
2.003333e-01 1.939707e+03 1.925015e+03 
2.033535e-01 1.886488e+03 1.873946e+03 
2.063737e-01 1.830970e+03 1.824753e+03 
2.093939e-01 1.774205e+03 1.777351e+03 
2.124141e-01 1.717432e+03 1.731656e+03 
2.154343e-01 1.661781e+03 1.687589e+03 
2.184545e-01 1.608280e+03 1.645079e+03 
2.214747e-01 1.557782e+03 1.604054e+03 
2.244949e-01 1.510974e+03 1.564449e+03 
2.275152e-01 1.468222e+03 1.526202e+03 
2.305354e-01 1.429673e+03 1.489253e+03 
2.335556e-01 1.395198e+03 1.453547e+03 
2.365758e-01 1.364453e+03 1.419029e+03 
2.395960e-01 1.336910e+03 1.385651e+03 
2.426162e-01 1.311944e+03 1.353364e+03 
2.456364e-01 1.288885e+03 1.322123e+03 
2.486566e-01 1.267055e+03 1.291884e+03 
2.516768e-01 1.245788e+03 1.262608e+03 
2.546970e-01 1.224469e+03 1.234254e+03 
2.577172e-01 1.202604e+03 1.206786e+03 
2.607374e-01 1.179881e+03 1.180168e+03 
2.637576e-01 1.156176e+03 1.154368e+03 
2.667778e-01 1.131537e+03 1.129352e+03 
2.697980e-01 1.106194e+03 1.105091e+03 
2.728182e-01 1.080464e+03 1.081556e+03 
2.758384e-01 1.054668e+03 1.058719e+03 
2.788586e-01 1.029127e+03 1.036553e+03 
2.818788e-01 1.004156e+03 1.015034e+03 
2.848990e-01 9.800415e+02 9.941373e+02 
2.879192e-01 9.570251e+02 9.738399e+02 
2.909394e-01 9.353055e+02 9.541199e+02 
2.939596e-01 9.150331e+02 9.349565e+02 
2.969798e-01 8.962382e+02 9.163295e+02 
3.000000e-01 8.788716e+02 8.982199e+02 
