1.000000e-03 2.404284e+03 2.404282e+03 
4.020202e-03 8.100328e+03 8.184081e+03 
7.040404e-03 1.191222e+04 1.204491e+04 
1.006061e-02 1.434267e+04 1.450048e+04 
1.308081e-02 1.577062e+04 1.597874e+04 
1.610101e-02 1.646826e+04 1.678176e+04 
1.912121e-02 1.663930e+04 1.712130e+04 
2.214141e-02 1.644106e+04 1.714624e+04 
2.516162e-02 1.599818e+04 1.695973e+04 
2.818182e-02 1.540847e+04 1.663243e+04 
3.120202e-02 1.474543e+04 1.621302e+04 
3.422222e-02 1.406329e+04 1.573544e+04 
3.724242e-02 1.339772e+04 1.522359e+04 
4.026263e-02 1.277008e+04 1.469438e+04 
4.328283e-02 1.219030e+04 1.415980e+04 
4.630303e-02 1.165744e+04 1.362829e+04 
4.932323e-02 1.116940e+04 1.310574e+04 
5.234343e-02 1.072190e+04 1.259617e+04 
5.536364e-02 1.029869e+04 1.210226e+04 
5.838384e-02 9.889410e+03 1.162568e+04 
6.140404e-02 9.493930e+03 1.116739e+04 
6.442424e-02 9.107406e+03 1.072784e+04 
6.744444e-02 8.724302e+03 1.030708e+04 
7.046465e-02 8.343966e+03 9.904899e+03 
7.348485e-02 7.968399e+03 9.520891e+03 
7.650505e-02 7.601647e+03 9.154526e+03 
7.952525e-02 7.249237e+03 8.805184e+03 
8.254545e-02 6.916267e+03 8.472194e+03 
8.556566e-02 6.605947e+03 8.154856e+03 
8.858586e-02 6.319235e+03 7.852457e+03 
9.160606e-02 6.055536e+03 7.564289e+03 
9.462626e-02 5.813821e+03 7.289653e+03 
9.764646e-02 5.592902e+03 7.027870e+03 
1.006667e-01 5.391414e+03 6.778282e+03 
1.036869e-01 5.207190e+03 6.540258e+03 
1.067071e-01 5.037261e+03 6.313191e+03 
1.097273e-01 4.877544e+03 6.096507e+03 
1.127475e-01 4.724108e+03 5.889656e+03 
1.157677e-01 4.574083e+03 5.692119e+03 
1.187879e-01 4.425357e+03 5.503401e+03 
1.218081e-01 4.277654e+03 5.323039e+03 
1.248283e-01 4.131273e+03 5.150590e+03 
1.278485e-01 3.987210e+03 4.985639e+03 
1.308687e-01 3.846600e+03 4.827795e+03 
1.338889e-01 3.710506e+03 4.676687e+03 
1.369091e-01 3.579932e+03 4.531966e+03 
1.399293e-01 3.455697e+03 4.393305e+03 
1.429495e-01 3.338468e+03 4.260393e+03 
1.459697e-01 3.228436e+03 4.132939e+03 
1.489899e-01 3.125604e+03 4.010667e+03 
1.520101e-01 3.029708e+03 3.893319e+03 
1.550303e-01 2.940360e+03 3.780649e+03 
1.580505e-01 2.856954e+03 3.672428e+03 
1.610707e-01 2.778774e+03 3.568437e+03 
1.640909e-01 2.704844e+03 3.468473e+03 
1.671111e-01 2.634125e+03 3.372340e+03 
1.701313e-01 2.565731e+03 3.279858e+03 
1.731515e-01 2.498893e+03 3.190852e+03 
1.761717e-01 2.433258e+03 3.105160e+03 
1.791919e-01 2.368671e+03 3.022628e+03 
1.822121e-01 2.305207e+03 2.943111e+03 
1.852323e-01 2.243030e+03 2.866470e+03 
1.882525e-01 2.182269e+03 2.792575e+03 
1.912727e-01 2.123043e+03 2.721303e+03 
1.942929e-01 2.065549e+03 2.652537e+03 
1.973131e-01 2.010027e+03 2.586166e+03 
2.003333e-01 1.956742e+03 2.522086e+03 
2.033535e-01 1.905947e+03 2.460197e+03 
2.063737e-01 1.857692e+03 2.400405e+03 
2.093939e-01 1.811894e+03 2.342620e+03 
2.124141e-01 1.768327e+03 2.286757e+03 
2.154343e-01 1.726688e+03 2.232736e+03 
2.184545e-01 1.686751e+03 2.180481e+03 
2.214747e-01 1.648346e+03 2.129917e+03 
2.244949e-01 1.611313e+03 2.080977e+03 
2.275152e-01 1.575502e+03 2.033593e+03 
2.305354e-01 1.540731e+03 1.987705e+03 
2.335556e-01 1.506803e+03 1.943251e+03 
2.365758e-01 1.473607e+03 1.900176e+03 
2.395960e-01 1.441109e+03 1.858424e+03 
2.426162e-01 1.409321e+03 1.817946e+03 
2.456364e-01 1.378290e+03 1.778690e+03 
2.486566e-01 1.348061e+03 1.740611e+03 
2.516768e-01 1.318673e+03 1.703664e+03 
2.546970e-01 1.290138e+03 1.667806e+03 
2.577172e-01 1.262449e+03 1.632996e+03 
2.607374e-01 1.235612e+03 1.599196e+03 
2.637576e-01 1.209655e+03 1.566368e+03 
2.667778e-01 1.184593e+03 1.534477e+03 
2.697980e-01 1.160434e+03 1.503489e+03 
2.728182e-01 1.137145e+03 1.473371e+03 
2.758384e-01 1.114648e+03 1.444092e+03 
2.788586e-01 1.092855e+03 1.415623e+03 
2.818788e-01 1.071674e+03 1.387935e+03 
2.848990e-01 1.051038e+03 1.361001e+03 
2.879192e-01 1.030921e+03 1.334794e+03 
2.909394e-01 1.011307e+03 1.309290e+03 
2.939596e-01 9.921829e+02 1.284465e+03 
2.969798e-01 9.735331e+02 1.260295e+03 
3.000000e-01 9.553344e+02 1.236759e+03 
