1.000000e-03 1.025602e+04 1.025601e+04 
4.020202e-03 3.393915e+04 3.421599e+04 
7.040404e-03 4.918739e+04 4.963318e+04 
1.006061e-02 5.815216e+04 5.886295e+04 
1.308081e-02 6.235570e+04 6.349696e+04 
1.610101e-02 6.292063e+04 6.438914e+04 
1.912121e-02 6.076050e+04 6.210006e+04 
2.214141e-02 5.667545e+04 5.734060e+04 
2.516162e-02 5.137594e+04 5.112771e+04 
2.818182e-02 4.547800e+04 4.455056e+04 
3.120202e-02 3.948636e+04 3.842237e+04 
3.422222e-02 3.378457e+04 3.314050e+04 
3.724242e-02 2.863279e+04 2.877564e+04 
4.026263e-02 2.418029e+04 2.522959e+04 
4.328283e-02 2.046823e+04 2.235183e+04 
4.630303e-02 1.748767e+04 1.999755e+04 
4.932323e-02 1.519255e+04 1.804744e+04 
5.234343e-02 1.349233e+04 1.640959e+04 
5.536364e-02 1.228857e+04 1.501512e+04 
5.838384e-02 1.148474e+04 1.381288e+04 
6.140404e-02 1.099001e+04 1.276476e+04 
6.442424e-02 1.072255e+04 1.184209e+04 
6.744444e-02 1.061094e+04 1.102302e+04 
7.046465e-02 1.058969e+04 1.029069e+04 
7.348485e-02 1.059604e+04 9.631830e+03 
7.650505e-02 1.057208e+04 9.035911e+03 
7.952525e-02 1.046910e+04 8.494414e+03 
8.254545e-02 1.025231e+04 8.000369e+03 
8.556566e-02 9.905249e+03 7.548005e+03 
8.858586e-02 9.429377e+03 7.132489e+03 
9.160606e-02 8.841903e+03 6.749731e+03 
9.462626e-02 8.170774e+03 6.396245e+03 
9.764646e-02 7.450846e+03 6.069028e+03 
1.006667e-01 6.718967e+03 5.765481e+03 
1.036869e-01 6.009509e+03 5.483338e+03 
1.067071e-01 5.351497e+03 5.220611e+03 
1.097273e-01 4.766835e+03 4.975549e+03 
1.127475e-01 4.268541e+03 4.746601e+03 
1.157677e-01 3.862845e+03 4.532388e+03 
1.187879e-01 3.548555e+03 4.331680e+03 
1.218081e-01 3.320658e+03 4.143375e+03 
1.248283e-01 3.170651e+03 3.966485e+03 
1.278485e-01 3.088323e+03 3.800117e+03 
1.308687e-01 3.062221e+03 3.643466e+03 
1.338889e-01 3.079960e+03 3.495803e+03 
1.369091e-01 3.128625e+03 3.356466e+03 
1.399293e-01 3.194792e+03 3.224855e+03 
1.429495e-01 3.265030e+03 3.100419e+03 
1.459697e-01 3.326117e+03 2.982660e+03 
1.489899e-01 3.366004e+03 2.871118e+03 
1.520101e-01 3.374216e+03 2.765374e+03 
1.550303e-01 3.343609e+03 2.665043e+03 
1.580505e-01 3.270704e+03 2.569772e+03 
1.610707e-01 3.156587e+03 2.479234e+03 
1.640909e-01 3.006673e+03 2.393130e+03 
1.671111e-01 2.829380e+03 2.311182e+03 
1.701313e-01 2.635043e+03 2.233134e+03 
1.731515e-01 2.434154e+03 2.158750e+03 
1.761717e-01 2.236428e+03 2.087811e+03 
1.791919e-01 2.049936e+03 2.020112e+03 
1.822121e-01 1.881078e+03 1.955466e+03 
1.852323e-01 1.734222e+03 1.893696e+03 
1.882525e-01 1.612278e+03 1.834640e+03 
1.912727e-01 1.516349e+03 1.778144e+03 
1.942929e-01 1.446207e+03 1.724069e+03 
1.973131e-01 1.400317e+03 1.672281e+03 
2.003333e-01 1.376139e+03 1.622658e+03 
2.033535e-01 1.370478e+03 1.575083e+03 
2.063737e-01 1.379548e+03 1.529448e+03 
2.093939e-01 1.399283e+03 1.485654e+03 
2.124141e-01 1.425384e+03 1.443605e+03 
2.154343e-01 1.453465e+03 1.403213e+03 
2.184545e-01 1.479143e+03 1.364393e+03 
2.214747e-01 1.498290e+03 1.327069e+03 
2.244949e-01 1.507289e+03 1.291166e+03 
2.275152e-01 1.503474e+03 1.256616e+03 
2.305354e-01 1.485394e+03 1.223353e+03 
2.335556e-01 1.452837e+03 1.191316e+03 
2.365758e-01 1.407013e+03 1.160448e+03 
2.395960e-01 1.350005e+03 1.130694e+03 
2.426162e-01 1.284716e+03 1.102002e+03 
2.456364e-01 1.214341e+03 1.074325e+03 
2.486566e-01 1.142238e+03 1.047616e+03 
2.516768e-01 1.071512e+03 1.021833e+03 
2.546970e-01 1.004968e+03 9.969332e+02 
2.577172e-01 9.448147e+02 9.728793e+02 
2.607374e-01 8.927072e+02 9.496342e+02 
2.637576e-01 8.495629e+02 9.271631e+02 
2.667778e-01 8.156965e+02 9.054331e+02 
2.697980e-01 7.909266e+02 8.844130e+02 
2.728182e-01 7.746223e+02 8.640731e+02 
2.758384e-01 7.658952e+02 8.443853e+02 
2.788586e-01 7.636052e+02 8.253229e+02 
2.818788e-01 7.664359e+02 8.068605e+02 
2.848990e-01 7.729064e+02 7.889738e+02 
2.879192e-01 7.813930e+02 7.716401e+02 
2.909394e-01 7.902087e+02 7.548373e+02 
2.939596e-01 7.976736e+02 7.385447e+02 
2.969798e-01 8.022893e+02 7.227425e+02 
3.000000e-01 8.028444e+02 7.074119e+02 
