1.000000e-03 1.118803e+04 1.118802e+04 
4.020202e-03 3.827773e+04 3.858611e+04 
7.040404e-03 5.639883e+04 5.691759e+04 
1.006061e-02 6.745363e+04 6.832639e+04 
1.308081e-02 7.296538e+04 7.443150e+04 
1.610101e-02 7.411792e+04 7.609940e+04 
1.912121e-02 7.192024e+04 7.386567e+04 
2.214141e-02 6.728819e+04 6.844321e+04 
2.516162e-02 6.106308e+04 6.097023e+04 
2.818182e-02 5.399052e+04 5.279409e+04 
3.120202e-02 4.670030e+04 4.502412e+04 
3.422222e-02 3.968332e+04 3.827264e+04 
3.724242e-02 3.328560e+04 3.270394e+04 
4.026263e-02 2.771309e+04 2.822308e+04 
4.328283e-02 2.304512e+04 2.463994e+04 
4.630303e-02 1.927515e+04 2.175981e+04 
4.932323e-02 1.634622e+04 1.941831e+04 
5.234343e-02 1.416503e+04 1.748775e+04 
5.536364e-02 1.260359e+04 1.587256e+04 
5.838384e-02 1.154923e+04 1.450216e+04 
6.140404e-02 1.089936e+04 1.332452e+04 
6.442424e-02 1.055339e+04 1.230096e+04 
6.744444e-02 1.042978e+04 1.140246e+04 
7.046465e-02 1.045404e+04 1.060691e+04 
7.348485e-02 1.055464e+04 9.897269e+03 
7.650505e-02 1.066356e+04 9.260163e+03 
7.952525e-02 1.071869e+04 8.684979e+03 
8.254545e-02 1.066955e+04 8.163162e+03 
8.556566e-02 1.048104e+04 7.687735e+03 
8.858586e-02 1.013692e+04 7.252937e+03 
9.160606e-02 9.642217e+03 6.853960e+03 
9.462626e-02 9.015694e+03 6.486751e+03 
9.764646e-02 8.291617e+03 6.147864e+03 
1.006667e-01 7.510334e+03 5.834345e+03 
1.036869e-01 6.715353e+03 5.543642e+03 
1.067071e-01 5.945986e+03 5.273538e+03 
1.097273e-01 5.235680e+03 5.022095e+03 
1.127475e-01 4.607178e+03 4.787608e+03 
1.157677e-01 4.074538e+03 4.568572e+03 
1.187879e-01 3.643320e+03 4.363652e+03 
1.218081e-01 3.311814e+03 4.171659e+03 
1.248283e-01 3.074095e+03 3.991532e+03 
1.278485e-01 2.921204e+03 3.822315e+03 
1.308687e-01 2.842755e+03 3.663153e+03 
1.338889e-01 2.827211e+03 3.513273e+03 
1.369091e-01 2.862316e+03 3.371974e+03 
1.399293e-01 2.935193e+03 3.238623e+03 
1.429495e-01 3.032037e+03 3.112644e+03 
1.459697e-01 3.138540e+03 2.993512e+03 
1.489899e-01 3.240008e+03 2.880749e+03 
1.520101e-01 3.322224e+03 2.773918e+03 
1.550303e-01 3.372063e+03 2.672617e+03 
1.580505e-01 3.379544e+03 2.576481e+03 
1.610707e-01 3.338446e+03 2.485170e+03 
1.640909e-01 3.247721e+03 2.398375e+03 
1.671111e-01 3.111439e+03 2.315810e+03 
1.701313e-01 2.937600e+03 2.237210e+03 
1.731515e-01 2.737321e+03 2.162332e+03 
1.761717e-01 2.522465e+03 2.090950e+03 
1.791919e-01 2.304568e+03 2.022856e+03 
1.822121e-01 2.093721e+03 1.957856e+03 
1.852323e-01 1.898447e+03 1.895769e+03 
1.882525e-01 1.724917e+03 1.836429e+03 
1.912727e-01 1.577524e+03 1.779680e+03 
1.942929e-01 1.458469e+03 1.725379e+03 
1.973131e-01 1.368290e+03 1.673389e+03 
2.003333e-01 1.306066e+03 1.623585e+03 
2.033535e-01 1.269633e+03 1.575849e+03 
2.063737e-01 1.256122e+03 1.530072e+03 
2.093939e-01 1.262072e+03 1.486150e+03 
2.124141e-01 1.283668e+03 1.443989e+03 
2.154343e-01 1.316768e+03 1.403496e+03 
2.184545e-01 1.356838e+03 1.364589e+03 
2.214747e-01 1.399100e+03 1.327187e+03 
2.244949e-01 1.438562e+03 1.291217e+03 
2.275152e-01 1.470464e+03 1.256607e+03 
2.305354e-01 1.490502e+03 1.223292e+03 
2.335556e-01 1.495564e+03 1.191211e+03 
2.365758e-01 1.483676e+03 1.160304e+03 
2.395960e-01 1.454627e+03 1.130518e+03 
2.426162e-01 1.409482e+03 1.101799e+03 
2.456364e-01 1.350618e+03 1.074099e+03 
2.486566e-01 1.281249e+03 1.047371e+03 
2.516768e-01 1.205087e+03 1.021573e+03 
2.546970e-01 1.126064e+03 9.966615e+02 
2.577172e-01 1.047913e+03 9.725990e+02 
2.607374e-01 9.739321e+02 9.493481e+02 
2.637576e-01 9.067387e+02 9.268736e+02 
2.667778e-01 8.483157e+02 9.051424e+02 
2.697980e-01 7.997681e+02 8.841231e+02 
2.728182e-01 7.616201e+02 8.637857e+02 
2.758384e-01 7.337677e+02 8.441019e+02 
2.788586e-01 7.157134e+02 8.250449e+02 
2.818788e-01 7.066490e+02 8.065890e+02 
2.848990e-01 7.054745e+02 7.887101e+02 
2.879192e-01 7.108862e+02 7.713849e+02 
2.909394e-01 7.213424e+02 7.545916e+02 
2.939596e-01 7.351111e+02 7.383092e+02 
2.969798e-01 7.503082e+02 7.225178e+02 
3.000000e-01 7.649979e+02 7.071984e+02 
