1.000000e-03 3.784134e+03 3.784131e+03 
4.020202e-03 1.274263e+04 1.284292e+04 
7.040404e-03 1.875125e+04 1.889193e+04 
1.006061e-02 2.252614e+04 2.268974e+04 
1.308081e-02 2.460662e+04 2.480217e+04 
1.610101e-02 2.539595e+04 2.558023e+04 
1.912121e-02 2.521887e+04 2.530068e+04 
2.214141e-02 2.434982e+04 2.427683e+04 
2.516162e-02 2.302479e+04 2.284901e+04 
2.818182e-02 2.144351e+04 2.129854e+04 
3.120202e-02 1.976763e+04 1.979601e+04 
3.422222e-02 1.812012e+04 1.841513e+04 
3.724242e-02 1.658628e+04 1.717227e+04 
4.026263e-02 1.522049e+04 1.605863e+04 
4.328283e-02 1.404389e+04 1.505782e+04 
4.630303e-02 1.305552e+04 1.415332e+04 
4.932323e-02 1.225965e+04 1.333093e+04 
5.234343e-02 1.163158e+04 1.257909e+04 
5.536364e-02 1.113104e+04 1.188853e+04 
5.838384e-02 1.072605e+04 1.125180e+04 
6.140404e-02 1.038907e+04 1.066280e+04 
6.442424e-02 1.009142e+04 1.011651e+04 
6.744444e-02 9.802883e+03 9.608680e+03 
7.046465e-02 9.501398e+03 9.135689e+03 
7.348485e-02 9.171752e+03 8.694396e+03 
7.650505e-02 8.805629e+03 8.282051e+03 
7.952525e-02 8.403083e+03 7.896224e+03 
8.254545e-02 7.970783e+03 7.534750e+03 
8.556566e-02 7.519662e+03 7.195692e+03 
8.858586e-02 7.062785e+03 6.877305e+03 
9.160606e-02 6.613303e+03 6.578011e+03 
9.462626e-02 6.183450e+03 6.296382e+03 
9.764646e-02 5.784217e+03 6.031118e+03 
1.006667e-01 5.424239e+03 5.781034e+03 
1.036869e-01 5.109939e+03 5.545047e+03 
1.067071e-01 4.843787e+03 5.322169e+03 
1.097273e-01 4.625478e+03 5.111493e+03 
1.127475e-01 4.450758e+03 4.912185e+03 
1.157677e-01 4.313478e+03 4.723481e+03 
1.187879e-01 4.205708e+03 4.544677e+03 
1.218081e-01 4.119296e+03 4.375124e+03 
1.248283e-01 4.046123e+03 4.214225e+03 
1.278485e-01 3.978732e+03 4.061428e+03 
1.308687e-01 3.910307e+03 3.916221e+03 
1.338889e-01 3.835264e+03 3.778132e+03 
1.369091e-01 3.749313e+03 3.646725e+03 
1.399293e-01 3.650061e+03 3.521594e+03 
1.429495e-01 3.536956e+03 3.402363e+03 
1.459697e-01 3.411187e+03 3.288682e+03 
1.489899e-01 3.275471e+03 3.180227e+03 
1.520101e-01 3.133418e+03 3.076696e+03 
1.550303e-01 2.989221e+03 2.977807e+03 
1.580505e-01 2.847133e+03 2.883298e+03 
1.610707e-01 2.711184e+03 2.792925e+03 
1.640909e-01 2.584836e+03 2.706460e+03 
1.671111e-01 2.470831e+03 2.623690e+03 
1.701313e-01 2.370738e+03 2.544415e+03 
1.731515e-01 2.285196e+03 2.468449e+03 
1.761717e-01 2.213666e+03 2.395618e+03 
1.791919e-01 2.154976e+03 2.325758e+03 
1.822121e-01 2.107273e+03 2.258716e+03 
1.852323e-01 2.068416e+03 2.194348e+03 
1.882525e-01 2.036008e+03 2.132520e+03 
1.912727e-01 2.007595e+03 2.073104e+03 
1.942929e-01 1.980720e+03 2.015981e+03 
1.973131e-01 1.953147e+03 1.961039e+03 
2.003333e-01 1.922912e+03 1.908173e+03 
2.033535e-01 1.888665e+03 1.857283e+03 
2.063737e-01 1.849593e+03 1.808275e+03 
2.093939e-01 1.805603e+03 1.761062e+03 
2.124141e-01 1.757126e+03 1.715559e+03 
2.154343e-01 1.705039e+03 1.671689e+03 
2.184545e-01 1.650514e+03 1.629376e+03 
2.214747e-01 1.594875e+03 1.588551e+03 
2.244949e-01 1.539514e+03 1.549146e+03 
2.275152e-01 1.485782e+03 1.511100e+03 
2.305354e-01 1.434899e+03 1.474353e+03 
2.335556e-01 1.387826e+03 1.438848e+03 
2.365758e-01 1.345224e+03 1.404532e+03 
2.395960e-01 1.307388e+03 1.371354e+03 
2.426162e-01 1.274346e+03 1.339266e+03 
2.456364e-01 1.245817e+03 1.308223e+03 
2.486566e-01 1.221353e+03 1.278182e+03 
2.516768e-01 1.200315e+03 1.249100e+03 
2.546970e-01 1.181958e+03 1.220940e+03 
2.577172e-01 1.165435e+03 1.193663e+03 
2.607374e-01 1.149882e+03 1.167236e+03 
2.637576e-01 1.134445e+03 1.141623e+03 
2.667778e-01 1.118408e+03 1.116793e+03 
2.697980e-01 1.101197e+03 1.092715e+03 
2.728182e-01 1.082517e+03 1.069361e+03 
2.758384e-01 1.062253e+03 1.046702e+03 
2.788586e-01 1.040499e+03 1.024713e+03 
2.818788e-01 1.017473e+03 1.003367e+03 
2.848990e-01 9.934924e+02 9.826416e+02 
2.879192e-01 9.689381e+02 9.625130e+02 
2.909394e-01 9.442252e+02 9.429594e+02 
2.939596e-01 9.198031e+02 9.239598e+02 
2.969798e-01 8.961122e+02 9.054941e+02 
3.000000e-01 8.735590e+02 8.875433e+02 
