1.000000e-03 2.346875e+03 2.346873e+03 
4.020202e-03 7.893678e+03 7.956413e+03 
7.040404e-03 1.160289e+04 1.167222e+04 
1.006061e-02 1.396948e+04 1.399780e+04 
1.308081e-02 1.536421e+04 1.533125e+04 
1.610101e-02 1.605311e+04 1.594961e+04 
1.912121e-02 1.623420e+04 1.606930e+04 
2.214141e-02 1.606012e+04 1.587068e+04 
2.516162e-02 1.565087e+04 1.548827e+04 
2.818182e-02 1.509948e+04 1.500759e+04 
3.120202e-02 1.447648e+04 1.447786e+04 
3.422222e-02 1.383224e+04 1.392686e+04 
3.724242e-02 1.320090e+04 1.337096e+04 
4.026263e-02 1.260207e+04 1.282026e+04 
4.328283e-02 1.203624e+04 1.228126e+04 
4.630303e-02 1.151849e+04 1.175814e+04 
4.932323e-02 1.104929e+04 1.125356e+04 
5.234343e-02 1.060696e+04 1.076908e+04 
5.536364e-02 1.018235e+04 1.030549e+04 
5.838384e-02 9.772128e+03 9.863035e+03 
6.140404e-02 9.374940e+03 9.441568e+03 
6.442424e-02 8.987316e+03 9.040665e+03 
6.744444e-02 8.604912e+03 8.659715e+03 
7.046465e-02 8.227353e+03 8.297985e+03 
7.348485e-02 7.856811e+03 7.954668e+03 
7.650505e-02 7.497791e+03 7.628914e+03 
7.952525e-02 7.155434e+03 7.319860e+03 
8.254545e-02 6.834369e+03 7.026644e+03 
8.556566e-02 6.536364e+03 6.748421e+03 
8.858586e-02 6.261448e+03 6.484371e+03 
9.160606e-02 6.008179e+03 6.233704e+03 
9.462626e-02 5.775066e+03 5.995664e+03 
9.764646e-02 5.560663e+03 5.769531e+03 
1.006667e-01 5.363543e+03 5.554624e+03 
1.036869e-01 5.181534e+03 5.350296e+03 
1.067071e-01 5.011567e+03 5.155940e+03 
1.097273e-01 4.850107e+03 4.970982e+03 
1.127475e-01 4.693619e+03 4.794882e+03 
1.157677e-01 4.539986e+03 4.627136e+03 
1.187879e-01 4.387924e+03 4.467266e+03 
1.218081e-01 4.237588e+03 4.314828e+03 
1.248283e-01 4.089892e+03 4.169403e+03 
1.278485e-01 3.945913e+03 4.030599e+03 
1.308687e-01 3.806795e+03 3.898049e+03 
1.338889e-01 3.673423e+03 3.771407e+03 
1.369091e-01 3.546502e+03 3.650352e+03 
1.399293e-01 3.426461e+03 3.534579e+03 
1.429495e-01 3.313524e+03 3.423805e+03 
1.459697e-01 3.207609e+03 3.317763e+03 
1.489899e-01 3.108403e+03 3.216204e+03 
1.520101e-01 3.015504e+03 3.118891e+03 
1.550303e-01 2.928436e+03 3.025605e+03 
1.580505e-01 2.846544e+03 2.936139e+03 
1.610707e-01 2.769022e+03 2.850298e+03 
1.640909e-01 2.694972e+03 2.767898e+03 
1.671111e-01 2.623429e+03 2.688767e+03 
1.701313e-01 2.553699e+03 2.612744e+03 
1.731515e-01 2.485386e+03 2.539675e+03 
1.761717e-01 2.418362e+03 2.469416e+03 
1.791919e-01 2.352785e+03 2.401833e+03 
1.822121e-01 2.288811e+03 2.336797e+03 
1.852323e-01 2.226571e+03 2.274188e+03 
1.882525e-01 2.166164e+03 2.213892e+03 
1.912727e-01 2.107640e+03 2.155801e+03 
1.942929e-01 2.051128e+03 2.099814e+03 
1.973131e-01 1.996874e+03 2.045835e+03 
2.003333e-01 1.945062e+03 1.993773e+03 
2.033535e-01 1.895757e+03 1.943543e+03 
2.063737e-01 1.848901e+03 1.895062e+03 
2.093939e-01 1.804231e+03 1.848254e+03 
2.124141e-01 1.761472e+03 1.803047e+03 
2.154343e-01 1.720353e+03 1.759370e+03 
2.184545e-01 1.680660e+03 1.717159e+03 
2.214747e-01 1.642294e+03 1.676351e+03 
2.244949e-01 1.605151e+03 1.636887e+03 
2.275152e-01 1.569094e+03 1.598711e+03 
2.305354e-01 1.533991e+03 1.561770e+03 
2.335556e-01 1.499742e+03 1.526013e+03 
2.365758e-01 1.466282e+03 1.491392e+03 
2.395960e-01 1.433631e+03 1.457861e+03 
2.426162e-01 1.401824e+03 1.425378e+03 
2.456364e-01 1.370903e+03 1.393899e+03 
2.486566e-01 1.340901e+03 1.363386e+03 
2.516768e-01 1.311820e+03 1.333802e+03 
2.546970e-01 1.283655e+03 1.305110e+03 
2.577172e-01 1.256386e+03 1.277275e+03 
2.607374e-01 1.229997e+03 1.250267e+03 
2.637576e-01 1.204485e+03 1.224052e+03 
2.667778e-01 1.179839e+03 1.198603e+03 
2.697980e-01 1.156020e+03 1.173889e+03 
2.728182e-01 1.132972e+03 1.149885e+03 
2.758384e-01 1.110620e+03 1.126564e+03 
2.788586e-01 1.088888e+03 1.103901e+03 
2.818788e-01 1.067725e+03 1.081874e+03 
2.848990e-01 1.047089e+03 1.060458e+03 
2.879192e-01 1.026961e+03 1.039633e+03 
2.909394e-01 1.007332e+03 1.019378e+03 
2.939596e-01 9.881938e+02 9.996728e+02 
2.969798e-01 9.695409e+02 9.804984e+02 
3.000000e-01 9.513583e+02 9.618366e+02 
