1.000000e-03 5.042084e+03 5.042080e+03 
4.020202e-03 1.710894e+04 1.724596e+04 
7.040404e-03 2.517854e+04 2.538421e+04 
1.006061e-02 3.017985e+04 3.045776e+04 
1.308081e-02 3.283075e+04 3.322062e+04 
1.610101e-02 3.367540e+04 3.411839e+04 
1.912121e-02 3.315681e+04 3.348232e+04 
2.214141e-02 3.166025e+04 3.171178e+04 
2.516162e-02 2.952068e+04 2.929886e+04 
2.818182e-02 2.702853e+04 2.670211e+04 
3.120202e-02 2.442123e+04 2.422772e+04 
3.422222e-02 2.188083e+04 2.201560e+04 
3.724242e-02 1.953454e+04 2.009401e+04 
4.026263e-02 1.746273e+04 1.843819e+04 
4.328283e-02 1.569484e+04 1.700714e+04 
4.630303e-02 1.423392e+04 1.576043e+04 
4.932323e-02 1.308086e+04 1.466390e+04 
5.234343e-02 1.219768e+04 1.369041e+04 
5.536364e-02 1.153486e+04 1.281886e+04 
5.838384e-02 1.104768e+04 1.203290e+04 
6.140404e-02 1.069263e+04 1.131976e+04 
6.442424e-02 1.042455e+04 1.066935e+04 
6.744444e-02 1.020017e+04 1.007357e+04 
7.046465e-02 9.983755e+03 9.525814e+03 
7.348485e-02 9.745506e+03 9.020609e+03 
7.650505e-02 9.462961e+03 8.553372e+03 
7.952525e-02 9.122698e+03 8.120204e+03 
8.254545e-02 8.721771e+03 7.717760e+03 
8.556566e-02 8.265948e+03 7.343137e+03 
8.858586e-02 7.767809e+03 6.993800e+03 
9.160606e-02 7.244602e+03 6.667516e+03 
9.462626e-02 6.715645e+03 6.362308e+03 
9.764646e-02 6.200397e+03 6.076419e+03 
1.006667e-01 5.716274e+03 5.808274e+03 
1.036869e-01 5.277683e+03 5.556463e+03 
1.067071e-01 4.894313e+03 5.319714e+03 
1.097273e-01 4.571180e+03 5.096877e+03 
1.127475e-01 4.308991e+03 4.886913e+03 
1.157677e-01 4.104504e+03 4.688877e+03 
1.187879e-01 3.952155e+03 4.501908e+03 
1.218081e-01 3.844372e+03 4.325222e+03 
1.248283e-01 3.772612e+03 4.158102e+03 
1.278485e-01 3.727408e+03 3.999892e+03 
1.308687e-01 3.698864e+03 3.849990e+03 
1.338889e-01 3.676911e+03 3.707844e+03 
1.369091e-01 3.652359e+03 3.572946e+03 
1.399293e-01 3.617081e+03 3.444828e+03 
1.429495e-01 3.565209e+03 3.323059e+03 
1.459697e-01 3.492900e+03 3.207240e+03 
1.489899e-01 3.398938e+03 3.097003e+03 
1.520101e-01 3.284116e+03 2.992007e+03 
1.550303e-01 3.150960e+03 2.891937e+03 
1.580505e-01 3.003770e+03 2.796500e+03 
1.610707e-01 2.847864e+03 2.705425e+03 
1.640909e-01 2.689491e+03 2.618458e+03 
1.671111e-01 2.534761e+03 2.535364e+03 
1.701313e-01 2.389210e+03 2.455925e+03 
1.731515e-01 2.257081e+03 2.379937e+03 
1.761717e-01 2.141354e+03 2.307210e+03 
1.791919e-01 2.043263e+03 2.237566e+03 
1.822121e-01 1.963013e+03 2.170839e+03 
1.852323e-01 1.899784e+03 2.106875e+03 
1.882525e-01 1.852192e+03 2.045527e+03 
1.912727e-01 1.818273e+03 1.986660e+03 
1.942929e-01 1.795560e+03 1.930147e+03 
1.973131e-01 1.781182e+03 1.875867e+03 
2.003333e-01 1.771903e+03 1.823709e+03 
2.033535e-01 1.764406e+03 1.773567e+03 
2.063737e-01 1.755524e+03 1.725342e+03 
2.093939e-01 1.742558e+03 1.678940e+03 
2.124141e-01 1.723495e+03 1.634275e+03 
2.154343e-01 1.697134e+03 1.591263e+03 
2.184545e-01 1.662973e+03 1.549827e+03 
2.214747e-01 1.621324e+03 1.509892e+03 
2.244949e-01 1.572995e+03 1.471390e+03 
2.275152e-01 1.519361e+03 1.434255e+03 
2.305354e-01 1.462106e+03 1.398426e+03 
2.335556e-01 1.403190e+03 1.363843e+03 
2.365758e-01 1.344582e+03 1.330452e+03 
2.395960e-01 1.288172e+03 1.298200e+03 
2.426162e-01 1.235516e+03 1.267038e+03 
2.456364e-01 1.187875e+03 1.236918e+03 
2.486566e-01 1.146049e+03 1.207797e+03 
2.516768e-01 1.110458e+03 1.179631e+03 
2.546970e-01 1.081104e+03 1.152382e+03 
2.577172e-01 1.057644e+03 1.126010e+03 
2.607374e-01 1.039472e+03 1.100480e+03 
2.637576e-01 1.025711e+03 1.075758e+03 
2.667778e-01 1.015345e+03 1.051810e+03 
2.697980e-01 1.007236e+03 1.028607e+03 
2.728182e-01 1.000252e+03 1.006118e+03 
2.758384e-01 9.933054e+02 9.843148e+02 
2.788586e-01 9.854356e+02 9.631714e+02 
2.818788e-01 9.758167e+02 9.426620e+02 
2.848990e-01 9.638980e+02 9.227624e+02 
2.879192e-01 9.493235e+02 9.034493e+02 
2.909394e-01 9.320008e+02 8.847007e+02 
2.939596e-01 9.120689e+02 8.664955e+02 
2.969798e-01 8.899106e+02 8.488135e+02 
3.000000e-01 8.660618e+02 8.316355e+02 
