1.000000e-03 2.261105e+03 2.261103e+03 
4.020202e-03 7.573939e+03 7.589451e+03 
7.040404e-03 1.110669e+04 1.104083e+04 
1.006061e-02 1.335835e+04 1.316334e+04 
1.308081e-02 1.469743e+04 1.438919e+04 
1.610101e-02 1.538279e+04 1.501305e+04 
1.912121e-02 1.560215e+04 1.523289e+04 
2.214141e-02 1.549615e+04 1.518242e+04 
2.516162e-02 1.517259e+04 1.495249e+04 
2.818182e-02 1.471203e+04 1.460530e+04 
3.120202e-02 1.417627e+04 1.418373e+04 
3.422222e-02 1.360772e+04 1.371755e+04 
3.724242e-02 1.303622e+04 1.322751e+04 
4.026263e-02 1.248029e+04 1.272803e+04 
4.328283e-02 1.194053e+04 1.222912e+04 
4.630303e-02 1.143121e+04 1.173764e+04 
4.932323e-02 1.095984e+04 1.125823e+04 
5.234343e-02 1.050796e+04 1.079389e+04 
5.536364e-02 1.006987e+04 1.034651e+04 
5.838384e-02 9.647509e+03 9.917148e+03 
6.140404e-02 9.240711e+03 9.506260e+03 
6.442424e-02 8.848387e+03 9.113902e+03 
6.744444e-02 8.468640e+03 8.739833e+03 
7.046465e-02 8.100808e+03 8.383614e+03 
7.348485e-02 7.746400e+03 8.044671e+03 
7.650505e-02 7.407944e+03 7.722343e+03 
7.952525e-02 7.088670e+03 7.415920e+03 
8.254545e-02 6.790191e+03 7.124669e+03 
8.556566e-02 6.512747e+03 6.847849e+03 
8.858586e-02 6.254591e+03 6.584727e+03 
9.160606e-02 6.013330e+03 6.334586e+03 
9.462626e-02 5.787250e+03 6.096733e+03 
9.764646e-02 5.575015e+03 5.870500e+03 
1.006667e-01 5.375789e+03 5.655250e+03 
1.036869e-01 5.188335e+03 5.450375e+03 
1.067071e-01 5.010656e+03 5.255298e+03 
1.097273e-01 4.840605e+03 5.069475e+03 
1.127475e-01 4.676036e+03 4.892391e+03 
1.157677e-01 4.515831e+03 4.723558e+03 
1.187879e-01 4.359669e+03 4.562521e+03 
1.218081e-01 4.208085e+03 4.408847e+03 
1.248283e-01 4.061946e+03 4.262132e+03 
1.278485e-01 3.921903e+03 4.121995e+03 
1.308687e-01 3.788415e+03 3.988079e+03 
1.338889e-01 3.661738e+03 3.860047e+03 
1.369091e-01 3.541772e+03 3.737584e+03 
1.399293e-01 3.428331e+03 3.620393e+03 
1.429495e-01 3.321012e+03 3.508195e+03 
1.459697e-01 3.219358e+03 3.400728e+03 
1.489899e-01 3.122887e+03 3.297747e+03 
1.520101e-01 3.031102e+03 3.199019e+03 
1.550303e-01 2.943563e+03 3.104328e+03 
1.580505e-01 2.859896e+03 3.013468e+03 
1.610707e-01 2.779686e+03 2.926247e+03 
1.640909e-01 2.702421e+03 2.842483e+03 
1.671111e-01 2.627622e+03 2.762007e+03 
1.701313e-01 2.555059e+03 2.684656e+03 
1.731515e-01 2.484594e+03 2.610279e+03 
1.761717e-01 2.416273e+03 2.538733e+03 
1.791919e-01 2.350268e+03 2.469884e+03 
1.822121e-01 2.286663e+03 2.403604e+03 
1.852323e-01 2.225415e+03 2.339772e+03 
1.882525e-01 2.166464e+03 2.278275e+03 
1.912727e-01 2.109732e+03 2.219007e+03 
1.942929e-01 2.055148e+03 2.161864e+03 
1.973131e-01 2.002712e+03 2.106753e+03 
2.003333e-01 1.952449e+03 2.053580e+03 
2.033535e-01 1.904273e+03 2.002261e+03 
2.063737e-01 1.857997e+03 1.952715e+03 
2.093939e-01 1.813422e+03 1.904863e+03 
2.124141e-01 1.770345e+03 1.858633e+03 
2.154343e-01 1.728591e+03 1.813955e+03 
2.184545e-01 1.688117e+03 1.770764e+03 
2.214747e-01 1.648913e+03 1.728996e+03 
2.244949e-01 1.610938e+03 1.688593e+03 
2.275152e-01 1.574131e+03 1.649499e+03 
2.305354e-01 1.538431e+03 1.611659e+03 
2.335556e-01 1.503776e+03 1.575022e+03 
2.365758e-01 1.470125e+03 1.539541e+03 
2.395960e-01 1.437485e+03 1.505168e+03 
2.426162e-01 1.405870e+03 1.471861e+03 
2.456364e-01 1.375273e+03 1.439576e+03 
2.486566e-01 1.345679e+03 1.408275e+03 
2.516768e-01 1.317032e+03 1.377919e+03 
2.546970e-01 1.289248e+03 1.348472e+03 
2.577172e-01 1.262268e+03 1.319900e+03 
2.607374e-01 1.236080e+03 1.292169e+03 
2.637576e-01 1.210673e+03 1.265248e+03 
2.667778e-01 1.186028e+03 1.239107e+03 
2.697980e-01 1.162123e+03 1.213717e+03 
2.728182e-01 1.138913e+03 1.189051e+03 
2.758384e-01 1.116340e+03 1.165082e+03 
2.788586e-01 1.094363e+03 1.141786e+03 
2.818788e-01 1.072952e+03 1.119138e+03 
2.848990e-01 1.052092e+03 1.097115e+03 
2.879192e-01 1.031785e+03 1.075696e+03 
2.909394e-01 1.012034e+03 1.054859e+03 
2.939596e-01 9.928274e+02 1.034585e+03 
2.969798e-01 9.741462e+02 1.014853e+03 
3.000000e-01 9.559645e+02 9.956460e+02 
