1.000000e-03 7.540201e+03 7.540194e+03 
4.020202e-03 2.494675e+04 2.514802e+04 
7.040404e-03 3.599163e+04 3.629527e+04 
1.006061e-02 4.236256e+04 4.280674e+04 
1.308081e-02 4.525962e+04 4.591092e+04 
1.610101e-02 4.555840e+04 4.629427e+04 
1.912121e-02 4.396458e+04 4.448098e+04 
2.214141e-02 4.107837e+04 4.113390e+04 
2.516162e-02 3.741916e+04 3.705263e+04 
2.818182e-02 3.342141e+04 3.293501e+04 
3.120202e-02 2.942805e+04 2.919771e+04 
3.422222e-02 2.568729e+04 2.598850e+04 
3.724242e-02 2.235811e+04 2.329542e+04 
4.026263e-02 1.952332e+04 2.104347e+04 
4.328283e-02 1.718720e+04 1.914770e+04 
4.630303e-02 1.534354e+04 1.753390e+04 
4.932323e-02 1.395692e+04 1.614323e+04 
5.234343e-02 1.294553e+04 1.493079e+04 
5.536364e-02 1.224033e+04 1.386274e+04 
5.838384e-02 1.176667e+04 1.291345e+04 
6.140404e-02 1.145021e+04 1.206331e+04 
6.442424e-02 1.123178e+04 1.129709e+04 
6.744444e-02 1.105647e+04 1.060276e+04 
7.046465e-02 1.087405e+04 9.970694e+03 
7.348485e-02 1.064186e+04 9.393020e+03 
7.650505e-02 1.032920e+04 8.863246e+03 
7.952525e-02 9.920645e+03 8.375935e+03 
8.254545e-02 9.416928e+03 7.926483e+03 
8.556566e-02 8.833386e+03 7.510952e+03 
8.858586e-02 8.195128e+03 7.125946e+03 
9.160606e-02 7.531593e+03 6.768512e+03 
9.462626e-02 6.872854e+03 6.436068e+03 
9.764646e-02 6.245907e+03 6.126341e+03 
1.006667e-01 5.673203e+03 5.837319e+03 
1.036869e-01 5.170717e+03 5.567218e+03 
1.067071e-01 4.747690e+03 5.314444e+03 
1.097273e-01 4.407690e+03 5.077570e+03 
1.127475e-01 4.147868e+03 4.855317e+03 
1.157677e-01 3.961836e+03 4.646532e+03 
1.187879e-01 3.839866e+03 4.450172e+03 
1.218081e-01 3.770295e+03 4.265295e+03 
1.248283e-01 3.740006e+03 4.091046e+03 
1.278485e-01 3.735288e+03 3.926647e+03 
1.308687e-01 3.742522e+03 3.771391e+03 
1.338889e-01 3.748901e+03 3.624630e+03 
1.369091e-01 3.743167e+03 3.485775e+03 
1.399293e-01 3.715978e+03 3.354284e+03 
1.429495e-01 3.660821e+03 3.229660e+03 
1.459697e-01 3.573713e+03 3.111449e+03 
1.489899e-01 3.454517e+03 2.999231e+03 
1.520101e-01 3.306171e+03 2.892621e+03 
1.550303e-01 3.134987e+03 2.791262e+03 
1.580505e-01 2.949383e+03 2.694826e+03 
1.610707e-01 2.758821e+03 2.603010e+03 
1.640909e-01 2.572244e+03 2.515531e+03 
1.671111e-01 2.397314e+03 2.432131e+03 
1.701313e-01 2.239568e+03 2.352566e+03 
1.731515e-01 2.102582e+03 2.276614e+03 
1.761717e-01 1.988303e+03 2.204065e+03 
1.791919e-01 1.897267e+03 2.134725e+03 
1.822121e-01 1.829003e+03 2.068415e+03 
1.852323e-01 1.781804e+03 2.004966e+03 
1.882525e-01 1.753011e+03 1.944220e+03 
1.912727e-01 1.739082e+03 1.886032e+03 
1.942929e-01 1.735750e+03 1.830263e+03 
1.973131e-01 1.738473e+03 1.776787e+03 
2.003333e-01 1.742801e+03 1.725484e+03 
2.033535e-01 1.744707e+03 1.676240e+03 
2.063737e-01 1.740747e+03 1.628950e+03 
2.093939e-01 1.728301e+03 1.583517e+03 
2.124141e-01 1.705483e+03 1.539846e+03 
2.154343e-01 1.671534e+03 1.497852e+03 
2.184545e-01 1.626620e+03 1.457451e+03 
2.214747e-01 1.572017e+03 1.418567e+03 
2.244949e-01 1.509871e+03 1.381127e+03 
2.275152e-01 1.442910e+03 1.345063e+03 
2.305354e-01 1.374043e+03 1.310311e+03 
2.335556e-01 1.306067e+03 1.276808e+03 
2.365758e-01 1.241439e+03 1.244500e+03 
2.395960e-01 1.182147e+03 1.213330e+03 
2.426162e-01 1.129707e+03 1.183247e+03 
2.456364e-01 1.085044e+03 1.154204e+03 
2.486566e-01 1.048629e+03 1.126155e+03 
2.516768e-01 1.020349e+03 1.099055e+03 
2.546970e-01 9.996272e+02 1.072865e+03 
2.577172e-01 9.854445e+02 1.047544e+03 
2.607374e-01 9.764934e+02 1.023057e+03 
2.637576e-01 9.713155e+02 9.993680e+02 
2.667778e-01 9.683905e+02 9.764438e+02 
2.697980e-01 9.662422e+02 9.542529e+02 
2.728182e-01 9.634883e+02 9.327654e+02 
2.758384e-01 9.589112e+02 9.119528e+02 
2.788586e-01 9.514662e+02 8.917880e+02 
2.818788e-01 9.404233e+02 8.722452e+02 
2.848990e-01 9.253766e+02 8.532999e+02 
2.879192e-01 9.063677e+02 8.349288e+02 
2.909394e-01 8.837914e+02 8.171095e+02 
2.939596e-01 8.583289e+02 7.998210e+02 
2.969798e-01 8.308969e+02 7.830430e+02 
3.000000e-01 8.024809e+02 7.667561e+02 
