1.000000e-03 4.035348e+03 4.035344e+03 
4.020202e-03 1.323774e+04 1.334274e+04 
7.040404e-03 1.911090e+04 1.924228e+04 
1.006061e-02 2.260530e+04 2.272980e+04 
1.308081e-02 2.438109e+04 2.449132e+04 
1.610101e-02 2.490650e+04 2.495718e+04 
1.912121e-02 2.453859e+04 2.447643e+04 
2.214141e-02 2.356595e+04 2.340564e+04 
2.516162e-02 2.222386e+04 2.206693e+04 
2.818182e-02 2.070150e+04 2.067956e+04 
3.120202e-02 1.914406e+04 1.935384e+04 
3.422222e-02 1.765495e+04 1.812857e+04 
3.724242e-02 1.629984e+04 1.700824e+04 
4.026263e-02 1.511437e+04 1.598483e+04 
4.328283e-02 1.410680e+04 1.504752e+04 
4.630303e-02 1.326444e+04 1.418607e+04 
4.932323e-02 1.257950e+04 1.339177e+04 
5.234343e-02 1.202302e+04 1.265733e+04 
5.536364e-02 1.155113e+04 1.197666e+04 
5.838384e-02 1.113570e+04 1.134461e+04 
6.140404e-02 1.074905e+04 1.075674e+04 
6.442424e-02 1.036614e+04 1.020919e+04 
6.744444e-02 9.970977e+03 9.698537e+03 
7.046465e-02 9.553283e+03 9.221728e+03 
7.348485e-02 9.109366e+03 8.776031e+03 
7.650505e-02 8.642894e+03 8.358977e+03 
7.952525e-02 8.162946e+03 7.968330e+03 
8.254545e-02 7.681702e+03 7.602058e+03 
8.556566e-02 7.212512e+03 7.258312e+03 
8.858586e-02 6.767175e+03 6.935405e+03 
9.160606e-02 6.355750e+03 6.631795e+03 
9.462626e-02 5.985910e+03 6.346073e+03 
9.764646e-02 5.662110e+03 6.076948e+03 
1.006667e-01 5.385815e+03 5.823237e+03 
1.036869e-01 5.155023e+03 5.583855e+03 
1.067071e-01 4.964813e+03 5.357803e+03 
1.097273e-01 4.808104e+03 5.144168e+03 
1.127475e-01 4.676558e+03 4.942104e+03 
1.157677e-01 4.561536e+03 4.750836e+03 
1.187879e-01 4.455078e+03 4.569650e+03 
1.218081e-01 4.350137e+03 4.397884e+03 
1.248283e-01 4.241176e+03 4.234930e+03 
1.278485e-01 4.124211e+03 4.080225e+03 
1.308687e-01 3.996972e+03 3.933248e+03 
1.338889e-01 3.859538e+03 3.793517e+03 
1.369091e-01 3.713641e+03 3.660587e+03 
1.399293e-01 3.562368e+03 3.534042e+03 
1.429495e-01 3.409269e+03 3.413499e+03 
1.459697e-01 3.257912e+03 3.298601e+03 
1.489899e-01 3.111691e+03 3.189017e+03 
1.520101e-01 2.973696e+03 3.084438e+03 
1.550303e-01 2.846579e+03 2.984577e+03 
1.580505e-01 2.732490e+03 2.889166e+03 
1.610707e-01 2.632385e+03 2.797956e+03 
1.640909e-01 2.546310e+03 2.710714e+03 
1.671111e-01 2.472944e+03 2.627223e+03 
1.701313e-01 2.410338e+03 2.547279e+03 
1.731515e-01 2.355955e+03 2.470692e+03 
1.761717e-01 2.307309e+03 2.397284e+03 
1.791919e-01 2.262117e+03 2.326889e+03 
1.822121e-01 2.218405e+03 2.259351e+03 
1.852323e-01 2.174461e+03 2.194523e+03 
1.882525e-01 2.128847e+03 2.132267e+03 
1.912727e-01 2.080402e+03 2.072454e+03 
1.942929e-01 2.028584e+03 2.014964e+03 
1.973131e-01 1.973361e+03 1.959682e+03 
2.003333e-01 1.915454e+03 1.906500e+03 
2.033535e-01 1.855931e+03 1.855317e+03 
2.063737e-01 1.796149e+03 1.806039e+03 
2.093939e-01 1.737351e+03 1.758575e+03 
2.124141e-01 1.680651e+03 1.712840e+03 
2.154343e-01 1.626892e+03 1.668756e+03 
2.184545e-01 1.576742e+03 1.626245e+03 
2.214747e-01 1.530615e+03 1.585237e+03 
2.244949e-01 1.488740e+03 1.545665e+03 
2.275152e-01 1.451102e+03 1.507464e+03 
2.305354e-01 1.417438e+03 1.470574e+03 
2.335556e-01 1.387255e+03 1.434938e+03 
2.365758e-01 1.359889e+03 1.400502e+03 
2.395960e-01 1.334591e+03 1.367214e+03 
2.426162e-01 1.310615e+03 1.335026e+03 
2.456364e-01 1.287266e+03 1.303891e+03 
2.486566e-01 1.263968e+03 1.273766e+03 
2.516768e-01 1.240263e+03 1.244609e+03 
2.546970e-01 1.215839e+03 1.216380e+03 
2.577172e-01 1.190565e+03 1.189041e+03 
2.607374e-01 1.164476e+03 1.162558e+03 
2.637576e-01 1.137772e+03 1.136896e+03 
2.667778e-01 1.110740e+03 1.112022e+03 
2.697980e-01 1.083723e+03 1.087905e+03 
2.728182e-01 1.057071e+03 1.064517e+03 
2.758384e-01 1.031121e+03 1.041829e+03 
2.788586e-01 1.006164e+03 1.019814e+03 
2.818788e-01 9.824318e+02 9.984470e+02 
2.848990e-01 9.600692e+02 9.777037e+02 
2.879192e-01 9.391485e+02 9.575609e+02 
2.909394e-01 9.196656e+02 9.379962e+02 
2.939596e-01 9.015627e+02 9.189886e+02 
2.969798e-01 8.846991e+02 9.005178e+02 
3.000000e-01 8.688909e+02 8.825644e+02 
