1.000000e-03 8.014345e+03 8.014338e+03 
4.020202e-03 2.688227e+04 2.709861e+04 
7.040404e-03 3.914824e+04 3.948621e+04 
1.006061e-02 4.642507e+04 4.694026e+04 
1.308081e-02 4.991116e+04 5.070140e+04 
1.610101e-02 5.050640e+04 5.145682e+04 
1.912121e-02 4.894720e+04 4.970634e+04 
2.214141e-02 4.587840e+04 4.610125e+04 
2.516162e-02 4.186729e+04 4.149833e+04 
2.818182e-02 3.740103e+04 3.672097e+04 
3.120202e-02 3.287232e+04 3.231659e+04 
3.422222e-02 2.857513e+04 2.851619e+04 
3.724242e-02 2.470558e+04 2.533791e+04 
4.026263e-02 2.137256e+04 2.270372e+04 
4.328283e-02 1.859904e+04 2.051215e+04 
4.630303e-02 1.638396e+04 1.867023e+04 
4.932323e-02 1.469196e+04 1.710275e+04 
5.234343e-02 1.344510e+04 1.575190e+04 
5.536364e-02 1.256594e+04 1.457415e+04 
5.838384e-02 1.197735e+04 1.353672e+04 
6.140404e-02 1.160378e+04 1.261480e+04 
6.442424e-02 1.137478e+04 1.178935e+04 
6.744444e-02 1.122837e+04 1.104554e+04 
7.046465e-02 1.110790e+04 1.037164e+04 
7.348485e-02 1.096235e+04 9.758241e+03 
7.650505e-02 1.074971e+04 9.197652e+03 
7.952525e-02 1.044218e+04 8.683531e+03 
8.254545e-02 1.002762e+04 8.210570e+03 
8.556566e-02 9.509423e+03 7.774278e+03 
8.858586e-02 8.905071e+03 7.370821e+03 
9.160606e-02 8.241561e+03 6.996895e+03 
9.462626e-02 7.549922e+03 6.649633e+03 
9.764646e-02 6.862634e+03 6.326529e+03 
1.006667e-01 6.208940e+03 6.025382e+03 
1.036869e-01 5.612787e+03 5.744247e+03 
1.067071e-01 5.090354e+03 5.481396e+03 
1.097273e-01 4.651580e+03 5.235291e+03 
1.127475e-01 4.298885e+03 5.004556e+03 
1.157677e-01 4.030162e+03 4.787956e+03 
1.187879e-01 3.838843e+03 4.584378e+03 
1.218081e-01 3.715706e+03 4.392820e+03 
1.248283e-01 3.649640e+03 4.212371e+03 
1.278485e-01 3.627872e+03 4.042210e+03 
1.308687e-01 3.636890e+03 3.881586e+03 
1.338889e-01 3.662688e+03 3.729818e+03 
1.369091e-01 3.691811e+03 3.586282e+03 
1.399293e-01 3.711667e+03 3.450410e+03 
1.429495e-01 3.711732e+03 3.321680e+03 
1.459697e-01 3.683469e+03 3.199614e+03 
1.489899e-01 3.621278e+03 3.083772e+03 
1.520101e-01 3.523026e+03 2.973752e+03 
1.550303e-01 3.390056e+03 2.869179e+03 
1.580505e-01 3.227708e+03 2.769712e+03 
1.610707e-01 3.043763e+03 2.675032e+03 
1.640909e-01 2.848242e+03 2.584847e+03 
1.671111e-01 2.650989e+03 2.498885e+03 
1.701313e-01 2.461009e+03 2.416894e+03 
1.731515e-01 2.285183e+03 2.338641e+03 
1.761717e-01 2.128718e+03 2.263909e+03 
1.791919e-01 1.994708e+03 2.192496e+03 
1.822121e-01 1.884878e+03 2.124214e+03 
1.852323e-01 1.799604e+03 2.058889e+03 
1.882525e-01 1.738067e+03 1.996358e+03 
1.912727e-01 1.698484e+03 1.936468e+03 
1.942929e-01 1.677796e+03 1.879078e+03 
1.973131e-01 1.672233e+03 1.824054e+03 
2.003333e-01 1.677376e+03 1.771272e+03 
2.033535e-01 1.688632e+03 1.720616e+03 
2.063737e-01 1.701425e+03 1.671977e+03 
2.093939e-01 1.711610e+03 1.625251e+03 
2.124141e-01 1.715518e+03 1.580345e+03 
2.154343e-01 1.710173e+03 1.537166e+03 
2.184545e-01 1.693471e+03 1.495630e+03 
2.214747e-01 1.664191e+03 1.455658e+03 
2.244949e-01 1.622480e+03 1.417174e+03 
2.275152e-01 1.569447e+03 1.380108e+03 
2.305354e-01 1.507329e+03 1.344393e+03 
2.335556e-01 1.438952e+03 1.309966e+03 
2.365758e-01 1.367521e+03 1.276768e+03 
2.395960e-01 1.296074e+03 1.244743e+03 
2.426162e-01 1.227392e+03 1.213838e+03 
2.456364e-01 1.163769e+03 1.184002e+03 
2.486566e-01 1.106992e+03 1.155190e+03 
2.516768e-01 1.058299e+03 1.127355e+03 
2.546970e-01 1.018316e+03 1.100456e+03 
2.577172e-01 9.871959e+02 1.074453e+03 
2.607374e-01 9.644998e+02 1.049306e+03 
2.637576e-01 9.493989e+02 1.024981e+03 
2.667778e-01 9.406885e+02 1.001442e+03 
2.697980e-01 9.369418e+02 9.786584e+02 
2.728182e-01 9.366118e+02 9.565977e+02 
2.758384e-01 9.381139e+02 9.352311e+02 
2.788586e-01 9.398928e+02 9.145307e+02 
2.818788e-01 9.404645e+02 8.944699e+02 
2.848990e-01 9.385307e+02 8.750233e+02 
2.879192e-01 9.329992e+02 8.561671e+02 
2.909394e-01 9.231604e+02 8.378781e+02 
2.939596e-01 9.086642e+02 8.201347e+02 
2.969798e-01 8.896333e+02 8.029159e+02 
3.000000e-01 8.665769e+02 7.862020e+02 
