1.000000e-03 2.528617e+03 2.528615e+03 
4.020202e-03 8.533848e+03 8.600456e+03 
7.040404e-03 1.260825e+04 1.269037e+04 
1.006061e-02 1.523646e+04 1.529712e+04 
1.308081e-02 1.678621e+04 1.681191e+04 
1.610101e-02 1.752894e+04 1.750064e+04 
1.912121e-02 1.767571e+04 1.757882e+04 
2.214141e-02 1.739718e+04 1.725283e+04 
2.516162e-02 1.683399e+04 1.670180e+04 
2.818182e-02 1.610095e+04 1.604999e+04 
3.120202e-02 1.528777e+04 1.536745e+04 
3.422222e-02 1.446172e+04 1.468818e+04 
3.724242e-02 1.366937e+04 1.402725e+04 
4.026263e-02 1.294037e+04 1.339102e+04 
4.328283e-02 1.227993e+04 1.278198e+04 
4.630303e-02 1.169729e+04 1.220094e+04 
4.932323e-02 1.119724e+04 1.164788e+04 
5.234343e-02 1.075713e+04 1.112236e+04 
5.536364e-02 1.035680e+04 1.062363e+04 
5.838384e-02 9.982294e+03 1.015079e+04 
6.140404e-02 9.625299e+03 9.702821e+03 
6.442424e-02 9.276275e+03 9.278629e+03 
6.744444e-02 8.925488e+03 8.877078e+03 
7.046465e-02 8.566528e+03 8.497022e+03 
7.348485e-02 8.197659e+03 8.137320e+03 
7.650505e-02 7.821520e+03 7.796856e+03 
7.952525e-02 7.444838e+03 7.474545e+03 
8.254545e-02 7.075798e+03 7.169341e+03 
8.556566e-02 6.722452e+03 6.880247e+03 
8.858586e-02 6.390573e+03 6.606311e+03 
9.160606e-02 6.083779e+03 6.346634e+03 
9.462626e-02 5.803985e+03 6.100363e+03 
9.764646e-02 5.552068e+03 5.866697e+03 
1.006667e-01 5.327916e+03 5.644882e+03 
1.036869e-01 5.130584e+03 5.434210e+03 
1.067071e-01 4.957509e+03 5.234018e+03 
1.097273e-01 4.804903e+03 5.043683e+03 
1.127475e-01 4.667465e+03 4.862624e+03 
1.157677e-01 4.539348e+03 4.690296e+03 
1.187879e-01 4.415715e+03 4.526189e+03 
1.218081e-01 4.292516e+03 4.369829e+03 
1.248283e-01 4.167446e+03 4.220768e+03 
1.278485e-01 4.039169e+03 4.078591e+03 
1.308687e-01 3.907918e+03 3.942909e+03 
1.338889e-01 3.774518e+03 3.813355e+03 
1.369091e-01 3.640465e+03 3.689590e+03 
1.399293e-01 3.507421e+03 3.571295e+03 
1.429495e-01 3.377178e+03 3.458170e+03 
1.459697e-01 3.251474e+03 3.349935e+03 
1.489899e-01 3.131944e+03 3.246329e+03 
1.520101e-01 3.019854e+03 3.147105e+03 
1.550303e-01 2.916102e+03 3.052032e+03 
1.580505e-01 2.821202e+03 2.960895e+03 
1.610707e-01 2.735330e+03 2.873489e+03 
1.640909e-01 2.657966e+03 2.789624e+03 
1.671111e-01 2.588148e+03 2.709120e+03 
1.701313e-01 2.524410e+03 2.631810e+03 
1.731515e-01 2.465119e+03 2.557533e+03 
1.761717e-01 2.408749e+03 2.486142e+03 
1.791919e-01 2.353950e+03 2.417494e+03 
1.822121e-01 2.299847e+03 2.351458e+03 
1.852323e-01 2.245788e+03 2.287909e+03 
1.882525e-01 2.191431e+03 2.226729e+03 
1.912727e-01 2.136559e+03 2.167806e+03 
1.942929e-01 2.081093e+03 2.111036e+03 
1.973131e-01 2.025177e+03 2.056319e+03 
2.003333e-01 1.969237e+03 2.003563e+03 
2.033535e-01 1.913890e+03 1.952678e+03 
2.063737e-01 1.859914e+03 1.903580e+03 
2.093939e-01 1.807964e+03 1.856190e+03 
2.124141e-01 1.758571e+03 1.810434e+03 
2.154343e-01 1.711994e+03 1.766239e+03 
2.184545e-01 1.668315e+03 1.723538e+03 
2.214747e-01 1.627434e+03 1.682268e+03 
2.244949e-01 1.589174e+03 1.642368e+03 
2.275152e-01 1.553349e+03 1.603780e+03 
2.305354e-01 1.519736e+03 1.566449e+03 
2.335556e-01 1.488002e+03 1.530324e+03 
2.365758e-01 1.457775e+03 1.495355e+03 
2.395960e-01 1.428645e+03 1.461495e+03 
2.426162e-01 1.400232e+03 1.428700e+03 
2.456364e-01 1.372227e+03 1.396927e+03 
2.486566e-01 1.344414e+03 1.366135e+03 
2.516768e-01 1.316697e+03 1.336287e+03 
2.546970e-01 1.289055e+03 1.307345e+03 
2.577172e-01 1.261542e+03 1.279274e+03 
2.607374e-01 1.234240e+03 1.252042e+03 
2.637576e-01 1.207263e+03 1.225615e+03 
2.667778e-01 1.180756e+03 1.199965e+03 
2.697980e-01 1.154883e+03 1.175061e+03 
2.728182e-01 1.129797e+03 1.150877e+03 
2.758384e-01 1.105635e+03 1.127386e+03 
2.788586e-01 1.082468e+03 1.104562e+03 
2.818788e-01 1.060330e+03 1.082381e+03 
2.848990e-01 1.039203e+03 1.060821e+03 
2.879192e-01 1.019040e+03 1.039858e+03 
2.909394e-01 9.997489e+02 1.019473e+03 
2.939596e-01 9.812320e+02 9.996448e+02 
2.969798e-01 9.633948e+02 9.803538e+02 
3.000000e-01 9.461363e+02 9.615816e+02 
