1.000000e-03 3.434910e+03 3.434907e+03 
4.020202e-03 1.136562e+04 1.145506e+04 
7.040404e-03 1.645256e+04 1.655542e+04 
1.006061e-02 1.950568e+04 1.957820e+04 
1.308081e-02 2.110180e+04 2.112780e+04 
1.610101e-02 2.164920e+04 2.159951e+04 
1.912121e-02 2.145568e+04 2.131541e+04 
2.214141e-02 2.076364e+04 2.057737e+04 
2.516162e-02 1.976738e+04 1.962879e+04 
2.818182e-02 1.861965e+04 1.862129e+04 
3.120202e-02 1.743506e+04 1.762918e+04 
3.422222e-02 1.629331e+04 1.668184e+04 
3.724242e-02 1.524587e+04 1.578807e+04 
4.026263e-02 1.431459e+04 1.494856e+04 
4.328283e-02 1.349767e+04 1.416122e+04 
4.630303e-02 1.280867e+04 1.342319e+04 
4.932323e-02 1.222672e+04 1.273148e+04 
5.234343e-02 1.171386e+04 1.208320e+04 
5.536364e-02 1.125189e+04 1.147555e+04 
5.838384e-02 1.081969e+04 1.090592e+04 
6.140404e-02 1.039704e+04 1.037179e+04 
6.442424e-02 9.972427e+03 9.870801e+03 
6.744444e-02 9.538443e+03 9.400703e+03 
7.046465e-02 9.092393e+03 8.959393e+03 
7.348485e-02 8.637401e+03 8.544896e+03 
7.650505e-02 8.180886e+03 8.155361e+03 
7.952525e-02 7.732437e+03 7.789063e+03 
8.254545e-02 7.302199e+03 7.444396e+03 
8.556566e-02 6.898328e+03 7.119865e+03 
8.858586e-02 6.526947e+03 6.814086e+03 
9.160606e-02 6.192174e+03 6.525772e+03 
9.462626e-02 5.896191e+03 6.253734e+03 
9.764646e-02 5.638768e+03 5.996869e+03 
1.006667e-01 5.417525e+03 5.754157e+03 
1.036869e-01 5.227306e+03 5.524654e+03 
1.067071e-01 5.061243e+03 5.307487e+03 
1.097273e-01 4.911958e+03 5.101847e+03 
1.127475e-01 4.772311e+03 4.906985e+03 
1.157677e-01 4.636583e+03 4.722209e+03 
1.187879e-01 4.500227e+03 4.546877e+03 
1.218081e-01 4.360480e+03 4.380394e+03 
1.248283e-01 4.215872e+03 4.222208e+03 
1.278485e-01 4.066354e+03 4.071807e+03 
1.308687e-01 3.913309e+03 3.928716e+03 
1.338889e-01 3.759197e+03 3.792494e+03 
1.369091e-01 3.606895e+03 3.662731e+03 
1.399293e-01 3.459319e+03 3.539046e+03 
1.429495e-01 3.318771e+03 3.421082e+03 
1.459697e-01 3.187133e+03 3.308510e+03 
1.489899e-01 3.065641e+03 3.201021e+03 
1.520101e-01 2.955141e+03 3.098329e+03 
1.550303e-01 2.855990e+03 3.000165e+03 
1.580505e-01 2.767855e+03 2.906278e+03 
1.610707e-01 2.689699e+03 2.816435e+03 
1.640909e-01 2.619716e+03 2.730417e+03 
1.671111e-01 2.555666e+03 2.648019e+03 
1.701313e-01 2.495386e+03 2.569049e+03 
1.731515e-01 2.436952e+03 2.493328e+03 
1.761717e-01 2.379144e+03 2.420688e+03 
1.791919e-01 2.321067e+03 2.350970e+03 
1.822121e-01 2.262179e+03 2.284026e+03 
1.852323e-01 2.202208e+03 2.219717e+03 
1.882525e-01 2.141170e+03 2.157912e+03 
1.912727e-01 2.079382e+03 2.098487e+03 
1.942929e-01 2.017412e+03 2.041328e+03 
1.973131e-01 1.956146e+03 1.986323e+03 
2.003333e-01 1.896578e+03 1.933371e+03 
2.033535e-01 1.839524e+03 1.882376e+03 
2.063737e-01 1.785620e+03 1.833244e+03 
2.093939e-01 1.735163e+03 1.785890e+03 
2.124141e-01 1.688259e+03 1.740232e+03 
2.154343e-01 1.644797e+03 1.696194e+03 
2.184545e-01 1.604550e+03 1.653702e+03 
2.214747e-01 1.567189e+03 1.612688e+03 
2.244949e-01 1.532293e+03 1.573086e+03 
2.275152e-01 1.499389e+03 1.534835e+03 
2.305354e-01 1.467980e+03 1.497876e+03 
2.335556e-01 1.437578e+03 1.462153e+03 
2.365758e-01 1.407764e+03 1.427614e+03 
2.395960e-01 1.378195e+03 1.394210e+03 
2.426162e-01 1.348657e+03 1.361892e+03 
2.456364e-01 1.319050e+03 1.330616e+03 
2.486566e-01 1.289397e+03 1.300340e+03 
2.516768e-01 1.259811e+03 1.271022e+03 
2.546970e-01 1.230477e+03 1.242623e+03 
2.577172e-01 1.201627e+03 1.215108e+03 
2.607374e-01 1.173501e+03 1.188441e+03 
2.637576e-01 1.146285e+03 1.162589e+03 
2.667778e-01 1.120128e+03 1.137520e+03 
2.697980e-01 1.095122e+03 1.113203e+03 
2.728182e-01 1.071310e+03 1.089611e+03 
2.758384e-01 1.048682e+03 1.066716e+03 
2.788586e-01 1.027185e+03 1.044491e+03 
2.818788e-01 1.006734e+03 1.022911e+03 
2.848990e-01 9.872087e+02 1.001953e+03 
2.879192e-01 9.684721e+02 9.815932e+02 
2.909394e-01 9.503781e+02 9.618103e+02 
2.939596e-01 9.327851e+02 9.425834e+02 
2.969798e-01 9.155758e+02 9.238925e+02 
3.000000e-01 8.986550e+02 9.057185e+02 
