1.000000e-03 3.848779e+03 3.848776e+03 
4.020202e-03 1.296412e+04 1.306620e+04 
7.040404e-03 1.902129e+04 1.916115e+04 
1.006061e-02 2.277639e+04 2.293390e+04 
1.308081e-02 2.480015e+04 2.498018e+04 
1.610101e-02 2.551715e+04 2.567206e+04 
1.912121e-02 2.526760e+04 2.531048e+04 
2.214141e-02 2.433568e+04 2.423275e+04 
2.516162e-02 2.296524e+04 2.278841e+04 
2.818182e-02 2.135855e+04 2.125003e+04 
3.120202e-02 1.967718e+04 1.977287e+04 
3.422222e-02 1.804196e+04 1.841883e+04 
3.724242e-02 1.653438e+04 1.719848e+04 
4.026263e-02 1.520429e+04 1.610140e+04 
4.328283e-02 1.406707e+04 1.511157e+04 
4.630303e-02 1.311906e+04 1.421359e+04 
4.932323e-02 1.236205e+04 1.339439e+04 
5.234343e-02 1.176410e+04 1.264339e+04 
5.536364e-02 1.128301e+04 1.195206e+04 
5.838384e-02 1.088896e+04 1.131350e+04 
6.140404e-02 1.055112e+04 1.072203e+04 
6.442424e-02 1.023903e+04 1.017289e+04 
6.744444e-02 9.925559e+03 9.662018e+03 
7.046465e-02 9.591404e+03 9.185933e+03 
7.348485e-02 9.224734e+03 8.741577e+03 
7.650505e-02 8.821254e+03 8.326259e+03 
7.952525e-02 8.384577e+03 7.937582e+03 
8.254545e-02 7.924369e+03 7.573403e+03 
8.556566e-02 7.453462e+03 7.231794e+03 
8.858586e-02 6.985800e+03 6.911013e+03 
9.160606e-02 6.534636e+03 6.609482e+03 
9.462626e-02 6.111734e+03 6.325766e+03 
9.764646e-02 5.727321e+03 6.058561e+03 
1.006667e-01 5.388308e+03 5.806672e+03 
1.036869e-01 5.098908e+03 5.569011e+03 
1.067071e-01 4.858954e+03 5.344579e+03 
1.097273e-01 4.665402e+03 5.132461e+03 
1.127475e-01 4.511829e+03 4.931816e+03 
1.157677e-01 4.390463e+03 4.741873e+03 
1.187879e-01 4.292641e+03 4.561919e+03 
1.218081e-01 4.209867e+03 4.391300e+03 
1.248283e-01 4.134023e+03 4.229410e+03 
1.278485e-01 4.058053e+03 4.075693e+03 
1.308687e-01 3.975921e+03 3.929632e+03 
1.338889e-01 3.883112e+03 3.790750e+03 
1.369091e-01 3.777045e+03 3.658605e+03 
1.399293e-01 3.657117e+03 3.532787e+03 
1.429495e-01 3.524860e+03 3.412917e+03 
1.459697e-01 3.383111e+03 3.298640e+03 
1.489899e-01 3.235682e+03 3.189630e+03 
1.520101e-01 3.086716e+03 3.085580e+03 
1.550303e-01 2.940501e+03 2.986208e+03 
1.580505e-01 2.801048e+03 2.891248e+03 
1.610707e-01 2.671947e+03 2.800453e+03 
1.640909e-01 2.555765e+03 2.713593e+03 
1.671111e-01 2.454195e+03 2.630454e+03 
1.701313e-01 2.367551e+03 2.550833e+03 
1.731515e-01 2.295286e+03 2.474544e+03 
1.761717e-01 2.235795e+03 2.401409e+03 
1.791919e-01 2.187018e+03 2.331264e+03 
1.822121e-01 2.146530e+03 2.263955e+03 
1.852323e-01 2.111831e+03 2.199336e+03 
1.882525e-01 2.080407e+03 2.137271e+03 
1.912727e-01 2.049864e+03 2.077633e+03 
1.942929e-01 2.018010e+03 2.020302e+03 
1.973131e-01 1.983087e+03 1.965163e+03 
2.003333e-01 1.943866e+03 1.912112e+03 
2.033535e-01 1.899772e+03 1.861047e+03 
2.063737e-01 1.850939e+03 1.811875e+03 
2.093939e-01 1.798039e+03 1.764506e+03 
2.124141e-01 1.742213e+03 1.718857e+03 
2.154343e-01 1.684797e+03 1.674848e+03 
2.184545e-01 1.627211e+03 1.632404e+03 
2.214747e-01 1.570827e+03 1.591455e+03 
2.244949e-01 1.516919e+03 1.551934e+03 
2.275152e-01 1.466529e+03 1.513777e+03 
2.305354e-01 1.420466e+03 1.476925e+03 
2.335556e-01 1.379140e+03 1.441320e+03 
2.365758e-01 1.342699e+03 1.406910e+03 
2.395960e-01 1.310948e+03 1.373642e+03 
2.426162e-01 1.283492e+03 1.341470e+03 
2.456364e-01 1.259707e+03 1.310346e+03 
2.486566e-01 1.238849e+03 1.280228e+03 
2.516768e-01 1.220079e+03 1.251074e+03 
2.546970e-01 1.202507e+03 1.222844e+03 
2.577172e-01 1.185254e+03 1.195502e+03 
2.607374e-01 1.167566e+03 1.169011e+03 
2.637576e-01 1.148859e+03 1.143339e+03 
2.667778e-01 1.128795e+03 1.118452e+03 
2.697980e-01 1.107249e+03 1.094320e+03 
2.728182e-01 1.084285e+03 1.070914e+03 
2.758384e-01 1.060118e+03 1.048206e+03 
2.788586e-01 1.035055e+03 1.026170e+03 
2.818788e-01 1.009483e+03 1.004780e+03 
2.848990e-01 9.838243e+02 9.840114e+02 
2.879192e-01 9.585273e+02 9.638418e+02 
2.909394e-01 9.340239e+02 9.442491e+02 
2.939596e-01 9.107151e+02 9.252121e+02 
2.969798e-01 8.888975e+02 9.067107e+02 
3.000000e-01 8.687759e+02 8.887256e+02 
