1.000000e-03 2.098863e+03 2.098861e+03 
4.020202e-03 6.973805e+03 7.035421e+03 
7.040404e-03 1.021762e+04 1.029063e+04 
1.006061e-02 1.230443e+04 1.233620e+04 
1.308081e-02 1.357650e+04 1.354130e+04 
1.610101e-02 1.427033e+04 1.416282e+04 
1.912121e-02 1.455328e+04 1.438523e+04 
2.214141e-02 1.454677e+04 1.434319e+04 
2.516162e-02 1.434127e+04 1.413049e+04 
2.818182e-02 1.400401e+04 1.380929e+04 
3.120202e-02 1.358420e+04 1.342032e+04 
3.422222e-02 1.311779e+04 1.299075e+04 
3.724242e-02 1.262940e+04 1.253917e+04 
4.026263e-02 1.213707e+04 1.207843e+04 
4.328283e-02 1.164680e+04 1.161750e+04 
4.630303e-02 1.116482e+04 1.116262e+04 
4.932323e-02 1.070728e+04 1.071804e+04 
5.234343e-02 1.026829e+04 1.028660e+04 
5.536364e-02 9.838715e+03 9.870102e+03 
5.838384e-02 9.423776e+03 9.469622e+03 
6.140404e-02 9.027493e+03 9.085685e+03 
6.442424e-02 8.649709e+03 8.718430e+03 
6.744444e-02 8.289454e+03 8.367719e+03 
7.046465e-02 7.945089e+03 8.033222e+03 
7.348485e-02 7.615823e+03 7.714475e+03 
7.650505e-02 7.302787e+03 7.410926e+03 
7.952525e-02 7.007166e+03 7.121971e+03 
8.254545e-02 6.729093e+03 6.846972e+03 
8.556566e-02 6.468263e+03 6.585283e+03 
8.858586e-02 6.222997e+03 6.336257e+03 
9.160606e-02 5.990541e+03 6.099257e+03 
9.462626e-02 5.768915e+03 5.873662e+03 
9.764646e-02 5.557600e+03 5.658874e+03 
1.006667e-01 5.356265e+03 5.454317e+03 
1.036869e-01 5.164756e+03 5.259442e+03 
1.067071e-01 4.982911e+03 5.073724e+03 
1.097273e-01 4.809868e+03 4.896666e+03 
1.127475e-01 4.644307e+03 4.727798e+03 
1.157677e-01 4.485288e+03 4.566675e+03 
1.187879e-01 4.332463e+03 4.412876e+03 
1.218081e-01 4.185658e+03 4.266005e+03 
1.248283e-01 4.045154e+03 4.125687e+03 
1.278485e-01 3.911294e+03 3.991572e+03 
1.308687e-01 3.784034e+03 3.863328e+03 
1.338889e-01 3.663104e+03 3.740643e+03 
1.369091e-01 3.548126e+03 3.623224e+03 
1.399293e-01 3.438586e+03 3.510795e+03 
1.429495e-01 3.333973e+03 3.403097e+03 
1.459697e-01 3.233813e+03 3.299885e+03 
1.489899e-01 3.137665e+03 3.200928e+03 
1.520101e-01 3.045323e+03 3.106012e+03 
1.550303e-01 2.956689e+03 3.014931e+03 
1.580505e-01 2.871645e+03 2.927495e+03 
1.610707e-01 2.789989e+03 2.843522e+03 
1.640909e-01 2.711486e+03 2.762842e+03 
1.671111e-01 2.635921e+03 2.685294e+03 
1.701313e-01 2.563131e+03 2.610727e+03 
1.731515e-01 2.492966e+03 2.538998e+03 
1.761717e-01 2.425329e+03 2.469973e+03 
1.791919e-01 2.360235e+03 2.403523e+03 
1.822121e-01 2.297718e+03 2.339529e+03 
1.852323e-01 2.237705e+03 2.277877e+03 
1.882525e-01 2.179974e+03 2.218459e+03 
1.912727e-01 2.124290e+03 2.161175e+03 
1.942929e-01 2.070515e+03 2.105927e+03 
1.973131e-01 2.018611e+03 2.052625e+03 
2.003333e-01 1.968542e+03 2.001183e+03 
2.033535e-01 1.920255e+03 1.951519e+03 
2.063737e-01 1.873679e+03 1.903555e+03 
2.093939e-01 1.828739e+03 1.857219e+03 
2.124141e-01 1.785321e+03 1.812440e+03 
2.154343e-01 1.743293e+03 1.769154e+03 
2.184545e-01 1.702539e+03 1.727296e+03 
2.214747e-01 1.663042e+03 1.686807e+03 
2.244949e-01 1.624821e+03 1.647631e+03 
2.275152e-01 1.587877e+03 1.609714e+03 
2.305354e-01 1.552150e+03 1.573005e+03 
2.335556e-01 1.517565e+03 1.537455e+03 
2.365758e-01 1.484055e+03 1.503018e+03 
2.395960e-01 1.451573e+03 1.469650e+03 
2.426162e-01 1.420074e+03 1.437308e+03 
2.456364e-01 1.389522e+03 1.405953e+03 
2.486566e-01 1.359895e+03 1.375547e+03 
2.516768e-01 1.331175e+03 1.346053e+03 
2.546970e-01 1.303325e+03 1.317436e+03 
2.577172e-01 1.276295e+03 1.289664e+03 
2.607374e-01 1.250036e+03 1.262704e+03 
2.637576e-01 1.224513e+03 1.236527e+03 
2.667778e-01 1.199706e+03 1.211103e+03 
2.697980e-01 1.175596e+03 1.186406e+03 
2.728182e-01 1.152165e+03 1.162408e+03 
2.758384e-01 1.129397e+03 1.139085e+03 
2.788586e-01 1.107272e+03 1.116413e+03 
2.818788e-01 1.085762e+03 1.094367e+03 
2.848990e-01 1.064832e+03 1.072928e+03 
2.879192e-01 1.044451e+03 1.052072e+03 
2.909394e-01 1.024605e+03 1.031780e+03 
2.939596e-01 1.005282e+03 1.012033e+03 
2.969798e-01 9.864702e+02 9.928116e+02 
3.000000e-01 9.681564e+02 9.740983e+02 
