1.000000e-03 2.883302e+03 2.883299e+03 
4.020202e-03 9.594578e+03 9.670172e+03 
7.040404e-03 1.400140e+04 1.408822e+04 
1.006061e-02 1.673990e+04 1.679325e+04 
1.308081e-02 1.827114e+04 1.827353e+04 
1.610101e-02 1.892413e+04 1.885654e+04 
1.912121e-02 1.894696e+04 1.880472e+04 
2.214141e-02 1.853520e+04 1.835598e+04 
2.516162e-02 1.784467e+04 1.770047e+04 
2.818182e-02 1.699942e+04 1.695993e+04 
3.120202e-02 1.609303e+04 1.619890e+04 
3.422222e-02 1.519295e+04 1.544772e+04 
3.724242e-02 1.434311e+04 1.471987e+04 
4.026263e-02 1.356937e+04 1.402122e+04 
4.328283e-02 1.287283e+04 1.335421e+04 
4.630303e-02 1.225760e+04 1.271962e+04 
4.932323e-02 1.172617e+04 1.211736e+04 
5.234343e-02 1.124906e+04 1.154681e+04 
5.536364e-02 1.080602e+04 1.100704e+04 
5.838384e-02 1.038791e+04 1.049686e+04 
6.140404e-02 9.983019e+03 1.001499e+04 
6.442424e-02 9.581319e+03 9.560043e+03 
6.744444e-02 9.176036e+03 9.130610e+03 
7.046465e-02 8.765125e+03 8.725287e+03 
7.348485e-02 8.350852e+03 8.342689e+03 
7.650505e-02 7.939167e+03 7.981474e+03 
7.952525e-02 7.537956e+03 7.640351e+03 
8.254545e-02 7.154711e+03 7.318088e+03 
8.556566e-02 6.795429e+03 7.013517e+03 
8.858586e-02 6.463554e+03 6.725533e+03 
9.160606e-02 6.160963e+03 6.453097e+03 
9.462626e-02 5.888373e+03 6.195233e+03 
9.764646e-02 5.645644e+03 5.951029e+03 
1.006667e-01 5.431252e+03 5.719628e+03 
1.036869e-01 5.242048e+03 5.500233e+03 
1.067071e-01 5.073329e+03 5.292099e+03 
1.097273e-01 4.918913e+03 5.094530e+03 
1.127475e-01 4.773139e+03 4.906880e+03 
1.157677e-01 4.630995e+03 4.728544e+03 
1.187879e-01 4.489331e+03 4.558959e+03 
1.218081e-01 4.346296e+03 4.397601e+03 
1.248283e-01 4.201458e+03 4.243982e+03 
1.278485e-01 4.055164e+03 4.097645e+03 
1.308687e-01 3.908537e+03 3.958165e+03 
1.338889e-01 3.763062e+03 3.825147e+03 
1.369091e-01 3.620634e+03 3.698219e+03 
1.399293e-01 3.483173e+03 3.577037e+03 
1.429495e-01 3.352403e+03 3.461278e+03 
1.459697e-01 3.229703e+03 3.350641e+03 
1.489899e-01 3.115819e+03 3.244842e+03 
1.520101e-01 3.011125e+03 3.143619e+03 
1.550303e-01 2.915536e+03 3.046725e+03 
1.580505e-01 2.828600e+03 2.953928e+03 
1.610707e-01 2.749472e+03 2.865012e+03 
1.640909e-01 2.676877e+03 2.779773e+03 
1.671111e-01 2.609201e+03 2.698021e+03 
1.701313e-01 2.544913e+03 2.619577e+03 
1.731515e-01 2.482597e+03 2.544273e+03 
1.761717e-01 2.421283e+03 2.471951e+03 
1.791919e-01 2.360281e+03 2.402462e+03 
1.822121e-01 2.299291e+03 2.335667e+03 
1.852323e-01 2.238205e+03 2.271434e+03 
1.882525e-01 2.177125e+03 2.209640e+03 
1.912727e-01 2.116283e+03 2.150168e+03 
1.942929e-01 2.056136e+03 2.092907e+03 
1.973131e-01 1.997231e+03 2.037754e+03 
2.003333e-01 1.940221e+03 1.984611e+03 
2.033535e-01 1.885646e+03 1.933386e+03 
2.063737e-01 1.833847e+03 1.883990e+03 
2.093939e-01 1.784995e+03 1.836342e+03 
2.124141e-01 1.739069e+03 1.790362e+03 
2.154343e-01 1.695959e+03 1.745978e+03 
2.184545e-01 1.655475e+03 1.703118e+03 
2.214747e-01 1.617354e+03 1.661717e+03 
2.244949e-01 1.581281e+03 1.621711e+03 
2.275152e-01 1.546862e+03 1.583042e+03 
2.305354e-01 1.513681e+03 1.545652e+03 
2.335556e-01 1.481407e+03 1.509488e+03 
2.365758e-01 1.449767e+03 1.474498e+03 
2.395960e-01 1.418618e+03 1.440635e+03 
2.426162e-01 1.387869e+03 1.407852e+03 
2.456364e-01 1.357491e+03 1.376105e+03 
2.486566e-01 1.327480e+03 1.345353e+03 
2.516768e-01 1.297863e+03 1.315557e+03 
2.546970e-01 1.268706e+03 1.286677e+03 
2.577172e-01 1.240134e+03 1.258680e+03 
2.607374e-01 1.212303e+03 1.231530e+03 
2.637576e-01 1.185398e+03 1.205194e+03 
2.667778e-01 1.159535e+03 1.179642e+03 
2.697980e-01 1.134764e+03 1.154844e+03 
2.728182e-01 1.111060e+03 1.130771e+03 
2.758384e-01 1.088347e+03 1.107397e+03 
2.788586e-01 1.066537e+03 1.084696e+03 
2.818788e-01 1.045540e+03 1.062643e+03 
2.848990e-01 1.025291e+03 1.041214e+03 
2.879192e-01 1.005730e+03 1.020387e+03 
2.909394e-01 9.867858e+02 1.000141e+03 
2.939596e-01 9.683748e+02 9.804543e+02 
2.969798e-01 9.503947e+02 9.613077e+02 
3.000000e-01 9.327550e+02 9.426823e+02 
