1.000000e-03 4.823635e+03 4.823631e+03 
4.020202e-03 1.624579e+04 1.637437e+04 
7.040404e-03 2.387321e+04 2.406387e+04 
1.006061e-02 2.860977e+04 2.886329e+04 
1.308081e-02 3.113605e+04 3.148517e+04 
1.610101e-02 3.196464e+04 3.235118e+04 
1.912121e-02 3.151346e+04 3.178022e+04 
2.214141e-02 3.014500e+04 3.015734e+04 
2.516162e-02 2.817430e+04 2.794762e+04 
2.818182e-02 2.587292e+04 2.557362e+04 
3.120202e-02 2.346249e+04 2.331054e+04 
3.422222e-02 2.111277e+04 2.128112e+04 
3.724242e-02 1.894176e+04 1.950897e+04 
4.026263e-02 1.702405e+04 1.797195e+04 
4.328283e-02 1.538541e+04 1.663421e+04 
4.630303e-02 1.403101e+04 1.546073e+04 
4.932323e-02 1.296055e+04 1.442194e+04 
5.234343e-02 1.213641e+04 1.349434e+04 
5.536364e-02 1.151180e+04 1.265958e+04 
5.838384e-02 1.104352e+04 1.190340e+04 
6.140404e-02 1.069400e+04 1.121458e+04 
6.442424e-02 1.041986e+04 1.058418e+04 
6.744444e-02 1.017968e+04 1.000500e+04 
7.046465e-02 9.940174e+03 9.471084e+03 
7.348485e-02 9.674105e+03 8.977496e+03 
7.650505e-02 9.362720e+03 8.520053e+03 
7.952525e-02 8.996686e+03 8.095174e+03 
8.254545e-02 8.576302e+03 7.699768e+03 
8.556566e-02 8.109814e+03 7.331137e+03 
8.858586e-02 7.610673e+03 6.986912e+03 
9.160606e-02 7.095510e+03 6.664994e+03 
9.462626e-02 6.582418e+03 6.363520e+03 
9.764646e-02 6.088898e+03 6.080823e+03 
1.006667e-01 5.630612e+03 5.815408e+03 
1.036869e-01 5.219844e+03 5.565928e+03 
1.067071e-01 4.865153e+03 5.331166e+03 
1.097273e-01 4.569487e+03 5.110020e+03 
1.127475e-01 4.332123e+03 4.901490e+03 
1.157677e-01 4.148557e+03 4.704663e+03 
1.187879e-01 4.012401e+03 4.518710e+03 
1.218081e-01 3.915429e+03 4.342871e+03 
1.248283e-01 3.848751e+03 4.176450e+03 
1.278485e-01 3.803031e+03 4.018810e+03 
1.308687e-01 3.768777e+03 3.869367e+03 
1.338889e-01 3.736701e+03 3.727581e+03 
1.369091e-01 3.698472e+03 3.592957e+03 
1.399293e-01 3.647184e+03 3.465037e+03 
1.429495e-01 3.578143e+03 3.343401e+03 
1.459697e-01 3.489016e+03 3.227658e+03 
1.489899e-01 3.379661e+03 3.117447e+03 
1.520101e-01 3.252164e+03 3.012434e+03 
1.550303e-01 3.110015e+03 2.912308e+03 
1.580505e-01 2.958188e+03 2.816782e+03 
1.610707e-01 2.802185e+03 2.725589e+03 
1.640909e-01 2.647825e+03 2.638480e+03 
1.671111e-01 2.500461e+03 2.555223e+03 
1.701313e-01 2.364798e+03 2.475602e+03 
1.731515e-01 2.244009e+03 2.399417e+03 
1.761717e-01 2.140134e+03 2.326480e+03 
1.791919e-01 2.053635e+03 2.256614e+03 
1.822121e-01 1.984118e+03 2.189656e+03 
1.852323e-01 1.930300e+03 2.125453e+03 
1.882525e-01 1.890314e+03 2.063860e+03 
1.912727e-01 1.861816e+03 2.004743e+03 
1.942929e-01 1.842006e+03 1.947976e+03 
1.973131e-01 1.827853e+03 1.893440e+03 
2.003333e-01 1.816170e+03 1.841023e+03 
2.033535e-01 1.803931e+03 1.790622e+03 
2.063737e-01 1.788429e+03 1.742137e+03 
2.093939e-01 1.767622e+03 1.695476e+03 
2.124141e-01 1.740094e+03 1.650551e+03 
2.154343e-01 1.705310e+03 1.607282e+03 
2.184545e-01 1.663321e+03 1.565589e+03 
2.214747e-01 1.614935e+03 1.525400e+03 
2.244949e-01 1.561400e+03 1.486646e+03 
2.275152e-01 1.504407e+03 1.449261e+03 
2.305354e-01 1.445802e+03 1.413185e+03 
2.335556e-01 1.387488e+03 1.378358e+03 
2.365758e-01 1.331219e+03 1.344725e+03 
2.395960e-01 1.278548e+03 1.312236e+03 
2.426162e-01 1.230632e+03 1.280839e+03 
2.456364e-01 1.188285e+03 1.250488e+03 
2.486566e-01 1.151919e+03 1.221139e+03 
2.516768e-01 1.121582e+03 1.192749e+03 
2.546970e-01 1.097016e+03 1.165279e+03 
2.577172e-01 1.077603e+03 1.138690e+03 
2.607374e-01 1.062512e+03 1.112947e+03 
2.637576e-01 1.050691e+03 1.088015e+03 
2.667778e-01 1.041021e+03 1.063862e+03 
2.697980e-01 1.032357e+03 1.040456e+03 
2.728182e-01 1.023669e+03 1.017768e+03 
2.758384e-01 1.014051e+03 9.957702e+02 
2.788586e-01 1.002802e+03 9.744352e+02 
2.818788e-01 9.893861e+02 9.537378e+02 
2.848990e-01 9.735082e+02 9.336537e+02 
2.879192e-01 9.550803e+02 9.141596e+02 
2.909394e-01 9.342491e+02 8.952334e+02 
2.939596e-01 9.113869e+02 8.768539e+02 
2.969798e-01 8.870275e+02 8.590010e+02 
3.000000e-01 8.618270e+02 8.416553e+02 
