1.000000e-03 2.196965e+03 2.196963e+03 
4.020202e-03 7.247042e+03 7.309661e+03 
7.040404e-03 1.057680e+04 1.064816e+04 
1.006061e-02 1.269847e+04 1.272477e+04 
1.308081e-02 1.397341e+04 1.392954e+04 
1.610101e-02 1.464998e+04 1.453154e+04 
1.912121e-02 1.490303e+04 1.472424e+04 
2.214141e-02 1.486036e+04 1.464898e+04 
2.516162e-02 1.461628e+04 1.440349e+04 
2.818182e-02 1.424146e+04 1.405162e+04 
3.120202e-02 1.378699e+04 1.363465e+04 
3.422222e-02 1.328969e+04 1.317980e+04 
3.724242e-02 1.277628e+04 1.270551e+04 
4.026263e-02 1.226058e+04 1.222443e+04 
4.328283e-02 1.174609e+04 1.174532e+04 
4.630303e-02 1.125578e+04 1.127419e+04 
4.932323e-02 1.079068e+04 1.081510e+04 
5.234343e-02 1.033842e+04 1.037070e+04 
5.536364e-02 9.898745e+03 9.942647e+03 
5.838384e-02 9.474622e+03 9.531848e+03 
6.140404e-02 9.070083e+03 9.138697e+03 
6.442424e-02 8.685380e+03 8.763214e+03 
6.744444e-02 8.317577e+03 8.405155e+03 
7.046465e-02 7.965385e+03 8.064094e+03 
7.348485e-02 7.629268e+03 7.739482e+03 
7.650505e-02 7.310167e+03 7.430693e+03 
7.952525e-02 7.009664e+03 7.137054e+03 
8.254545e-02 6.728509e+03 6.857870e+03 
8.556566e-02 6.465034e+03 6.592442e+03 
8.858586e-02 6.217131e+03 6.340074e+03 
9.160606e-02 5.982531e+03 6.100090e+03 
9.462626e-02 5.759105e+03 5.871832e+03 
9.764646e-02 5.546266e+03 5.654667e+03 
1.006667e-01 5.344151e+03 5.447991e+03 
1.036869e-01 5.152353e+03 5.251229e+03 
1.067071e-01 4.970018e+03 5.063832e+03 
1.097273e-01 4.796100e+03 4.885283e+03 
1.127475e-01 4.629318e+03 4.715092e+03 
1.157677e-01 4.468762e+03 4.552797e+03 
1.187879e-01 4.314339e+03 4.397964e+03 
1.218081e-01 4.166144e+03 4.250182e+03 
1.248283e-01 4.024586e+03 4.109065e+03 
1.278485e-01 3.890059e+03 3.974250e+03 
1.308687e-01 3.762402e+03 3.845398e+03 
1.338889e-01 3.641236e+03 3.722186e+03 
1.369091e-01 3.526081e+03 3.604314e+03 
1.399293e-01 3.416395e+03 3.491499e+03 
1.429495e-01 3.311678e+03 3.383475e+03 
1.459697e-01 3.211469e+03 3.279992e+03 
1.489899e-01 3.115339e+03 3.180813e+03 
1.520101e-01 3.023079e+03 3.085719e+03 
1.550303e-01 2.934595e+03 2.994502e+03 
1.580505e-01 2.849757e+03 2.906964e+03 
1.610707e-01 2.768289e+03 2.822922e+03 
1.640909e-01 2.689886e+03 2.742203e+03 
1.671111e-01 2.614315e+03 2.664643e+03 
1.701313e-01 2.541463e+03 2.590088e+03 
1.731515e-01 2.471236e+03 2.518392e+03 
1.761717e-01 2.403613e+03 2.449419e+03 
1.791919e-01 2.338637e+03 2.383040e+03 
1.822121e-01 2.276324e+03 2.319131e+03 
1.852323e-01 2.216496e+03 2.257578e+03 
1.882525e-01 2.158893e+03 2.198273e+03 
1.912727e-01 2.103309e+03 2.141111e+03 
1.942929e-01 2.049685e+03 2.085997e+03 
1.973131e-01 1.997989e+03 2.032836e+03 
2.003333e-01 1.948170e+03 1.981543e+03 
2.033535e-01 1.900157e+03 1.932035e+03 
2.063737e-01 1.853871e+03 1.884234e+03 
2.093939e-01 1.809187e+03 1.838065e+03 
2.124141e-01 1.765952e+03 1.793458e+03 
2.154343e-01 1.724032e+03 1.750347e+03 
2.184545e-01 1.683412e+03 1.708668e+03 
2.214747e-01 1.644114e+03 1.668361e+03 
2.244949e-01 1.606137e+03 1.629369e+03 
2.275152e-01 1.569424e+03 1.591638e+03 
2.305354e-01 1.533912e+03 1.555115e+03 
2.335556e-01 1.499537e+03 1.519754e+03 
2.365758e-01 1.466233e+03 1.485505e+03 
2.395960e-01 1.433937e+03 1.452326e+03 
2.426162e-01 1.402619e+03 1.420174e+03 
2.456364e-01 1.372264e+03 1.389008e+03 
2.486566e-01 1.342854e+03 1.358791e+03 
2.516768e-01 1.314346e+03 1.329485e+03 
2.546970e-01 1.286692e+03 1.301056e+03 
2.577172e-01 1.259846e+03 1.273470e+03 
2.607374e-01 1.233772e+03 1.246696e+03 
2.637576e-01 1.208436e+03 1.220704e+03 
2.667778e-01 1.183813e+03 1.195464e+03 
2.697980e-01 1.159891e+03 1.170948e+03 
2.728182e-01 1.136657e+03 1.147131e+03 
2.758384e-01 1.114084e+03 1.123987e+03 
2.788586e-01 1.092143e+03 1.101492e+03 
2.818788e-01 1.070805e+03 1.079623e+03 
2.848990e-01 1.050044e+03 1.058357e+03 
2.879192e-01 1.029834e+03 1.037674e+03 
2.909394e-01 1.010155e+03 1.017553e+03 
2.939596e-01 9.910021e+02 9.979739e+02 
2.969798e-01 9.723672e+02 9.789193e+02 
3.000000e-01 9.542339e+02 9.603709e+02 
