1.000000e-03 3.875358e+03 3.875355e+03 
4.020202e-03 1.313293e+04 1.323680e+04 
7.040404e-03 1.932265e+04 1.946754e+04 
1.006061e-02 2.317951e+04 2.334800e+04 
1.308081e-02 2.527055e+04 2.547116e+04 
1.610101e-02 2.602116e+04 2.620614e+04 
1.912121e-02 2.577409e+04 2.584849e+04 
2.214141e-02 2.481907e+04 2.473431e+04 
2.516162e-02 2.340434e+04 2.322313e+04 
2.818182e-02 2.173852e+04 2.160499e+04 
3.120202e-02 1.998952e+04 2.005036e+04 
3.422222e-02 1.828345e+04 1.862938e+04 
3.724242e-02 1.670675e+04 1.735488e+04 
4.026263e-02 1.531303e+04 1.621547e+04 
4.328283e-02 1.412050e+04 1.519312e+04 
4.630303e-02 1.312639e+04 1.427027e+04 
4.932323e-02 1.233339e+04 1.343205e+04 
5.234343e-02 1.171137e+04 1.266646e+04 
5.536364e-02 1.121759e+04 1.196389e+04 
5.838384e-02 1.082076e+04 1.131663e+04 
6.140404e-02 1.048905e+04 1.071839e+04 
6.442424e-02 1.019066e+04 1.016398e+04 
6.744444e-02 9.896418e+03 9.649011e+03 
7.046465e-02 9.584584e+03 9.169731e+03 
7.348485e-02 9.240757e+03 8.722898e+03 
7.650505e-02 8.858051e+03 8.305672e+03 
7.952525e-02 8.437767e+03 7.915542e+03 
8.254545e-02 7.987883e+03 7.550276e+03 
8.556566e-02 7.520495e+03 7.207875e+03 
8.858586e-02 7.049746e+03 6.886541e+03 
9.160606e-02 6.589648e+03 6.584651e+03 
9.462626e-02 6.153121e+03 6.300736e+03 
9.764646e-02 5.751741e+03 6.033459e+03 
1.006667e-01 5.393894e+03 5.781604e+03 
1.036869e-01 5.085306e+03 5.544063e+03 
1.067071e-01 4.827300e+03 5.319821e+03 
1.097273e-01 4.618260e+03 5.107949e+03 
1.127475e-01 4.452725e+03 4.907595e+03 
1.157677e-01 4.323620e+03 4.717980e+03 
1.187879e-01 4.222585e+03 4.538382e+03 
1.218081e-01 4.141148e+03 4.368142e+03 
1.248283e-01 4.070935e+03 4.206649e+03 
1.278485e-01 4.004181e+03 4.053341e+03 
1.308687e-01 3.933888e+03 3.907697e+03 
1.338889e-01 3.854556e+03 3.769239e+03 
1.369091e-01 3.762347e+03 3.637521e+03 
1.399293e-01 3.655496e+03 3.512131e+03 
1.429495e-01 3.534340e+03 3.392687e+03 
1.459697e-01 3.400876e+03 3.278836e+03 
1.489899e-01 3.258507e+03 3.170247e+03 
1.520101e-01 3.111283e+03 3.066614e+03 
1.550303e-01 2.963608e+03 2.967653e+03 
1.580505e-01 2.819822e+03 2.873099e+03 
1.610707e-01 2.684017e+03 2.782703e+03 
1.640909e-01 2.559533e+03 2.696236e+03 
1.671111e-01 2.448894e+03 2.613481e+03 
1.701313e-01 2.353252e+03 2.534237e+03 
1.731515e-01 2.272794e+03 2.458317e+03 
1.761717e-01 2.206475e+03 2.385544e+03 
1.791919e-01 2.152658e+03 2.315753e+03 
1.822121e-01 2.109129e+03 2.248789e+03 
1.852323e-01 2.073489e+03 2.184507e+03 
1.882525e-01 2.043209e+03 2.122772e+03 
1.912727e-01 2.015754e+03 2.063456e+03 
1.942929e-01 1.988651e+03 2.006438e+03 
1.973131e-01 1.959709e+03 1.951606e+03 
2.003333e-01 1.927116e+03 1.898853e+03 
2.033535e-01 1.889760e+03 1.848079e+03 
2.063737e-01 1.847159e+03 1.799190e+03 
2.093939e-01 1.799536e+03 1.752098e+03 
2.124141e-01 1.747655e+03 1.706718e+03 
2.154343e-01 1.692661e+03 1.662971e+03 
2.184545e-01 1.635947e+03 1.620783e+03 
2.214747e-01 1.578979e+03 1.580083e+03 
2.244949e-01 1.523190e+03 1.540805e+03 
2.275152e-01 1.469889e+03 1.502884e+03 
2.305354e-01 1.420186e+03 1.466262e+03 
2.335556e-01 1.374865e+03 1.430882e+03 
2.365758e-01 1.334404e+03 1.396690e+03 
2.395960e-01 1.298916e+03 1.363636e+03 
2.426162e-01 1.268274e+03 1.331671e+03 
2.456364e-01 1.242056e+03 1.300749e+03 
2.486566e-01 1.219670e+03 1.270828e+03 
2.516768e-01 1.200332e+03 1.241866e+03 
2.546970e-01 1.183162e+03 1.213823e+03 
2.577172e-01 1.167220e+03 1.186663e+03 
2.607374e-01 1.151615e+03 1.160350e+03 
2.637576e-01 1.135537e+03 1.134850e+03 
2.667778e-01 1.118406e+03 1.110132e+03 
2.697980e-01 1.099822e+03 1.086165e+03 
2.728182e-01 1.079641e+03 1.062919e+03 
2.758384e-01 1.057883e+03 1.040368e+03 
2.788586e-01 1.034727e+03 1.018484e+03 
2.818788e-01 1.010465e+03 9.972421e+02 
2.848990e-01 9.854688e+02 9.766186e+02 
2.879192e-01 9.601947e+02 9.565904e+02 
2.909394e-01 9.351265e+02 9.371355e+02 
2.939596e-01 9.107469e+02 9.182330e+02 
2.969798e-01 8.874876e+02 8.998628e+02 
3.000000e-01 8.657010e+02 8.820058e+02 
