1.000000e-03 2.783158e+03 2.783156e+03 
4.020202e-03 9.305525e+03 9.378983e+03 
7.040404e-03 1.363714e+04 1.372484e+04 
1.006061e-02 1.636370e+04 1.642410e+04 
1.308081e-02 1.791528e+04 1.793320e+04 
1.610101e-02 1.860293e+04 1.855826e+04 
1.912121e-02 1.866338e+04 1.854482e+04 
2.214141e-02 1.828519e+04 1.812171e+04 
2.516162e-02 1.762106e+04 1.748013e+04 
2.818182e-02 1.679331e+04 1.674760e+04 
3.120202e-02 1.589644e+04 1.599343e+04 
3.422222e-02 1.499946e+04 1.525016e+04 
3.724242e-02 1.414866e+04 1.453170e+04 
4.026263e-02 1.337251e+04 1.384359e+04 
4.328283e-02 1.267373e+04 1.318774e+04 
4.630303e-02 1.205881e+04 1.256449e+04 
4.932323e-02 1.153215e+04 1.197339e+04 
5.234343e-02 1.106646e+04 1.141360e+04 
5.536364e-02 1.064020e+04 1.088403e+04 
5.838384e-02 1.024085e+04 1.038344e+04 
6.140404e-02 9.858250e+03 9.910507e+03 
6.442424e-02 9.481617e+03 9.463845e+03 
6.744444e-02 9.101052e+03 9.042068e+03 
7.046465e-02 8.712641e+03 8.643800e+03 
7.348485e-02 8.316850e+03 8.267691e+03 
7.650505e-02 7.917850e+03 7.912439e+03 
7.952525e-02 7.523149e+03 7.576792e+03 
8.254545e-02 7.140778e+03 7.259556e+03 
8.556566e-02 6.777988e+03 6.959598e+03 
8.858586e-02 6.439648e+03 6.675849e+03 
9.160606e-02 6.128793e+03 6.407303e+03 
9.462626e-02 5.846977e+03 6.153013e+03 
9.764646e-02 5.595019e+03 5.912092e+03 
1.006667e-01 5.372446e+03 5.683712e+03 
1.036869e-01 5.177345e+03 5.467096e+03 
1.067071e-01 5.006019e+03 5.261521e+03 
1.097273e-01 4.853138e+03 5.066310e+03 
1.127475e-01 4.712919e+03 4.880833e+03 
1.157677e-01 4.579464e+03 4.704501e+03 
1.187879e-01 4.448472e+03 4.536767e+03 
1.218081e-01 4.316785e+03 4.377119e+03 
1.248283e-01 4.182953e+03 4.225080e+03 
1.278485e-01 4.046446e+03 4.080205e+03 
1.308687e-01 3.907768e+03 3.942078e+03 
1.338889e-01 3.767931e+03 3.810312e+03 
1.369091e-01 3.628628e+03 3.684545e+03 
1.399293e-01 3.491744e+03 3.564439e+03 
1.429495e-01 3.359251e+03 3.449679e+03 
1.459697e-01 3.232953e+03 3.339967e+03 
1.489899e-01 3.114261e+03 3.235029e+03 
1.520101e-01 3.004200e+03 3.134606e+03 
1.550303e-01 2.903254e+03 3.038454e+03 
1.580505e-01 2.811494e+03 2.946348e+03 
1.610707e-01 2.728528e+03 2.858075e+03 
1.640909e-01 2.653487e+03 2.773434e+03 
1.671111e-01 2.585071e+03 2.692239e+03 
1.701313e-01 2.521758e+03 2.614314e+03 
1.731515e-01 2.461905e+03 2.539493e+03 
1.761717e-01 2.404142e+03 2.467622e+03 
1.791919e-01 2.347314e+03 2.398553e+03 
1.822121e-01 2.290734e+03 2.332150e+03 
1.852323e-01 2.233954e+03 2.268283e+03 
1.882525e-01 2.176747e+03 2.206830e+03 
1.912727e-01 2.119044e+03 2.147676e+03 
1.942929e-01 2.061096e+03 2.090713e+03 
1.973131e-01 2.003306e+03 2.035837e+03 
2.003333e-01 1.946297e+03 1.982954e+03 
2.033535e-01 1.890729e+03 1.931970e+03 
2.063737e-01 1.837260e+03 1.882800e+03 
2.093939e-01 1.786377e+03 1.835363e+03 
2.124141e-01 1.738299e+03 1.789581e+03 
2.154343e-01 1.693117e+03 1.745380e+03 
2.184545e-01 1.650795e+03 1.702693e+03 
2.214747e-01 1.611208e+03 1.661453e+03 
2.244949e-01 1.574151e+03 1.621597e+03 
2.275152e-01 1.539337e+03 1.583068e+03 
2.305354e-01 1.506415e+03 1.545809e+03 
2.335556e-01 1.474965e+03 1.509767e+03 
2.365758e-01 1.444551e+03 1.474892e+03 
2.395960e-01 1.414844e+03 1.441135e+03 
2.426162e-01 1.385589e+03 1.408451e+03 
2.456364e-01 1.356651e+03 1.376797e+03 
2.486566e-01 1.327946e+03 1.346132e+03 
2.516768e-01 1.299450e+03 1.316416e+03 
2.546970e-01 1.271168e+03 1.287611e+03 
2.577172e-01 1.243152e+03 1.259684e+03 
2.607374e-01 1.215498e+03 1.232598e+03 
2.637576e-01 1.188370e+03 1.206323e+03 
2.667778e-01 1.161947e+03 1.180827e+03 
2.697980e-01 1.136414e+03 1.156081e+03 
2.728182e-01 1.111894e+03 1.132056e+03 
2.758384e-01 1.088437e+03 1.108727e+03 
2.788586e-01 1.066025e+03 1.086067e+03 
2.818788e-01 1.044589e+03 1.064052e+03 
2.848990e-01 1.024052e+03 1.042658e+03 
2.879192e-01 1.004332e+03 1.021864e+03 
2.909394e-01 9.853584e+02 1.001647e+03 
2.939596e-01 9.670613e+02 9.819880e+02 
2.969798e-01 9.493537e+02 9.628664e+02 
3.000000e-01 9.321395e+02 9.442638e+02 
