1.000000e-03 2.707405e+03 2.707402e+03 
4.020202e-03 8.945769e+03 9.017027e+03 
7.040404e-03 1.302677e+04 1.310542e+04 
1.006061e-02 1.556992e+04 1.560640e+04 
1.308081e-02 1.701404e+04 1.698808e+04 
1.610101e-02 1.766736e+04 1.756687e+04 
1.912121e-02 1.775710e+04 1.758901e+04 
2.214141e-02 1.745868e+04 1.726300e+04 
2.516162e-02 1.690873e+04 1.674626e+04 
2.818182e-02 1.621378e+04 1.613780e+04 
3.120202e-02 1.545403e+04 1.549223e+04 
3.422222e-02 1.468625e+04 1.483830e+04 
3.724242e-02 1.394766e+04 1.419143e+04 
4.026263e-02 1.325959e+04 1.356029e+04 
4.328283e-02 1.263003e+04 1.294997e+04 
4.630303e-02 1.205567e+04 1.236342e+04 
4.932323e-02 1.153565e+04 1.180223e+04 
5.234343e-02 1.106141e+04 1.126710e+04 
5.536364e-02 1.061190e+04 1.075808e+04 
5.838384e-02 1.017946e+04 1.027478e+04 
6.140404e-02 9.761921e+03 9.816510e+03 
6.442424e-02 9.351765e+03 9.382392e+03 
6.744444e-02 8.944627e+03 8.971414e+03 
7.046465e-02 8.540363e+03 8.582494e+03 
7.348485e-02 8.141726e+03 8.214519e+03 
7.650505e-02 7.753422e+03 7.866375e+03 
7.952525e-02 7.381714e+03 7.536960e+03 
8.254545e-02 7.031612e+03 7.225208e+03 
8.556566e-02 6.706400e+03 6.930089e+03 
8.858586e-02 6.406748e+03 6.650620e+03 
9.160606e-02 6.132297e+03 6.385867e+03 
9.462626e-02 5.882111e+03 6.134943e+03 
9.764646e-02 5.655043e+03 5.897017e+03 
1.006667e-01 5.449308e+03 5.671301e+03 
1.036869e-01 5.262110e+03 5.457060e+03 
1.067071e-01 5.089373e+03 5.253603e+03 
1.097273e-01 4.926478e+03 5.060282e+03 
1.127475e-01 4.769464e+03 4.876493e+03 
1.157677e-01 4.614952e+03 4.701669e+03 
1.187879e-01 4.461581e+03 4.535281e+03 
1.218081e-01 4.309060e+03 4.376835e+03 
1.248283e-01 4.157938e+03 4.225869e+03 
1.278485e-01 4.009171e+03 4.081952e+03 
1.308687e-01 3.863931e+03 3.944679e+03 
1.338889e-01 3.723466e+03 3.813675e+03 
1.369091e-01 3.588920e+03 3.688585e+03 
1.399293e-01 3.461326e+03 3.569081e+03 
1.429495e-01 3.341254e+03 3.454854e+03 
1.459697e-01 3.229030e+03 3.345615e+03 
1.489899e-01 3.124592e+03 3.241094e+03 
1.520101e-01 3.027675e+03 3.141037e+03 
1.550303e-01 2.937705e+03 3.045208e+03 
1.580505e-01 2.853953e+03 2.953383e+03 
1.610707e-01 2.775467e+03 2.865354e+03 
1.640909e-01 2.701207e+03 2.780924e+03 
1.671111e-01 2.630085e+03 2.699910e+03 
1.701313e-01 2.561069e+03 2.622138e+03 
1.731515e-01 2.493501e+03 2.547446e+03 
1.761717e-01 2.426934e+03 2.475681e+03 
1.791919e-01 2.361341e+03 2.406698e+03 
1.822121e-01 2.296835e+03 2.340363e+03 
1.852323e-01 2.233543e+03 2.276547e+03 
1.882525e-01 2.171616e+03 2.215131e+03 
1.912727e-01 2.111283e+03 2.155999e+03 
1.942929e-01 2.052812e+03 2.099047e+03 
1.973131e-01 1.996544e+03 2.044171e+03 
2.003333e-01 1.942796e+03 1.991277e+03 
2.033535e-01 1.891688e+03 1.940274e+03 
2.063737e-01 1.843244e+03 1.891077e+03 
2.093939e-01 1.797292e+03 1.843606e+03 
2.124141e-01 1.753606e+03 1.797782e+03 
2.154343e-01 1.711941e+03 1.753536e+03 
2.184545e-01 1.672058e+03 1.710796e+03 
2.214747e-01 1.633749e+03 1.669500e+03 
2.244949e-01 1.596805e+03 1.629584e+03 
2.275152e-01 1.561003e+03 1.590991e+03 
2.305354e-01 1.526132e+03 1.553665e+03 
2.335556e-01 1.492046e+03 1.517552e+03 
2.365758e-01 1.458648e+03 1.482605e+03 
2.395960e-01 1.425959e+03 1.448773e+03 
2.426162e-01 1.394021e+03 1.416013e+03 
2.456364e-01 1.362871e+03 1.384281e+03 
2.486566e-01 1.332533e+03 1.353537e+03 
2.516768e-01 1.303010e+03 1.323740e+03 
2.546970e-01 1.274312e+03 1.294855e+03 
2.577172e-01 1.246486e+03 1.266845e+03 
2.607374e-01 1.219585e+03 1.239677e+03 
2.637576e-01 1.193652e+03 1.213320e+03 
2.667778e-01 1.168704e+03 1.187741e+03 
2.697980e-01 1.144690e+03 1.162912e+03 
2.728182e-01 1.121538e+03 1.138804e+03 
2.758384e-01 1.099144e+03 1.115392e+03 
2.788586e-01 1.077414e+03 1.092649e+03 
2.818788e-01 1.056282e+03 1.070552e+03 
2.848990e-01 1.035705e+03 1.049077e+03 
2.879192e-01 1.015671e+03 1.028201e+03 
2.909394e-01 9.961657e+02 1.007903e+03 
2.939596e-01 9.771527e+02 9.881635e+02 
2.969798e-01 9.585929e+02 9.689621e+02 
3.000000e-01 9.404442e+02 9.502804e+02 
