1.000000e-03 3.837311e+03 3.837307e+03 
4.020202e-03 1.250717e+04 1.260517e+04 
7.040404e-03 1.799674e+04 1.811141e+04 
1.006061e-02 2.124752e+04 2.133711e+04 
1.308081e-02 2.290203e+04 2.295179e+04 
1.610101e-02 2.340977e+04 2.338388e+04 
1.912121e-02 2.311003e+04 2.298276e+04 
2.214141e-02 2.226985e+04 2.208362e+04 
2.516162e-02 2.110461e+04 2.096281e+04 
2.818182e-02 1.978367e+04 1.979388e+04 
3.120202e-02 1.843387e+04 1.866026e+04 
3.422222e-02 1.714391e+04 1.759239e+04 
3.724242e-02 1.596832e+04 1.659666e+04 
4.026263e-02 1.493447e+04 1.567059e+04 
4.328283e-02 1.404743e+04 1.480923e+04 
4.630303e-02 1.329471e+04 1.400732e+04 
4.932323e-02 1.266236e+04 1.326003e+04 
5.234343e-02 1.212531e+04 1.256303e+04 
5.536364e-02 1.164764e+04 1.191241e+04 
5.838384e-02 1.120467e+04 1.130465e+04 
6.140404e-02 1.077592e+04 1.073654e+04 
6.442424e-02 1.034420e+04 1.020514e+04 
6.744444e-02 9.899744e+03 9.707730e+03 
7.046465e-02 9.438915e+03 9.241814e+03 
7.348485e-02 8.963736e+03 8.805086e+03 
7.650505e-02 8.481950e+03 8.395416e+03 
7.952525e-02 8.004427e+03 8.010839e+03 
8.254545e-02 7.542613e+03 7.649541e+03 
8.556566e-02 7.106542e+03 7.309852e+03 
8.858586e-02 6.704002e+03 6.990229e+03 
9.160606e-02 6.340698e+03 6.689252e+03 
9.462626e-02 6.020061e+03 6.405612e+03 
9.764646e-02 5.742549e+03 6.138100e+03 
1.006667e-01 5.506381e+03 5.885604e+03 
1.036869e-01 5.306243e+03 5.647097e+03 
1.067071e-01 5.135198e+03 5.421634e+03 
1.097273e-01 4.984810e+03 5.208339e+03 
1.127475e-01 4.847211e+03 5.006408e+03 
1.157677e-01 4.715305e+03 4.815094e+03 
1.187879e-01 4.583689e+03 4.633709e+03 
1.218081e-01 4.448219e+03 4.461617e+03 
1.248283e-01 4.306701e+03 4.298226e+03 
1.278485e-01 4.158258e+03 4.142993e+03 
1.308687e-01 4.003951e+03 3.995410e+03 
1.338889e-01 3.845958e+03 3.855009e+03 
1.369091e-01 3.687621e+03 3.721355e+03 
1.399293e-01 3.532178e+03 3.594042e+03 
1.429495e-01 3.382636e+03 3.472695e+03 
1.459697e-01 3.241441e+03 3.356965e+03 
1.489899e-01 3.110614e+03 3.246527e+03 
1.520101e-01 2.991483e+03 3.141076e+03 
1.550303e-01 2.884878e+03 3.040331e+03 
1.580505e-01 2.790855e+03 2.944028e+03 
1.610707e-01 2.708618e+03 2.851921e+03 
1.640909e-01 2.636285e+03 2.763781e+03 
1.671111e-01 2.571587e+03 2.679392e+03 
1.701313e-01 2.512029e+03 2.598554e+03 
1.731515e-01 2.455451e+03 2.521078e+03 
1.761717e-01 2.400000e+03 2.446788e+03 
1.791919e-01 2.344470e+03 2.375519e+03 
1.822121e-01 2.287948e+03 2.307116e+03 
1.852323e-01 2.229807e+03 2.241433e+03 
1.882525e-01 2.169771e+03 2.178334e+03 
1.912727e-01 2.108033e+03 2.117690e+03 
1.942929e-01 2.045181e+03 2.059381e+03 
1.973131e-01 1.982140e+03 2.003293e+03 
2.003333e-01 1.920015e+03 1.949319e+03 
2.033535e-01 1.859933e+03 1.897357e+03 
2.063737e-01 1.802718e+03 1.847314e+03 
2.093939e-01 1.748979e+03 1.799099e+03 
2.124141e-01 1.698990e+03 1.752627e+03 
2.154343e-01 1.652854e+03 1.707819e+03 
2.184545e-01 1.610485e+03 1.664600e+03 
2.214747e-01 1.571628e+03 1.622897e+03 
2.244949e-01 1.535877e+03 1.582643e+03 
2.275152e-01 1.502714e+03 1.543774e+03 
2.305354e-01 1.471556e+03 1.506230e+03 
2.335556e-01 1.441797e+03 1.469954e+03 
2.365758e-01 1.412863e+03 1.434890e+03 
2.395960e-01 1.384289e+03 1.400988e+03 
2.426162e-01 1.355706e+03 1.368199e+03 
2.456364e-01 1.326874e+03 1.336476e+03 
2.486566e-01 1.297709e+03 1.305774e+03 
2.516768e-01 1.268276e+03 1.276053e+03 
2.546970e-01 1.238750e+03 1.247273e+03 
2.577172e-01 1.209376e+03 1.219395e+03 
2.607374e-01 1.180447e+03 1.192383e+03 
2.637576e-01 1.152244e+03 1.166204e+03 
2.667778e-01 1.124979e+03 1.140824e+03 
2.697980e-01 1.098825e+03 1.116212e+03 
2.728182e-01 1.073910e+03 1.092340e+03 
2.758384e-01 1.050298e+03 1.069178e+03 
2.788586e-01 1.027987e+03 1.046699e+03 
2.818788e-01 1.006926e+03 1.024878e+03 
2.848990e-01 9.870249e+02 1.003691e+03 
2.879192e-01 9.681258e+02 9.831138e+02 
2.909394e-01 9.500499e+02 9.631239e+02 
2.939596e-01 9.326174e+02 9.437001e+02 
2.969798e-01 9.156646e+02 9.248220e+02 
3.000000e-01 8.990564e+02 9.064700e+02 
