1.000000e-03 4.441199e+03 4.441195e+03 
4.020202e-03 1.474199e+04 1.485915e+04 
7.040404e-03 2.138618e+04 2.154258e+04 
1.006061e-02 2.535810e+04 2.553203e+04 
1.308081e-02 2.736568e+04 2.756041e+04 
1.610101e-02 2.792152e+04 2.807827e+04 
1.912121e-02 2.742637e+04 2.745127e+04 
2.214141e-02 2.621167e+04 2.608115e+04 
2.516162e-02 2.455337e+04 2.436593e+04 
2.818182e-02 2.267858e+04 2.259876e+04 
3.120202e-02 2.076343e+04 2.093489e+04 
3.422222e-02 1.893588e+04 1.942839e+04 
3.724242e-02 1.727868e+04 1.808169e+04 
4.026263e-02 1.583863e+04 1.687808e+04 
4.328283e-02 1.462439e+04 1.579714e+04 
4.630303e-02 1.362618e+04 1.482038e+04 
4.932323e-02 1.284039e+04 1.393254e+04 
5.234343e-02 1.222471e+04 1.312137e+04 
5.536364e-02 1.173121e+04 1.237709e+04 
5.838384e-02 1.132711e+04 1.169177e+04 
6.140404e-02 1.097251e+04 1.105889e+04 
6.442424e-02 1.063404e+04 1.047299e+04 
6.744444e-02 1.028750e+04 9.929441e+03 
7.046465e-02 9.914020e+03 9.424242e+03 
7.348485e-02 9.503110e+03 8.953907e+03 
7.650505e-02 9.052669e+03 8.515372e+03 
7.952525e-02 8.568522e+03 8.105918e+03 
8.254545e-02 8.063075e+03 7.723120e+03 
8.556566e-02 7.551801e+03 7.364806e+03 
8.858586e-02 7.051003e+03 7.029020e+03 
9.160606e-02 6.575822e+03 6.713995e+03 
9.462626e-02 6.138563e+03 6.418133e+03 
9.764646e-02 5.749010e+03 6.139983e+03 
1.006667e-01 5.412527e+03 5.878224e+03 
1.036869e-01 5.131174e+03 5.631654e+03 
1.067071e-01 4.902172e+03 5.399175e+03 
1.097273e-01 4.720186e+03 5.179783e+03 
1.127475e-01 4.577418e+03 4.972560e+03 
1.157677e-01 4.464891e+03 4.776663e+03 
1.187879e-01 4.372967e+03 4.591318e+03 
1.218081e-01 4.292359e+03 4.415816e+03 
1.248283e-01 4.214323e+03 4.249503e+03 
1.278485e-01 4.131324e+03 4.091775e+03 
1.308687e-01 4.037582e+03 3.942078e+03 
1.338889e-01 3.929744e+03 3.799900e+03 
1.369091e-01 3.806904e+03 3.664766e+03 
1.399293e-01 3.670196e+03 3.536238e+03 
1.429495e-01 3.522503e+03 3.413910e+03 
1.459697e-01 3.367576e+03 3.297407e+03 
1.489899e-01 3.209722e+03 3.186379e+03 
1.520101e-01 3.053449e+03 3.080502e+03 
1.550303e-01 2.903381e+03 2.979475e+03 
1.580505e-01 2.763639e+03 2.883019e+03 
1.610707e-01 2.637691e+03 2.790873e+03 
1.640909e-01 2.527506e+03 2.702793e+03 
1.671111e-01 2.433896e+03 2.618552e+03 
1.701313e-01 2.355947e+03 2.537941e+03 
1.731515e-01 2.291971e+03 2.460760e+03 
1.761717e-01 2.239578e+03 2.386826e+03 
1.791919e-01 2.196240e+03 2.315966e+03 
1.822121e-01 2.159374e+03 2.248017e+03 
1.852323e-01 2.126387e+03 2.182829e+03 
1.882525e-01 2.094713e+03 2.120260e+03 
1.912727e-01 2.061900e+03 2.060176e+03 
1.942929e-01 2.025826e+03 2.002452e+03 
1.973131e-01 1.985023e+03 1.946970e+03 
2.003333e-01 1.938844e+03 1.893621e+03 
2.033535e-01 1.887510e+03 1.842299e+03 
2.063737e-01 1.831921e+03 1.792908e+03 
2.093939e-01 1.773378e+03 1.745356e+03 
2.124141e-01 1.713336e+03 1.699554e+03 
2.154343e-01 1.653269e+03 1.655422e+03 
2.184545e-01 1.594590e+03 1.612881e+03 
2.214747e-01 1.538577e+03 1.571860e+03 
2.244949e-01 1.486334e+03 1.532289e+03 
2.275152e-01 1.438682e+03 1.494103e+03 
2.305354e-01 1.396177e+03 1.457240e+03 
2.335556e-01 1.358898e+03 1.421641e+03 
2.365758e-01 1.326636e+03 1.387253e+03 
2.395960e-01 1.298836e+03 1.354022e+03 
2.426162e-01 1.274774e+03 1.321898e+03 
2.456364e-01 1.253565e+03 1.290836e+03 
2.486566e-01 1.234294e+03 1.260789e+03 
2.516768e-01 1.216044e+03 1.231716e+03 
2.546970e-01 1.197964e+03 1.203577e+03 
2.577172e-01 1.179303e+03 1.176333e+03 
2.607374e-01 1.159522e+03 1.149948e+03 
2.637576e-01 1.138275e+03 1.124388e+03 
2.667778e-01 1.115453e+03 1.099619e+03 
2.697980e-01 1.091165e+03 1.075610e+03 
2.728182e-01 1.065696e+03 1.052333e+03 
2.758384e-01 1.039443e+03 1.029757e+03 
2.788586e-01 1.012854e+03 1.007857e+03 
2.818788e-01 9.864039e+02 9.866058e+02 
2.848990e-01 9.605514e+02 9.659796e+02 
2.879192e-01 9.357181e+02 9.459549e+02 
2.909394e-01 9.122517e+02 9.265091e+02 
2.939596e-01 8.904196e+02 9.076210e+02 
2.969798e-01 8.703607e+02 8.892700e+02 
3.000000e-01 8.521181e+02 8.714368e+02 
