1.000000e-03 4.189454e+03 4.189451e+03 
4.020202e-03 1.405739e+04 1.416891e+04 
7.040404e-03 2.056583e+04 2.072114e+04 
1.006061e-02 2.455815e+04 2.474218e+04 
1.308081e-02 2.666306e+04 2.688627e+04 
1.610101e-02 2.734512e+04 2.755418e+04 
1.912121e-02 2.697599e+04 2.706519e+04 
2.214141e-02 2.586854e+04 2.578319e+04 
2.516162e-02 2.428873e+04 2.409692e+04 
2.818182e-02 2.245989e+04 2.231783e+04 
3.120202e-02 2.056011e+04 2.062617e+04 
3.422222e-02 1.872190e+04 1.909309e+04 
3.724242e-02 1.703495e+04 1.772831e+04 
4.026263e-02 1.555354e+04 1.651633e+04 
4.328283e-02 1.429305e+04 1.543529e+04 
4.630303e-02 1.325014e+04 1.446459e+04 
4.932323e-02 1.242586e+04 1.358702e+04 
5.234343e-02 1.178345e+04 1.278878e+04 
5.536364e-02 1.127861e+04 1.205894e+04 
5.838384e-02 1.087858e+04 1.138875e+04 
6.140404e-02 1.054689e+04 1.077115e+04 
6.442424e-02 1.024887e+04 1.020030e+04 
6.744444e-02 9.954789e+03 9.671350e+03 
7.046465e-02 9.641779e+03 9.180147e+03 
7.348485e-02 9.294521e+03 8.723131e+03 
7.650505e-02 8.905621e+03 8.297200e+03 
7.952525e-02 8.476059e+03 7.899629e+03 
8.254545e-02 8.014332e+03 7.528003e+03 
8.556566e-02 7.533227e+03 7.180173e+03 
8.858586e-02 7.047730e+03 6.854214e+03 
9.160606e-02 6.573142e+03 6.548394e+03 
9.462626e-02 6.123393e+03 6.261150e+03 
9.764646e-02 5.710837e+03 5.991068e+03 
1.006667e-01 5.344382e+03 5.736864e+03 
1.036869e-01 5.029880e+03 5.497370e+03 
1.067071e-01 4.768387e+03 5.271520e+03 
1.097273e-01 4.557689e+03 5.058342e+03 
1.127475e-01 4.392287e+03 4.856947e+03 
1.157677e-01 4.264795e+03 4.666519e+03 
1.187879e-01 4.166686e+03 4.486312e+03 
1.218081e-01 4.089139e+03 4.315637e+03 
1.248283e-01 4.023382e+03 4.153862e+03 
1.278485e-01 3.961021e+03 4.000407e+03 
1.308687e-01 3.894668e+03 3.854734e+03 
1.338889e-01 3.818314e+03 3.716347e+03 
1.369091e-01 3.728117e+03 3.584790e+03 
1.399293e-01 3.622105e+03 3.459637e+03 
1.429495e-01 3.500901e+03 3.340498e+03 
1.459697e-01 3.366568e+03 3.227009e+03 
1.489899e-01 3.222664e+03 3.118831e+03 
1.520101e-01 3.073345e+03 3.015653e+03 
1.550303e-01 2.923240e+03 2.917182e+03 
1.580505e-01 2.776939e+03 2.823149e+03 
1.610707e-01 2.638843e+03 2.733300e+03 
1.640909e-01 2.512547e+03 2.647401e+03 
1.671111e-01 2.400796e+03 2.565232e+03 
1.701313e-01 2.304740e+03 2.486589e+03 
1.731515e-01 2.224454e+03 2.411281e+03 
1.761717e-01 2.158819e+03 2.339128e+03 
1.791919e-01 2.106066e+03 2.269963e+03 
1.822121e-01 2.063961e+03 2.203630e+03 
1.852323e-01 2.030019e+03 2.139982e+03 
1.882525e-01 2.001644e+03 2.078881e+03 
1.912727e-01 1.976195e+03 2.020199e+03 
1.942929e-01 1.951107e+03 1.963813e+03 
1.973131e-01 1.923977e+03 1.909610e+03 
2.003333e-01 1.892948e+03 1.857482e+03 
2.033535e-01 1.856723e+03 1.807329e+03 
2.063737e-01 1.814898e+03 1.759056e+03 
2.093939e-01 1.767653e+03 1.712573e+03 
2.124141e-01 1.715877e+03 1.667796e+03 
2.154343e-01 1.660767e+03 1.624646e+03 
2.184545e-01 1.603790e+03 1.583047e+03 
2.214747e-01 1.546462e+03 1.542928e+03 
2.244949e-01 1.490297e+03 1.504223e+03 
2.275152e-01 1.436634e+03 1.466868e+03 
2.305354e-01 1.386637e+03 1.430804e+03 
2.335556e-01 1.341145e+03 1.395972e+03 
2.365758e-01 1.300705e+03 1.362321e+03 
2.395960e-01 1.265470e+03 1.329798e+03 
2.426162e-01 1.235290e+03 1.298357e+03 
2.456364e-01 1.209742e+03 1.267950e+03 
2.486566e-01 1.188156e+03 1.238534e+03 
2.516768e-01 1.169710e+03 1.210070e+03 
2.546970e-01 1.153457e+03 1.182516e+03 
2.577172e-01 1.138429e+03 1.155836e+03 
2.607374e-01 1.123685e+03 1.129996e+03 
2.637576e-01 1.108439e+03 1.104960e+03 
2.667778e-01 1.092073e+03 1.080697e+03 
2.697980e-01 1.074193e+03 1.057177e+03 
2.728182e-01 1.054580e+03 1.034371e+03 
2.758384e-01 1.033258e+03 1.012250e+03 
2.788586e-01 1.010388e+03 9.907897e+02 
2.818788e-01 9.862822e+02 9.699635e+02 
2.848990e-01 9.613535e+02 9.497480e+02 
2.879192e-01 9.361047e+02 9.301202e+02 
2.909394e-01 9.110556e+02 9.110584e+02 
2.939596e-01 8.867168e+02 8.925417e+02 
2.969798e-01 8.635282e+02 8.745501e+02 
3.000000e-01 8.418454e+02 8.570647e+02 
