1.000000e-03 3.869258e+03 3.869255e+03 
4.020202e-03 1.270723e+04 1.280773e+04 
7.040404e-03 1.841933e+04 1.854838e+04 
1.006061e-02 2.187958e+04 2.200590e+04 
1.308081e-02 2.369600e+04 2.381447e+04 
1.610101e-02 2.430241e+04 2.437158e+04 
1.912121e-02 2.403352e+04 2.399630e+04 
2.214141e-02 2.316130e+04 2.301930e+04 
2.516162e-02 2.191028e+04 2.175105e+04 
2.818182e-02 2.046304e+04 2.041319e+04 
3.120202e-02 1.896195e+04 1.912341e+04 
3.422222e-02 1.751045e+04 1.792656e+04 
3.724242e-02 1.617639e+04 1.683055e+04 
4.026263e-02 1.499915e+04 1.582892e+04 
4.328283e-02 1.399130e+04 1.491144e+04 
4.630303e-02 1.314276e+04 1.406810e+04 
4.932323e-02 1.245022e+04 1.329026e+04 
5.234343e-02 1.188933e+04 1.257071e+04 
5.536364e-02 1.141630e+04 1.190344e+04 
5.838384e-02 1.100713e+04 1.128338e+04 
6.140404e-02 1.063557e+04 1.070621e+04 
6.442424e-02 1.027381e+04 1.016817e+04 
6.744444e-02 9.904115e+03 9.665947e+03 
7.046465e-02 9.514311e+03 9.196597e+03 
7.348485e-02 9.098216e+03 8.757487e+03 
7.650505e-02 8.657247e+03 8.346241e+03 
7.952525e-02 8.198666e+03 7.960707e+03 
8.254545e-02 7.733246e+03 7.598930e+03 
8.556566e-02 7.273479e+03 7.259129e+03 
8.858586e-02 6.831068e+03 6.939678e+03 
9.160606e-02 6.416240e+03 6.639091e+03 
9.462626e-02 6.037307e+03 6.356008e+03 
9.764646e-02 5.700175e+03 6.089181e+03 
1.006667e-01 5.408356e+03 5.837465e+03 
1.036869e-01 5.161774e+03 5.599809e+03 
1.067071e-01 4.957468e+03 5.375247e+03 
1.097273e-01 4.789665e+03 5.162890e+03 
1.127475e-01 4.650915e+03 4.961917e+03 
1.157677e-01 4.532875e+03 4.771575e+03 
1.187879e-01 4.427612e+03 4.591167e+03 
1.218081e-01 4.327792e+03 4.420049e+03 
1.248283e-01 4.227477e+03 4.257626e+03 
1.278485e-01 4.121836e+03 4.103351e+03 
1.308687e-01 4.007569e+03 3.956712e+03 
1.338889e-01 3.883142e+03 3.817239e+03 
1.369091e-01 3.748817e+03 3.684495e+03 
1.399293e-01 3.606567e+03 3.558074e+03 
1.429495e-01 3.459422e+03 3.437599e+03 
1.459697e-01 3.310921e+03 3.322720e+03 
1.489899e-01 3.164658e+03 3.213112e+03 
1.520101e-01 3.023911e+03 3.108470e+03 
1.550303e-01 2.891646e+03 3.008513e+03 
1.580505e-01 2.770357e+03 2.912976e+03 
1.610707e-01 2.661743e+03 2.821615e+03 
1.640909e-01 2.566659e+03 2.734199e+03 
1.671111e-01 2.484850e+03 2.650515e+03 
1.701313e-01 2.415270e+03 2.570361e+03 
1.731515e-01 2.355947e+03 2.493550e+03 
1.761717e-01 2.304573e+03 2.419905e+03 
1.791919e-01 2.258726e+03 2.349263e+03 
1.822121e-01 2.216153e+03 2.281469e+03 
1.852323e-01 2.174910e+03 2.216377e+03 
1.882525e-01 2.133306e+03 2.153852e+03 
1.912727e-01 2.089897e+03 2.093766e+03 
1.942929e-01 2.043682e+03 2.035998e+03 
1.973131e-01 1.994042e+03 1.980435e+03 
2.003333e-01 1.941084e+03 1.926971e+03 
2.033535e-01 1.885326e+03 1.875505e+03 
2.063737e-01 1.827803e+03 1.825942e+03 
2.093939e-01 1.769689e+03 1.778194e+03 
2.124141e-01 1.712243e+03 1.732177e+03 
2.154343e-01 1.656576e+03 1.687810e+03 
2.184545e-01 1.603635e+03 1.645018e+03 
2.214747e-01 1.554117e+03 1.603731e+03 
2.244949e-01 1.508532e+03 1.563882e+03 
2.275152e-01 1.467113e+03 1.525406e+03 
2.305354e-01 1.429896e+03 1.488245e+03 
2.335556e-01 1.396617e+03 1.452340e+03 
2.365758e-01 1.366849e+03 1.417637e+03 
2.395960e-01 1.339992e+03 1.384087e+03 
2.426162e-01 1.315385e+03 1.351639e+03 
2.456364e-01 1.292325e+03 1.320248e+03 
2.486566e-01 1.270112e+03 1.289870e+03 
2.516768e-01 1.248087e+03 1.260464e+03 
2.546970e-01 1.225736e+03 1.231990e+03 
2.577172e-01 1.202675e+03 1.204410e+03 
2.607374e-01 1.178724e+03 1.177688e+03 
2.637576e-01 1.153859e+03 1.151792e+03 
2.667778e-01 1.128241e+03 1.126687e+03 
2.697980e-01 1.102130e+03 1.102344e+03 
2.728182e-01 1.075853e+03 1.078732e+03 
2.758384e-01 1.049742e+03 1.055825e+03 
2.788586e-01 1.024120e+03 1.033594e+03 
2.818788e-01 9.992796e+02 1.012015e+03 
2.848990e-01 9.754874e+02 9.910634e+02 
2.879192e-01 9.529674e+02 9.707157e+02 
2.909394e-01 9.318664e+02 9.509498e+02 
2.939596e-01 9.122324e+02 9.317445e+02 
2.969798e-01 8.940277e+02 9.130795e+02 
3.000000e-01 8.771441e+02 8.949353e+02 
