1.000000e-03 3.757151e+03 3.757148e+03 
4.020202e-03 1.271931e+04 1.281880e+04 
7.040404e-03 1.875811e+04 1.889807e+04 
1.006061e-02 2.256376e+04 2.272828e+04 
1.308081e-02 2.466687e+04 2.486544e+04 
1.610101e-02 2.546839e+04 2.565549e+04 
1.912121e-02 2.529348e+04 2.537496e+04 
2.214141e-02 2.441903e+04 2.434194e+04 
2.516162e-02 2.308377e+04 2.290302e+04 
2.818182e-02 2.149073e+04 2.134339e+04 
3.120202e-02 1.980335e+04 1.983459e+04 
3.422222e-02 1.814648e+04 1.844978e+04 
3.724242e-02 1.660644e+04 1.720451e+04 
4.026263e-02 1.523802e+04 1.608934e+04 
4.328283e-02 1.406062e+04 1.508747e+04 
4.630303e-02 1.307501e+04 1.418216e+04 
4.932323e-02 1.228513e+04 1.335907e+04 
5.234343e-02 1.166231e+04 1.260659e+04 
5.536364e-02 1.116680e+04 1.191542e+04 
5.838384e-02 1.076610e+04 1.127808e+04 
6.140404e-02 1.043312e+04 1.068849e+04 
6.442424e-02 1.013780e+04 1.014160e+04 
6.744444e-02 9.849340e+03 9.633178e+03 
7.046465e-02 9.545737e+03 9.159596e+03 
7.348485e-02 9.211808e+03 8.717719e+03 
7.650505e-02 8.839766e+03 8.304797e+03 
7.952525e-02 8.430261e+03 7.918402e+03 
8.254545e-02 7.991056e+03 7.556371e+03 
8.556566e-02 7.533693e+03 7.216767e+03 
8.858586e-02 7.071489e+03 6.897846e+03 
9.160606e-02 6.618036e+03 6.598033e+03 
9.462626e-02 6.185683e+03 6.315896e+03 
9.764646e-02 5.785486e+03 6.050139e+03 
1.006667e-01 5.426095e+03 5.799574e+03 
1.036869e-01 5.113838e+03 5.563122e+03 
1.067071e-01 4.850961e+03 5.339791e+03 
1.097273e-01 4.636534e+03 5.128676e+03 
1.127475e-01 4.466010e+03 4.928942e+03 
1.157677e-01 4.332657e+03 4.739825e+03 
1.187879e-01 4.228281e+03 4.560621e+03 
1.218081e-01 4.144446e+03 4.390681e+03 
1.248283e-01 4.072868e+03 4.229407e+03 
1.278485e-01 4.005969e+03 4.076246e+03 
1.308687e-01 3.936968e+03 3.930686e+03 
1.338889e-01 3.860218e+03 3.792257e+03 
1.369091e-01 3.771747e+03 3.660519e+03 
1.399293e-01 3.669228e+03 3.535068e+03 
1.429495e-01 3.552588e+03 3.415527e+03 
1.459697e-01 3.423207e+03 3.301545e+03 
1.489899e-01 3.284113e+03 3.192799e+03 
1.520101e-01 3.139082e+03 3.088985e+03 
1.550303e-01 2.992576e+03 2.989823e+03 
1.580505e-01 2.848988e+03 2.895049e+03 
1.610707e-01 2.712483e+03 2.804420e+03 
1.640909e-01 2.586449e+03 2.717705e+03 
1.671111e-01 2.473551e+03 2.634693e+03 
1.701313e-01 2.375093e+03 2.555184e+03 
1.731515e-01 2.291505e+03 2.478991e+03 
1.761717e-01 2.222100e+03 2.405939e+03 
1.791919e-01 2.165500e+03 2.335865e+03 
1.822121e-01 2.119691e+03 2.268615e+03 
1.852323e-01 2.082401e+03 2.204045e+03 
1.882525e-01 2.051195e+03 2.142021e+03 
1.912727e-01 2.023496e+03 2.082414e+03 
1.942929e-01 1.996777e+03 2.025106e+03 
1.973131e-01 1.968743e+03 1.969985e+03 
2.003333e-01 1.937521e+03 1.916944e+03 
2.033535e-01 1.901790e+03 1.865884e+03 
2.063737e-01 1.860985e+03 1.816711e+03 
2.093939e-01 1.815133e+03 1.769336e+03 
2.124141e-01 1.764858e+03 1.723677e+03 
2.154343e-01 1.711109e+03 1.679655e+03 
2.184545e-01 1.655168e+03 1.637194e+03 
2.214747e-01 1.598424e+03 1.596224e+03 
2.244949e-01 1.542334e+03 1.556680e+03 
2.275152e-01 1.488264e+03 1.518497e+03 
2.305354e-01 1.437452e+03 1.481617e+03 
2.335556e-01 1.390789e+03 1.445982e+03 
2.365758e-01 1.348890e+03 1.411539e+03 
2.395960e-01 1.311958e+03 1.378238e+03 
2.426162e-01 1.279925e+03 1.346031e+03 
2.456364e-01 1.252416e+03 1.314871e+03 
2.486566e-01 1.228889e+03 1.284715e+03 
2.516768e-01 1.208667e+03 1.255522e+03 
2.546970e-01 1.190931e+03 1.227253e+03 
2.577172e-01 1.174797e+03 1.199871e+03 
2.607374e-01 1.159357e+03 1.173339e+03 
2.637576e-01 1.143762e+03 1.147626e+03 
2.667778e-01 1.127301e+03 1.122697e+03 
2.697980e-01 1.109481e+03 1.098523e+03 
2.728182e-01 1.090040e+03 1.075075e+03 
2.758384e-01 1.068952e+03 1.052325e+03 
2.788586e-01 1.046346e+03 1.030246e+03 
2.818788e-01 1.022512e+03 1.008813e+03 
2.848990e-01 9.978077e+02 9.880016e+02 
2.879192e-01 9.726522e+02 9.677894e+02 
2.909394e-01 9.474937e+02 9.481540e+02 
2.939596e-01 9.228032e+02 9.290745e+02 
2.969798e-01 8.990222e+02 9.105307e+02 
3.000000e-01 8.765518e+02 8.925035e+02 
