1.000000e-03 2.390478e+03 2.390476e+03 
4.020202e-03 8.142720e+03 8.206850e+03 
7.040404e-03 1.205128e+04 1.212765e+04 
1.006061e-02 1.457213e+04 1.462049e+04 
1.308081e-02 1.606371e+04 1.606773e+04 
1.610101e-02 1.679044e+04 1.673433e+04 
1.912121e-02 1.695621e+04 1.683453e+04 
2.214141e-02 1.672424e+04 1.656516e+04 
2.516162e-02 1.622647e+04 1.608854e+04 
2.818182e-02 1.556980e+04 1.551335e+04 
3.120202e-02 1.483689e+04 1.490056e+04 
3.422222e-02 1.408887e+04 1.428108e+04 
3.724242e-02 1.336713e+04 1.367013e+04 
4.026263e-02 1.269826e+04 1.307545e+04 
4.328283e-02 1.208863e+04 1.250111e+04 
4.630303e-02 1.153996e+04 1.194932e+04 
4.932323e-02 1.106016e+04 1.142119e+04 
5.234343e-02 1.063114e+04 1.091712e+04 
5.536364e-02 1.023134e+04 1.043705e+04 
5.838384e-02 9.851427e+03 9.980570e+03 
6.140404e-02 9.484864e+03 9.547057e+03 
6.442424e-02 9.125089e+03 9.135719e+03 
6.744444e-02 8.764008e+03 8.745663e+03 
7.046465e-02 8.397819e+03 8.375936e+03 
7.348485e-02 8.026959e+03 8.025554e+03 
7.650505e-02 7.655559e+03 7.693530e+03 
7.952525e-02 7.290122e+03 7.378886e+03 
8.254545e-02 6.938203e+03 7.080668e+03 
8.556566e-02 6.605660e+03 6.797954e+03 
8.858586e-02 6.296339e+03 6.529859e+03 
9.160606e-02 6.012066e+03 6.275540e+03 
9.462626e-02 5.753292e+03 6.034193e+03 
9.764646e-02 5.519844e+03 5.805060e+03 
1.006667e-01 5.311074e+03 5.587424e+03 
1.036869e-01 5.125053e+03 5.380612e+03 
1.067071e-01 4.959001e+03 5.183988e+03 
1.097273e-01 4.808414e+03 4.996958e+03 
1.127475e-01 4.668264e+03 4.818962e+03 
1.157677e-01 4.533806e+03 4.649477e+03 
1.187879e-01 4.400968e+03 4.488012e+03 
1.218081e-01 4.267711e+03 4.334108e+03 
1.248283e-01 4.132918e+03 4.187335e+03 
1.278485e-01 3.996796e+03 4.047288e+03 
1.308687e-01 3.860056e+03 3.913593e+03 
1.338889e-01 3.724022e+03 3.785894e+03 
1.369091e-01 3.590148e+03 3.663862e+03 
1.399293e-01 3.459970e+03 3.547187e+03 
1.429495e-01 3.334923e+03 3.435578e+03 
1.459697e-01 3.216272e+03 3.328762e+03 
1.489899e-01 3.104948e+03 3.226485e+03 
1.520101e-01 3.001497e+03 3.128508e+03 
1.550303e-01 2.906152e+03 3.034604e+03 
1.580505e-01 2.818841e+03 2.944564e+03 
1.610707e-01 2.739068e+03 2.858190e+03 
1.640909e-01 2.665986e+03 2.775293e+03 
1.671111e-01 2.598347e+03 2.695701e+03 
1.701313e-01 2.534678e+03 2.619247e+03 
1.731515e-01 2.473677e+03 2.545778e+03 
1.761717e-01 2.414193e+03 2.475146e+03 
1.791919e-01 2.355522e+03 2.407214e+03 
1.822121e-01 2.297194e+03 2.341853e+03 
1.852323e-01 2.239057e+03 2.278939e+03 
1.882525e-01 2.181077e+03 2.218359e+03 
1.912727e-01 2.123307e+03 2.160003e+03 
1.942929e-01 2.065888e+03 2.103768e+03 
1.973131e-01 2.009186e+03 2.049556e+03 
2.003333e-01 1.953668e+03 1.997277e+03 
2.033535e-01 1.899950e+03 1.946843e+03 
2.063737e-01 1.848555e+03 1.898171e+03 
2.093939e-01 1.799782e+03 1.851185e+03 
2.124141e-01 1.753762e+03 1.805810e+03 
2.154343e-01 1.710396e+03 1.761976e+03 
2.184545e-01 1.669515e+03 1.719617e+03 
2.214747e-01 1.630888e+03 1.678670e+03 
2.244949e-01 1.594293e+03 1.639076e+03 
2.275152e-01 1.559522e+03 1.600778e+03 
2.305354e-01 1.526300e+03 1.563723e+03 
2.335556e-01 1.494302e+03 1.527858e+03 
2.365758e-01 1.463216e+03 1.493136e+03 
2.395960e-01 1.432755e+03 1.459510e+03 
2.426162e-01 1.402745e+03 1.426937e+03 
2.456364e-01 1.373087e+03 1.395374e+03 
2.486566e-01 1.343777e+03 1.364782e+03 
2.516768e-01 1.314855e+03 1.335123e+03 
2.546970e-01 1.286382e+03 1.306360e+03 
2.577172e-01 1.258427e+03 1.278460e+03 
2.607374e-01 1.231067e+03 1.251389e+03 
2.637576e-01 1.204388e+03 1.225116e+03 
2.667778e-01 1.178501e+03 1.199611e+03 
2.697980e-01 1.153509e+03 1.174845e+03 
2.728182e-01 1.129479e+03 1.150792e+03 
2.758384e-01 1.106438e+03 1.127425e+03 
2.788586e-01 1.084349e+03 1.104719e+03 
2.818788e-01 1.063151e+03 1.082650e+03 
2.848990e-01 1.042751e+03 1.061196e+03 
2.879192e-01 1.023059e+03 1.040334e+03 
2.909394e-01 1.003985e+03 1.020045e+03 
2.939596e-01 9.854561e+02 1.000307e+03 
2.969798e-01 9.674156e+02 9.811018e+02 
3.000000e-01 9.498084e+02 9.624111e+02 
