1.000000e-03 4.517361e+03 4.517357e+03 
4.020202e-03 1.516518e+04 1.528584e+04 
7.040404e-03 2.214682e+04 2.231563e+04 
1.006061e-02 2.638722e+04 2.659140e+04 
1.308081e-02 2.857637e+04 2.882936e+04 
1.610101e-02 2.922458e+04 2.946497e+04 
1.912121e-02 2.873812e+04 2.884625e+04 
2.214141e-02 2.746052e+04 2.737379e+04 
2.516162e-02 2.568420e+04 2.547689e+04 
2.818182e-02 2.365233e+04 2.349798e+04 
3.120202e-02 2.155858e+04 2.163265e+04 
3.422222e-02 1.954638e+04 1.995514e+04 
3.724242e-02 1.771106e+04 1.847222e+04 
4.026263e-02 1.610933e+04 1.716364e+04 
4.328283e-02 1.475473e+04 1.600304e+04 
4.630303e-02 1.364291e+04 1.496609e+04 
4.932323e-02 1.277265e+04 1.403272e+04 
5.234343e-02 1.210016e+04 1.318698e+04 
5.536364e-02 1.157862e+04 1.241631e+04 
5.838384e-02 1.117271e+04 1.171074e+04 
6.140404e-02 1.083917e+04 1.106226e+04 
6.442424e-02 1.054006e+04 1.046428e+04 
6.744444e-02 1.024460e+04 9.911376e+03 
7.046465e-02 9.927811e+03 9.398920e+03 
7.348485e-02 9.572755e+03 8.922971e+03 
7.650505e-02 9.171228e+03 8.480114e+03 
7.952525e-02 8.723939e+03 8.067361e+03 
8.254545e-02 8.239827e+03 7.682080e+03 
8.556566e-02 7.732965e+03 7.321934e+03 
8.858586e-02 7.220140e+03 6.984840e+03 
9.160606e-02 6.718530e+03 6.668930e+03 
9.462626e-02 6.243724e+03 6.372526e+03 
9.764646e-02 5.809365e+03 6.094110e+03 
1.006667e-01 5.425061e+03 5.832311e+03 
1.036869e-01 5.096669e+03 5.585882e+03 
1.067071e-01 4.825202e+03 5.353692e+03 
1.097273e-01 4.607965e+03 5.134708e+03 
1.127475e-01 4.439286e+03 4.927987e+03 
1.157677e-01 4.311317e+03 4.732668e+03 
1.187879e-01 4.215144e+03 4.547962e+03 
1.218081e-01 4.141171e+03 4.373145e+03 
1.248283e-01 4.079813e+03 4.207552e+03 
1.278485e-01 4.021772e+03 4.050572e+03 
1.308687e-01 3.958985e+03 3.901641e+03 
1.338889e-01 3.884753e+03 3.760242e+03 
1.369091e-01 3.795108e+03 3.625894e+03 
1.399293e-01 3.688033e+03 3.498155e+03 
1.429495e-01 3.564185e+03 3.376615e+03 
1.459697e-01 3.425741e+03 3.260897e+03 
1.489899e-01 3.276409e+03 3.150647e+03 
1.520101e-01 3.120707e+03 3.045541e+03 
1.550303e-01 2.963669e+03 2.945275e+03 
1.580505e-01 2.810467e+03 2.849568e+03 
1.610707e-01 2.666011e+03 2.758158e+03 
1.640909e-01 2.534366e+03 2.670802e+03 
1.671111e-01 2.418365e+03 2.587272e+03 
1.701313e-01 2.319286e+03 2.507356e+03 
1.731515e-01 2.237017e+03 2.430857e+03 
1.761717e-01 2.170415e+03 2.357590e+03 
1.791919e-01 2.117490e+03 2.287381e+03 
1.822121e-01 2.075903e+03 2.220069e+03 
1.852323e-01 2.043128e+03 2.155503e+03 
1.882525e-01 2.016447e+03 2.093540e+03 
1.912727e-01 1.992945e+03 2.034047e+03 
1.942929e-01 1.969757e+03 1.976901e+03 
1.973131e-01 1.944191e+03 1.921982e+03 
2.003333e-01 1.914199e+03 1.869181e+03 
2.033535e-01 1.878362e+03 1.818395e+03 
2.063737e-01 1.836282e+03 1.769525e+03 
2.093939e-01 1.788248e+03 1.722480e+03 
2.124141e-01 1.735220e+03 1.677173e+03 
2.154343e-01 1.678500e+03 1.633522e+03 
2.184545e-01 1.619603e+03 1.591451e+03 
2.214747e-01 1.560163e+03 1.550887e+03 
2.244949e-01 1.501804e+03 1.511761e+03 
2.275152e-01 1.446050e+03 1.474009e+03 
2.305354e-01 1.394176e+03 1.437568e+03 
2.335556e-01 1.347153e+03 1.402381e+03 
2.365758e-01 1.305548e+03 1.368393e+03 
2.395960e-01 1.269603e+03 1.335552e+03 
2.426162e-01 1.239102e+03 1.303809e+03 
2.456364e-01 1.213569e+03 1.273116e+03 
2.486566e-01 1.192252e+03 1.243430e+03 
2.516768e-01 1.174260e+03 1.214709e+03 
2.546970e-01 1.158588e+03 1.186911e+03 
2.577172e-01 1.144211e+03 1.160001e+03 
2.607374e-01 1.130134e+03 1.133941e+03 
2.637576e-01 1.115508e+03 1.108697e+03 
2.667778e-01 1.099634e+03 1.084237e+03 
2.697980e-01 1.082041e+03 1.060530e+03 
2.728182e-01 1.062494e+03 1.037545e+03 
2.758384e-01 1.040993e+03 1.015255e+03 
2.788586e-01 1.017746e+03 9.936335e+02 
2.818788e-01 9.930956e+02 9.726542e+02 
2.848990e-01 9.675200e+02 9.522931e+02 
2.879192e-01 9.415494e+02 9.325268e+02 
2.909394e-01 9.157521e+02 9.133331e+02 
2.939596e-01 8.906677e+02 8.946908e+02 
2.969798e-01 8.667886e+02 8.765798e+02 
3.000000e-01 8.444834e+02 8.589806e+02 
