1.000000e-03 1.123690e+04 1.123689e+04 
4.020202e-03 3.745607e+04 3.775969e+04 
7.040404e-03 5.444254e+04 5.494208e+04 
1.006061e-02 6.445668e+04 6.528364e+04 
1.308081e-02 6.913909e+04 7.049994e+04 
1.610101e-02 6.971502e+04 7.149830e+04 
1.912121e-02 6.720116e+04 6.886428e+04 
2.214141e-02 6.249705e+04 6.336961e+04 
2.516162e-02 5.641326e+04 5.616669e+04 
2.818182e-02 4.965380e+04 4.852660e+04 
3.120202e-02 4.280001e+04 4.141899e+04 
3.422222e-02 3.629305e+04 3.532514e+04 
3.724242e-02 3.043203e+04 3.033165e+04 
4.026263e-02 2.538547e+04 2.631802e+04 
4.328283e-02 2.119999e+04 2.309943e+04 
4.630303e-02 1.785896e+04 2.049855e+04 
4.932323e-02 1.529852e+04 1.837002e+04 
5.234343e-02 1.341648e+04 1.660256e+04 
5.536364e-02 1.209395e+04 1.511344e+04 
5.838384e-02 1.122207e+04 1.384172e+04 
6.140404e-02 1.070130e+04 1.274239e+04 
6.442424e-02 1.043957e+04 1.178188e+04 
6.744444e-02 1.036022e+04 1.093488e+04 
7.046465e-02 1.039169e+04 1.018200e+04 
7.348485e-02 1.046507e+04 9.508182e+03 
7.650505e-02 1.051564e+04 8.901534e+03 
7.952525e-02 1.048691e+04 8.352546e+03 
8.254545e-02 1.033741e+04 7.853499e+03 
8.556566e-02 1.004378e+04 7.398057e+03 
8.858586e-02 9.602271e+03 6.980950e+03 
9.160606e-02 9.028938e+03 6.597759e+03 
9.462626e-02 8.351004e+03 6.244734e+03 
9.764646e-02 7.606682e+03 5.918672e+03 
1.006667e-01 6.836564e+03 5.616815e+03 
1.036869e-01 6.080965e+03 5.336770e+03 
1.067071e-01 5.373073e+03 5.076450e+03 
1.097273e-01 4.739265e+03 4.834025e+03 
1.127475e-01 4.195871e+03 4.607880e+03 
1.157677e-01 3.750754e+03 4.396587e+03 
1.187879e-01 3.403994e+03 4.198874e+03 
1.218081e-01 3.150509e+03 4.013608e+03 
1.248283e-01 2.982219e+03 3.839773e+03 
1.278485e-01 2.888534e+03 3.676457e+03 
1.308687e-01 2.857894e+03 3.522839e+03 
1.338889e-01 2.878024e+03 3.378176e+03 
1.369091e-01 2.935937e+03 3.241798e+03 
1.399293e-01 3.018097e+03 3.113093e+03 
1.429495e-01 3.110276e+03 2.991508e+03 
1.459697e-01 3.198157e+03 2.876538e+03 
1.489899e-01 3.267667e+03 2.767722e+03 
1.520101e-01 3.306506e+03 2.664637e+03 
1.550303e-01 3.304659e+03 2.566897e+03 
1.580505e-01 3.256837e+03 2.474147e+03 
1.610707e-01 3.162111e+03 2.386063e+03 
1.640909e-01 3.024741e+03 2.302343e+03 
1.671111e-01 2.852936e+03 2.222712e+03 
1.701313e-01 2.657376e+03 2.146914e+03 
1.731515e-01 2.449585e+03 2.074714e+03 
1.761717e-01 2.240534e+03 2.005893e+03 
1.791919e-01 2.039785e+03 1.940249e+03 
1.822121e-01 1.855059e+03 1.877596e+03 
1.852323e-01 1.692348e+03 1.817759e+03 
1.882525e-01 1.555273e+03 1.760576e+03 
1.912727e-01 1.445832e+03 1.705898e+03 
1.942929e-01 1.364183e+03 1.653584e+03 
1.973131e-01 1.309109e+03 1.603504e+03 
2.003333e-01 1.278290e+03 1.555535e+03 
2.033535e-01 1.268627e+03 1.509565e+03 
2.063737e-01 1.276577e+03 1.465487e+03 
2.093939e-01 1.298174e+03 1.423202e+03 
2.124141e-01 1.329140e+03 1.382616e+03 
2.154343e-01 1.364925e+03 1.343642e+03 
2.184545e-01 1.400754e+03 1.306198e+03 
2.214747e-01 1.431883e+03 1.270209e+03 
2.244949e-01 1.453884e+03 1.235600e+03 
2.275152e-01 1.463196e+03 1.202306e+03 
2.305354e-01 1.457339e+03 1.170262e+03 
2.335556e-01 1.435420e+03 1.139408e+03 
2.365758e-01 1.397778e+03 1.109688e+03 
2.395960e-01 1.346278e+03 1.081048e+03 
2.426162e-01 1.283589e+03 1.053439e+03 
2.456364e-01 1.213057e+03 1.026812e+03 
2.486566e-01 1.138341e+03 1.001124e+03 
2.516768e-01 1.063134e+03 9.763314e+02 
2.546970e-01 9.907437e+02 9.523950e+02 
2.577172e-01 9.239849e+02 9.292769e+02 
2.607374e-01 8.650252e+02 9.069411e+02 
2.637576e-01 8.152046e+02 8.853540e+02 
2.667778e-01 7.752212e+02 8.644835e+02 
2.697980e-01 7.450969e+02 8.442990e+02 
2.728182e-01 7.244637e+02 8.247718e+02 
2.758384e-01 7.125761e+02 8.058745e+02 
2.788586e-01 7.084292e+02 7.875810e+02 
2.818788e-01 7.108069e+02 7.698668e+02 
2.848990e-01 7.182375e+02 7.527084e+02 
2.879192e-01 7.290800e+02 7.360834e+02 
2.909394e-01 7.415156e+02 7.199706e+02 
2.939596e-01 7.536893e+02 7.043499e+02 
2.969798e-01 7.637869e+02 6.892020e+02 
3.000000e-01 7.702787e+02 6.745085e+02 
