1.000000e-03 2.588604e+03 2.588602e+03 
4.020202e-03 8.773273e+03 8.842380e+03 
7.040404e-03 1.293120e+04 1.301341e+04 
1.006061e-02 1.557707e+04 1.563161e+04 
1.308081e-02 1.710789e+04 1.711878e+04 
1.610101e-02 1.781418e+04 1.776307e+04 
1.912121e-02 1.791920e+04 1.779766e+04 
2.214141e-02 1.760149e+04 1.743920e+04 
2.516162e-02 1.700626e+04 1.686742e+04 
2.818182e-02 1.624912e+04 1.620193e+04 
3.120202e-02 1.542073e+04 1.550828e+04 
3.422222e-02 1.458660e+04 1.481815e+04 
3.724242e-02 1.379113e+04 1.414593e+04 
4.026263e-02 1.306208e+04 1.349803e+04 
4.328283e-02 1.240305e+04 1.287731e+04 
4.630303e-02 1.181861e+04 1.228489e+04 
4.932323e-02 1.131479e+04 1.172099e+04 
5.234343e-02 1.086678e+04 1.118532e+04 
5.536364e-02 1.045336e+04 1.067722e+04 
5.838384e-02 1.006372e+04 1.019581e+04 
6.140404e-02 9.688763e+03 9.740063e+03 
6.442424e-02 9.319134e+03 9.308844e+03 
6.744444e-02 8.945932e+03 8.900979e+03 
7.046465e-02 8.565634e+03 8.515267e+03 
7.348485e-02 8.179008e+03 8.150517e+03 
7.650505e-02 7.790648e+03 7.805556e+03 
7.952525e-02 7.407759e+03 7.479250e+03 
8.254545e-02 7.038056e+03 7.170504e+03 
8.556566e-02 6.688349e+03 6.878276e+03 
8.858586e-02 6.362865e+03 6.601573e+03 
9.160606e-02 6.064076e+03 6.339458e+03 
9.462626e-02 5.793191e+03 6.091045e+03 
9.764646e-02 5.550565e+03 5.855501e+03 
1.006667e-01 5.335524e+03 5.632044e+03 
1.036869e-01 5.146021e+03 5.419942e+03 
1.067071e-01 4.978615e+03 5.218509e+03 
1.097273e-01 4.827966e+03 5.027103e+03 
1.127475e-01 4.688566e+03 4.845124e+03 
1.157677e-01 4.554972e+03 4.672010e+03 
1.187879e-01 4.423154e+03 4.507240e+03 
1.218081e-01 4.290466e+03 4.350322e+03 
1.248283e-01 4.155724e+03 4.200801e+03 
1.278485e-01 4.018806e+03 4.058249e+03 
1.308687e-01 3.880394e+03 3.922267e+03 
1.338889e-01 3.741654e+03 3.792483e+03 
1.369091e-01 3.604233e+03 3.668549e+03 
1.399293e-01 3.469953e+03 3.550137e+03 
1.429495e-01 3.340589e+03 3.436944e+03 
1.459697e-01 3.217762e+03 3.328685e+03 
1.489899e-01 3.102616e+03 3.225091e+03 
1.520101e-01 2.995983e+03 3.125912e+03 
1.550303e-01 2.898157e+03 3.030915e+03 
1.580505e-01 2.809096e+03 2.939879e+03 
1.610707e-01 2.728276e+03 2.852598e+03 
1.640909e-01 2.654798e+03 2.768877e+03 
1.671111e-01 2.587290e+03 2.688536e+03 
1.701313e-01 2.524267e+03 2.611403e+03 
1.731515e-01 2.464178e+03 2.537317e+03 
1.761717e-01 2.405791e+03 2.466128e+03 
1.791919e-01 2.348174e+03 2.397693e+03 
1.822121e-01 2.290750e+03 2.331877e+03 
1.852323e-01 2.233186e+03 2.268556e+03 
1.882525e-01 2.175371e+03 2.207609e+03 
1.912727e-01 2.117338e+03 2.148924e+03 
1.942929e-01 2.059362e+03 2.092396e+03 
1.973131e-01 2.001854e+03 2.037925e+03 
2.003333e-01 1.945426e+03 1.985416e+03 
2.033535e-01 1.890718e+03 1.934780e+03 
2.063737e-01 1.838276e+03 1.885932e+03 
2.093939e-01 1.788513e+03 1.838792e+03 
2.124141e-01 1.741560e+03 1.793285e+03 
2.154343e-01 1.697431e+03 1.749340e+03 
2.184545e-01 1.656003e+03 1.706888e+03 
2.214747e-01 1.617114e+03 1.665866e+03 
2.244949e-01 1.580556e+03 1.626211e+03 
2.275152e-01 1.546039e+03 1.587867e+03 
2.305354e-01 1.513193e+03 1.550778e+03 
2.335556e-01 1.481638e+03 1.514893e+03 
2.365758e-01 1.450999e+03 1.480161e+03 
2.395960e-01 1.420984e+03 1.446536e+03 
2.426162e-01 1.391366e+03 1.413973e+03 
2.456364e-01 1.362052e+03 1.382429e+03 
2.486566e-01 1.333017e+03 1.351864e+03 
2.516768e-01 1.304274e+03 1.322238e+03 
2.546970e-01 1.275852e+03 1.293517e+03 
2.577172e-01 1.247813e+03 1.265663e+03 
2.607374e-01 1.220248e+03 1.238644e+03 
2.637576e-01 1.193306e+03 1.212429e+03 
2.667778e-01 1.167148e+03 1.186986e+03 
2.697980e-01 1.141922e+03 1.162286e+03 
2.728182e-01 1.117728e+03 1.138303e+03 
2.758384e-01 1.094582e+03 1.115009e+03 
2.788586e-01 1.072449e+03 1.092380e+03 
2.818788e-01 1.051236e+03 1.070391e+03 
2.848990e-01 1.030857e+03 1.049019e+03 
2.879192e-01 1.011230e+03 1.028241e+03 
2.909394e-01 9.922834e+02 1.008038e+03 
2.939596e-01 9.739501e+02 9.883884e+02 
2.969798e-01 9.561523e+02 9.692730e+02 
3.000000e-01 9.388064e+02 9.506734e+02 
