1.000000e-03 4.235998e+03 4.235994e+03 
4.020202e-03 1.372866e+04 1.383741e+04 
7.040404e-03 1.973956e+04 1.987603e+04 
1.006061e-02 2.329749e+04 2.342765e+04 
1.308081e-02 2.509169e+04 2.520895e+04 
1.610101e-02 2.560612e+04 2.566443e+04 
1.912121e-02 2.520821e+04 2.515105e+04 
2.214141e-02 2.419322e+04 2.403276e+04 
2.516162e-02 2.280180e+04 2.263982e+04 
2.818182e-02 2.122736e+04 2.119845e+04 
3.120202e-02 1.961785e+04 1.982302e+04 
3.422222e-02 1.807903e+04 1.855375e+04 
3.724242e-02 1.667829e+04 1.739505e+04 
4.026263e-02 1.545233e+04 1.633824e+04 
4.328283e-02 1.440954e+04 1.537170e+04 
4.630303e-02 1.353705e+04 1.448452e+04 
4.932323e-02 1.282763e+04 1.366739e+04 
5.234343e-02 1.225159e+04 1.291256e+04 
5.536364e-02 1.176383e+04 1.221359e+04 
5.838384e-02 1.133672e+04 1.156502e+04 
6.140404e-02 1.094164e+04 1.096218e+04 
6.442424e-02 1.055199e+04 1.040100e+04 
6.744444e-02 1.015104e+04 9.877910e+03 
7.046465e-02 9.727868e+03 9.389719e+03 
7.348485e-02 9.278154e+03 8.933578e+03 
7.650505e-02 8.805125e+03 8.506921e+03 
7.952525e-02 8.317718e+03 8.107424e+03 
8.254545e-02 7.828043e+03 7.732983e+03 
8.556566e-02 7.349463e+03 7.381682e+03 
8.858586e-02 6.894107e+03 7.051777e+03 
9.160606e-02 6.472227e+03 6.741675e+03 
9.462626e-02 6.091673e+03 6.449923e+03 
9.764646e-02 5.757409e+03 6.175188e+03 
1.006667e-01 5.471427e+03 5.916251e+03 
1.036869e-01 5.232214e+03 5.671995e+03 
1.067071e-01 5.035024e+03 5.441394e+03 
1.097273e-01 4.872723e+03 5.223506e+03 
1.127475e-01 4.736946e+03 5.017463e+03 
1.157677e-01 4.619008e+03 4.822468e+03 
1.187879e-01 4.510811e+03 4.637787e+03 
1.218081e-01 4.405109e+03 4.462741e+03 
1.248283e-01 4.296104e+03 4.296705e+03 
1.278485e-01 4.179524e+03 4.139103e+03 
1.308687e-01 4.052803e+03 3.989399e+03 
1.338889e-01 3.915662e+03 3.847100e+03 
1.369091e-01 3.769492e+03 3.711749e+03 
1.399293e-01 3.617251e+03 3.582920e+03 
1.429495e-01 3.462481e+03 3.460221e+03 
1.459697e-01 3.308835e+03 3.343286e+03 
1.489899e-01 3.159826e+03 3.231776e+03 
1.520101e-01 3.018665e+03 3.125374e+03 
1.550303e-01 2.888096e+03 3.023787e+03 
1.580505e-01 2.770332e+03 2.926741e+03 
1.610707e-01 2.666551e+03 2.833981e+03 
1.640909e-01 2.577067e+03 2.745268e+03 
1.671111e-01 2.500746e+03 2.660380e+03 
1.701313e-01 2.435760e+03 2.579110e+03 
1.731515e-01 2.379629e+03 2.501262e+03 
1.761717e-01 2.329840e+03 2.426656e+03 
1.791919e-01 2.284005e+03 2.355121e+03 
1.822121e-01 2.240052e+03 2.286496e+03 
1.852323e-01 2.196191e+03 2.220634e+03 
1.882525e-01 2.150900e+03 2.157392e+03 
1.912727e-01 2.102924e+03 2.096640e+03 
1.942929e-01 2.051607e+03 2.038253e+03 
1.973131e-01 1.996783e+03 1.982114e+03 
2.003333e-01 1.939046e+03 1.928115e+03 
2.033535e-01 1.879367e+03 1.876152e+03 
2.063737e-01 1.819070e+03 1.826127e+03 
2.093939e-01 1.759427e+03 1.777950e+03 
2.124141e-01 1.701622e+03 1.731533e+03 
2.154343e-01 1.646582e+03 1.686795e+03 
2.184545e-01 1.595052e+03 1.643659e+03 
2.214747e-01 1.547514e+03 1.602052e+03 
2.244949e-01 1.504260e+03 1.561905e+03 
2.275152e-01 1.465317e+03 1.523154e+03 
2.305354e-01 1.430480e+03 1.485737e+03 
2.335556e-01 1.399304e+03 1.449594e+03 
2.365758e-01 1.371172e+03 1.414672e+03 
2.395960e-01 1.345359e+03 1.380918e+03 
2.426162e-01 1.321105e+03 1.348282e+03 
2.456364e-01 1.297677e+03 1.316717e+03 
2.486566e-01 1.274443e+03 1.286179e+03 
2.516768e-01 1.250886e+03 1.256624e+03 
2.546970e-01 1.226655e+03 1.228013e+03 
2.577172e-01 1.201569e+03 1.200307e+03 
2.607374e-01 1.175621e+03 1.173470e+03 
2.637576e-01 1.148967e+03 1.147467e+03 
2.667778e-01 1.121874e+03 1.122266e+03 
2.697980e-01 1.094676e+03 1.097833e+03 
2.728182e-01 1.067727e+03 1.074141e+03 
2.758384e-01 1.041368e+03 1.051160e+03 
2.788586e-01 1.015909e+03 1.028862e+03 
2.818788e-01 9.916096e+02 1.007223e+03 
2.848990e-01 9.686550e+02 9.862171e+02 
2.879192e-01 9.471572e+02 9.658208e+02 
2.909394e-01 9.271350e+02 9.460116e+02 
2.939596e-01 9.085439e+02 9.267679e+02 
2.969798e-01 8.912527e+02 9.080692e+02 
3.000000e-01 8.750899e+02 8.898958e+02 
