1.000000e-03 3.231455e+03 3.231452e+03 
4.020202e-03 1.073816e+04 1.082253e+04 
7.040404e-03 1.567694e+04 1.578186e+04 
1.006061e-02 1.873907e+04 1.882864e+04 
1.308081e-02 2.042318e+04 2.048689e+04 
1.610101e-02 2.108972e+04 2.109728e+04 
1.912121e-02 2.101617e+04 2.093584e+04 
2.214141e-02 2.042763e+04 2.027725e+04 
2.516162e-02 1.950861e+04 1.936670e+04 
2.818182e-02 1.840949e+04 1.837362e+04 
3.120202e-02 1.724614e+04 1.738842e+04 
3.422222e-02 1.610412e+04 1.644892e+04 
3.724242e-02 1.504017e+04 1.556649e+04 
4.026263e-02 1.408705e+04 1.474160e+04 
4.328283e-02 1.325812e+04 1.397107e+04 
4.630303e-02 1.254651e+04 1.325088e+04 
4.932323e-02 1.194600e+04 1.257716e+04 
5.234343e-02 1.144297e+04 1.194638e+04 
5.536364e-02 1.100188e+04 1.135537e+04 
5.838384e-02 1.060217e+04 1.080126e+04 
6.140404e-02 1.022914e+04 1.028146e+04 
6.442424e-02 9.861719e+03 9.793575e+03 
6.744444e-02 9.486281e+03 9.335383e+03 
7.046465e-02 9.095417e+03 8.904838e+03 
7.348485e-02 8.686636e+03 8.500034e+03 
7.650505e-02 8.263653e+03 8.119205e+03 
7.952525e-02 7.834379e+03 7.760704e+03 
8.254545e-02 7.409217e+03 7.423007e+03 
8.556566e-02 6.997913e+03 7.104697e+03 
8.858586e-02 6.608776e+03 6.804460e+03 
9.160606e-02 6.248376e+03 6.521078e+03 
9.462626e-02 5.921420e+03 6.253420e+03 
9.764646e-02 5.630920e+03 6.000441e+03 
1.006667e-01 5.378428e+03 5.761171e+03 
1.036869e-01 5.162587e+03 5.534711e+03 
1.067071e-01 4.979935e+03 5.320229e+03 
1.097273e-01 4.824463e+03 5.116953e+03 
1.127475e-01 4.689174e+03 4.924168e+03 
1.157677e-01 4.566726e+03 4.741212e+03 
1.187879e-01 4.450473e+03 4.567467e+03 
1.218081e-01 4.335315e+03 4.402365e+03 
1.248283e-01 4.217420e+03 4.245374e+03 
1.278485e-01 4.094371e+03 4.096001e+03 
1.308687e-01 3.965100e+03 3.953790e+03 
1.338889e-01 3.829671e+03 3.818314e+03 
1.369091e-01 3.689463e+03 3.689177e+03 
1.399293e-01 3.546621e+03 3.566010e+03 
1.429495e-01 3.403996e+03 3.448469e+03 
1.459697e-01 3.264521e+03 3.336234e+03 
1.489899e-01 3.130798e+03 3.229005e+03 
1.520101e-01 3.005094e+03 3.126503e+03 
1.550303e-01 2.889187e+03 3.028468e+03 
1.580505e-01 2.784224e+03 2.934656e+03 
1.610707e-01 2.690684e+03 2.844839e+03 
1.640909e-01 2.608246e+03 2.758802e+03 
1.671111e-01 2.535986e+03 2.676347e+03 
1.701313e-01 2.472265e+03 2.597286e+03 
1.731515e-01 2.415144e+03 2.521443e+03 
1.761717e-01 2.362597e+03 2.448654e+03 
1.791919e-01 2.312721e+03 2.378763e+03 
1.822121e-01 2.263938e+03 2.311625e+03 
1.852323e-01 2.214957e+03 2.247103e+03 
1.882525e-01 2.164827e+03 2.185069e+03 
1.912727e-01 2.112928e+03 2.125401e+03 
1.942929e-01 2.058961e+03 2.067986e+03 
1.973131e-01 2.003149e+03 2.012716e+03 
2.003333e-01 1.946046e+03 1.959490e+03 
2.033535e-01 1.888493e+03 1.908211e+03 
2.063737e-01 1.831426e+03 1.858791e+03 
2.093939e-01 1.775784e+03 1.811144e+03 
2.124141e-01 1.722382e+03 1.765188e+03 
2.154343e-01 1.671801e+03 1.720849e+03 
2.184545e-01 1.624476e+03 1.678054e+03 
2.214747e-01 1.580682e+03 1.636734e+03 
2.244949e-01 1.540474e+03 1.596826e+03 
2.275152e-01 1.503726e+03 1.558268e+03 
2.305354e-01 1.470102e+03 1.521002e+03 
2.335556e-01 1.439146e+03 1.484973e+03 
2.365758e-01 1.410293e+03 1.450130e+03 
2.395960e-01 1.382975e+03 1.416421e+03 
2.426162e-01 1.356677e+03 1.383802e+03 
2.456364e-01 1.330942e+03 1.352226e+03 
2.486566e-01 1.305390e+03 1.321651e+03 
2.516768e-01 1.279723e+03 1.292038e+03 
2.546970e-01 1.253728e+03 1.263347e+03 
2.577172e-01 1.227313e+03 1.235542e+03 
2.607374e-01 1.200490e+03 1.208588e+03 
2.637576e-01 1.173451e+03 1.182452e+03 
2.667778e-01 1.146464e+03 1.157103e+03 
2.697980e-01 1.119841e+03 1.132510e+03 
2.728182e-01 1.093869e+03 1.108644e+03 
2.758384e-01 1.068761e+03 1.085479e+03 
2.788586e-01 1.044672e+03 1.062987e+03 
2.818788e-01 1.021689e+03 1.041144e+03 
2.848990e-01 9.998650e+02 1.019927e+03 
2.879192e-01 9.792261e+02 9.993119e+02 
2.909394e-01 9.597591e+02 9.792772e+02 
2.939596e-01 9.414168e+02 9.598022e+02 
2.969798e-01 9.240790e+02 9.408669e+02 
3.000000e-01 9.075894e+02 9.224522e+02 
