1.000000e-03 5.902390e+03 5.902385e+03 
4.020202e-03 1.969233e+04 1.984902e+04 
7.040404e-03 2.875520e+04 2.899159e+04 
1.006061e-02 3.426429e+04 3.459631e+04 
1.308081e-02 3.707500e+04 3.755409e+04 
1.610101e-02 3.782351e+04 3.837565e+04 
1.912121e-02 3.702712e+04 3.743833e+04 
2.214141e-02 3.513359e+04 3.520765e+04 
2.516162e-02 3.253510e+04 3.226488e+04 
2.818182e-02 2.956616e+04 2.915156e+04 
3.120202e-02 2.649996e+04 2.622451e+04 
3.422222e-02 2.354315e+04 2.364010e+04 
3.724242e-02 2.083840e+04 2.142191e+04 
4.026263e-02 1.847118e+04 1.953238e+04 
4.328283e-02 1.646716e+04 1.791683e+04 
4.630303e-02 1.483112e+04 1.652324e+04 
4.932323e-02 1.355390e+04 1.530843e+04 
5.234343e-02 1.258539e+04 1.423854e+04 
5.536364e-02 1.186986e+04 1.328748e+04 
5.838384e-02 1.135514e+04 1.243524e+04 
6.140404e-02 1.099191e+04 1.166633e+04 
6.442424e-02 1.072648e+04 1.096858e+04 
6.744444e-02 1.051071e+04 1.033233e+04 
7.046465e-02 1.030409e+04 9.749761e+03 
7.348485e-02 1.007183e+04 9.214446e+03 
7.650505e-02 9.788227e+03 8.721043e+03 
7.952525e-02 9.438231e+03 8.265043e+03 
8.254545e-02 9.017980e+03 7.842605e+03 
8.556566e-02 8.533997e+03 7.450420e+03 
8.858586e-02 8.000609e+03 7.085615e+03 
9.160606e-02 7.437366e+03 6.745674e+03 
9.462626e-02 6.866513e+03 6.428385e+03 
9.764646e-02 6.309962e+03 6.131788e+03 
1.006667e-01 5.788315e+03 5.854138e+03 
1.036869e-01 5.317153e+03 5.593878e+03 
1.067071e-01 4.907729e+03 5.349611e+03 
1.097273e-01 4.564810e+03 5.120078e+03 
1.127475e-01 4.288935e+03 4.904144e+03 
1.157677e-01 4.076502e+03 4.700784e+03 
1.187879e-01 3.921246e+03 4.509064e+03 
1.218081e-01 3.815140e+03 4.328137e+03 
1.248283e-01 3.748694e+03 4.157232e+03 
1.278485e-01 3.711596e+03 3.995644e+03 
1.308687e-01 3.692740e+03 3.842728e+03 
1.338889e-01 3.681176e+03 3.697894e+03 
1.369091e-01 3.666435e+03 3.560600e+03 
1.399293e-01 3.639787e+03 3.430349e+03 
1.429495e-01 3.594239e+03 3.306683e+03 
1.459697e-01 3.525713e+03 3.189179e+03 
1.489899e-01 3.432415e+03 3.077449e+03 
1.520101e-01 3.315007e+03 2.971132e+03 
1.550303e-01 3.176464e+03 2.869897e+03 
1.580505e-01 3.021457e+03 2.773436e+03 
1.610707e-01 2.856425e+03 2.681462e+03 
1.640909e-01 2.688344e+03 2.593711e+03 
1.671111e-01 2.524285e+03 2.509937e+03 
1.701313e-01 2.370253e+03 2.429912e+03 
1.731515e-01 2.231024e+03 2.353423e+03 
1.761717e-01 2.109469e+03 2.280271e+03 
1.791919e-01 2.007187e+03 2.210271e+03 
1.822121e-01 1.924308e+03 2.143252e+03 
1.852323e-01 1.860136e+03 2.079051e+03 
1.882525e-01 1.813180e+03 2.017518e+03 
1.912727e-01 1.781298e+03 1.958513e+03 
1.942929e-01 1.761833e+03 1.901904e+03 
1.973131e-01 1.751478e+03 1.847566e+03 
2.003333e-01 1.746659e+03 1.795384e+03 
2.033535e-01 1.743624e+03 1.745250e+03 
2.063737e-01 1.738939e+03 1.697060e+03 
2.093939e-01 1.729595e+03 1.650720e+03 
2.124141e-01 1.713450e+03 1.606138e+03 
2.154343e-01 1.689038e+03 1.563230e+03 
2.184545e-01 1.655830e+03 1.521916e+03 
2.214747e-01 1.614001e+03 1.482120e+03 
2.244949e-01 1.564479e+03 1.443771e+03 
2.275152e-01 1.508780e+03 1.406803e+03 
2.305354e-01 1.448826e+03 1.371152e+03 
2.335556e-01 1.386866e+03 1.336758e+03 
2.365758e-01 1.325170e+03 1.303565e+03 
2.395960e-01 1.265850e+03 1.271520e+03 
2.426162e-01 1.210675e+03 1.240571e+03 
2.456364e-01 1.161044e+03 1.210671e+03 
2.486566e-01 1.117813e+03 1.181774e+03 
2.516768e-01 1.081445e+03 1.153839e+03 
2.546970e-01 1.051924e+03 1.126823e+03 
2.577172e-01 1.028900e+03 1.100688e+03 
2.607374e-01 1.011677e+03 1.075398e+03 
2.637576e-01 9.992985e+02 1.050917e+03 
2.667778e-01 9.906344e+02 1.027214e+03 
2.697980e-01 9.844367e+02 1.004255e+03 
2.728182e-01 9.794463e+02 9.820117e+02 
2.758384e-01 9.744508e+02 9.604552e+02 
2.788586e-01 9.683663e+02 9.395584e+02 
2.818788e-01 9.602624e+02 9.192956e+02 
2.848990e-01 9.494950e+02 8.996422e+02 
2.879192e-01 9.356452e+02 8.805747e+02 
2.909394e-01 9.186094e+02 8.620709e+02 
2.939596e-01 8.985418e+02 8.441095e+02 
2.969798e-01 8.758795e+02 8.266701e+02 
3.000000e-01 8.512382e+02 8.097333e+02 
