1.000000e-03 5.413124e+03 5.413120e+03 
4.020202e-03 1.804005e+04 1.818452e+04 
7.040404e-03 2.633590e+04 2.655002e+04 
1.006061e-02 3.139134e+04 3.167947e+04 
1.308081e-02 3.399807e+04 3.439909e+04 
1.610101e-02 3.474078e+04 3.519012e+04 
1.912121e-02 3.409201e+04 3.441063e+04 
2.214141e-02 3.245389e+04 3.248862e+04 
2.516162e-02 3.017858e+04 2.994078e+04 
2.818182e-02 2.756467e+04 2.723698e+04 
3.120202e-02 2.485421e+04 2.468209e+04 
3.422222e-02 2.223200e+04 2.240930e+04 
3.724242e-02 1.982460e+04 2.044032e+04 
4.026263e-02 1.771015e+04 1.874581e+04 
4.328283e-02 1.591363e+04 1.728199e+04 
4.630303e-02 1.443655e+04 1.600683e+04 
4.932323e-02 1.327679e+04 1.488522e+04 
5.234343e-02 1.239085e+04 1.388944e+04 
5.536364e-02 1.172727e+04 1.299797e+04 
5.838384e-02 1.123956e+04 1.219417e+04 
6.140404e-02 1.088196e+04 1.146503e+04 
6.442424e-02 1.060749e+04 1.080024e+04 
6.744444e-02 1.037254e+04 1.019152e+04 
7.046465e-02 1.014103e+04 9.632122e+03 
7.348485e-02 9.883365e+03 9.116428e+03 
7.650505e-02 9.578035e+03 8.639733e+03 
7.952525e-02 9.213023e+03 8.198028e+03 
8.254545e-02 8.787045e+03 7.787871e+03 
8.556566e-02 8.307667e+03 7.406272e+03 
8.858586e-02 7.788976e+03 7.050621e+03 
9.160606e-02 7.249451e+03 6.718616e+03 
9.462626e-02 6.709152e+03 6.408220e+03 
9.764646e-02 6.187617e+03 6.117620e+03 
1.006667e-01 5.702195e+03 5.845196e+03 
1.036869e-01 5.266352e+03 5.589493e+03 
1.067071e-01 4.888981e+03 5.349201e+03 
1.097273e-01 4.573823e+03 5.123138e+03 
1.127475e-01 4.320826e+03 4.910233e+03 
1.157677e-01 4.125622e+03 4.709513e+03 
1.187879e-01 3.981843e+03 4.520095e+03 
1.218081e-01 3.881373e+03 4.341171e+03 
1.248283e-01 3.815071e+03 4.172006e+03 
1.278485e-01 3.772947e+03 4.011925e+03 
1.308687e-01 3.744727e+03 3.860312e+03 
1.338889e-01 3.720284e+03 3.716600e+03 
1.369091e-01 3.690489e+03 3.580268e+03 
1.399293e-01 3.647696e+03 3.450835e+03 
1.429495e-01 3.586577e+03 3.327862e+03 
1.459697e-01 3.504219e+03 3.210939e+03 
1.489899e-01 3.399944e+03 3.099690e+03 
1.520101e-01 3.275388e+03 2.993766e+03 
1.550303e-01 3.133711e+03 2.892846e+03 
1.580505e-01 2.979853e+03 2.796628e+03 
1.610707e-01 2.819561e+03 2.704837e+03 
1.640909e-01 2.659261e+03 2.617214e+03 
1.671111e-01 2.504960e+03 2.533519e+03 
1.701313e-01 2.362022e+03 2.453530e+03 
1.731515e-01 2.234103e+03 2.377037e+03 
1.761717e-01 2.123613e+03 2.303848e+03 
1.791919e-01 2.031264e+03 2.233781e+03 
1.822121e-01 1.956832e+03 2.166668e+03 
1.852323e-01 1.899176e+03 2.102349e+03 
1.882525e-01 1.856568e+03 2.040679e+03 
1.912727e-01 1.826817e+03 1.981518e+03 
1.942929e-01 1.807170e+03 1.924736e+03 
1.973131e-01 1.794557e+03 1.870213e+03 
2.003333e-01 1.785567e+03 1.817833e+03 
2.033535e-01 1.776878e+03 1.767490e+03 
2.063737e-01 1.765404e+03 1.719084e+03 
2.093939e-01 1.748781e+03 1.672519e+03 
2.124141e-01 1.725279e+03 1.627706e+03 
2.154343e-01 1.694139e+03 1.584562e+03 
2.184545e-01 1.655222e+03 1.543007e+03 
2.214747e-01 1.609138e+03 1.502967e+03 
2.244949e-01 1.557013e+03 1.464372e+03 
2.275152e-01 1.500444e+03 1.427155e+03 
2.305354e-01 1.441304e+03 1.391254e+03 
2.335556e-01 1.381592e+03 1.356609e+03 
2.365758e-01 1.323272e+03 1.323164e+03 
2.395960e-01 1.268117e+03 1.290867e+03 
2.426162e-01 1.217545e+03 1.259667e+03 
2.456364e-01 1.172558e+03 1.229517e+03 
2.486566e-01 1.133756e+03 1.200372e+03 
2.516768e-01 1.101280e+03 1.172189e+03 
2.546970e-01 1.074957e+03 1.144927e+03 
2.577172e-01 1.054240e+03 1.118548e+03 
2.607374e-01 1.038365e+03 1.093016e+03 
2.637576e-01 1.026334e+03 1.068296e+03 
2.667778e-01 1.017043e+03 1.044355e+03 
2.697980e-01 1.009326e+03 1.021161e+03 
2.728182e-01 1.002055e+03 9.986857e+02 
2.758384e-01 9.941830e+02 9.768996e+02 
2.788586e-01 9.848468e+02 9.557761e+02 
2.818788e-01 9.733753e+02 9.352893e+02 
2.848990e-01 9.593361e+02 9.154147e+02 
2.879192e-01 9.425677e+02 8.961291e+02 
2.909394e-01 9.231323e+02 8.774101e+02 
2.939596e-01 9.013462e+02 8.592364e+02 
2.969798e-01 8.776775e+02 8.415878e+02 
3.000000e-01 8.527627e+02 8.244448e+02 
