1.000000e-03 5.754586e+03 5.754581e+03 
4.020202e-03 1.933867e+04 1.949321e+04 
7.040404e-03 2.833892e+04 2.857363e+04 
1.006061e-02 3.385739e+04 3.418696e+04 
1.308081e-02 3.671656e+04 3.719418e+04 
1.610101e-02 3.753431e+04 3.809178e+04 
1.912121e-02 3.681465e+04 3.724269e+04 
2.214141e-02 3.499510e+04 3.509300e+04 
2.516162e-02 3.245990e+04 3.220786e+04 
2.818182e-02 2.954048e+04 2.912510e+04 
3.120202e-02 2.650797e+04 2.620844e+04 
3.422222e-02 2.356960e+04 2.362371e+04 
3.724242e-02 2.086913e+04 2.140145e+04 
4.026263e-02 1.849589e+04 1.950774e+04 
4.328283e-02 1.647943e+04 1.788930e+04 
4.630303e-02 1.482485e+04 1.649434e+04 
4.932323e-02 1.352657e+04 1.527949e+04 
5.234343e-02 1.253872e+04 1.421051e+04 
5.536364e-02 1.180678e+04 1.326104e+04 
5.838384e-02 1.127898e+04 1.241078e+04 
6.140404e-02 1.090752e+04 1.164405e+04 
6.442424e-02 1.064005e+04 1.094857e+04 
6.744444e-02 1.042821e+04 1.031458e+04 
7.046465e-02 1.023143e+04 9.734184e+03 
7.348485e-02 1.001452e+04 9.200937e+03 
7.650505e-02 9.750661e+03 8.709472e+03 
7.952525e-02 9.422855e+03 8.255273e+03 
8.254545e-02 9.025018e+03 7.834493e+03 
8.556566e-02 8.561753e+03 7.443828e+03 
8.858586e-02 8.045606e+03 7.080409e+03 
9.160606e-02 7.494864e+03 6.741730e+03 
9.462626e-02 6.931199e+03 6.425584e+03 
9.764646e-02 6.376340e+03 6.130020e+03 
1.006667e-01 5.851020e+03 5.853304e+03 
1.036869e-01 5.371751e+03 5.593885e+03 
1.067071e-01 4.951022e+03 5.350374e+03 
1.097273e-01 4.594750e+03 5.121520e+03 
1.127475e-01 4.304830e+03 4.906196e+03 
1.157677e-01 4.078640e+03 4.703380e+03 
1.187879e-01 3.910847e+03 4.512147e+03 
1.218081e-01 3.793848e+03 4.331655e+03 
1.248283e-01 3.718798e+03 4.161137e+03 
1.278485e-01 3.675996e+03 3.999892e+03 
1.308687e-01 3.654696e+03 3.847280e+03 
1.338889e-01 3.644070e+03 3.702715e+03 
1.369091e-01 3.633587e+03 3.565658e+03 
1.399293e-01 3.614084e+03 3.435614e+03 
1.429495e-01 3.577901e+03 3.312129e+03 
1.459697e-01 3.520217e+03 3.194782e+03 
1.489899e-01 3.438248e+03 3.083188e+03 
1.520101e-01 3.331881e+03 2.976987e+03 
1.550303e-01 3.203085e+03 2.875850e+03 
1.580505e-01 3.055937e+03 2.779471e+03 
1.610707e-01 2.896142e+03 2.687565e+03 
1.640909e-01 2.730350e+03 2.599869e+03 
1.671111e-01 2.565655e+03 2.516138e+03 
1.701313e-01 2.408554e+03 2.436145e+03 
1.731515e-01 2.264196e+03 2.359678e+03 
1.761717e-01 2.136196e+03 2.286539e+03 
1.791919e-01 2.026722e+03 2.216545e+03 
1.822121e-01 1.936399e+03 2.149524e+03 
1.852323e-01 1.864946e+03 2.085316e+03 
1.882525e-01 1.811221e+03 2.023770e+03 
1.912727e-01 1.773485e+03 1.964746e+03 
1.942929e-01 1.749346e+03 1.908113e+03 
1.973131e-01 1.735831e+03 1.853748e+03 
2.003333e-01 1.729562e+03 1.801535e+03 
2.033535e-01 1.726886e+03 1.751366e+03 
2.063737e-01 1.724235e+03 1.703138e+03 
2.093939e-01 1.718428e+03 1.656758e+03 
2.124141e-01 1.706907e+03 1.612133e+03 
2.154343e-01 1.687820e+03 1.569181e+03 
2.184545e-01 1.660222e+03 1.527820e+03 
2.214747e-01 1.623837e+03 1.487976e+03 
2.244949e-01 1.579228e+03 1.449578e+03 
2.275152e-01 1.527515e+03 1.412560e+03 
2.305354e-01 1.470444e+03 1.376857e+03 
2.335556e-01 1.410061e+03 1.342411e+03 
2.365758e-01 1.348600e+03 1.309165e+03 
2.395960e-01 1.288245e+03 1.277065e+03 
2.426162e-01 1.231001e+03 1.246062e+03 
2.456364e-01 1.178430e+03 1.216107e+03 
2.486566e-01 1.131704e+03 1.187156e+03 
2.516768e-01 1.091548e+03 1.159165e+03 
2.546970e-01 1.058206e+03 1.132094e+03 
2.577172e-01 1.031564e+03 1.105905e+03 
2.607374e-01 1.011118e+03 1.080559e+03 
2.637576e-01 9.961174e+02 1.056024e+03 
2.667778e-01 9.855368e+02 1.032265e+03 
2.697980e-01 9.782266e+02 1.009252e+03 
2.728182e-01 9.729538e+02 9.869547e+02 
2.758384e-01 9.684873e+02 9.653442e+02 
2.788586e-01 9.636498e+02 9.443937e+02 
2.818788e-01 9.574271e+02 9.240776e+02 
2.848990e-01 9.489843e+02 9.043713e+02 
2.879192e-01 9.377225e+02 8.852513e+02 
2.909394e-01 9.233412e+02 8.666954e+02 
2.939596e-01 9.057944e+02 8.486823e+02 
2.969798e-01 8.853353e+02 8.311918e+02 
3.000000e-01 8.624091e+02 8.142043e+02 
