1.000000e-03 3.027649e+03 3.027646e+03 
4.020202e-03 1.001107e+04 1.009042e+04 
7.040404e-03 1.458461e+04 1.467894e+04 
1.006061e-02 1.742239e+04 1.748826e+04 
1.308081e-02 1.900181e+04 1.902391e+04 
1.610101e-02 1.966274e+04 1.961961e+04 
1.912121e-02 1.966274e+04 1.954065e+04 
2.214141e-02 1.920376e+04 1.903353e+04 
2.516162e-02 1.845010e+04 1.830375e+04 
2.818182e-02 1.753147e+04 1.748754e+04 
3.120202e-02 1.654827e+04 1.665781e+04 
3.422222e-02 1.557313e+04 1.584770e+04 
3.724242e-02 1.465422e+04 1.507046e+04 
4.026263e-02 1.382059e+04 1.433060e+04 
4.328283e-02 1.307404e+04 1.362904e+04 
4.630303e-02 1.242109e+04 1.296523e+04 
4.932323e-02 1.186482e+04 1.233802e+04 
5.234343e-02 1.137514e+04 1.174596e+04 
5.536364e-02 1.092956e+04 1.118746e+04 
5.838384e-02 1.051460e+04 1.066087e+04 
6.140404e-02 1.011733e+04 1.016450e+04 
6.442424e-02 9.725697e+03 9.696687e+03 
6.744444e-02 9.329983e+03 9.255770e+03 
7.046465e-02 8.925979e+03 8.840152e+03 
7.348485e-02 8.514158e+03 8.448291e+03 
7.650505e-02 8.098938e+03 8.078713e+03 
7.952525e-02 7.687908e+03 7.730017e+03 
8.254545e-02 7.289315e+03 7.400878e+03 
8.556566e-02 6.910795e+03 7.090048e+03 
8.858586e-02 6.557594e+03 6.796356e+03 
9.160606e-02 6.233239e+03 6.518703e+03 
9.462626e-02 5.939844e+03 6.256064e+03 
9.764646e-02 5.678353e+03 6.007478e+03 
1.006667e-01 5.448210e+03 5.772053e+03 
1.036869e-01 5.247422e+03 5.548956e+03 
1.067071e-01 5.071896e+03 5.337412e+03 
1.097273e-01 4.915885e+03 5.136697e+03 
1.127475e-01 4.773245e+03 4.946141e+03 
1.157677e-01 4.637855e+03 4.765118e+03 
1.187879e-01 4.505226e+03 4.593046e+03 
1.218081e-01 4.371935e+03 4.429384e+03 
1.248283e-01 4.236376e+03 4.273627e+03 
1.278485e-01 4.097814e+03 4.125305e+03 
1.308687e-01 3.956605e+03 3.983981e+03 
1.338889e-01 3.813683e+03 3.849247e+03 
1.369091e-01 3.670836e+03 3.720722e+03 
1.399293e-01 3.530109e+03 3.598053e+03 
1.429495e-01 3.393771e+03 3.480906e+03 
1.459697e-01 3.263785e+03 3.368974e+03 
1.489899e-01 3.141661e+03 3.261966e+03 
1.520101e-01 3.028445e+03 3.159614e+03 
1.550303e-01 2.924724e+03 3.061663e+03 
1.580505e-01 2.830566e+03 2.967878e+03 
1.610707e-01 2.745618e+03 2.878036e+03 
1.640909e-01 2.669028e+03 2.791930e+03 
1.671111e-01 2.599602e+03 2.709366e+03 
1.701313e-01 2.535677e+03 2.630160e+03 
1.731515e-01 2.475471e+03 2.554141e+03 
1.761717e-01 2.417506e+03 2.481147e+03 
1.791919e-01 2.360537e+03 2.411028e+03 
1.822121e-01 2.303783e+03 2.343641e+03 
1.852323e-01 2.246696e+03 2.278852e+03 
1.882525e-01 2.189039e+03 2.216534e+03 
1.912727e-01 2.130778e+03 2.156568e+03 
1.942929e-01 2.072146e+03 2.098844e+03 
1.973131e-01 2.013564e+03 2.043254e+03 
2.003333e-01 1.955651e+03 1.989700e+03 
2.033535e-01 1.899079e+03 1.938086e+03 
2.063737e-01 1.844540e+03 1.888325e+03 
2.093939e-01 1.792543e+03 1.840332e+03 
2.124141e-01 1.743446e+03 1.794027e+03 
2.154343e-01 1.697364e+03 1.749336e+03 
2.184545e-01 1.654283e+03 1.706187e+03 
2.214747e-01 1.614083e+03 1.664513e+03 
2.244949e-01 1.576573e+03 1.624249e+03 
2.275152e-01 1.541425e+03 1.585336e+03 
2.305354e-01 1.508253e+03 1.547716e+03 
2.335556e-01 1.476609e+03 1.511335e+03 
2.365758e-01 1.446073e+03 1.476140e+03 
2.395960e-01 1.416297e+03 1.442082e+03 
2.426162e-01 1.387014e+03 1.409115e+03 
2.456364e-01 1.358066e+03 1.377195e+03 
2.486566e-01 1.329336e+03 1.346279e+03 
2.516768e-01 1.300753e+03 1.316328e+03 
2.546970e-01 1.272303e+03 1.287302e+03 
2.577172e-01 1.244032e+03 1.259166e+03 
2.607374e-01 1.216079e+03 1.231884e+03 
2.637576e-01 1.188639e+03 1.205424e+03 
2.667778e-01 1.161916e+03 1.179755e+03 
2.697980e-01 1.136102e+03 1.154846e+03 
2.728182e-01 1.111301e+03 1.130668e+03 
2.758384e-01 1.087571e+03 1.107195e+03 
2.788586e-01 1.064886e+03 1.084400e+03 
2.818788e-01 1.043198e+03 1.062258e+03 
2.848990e-01 1.022446e+03 1.040746e+03 
2.879192e-01 1.002570e+03 1.019839e+03 
2.909394e-01 9.835026e+02 9.995181e+02 
2.939596e-01 9.651615e+02 9.797607e+02 
2.969798e-01 9.474361e+02 9.605472e+02 
3.000000e-01 9.302089e+02 9.418585e+02 
