1.000000e-03 3.034440e+03 3.034438e+03 
4.020202e-03 1.020166e+04 1.028217e+04 
7.040404e-03 1.501393e+04 1.511919e+04 
1.006061e-02 1.806400e+04 1.816307e+04 
1.308081e-02 1.979572e+04 1.988225e+04 
1.610101e-02 2.053611e+04 2.058153e+04 
1.912121e-02 2.054251e+04 2.050532e+04 
2.214141e-02 2.002581e+04 1.990538e+04 
2.516162e-02 1.916374e+04 1.902306e+04 
2.818182e-02 1.810255e+04 1.803850e+04 
3.120202e-02 1.695880e+04 1.705473e+04 
3.422222e-02 1.582058e+04 1.611732e+04 
3.724242e-02 1.474852e+04 1.524058e+04 
4.026263e-02 1.378039e+04 1.442519e+04 
4.328283e-02 1.293438e+04 1.366714e+04 
4.630303e-02 1.220703e+04 1.296139e+04 
4.932323e-02 1.159535e+04 1.230313e+04 
5.234343e-02 1.109155e+04 1.168816e+04 
5.536364e-02 1.066244e+04 1.111283e+04 
5.838384e-02 1.028382e+04 1.057397e+04 
6.140404e-02 9.939506e+03 1.006877e+04 
6.442424e-02 9.610693e+03 9.594714e+03 
6.744444e-02 9.280724e+03 9.149552e+03 
7.046465e-02 8.937129e+03 8.731212e+03 
7.348485e-02 8.573582e+03 8.337803e+03 
7.650505e-02 8.189777e+03 7.967584e+03 
7.952525e-02 7.790394e+03 7.618948e+03 
8.254545e-02 7.384305e+03 7.290412e+03 
8.556566e-02 6.981491e+03 6.980605e+03 
8.858586e-02 6.591493e+03 6.688257e+03 
9.160606e-02 6.222408e+03 6.412194e+03 
9.462626e-02 5.880589e+03 6.151328e+03 
9.764646e-02 5.570822e+03 5.904654e+03 
1.006667e-01 5.296495e+03 5.671239e+03 
1.036869e-01 5.058966e+03 5.450220e+03 
1.067071e-01 4.857571e+03 5.240796e+03 
1.097273e-01 4.688770e+03 5.042225e+03 
1.127475e-01 4.547153e+03 4.853821e+03 
1.157677e-01 4.425987e+03 4.674945e+03 
1.187879e-01 4.318232e+03 4.505004e+03 
1.218081e-01 4.217533e+03 4.343450e+03 
1.248283e-01 4.118357e+03 4.189772e+03 
1.278485e-01 4.016723e+03 4.043495e+03 
1.308687e-01 3.909741e+03 3.904177e+03 
1.338889e-01 3.795876e+03 3.771409e+03 
1.369091e-01 3.674755e+03 3.644807e+03 
1.399293e-01 3.547129e+03 3.524015e+03 
1.429495e-01 3.414817e+03 3.408702e+03 
1.459697e-01 3.280342e+03 3.298556e+03 
1.489899e-01 3.146558e+03 3.193290e+03 
1.520101e-01 3.016369e+03 3.092632e+03 
1.550303e-01 2.892371e+03 2.996331e+03 
1.580505e-01 2.776812e+03 2.904150e+03 
1.610707e-01 2.671253e+03 2.815867e+03 
1.640909e-01 2.576708e+03 2.731277e+03 
1.671111e-01 2.493446e+03 2.650186e+03 
1.701313e-01 2.420975e+03 2.572410e+03 
1.731515e-01 2.358039e+03 2.497781e+03 
1.761717e-01 2.302990e+03 2.426137e+03 
1.791919e-01 2.253939e+03 2.357328e+03 
1.822121e-01 2.209015e+03 2.291213e+03 
1.852323e-01 2.166419e+03 2.227660e+03 
1.882525e-01 2.124617e+03 2.166541e+03 
1.912727e-01 2.082262e+03 2.107741e+03 
1.942929e-01 2.038307e+03 2.051147e+03 
1.973131e-01 1.992037e+03 1.996656e+03 
2.003333e-01 1.943238e+03 1.944168e+03 
2.033535e-01 1.892084e+03 1.893590e+03 
2.063737e-01 1.839158e+03 1.844834e+03 
2.093939e-01 1.785309e+03 1.797818e+03 
2.124141e-01 1.731553e+03 1.752462e+03 
2.154343e-01 1.678804e+03 1.708693e+03 
2.184545e-01 1.627886e+03 1.666440e+03 
2.214747e-01 1.579462e+03 1.625635e+03 
2.244949e-01 1.534079e+03 1.586218e+03 
2.275152e-01 1.492090e+03 1.548126e+03 
2.305354e-01 1.453691e+03 1.511305e+03 
2.335556e-01 1.418853e+03 1.475700e+03 
2.365758e-01 1.387349e+03 1.441260e+03 
2.395960e-01 1.358736e+03 1.407937e+03 
2.426162e-01 1.332482e+03 1.375684e+03 
2.456364e-01 1.307994e+03 1.344459e+03 
2.486566e-01 1.284716e+03 1.314218e+03 
2.516768e-01 1.262131e+03 1.284924e+03 
2.546970e-01 1.239803e+03 1.256538e+03 
2.577172e-01 1.217351e+03 1.229024e+03 
2.607374e-01 1.194484e+03 1.202349e+03 
2.637576e-01 1.171006e+03 1.176479e+03 
2.667778e-01 1.146879e+03 1.151384e+03 
2.697980e-01 1.122192e+03 1.127034e+03 
2.728182e-01 1.097173e+03 1.103401e+03 
2.758384e-01 1.072112e+03 1.080459e+03 
2.788586e-01 1.047335e+03 1.058181e+03 
2.818788e-01 1.023123e+03 1.036542e+03 
2.848990e-01 9.997129e+02 1.015521e+03 
2.879192e-01 9.772610e+02 9.950929e+02 
2.909394e-01 9.558848e+02 9.752379e+02 
2.939596e-01 9.356708e+02 9.559351e+02 
2.969798e-01 9.166721e+02 9.371650e+02 
3.000000e-01 8.988800e+02 9.189087e+02 
