1.000000e-03 3.464012e+03 3.464009e+03 
4.020202e-03 1.159996e+04 1.169136e+04 
7.040404e-03 1.692759e+04 1.704239e+04 
1.006061e-02 2.018874e+04 2.029309e+04 
1.308081e-02 2.193237e+04 2.201721e+04 
1.610101e-02 2.255647e+04 2.258530e+04 
1.912121e-02 2.237178e+04 2.230149e+04 
2.214141e-02 2.162827e+04 2.147586e+04 
2.516162e-02 2.053463e+04 2.038848e+04 
2.818182e-02 1.925789e+04 1.923188e+04 
3.120202e-02 1.792816e+04 1.810598e+04 
3.422222e-02 1.663981e+04 1.704934e+04 
3.724242e-02 1.545415e+04 1.607040e+04 
4.026263e-02 1.440568e+04 1.516591e+04 
4.328283e-02 1.350574e+04 1.432932e+04 
4.630303e-02 1.274464e+04 1.355386e+04 
4.932323e-02 1.211614e+04 1.283354e+04 
5.234343e-02 1.159890e+04 1.216318e+04 
5.536364e-02 1.115330e+04 1.153834e+04 
5.838384e-02 1.075625e+04 1.095519e+04 
6.140404e-02 1.038555e+04 1.041032e+04 
6.442424e-02 1.001781e+04 9.900736e+03 
6.744444e-02 9.638921e+03 9.423702e+03 
7.046465e-02 9.240425e+03 8.976755e+03 
7.348485e-02 8.819295e+03 8.557647e+03 
7.650505e-02 8.379372e+03 8.164322e+03 
7.952525e-02 7.929374e+03 7.794893e+03 
8.254545e-02 7.480475e+03 7.447630e+03 
8.556566e-02 7.044163e+03 7.120942e+03 
8.858586e-02 6.630501e+03 6.813365e+03 
9.160606e-02 6.247882e+03 6.523553e+03 
9.462626e-02 5.902731e+03 6.250264e+03 
9.764646e-02 5.598887e+03 5.992356e+03 
1.006667e-01 5.338064e+03 5.748776e+03 
1.036869e-01 5.118281e+03 5.518553e+03 
1.067071e-01 4.935288e+03 5.300790e+03 
1.097273e-01 4.782265e+03 5.094660e+03 
1.127475e-01 4.651563e+03 4.899400e+03 
1.157677e-01 4.535104e+03 4.714302e+03 
1.187879e-01 4.425839e+03 4.538714e+03 
1.218081e-01 4.317614e+03 4.372032e+03 
1.248283e-01 4.205880e+03 4.213696e+03 
1.278485e-01 4.087268e+03 4.063186e+03 
1.308687e-01 3.960226e+03 3.920023e+03 
1.338889e-01 3.824651e+03 3.783760e+03 
1.369091e-01 3.682179e+03 3.653982e+03 
1.399293e-01 3.535506e+03 3.530303e+03 
1.429495e-01 3.388095e+03 3.412367e+03 
1.459697e-01 3.243249e+03 3.299839e+03 
1.489899e-01 3.104055e+03 3.192409e+03 
1.520101e-01 2.973049e+03 3.089787e+03 
1.550303e-01 2.852394e+03 2.991703e+03 
1.580505e-01 2.743697e+03 2.897906e+03 
1.610707e-01 2.647791e+03 2.808159e+03 
1.640909e-01 2.564491e+03 2.722244e+03 
1.671111e-01 2.492711e+03 2.639954e+03 
1.701313e-01 2.430624e+03 2.561096e+03 
1.731515e-01 2.375955e+03 2.485490e+03 
1.761717e-01 2.326301e+03 2.412967e+03 
1.791919e-01 2.279581e+03 2.343369e+03 
1.822121e-01 2.233957e+03 2.276546e+03 
1.852323e-01 2.187958e+03 2.212359e+03 
1.882525e-01 2.140412e+03 2.150676e+03 
1.912727e-01 2.090498e+03 2.091374e+03 
1.942929e-01 2.037850e+03 2.034336e+03 
1.973131e-01 1.982519e+03 1.979453e+03 
2.003333e-01 1.925147e+03 1.926622e+03 
2.033535e-01 1.866690e+03 1.875747e+03 
2.063737e-01 1.808313e+03 1.826734e+03 
2.093939e-01 1.751158e+03 1.779498e+03 
2.124141e-01 1.696204e+03 1.733957e+03 
2.154343e-01 1.644235e+03 1.690033e+03 
2.184545e-01 1.595802e+03 1.647655e+03 
2.214747e-01 1.551213e+03 1.606752e+03 
2.244949e-01 1.510572e+03 1.567260e+03 
2.275152e-01 1.473752e+03 1.529117e+03 
2.305354e-01 1.440467e+03 1.492265e+03 
2.335556e-01 1.410219e+03 1.456647e+03 
2.365758e-01 1.382423e+03 1.422211e+03 
2.395960e-01 1.356437e+03 1.388908e+03 
2.426162e-01 1.331626e+03 1.356689e+03 
2.456364e-01 1.307384e+03 1.325511e+03 
2.486566e-01 1.283194e+03 1.295329e+03 
2.516768e-01 1.258629e+03 1.266105e+03 
2.546970e-01 1.233463e+03 1.237798e+03 
2.577172e-01 1.207601e+03 1.210373e+03 
2.607374e-01 1.181144e+03 1.183794e+03 
2.637576e-01 1.154287e+03 1.158028e+03 
2.667778e-01 1.127329e+03 1.133044e+03 
2.697980e-01 1.100578e+03 1.108811e+03 
2.728182e-01 1.074327e+03 1.085300e+03 
2.758384e-01 1.048842e+03 1.062484e+03 
2.788586e-01 1.024354e+03 1.040337e+03 
2.818788e-01 1.001045e+03 1.018833e+03 
2.848990e-01 9.790477e+02 9.979496e+02 
2.879192e-01 9.584084e+02 9.776630e+02 
2.909394e-01 9.391148e+02 9.579517e+02 
2.939596e-01 9.210754e+02 9.387948e+02 
2.969798e-01 9.041421e+02 9.201725e+02 
3.000000e-01 8.881122e+02 9.020656e+02 
