1.000000e-03 3.574470e+03 3.574466e+03 
4.020202e-03 1.173929e+04 1.183311e+04 
7.040404e-03 1.695104e+04 1.706005e+04 
1.006061e-02 2.007321e+04 2.015085e+04 
1.308081e-02 2.170714e+04 2.173666e+04 
1.610101e-02 2.227287e+04 2.222614e+04 
1.912121e-02 2.208387e+04 2.194469e+04 
2.214141e-02 2.138567e+04 2.119446e+04 
2.516162e-02 2.037454e+04 2.022204e+04 
2.818182e-02 1.920359e+04 1.918443e+04 
3.120202e-02 1.798940e+04 1.816038e+04 
3.422222e-02 1.681337e+04 1.718184e+04 
3.724242e-02 1.572805e+04 1.625867e+04 
4.026263e-02 1.476058e+04 1.539184e+04 
4.328283e-02 1.390797e+04 1.457924e+04 
4.630303e-02 1.317998e+04 1.381785e+04 
4.932323e-02 1.256835e+04 1.310452e+04 
5.234343e-02 1.203239e+04 1.243617e+04 
5.536364e-02 1.155048e+04 1.180988e+04 
5.838384e-02 1.110432e+04 1.122289e+04 
6.140404e-02 1.067170e+04 1.067258e+04 
6.442424e-02 1.024011e+04 1.015648e+04 
6.744444e-02 9.802211e+03 9.672257e+03 
7.046465e-02 9.353928e+03 9.217735e+03 
7.348485e-02 8.896756e+03 8.790862e+03 
7.650505e-02 8.436315e+03 8.389725e+03 
7.952525e-02 7.981358e+03 8.012540e+03 
8.254545e-02 7.541598e+03 7.657648e+03 
8.556566e-02 7.125769e+03 7.323505e+03 
8.858586e-02 6.740665e+03 7.008682e+03 
9.160606e-02 6.390890e+03 6.711854e+03 
9.462626e-02 6.079105e+03 6.431791e+03 
9.764646e-02 5.805898e+03 6.167359e+03 
1.006667e-01 5.569235e+03 5.917504e+03 
1.036869e-01 5.365474e+03 5.681255e+03 
1.067071e-01 5.188332e+03 5.457711e+03 
1.097273e-01 5.030916e+03 5.246038e+03 
1.127475e-01 4.886139e+03 5.045466e+03 
1.157677e-01 4.747789e+03 4.855280e+03 
1.187879e-01 4.610941e+03 4.674819e+03 
1.218081e-01 4.472063e+03 4.503471e+03 
1.248283e-01 4.328975e+03 4.340666e+03 
1.278485e-01 4.181123e+03 4.185878e+03 
1.308687e-01 4.029137e+03 4.038618e+03 
1.338889e-01 3.875000e+03 3.898430e+03 
1.369091e-01 3.721314e+03 3.764892e+03 
1.399293e-01 3.570953e+03 3.637612e+03 
1.429495e-01 3.426571e+03 3.516223e+03 
1.459697e-01 3.290006e+03 3.400386e+03 
1.489899e-01 3.162708e+03 3.289783e+03 
1.520101e-01 3.045659e+03 3.184117e+03 
1.550303e-01 2.939504e+03 3.083113e+03 
1.580505e-01 2.844475e+03 2.986513e+03 
1.610707e-01 2.759986e+03 2.894077e+03 
1.640909e-01 2.684717e+03 2.805577e+03 
1.671111e-01 2.616742e+03 2.720805e+03 
1.701313e-01 2.553837e+03 2.639562e+03 
1.731515e-01 2.493987e+03 2.561663e+03 
1.761717e-01 2.435459e+03 2.486936e+03 
1.791919e-01 2.377301e+03 2.415217e+03 
1.822121e-01 2.318845e+03 2.346353e+03 
1.852323e-01 2.259655e+03 2.280202e+03 
1.882525e-01 2.199493e+03 2.216627e+03 
1.912727e-01 2.138401e+03 2.155504e+03 
1.942929e-01 2.076711e+03 2.096711e+03 
1.973131e-01 2.015068e+03 2.040137e+03 
2.003333e-01 1.954341e+03 1.985676e+03 
2.033535e-01 1.895518e+03 1.933228e+03 
2.063737e-01 1.839336e+03 1.882698e+03 
2.093939e-01 1.786334e+03 1.833998e+03 
2.124141e-01 1.736724e+03 1.787044e+03 
2.154343e-01 1.690546e+03 1.741757e+03 
2.184545e-01 1.647650e+03 1.698061e+03 
2.214747e-01 1.607813e+03 1.655886e+03 
2.244949e-01 1.570743e+03 1.615164e+03 
2.275152e-01 1.536068e+03 1.575832e+03 
2.305354e-01 1.503307e+03 1.537830e+03 
2.335556e-01 1.471977e+03 1.501100e+03 
2.365758e-01 1.441606e+03 1.465588e+03 
2.395960e-01 1.411795e+03 1.431244e+03 
2.426162e-01 1.382221e+03 1.398018e+03 
2.456364e-01 1.352716e+03 1.365864e+03 
2.486566e-01 1.323203e+03 1.334738e+03 
2.516768e-01 1.293702e+03 1.304598e+03 
2.546970e-01 1.264291e+03 1.275405e+03 
2.577172e-01 1.235154e+03 1.247120e+03 
2.607374e-01 1.206496e+03 1.219708e+03 
2.637576e-01 1.178526e+03 1.193134e+03 
2.667778e-01 1.151435e+03 1.167366e+03 
2.697980e-01 1.125386e+03 1.142373e+03 
2.728182e-01 1.100471e+03 1.118124e+03 
2.758384e-01 1.076717e+03 1.094593e+03 
2.788586e-01 1.054110e+03 1.071750e+03 
2.818788e-01 1.032605e+03 1.049572e+03 
2.848990e-01 1.012112e+03 1.028033e+03 
2.879192e-01 9.925203e+02 1.007110e+03 
2.909394e-01 9.737128e+02 9.867797e+02 
2.939596e-01 9.555672e+02 9.670216e+02 
2.969798e-01 9.379488e+02 9.478148e+02 
3.000000e-01 9.207365e+02 9.291398e+02 
