1.000000e-03 2.844869e+03 2.844867e+03 
4.020202e-03 9.755135e+03 9.832067e+03 
7.040404e-03 1.441213e+04 1.450769e+04 
1.006061e-02 1.735539e+04 1.743363e+04 
1.308081e-02 1.901992e+04 1.906910e+04 
1.610101e-02 1.973072e+04 1.972365e+04 
1.912121e-02 1.974265e+04 1.965353e+04 
2.214141e-02 1.926386e+04 1.911402e+04 
2.516162e-02 1.846672e+04 1.833107e+04 
2.818182e-02 1.749127e+04 1.745988e+04 
3.120202e-02 1.644681e+04 1.658384e+04 
3.422222e-02 1.541399e+04 1.573910e+04 
3.724242e-02 1.444655e+04 1.493804e+04 
4.026263e-02 1.357604e+04 1.418302e+04 
4.328283e-02 1.281567e+04 1.347276e+04 
4.630303e-02 1.216048e+04 1.280489e+04 
4.932323e-02 1.160319e+04 1.217688e+04 
5.234343e-02 1.113207e+04 1.158627e+04 
5.536364e-02 1.071632e+04 1.103074e+04 
5.838384e-02 1.033490e+04 1.050814e+04 
6.140404e-02 9.974787e+03 1.001641e+04 
6.442424e-02 9.617853e+03 9.553611e+03 
6.744444e-02 9.251892e+03 9.117923e+03 
7.046465e-02 8.871019e+03 8.707612e+03 
7.348485e-02 8.474015e+03 8.321046e+03 
7.650505e-02 8.065016e+03 7.956688e+03 
7.952525e-02 7.651937e+03 7.613095e+03 
8.254545e-02 7.244687e+03 7.288912e+03 
8.556566e-02 6.852402e+03 6.982874e+03 
8.858586e-02 6.482746e+03 6.693798e+03 
9.160606e-02 6.141459e+03 6.420580e+03 
9.462626e-02 5.832662e+03 6.162191e+03 
9.764646e-02 5.558859e+03 5.917675e+03 
1.006667e-01 5.320878e+03 5.686140e+03 
1.036869e-01 5.117166e+03 5.466759e+03 
1.067071e-01 4.943702e+03 5.258761e+03 
1.097273e-01 4.794583e+03 5.061431e+03 
1.127475e-01 4.662770e+03 4.874102e+03 
1.157677e-01 4.541551e+03 4.696156e+03 
1.187879e-01 4.424781e+03 4.527018e+03 
1.218081e-01 4.308042e+03 4.366153e+03 
1.248283e-01 4.187994e+03 4.213062e+03 
1.278485e-01 4.062906e+03 4.067282e+03 
1.308687e-01 3.932053e+03 3.928382e+03 
1.338889e-01 3.795968e+03 3.795960e+03 
1.369091e-01 3.656179e+03 3.669640e+03 
1.399293e-01 3.515149e+03 3.549073e+03 
1.429495e-01 3.375585e+03 3.433934e+03 
1.459697e-01 3.240264e+03 3.323917e+03 
1.489899e-01 3.111503e+03 3.218738e+03 
1.520101e-01 2.991268e+03 3.118132e+03 
1.550303e-01 2.880880e+03 3.021849e+03 
1.580505e-01 2.781208e+03 2.929657e+03 
1.610707e-01 2.692375e+03 2.841338e+03 
1.640909e-01 2.613939e+03 2.756689e+03 
1.671111e-01 2.544710e+03 2.675516e+03 
1.701313e-01 2.483050e+03 2.597642e+03 
1.731515e-01 2.426923e+03 2.522896e+03 
1.761717e-01 2.374419e+03 2.451122e+03 
1.791919e-01 2.323780e+03 2.382170e+03 
1.822121e-01 2.273667e+03 2.315900e+03 
1.852323e-01 2.223007e+03 2.252181e+03 
1.882525e-01 2.171115e+03 2.190889e+03 
1.912727e-01 2.117561e+03 2.131907e+03 
1.942929e-01 2.062329e+03 2.075124e+03 
1.973131e-01 2.005698e+03 2.020438e+03 
2.003333e-01 1.948330e+03 1.967750e+03 
2.033535e-01 1.891055e+03 1.916968e+03 
2.063737e-01 1.834831e+03 1.868005e+03 
2.093939e-01 1.780475e+03 1.820777e+03 
2.124141e-01 1.728668e+03 1.775208e+03 
2.154343e-01 1.679879e+03 1.731223e+03 
2.184545e-01 1.634429e+03 1.688752e+03 
2.214747e-01 1.592409e+03 1.647729e+03 
2.244949e-01 1.553772e+03 1.608092e+03 
2.275152e-01 1.518269e+03 1.569781e+03 
2.305354e-01 1.485529e+03 1.532740e+03 
2.335556e-01 1.455047e+03 1.496915e+03 
2.365758e-01 1.426294e+03 1.462256e+03 
2.395960e-01 1.398747e+03 1.428713e+03 
2.426162e-01 1.371956e+03 1.396243e+03 
2.456364e-01 1.345538e+03 1.364800e+03 
2.486566e-01 1.319193e+03 1.334344e+03 
2.516768e-01 1.292685e+03 1.304834e+03 
2.546970e-01 1.265888e+03 1.276235e+03 
2.577172e-01 1.238771e+03 1.248509e+03 
2.607374e-01 1.211462e+03 1.221623e+03 
2.637576e-01 1.184165e+03 1.195545e+03 
2.667778e-01 1.157171e+03 1.170243e+03 
2.697980e-01 1.130756e+03 1.145688e+03 
2.728182e-01 1.105168e+03 1.121852e+03 
2.758384e-01 1.080559e+03 1.098709e+03 
2.788586e-01 1.057013e+03 1.076231e+03 
2.818788e-01 1.034576e+03 1.054396e+03 
2.848990e-01 1.013272e+03 1.033179e+03 
2.879192e-01 9.930972e+02 1.012559e+03 
2.909394e-01 9.740183e+02 9.925133e+02 
2.939596e-01 9.559371e+02 9.730219e+02 
2.969798e-01 9.387201e+02 9.540654e+02 
3.000000e-01 9.221928e+02 9.356249e+02 
