1.000000e-03 3.753969e+03 3.753966e+03 
4.020202e-03 1.266642e+04 1.276681e+04 
7.040404e-03 1.858858e+04 1.872440e+04 
1.006061e-02 2.226145e+04 2.240930e+04 
1.308081e-02 2.424794e+04 2.441012e+04 
1.610101e-02 2.496607e+04 2.509775e+04 
1.912121e-02 2.474744e+04 2.477134e+04 
2.214141e-02 2.386891e+04 2.375943e+04 
2.516162e-02 2.256565e+04 2.239615e+04 
2.818182e-02 2.103216e+04 2.093886e+04 
3.120202e-02 1.942406e+04 1.953336e+04 
3.422222e-02 1.785708e+04 1.823832e+04 
3.724242e-02 1.640952e+04 1.706475e+04 
4.026263e-02 1.512921e+04 1.600417e+04 
4.328283e-02 1.403290e+04 1.504271e+04 
4.630303e-02 1.311449e+04 1.416684e+04 
4.932323e-02 1.237542e+04 1.336497e+04 
5.234343e-02 1.178906e+04 1.262765e+04 
5.536364e-02 1.131193e+04 1.194718e+04 
5.838384e-02 1.091696e+04 1.131729e+04 
6.140404e-02 1.057399e+04 1.073278e+04 
6.442424e-02 1.025294e+04 1.018923e+04 
6.744444e-02 9.929934e+03 9.682871e+03 
7.046465e-02 9.587159e+03 9.210416e+03 
7.348485e-02 9.213710e+03 8.768976e+03 
7.650505e-02 8.806235e+03 8.355988e+03 
7.952525e-02 8.368822e+03 7.969159e+03 
8.254545e-02 7.910901e+03 7.606429e+03 
8.556566e-02 7.445106e+03 7.265936e+03 
8.858586e-02 6.984692e+03 6.945995e+03 
9.160606e-02 6.542336e+03 6.645071e+03 
9.462626e-02 6.129224e+03 6.361769e+03 
9.764646e-02 5.754456e+03 6.094813e+03 
1.006667e-01 5.424423e+03 5.843037e+03 
1.036869e-01 5.142642e+03 5.605373e+03 
1.067071e-01 4.908545e+03 5.380841e+03 
1.097273e-01 4.718751e+03 5.168542e+03 
1.127475e-01 4.566777e+03 4.967648e+03 
1.157677e-01 4.444936e+03 4.777398e+03 
1.187879e-01 4.344778e+03 4.597092e+03 
1.218081e-01 4.258101e+03 4.426081e+03 
1.248283e-01 4.177240e+03 4.263768e+03 
1.278485e-01 4.095510e+03 4.109602e+03 
1.308687e-01 4.007201e+03 3.963071e+03 
1.338889e-01 3.908491e+03 3.823703e+03 
1.369091e-01 3.797065e+03 3.691059e+03 
1.399293e-01 3.673100e+03 3.564734e+03 
1.429495e-01 3.538138e+03 3.444349e+03 
1.459697e-01 3.395206e+03 3.329555e+03 
1.489899e-01 3.247946e+03 3.220025e+03 
1.520101e-01 3.100423e+03 3.115456e+03 
1.550303e-01 2.956592e+03 3.015566e+03 
1.580505e-01 2.820186e+03 2.920091e+03 
1.610707e-01 2.694275e+03 2.828785e+03 
1.640909e-01 2.581291e+03 2.741419e+03 
1.671111e-01 2.482611e+03 2.657778e+03 
1.701313e-01 2.398513e+03 2.577663e+03 
1.731515e-01 2.328049e+03 2.500885e+03 
1.761717e-01 2.269551e+03 2.427269e+03 
1.791919e-01 2.220870e+03 2.356651e+03 
1.822121e-01 2.179602e+03 2.288876e+03 
1.852323e-01 2.143300e+03 2.223799e+03 
1.882525e-01 2.109655e+03 2.161285e+03 
1.912727e-01 2.076485e+03 2.101206e+03 
1.942929e-01 2.041791e+03 2.043441e+03 
1.973131e-01 2.004023e+03 1.987878e+03 
2.003333e-01 1.962110e+03 1.934410e+03 
2.033535e-01 1.915729e+03 1.882938e+03 
2.063737e-01 1.865073e+03 1.833366e+03 
2.093939e-01 1.810967e+03 1.785606e+03 
2.124141e-01 1.754521e+03 1.739573e+03 
2.154343e-01 1.697092e+03 1.695189e+03 
2.184545e-01 1.640024e+03 1.652378e+03 
2.214747e-01 1.584589e+03 1.611070e+03 
2.244949e-01 1.531886e+03 1.571197e+03 
2.275152e-01 1.482843e+03 1.532696e+03 
2.305354e-01 1.438056e+03 1.495508e+03 
2.335556e-01 1.397889e+03 1.459574e+03 
2.365758e-01 1.362347e+03 1.424842e+03 
2.395960e-01 1.331219e+03 1.391260e+03 
2.426162e-01 1.304038e+03 1.358779e+03 
2.456364e-01 1.280178e+03 1.327355e+03 
2.486566e-01 1.258891e+03 1.296942e+03 
2.516768e-01 1.239355e+03 1.267500e+03 
2.546970e-01 1.220737e+03 1.238988e+03 
2.577172e-01 1.202257e+03 1.211371e+03 
2.607374e-01 1.183248e+03 1.184611e+03 
2.637576e-01 1.163238e+03 1.158675e+03 
2.667778e-01 1.141960e+03 1.133530e+03 
2.697980e-01 1.119365e+03 1.109147e+03 
2.728182e-01 1.095569e+03 1.085494e+03 
2.758384e-01 1.070804e+03 1.062545e+03 
2.788586e-01 1.045398e+03 1.040273e+03 
2.818788e-01 1.019723e+03 1.018652e+03 
2.848990e-01 9.941841e+02 9.976575e+02 
2.879192e-01 9.691847e+02 9.772670e+02 
2.909394e-01 9.451140e+02 9.574580e+02 
2.939596e-01 9.222965e+02 9.382094e+02 
2.969798e-01 9.009864e+02 9.195010e+02 
3.000000e-01 8.813019e+02 9.013133e+02 
