1.000000e-03 3.721617e+03 3.721614e+03 
4.020202e-03 1.218316e+04 1.227925e+04 
7.040404e-03 1.756853e+04 1.768132e+04 
1.006061e-02 2.077729e+04 2.086443e+04 
1.308081e-02 2.243082e+04 2.247756e+04 
1.610101e-02 2.296502e+04 2.293766e+04 
1.912121e-02 2.270818e+04 2.258258e+04 
2.214141e-02 2.191953e+04 2.173515e+04 
2.516162e-02 2.080746e+04 2.066291e+04 
2.818182e-02 1.953645e+04 1.953588e+04 
3.120202e-02 1.823028e+04 1.843731e+04 
3.422222e-02 1.697587e+04 1.739867e+04 
3.724242e-02 1.582768e+04 1.642751e+04 
4.026263e-02 1.481354e+04 1.552232e+04 
4.328283e-02 1.393998e+04 1.467884e+04 
4.630303e-02 1.319628e+04 1.389240e+04 
4.932323e-02 1.256819e+04 1.315857e+04 
5.234343e-02 1.203396e+04 1.247333e+04 
5.536364e-02 1.156012e+04 1.183304e+04 
5.838384e-02 1.112108e+04 1.123438e+04 
6.140404e-02 1.069702e+04 1.067432e+04 
6.442424e-02 1.027183e+04 1.015004e+04 
6.744444e-02 9.835674e+03 9.658961e+03 
7.046465e-02 9.384443e+03 9.198677e+03 
7.348485e-02 8.919566e+03 8.766969e+03 
7.650505e-02 8.447912e+03 8.361781e+03 
7.952525e-02 7.979458e+03 7.981212e+03 
8.254545e-02 7.525405e+03 7.623503e+03 
8.556566e-02 7.095422e+03 7.287031e+03 
8.858586e-02 6.697194e+03 6.970296e+03 
9.160606e-02 6.336387e+03 6.671914e+03 
9.462626e-02 6.016507e+03 6.390606e+03 
9.764646e-02 5.738314e+03 6.125195e+03 
1.006667e-01 5.500469e+03 5.874591e+03 
1.036869e-01 5.298213e+03 5.637791e+03 
1.067071e-01 5.125094e+03 5.413866e+03 
1.097273e-01 4.973213e+03 5.201960e+03 
1.127475e-01 4.834813e+03 5.001282e+03 
1.157677e-01 4.703039e+03 4.811101e+03 
1.187879e-01 4.572335e+03 4.630739e+03 
1.218081e-01 4.438651e+03 4.459571e+03 
1.248283e-01 4.299552e+03 4.297016e+03 
1.278485e-01 4.153960e+03 4.142537e+03 
1.308687e-01 4.002683e+03 3.995637e+03 
1.338889e-01 3.847609e+03 3.855852e+03 
1.369091e-01 3.691771e+03 3.722753e+03 
1.399293e-01 3.538356e+03 3.595942e+03 
1.429495e-01 3.390283e+03 3.475048e+03 
1.459697e-01 3.250004e+03 3.359726e+03 
1.489899e-01 3.119387e+03 3.249655e+03 
1.520101e-01 2.999835e+03 3.144534e+03 
1.550303e-01 2.892311e+03 3.044086e+03 
1.580505e-01 2.796937e+03 2.948049e+03 
1.610707e-01 2.713189e+03 2.856180e+03 
1.640909e-01 2.639447e+03 2.768252e+03 
1.671111e-01 2.573644e+03 2.684052e+03 
1.701313e-01 2.513347e+03 2.603381e+03 
1.731515e-01 2.456350e+03 2.526054e+03 
1.761717e-01 2.400880e+03 2.451895e+03 
1.791919e-01 2.345621e+03 2.380740e+03 
1.822121e-01 2.289659e+03 2.312437e+03 
1.852323e-01 2.232394e+03 2.246841e+03 
1.882525e-01 2.173468e+03 2.183816e+03 
1.912727e-01 2.112923e+03 2.123235e+03 
1.942929e-01 2.051119e+03 2.064978e+03 
1.973131e-01 1.988954e+03 2.008933e+03 
2.003333e-01 1.927456e+03 1.954993e+03 
2.033535e-01 1.867700e+03 1.903059e+03 
2.063737e-01 1.810559e+03 1.853035e+03 
2.093939e-01 1.756673e+03 1.804832e+03 
2.124141e-01 1.706376e+03 1.758368e+03 
2.154343e-01 1.659792e+03 1.713561e+03 
2.184545e-01 1.616854e+03 1.670338e+03 
2.214747e-01 1.577377e+03 1.628627e+03 
2.244949e-01 1.541011e+03 1.588361e+03 
2.275152e-01 1.507315e+03 1.549477e+03 
2.305354e-01 1.475733e+03 1.511914e+03 
2.335556e-01 1.445698e+03 1.475615e+03 
2.365758e-01 1.416645e+03 1.440526e+03 
2.395960e-01 1.388100e+03 1.406597e+03 
2.426162e-01 1.359674e+03 1.373777e+03 
2.456364e-01 1.331119e+03 1.342022e+03 
2.486566e-01 1.302297e+03 1.311287e+03 
2.516768e-01 1.273239e+03 1.281530e+03 
2.546970e-01 1.244063e+03 1.252713e+03 
2.577172e-01 1.214985e+03 1.224796e+03 
2.607374e-01 1.186257e+03 1.197745e+03 
2.637576e-01 1.158152e+03 1.171525e+03 
2.667778e-01 1.130899e+03 1.146104e+03 
2.697980e-01 1.104686e+03 1.121450e+03 
2.728182e-01 1.079639e+03 1.097535e+03 
2.758384e-01 1.055837e+03 1.074329e+03 
2.788586e-01 1.033292e+03 1.051807e+03 
2.818788e-01 1.011978e+03 1.029942e+03 
2.848990e-01 9.918133e+02 1.008710e+03 
2.879192e-01 9.726748e+02 9.880871e+02 
2.909394e-01 9.543966e+02 9.680520e+02 
2.939596e-01 9.368141e+02 9.485829e+02 
2.969798e-01 9.197696e+02 9.296593e+02 
3.000000e-01 9.031228e+02 9.112618e+02 
