1.000000e-03 3.955409e+03 3.955405e+03 
4.020202e-03 1.313331e+04 1.323814e+04 
7.040404e-03 1.898350e+04 1.911088e+04 
1.006061e-02 2.244037e+04 2.255268e+04 
1.308081e-02 2.417677e+04 2.426229e+04 
1.610101e-02 2.467006e+04 2.468534e+04 
1.912121e-02 2.428442e+04 2.418721e+04 
2.214141e-02 2.330977e+04 2.313180e+04 
2.516162e-02 2.198257e+04 2.183317e+04 
2.818182e-02 2.048910e+04 2.049521e+04 
3.120202e-02 1.897120e+04 1.921634e+04 
3.422222e-02 1.752787e+04 1.802999e+04 
3.724242e-02 1.622079e+04 1.693977e+04 
4.026263e-02 1.508130e+04 1.593880e+04 
4.328283e-02 1.411506e+04 1.501788e+04 
4.630303e-02 1.330827e+04 1.416831e+04 
4.932323e-02 1.264630e+04 1.338258e+04 
5.234343e-02 1.210195e+04 1.265432e+04 
5.536364e-02 1.163483e+04 1.197812e+04 
5.838384e-02 1.121104e+04 1.134930e+04 
6.140404e-02 1.080496e+04 1.076376e+04 
6.442424e-02 1.039816e+04 1.021789e+04 
6.744444e-02 9.977339e+03 9.708442e+03 
7.046465e-02 9.534767e+03 9.232491e+03 
7.348485e-02 9.068987e+03 8.787396e+03 
7.650505e-02 8.585819e+03 8.370754e+03 
7.952525e-02 8.095819e+03 7.980381e+03 
8.254545e-02 7.611975e+03 7.614278e+03 
8.556566e-02 7.147800e+03 7.270625e+03 
8.858586e-02 6.714465e+03 6.947753e+03 
9.160606e-02 6.320451e+03 6.644136e+03 
9.462626e-02 5.971274e+03 6.358374e+03 
9.764646e-02 5.669125e+03 6.089186e+03 
1.006667e-01 5.413631e+03 5.835395e+03 
1.036869e-01 5.200535e+03 5.595919e+03 
1.067071e-01 5.023670e+03 5.369766e+03 
1.097273e-01 4.875077e+03 5.156022e+03 
1.127475e-01 4.746245e+03 4.953845e+03 
1.157677e-01 4.628521e+03 4.762462e+03 
1.187879e-01 4.514498e+03 4.581158e+03 
1.218081e-01 4.397855e+03 4.409273e+03 
1.248283e-01 4.274359e+03 4.246200e+03 
1.278485e-01 4.141454e+03 4.091376e+03 
1.308687e-01 3.999104e+03 3.944280e+03 
1.338889e-01 3.848839e+03 3.804432e+03 
1.369091e-01 3.693734e+03 3.671384e+03 
1.399293e-01 3.537106e+03 3.544723e+03 
1.429495e-01 3.382354e+03 3.424066e+03 
1.459697e-01 3.232690e+03 3.309054e+03 
1.489899e-01 3.091146e+03 3.199358e+03 
1.520101e-01 2.960354e+03 3.094668e+03 
1.550303e-01 2.842430e+03 2.994697e+03 
1.580505e-01 2.738580e+03 2.899177e+03 
1.610707e-01 2.648813e+03 2.807860e+03 
1.640909e-01 2.571786e+03 2.720512e+03 
1.671111e-01 2.505346e+03 2.636916e+03 
1.701313e-01 2.446865e+03 2.556868e+03 
1.731515e-01 2.393906e+03 2.480179e+03 
1.761717e-01 2.344237e+03 2.406670e+03 
1.791919e-01 2.296063e+03 2.336175e+03 
1.822121e-01 2.247780e+03 2.268538e+03 
1.852323e-01 2.197986e+03 2.203612e+03 
1.882525e-01 2.145641e+03 2.141259e+03 
1.912727e-01 2.090162e+03 2.081352e+03 
1.942929e-01 2.031736e+03 2.023767e+03 
1.973131e-01 1.971135e+03 1.968391e+03 
2.003333e-01 1.909563e+03 1.915117e+03 
2.033535e-01 1.848350e+03 1.863844e+03 
2.063737e-01 1.788669e+03 1.814476e+03 
2.093939e-01 1.731494e+03 1.766923e+03 
2.124141e-01 1.677468e+03 1.721100e+03 
2.154343e-01 1.627111e+03 1.676929e+03 
2.184545e-01 1.580825e+03 1.634333e+03 
2.214747e-01 1.538745e+03 1.593240e+03 
2.244949e-01 1.500785e+03 1.553584e+03 
2.275152e-01 1.466553e+03 1.515300e+03 
2.305354e-01 1.435486e+03 1.478328e+03 
2.335556e-01 1.406839e+03 1.442612e+03 
2.365758e-01 1.379871e+03 1.408096e+03 
2.395960e-01 1.353920e+03 1.374729e+03 
2.426162e-01 1.328419e+03 1.342463e+03 
2.456364e-01 1.302905e+03 1.311251e+03 
2.486566e-01 1.277019e+03 1.281050e+03 
2.516768e-01 1.250503e+03 1.251818e+03 
2.546970e-01 1.223310e+03 1.223515e+03 
2.577172e-01 1.195525e+03 1.196103e+03 
2.607374e-01 1.167408e+03 1.169548e+03 
2.637576e-01 1.139290e+03 1.143814e+03 
2.667778e-01 1.111562e+03 1.118869e+03 
2.697980e-01 1.084554e+03 1.094683e+03 
2.728182e-01 1.058511e+03 1.071226e+03 
2.758384e-01 1.033615e+03 1.048470e+03 
2.788586e-01 1.010002e+03 1.026388e+03 
2.818788e-01 9.877434e+02 1.004955e+03 
2.848990e-01 9.668734e+02 9.841459e+02 
2.879192e-01 9.473641e+02 9.639384e+02 
2.909394e-01 9.291247e+02 9.443099e+02 
2.939596e-01 9.119691e+02 9.252392e+02 
2.969798e-01 8.956765e+02 9.067061e+02 
3.000000e-01 8.800024e+02 8.886912e+02 
