1.000000e-03 2.730385e+03 2.730382e+03 
4.020202e-03 9.198917e+03 9.270860e+03 
7.040404e-03 1.355558e+04 1.364544e+04 
1.006061e-02 1.633331e+04 1.640617e+04 
1.308081e-02 1.793428e+04 1.797892e+04 
1.610101e-02 1.865537e+04 1.864835e+04 
1.912121e-02 1.872852e+04 1.864640e+04 
2.214141e-02 1.834173e+04 1.820201e+04 
2.516162e-02 1.765126e+04 1.751930e+04 
2.818182e-02 1.678472e+04 1.674130e+04 
3.120202e-02 1.584262e+04 1.594721e+04 
3.422222e-02 1.489913e+04 1.517319e+04 
3.724242e-02 1.400616e+04 1.443304e+04 
4.026263e-02 1.319371e+04 1.373072e+04 
4.328283e-02 1.246756e+04 1.306635e+04 
4.630303e-02 1.184153e+04 1.243870e+04 
4.932323e-02 1.131231e+04 1.184613e+04 
5.234343e-02 1.085469e+04 1.128689e+04 
5.536364e-02 1.044679e+04 1.075925e+04 
5.838384e-02 1.007240e+04 1.026149e+04 
6.140404e-02 9.719319e+03 9.791970e+03 
6.442424e-02 9.373783e+03 9.349076e+03 
6.744444e-02 9.024071e+03 8.931258e+03 
7.046465e-02 8.662282e+03 8.537025e+03 
7.348485e-02 8.286204e+03 8.164949e+03 
7.650505e-02 7.898741e+03 7.813673e+03 
7.952525e-02 7.506846e+03 7.481907e+03 
8.254545e-02 7.119776e+03 7.168436e+03 
8.556566e-02 6.746230e+03 6.872111e+03 
8.858586e-02 6.393387e+03 6.591854e+03 
9.160606e-02 6.066174e+03 6.326655e+03 
9.462626e-02 5.767918e+03 6.075567e+03 
9.764646e-02 5.500652e+03 5.837705e+03 
1.006667e-01 5.265242e+03 5.612242e+03 
1.036869e-01 5.061114e+03 5.398409e+03 
1.067071e-01 4.885426e+03 5.195485e+03 
1.097273e-01 4.733739e+03 5.002799e+03 
1.127475e-01 4.599956e+03 4.819728e+03 
1.157677e-01 4.477859e+03 4.645687e+03 
1.187879e-01 4.361367e+03 4.480135e+03 
1.218081e-01 4.245926e+03 4.322566e+03 
1.248283e-01 4.128137e+03 4.172508e+03 
1.278485e-01 4.006391e+03 4.029520e+03 
1.308687e-01 3.880035e+03 3.893193e+03 
1.338889e-01 3.749520e+03 3.763144e+03 
1.369091e-01 3.615909e+03 3.639015e+03 
1.399293e-01 3.481137e+03 3.520472e+03 
1.429495e-01 3.347372e+03 3.407203e+03 
1.459697e-01 3.216930e+03 3.298918e+03 
1.489899e-01 3.091937e+03 3.195342e+03 
1.520101e-01 2.974248e+03 3.096220e+03 
1.550303e-01 2.865294e+03 3.001314e+03 
1.580505e-01 2.766091e+03 2.910400e+03 
1.610707e-01 2.676939e+03 2.823267e+03 
1.640909e-01 2.597608e+03 2.739719e+03 
1.671111e-01 2.527090e+03 2.659570e+03 
1.701313e-01 2.463991e+03 2.582648e+03 
1.731515e-01 2.406581e+03 2.508789e+03 
1.761717e-01 2.353106e+03 2.437840e+03 
1.791919e-01 2.301991e+03 2.369657e+03 
1.822121e-01 2.251903e+03 2.304104e+03 
1.852323e-01 2.201898e+03 2.241053e+03 
1.882525e-01 2.151234e+03 2.180385e+03 
1.912727e-01 2.099382e+03 2.121985e+03 
1.942929e-01 2.046130e+03 2.065746e+03 
1.973131e-01 1.991557e+03 2.011568e+03 
2.003333e-01 1.936148e+03 1.959356e+03 
2.033535e-01 1.880638e+03 1.909018e+03 
2.063737e-01 1.825878e+03 1.860471e+03 
2.093939e-01 1.772715e+03 1.813633e+03 
2.124141e-01 1.721789e+03 1.768428e+03 
2.154343e-01 1.673591e+03 1.724784e+03 
2.184545e-01 1.628344e+03 1.682634e+03 
2.214747e-01 1.586167e+03 1.641912e+03 
2.244949e-01 1.547069e+03 1.602556e+03 
2.275152e-01 1.510951e+03 1.564510e+03 
2.305354e-01 1.477584e+03 1.527717e+03 
2.335556e-01 1.446602e+03 1.492125e+03 
2.365758e-01 1.417521e+03 1.457685e+03 
2.395960e-01 1.389833e+03 1.424348e+03 
2.426162e-01 1.363034e+03 1.392071e+03 
2.456364e-01 1.336732e+03 1.360810e+03 
2.486566e-01 1.310612e+03 1.330525e+03 
2.516768e-01 1.284496e+03 1.301177e+03 
2.546970e-01 1.258268e+03 1.272729e+03 
2.577172e-01 1.231899e+03 1.245146e+03 
2.607374e-01 1.205410e+03 1.218395e+03 
2.637576e-01 1.178903e+03 1.192443e+03 
2.667778e-01 1.152545e+03 1.167261e+03 
2.697980e-01 1.126582e+03 1.142818e+03 
2.728182e-01 1.101248e+03 1.119089e+03 
2.758384e-01 1.076761e+03 1.096045e+03 
2.788586e-01 1.053266e+03 1.073663e+03 
2.818788e-01 1.030856e+03 1.051916e+03 
2.848990e-01 1.009548e+03 1.030784e+03 
2.879192e-01 9.893225e+02 1.010243e+03 
2.909394e-01 9.701087e+02 9.902725e+02 
2.939596e-01 9.518238e+02 9.708522e+02 
2.969798e-01 9.343829e+02 9.519628e+02 
3.000000e-01 9.176836e+02 9.335857e+02 
