1.000000e-03 2.813205e+03 2.813203e+03 
4.020202e-03 9.427349e+03 9.500936e+03 
7.040404e-03 1.383019e+04 1.391856e+04 
1.006061e-02 1.660184e+04 1.666658e+04 
1.308081e-02 1.817328e+04 1.820009e+04 
1.610101e-02 1.885767e+04 1.882398e+04 
1.912121e-02 1.889654e+04 1.878697e+04 
2.214141e-02 1.848374e+04 1.832673e+04 
2.516162e-02 1.777849e+04 1.764458e+04 
2.818182e-02 1.690746e+04 1.687485e+04 
3.120202e-02 1.597007e+04 1.608950e+04 
3.422222e-02 1.503792e+04 1.532121e+04 
3.724242e-02 1.415969e+04 1.458302e+04 
4.026263e-02 1.336276e+04 1.387938e+04 
4.328283e-02 1.264950e+04 1.321127e+04 
4.630303e-02 1.203244e+04 1.257825e+04 
4.932323e-02 1.150709e+04 1.197934e+04 
5.234343e-02 1.104457e+04 1.141325e+04 
5.536364e-02 1.062393e+04 1.087857e+04 
5.838384e-02 1.023127e+04 1.037383e+04 
6.140404e-02 9.856464e+03 9.897512e+03 
6.442424e-02 9.485412e+03 9.448092e+03 
6.744444e-02 9.107740e+03 9.024070e+03 
7.046465e-02 8.719197e+03 8.623981e+03 
7.348485e-02 8.320297e+03 8.246404e+03 
7.650505e-02 7.915909e+03 7.889979e+03 
7.952525e-02 7.514269e+03 7.553405e+03 
8.254545e-02 7.124436e+03 7.235451e+03 
8.556566e-02 6.754127e+03 6.934952e+03 
8.858586e-02 6.409021e+03 6.650811e+03 
9.160606e-02 6.092430e+03 6.381998e+03 
9.462626e-02 5.806499e+03 6.127549e+03 
9.764646e-02 5.552321e+03 5.886560e+03 
1.006667e-01 5.329411e+03 5.658188e+03 
1.036869e-01 5.135847e+03 5.441646e+03 
1.067071e-01 4.967295e+03 5.236200e+03 
1.097273e-01 4.818296e+03 5.041164e+03 
1.127475e-01 4.682244e+03 4.855902e+03 
1.157677e-01 4.553198e+03 4.679818e+03 
1.187879e-01 4.426109e+03 4.512358e+03 
1.218081e-01 4.297751e+03 4.353007e+03 
1.248283e-01 4.166290e+03 4.201283e+03 
1.278485e-01 4.031251e+03 4.056738e+03 
1.308687e-01 3.892967e+03 3.918952e+03 
1.338889e-01 3.752719e+03 3.787537e+03 
1.369091e-01 3.612214e+03 3.662128e+03 
1.399293e-01 3.473599e+03 3.542385e+03 
1.429495e-01 3.339058e+03 3.427990e+03 
1.459697e-01 3.210661e+03 3.318646e+03 
1.489899e-01 3.090103e+03 3.214075e+03 
1.520101e-01 2.978546e+03 3.114019e+03 
1.550303e-01 2.876688e+03 3.018233e+03 
1.580505e-01 2.784757e+03 2.926489e+03 
1.610707e-01 2.702310e+03 2.838576e+03 
1.640909e-01 2.628391e+03 2.754291e+03 
1.671111e-01 2.561499e+03 2.673448e+03 
1.701313e-01 2.499897e+03 2.595871e+03 
1.731515e-01 2.441879e+03 2.521393e+03 
1.761717e-01 2.385886e+03 2.449859e+03 
1.791919e-01 2.330789e+03 2.381122e+03 
1.822121e-01 2.275710e+03 2.315046e+03 
1.852323e-01 2.220123e+03 2.251500e+03 
1.882525e-01 2.163706e+03 2.190362e+03 
1.912727e-01 2.106377e+03 2.131517e+03 
1.942929e-01 2.048369e+03 2.074857e+03 
1.973131e-01 1.990212e+03 2.020279e+03 
2.003333e-01 1.932631e+03 1.967687e+03 
2.033535e-01 1.876452e+03 1.916989e+03 
2.063737e-01 1.822375e+03 1.868099e+03 
2.093939e-01 1.770977e+03 1.820936e+03 
2.124141e-01 1.722514e+03 1.775422e+03 
2.154343e-01 1.677105e+03 1.731485e+03 
2.184545e-01 1.634728e+03 1.689054e+03 
2.214747e-01 1.595290e+03 1.648065e+03 
2.244949e-01 1.558607e+03 1.608456e+03 
2.275152e-01 1.524384e+03 1.570168e+03 
2.305354e-01 1.492187e+03 1.533144e+03 
2.335556e-01 1.461537e+03 1.497332e+03 
2.365758e-01 1.431933e+03 1.462682e+03 
2.395960e-01 1.402990e+03 1.429146e+03 
2.426162e-01 1.374420e+03 1.396677e+03 
2.456364e-01 1.346050e+03 1.365234e+03 
2.486566e-01 1.317774e+03 1.334774e+03 
2.516768e-01 1.289554e+03 1.305260e+03 
2.546970e-01 1.261396e+03 1.276652e+03 
2.577172e-01 1.233385e+03 1.248917e+03 
2.607374e-01 1.205655e+03 1.222020e+03 
2.637576e-01 1.178401e+03 1.195929e+03 
2.667778e-01 1.151836e+03 1.170613e+03 
2.697980e-01 1.126181e+03 1.146043e+03 
2.728182e-01 1.101575e+03 1.122191e+03 
2.758384e-01 1.078080e+03 1.099030e+03 
2.788586e-01 1.055684e+03 1.076535e+03 
2.818788e-01 1.034330e+03 1.054681e+03 
2.848990e-01 1.013949e+03 1.033445e+03 
2.879192e-01 9.944596e+02 1.012805e+03 
2.909394e-01 9.757786e+02 9.927388e+02 
2.939596e-01 9.578123e+02 9.732271e+02 
2.969798e-01 9.404455e+02 9.542499e+02 
3.000000e-01 9.235600e+02 9.357886e+02 
