1.000000e-03 3.730769e+03 3.730766e+03 
4.020202e-03 1.236386e+04 1.246210e+04 
7.040404e-03 1.795460e+04 1.807905e+04 
1.006061e-02 2.133800e+04 2.145542e+04 
1.308081e-02 2.311103e+04 2.321441e+04 
1.610101e-02 2.370225e+04 2.375136e+04 
1.912121e-02 2.344140e+04 2.338605e+04 
2.214141e-02 2.259567e+04 2.244601e+04 
2.516162e-02 2.138527e+04 2.123179e+04 
2.818182e-02 1.998785e+04 1.995302e+04 
3.120202e-02 1.854129e+04 1.871888e+04 
3.422222e-02 1.714515e+04 1.757048e+04 
3.724242e-02 1.586432e+04 1.651516e+04 
4.026263e-02 1.473529e+04 1.554732e+04 
4.328283e-02 1.376970e+04 1.465796e+04 
4.630303e-02 1.295712e+04 1.383823e+04 
4.932323e-02 1.229080e+04 1.308046e+04 
5.234343e-02 1.174872e+04 1.237817e+04 
5.536364e-02 1.128890e+04 1.172592e+04 
5.838384e-02 1.088498e+04 1.111907e+04 
6.140404e-02 1.051240e+04 1.055362e+04 
6.442424e-02 1.014597e+04 1.002605e+04 
6.744444e-02 9.769770e+03 9.533253e+03 
7.046465e-02 9.373539e+03 9.072438e+03 
7.348485e-02 8.952583e+03 8.641091e+03 
7.650505e-02 8.509600e+03 8.236936e+03 
7.952525e-02 8.052364e+03 7.857902e+03 
8.254545e-02 7.591801e+03 7.502102e+03 
8.556566e-02 7.140281e+03 7.167814e+03 
8.858586e-02 6.709101e+03 6.853459e+03 
9.160606e-02 6.307920e+03 6.557593e+03 
9.462626e-02 5.944297e+03 6.278892e+03 
9.764646e-02 5.622962e+03 6.016141e+03 
1.006667e-01 5.346466e+03 5.768222e+03 
1.036869e-01 5.113606e+03 5.534108e+03 
1.067071e-01 4.920727e+03 5.312856e+03 
1.097273e-01 4.761223e+03 5.103594e+03 
1.127475e-01 4.627546e+03 4.905522e+03 
1.157677e-01 4.511563e+03 4.717899e+03 
1.187879e-01 4.405691e+03 4.540044e+03 
1.218081e-01 4.302972e+03 4.371325e+03 
1.248283e-01 4.198012e+03 4.211159e+03 
1.278485e-01 4.086549e+03 4.059009e+03 
1.308687e-01 3.966119e+03 3.914373e+03 
1.338889e-01 3.835868e+03 3.776789e+03 
1.369091e-01 3.697076e+03 3.645829e+03 
1.399293e-01 3.552146e+03 3.521093e+03 
1.429495e-01 3.404383e+03 3.402211e+03 
1.459697e-01 3.257241e+03 3.288839e+03 
1.489899e-01 3.114134e+03 3.180658e+03 
1.520101e-01 2.977950e+03 3.077369e+03 
1.550303e-01 2.851248e+03 2.978694e+03 
1.580505e-01 2.736134e+03 2.884375e+03 
1.610707e-01 2.634007e+03 2.794169e+03 
1.640909e-01 2.545224e+03 2.707851e+03 
1.671111e-01 2.469115e+03 2.625210e+03 
1.701313e-01 2.404078e+03 2.546049e+03 
1.731515e-01 2.347922e+03 2.470182e+03 
1.761717e-01 2.298194e+03 2.397437e+03 
1.791919e-01 2.252633e+03 2.327652e+03 
1.822121e-01 2.209178e+03 2.260675e+03 
1.852323e-01 2.166155e+03 2.196362e+03 
1.882525e-01 2.122111e+03 2.134580e+03 
1.912727e-01 2.075858e+03 2.075203e+03 
1.942929e-01 2.026680e+03 2.018113e+03 
1.973131e-01 1.974337e+03 1.963198e+03 
2.003333e-01 1.919173e+03 1.910352e+03 
2.033535e-01 1.861930e+03 1.859478e+03 
2.063737e-01 1.803798e+03 1.810482e+03 
2.093939e-01 1.746049e+03 1.763276e+03 
2.124141e-01 1.689821e+03 1.717778e+03 
2.154343e-01 1.636071e+03 1.673908e+03 
2.184545e-01 1.585504e+03 1.631593e+03 
2.214747e-01 1.538617e+03 1.590763e+03 
2.244949e-01 1.495713e+03 1.551352e+03 
2.275152e-01 1.456853e+03 1.513297e+03 
2.305354e-01 1.421922e+03 1.476538e+03 
2.335556e-01 1.390543e+03 1.441021e+03 
2.365758e-01 1.362205e+03 1.406691e+03 
2.395960e-01 1.336250e+03 1.373498e+03 
2.426162e-01 1.311987e+03 1.341393e+03 
2.456364e-01 1.288709e+03 1.310333e+03 
2.486566e-01 1.265804e+03 1.280273e+03 
2.516768e-01 1.242754e+03 1.251172e+03 
2.546970e-01 1.219192e+03 1.222992e+03 
2.577172e-01 1.194877e+03 1.195695e+03 
2.607374e-01 1.169781e+03 1.169246e+03 
2.637576e-01 1.143994e+03 1.143612e+03 
2.667778e-01 1.117746e+03 1.118760e+03 
2.697980e-01 1.091323e+03 1.094661e+03 
2.728182e-01 1.065058e+03 1.071284e+03 
2.758384e-01 1.039269e+03 1.048603e+03 
2.788586e-01 1.014258e+03 1.026591e+03 
2.818788e-01 9.902723e+02 1.005223e+03 
2.848990e-01 9.675164e+02 9.844745e+02 
2.879192e-01 9.461085e+02 9.643232e+02 
2.909394e-01 9.261051e+02 9.447469e+02 
2.939596e-01 9.074681e+02 9.257246e+02 
2.969798e-01 8.901043e+02 9.072364e+02 
3.000000e-01 8.738601e+02 8.892631e+02 
