1.000000e-03 2.984365e+03 2.984362e+03 
4.020202e-03 9.998226e+03 1.007702e+04 
7.040404e-03 1.460758e+04 1.470006e+04 
1.006061e-02 1.745830e+04 1.752300e+04 
1.308081e-02 1.902921e+04 1.905067e+04 
1.610101e-02 1.966560e+04 1.961975e+04 
1.912121e-02 1.962975e+04 1.950394e+04 
2.214141e-02 1.913162e+04 1.896050e+04 
2.516162e-02 1.833956e+04 1.820156e+04 
2.818182e-02 1.738843e+04 1.736446e+04 
3.120202e-02 1.638093e+04 1.652052e+04 
3.422222e-02 1.539056e+04 1.570100e+04 
3.724242e-02 1.446596e+04 1.491768e+04 
4.026263e-02 1.363319e+04 1.417411e+04 
4.328283e-02 1.289191e+04 1.347057e+04 
4.630303e-02 1.225341e+04 1.280611e+04 
4.932323e-02 1.171148e+04 1.217924e+04 
5.234343e-02 1.123235e+04 1.158832e+04 
5.536364e-02 1.079684e+04 1.103157e+04 
5.838384e-02 1.039011e+04 1.050720e+04 
6.140404e-02 9.996970e+03 1.001343e+04 
6.442424e-02 9.604986e+03 9.548490e+03 
6.744444e-02 9.205968e+03 9.110659e+03 
7.046465e-02 8.796681e+03 8.698277e+03 
7.348485e-02 8.379051e+03 8.309756e+03 
7.650505e-02 7.958833e+03 7.943582e+03 
7.952525e-02 7.544526e+03 7.598322e+03 
8.254545e-02 7.144939e+03 7.272626e+03 
8.556566e-02 6.767474e+03 6.965226e+03 
8.858586e-02 6.417532e+03 6.674932e+03 
9.160606e-02 6.098527e+03 6.400632e+03 
9.462626e-02 5.812617e+03 6.141291e+03 
9.764646e-02 5.560603e+03 5.895941e+03 
1.006667e-01 5.340979e+03 5.663683e+03 
1.036869e-01 5.150717e+03 5.443678e+03 
1.067071e-01 4.984356e+03 5.235148e+03 
1.097273e-01 4.835676e+03 5.037368e+03 
1.127475e-01 4.697864e+03 4.849666e+03 
1.157677e-01 4.565227e+03 4.671416e+03 
1.187879e-01 4.433485e+03 4.502035e+03 
1.218081e-01 4.299887e+03 4.340982e+03 
1.248283e-01 4.162931e+03 4.187755e+03 
1.278485e-01 4.022368e+03 4.041883e+03 
1.308687e-01 3.878776e+03 3.902932e+03 
1.338889e-01 3.733822e+03 3.770495e+03 
1.369091e-01 3.589632e+03 3.644193e+03 
1.399293e-01 3.448696e+03 3.523673e+03 
1.429495e-01 3.313358e+03 3.408607e+03 
1.459697e-01 3.185490e+03 3.298686e+03 
1.489899e-01 3.066496e+03 3.193625e+03 
1.520101e-01 2.957177e+03 3.093153e+03 
1.550303e-01 2.857887e+03 2.997022e+03 
1.580505e-01 2.768538e+03 2.904996e+03 
1.610707e-01 2.688450e+03 2.816855e+03 
1.640909e-01 2.616490e+03 2.732394e+03 
1.671111e-01 2.550963e+03 2.651421e+03 
1.701313e-01 2.489972e+03 2.573753e+03 
1.731515e-01 2.431787e+03 2.499222e+03 
1.761717e-01 2.374904e+03 2.427668e+03 
1.791919e-01 2.318319e+03 2.358941e+03 
1.822121e-01 2.261342e+03 2.292901e+03 
1.852323e-01 2.203690e+03 2.229415e+03 
1.882525e-01 2.145270e+03 2.168358e+03 
1.912727e-01 2.086188e+03 2.109614e+03 
1.942929e-01 2.026843e+03 2.053071e+03 
1.973131e-01 1.967881e+03 1.998626e+03 
2.003333e-01 1.910054e+03 1.946180e+03 
2.033535e-01 1.854137e+03 1.895640e+03 
2.063737e-01 1.800721e+03 1.846918e+03 
2.093939e-01 1.750261e+03 1.799932e+03 
2.124141e-01 1.702948e+03 1.754603e+03 
2.154343e-01 1.658842e+03 1.710858e+03 
2.184545e-01 1.617829e+03 1.668626e+03 
2.214747e-01 1.579687e+03 1.627840e+03 
2.244949e-01 1.544055e+03 1.588439e+03 
2.275152e-01 1.510529e+03 1.550362e+03 
2.305354e-01 1.478667e+03 1.513553e+03 
2.335556e-01 1.448032e+03 1.477957e+03 
2.365758e-01 1.418202e+03 1.443526e+03 
2.395960e-01 1.388890e+03 1.410209e+03 
2.426162e-01 1.359883e+03 1.377961e+03 
2.456364e-01 1.331030e+03 1.346739e+03 
2.486566e-01 1.302232e+03 1.316502e+03 
2.516768e-01 1.273487e+03 1.287208e+03 
2.546970e-01 1.244868e+03 1.258822e+03 
2.577172e-01 1.216549e+03 1.231307e+03 
2.607374e-01 1.188742e+03 1.204629e+03 
2.637576e-01 1.161684e+03 1.178756e+03 
2.667778e-01 1.135555e+03 1.153658e+03 
2.697980e-01 1.110472e+03 1.129303e+03 
2.728182e-01 1.086476e+03 1.105665e+03 
2.758384e-01 1.063563e+03 1.082716e+03 
2.788586e-01 1.041691e+03 1.060431e+03 
2.818788e-01 1.020808e+03 1.038785e+03 
2.848990e-01 1.000857e+03 1.017756e+03 
2.879192e-01 9.817677e+02 9.973196e+02 
2.909394e-01 9.634235e+02 9.774558e+02 
2.939596e-01 9.456937e+02 9.581437e+02 
2.969798e-01 9.284332e+02 9.393638e+02 
3.000000e-01 9.115241e+02 9.210975e+02 
