1.000000e-03 2.585277e+03 2.585275e+03 
4.020202e-03 8.549866e+03 8.617914e+03 
7.040404e-03 1.249482e+04 1.257314e+04 
1.006061e-02 1.498873e+04 1.503128e+04 
1.308081e-02 1.643467e+04 1.642275e+04 
1.610101e-02 1.711821e+04 1.703873e+04 
1.912121e-02 1.725173e+04 1.710613e+04 
2.214141e-02 1.700090e+04 1.682186e+04 
2.516162e-02 1.649597e+04 1.634055e+04 
2.818182e-02 1.584039e+04 1.576306e+04 
3.120202e-02 1.511276e+04 1.514608e+04 
3.422222e-02 1.437040e+04 1.451933e+04 
3.724242e-02 1.365171e+04 1.389845e+04 
4.026263e-02 1.298007e+04 1.329201e+04 
4.328283e-02 1.236518e+04 1.270492e+04 
4.630303e-02 1.180402e+04 1.214002e+04 
4.932323e-02 1.129937e+04 1.159887e+04 
5.234343e-02 1.084449e+04 1.108215e+04 
5.536364e-02 1.041614e+04 1.059000e+04 
5.838384e-02 1.000600e+04 1.012209e+04 
6.140404e-02 9.611792e+03 9.677859e+03 
6.442424e-02 9.225731e+03 9.256509e+03 
6.744444e-02 8.842247e+03 8.857139e+03 
7.046465e-02 8.459147e+03 8.478768e+03 
7.348485e-02 8.077501e+03 8.120379e+03 
7.650505e-02 7.701014e+03 7.780945e+03 
7.952525e-02 7.335844e+03 7.459448e+03 
8.254545e-02 6.987894e+03 7.154896e+03 
8.556566e-02 6.661831e+03 6.866326e+03 
8.858586e-02 6.359774e+03 6.592819e+03 
9.160606e-02 6.082240e+03 6.333494e+03 
9.462626e-02 5.828673e+03 6.087517e+03 
9.764646e-02 5.598249e+03 5.854101e+03 
1.006667e-01 5.389779e+03 5.632501e+03 
1.036869e-01 5.201467e+03 5.422016e+03 
1.067071e-01 5.030046e+03 5.221991e+03 
1.097273e-01 4.871519e+03 5.031806e+03 
1.127475e-01 4.721609e+03 4.850884e+03 
1.157677e-01 4.576138e+03 4.678684e+03 
1.187879e-01 4.432545e+03 4.514698e+03 
1.218081e-01 4.289193e+03 4.358452e+03 
1.248283e-01 4.145943e+03 4.209501e+03 
1.278485e-01 4.003354e+03 4.067431e+03 
1.308687e-01 3.862505e+03 3.931853e+03 
1.338889e-01 3.724664e+03 3.802401e+03 
1.369091e-01 3.591025e+03 3.678737e+03 
1.399293e-01 3.462719e+03 3.560542e+03 
1.429495e-01 3.340672e+03 3.447516e+03 
1.459697e-01 3.225660e+03 3.339380e+03 
1.489899e-01 3.118047e+03 3.235871e+03 
1.520101e-01 3.017989e+03 3.136745e+03 
1.550303e-01 2.925286e+03 3.041770e+03 
1.580505e-01 2.839557e+03 2.950729e+03 
1.610707e-01 2.760088e+03 2.863420e+03 
1.640909e-01 2.686003e+03 2.779652e+03 
1.671111e-01 2.616161e+03 2.699245e+03 
1.701313e-01 2.549387e+03 2.622030e+03 
1.731515e-01 2.484701e+03 2.547849e+03 
1.761717e-01 2.421283e+03 2.476553e+03 
1.791919e-01 2.358782e+03 2.408001e+03 
1.822121e-01 2.297018e+03 2.342059e+03 
1.852323e-01 2.236033e+03 2.278604e+03 
1.882525e-01 2.175927e+03 2.217518e+03 
1.912727e-01 2.116828e+03 2.158688e+03 
1.942929e-01 2.058908e+03 2.102011e+03 
1.973131e-01 2.002481e+03 2.047386e+03 
2.003333e-01 1.947896e+03 1.994721e+03 
2.033535e-01 1.895522e+03 1.943927e+03 
2.063737e-01 1.845659e+03 1.894919e+03 
2.093939e-01 1.798379e+03 1.847619e+03 
2.124141e-01 1.753650e+03 1.801951e+03 
2.154343e-01 1.711250e+03 1.757844e+03 
2.184545e-01 1.670931e+03 1.715231e+03 
2.214747e-01 1.632453e+03 1.674047e+03 
2.244949e-01 1.595598e+03 1.634232e+03 
2.275152e-01 1.560189e+03 1.595729e+03 
2.305354e-01 1.526036e+03 1.558482e+03 
2.335556e-01 1.492889e+03 1.522440e+03 
2.365758e-01 1.460525e+03 1.487553e+03 
2.395960e-01 1.428795e+03 1.453775e+03 
2.426162e-01 1.397613e+03 1.421060e+03 
2.456364e-01 1.366997e+03 1.389367e+03 
2.486566e-01 1.336993e+03 1.358654e+03 
2.516768e-01 1.307660e+03 1.328883e+03 
2.546970e-01 1.279047e+03 1.300018e+03 
2.577172e-01 1.251172e+03 1.272024e+03 
2.607374e-01 1.224065e+03 1.244867e+03 
2.637576e-01 1.197779e+03 1.218515e+03 
2.667778e-01 1.172369e+03 1.192938e+03 
2.697980e-01 1.147876e+03 1.168107e+03 
2.728182e-01 1.124314e+03 1.143995e+03 
2.758384e-01 1.101645e+03 1.120574e+03 
2.788586e-01 1.079809e+03 1.097820e+03 
2.818788e-01 1.058712e+03 1.075709e+03 
2.848990e-01 1.038266e+03 1.054217e+03 
2.879192e-01 1.018399e+03 1.033322e+03 
2.909394e-01 9.990521e+02 1.013004e+03 
2.939596e-01 9.801945e+02 9.932415e+02 
2.969798e-01 9.617992e+02 9.740156e+02 
3.000000e-01 9.438449e+02 9.553077e+02 
