1.000000e-03 8.639261e+03 8.639253e+03 
4.020202e-03 2.836249e+04 2.859005e+04 
7.040404e-03 4.113319e+04 4.149343e+04 
1.006061e-02 4.875804e+04 4.931184e+04 
1.308081e-02 5.248027e+04 5.334795e+04 
1.610101e-02 5.321290e+04 5.430914e+04 
1.912121e-02 5.169723e+04 5.266775e+04 
2.214141e-02 4.858102e+04 4.901352e+04 
2.516162e-02 4.443674e+04 4.416853e+04 
2.818182e-02 3.976039e+04 3.899605e+04 
3.120202e-02 3.496147e+04 3.413338e+04 
3.422222e-02 3.035242e+04 2.989376e+04 
3.724242e-02 2.614917e+04 2.634039e+04 
4.026263e-02 2.248066e+04 2.340721e+04 
4.328283e-02 1.938966e+04 2.098653e+04 
4.630303e-02 1.687816e+04 1.897277e+04 
4.932323e-02 1.491794e+04 1.727773e+04 
5.234343e-02 1.344370e+04 1.583265e+04 
5.536364e-02 1.237483e+04 1.458538e+04 
5.838384e-02 1.163552e+04 1.349672e+04 
6.140404e-02 1.115677e+04 1.253710e+04 
6.442424e-02 1.086482e+04 1.168401e+04 
6.744444e-02 1.069578e+04 1.092007e+04 
7.046465e-02 1.059264e+04 1.023169e+04 
7.348485e-02 1.050195e+04 9.608060e+03 
7.650505e-02 1.037748e+04 9.040487e+03 
7.952525e-02 1.018292e+04 8.521851e+03 
8.254545e-02 9.894254e+03 8.046266e+03 
8.556566e-02 9.501936e+03 7.608799e+03 
8.858586e-02 9.010299e+03 7.205281e+03 
9.160606e-02 8.435679e+03 6.832148e+03 
9.462626e-02 7.802493e+03 6.486332e+03 
9.764646e-02 7.140352e+03 6.165171e+03 
1.006667e-01 6.480004e+03 5.866341e+03 
1.036869e-01 5.849381e+03 5.587802e+03 
1.067071e-01 5.271445e+03 5.327750e+03 
1.097273e-01 4.762744e+03 5.084587e+03 
1.127475e-01 4.332097e+03 4.856891e+03 
1.157677e-01 3.982712e+03 4.643387e+03 
1.187879e-01 3.712426e+03 4.442935e+03 
1.218081e-01 3.516231e+03 4.254507e+03 
1.248283e-01 3.386422e+03 4.077177e+03 
1.278485e-01 3.313566e+03 3.910106e+03 
1.308687e-01 3.286884e+03 3.752534e+03 
1.338889e-01 3.294454e+03 3.603770e+03 
1.369091e-01 3.323867e+03 3.463185e+03 
1.399293e-01 3.362495e+03 3.330204e+03 
1.429495e-01 3.398368e+03 3.204302e+03 
1.459697e-01 3.420485e+03 3.084999e+03 
1.489899e-01 3.419884e+03 2.971854e+03 
1.520101e-01 3.389511e+03 2.864462e+03 
1.550303e-01 3.325438e+03 2.762450e+03 
1.580505e-01 3.226684e+03 2.665475e+03 
1.610707e-01 3.095804e+03 2.573220e+03 
1.640909e-01 2.938521e+03 2.485392e+03 
1.671111e-01 2.762751e+03 2.401722e+03 
1.701313e-01 2.577779e+03 2.321959e+03 
1.731515e-01 2.392680e+03 2.245870e+03 
1.761717e-01 2.215319e+03 2.173240e+03 
1.791919e-01 2.051853e+03 2.103869e+03 
1.822121e-01 1.906787e+03 2.037571e+03 
1.852323e-01 1.782867e+03 1.974173e+03 
1.882525e-01 1.681663e+03 1.913512e+03 
1.912727e-01 1.603393e+03 1.855439e+03 
1.942929e-01 1.547319e+03 1.799813e+03 
1.973131e-01 1.511738e+03 1.746503e+03 
2.003333e-01 1.494018e+03 1.695386e+03 
2.033535e-01 1.490891e+03 1.646347e+03 
2.063737e-01 1.498471e+03 1.599279e+03 
2.093939e-01 1.512681e+03 1.554080e+03 
2.124141e-01 1.529375e+03 1.510656e+03 
2.154343e-01 1.544660e+03 1.468918e+03 
2.184545e-01 1.554951e+03 1.428784e+03 
2.214747e-01 1.557271e+03 1.390173e+03 
2.244949e-01 1.549260e+03 1.353013e+03 
2.275152e-01 1.529491e+03 1.317235e+03 
2.305354e-01 1.497559e+03 1.282771e+03 
2.335556e-01 1.454083e+03 1.249562e+03 
2.365758e-01 1.400752e+03 1.217549e+03 
2.395960e-01 1.339886e+03 1.186676e+03 
2.426162e-01 1.274325e+03 1.156893e+03 
2.456364e-01 1.206979e+03 1.128149e+03 
2.486566e-01 1.140687e+03 1.100400e+03 
2.516768e-01 1.077848e+03 1.073600e+03 
2.546970e-01 1.020459e+03 1.047708e+03 
2.577172e-01 9.699349e+02 1.022686e+03 
2.607374e-01 9.272419e+02 9.984952e+02 
2.637576e-01 8.928011e+02 9.751012e+02 
2.667778e-01 8.665628e+02 9.524702e+02 
2.697980e-01 8.480780e+02 9.305705e+02 
2.728182e-01 8.365216e+02 9.093719e+02 
2.758384e-01 8.308397e+02 8.888457e+02 
2.788586e-01 8.297417e+02 8.689648e+02 
2.818788e-01 8.318317e+02 8.497031e+02 
2.848990e-01 8.356381e+02 8.310361e+02 
2.879192e-01 8.396978e+02 8.129403e+02 
2.909394e-01 8.426052e+02 7.953934e+02 
2.939596e-01 8.431292e+02 7.783741e+02 
2.969798e-01 8.402511e+02 7.618621e+02 
3.000000e-01 8.332392e+02 7.458381e+02 
