1.000000e-03 4.655147e+03 4.655143e+03 
4.020202e-03 1.572965e+04 1.585427e+04 
7.040404e-03 2.310683e+04 2.328827e+04 
1.006061e-02 2.766813e+04 2.790210e+04 
1.308081e-02 3.008579e+04 3.039761e+04 
1.610101e-02 3.086674e+04 3.119591e+04 
1.912121e-02 3.042136e+04 3.062433e+04 
2.214141e-02 2.910449e+04 2.907407e+04 
2.516162e-02 2.722198e+04 2.699838e+04 
2.818182e-02 2.503488e+04 2.479026e+04 
3.120202e-02 2.275457e+04 2.269376e+04 
3.422222e-02 2.054110e+04 2.081181e+04 
3.724242e-02 1.850465e+04 1.916081e+04 
4.026263e-02 1.671334e+04 1.771919e+04 
4.328283e-02 1.518796e+04 1.645500e+04 
4.630303e-02 1.393100e+04 1.533769e+04 
4.932323e-02 1.294240e+04 1.434174e+04 
5.234343e-02 1.218154e+04 1.344687e+04 
5.536364e-02 1.160178e+04 1.263722e+04 
5.838384e-02 1.116225e+04 1.190038e+04 
6.140404e-02 1.082393e+04 1.122650e+04 
6.442424e-02 1.054504e+04 1.060768e+04 
6.744444e-02 1.028706e+04 1.003748e+04 
7.046465e-02 1.001964e+04 9.510530e+03 
7.348485e-02 9.719173e+03 9.022319e+03 
7.650505e-02 9.370814e+03 8.568999e+03 
7.952525e-02 8.969247e+03 8.147248e+03 
8.254545e-02 8.518632e+03 7.754174e+03 
8.556566e-02 8.029829e+03 7.387235e+03 
8.858586e-02 7.517955e+03 7.044185e+03 
9.160606e-02 7.000465e+03 6.723024e+03 
9.462626e-02 6.495040e+03 6.421968e+03 
9.764646e-02 6.018128e+03 6.139413e+03 
1.006667e-01 5.583558e+03 5.873916e+03 
1.036869e-01 5.201221e+03 5.624171e+03 
1.067071e-01 4.876851e+03 5.388996e+03 
1.097273e-01 4.611094e+03 5.167318e+03 
1.127475e-01 4.401273e+03 4.958159e+03 
1.157677e-01 4.241299e+03 4.760627e+03 
1.187879e-01 4.123530e+03 4.573908e+03 
1.218081e-01 4.038973e+03 4.397254e+03 
1.248283e-01 3.978236e+03 4.229983e+03 
1.278485e-01 3.931740e+03 4.071466e+03 
1.308687e-01 3.890105e+03 3.921126e+03 
1.338889e-01 3.844580e+03 3.778430e+03 
1.369091e-01 3.788027e+03 3.642889e+03 
1.399293e-01 3.715213e+03 3.514050e+03 
1.429495e-01 3.623330e+03 3.391495e+03 
1.459697e-01 3.512076e+03 3.274838e+03 
1.489899e-01 3.383094e+03 3.163719e+03 
1.520101e-01 3.239808e+03 3.057806e+03 
1.550303e-01 3.086648e+03 2.956792e+03 
1.580505e-01 2.929072e+03 2.860390e+03 
1.610707e-01 2.772652e+03 2.768334e+03 
1.640909e-01 2.622827e+03 2.680376e+03 
1.671111e-01 2.484190e+03 2.596285e+03 
1.701313e-01 2.360430e+03 2.515845e+03 
1.731515e-01 2.253412e+03 2.438857e+03 
1.761717e-01 2.163871e+03 2.365133e+03 
1.791919e-01 2.091239e+03 2.294496e+03 
1.822121e-01 2.034201e+03 2.226784e+03 
1.852323e-01 1.990800e+03 2.161843e+03 
1.882525e-01 1.958604e+03 2.099529e+03 
1.912727e-01 1.934881e+03 2.039707e+03 
1.942929e-01 1.916604e+03 1.982250e+03 
1.973131e-01 1.900680e+03 1.927041e+03 
2.003333e-01 1.884040e+03 1.873966e+03 
2.033535e-01 1.864098e+03 1.822922e+03 
2.063737e-01 1.838800e+03 1.773810e+03 
2.093939e-01 1.806974e+03 1.726537e+03 
2.124141e-01 1.768098e+03 1.681015e+03 
2.154343e-01 1.722543e+03 1.637161e+03 
2.184545e-01 1.671173e+03 1.594899e+03 
2.214747e-01 1.615346e+03 1.554154e+03 
2.244949e-01 1.556725e+03 1.514857e+03 
2.275152e-01 1.497158e+03 1.476943e+03 
2.305354e-01 1.438442e+03 1.440350e+03 
2.335556e-01 1.382255e+03 1.405019e+03 
2.365758e-01 1.330005e+03 1.370894e+03 
2.395960e-01 1.282755e+03 1.337924e+03 
2.426162e-01 1.241171e+03 1.306058e+03 
2.456364e-01 1.205522e+03 1.275250e+03 
2.486566e-01 1.175766e+03 1.245454e+03 
2.516768e-01 1.151468e+03 1.216628e+03 
2.546970e-01 1.131951e+03 1.188732e+03 
2.577172e-01 1.116276e+03 1.161728e+03 
2.607374e-01 1.103384e+03 1.135579e+03 
2.637576e-01 1.092141e+03 1.110250e+03 
2.667778e-01 1.081472e+03 1.085710e+03 
2.697980e-01 1.070382e+03 1.061926e+03 
2.728182e-01 1.058089e+03 1.038868e+03 
2.758384e-01 1.043982e+03 1.016510e+03 
2.788586e-01 1.027684e+03 9.948221e+02 
2.818788e-01 1.009042e+03 9.737803e+02 
2.848990e-01 9.881068e+02 9.533597e+02 
2.879192e-01 9.651506e+02 9.335367e+02 
2.909394e-01 9.405952e+02 9.142890e+02 
2.939596e-01 9.150537e+02 8.955954e+02 
2.969798e-01 8.891757e+02 8.774354e+02 
3.000000e-01 8.636081e+02 8.597895e+02 
