1.000000e-03 5.276829e+03 5.276824e+03 
4.020202e-03 1.760998e+04 1.775065e+04 
7.040404e-03 2.570173e+04 2.590790e+04 
1.006061e-02 3.062202e+04 3.089461e+04 
1.308081e-02 3.315193e+04 3.352407e+04 
1.610101e-02 3.386834e+04 3.427375e+04 
1.912121e-02 3.323522e+04 3.350537e+04 
2.214141e-02 3.164870e+04 3.164933e+04 
2.516162e-02 2.945088e+04 2.921217e+04 
2.818182e-02 2.693230e+04 2.664113e+04 
3.120202e-02 2.432725e+04 2.421762e+04 
3.422222e-02 2.181297e+04 2.206015e+04 
3.724242e-02 1.950994e+04 2.018526e+04 
4.026263e-02 1.749190e+04 1.856441e+04 
4.328283e-02 1.578056e+04 1.715703e+04 
4.630303e-02 1.437612e+04 1.592471e+04 
4.932323e-02 1.327639e+04 1.483557e+04 
5.234343e-02 1.243640e+04 1.386441e+04 
5.536364e-02 1.180510e+04 1.299168e+04 
5.838384e-02 1.133753e+04 1.220217e+04 
6.140404e-02 1.098786e+04 1.148395e+04 
6.442424e-02 1.071011e+04 1.082753e+04 
6.744444e-02 1.046259e+04 1.022520e+04 
7.046465e-02 1.021132e+04 9.670659e+03 
7.348485e-02 9.928816e+03 9.158632e+03 
7.650505e-02 9.596258e+03 8.684664e+03 
7.952525e-02 9.204705e+03 8.244947e+03 
8.254545e-02 8.755605e+03 7.836189e+03 
8.556566e-02 8.258738e+03 7.455520e+03 
8.858586e-02 7.729634e+03 7.100422e+03 
9.160606e-02 7.187268e+03 6.768670e+03 
9.462626e-02 6.651339e+03 6.458285e+03 
9.764646e-02 6.140557e+03 6.167502e+03 
1.006667e-01 5.670957e+03 5.894738e+03 
1.036869e-01 5.254448e+03 5.638572e+03 
1.067071e-01 4.898149e+03 5.397718e+03 
1.097273e-01 4.604114e+03 5.171016e+03 
1.127475e-01 4.370746e+03 4.957410e+03 
1.157677e-01 4.192659e+03 4.755943e+03 
1.187879e-01 4.062670e+03 4.565742e+03 
1.218081e-01 3.971987e+03 4.386010e+03 
1.248283e-01 3.911023e+03 4.216019e+03 
1.278485e-01 3.869539e+03 4.055101e+03 
1.308687e-01 3.837285e+03 3.902646e+03 
1.338889e-01 3.804373e+03 3.758090e+03 
1.369091e-01 3.762497e+03 3.620915e+03 
1.399293e-01 3.705005e+03 3.490647e+03 
1.429495e-01 3.627928e+03 3.366845e+03 
1.459697e-01 3.529600e+03 3.249103e+03 
1.489899e-01 3.410691e+03 3.137047e+03 
1.520101e-01 3.273786e+03 3.030330e+03 
1.550303e-01 3.122825e+03 2.928628e+03 
1.580505e-01 2.963267e+03 2.831645e+03 
1.610707e-01 2.801125e+03 2.739103e+03 
1.640909e-01 2.642689e+03 2.650744e+03 
1.671111e-01 2.493509e+03 2.566329e+03 
1.701313e-01 2.358130e+03 2.485636e+03 
1.731515e-01 2.239342e+03 2.408456e+03 
1.761717e-01 2.138643e+03 2.334595e+03 
1.791919e-01 2.055996e+03 2.263872e+03 
1.822121e-01 1.990575e+03 2.196119e+03 
1.852323e-01 1.940745e+03 2.131176e+03 
1.882525e-01 1.904408e+03 2.068897e+03 
1.912727e-01 1.879039e+03 2.009142e+03 
1.942929e-01 1.861636e+03 1.951782e+03 
1.973131e-01 1.848922e+03 1.896695e+03 
2.003333e-01 1.837512e+03 1.843765e+03 
2.033535e-01 1.824251e+03 1.792887e+03 
2.063737e-01 1.806526e+03 1.743959e+03 
2.093939e-01 1.782482e+03 1.696885e+03 
2.124141e-01 1.751063e+03 1.651577e+03 
2.154343e-01 1.712100e+03 1.607950e+03 
2.184545e-01 1.666023e+03 1.565925e+03 
2.214747e-01 1.613919e+03 1.525427e+03 
2.244949e-01 1.557225e+03 1.486386e+03 
2.275152e-01 1.497743e+03 1.448734e+03 
2.305354e-01 1.437408e+03 1.412409e+03 
2.335556e-01 1.378213e+03 1.377351e+03 
2.365758e-01 1.321904e+03 1.343504e+03 
2.395960e-01 1.269983e+03 1.310815e+03 
2.426162e-01 1.223475e+03 1.279233e+03 
2.456364e-01 1.183045e+03 1.248711e+03 
2.486566e-01 1.148887e+03 1.219202e+03 
2.516768e-01 1.120842e+03 1.190665e+03 
2.546970e-01 1.098433e+03 1.163058e+03 
2.577172e-01 1.080880e+03 1.136343e+03 
2.607374e-01 1.067227e+03 1.110482e+03 
2.637576e-01 1.056364e+03 1.085442e+03 
2.667778e-01 1.047148e+03 1.061189e+03 
2.697980e-01 1.038435e+03 1.037691e+03 
2.728182e-01 1.029205e+03 1.014918e+03 
2.758384e-01 1.018582e+03 9.928418e+02 
2.788586e-01 1.005934e+03 9.714352e+02 
2.818788e-01 9.908214e+02 9.506723e+02 
2.848990e-01 9.731079e+02 9.305282e+02 
2.879192e-01 9.528583e+02 9.109794e+02 
2.909394e-01 9.303808e+02 8.920035e+02 
2.939596e-01 9.061510e+02 8.735789e+02 
2.969798e-01 8.807829e+02 8.556852e+02 
3.000000e-01 8.549519e+02 8.383030e+02 
