1.000000e-03 2.654467e+03 2.654464e+03 
4.020202e-03 9.120331e+03 9.191892e+03 
7.040404e-03 1.355910e+04 1.365285e+04 
1.006061e-02 1.643196e+04 1.651775e+04 
1.308081e-02 1.811481e+04 1.818496e+04 
1.610101e-02 1.889268e+04 1.892195e+04 
1.912121e-02 1.899391e+04 1.894770e+04 
2.214141e-02 1.860756e+04 1.848890e+04 
2.516162e-02 1.789366e+04 1.776193e+04 
2.818182e-02 1.698598e+04 1.692798e+04 
3.120202e-02 1.599079e+04 1.608007e+04 
3.422222e-02 1.498939e+04 1.526088e+04 
3.724242e-02 1.403843e+04 1.448557e+04 
4.026263e-02 1.317333e+04 1.375704e+04 
4.328283e-02 1.241248e+04 1.307364e+04 
4.630303e-02 1.175397e+04 1.243244e+04 
4.932323e-02 1.119537e+04 1.183037e+04 
5.234343e-02 1.073072e+04 1.126459e+04 
5.536364e-02 1.033068e+04 1.073257e+04 
5.838384e-02 9.972833e+03 1.023200e+04 
6.140404e-02 9.643088e+03 9.760809e+03 
6.442424e-02 9.326383e+03 9.317066e+03 
6.744444e-02 9.008065e+03 8.898994e+03 
7.046465e-02 8.676410e+03 8.504934e+03 
7.348485e-02 8.326184e+03 8.133338e+03 
7.650505e-02 7.957715e+03 7.782758e+03 
7.952525e-02 7.575906e+03 7.451837e+03 
8.254545e-02 7.189532e+03 7.139310e+03 
8.556566e-02 6.808165e+03 6.843993e+03 
8.858586e-02 6.440698e+03 6.564779e+03 
9.160606e-02 6.094229e+03 6.300638e+03 
9.462626e-02 5.774064e+03 6.050608e+03 
9.764646e-02 5.484106e+03 5.813793e+03 
1.006667e-01 5.227111e+03 5.589360e+03 
1.036869e-01 5.004052e+03 5.376531e+03 
1.067071e-01 4.813906e+03 5.174583e+03 
1.097273e-01 4.653330e+03 4.982842e+03 
1.127475e-01 4.517212e+03 4.800683e+03 
1.157677e-01 4.399134e+03 4.627521e+03 
1.187879e-01 4.292279e+03 4.462815e+03 
1.218081e-01 4.190799e+03 4.306056e+03 
1.248283e-01 4.089693e+03 4.156776e+03 
1.278485e-01 3.985644e+03 4.014533e+03 
1.308687e-01 3.876338e+03 3.878919e+03 
1.338889e-01 3.760818e+03 3.749552e+03 
1.369091e-01 3.639093e+03 3.626076e+03 
1.399293e-01 3.512248e+03 3.508156e+03 
1.429495e-01 3.382097e+03 3.395484e+03 
1.459697e-01 3.251031e+03 3.287767e+03 
1.489899e-01 3.121625e+03 3.184735e+03 
1.520101e-01 2.996496e+03 3.086133e+03 
1.550303e-01 2.877942e+03 2.991723e+03 
1.580505e-01 2.767958e+03 2.901282e+03 
1.610707e-01 2.667846e+03 2.814602e+03 
1.640909e-01 2.578380e+03 2.731485e+03 
1.671111e-01 2.499473e+03 2.651750e+03 
1.701313e-01 2.430447e+03 2.575222e+03 
1.731515e-01 2.369905e+03 2.501739e+03 
1.761717e-01 2.316196e+03 2.431150e+03 
1.791919e-01 2.267488e+03 2.363311e+03 
1.822121e-01 2.222064e+03 2.298086e+03 
1.852323e-01 2.178327e+03 2.235349e+03 
1.882525e-01 2.134980e+03 2.174981e+03 
1.912727e-01 2.090912e+03 2.116868e+03 
1.942929e-01 2.045267e+03 2.060904e+03 
1.973131e-01 1.997452e+03 2.006988e+03 
2.003333e-01 1.947417e+03 1.955026e+03 
2.033535e-01 1.895445e+03 1.904928e+03 
2.063737e-01 1.842260e+03 1.856610e+03 
2.093939e-01 1.788727e+03 1.809992e+03 
2.124141e-01 1.735819e+03 1.764998e+03 
2.154343e-01 1.684374e+03 1.721555e+03 
2.184545e-01 1.635100e+03 1.679597e+03 
2.214747e-01 1.588497e+03 1.639059e+03 
2.244949e-01 1.544932e+03 1.599880e+03 
2.275152e-01 1.504643e+03 1.562003e+03 
2.305354e-01 1.467752e+03 1.525372e+03 
2.335556e-01 1.434144e+03 1.489935e+03 
2.365758e-01 1.403555e+03 1.455643e+03 
2.395960e-01 1.375513e+03 1.422448e+03 
2.426162e-01 1.349480e+03 1.390307e+03 
2.456364e-01 1.324874e+03 1.359177e+03 
2.486566e-01 1.301169e+03 1.329017e+03 
2.516768e-01 1.277907e+03 1.299789e+03 
2.546970e-01 1.254730e+03 1.271456e+03 
2.577172e-01 1.231360e+03 1.243983e+03 
2.607374e-01 1.207606e+03 1.217337e+03 
2.637576e-01 1.183353e+03 1.191486e+03 
2.667778e-01 1.158629e+03 1.166401e+03 
2.697980e-01 1.133549e+03 1.142052e+03 
2.728182e-01 1.108348e+03 1.118411e+03 
2.758384e-01 1.083301e+03 1.095453e+03 
2.788586e-01 1.058712e+03 1.073153e+03 
2.818788e-01 1.034838e+03 1.051485e+03 
2.848990e-01 1.011876e+03 1.030428e+03 
2.879192e-01 9.899568e+02 1.009959e+03 
2.909394e-01 9.691541e+02 9.900582e+02 
2.939596e-01 9.494934e+02 9.707044e+02 
2.969798e-01 9.309684e+02 9.518787e+02 
3.000000e-01 9.135321e+02 9.335627e+02 
