1.000000e-03 2.057793e+03 2.057791e+03 
4.020202e-03 6.908572e+03 6.969442e+03 
7.040404e-03 1.015003e+04 1.022099e+04 
1.006061e-02 1.223663e+04 1.226521e+04 
1.308081e-02 1.350785e+04 1.346847e+04 
1.610101e-02 1.419985e+04 1.408787e+04 
1.912121e-02 1.448037e+04 1.430881e+04 
2.214141e-02 1.447206e+04 1.426635e+04 
2.516162e-02 1.426513e+04 1.405405e+04 
2.818182e-02 1.392730e+04 1.373370e+04 
3.120202e-02 1.350784e+04 1.334579e+04 
3.422222e-02 1.304249e+04 1.291741e+04 
3.724242e-02 1.255579e+04 1.246710e+04 
4.026263e-02 1.206540e+04 1.200773e+04 
4.328283e-02 1.157683e+04 1.154825e+04 
4.630303e-02 1.109757e+04 1.109488e+04 
4.932323e-02 1.064256e+04 1.065188e+04 
5.234343e-02 1.020408e+04 1.022205e+04 
5.536364e-02 9.774685e+03 9.807217e+03 
5.838384e-02 9.361126e+03 9.408417e+03 
6.140404e-02 8.966976e+03 9.026169e+03 
6.442424e-02 8.591056e+03 8.660603e+03 
6.744444e-02 8.232084e+03 8.311573e+03 
7.046465e-02 7.888896e+03 7.978740e+03 
7.348485e-02 7.561280e+03 7.661634e+03 
7.650505e-02 7.250524e+03 7.359699e+03 
7.952525e-02 6.957694e+03 7.072325e+03 
8.254545e-02 6.682524e+03 6.798872e+03 
8.556566e-02 6.424296e+03 6.538692e+03 
8.858586e-02 6.180963e+03 6.291135e+03 
9.160606e-02 5.949768e+03 6.055564e+03 
9.462626e-02 5.729109e+03 5.831357e+03 
9.764646e-02 5.518805e+03 5.617915e+03 
1.006667e-01 5.318721e+03 5.414662e+03 
1.036869e-01 5.128601e+03 5.221049e+03 
1.067071e-01 4.948065e+03 5.036553e+03 
1.097273e-01 4.775997e+03 4.860677e+03 
1.127475e-01 4.611006e+03 4.692951e+03 
1.157677e-01 4.452380e+03 4.532931e+03 
1.187879e-01 4.300057e+03 4.380197e+03 
1.218081e-01 4.154098e+03 4.234354e+03 
1.248283e-01 4.014778e+03 4.095030e+03 
1.278485e-01 3.882311e+03 3.961872e+03 
1.308687e-01 3.756464e+03 3.834552e+03 
1.338889e-01 3.636855e+03 3.712759e+03 
1.369091e-01 3.523024e+03 3.596200e+03 
1.399293e-01 3.414448e+03 3.484601e+03 
1.429495e-01 3.310638e+03 3.377703e+03 
1.459697e-01 3.211158e+03 3.275263e+03 
1.489899e-01 3.115636e+03 3.177052e+03 
1.520101e-01 3.023924e+03 3.082854e+03 
1.550303e-01 2.935930e+03 2.992467e+03 
1.580505e-01 2.851521e+03 2.905700e+03 
1.610707e-01 2.770449e+03 2.822372e+03 
1.640909e-01 2.692453e+03 2.742315e+03 
1.671111e-01 2.617324e+03 2.665369e+03 
1.701313e-01 2.544961e+03 2.591383e+03 
1.731515e-01 2.475272e+03 2.520214e+03 
1.761717e-01 2.408198e+03 2.451730e+03 
1.791919e-01 2.343719e+03 2.385803e+03 
1.822121e-01 2.281812e+03 2.322314e+03 
1.852323e-01 2.222348e+03 2.261150e+03 
1.882525e-01 2.165091e+03 2.202203e+03 
1.912727e-01 2.109812e+03 2.145374e+03 
1.942929e-01 2.056417e+03 2.090567e+03 
1.973131e-01 2.004909e+03 2.037690e+03 
2.003333e-01 1.955282e+03 1.986659e+03 
2.033535e-01 1.907450e+03 1.937393e+03 
2.063737e-01 1.861284e+03 1.889814e+03 
2.093939e-01 1.816660e+03 1.843850e+03 
2.124141e-01 1.773490e+03 1.799432e+03 
2.154343e-01 1.731698e+03 1.756493e+03 
2.184545e-01 1.691220e+03 1.714973e+03 
2.214747e-01 1.652041e+03 1.674811e+03 
2.244949e-01 1.614160e+03 1.635951e+03 
2.275152e-01 1.577554e+03 1.598340e+03 
2.305354e-01 1.542141e+03 1.561927e+03 
2.335556e-01 1.507829e+03 1.526665e+03 
2.365758e-01 1.474553e+03 1.492506e+03 
2.395960e-01 1.442290e+03 1.459407e+03 
2.426162e-01 1.411025e+03 1.427327e+03 
2.456364e-01 1.380731e+03 1.396225e+03 
2.486566e-01 1.351364e+03 1.366065e+03 
2.516768e-01 1.322880e+03 1.336809e+03 
2.546970e-01 1.295237e+03 1.308423e+03 
2.577172e-01 1.268393e+03 1.280875e+03 
2.607374e-01 1.242308e+03 1.254132e+03 
2.637576e-01 1.216959e+03 1.228166e+03 
2.667778e-01 1.192333e+03 1.202947e+03 
2.697980e-01 1.168414e+03 1.178449e+03 
2.728182e-01 1.145181e+03 1.154644e+03 
2.758384e-01 1.122602e+03 1.131508e+03 
2.788586e-01 1.100649e+03 1.109018e+03 
2.818788e-01 1.079293e+03 1.087149e+03 
2.848990e-01 1.058506e+03 1.065881e+03 
2.879192e-01 1.038262e+03 1.045192e+03 
2.909394e-01 1.018553e+03 1.025063e+03 
2.939596e-01 9.993749e+02 1.005473e+03 
2.969798e-01 9.807175e+02 9.864051e+02 
3.000000e-01 9.625576e+02 9.678408e+02 
