1.000000e-03 5.192595e+03 5.192590e+03 
4.020202e-03 1.743383e+04 1.757272e+04 
7.040404e-03 2.549232e+04 2.569560e+04 
1.006061e-02 3.039833e+04 3.066788e+04 
1.308081e-02 3.292193e+04 3.328869e+04 
1.610101e-02 3.363385e+04 3.402946e+04 
1.912121e-02 3.299957e+04 3.325367e+04 
2.214141e-02 3.141504e+04 3.139910e+04 
2.516162e-02 2.922378e+04 2.897743e+04 
2.818182e-02 2.671724e+04 2.643375e+04 
3.120202e-02 2.412992e+04 2.404294e+04 
3.422222e-02 2.163833e+04 2.191752e+04 
3.724242e-02 1.936191e+04 2.007079e+04 
4.026263e-02 1.737283e+04 1.847326e+04 
4.328283e-02 1.569015e+04 1.708462e+04 
4.630303e-02 1.431488e+04 1.586716e+04 
4.932323e-02 1.324295e+04 1.478977e+04 
5.234343e-02 1.242630e+04 1.382794e+04 
5.536364e-02 1.181428e+04 1.296265e+04 
5.838384e-02 1.136151e+04 1.217914e+04 
6.140404e-02 1.102133e+04 1.146579e+04 
6.442424e-02 1.074742e+04 1.081335e+04 
6.744444e-02 1.049855e+04 1.021431e+04 
7.046465e-02 1.024100e+04 9.662496e+03 
7.348485e-02 9.948034e+03 9.152751e+03 
7.650505e-02 9.602218e+03 8.680703e+03 
7.952525e-02 9.196261e+03 8.242608e+03 
8.254545e-02 8.733255e+03 7.835226e+03 
8.556566e-02 8.224448e+03 7.455730e+03 
8.858586e-02 7.686473e+03 7.101634e+03 
9.160606e-02 7.139029e+03 6.770739e+03 
9.462626e-02 6.602187e+03 6.461088e+03 
9.764646e-02 6.094426e+03 6.170936e+03 
1.006667e-01 5.631468e+03 5.898714e+03 
1.036869e-01 5.224166e+03 5.643012e+03 
1.067071e-01 4.878957e+03 5.402557e+03 
1.097273e-01 4.596762e+03 5.176194e+03 
1.127475e-01 4.375142e+03 4.962879e+03 
1.157677e-01 4.207928e+03 4.761659e+03 
1.187879e-01 4.087327e+03 4.571667e+03 
1.218081e-01 4.004145e+03 4.392111e+03 
1.248283e-01 3.948297e+03 4.222266e+03 
1.278485e-01 3.909200e+03 4.061469e+03 
1.308687e-01 3.876496e+03 3.909111e+03 
1.338889e-01 3.840510e+03 3.764633e+03 
1.369091e-01 3.793104e+03 3.627519e+03 
1.399293e-01 3.728325e+03 3.497295e+03 
1.429495e-01 3.642798e+03 3.373524e+03 
1.459697e-01 3.535775e+03 3.255801e+03 
1.489899e-01 3.408454e+03 3.143753e+03 
1.520101e-01 3.264170e+03 3.037033e+03 
1.550303e-01 3.107461e+03 2.935322e+03 
1.580505e-01 2.944146e+03 2.838321e+03 
1.610707e-01 2.780452e+03 2.745755e+03 
1.640909e-01 2.622731e+03 2.657366e+03 
1.671111e-01 2.476214e+03 2.572917e+03 
1.701313e-01 2.345057e+03 2.492184e+03 
1.731515e-01 2.231524e+03 2.414960e+03 
1.761717e-01 2.136622e+03 2.341053e+03 
1.791919e-01 2.059843e+03 2.270280e+03 
1.822121e-01 1.999962e+03 2.202475e+03 
1.852323e-01 1.955159e+03 2.137478e+03 
1.882525e-01 1.923043e+03 2.075143e+03 
1.912727e-01 1.900831e+03 2.015330e+03 
1.942929e-01 1.885277e+03 1.957911e+03 
1.973131e-01 1.872997e+03 1.902763e+03 
2.003333e-01 1.860561e+03 1.849772e+03 
2.033535e-01 1.844999e+03 1.798832e+03 
2.063737e-01 1.823880e+03 1.749841e+03 
2.093939e-01 1.795755e+03 1.702704e+03 
2.124141e-01 1.759891e+03 1.657333e+03 
2.154343e-01 1.716517e+03 1.613642e+03 
2.184545e-01 1.666395e+03 1.571554e+03 
2.214747e-01 1.610831e+03 1.530993e+03 
2.244949e-01 1.551512e+03 1.491888e+03 
2.275152e-01 1.490391e+03 1.454173e+03 
2.305354e-01 1.429463e+03 1.417785e+03 
2.335556e-01 1.370649e+03 1.382665e+03 
2.365758e-01 1.315621e+03 1.348756e+03 
2.395960e-01 1.265688e+03 1.316005e+03 
2.426162e-01 1.221704e+03 1.284361e+03 
2.456364e-01 1.184060e+03 1.253778e+03 
2.486566e-01 1.152777e+03 1.224209e+03 
2.516768e-01 1.127470e+03 1.195612e+03 
2.546970e-01 1.107500e+03 1.167946e+03 
2.577172e-01 1.091929e+03 1.141173e+03 
2.607374e-01 1.079687e+03 1.115254e+03 
2.637576e-01 1.069601e+03 1.090157e+03 
2.667778e-01 1.060499e+03 1.065847e+03 
2.697980e-01 1.051252e+03 1.042293e+03 
2.728182e-01 1.040919e+03 1.019465e+03 
2.758384e-01 1.028731e+03 9.973346e+02 
2.788586e-01 1.014185e+03 9.758742e+02 
2.818788e-01 9.970150e+02 9.550581e+02 
2.848990e-01 9.772070e+02 9.348615e+02 
2.879192e-01 9.550097e+02 9.152610e+02 
2.909394e-01 9.308502e+02 8.962339e+02 
2.939596e-01 9.053224e+02 8.777590e+02 
2.969798e-01 8.790898e+02 8.598156e+02 
3.000000e-01 8.528652e+02 8.423843e+02 
