1.000000e-03 6.875735e+03 6.875729e+03 
4.020202e-03 2.328268e+04 2.346766e+04 
7.040404e-03 3.427051e+04 3.456454e+04 
1.006061e-02 4.106232e+04 4.150883e+04 
1.308081e-02 4.459568e+04 4.528935e+04 
1.610101e-02 4.558945e+04 4.645968e+04 
1.912121e-02 4.464363e+04 4.540065e+04 
2.214141e-02 4.228983e+04 4.260148e+04 
2.516162e-02 3.900801e+04 3.874887e+04 
2.818182e-02 3.521700e+04 3.456424e+04 
3.120202e-02 3.126653e+04 3.058242e+04 
3.422222e-02 2.742755e+04 2.707216e+04 
3.724242e-02 2.389215e+04 2.409682e+04 
4.026263e-02 2.077893e+04 2.161230e+04 
4.328283e-02 1.813354e+04 1.953810e+04 
4.630303e-02 1.596614e+04 1.779308e+04 
4.932323e-02 1.426020e+04 1.630851e+04 
5.234343e-02 1.296609e+04 1.503022e+04 
5.536364e-02 1.201720e+04 1.391680e+04 
5.838384e-02 1.134975e+04 1.293684e+04 
6.140404e-02 1.090600e+04 1.206649e+04 
6.442424e-02 1.062359e+04 1.128744e+04 
6.744444e-02 1.044489e+04 1.058545e+04 
7.046465e-02 1.031770e+04 9.949315e+03 
7.348485e-02 1.019509e+04 9.370042e+03 
7.650505e-02 1.003749e+04 8.840342e+03 
7.952525e-02 9.814961e+03 8.354210e+03 
8.254545e-02 9.508964e+03 7.906641e+03 
8.556566e-02 9.113879e+03 7.493416e+03 
8.858586e-02 8.635182e+03 7.110939e+03 
9.160606e-02 8.088058e+03 6.756122e+03 
9.462626e-02 7.494369e+03 6.426285e+03 
9.764646e-02 6.880161e+03 6.119094e+03 
1.006667e-01 6.272449e+03 5.832497e+03 
1.036869e-01 5.695698e+03 5.564683e+03 
1.067071e-01 5.169981e+03 5.314044e+03 
1.097273e-01 4.709358e+03 5.079149e+03 
1.127475e-01 4.321099e+03 4.858717e+03 
1.157677e-01 4.007265e+03 4.651597e+03 
1.187879e-01 3.765078e+03 4.456755e+03 
1.218081e-01 3.589324e+03 4.273254e+03 
1.248283e-01 3.472612e+03 4.100247e+03 
1.278485e-01 3.406073e+03 3.936966e+03 
1.308687e-01 3.379547e+03 3.782711e+03 
1.338889e-01 3.381863e+03 3.636844e+03 
1.369091e-01 3.401342e+03 3.498783e+03 
1.399293e-01 3.426094e+03 3.367994e+03 
1.429495e-01 3.445027e+03 3.243990e+03 
1.459697e-01 3.448404e+03 3.126321e+03 
1.489899e-01 3.428779e+03 3.014575e+03 
1.520101e-01 3.380796e+03 2.908372e+03 
1.550303e-01 3.302173e+03 2.807362e+03 
1.580505e-01 3.193079e+03 2.711222e+03 
1.610707e-01 3.056921e+03 2.619653e+03 
1.640909e-01 2.899374e+03 2.532379e+03 
1.671111e-01 2.727976e+03 2.449142e+03 
1.701313e-01 2.550956e+03 2.369705e+03 
1.731515e-01 2.376427e+03 2.293847e+03 
1.761717e-01 2.211309e+03 2.221363e+03 
1.791919e-01 2.061031e+03 2.152062e+03 
1.822121e-01 1.929181e+03 2.085766e+03 
1.852323e-01 1.817864e+03 2.022309e+03 
1.882525e-01 1.728039e+03 1.961537e+03 
1.912727e-01 1.659424e+03 1.903303e+03 
1.942929e-01 1.610956e+03 1.847475e+03 
1.973131e-01 1.580692e+03 1.793924e+03 
2.003333e-01 1.565978e+03 1.742533e+03 
2.033535e-01 1.563538e+03 1.693190e+03 
2.063737e-01 1.569608e+03 1.645792e+03 
2.093939e-01 1.580236e+03 1.600241e+03 
2.124141e-01 1.591517e+03 1.556445e+03 
2.154343e-01 1.599839e+03 1.514318e+03 
2.184545e-01 1.602033e+03 1.473779e+03 
2.214747e-01 1.595690e+03 1.434752e+03 
2.244949e-01 1.579083e+03 1.397164e+03 
2.275152e-01 1.551518e+03 1.360947e+03 
2.305354e-01 1.513082e+03 1.326039e+03 
2.335556e-01 1.464868e+03 1.292379e+03 
2.365758e-01 1.408685e+03 1.259910e+03 
2.395960e-01 1.346921e+03 1.228577e+03 
2.426162e-01 1.282210e+03 1.198331e+03 
2.456364e-01 1.217216e+03 1.169123e+03 
2.486566e-01 1.154425e+03 1.140908e+03 
2.516768e-01 1.095957e+03 1.113642e+03 
2.546970e-01 1.043459e+03 1.087285e+03 
2.577172e-01 9.980155e+02 1.061798e+03 
2.607374e-01 9.602679e+02 1.037145e+03 
2.637576e-01 9.303267e+02 1.013290e+03 
2.667778e-01 9.079462e+02 9.902002e+02 
2.697980e-01 8.924638e+02 9.678449e+02 
2.728182e-01 8.829659e+02 9.461939e+02 
2.758384e-01 8.783329e+02 9.252188e+02 
2.788586e-01 8.772792e+02 9.048927e+02 
2.818788e-01 8.784343e+02 8.851899e+02 
2.848990e-01 8.803740e+02 8.660859e+02 
2.879192e-01 8.817317e+02 8.475575e+02 
2.909394e-01 8.812499e+02 8.295825e+02 
2.939596e-01 8.779084e+02 8.121398e+02 
2.969798e-01 8.709204e+02 7.952091e+02 
3.000000e-01 8.599013e+02 7.787713e+02 
