1.000000e-03 5.208653e+03 5.208648e+03 
4.020202e-03 1.738205e+04 1.752018e+04 
7.040404e-03 2.531479e+04 2.551327e+04 
1.006061e-02 3.008975e+04 3.034677e+04 
1.308081e-02 3.249868e+04 3.284005e+04 
1.610101e-02 3.312621e+04 3.347788e+04 
1.912121e-02 3.244039e+04 3.264140e+04 
2.214141e-02 3.083933e+04 3.078435e+04 
2.516162e-02 2.866389e+04 2.841679e+04 
2.818182e-02 2.620090e+04 2.596254e+04 
3.120202e-02 2.367837e+04 2.367059e+04 
3.422222e-02 2.126491e+04 2.163575e+04 
3.724242e-02 1.907343e+04 1.986390e+04 
4.026263e-02 1.716957e+04 1.832480e+04 
4.328283e-02 1.556646e+04 1.698033e+04 
4.630303e-02 1.426316e+04 1.579571e+04 
4.932323e-02 1.325341e+04 1.474255e+04 
5.234343e-02 1.248425e+04 1.379854e+04 
5.536364e-02 1.190557e+04 1.294635e+04 
5.838384e-02 1.147290e+04 1.217245e+04 
6.140404e-02 1.113706e+04 1.146615e+04 
6.442424e-02 1.085335e+04 1.081887e+04 
6.744444e-02 1.058334e+04 1.022358e+04 
7.046465e-02 1.029557e+04 9.674467e+03 
7.348485e-02 9.966495e+03 9.166639e+03 
7.650505e-02 9.582505e+03 8.695915e+03 
7.952525e-02 9.140332e+03 8.258699e+03 
8.254545e-02 8.646701e+03 7.851859e+03 
8.556566e-02 8.115565e+03 7.472650e+03 
8.858586e-02 7.565345e+03 7.118648e+03 
9.160606e-02 7.016360e+03 6.787701e+03 
9.462626e-02 6.488050e+03 6.477890e+03 
9.764646e-02 5.997395e+03 6.187497e+03 
1.006667e-01 5.558080e+03 5.914974e+03 
1.036869e-01 5.178408e+03 5.658928e+03 
1.067071e-01 4.862382e+03 5.418099e+03 
1.097273e-01 4.608558e+03 5.191343e+03 
1.127475e-01 4.412529e+03 4.977621e+03 
1.157677e-01 4.266885e+03 4.775989e+03 
1.187879e-01 4.162701e+03 4.585582e+03 
1.218081e-01 4.089881e+03 4.405614e+03 
1.248283e-01 4.037773e+03 4.235361e+03 
1.278485e-01 3.995679e+03 4.074163e+03 
1.308687e-01 3.953522e+03 3.921412e+03 
1.338889e-01 3.902567e+03 3.776549e+03 
1.369091e-01 3.836081e+03 3.639061e+03 
1.399293e-01 3.750140e+03 3.508474e+03 
1.429495e-01 3.643205e+03 3.384350e+03 
1.459697e-01 3.516337e+03 3.266285e+03 
1.489899e-01 3.372176e+03 3.153906e+03 
1.520101e-01 3.215128e+03 3.046867e+03 
1.550303e-01 3.050605e+03 2.944847e+03 
1.580505e-01 2.884858e+03 2.847548e+03 
1.610707e-01 2.724034e+03 2.754694e+03 
1.640909e-01 2.573825e+03 2.666029e+03 
1.671111e-01 2.438420e+03 2.581312e+03 
1.701313e-01 2.320650e+03 2.500321e+03 
1.731515e-01 2.221485e+03 2.422849e+03 
1.761717e-01 2.140658e+03 2.348702e+03 
1.791919e-01 2.076887e+03 2.277699e+03 
1.822121e-01 2.028222e+03 2.209671e+03 
1.852323e-01 1.992301e+03 2.144460e+03 
1.882525e-01 1.966321e+03 2.081918e+03 
1.912727e-01 1.947152e+03 2.021906e+03 
1.942929e-01 1.931334e+03 1.964295e+03 
1.973131e-01 1.915504e+03 1.908962e+03 
2.003333e-01 1.896547e+03 1.855793e+03 
2.033535e-01 1.872193e+03 1.804680e+03 
2.063737e-01 1.840887e+03 1.755523e+03 
2.093939e-01 1.802131e+03 1.708227e+03 
2.124141e-01 1.756136e+03 1.662701e+03 
2.154343e-01 1.703794e+03 1.618861e+03 
2.184545e-01 1.646495e+03 1.576629e+03 
2.214747e-01 1.585929e+03 1.535929e+03 
2.244949e-01 1.523997e+03 1.496690e+03 
2.275152e-01 1.462642e+03 1.458845e+03 
2.305354e-01 1.403772e+03 1.422332e+03 
2.335556e-01 1.348967e+03 1.387091e+03 
2.365758e-01 1.299457e+03 1.353065e+03 
2.395960e-01 1.255956e+03 1.320201e+03 
2.426162e-01 1.218809e+03 1.288449e+03 
2.456364e-01 1.187880e+03 1.257760e+03 
2.486566e-01 1.162730e+03 1.228089e+03 
2.516768e-01 1.142606e+03 1.199393e+03 
2.546970e-01 1.126544e+03 1.171631e+03 
2.577172e-01 1.113437e+03 1.144765e+03 
2.607374e-01 1.102111e+03 1.118757e+03 
2.637576e-01 1.091406e+03 1.093573e+03 
2.667778e-01 1.080251e+03 1.069179e+03 
2.697980e-01 1.067763e+03 1.045544e+03 
2.728182e-01 1.053278e+03 1.022637e+03 
2.758384e-01 1.036423e+03 1.000430e+03 
2.788586e-01 1.017045e+03 9.788952e+02 
2.818788e-01 9.952838e+02 9.580072e+02 
2.848990e-01 9.714482e+02 9.377410e+02 
2.879192e-01 9.460326e+02 9.180728e+02 
2.909394e-01 9.196438e+02 8.989802e+02 
2.939596e-01 8.929668e+02 8.804417e+02 
2.969798e-01 8.666777e+02 8.624366e+02 
3.000000e-01 8.414097e+02 8.449453e+02 
