1.000000e-03 4.525985e+03 4.525982e+03 
4.020202e-03 1.509488e+04 1.521430e+04 
7.040404e-03 2.203841e+04 2.220722e+04 
1.006061e-02 2.628028e+04 2.648819e+04 
1.308081e-02 2.849449e+04 2.875788e+04 
1.610101e-02 2.917857e+04 2.943837e+04 
1.912121e-02 2.872980e+04 2.886221e+04 
2.214141e-02 2.748448e+04 2.741515e+04 
2.516162e-02 2.573101e+04 2.552106e+04 
2.818182e-02 2.371077e+04 2.352813e+04 
3.120202e-02 2.161755e+04 2.164168e+04 
3.422222e-02 1.959581e+04 1.994330e+04 
3.724242e-02 1.774303e+04 1.844323e+04 
4.026263e-02 1.611864e+04 1.712202e+04 
4.328283e-02 1.473846e+04 1.595286e+04 
4.630303e-02 1.360140e+04 1.491060e+04 
4.932323e-02 1.270700e+04 1.397433e+04 
5.234343e-02 1.201430e+04 1.312742e+04 
5.536364e-02 1.147799e+04 1.235678e+04 
5.838384e-02 1.106085e+04 1.165204e+04 
6.140404e-02 1.072483e+04 1.100491e+04 
6.442424e-02 1.043179e+04 1.040864e+04 
6.744444e-02 1.014782e+04 9.857613e+03 
7.046465e-02 9.847030e+03 9.347140e+03 
7.348485e-02 9.510866e+03 8.873205e+03 
7.650505e-02 9.129341e+03 8.432347e+03 
7.952525e-02 8.701481e+03 8.021549e+03 
8.254545e-02 8.234773e+03 7.638161e+03 
8.556566e-02 7.741797e+03 7.279834e+03 
8.858586e-02 7.238041e+03 6.944479e+03 
9.160606e-02 6.740132e+03 6.630226e+03 
9.462626e-02 6.263797e+03 6.335394e+03 
9.764646e-02 5.823104e+03 6.058470e+03 
1.006667e-01 5.428774e+03 5.798082e+03 
1.036869e-01 5.087872e+03 5.552989e+03 
1.067071e-01 4.803225e+03 5.322061e+03 
1.097273e-01 4.573246e+03 5.104270e+03 
1.127475e-01 4.393248e+03 4.898678e+03 
1.157677e-01 4.255994e+03 4.704427e+03 
1.187879e-01 4.153126e+03 4.520732e+03 
1.218081e-01 4.075444e+03 4.346871e+03 
1.248283e-01 4.013699e+03 4.182184e+03 
1.278485e-01 3.958803e+03 4.026062e+03 
1.308687e-01 3.902476e+03 3.877946e+03 
1.338889e-01 3.837425e+03 3.737319e+03 
1.369091e-01 3.758657e+03 3.603705e+03 
1.399293e-01 3.663046e+03 3.476663e+03 
1.429495e-01 3.550082e+03 3.355788e+03 
1.459697e-01 3.421173e+03 3.240700e+03 
1.489899e-01 3.279479e+03 3.131052e+03 
1.520101e-01 3.129171e+03 3.026519e+03 
1.550303e-01 2.975003e+03 2.926800e+03 
1.580505e-01 2.822134e+03 2.831615e+03 
1.610707e-01 2.675537e+03 2.740704e+03 
1.640909e-01 2.539607e+03 2.653825e+03 
1.671111e-01 2.417638e+03 2.570751e+03 
1.701313e-01 2.311749e+03 2.491272e+03 
1.731515e-01 2.222495e+03 2.415192e+03 
1.761717e-01 2.149411e+03 2.342325e+03 
1.791919e-01 2.090977e+03 2.272501e+03 
1.822121e-01 2.045189e+03 2.205559e+03 
1.852323e-01 2.009614e+03 2.141347e+03 
1.882525e-01 1.981600e+03 2.079726e+03 
1.912727e-01 1.958342e+03 2.020561e+03 
1.942929e-01 1.936987e+03 1.963730e+03 
1.973131e-01 1.914785e+03 1.909115e+03 
2.003333e-01 1.889353e+03 1.856607e+03 
2.033535e-01 1.858888e+03 1.806103e+03 
2.063737e-01 1.822418e+03 1.757505e+03 
2.093939e-01 1.779741e+03 1.710723e+03 
2.124141e-01 1.731296e+03 1.665669e+03 
2.154343e-01 1.678145e+03 1.622263e+03 
2.184545e-01 1.621661e+03 1.580429e+03 
2.214747e-01 1.563444e+03 1.540093e+03 
2.244949e-01 1.505142e+03 1.501188e+03 
2.275152e-01 1.448402e+03 1.463650e+03 
2.305354e-01 1.394638e+03 1.427416e+03 
2.335556e-01 1.345032e+03 1.392430e+03 
2.365758e-01 1.300389e+03 1.358636e+03 
2.395960e-01 1.261216e+03 1.325983e+03 
2.426162e-01 1.227579e+03 1.294423e+03 
2.456364e-01 1.199258e+03 1.263907e+03 
2.486566e-01 1.175731e+03 1.234393e+03 
2.516768e-01 1.156248e+03 1.205838e+03 
2.546970e-01 1.139892e+03 1.178203e+03 
2.577172e-01 1.125616e+03 1.151450e+03 
2.607374e-01 1.112371e+03 1.125543e+03 
2.637576e-01 1.099199e+03 1.100448e+03 
2.667778e-01 1.085280e+03 1.076133e+03 
2.697980e-01 1.069968e+03 1.052566e+03 
2.728182e-01 1.052877e+03 1.029718e+03 
2.758384e-01 1.033810e+03 1.007561e+03 
2.788586e-01 1.012787e+03 9.860689e+02 
2.818788e-01 9.899776e+02 9.652159e+02 
2.848990e-01 9.657546e+02 9.449777e+02 
2.879192e-01 9.405905e+02 9.253311e+02 
2.909394e-01 9.150417e+02 9.062542e+02 
2.939596e-01 8.896984e+02 8.877257e+02 
2.969798e-01 8.651380e+02 8.697256e+02 
3.000000e-01 8.418185e+02 8.522346e+02 
