1.000000e-03 3.487674e+03 3.487671e+03 
4.020202e-03 1.165193e+04 1.174412e+04 
7.040404e-03 1.701241e+04 1.712940e+04 
1.006061e-02 2.030990e+04 2.041852e+04 
1.308081e-02 2.208880e+04 2.218116e+04 
1.610101e-02 2.274439e+04 2.278384e+04 
1.912121e-02 2.258359e+04 2.252476e+04 
2.214141e-02 2.185581e+04 2.170948e+04 
2.516162e-02 2.076898e+04 2.061917e+04 
2.818182e-02 1.949021e+04 1.945161e+04 
3.120202e-02 1.815148e+04 1.831183e+04 
3.422222e-02 1.684825e+04 1.724148e+04 
3.724242e-02 1.564386e+04 1.625023e+04 
4.026263e-02 1.457503e+04 1.533508e+04 
4.328283e-02 1.365502e+04 1.448929e+04 
4.630303e-02 1.287507e+04 1.370583e+04 
4.932323e-02 1.223024e+04 1.297842e+04 
5.234343e-02 1.170144e+04 1.230170e+04 
5.536364e-02 1.124826e+04 1.167107e+04 
5.838384e-02 1.084777e+04 1.108256e+04 
6.140404e-02 1.047845e+04 1.053270e+04 
6.442424e-02 1.011547e+04 1.001843e+04 
6.744444e-02 9.743289e+03 9.536965e+03 
7.046465e-02 9.352215e+03 9.085819e+03 
7.348485e-02 8.937900e+03 8.662718e+03 
7.650505e-02 8.503051e+03 8.265586e+03 
7.952525e-02 8.055495e+03 7.892524e+03 
8.254545e-02 7.606030e+03 7.541791e+03 
8.556566e-02 7.166115e+03 7.211783e+03 
8.858586e-02 6.746085e+03 6.901030e+03 
9.160606e-02 6.354746e+03 6.608178e+03 
9.462626e-02 5.999006e+03 6.331978e+03 
9.764646e-02 5.683398e+03 6.071282e+03 
1.006667e-01 5.410572e+03 5.825032e+03 
1.036869e-01 5.179491e+03 5.592249e+03 
1.067071e-01 4.986893e+03 5.372034e+03 
1.097273e-01 4.826534e+03 5.163554e+03 
1.127475e-01 4.691103e+03 4.966040e+03 
1.157677e-01 4.572452e+03 4.778781e+03 
1.187879e-01 4.463255e+03 4.601121e+03 
1.218081e-01 4.357072e+03 4.432451e+03 
1.248283e-01 4.248908e+03 4.272206e+03 
1.278485e-01 4.134850e+03 4.119866e+03 
1.308687e-01 4.012744e+03 3.974945e+03 
1.338889e-01 3.881709e+03 3.836993e+03 
1.369091e-01 3.742897e+03 3.705594e+03 
1.399293e-01 3.598457e+03 3.580358e+03 
1.429495e-01 3.451585e+03 3.460925e+03 
1.459697e-01 3.305595e+03 3.346959e+03 
1.489899e-01 3.163782e+03 3.238145e+03 
1.520101e-01 3.028987e+03 3.134193e+03 
1.550303e-01 2.903662e+03 3.034829e+03 
1.580505e-01 2.789601e+03 2.939800e+03 
1.610707e-01 2.688039e+03 2.848868e+03 
1.640909e-01 2.599163e+03 2.761811e+03 
1.671111e-01 2.522433e+03 2.678421e+03 
1.701313e-01 2.456336e+03 2.598504e+03 
1.731515e-01 2.398894e+03 2.521878e+03 
1.761717e-01 2.347736e+03 2.448371e+03 
1.791919e-01 2.300640e+03 2.377824e+03 
1.822121e-01 2.255559e+03 2.310085e+03 
1.852323e-01 2.210854e+03 2.245015e+03 
1.882525e-01 2.165146e+03 2.182480e+03 
1.912727e-01 2.117422e+03 2.122355e+03 
1.942929e-01 2.066995e+03 2.064523e+03 
1.973131e-01 2.013730e+03 2.008873e+03 
2.003333e-01 1.957920e+03 1.955301e+03 
2.033535e-01 1.900366e+03 1.903709e+03 
2.063737e-01 1.842100e+03 1.854004e+03 
2.093939e-01 1.784301e+03 1.806098e+03 
2.124141e-01 1.728029e+03 1.759910e+03 
2.154343e-01 1.674226e+03 1.715360e+03 
2.184545e-01 1.623576e+03 1.672375e+03 
2.214747e-01 1.576593e+03 1.630886e+03 
2.244949e-01 1.533528e+03 1.590826e+03 
2.275152e-01 1.494434e+03 1.552133e+03 
2.305354e-01 1.459105e+03 1.514747e+03 
2.335556e-01 1.427173e+03 1.478613e+03 
2.365758e-01 1.398119e+03 1.443676e+03 
2.395960e-01 1.371340e+03 1.409888e+03 
2.426162e-01 1.346187e+03 1.377199e+03 
2.456364e-01 1.322038e+03 1.345564e+03 
2.486566e-01 1.298306e+03 1.314941e+03 
2.516768e-01 1.274490e+03 1.285287e+03 
2.546970e-01 1.250200e+03 1.256564e+03 
2.577172e-01 1.225223e+03 1.228734e+03 
2.607374e-01 1.199510e+03 1.201762e+03 
2.637576e-01 1.173185e+03 1.175615e+03 
2.667778e-01 1.146480e+03 1.150260e+03 
2.697980e-01 1.119704e+03 1.125667e+03 
2.728182e-01 1.093169e+03 1.101807e+03 
2.758384e-01 1.067178e+03 1.078651e+03 
2.788586e-01 1.041981e+03 1.056173e+03 
2.818788e-01 1.017793e+03 1.034348e+03 
2.848990e-01 9.947924e+02 1.013152e+03 
2.879192e-01 9.731066e+02 9.925617e+02 
2.909394e-01 9.527991e+02 9.725546e+02 
2.939596e-01 9.338477e+02 9.531100e+02 
2.969798e-01 9.161515e+02 9.342075e+02 
3.000000e-01 8.995461e+02 9.158280e+02 
