1.000000e-03 2.619709e+03 2.619707e+03 
4.020202e-03 8.784635e+03 8.853116e+03 
7.040404e-03 1.293039e+04 1.301345e+04 
1.006061e-02 1.558040e+04 1.563983e+04 
1.308081e-02 1.712362e+04 1.714497e+04 
1.610101e-02 1.784369e+04 1.780778e+04 
1.912121e-02 1.796011e+04 1.785409e+04 
2.214141e-02 1.764920e+04 1.749785e+04 
2.516162e-02 1.705525e+04 1.692125e+04 
2.818182e-02 1.629457e+04 1.624820e+04 
3.120202e-02 1.545893e+04 1.554732e+04 
3.422222e-02 1.461520e+04 1.485157e+04 
3.724242e-02 1.380957e+04 1.417551e+04 
4.026263e-02 1.307060e+04 1.352527e+04 
4.328283e-02 1.240235e+04 1.290326e+04 
4.630303e-02 1.181378e+04 1.231028e+04 
4.932323e-02 1.130821e+04 1.174627e+04 
5.234343e-02 1.086120e+04 1.121072e+04 
5.536364e-02 1.045221e+04 1.070287e+04 
5.838384e-02 1.006790e+04 1.022174e+04 
6.140404e-02 9.701069e+03 9.766253e+03 
6.442424e-02 9.341464e+03 9.335243e+03 
6.744444e-02 8.978553e+03 8.927519e+03 
7.046465e-02 8.607222e+03 8.541875e+03 
7.348485e-02 8.227019e+03 8.177116e+03 
7.650505e-02 7.841470e+03 7.832076e+03 
7.952525e-02 7.457862e+03 7.505623e+03 
8.254545e-02 7.084534e+03 7.196670e+03 
8.556566e-02 6.729235e+03 6.904181e+03 
8.858586e-02 6.397136e+03 6.627171e+03 
9.160606e-02 6.091320e+03 6.364708e+03 
9.462626e-02 5.813353e+03 6.115912e+03 
9.764646e-02 5.563869e+03 5.879958e+03 
1.006667e-01 5.342481e+03 5.656068e+03 
1.036869e-01 5.147934e+03 5.443513e+03 
1.067071e-01 4.977023e+03 5.241613e+03 
1.097273e-01 4.825295e+03 5.049729e+03 
1.127475e-01 4.687166e+03 4.867264e+03 
1.157677e-01 4.556860e+03 4.693660e+03 
1.187879e-01 4.429728e+03 4.528396e+03 
1.218081e-01 4.302080e+03 4.370985e+03 
1.248283e-01 4.172220e+03 4.220972e+03 
1.278485e-01 4.039389e+03 4.077931e+03 
1.308687e-01 3.904041e+03 3.941464e+03 
1.338889e-01 3.767199e+03 3.811201e+03 
1.369091e-01 3.630536e+03 3.686794e+03 
1.399293e-01 3.495830e+03 3.567916e+03 
1.429495e-01 3.364910e+03 3.454265e+03 
1.459697e-01 3.239446e+03 3.345556e+03 
1.489899e-01 3.120937e+03 3.241521e+03 
1.520101e-01 3.010461e+03 3.141910e+03 
1.550303e-01 2.908782e+03 3.046490e+03 
1.580505e-01 2.816168e+03 2.955041e+03 
1.610707e-01 2.732527e+03 2.867356e+03 
1.640909e-01 2.657039e+03 2.783241e+03 
1.671111e-01 2.588532e+03 2.702516e+03 
1.701313e-01 2.525388e+03 2.625008e+03 
1.731515e-01 2.465979e+03 2.550557e+03 
1.761717e-01 2.408871e+03 2.479011e+03 
1.791919e-01 2.352907e+03 2.410229e+03 
1.822121e-01 2.297358e+03 2.344076e+03 
1.852323e-01 2.241711e+03 2.280426e+03 
1.882525e-01 2.185679e+03 2.219160e+03 
1.912727e-01 2.129150e+03 2.160165e+03 
1.942929e-01 2.072180e+03 2.103334e+03 
1.973131e-01 2.015093e+03 2.048569e+03 
2.003333e-01 1.958403e+03 1.995774e+03 
2.033535e-01 1.902818e+03 1.944860e+03 
2.063737e-01 1.849095e+03 1.895742e+03 
2.093939e-01 1.797790e+03 1.848341e+03 
2.124141e-01 1.749306e+03 1.802579e+03 
2.154343e-01 1.703722e+03 1.758386e+03 
2.184545e-01 1.661003e+03 1.715694e+03 
2.214747e-01 1.621002e+03 1.674437e+03 
2.244949e-01 1.583534e+03 1.634556e+03 
2.275152e-01 1.548380e+03 1.595991e+03 
2.305354e-01 1.515249e+03 1.558688e+03 
2.335556e-01 1.483766e+03 1.522594e+03 
2.365758e-01 1.453533e+03 1.487660e+03 
2.395960e-01 1.424144e+03 1.453838e+03 
2.426162e-01 1.395280e+03 1.421084e+03 
2.456364e-01 1.366693e+03 1.389354e+03 
2.486566e-01 1.338271e+03 1.358608e+03 
2.516768e-01 1.309977e+03 1.328807e+03 
2.546970e-01 1.281845e+03 1.299915e+03 
2.577172e-01 1.253942e+03 1.271896e+03 
2.607374e-01 1.226373e+03 1.244716e+03 
2.637576e-01 1.199261e+03 1.218344e+03 
2.667778e-01 1.172767e+03 1.192749e+03 
2.697980e-01 1.147047e+03 1.167902e+03 
2.728182e-01 1.122243e+03 1.143775e+03 
2.758384e-01 1.098449e+03 1.120342e+03 
2.788586e-01 1.075698e+03 1.097576e+03 
2.818788e-01 1.053979e+03 1.075455e+03 
2.848990e-01 1.033237e+03 1.053954e+03 
2.879192e-01 1.013390e+03 1.033052e+03 
2.909394e-01 9.943385e+02 1.012727e+03 
2.939596e-01 9.759819e+02 9.929594e+02 
2.969798e-01 9.582210e+02 9.737290e+02 
3.000000e-01 9.409630e+02 9.550176e+02 
