1.000000e-03 4.431576e+03 4.431572e+03 
4.020202e-03 1.482937e+04 1.494606e+04 
7.040404e-03 2.175127e+04 2.191992e+04 
1.006061e-02 2.605379e+04 2.626638e+04 
1.308081e-02 2.836737e+04 2.864487e+04 
1.610101e-02 2.916230e+04 2.945144e+04 
1.912121e-02 2.881787e+04 2.899147e+04 
2.214141e-02 2.765910e+04 2.762343e+04 
2.516162e-02 2.596732e+04 2.575944e+04 
2.818182e-02 2.398165e+04 2.375712e+04 
3.120202e-02 2.189681e+04 2.184062e+04 
3.422222e-02 1.986081e+04 2.010713e+04 
3.724242e-02 1.797637e+04 1.857530e+04 
4.026263e-02 1.630841e+04 1.722863e+04 
4.328283e-02 1.487937e+04 1.604037e+04 
4.630303e-02 1.369197e+04 1.498434e+04 
4.932323e-02 1.274830e+04 1.403841e+04 
5.234343e-02 1.201455e+04 1.318484e+04 
5.536364e-02 1.144706e+04 1.240965e+04 
5.838384e-02 1.100730e+04 1.170186e+04 
6.140404e-02 1.066224e+04 1.105268e+04 
6.442424e-02 1.037454e+04 1.045502e+04 
6.744444e-02 1.010746e+04 9.903053e+03 
7.046465e-02 9.832746e+03 9.391912e+03 
7.348485e-02 9.528721e+03 8.917474e+03 
7.650505e-02 9.181815e+03 8.476203e+03 
7.952525e-02 8.787552e+03 8.065034e+03 
8.254545e-02 8.350217e+03 7.681281e+03 
8.556566e-02 7.879976e+03 7.322578e+03 
8.858586e-02 7.390668e+03 6.986823e+03 
9.160606e-02 6.897846e+03 6.672141e+03 
9.462626e-02 6.417031e+03 6.376848e+03 
9.764646e-02 5.962895e+03 6.099430e+03 
1.006667e-01 5.547758e+03 5.838519e+03 
1.036869e-01 5.181049e+03 5.592875e+03 
1.067071e-01 4.868239e+03 5.361372e+03 
1.097273e-01 4.610395e+03 5.142986e+03 
1.127475e-01 4.404935e+03 4.936782e+03 
1.157677e-01 4.246162e+03 4.741904e+03 
1.187879e-01 4.126772e+03 4.557572e+03 
1.218081e-01 4.038183e+03 4.383066e+03 
1.248283e-01 3.971555e+03 4.217729e+03 
1.278485e-01 3.918036e+03 4.060954e+03 
1.308687e-01 3.869175e+03 3.912184e+03 
1.338889e-01 3.817072e+03 3.770905e+03 
1.369091e-01 3.755355e+03 3.636642e+03 
1.399293e-01 3.679077e+03 3.508956e+03 
1.429495e-01 3.585742e+03 3.387441e+03 
1.459697e-01 3.474814e+03 3.271722e+03 
1.489899e-01 3.348019e+03 3.161450e+03 
1.520101e-01 3.208536e+03 3.056301e+03 
1.550303e-01 3.060591e+03 2.955976e+03 
1.580505e-01 2.909072e+03 2.860195e+03 
1.610707e-01 2.759051e+03 2.768698e+03 
1.640909e-01 2.615455e+03 2.681243e+03 
1.671111e-01 2.482480e+03 2.597604e+03 
1.701313e-01 2.363262e+03 2.517572e+03 
1.731515e-01 2.259608e+03 2.440949e+03 
1.761717e-01 2.172234e+03 2.367551e+03 
1.791919e-01 2.100679e+03 2.297207e+03 
1.822121e-01 2.043781e+03 2.229756e+03 
1.852323e-01 1.999594e+03 2.165047e+03 
1.882525e-01 1.965824e+03 2.102939e+03 
1.912727e-01 1.939874e+03 2.043299e+03 
1.942929e-01 1.918938e+03 1.986004e+03 
1.973131e-01 1.900119e+03 1.930936e+03 
2.003333e-01 1.880708e+03 1.877985e+03 
2.033535e-01 1.858300e+03 1.827048e+03 
2.063737e-01 1.831118e+03 1.778028e+03 
2.093939e-01 1.798034e+03 1.730833e+03 
2.124141e-01 1.758682e+03 1.685377e+03 
2.154343e-01 1.713341e+03 1.641579e+03 
2.184545e-01 1.662785e+03 1.599361e+03 
2.214747e-01 1.608294e+03 1.558652e+03 
2.244949e-01 1.551383e+03 1.519382e+03 
2.275152e-01 1.493745e+03 1.481487e+03 
2.305354e-01 1.437047e+03 1.444906e+03 
2.335556e-01 1.382872e+03 1.409581e+03 
2.365758e-01 1.332465e+03 1.375457e+03 
2.395960e-01 1.286777e+03 1.342482e+03 
2.426162e-01 1.246341e+03 1.310606e+03 
2.456364e-01 1.211411e+03 1.279783e+03 
2.486566e-01 1.181886e+03 1.249969e+03 
2.516768e-01 1.157413e+03 1.221122e+03 
2.546970e-01 1.137380e+03 1.193202e+03 
2.577172e-01 1.120951e+03 1.166170e+03 
2.607374e-01 1.107144e+03 1.139991e+03 
2.637576e-01 1.094900e+03 1.114630e+03 
2.667778e-01 1.083184e+03 1.090055e+03 
2.697980e-01 1.071073e+03 1.066235e+03 
2.728182e-01 1.057823e+03 1.043140e+03 
2.758384e-01 1.042907e+03 1.020743e+03 
2.788586e-01 1.026034e+03 9.990148e+02 
2.818788e-01 1.007090e+03 9.779317e+02 
2.848990e-01 9.861649e+02 9.574688e+02 
2.879192e-01 9.634801e+02 9.376028e+02 
2.909394e-01 9.394260e+02 9.183115e+02 
2.939596e-01 9.145002e+02 8.995736e+02 
2.969798e-01 8.892976e+02 8.813689e+02 
3.000000e-01 8.644196e+02 8.636779e+02 
