1.000000e-03 2.725559e+03 2.725557e+03 
4.020202e-03 9.245425e+03 9.318058e+03 
7.040404e-03 1.363210e+04 1.372083e+04 
1.006061e-02 1.641825e+04 1.648542e+04 
1.308081e-02 1.801635e+04 1.804860e+04 
1.610101e-02 1.873076e+04 1.870546e+04 
1.912121e-02 1.879819e+04 1.869722e+04 
2.214141e-02 1.840939e+04 1.825714e+04 
2.516162e-02 1.772198e+04 1.758697e+04 
2.818182e-02 1.686309e+04 1.682414e+04 
3.120202e-02 1.593208e+04 1.604357e+04 
3.422222e-02 1.500207e+04 1.527955e+04 
3.724242e-02 1.412286e+04 1.454570e+04 
4.026263e-02 1.332398e+04 1.384657e+04 
4.328283e-02 1.260867e+04 1.318301e+04 
4.630303e-02 1.198895e+04 1.255449e+04 
4.932323e-02 1.146349e+04 1.195987e+04 
5.234343e-02 1.100425e+04 1.139782e+04 
5.536364e-02 1.058964e+04 1.086689e+04 
5.838384e-02 1.020476e+04 1.036557e+04 
6.140404e-02 9.839036e+03 9.892365e+03 
6.442424e-02 9.478472e+03 9.445754e+03 
6.744444e-02 9.111711e+03 9.024255e+03 
7.046465e-02 8.733553e+03 8.626420e+03 
7.348485e-02 8.343586e+03 8.250851e+03 
7.650505e-02 7.945725e+03 7.896209e+03 
7.952525e-02 7.547790e+03 7.561214e+03 
8.254545e-02 7.158744e+03 7.244653e+03 
8.556566e-02 6.786715e+03 6.945380e+03 
8.858586e-02 6.437946e+03 6.662315e+03 
9.160606e-02 6.116428e+03 6.394444e+03 
9.462626e-02 5.824835e+03 6.140814e+03 
9.764646e-02 5.564768e+03 5.900537e+03 
1.006667e-01 5.336277e+03 5.672779e+03 
1.036869e-01 5.138148e+03 5.456764e+03 
1.067071e-01 4.966502e+03 5.251766e+03 
1.097273e-01 4.816266e+03 5.057109e+03 
1.127475e-01 4.680940e+03 4.872163e+03 
1.157677e-01 4.554329e+03 4.696340e+03 
1.187879e-01 4.431103e+03 4.529091e+03 
1.218081e-01 4.307406e+03 4.369906e+03 
1.248283e-01 4.181015e+03 4.218308e+03 
1.278485e-01 4.050853e+03 4.073853e+03 
1.308687e-01 3.916784e+03 3.936127e+03 
1.338889e-01 3.779710e+03 3.804742e+03 
1.369091e-01 3.641177e+03 3.679338e+03 
1.399293e-01 3.503258e+03 3.559578e+03 
1.429495e-01 3.368204e+03 3.445145e+03 
1.459697e-01 3.238210e+03 3.335746e+03 
1.489899e-01 3.115237e+03 3.231105e+03 
1.520101e-01 3.000663e+03 3.130964e+03 
1.550303e-01 2.895489e+03 3.035081e+03 
1.580505e-01 2.800181e+03 2.943230e+03 
1.610707e-01 2.714662e+03 2.855199e+03 
1.640909e-01 2.638203e+03 2.770789e+03 
1.671111e-01 2.569588e+03 2.689813e+03 
1.701313e-01 2.507191e+03 2.612097e+03 
1.731515e-01 2.449281e+03 2.537474e+03 
1.761717e-01 2.394127e+03 2.465791e+03 
1.791919e-01 2.340416e+03 2.396902e+03 
1.822121e-01 2.287089e+03 2.330669e+03 
1.852323e-01 2.233427e+03 2.266964e+03 
1.882525e-01 2.178915e+03 2.205665e+03 
1.912727e-01 2.123358e+03 2.146658e+03 
1.942929e-01 2.066791e+03 2.089833e+03 
1.973131e-01 2.009616e+03 2.035090e+03 
2.003333e-01 1.952432e+03 1.982333e+03 
2.033535e-01 1.896055e+03 1.931469e+03 
2.063737e-01 1.841263e+03 1.882413e+03 
2.093939e-01 1.788748e+03 1.835084e+03 
2.124141e-01 1.738943e+03 1.789404e+03 
2.154343e-01 1.692082e+03 1.745302e+03 
2.184545e-01 1.648265e+03 1.702707e+03 
2.214747e-01 1.607502e+03 1.661556e+03 
2.244949e-01 1.569668e+03 1.621784e+03 
2.275152e-01 1.534544e+03 1.583335e+03 
2.305354e-01 1.501749e+03 1.546152e+03 
2.335556e-01 1.470837e+03 1.510182e+03 
2.365758e-01 1.441301e+03 1.475375e+03 
2.395960e-01 1.412679e+03 1.441683e+03 
2.426162e-01 1.384614e+03 1.409062e+03 
2.456364e-01 1.356841e+03 1.377466e+03 
2.486566e-01 1.329198e+03 1.346857e+03 
2.516768e-01 1.301588e+03 1.317193e+03 
2.546970e-01 1.273968e+03 1.288439e+03 
2.577172e-01 1.246359e+03 1.260559e+03 
2.607374e-01 1.218837e+03 1.233519e+03 
2.637576e-01 1.191578e+03 1.207287e+03 
2.667778e-01 1.164804e+03 1.181831e+03 
2.697980e-01 1.138750e+03 1.157123e+03 
2.728182e-01 1.113625e+03 1.133136e+03 
2.758384e-01 1.089545e+03 1.109841e+03 
2.788586e-01 1.066566e+03 1.087213e+03 
2.818788e-01 1.044659e+03 1.065229e+03 
2.848990e-01 1.023774e+03 1.043865e+03 
2.879192e-01 1.003849e+03 1.023098e+03 
2.909394e-01 9.848147e+02 1.002907e+03 
2.939596e-01 9.665964e+02 9.832727e+02 
2.969798e-01 9.490923e+02 9.641743e+02 
3.000000e-01 9.321810e+02 9.455935e+02 
