1.000000e-03 4.249928e+03 4.249924e+03 
4.020202e-03 1.423553e+04 1.434900e+04 
7.040404e-03 2.076992e+04 2.092454e+04 
1.006061e-02 2.474150e+04 2.491693e+04 
1.308081e-02 2.680728e+04 2.701000e+04 
1.610101e-02 2.745063e+04 2.762582e+04 
1.912121e-02 2.705158e+04 2.710329e+04 
2.214141e-02 2.592814e+04 2.581933e+04 
2.516162e-02 2.434773e+04 2.416071e+04 
2.818182e-02 2.253238e+04 2.242499e+04 
3.120202e-02 2.065684e+04 2.077782e+04 
3.422222e-02 1.885070e+04 1.928182e+04 
3.724242e-02 1.719948e+04 1.794397e+04 
4.026263e-02 1.575381e+04 1.674935e+04 
4.328283e-02 1.452767e+04 1.567794e+04 
4.630303e-02 1.351336e+04 1.471104e+04 
4.932323e-02 1.271035e+04 1.383311e+04 
5.234343e-02 1.208224e+04 1.303163e+04 
5.536364e-02 1.158171e+04 1.229661e+04 
5.838384e-02 1.117861e+04 1.162000e+04 
6.140404e-02 1.083426e+04 1.099522e+04 
6.442424e-02 1.051360e+04 1.041678e+04 
6.744444e-02 1.019118e+04 9.880057e+03 
7.046465e-02 9.846311e+03 9.381074e+03 
7.348485e-02 9.466047e+03 8.916379e+03 
7.650505e-02 9.045722e+03 8.482947e+03 
7.952525e-02 8.588610e+03 8.078102e+03 
8.254545e-02 8.104782e+03 7.699460e+03 
8.556566e-02 7.608242e+03 7.344888e+03 
8.858586e-02 7.114561e+03 7.012469e+03 
9.160606e-02 6.638865e+03 6.700472e+03 
9.462626e-02 6.194379e+03 6.407331e+03 
9.764646e-02 5.792176e+03 6.131624e+03 
1.006667e-01 5.439376e+03 5.872059e+03 
1.036869e-01 5.139953e+03 5.627457e+03 
1.067071e-01 4.893117e+03 5.396744e+03 
1.097273e-01 4.695310e+03 5.178934e+03 
1.127475e-01 4.539749e+03 4.973128e+03 
1.157677e-01 4.418374e+03 4.778500e+03 
1.187879e-01 4.322163e+03 4.594290e+03 
1.218081e-01 4.242066e+03 4.419802e+03 
1.248283e-01 4.169247e+03 4.254393e+03 
1.278485e-01 4.095820e+03 4.097472e+03 
1.308687e-01 4.015015e+03 3.948493e+03 
1.338889e-01 3.922083e+03 3.806952e+03 
1.369091e-01 3.814402e+03 3.672383e+03 
1.399293e-01 3.691792e+03 3.544355e+03 
1.429495e-01 3.555970e+03 3.422468e+03 
1.459697e-01 3.409979e+03 3.306351e+03 
1.489899e-01 3.257730e+03 3.195662e+03 
1.520101e-01 3.103537e+03 3.090080e+03 
1.550303e-01 2.952006e+03 2.989309e+03 
1.580505e-01 2.807533e+03 2.893072e+03 
1.610707e-01 2.674081e+03 2.801112e+03 
1.640909e-01 2.554526e+03 2.713189e+03 
1.671111e-01 2.450698e+03 2.629080e+03 
1.701313e-01 2.362806e+03 2.548575e+03 
1.731515e-01 2.290084e+03 2.471480e+03 
1.761717e-01 2.230678e+03 2.397611e+03 
1.791919e-01 2.182352e+03 2.326798e+03 
1.822121e-01 2.142590e+03 2.258881e+03 
1.852323e-01 2.108857e+03 2.193710e+03 
1.882525e-01 2.078620e+03 2.131145e+03 
1.912727e-01 2.049341e+03 2.071053e+03 
1.942929e-01 2.018604e+03 2.013310e+03 
1.973131e-01 1.984461e+03 1.957800e+03 
2.003333e-01 1.945509e+03 1.904414e+03 
2.033535e-01 1.901177e+03 1.853048e+03 
2.063737e-01 1.851650e+03 1.803605e+03 
2.093939e-01 1.797790e+03 1.755995e+03 
2.124141e-01 1.740837e+03 1.710130e+03 
2.154343e-01 1.682216e+03 1.665929e+03 
2.184545e-01 1.623409e+03 1.623316e+03 
2.214747e-01 1.565842e+03 1.582219e+03 
2.244949e-01 1.510804e+03 1.542568e+03 
2.275152e-01 1.459387e+03 1.504298e+03 
2.305354e-01 1.412450e+03 1.467350e+03 
2.335556e-01 1.370493e+03 1.431664e+03 
2.365758e-01 1.333721e+03 1.397186e+03 
2.395960e-01 1.301930e+03 1.363863e+03 
2.426162e-01 1.274679e+03 1.331647e+03 
2.456364e-01 1.251254e+03 1.300490e+03 
2.486566e-01 1.230834e+03 1.270349e+03 
2.516768e-01 1.212503e+03 1.241180e+03 
2.546970e-01 1.195339e+03 1.212945e+03 
2.577172e-01 1.178448e+03 1.185604e+03 
2.607374e-01 1.161094e+03 1.159123e+03 
2.637576e-01 1.142679e+03 1.133465e+03 
2.667778e-01 1.122835e+03 1.108600e+03 
2.697980e-01 1.101389e+03 1.084495e+03 
2.728182e-01 1.078387e+03 1.061120e+03 
2.758384e-01 1.054045e+03 1.038448e+03 
2.788586e-01 1.028707e+03 1.016452e+03 
2.818788e-01 1.002810e+03 9.951060e+02 
2.848990e-01 9.768307e+02 9.743851e+02 
2.879192e-01 9.512475e+02 9.542662e+02 
2.909394e-01 9.265063e+02 9.347269e+02 
2.939596e-01 9.029987e+02 9.157460e+02 
2.969798e-01 8.810184e+02 8.973030e+02 
3.000000e-01 8.607634e+02 8.793785e+02 
