1.000000e-03 4.676418e+03 4.676414e+03 
4.020202e-03 1.544799e+04 1.557033e+04 
7.040404e-03 2.245742e+04 2.262887e+04 
1.006061e-02 2.670219e+04 2.691137e+04 
1.308081e-02 2.888809e+04 2.915040e+04 
1.610101e-02 2.952923e+04 2.978452e+04 
1.912121e-02 2.903294e+04 2.915802e+04 
2.214141e-02 2.774213e+04 2.766596e+04 
2.516162e-02 2.594802e+04 2.573693e+04 
2.818182e-02 2.389435e+04 2.371867e+04 
3.120202e-02 2.177467e+04 2.181352e+04 
3.422222e-02 1.973346e+04 2.010023e+04 
3.724242e-02 1.786712e+04 1.858727e+04 
4.026263e-02 1.623380e+04 1.725434e+04 
4.328283e-02 1.484810e+04 1.607430e+04 
4.630303e-02 1.370721e+04 1.502189e+04 
4.932323e-02 1.281020e+04 1.407618e+04 
5.234343e-02 1.211503e+04 1.322052e+04 
5.536364e-02 1.157540e+04 1.244181e+04 
5.838384e-02 1.115419e+04 1.172966e+04 
6.140404e-02 1.081216e+04 1.107575e+04 
6.442424e-02 1.051123e+04 1.047327e+04 
6.744444e-02 1.021804e+04 9.916590e+03 
7.046465e-02 9.906970e+03 9.400958e+03 
7.348485e-02 9.560054e+03 8.922321e+03 
7.650505e-02 9.167979e+03 8.477179e+03 
7.952525e-02 8.730424e+03 8.062477e+03 
8.254545e-02 8.255250e+03 7.675527e+03 
8.556566e-02 7.755530e+03 7.313952e+03 
8.858586e-02 7.247134e+03 6.975631e+03 
9.160606e-02 6.746617e+03 6.658669e+03 
9.462626e-02 6.269495e+03 6.361361e+03 
9.764646e-02 5.829656e+03 6.082170e+03 
1.006667e-01 5.437485e+03 5.819708e+03 
1.036869e-01 5.099689e+03 5.572714e+03 
1.067071e-01 4.818305e+03 5.340043e+03 
1.097273e-01 4.591432e+03 5.120652e+03 
1.127475e-01 4.414063e+03 4.913591e+03 
1.157677e-01 4.278741e+03 4.717989e+03 
1.187879e-01 4.176860e+03 4.533051e+03 
1.218081e-01 4.099133e+03 4.358046e+03 
1.248283e-01 4.036271e+03 4.192306e+03 
1.278485e-01 3.979222e+03 4.035213e+03 
1.308687e-01 3.919819e+03 3.886201e+03 
1.338889e-01 3.850939e+03 3.744747e+03 
1.369091e-01 3.767903e+03 3.610369e+03 
1.399293e-01 3.667896e+03 3.482622e+03 
1.429495e-01 3.550911e+03 3.361094e+03 
1.459697e-01 3.418563e+03 3.245404e+03 
1.489899e-01 3.274211e+03 3.135198e+03 
1.520101e-01 3.122081e+03 3.030148e+03 
1.550303e-01 2.967028e+03 2.929951e+03 
1.580505e-01 2.814152e+03 2.834323e+03 
1.610707e-01 2.668416e+03 2.743001e+03 
1.640909e-01 2.533977e+03 2.655741e+03 
1.671111e-01 2.414021e+03 2.572315e+03 
1.701313e-01 2.310321e+03 2.492509e+03 
1.731515e-01 2.223304e+03 2.416125e+03 
1.761717e-01 2.152221e+03 2.342977e+03 
1.791919e-01 2.095434e+03 2.272892e+03 
1.822121e-01 2.050827e+03 2.205707e+03 
1.852323e-01 2.015944e+03 2.141271e+03 
1.882525e-01 1.988136e+03 2.079441e+03 
1.912727e-01 1.964536e+03 2.020084e+03 
1.942929e-01 1.942313e+03 1.963073e+03 
1.973131e-01 1.918745e+03 1.908292e+03 
2.003333e-01 1.891629e+03 1.855630e+03 
2.033535e-01 1.859259e+03 1.804983e+03 
2.063737e-01 1.820881e+03 1.756253e+03 
2.093939e-01 1.776378e+03 1.709348e+03 
2.124141e-01 1.726416e+03 1.664181e+03 
2.154343e-01 1.672100e+03 1.620671e+03 
2.184545e-01 1.614892e+03 1.578739e+03 
2.214747e-01 1.556379e+03 1.538314e+03 
2.244949e-01 1.498190e+03 1.499327e+03 
2.275152e-01 1.441892e+03 1.461712e+03 
2.305354e-01 1.388880e+03 1.425408e+03 
2.335556e-01 1.340228e+03 1.390358e+03 
2.365758e-01 1.296677e+03 1.356505e+03 
2.395960e-01 1.258616e+03 1.323798e+03 
2.426162e-01 1.226037e+03 1.292187e+03 
2.456364e-01 1.198652e+03 1.261627e+03 
2.486566e-01 1.175860e+03 1.232071e+03 
2.516768e-01 1.156880e+03 1.203479e+03 
2.546970e-01 1.140734e+03 1.175810e+03 
2.577172e-01 1.126399e+03 1.149026e+03 
2.607374e-01 1.112842e+03 1.123091e+03 
2.637576e-01 1.099152e+03 1.097971e+03 
2.667778e-01 1.084541e+03 1.073633e+03 
2.697980e-01 1.068465e+03 1.050047e+03 
2.728182e-01 1.050559e+03 1.027182e+03 
2.758384e-01 1.030707e+03 1.005010e+03 
2.788586e-01 1.008972e+03 9.835049e+02 
2.818788e-01 9.855980e+02 9.626408e+02 
2.848990e-01 9.609738e+02 9.423934e+02 
2.879192e-01 9.355872e+02 9.227394e+02 
2.909394e-01 9.100134e+02 9.036565e+02 
2.939596e-01 8.848317e+02 8.851236e+02 
2.969798e-01 8.605699e+02 8.671205e+02 
3.000000e-01 8.376635e+02 8.496278e+02 
