1.000000e-03 6.660197e+03 6.660191e+03 
4.020202e-03 2.227523e+04 2.245334e+04 
7.040404e-03 3.246090e+04 3.273223e+04 
1.006061e-02 3.856189e+04 3.895522e+04 
1.308081e-02 4.156750e+04 4.214723e+04 
1.610101e-02 4.221585e+04 4.288841e+04 
1.912121e-02 4.110965e+04 4.161144e+04 
2.214141e-02 3.877092e+04 3.886426e+04 
2.516162e-02 3.565520e+04 3.533558e+04 
2.818182e-02 3.215308e+04 3.166172e+04 
3.120202e-02 2.857916e+04 2.825303e+04 
3.422222e-02 2.516866e+04 2.527973e+04 
3.724242e-02 2.207998e+04 2.275676e+04 
4.026263e-02 1.940437e+04 2.063036e+04 
4.328283e-02 1.716253e+04 1.883000e+04 
4.630303e-02 1.535707e+04 1.729067e+04 
4.932323e-02 1.396720e+04 1.595943e+04 
5.234343e-02 1.292977e+04 1.479522e+04 
5.536364e-02 1.218165e+04 1.376678e+04 
5.838384e-02 1.166144e+04 1.285029e+04 
6.140404e-02 1.130795e+04 1.202747e+04 
6.442424e-02 1.106077e+04 1.128409e+04 
6.744444e-02 1.086725e+04 1.060889e+04 
7.046465e-02 1.068134e+04 9.992850e+03 
7.348485e-02 1.046334e+04 9.428603e+03 
7.650505e-02 1.018302e+04 8.910059e+03 
7.952525e-02 9.823041e+03 8.432114e+03 
8.254545e-02 9.379020e+03 7.990443e+03 
8.556566e-02 8.858673e+03 7.581341e+03 
8.858586e-02 8.279624e+03 7.201608e+03 
9.160606e-02 7.665702e+03 6.848461e+03 
9.462626e-02 7.043504e+03 6.519456e+03 
9.764646e-02 6.438717e+03 6.212442e+03 
1.006667e-01 5.874417e+03 5.925513e+03 
1.036869e-01 5.367966e+03 5.656970e+03 
1.067071e-01 4.930940e+03 5.405296e+03 
1.097273e-01 4.568735e+03 5.169131e+03 
1.127475e-01 4.281079e+03 4.947251e+03 
1.157677e-01 4.064000e+03 4.738551e+03 
1.187879e-01 3.910284e+03 4.542032e+03 
1.218081e-01 3.810915e+03 4.356787e+03 
1.248283e-01 3.755088e+03 4.181992e+03 
1.278485e-01 3.730945e+03 4.016898e+03 
1.308687e-01 3.725967e+03 3.860820e+03 
1.338889e-01 3.727709e+03 3.713132e+03 
1.369091e-01 3.724562e+03 3.573261e+03 
1.399293e-01 3.706875e+03 3.440682e+03 
1.429495e-01 3.667235e+03 3.314911e+03 
1.459697e-01 3.600707e+03 3.195505e+03 
1.489899e-01 3.505409e+03 3.082055e+03 
1.520101e-01 3.381845e+03 2.974184e+03 
1.550303e-01 3.233685e+03 2.871543e+03 
1.580505e-01 3.066599e+03 2.773811e+03 
1.610707e-01 2.888326e+03 2.680688e+03 
1.640909e-01 2.707167e+03 2.591900e+03 
1.671111e-01 2.531372e+03 2.507190e+03 
1.701313e-01 2.367455e+03 2.426320e+03 
1.731515e-01 2.220449e+03 2.349069e+03 
1.761717e-01 2.093276e+03 2.275231e+03 
1.791919e-01 1.987403e+03 2.204615e+03 
1.822121e-01 1.902972e+03 2.137041e+03 
1.852323e-01 1.839196e+03 2.072343e+03 
1.882525e-01 1.794579e+03 2.010366e+03 
1.912727e-01 1.766644e+03 1.950964e+03 
1.942929e-01 1.752245e+03 1.894001e+03 
1.973131e-01 1.747524e+03 1.839349e+03 
2.003333e-01 1.748324e+03 1.786890e+03 
2.033535e-01 1.750415e+03 1.736510e+03 
2.063737e-01 1.750038e+03 1.688106e+03 
2.093939e-01 1.743983e+03 1.641579e+03 
2.124141e-01 1.729933e+03 1.596835e+03 
2.154343e-01 1.706380e+03 1.553789e+03 
2.184545e-01 1.672634e+03 1.512357e+03 
2.214747e-01 1.628983e+03 1.472463e+03 
2.244949e-01 1.576423e+03 1.434034e+03 
2.275152e-01 1.516816e+03 1.397001e+03 
2.305354e-01 1.452475e+03 1.361300e+03 
2.335556e-01 1.386109e+03 1.326870e+03 
2.365758e-01 1.320326e+03 1.293653e+03 
2.395960e-01 1.257537e+03 1.261594e+03 
2.426162e-01 1.199636e+03 1.230642e+03 
2.456364e-01 1.148081e+03 1.200748e+03 
2.486566e-01 1.103733e+03 1.171866e+03 
2.516768e-01 1.067004e+03 1.143953e+03 
2.546970e-01 1.037884e+03 1.116966e+03 
2.577172e-01 1.015911e+03 1.090867e+03 
2.607374e-01 1.000312e+03 1.065619e+03 
2.637576e-01 9.899607e+02 1.041185e+03 
2.667778e-01 9.835584e+02 1.017532e+03 
2.697980e-01 9.796614e+02 9.946290e+02 
2.728182e-01 9.768401e+02 9.724449e+02 
2.758384e-01 9.737218e+02 9.509511e+02 
2.788586e-01 9.691251e+02 9.301201e+02 
2.818788e-01 9.620586e+02 9.099257e+02 
2.848990e-01 9.518122e+02 8.903432e+02 
2.879192e-01 9.379780e+02 8.713487e+02 
2.909394e-01 9.204449e+02 8.529198e+02 
2.939596e-01 8.994466e+02 8.350348e+02 
2.969798e-01 8.754601e+02 8.176734e+02 
3.000000e-01 8.492584e+02 8.008158e+02 
