1.000000e-03 6.633034e+03 6.633028e+03 
4.020202e-03 2.209121e+04 2.226834e+04 
7.040404e-03 3.220149e+04 3.247281e+04 
1.006061e-02 3.830135e+04 3.869358e+04 
1.308081e-02 4.135833e+04 4.194001e+04 
1.610101e-02 4.209090e+04 4.278214e+04 
1.912121e-02 4.108308e+04 4.163008e+04 
2.214141e-02 3.883977e+04 3.899251e+04 
2.516162e-02 3.580481e+04 3.552439e+04 
2.818182e-02 3.235924e+04 3.185620e+04 
3.120202e-02 2.881333e+04 2.841595e+04 
3.422222e-02 2.540323e+04 2.539609e+04 
3.724242e-02 2.229036e+04 2.282674e+04 
4.026263e-02 1.957202e+04 2.066114e+04 
4.328283e-02 1.727710e+04 1.883045e+04 
4.630303e-02 1.540886e+04 1.726895e+04 
4.932323e-02 1.395393e+04 1.592216e+04 
5.234343e-02 1.285681e+04 1.474747e+04 
5.536364e-02 1.205571e+04 1.371230e+04 
5.838384e-02 1.149149e+04 1.279178e+04 
6.140404e-02 1.110741e+04 1.196687e+04 
6.442424e-02 1.084425e+04 1.122277e+04 
6.744444e-02 1.064913e+04 1.054780e+04 
7.046465e-02 1.047645e+04 9.932634e+03 
7.348485e-02 1.028543e+04 9.369702e+03 
7.650505e-02 1.004418e+04 8.852756e+03 
7.952525e-02 9.731367e+03 8.376581e+03 
8.254545e-02 9.337471e+03 7.936774e+03 
8.556566e-02 8.865709e+03 7.529576e+03 
8.858586e-02 8.329023e+03 7.151748e+03 
9.160606e-02 7.747441e+03 6.800478e+03 
9.462626e-02 7.145420e+03 6.473306e+03 
9.764646e-02 6.547834e+03 6.168068e+03 
1.006667e-01 5.978699e+03 5.882850e+03 
1.036869e-01 5.456972e+03 5.615950e+03 
1.067071e-01 4.997077e+03 5.365849e+03 
1.097273e-01 4.606550e+03 5.131186e+03 
1.127475e-01 4.288160e+03 4.910739e+03 
1.157677e-01 4.040011e+03 4.703404e+03 
1.187879e-01 3.856793e+03 4.508183e+03 
1.218081e-01 3.731003e+03 4.324174e+03 
1.248283e-01 3.653346e+03 4.150556e+03 
1.278485e-01 3.613464e+03 3.986580e+03 
1.308687e-01 3.599901e+03 3.831566e+03 
1.338889e-01 3.600882e+03 3.684890e+03 
1.369091e-01 3.604702e+03 3.545982e+03 
1.399293e-01 3.601021e+03 3.414320e+03 
1.429495e-01 3.581006e+03 3.289422e+03 
1.459697e-01 3.538408e+03 3.170849e+03 
1.489899e-01 3.469276e+03 3.058192e+03 
1.520101e-01 3.372164e+03 2.951077e+03 
1.550303e-01 3.248476e+03 2.849158e+03 
1.580505e-01 3.101787e+03 2.752114e+03 
1.610707e-01 2.938308e+03 2.659650e+03 
1.640909e-01 2.765362e+03 2.571492e+03 
1.671111e-01 2.591037e+03 2.487383e+03 
1.701313e-01 2.422614e+03 2.407089e+03 
1.731515e-01 2.266337e+03 2.330389e+03 
1.761717e-01 2.126457e+03 2.257079e+03 
1.791919e-01 2.005826e+03 2.186968e+03 
1.822121e-01 1.905553e+03 2.119879e+03 
1.852323e-01 1.825785e+03 2.055647e+03 
1.882525e-01 1.765776e+03 1.994117e+03 
1.912727e-01 1.723950e+03 1.935144e+03 
1.942929e-01 1.698079e+03 1.878593e+03 
1.973131e-01 1.685080e+03 1.824337e+03 
2.003333e-01 1.681404e+03 1.772259e+03 
2.033535e-01 1.683076e+03 1.722247e+03 
2.063737e-01 1.686209e+03 1.674196e+03 
2.093939e-01 1.687143e+03 1.628008e+03 
2.124141e-01 1.682902e+03 1.583593e+03 
2.154343e-01 1.671104e+03 1.540862e+03 
2.184545e-01 1.650252e+03 1.499735e+03 
2.214747e-01 1.619618e+03 1.460135e+03 
2.244949e-01 1.579296e+03 1.421990e+03 
2.275152e-01 1.530230e+03 1.385232e+03 
2.305354e-01 1.473976e+03 1.349796e+03 
2.335556e-01 1.412764e+03 1.315621e+03 
2.365758e-01 1.349044e+03 1.282652e+03 
2.395960e-01 1.285347e+03 1.250832e+03 
2.426162e-01 1.223967e+03 1.220112e+03 
2.456364e-01 1.166902e+03 1.190442e+03 
2.486566e-01 1.115578e+03 1.161778e+03 
2.516768e-01 1.071009e+03 1.134075e+03 
2.546970e-01 1.033674e+03 1.107292e+03 
2.577172e-01 1.003673e+03 1.081390e+03 
2.607374e-01 9.807128e+02 1.056333e+03 
2.637576e-01 9.641145e+02 1.032085e+03 
2.667778e-01 9.529362e+02 1.008613e+03 
2.697980e-01 9.459919e+02 9.858846e+02 
2.728182e-01 9.419906e+02 9.638704e+02 
2.758384e-01 9.395645e+02 9.425416e+02 
2.788586e-01 9.373986e+02 9.218708e+02 
2.818788e-01 9.342618e+02 9.018321e+02 
2.848990e-01 9.291363e+02 8.824009e+02 
2.879192e-01 9.211992e+02 8.635535e+02 
2.909394e-01 9.099284e+02 8.452677e+02 
2.939596e-01 8.950834e+02 8.275220e+02 
2.969798e-01 8.767247e+02 8.102959e+02 
3.000000e-01 8.552152e+02 7.935701e+02 
