1.000000e-03 4.229230e+03 4.229227e+03 
4.020202e-03 1.411208e+04 1.422336e+04 
7.040404e-03 2.063290e+04 2.078838e+04 
1.006061e-02 2.464678e+04 2.483135e+04 
1.308081e-02 2.677736e+04 2.700293e+04 
1.610101e-02 2.748647e+04 2.769987e+04 
1.912121e-02 2.714157e+04 2.723660e+04 
2.214141e-02 2.605402e+04 2.597224e+04 
2.516162e-02 2.448832e+04 2.429370e+04 
2.818182e-02 2.266739e+04 2.251415e+04 
3.120202e-02 2.076936e+04 2.081711e+04 
3.422222e-02 1.892756e+04 1.927649e+04 
3.724242e-02 1.723259e+04 1.790361e+04 
4.026263e-02 1.574011e+04 1.668374e+04 
4.328283e-02 1.446643e+04 1.559528e+04 
4.630303e-02 1.340979e+04 1.461768e+04 
4.932323e-02 1.257184e+04 1.373367e+04 
5.234343e-02 1.191677e+04 1.292941e+04 
5.536364e-02 1.140100e+04 1.219389e+04 
5.838384e-02 1.099035e+04 1.151834e+04 
6.140404e-02 1.065121e+04 1.089564e+04 
6.442424e-02 1.034930e+04 1.031995e+04 
6.744444e-02 1.005313e+04 9.786379e+03 
7.046465e-02 9.739338e+03 9.290763e+03 
7.348485e-02 9.392142e+03 8.829530e+03 
7.650505e-02 9.003735e+03 8.399567e+03 
7.952525e-02 8.574765e+03 7.998140e+03 
8.254545e-02 8.113420e+03 7.622826e+03 
8.556566e-02 7.632128e+03 7.271469e+03 
8.858586e-02 7.145521e+03 6.942135e+03 
9.160606e-02 6.668653e+03 6.633088e+03 
9.462626e-02 6.215319e+03 6.342758e+03 
9.764646e-02 5.797846e+03 6.069724e+03 
1.006667e-01 5.425447e+03 5.812696e+03 
1.036869e-01 5.104311e+03 5.570500e+03 
1.067071e-01 4.836177e+03 5.342066e+03 
1.097273e-01 4.619212e+03 5.126415e+03 
1.127475e-01 4.448320e+03 4.922654e+03 
1.157677e-01 4.316161e+03 4.729962e+03 
1.187879e-01 4.214242e+03 4.547587e+03 
1.218081e-01 4.133678e+03 4.374837e+03 
1.248283e-01 4.065743e+03 4.211076e+03 
1.278485e-01 4.002219e+03 4.055717e+03 
1.308687e-01 3.935777e+03 3.908220e+03 
1.338889e-01 3.860148e+03 3.768086e+03 
1.369091e-01 3.771245e+03 3.634853e+03 
1.399293e-01 3.666721e+03 3.508095e+03 
1.429495e-01 3.546861e+03 3.387415e+03 
1.459697e-01 3.413444e+03 3.272448e+03 
1.489899e-01 3.269870e+03 3.162852e+03 
1.520101e-01 3.120289e+03 3.058312e+03 
1.550303e-01 2.969374e+03 2.958535e+03 
1.580505e-01 2.821752e+03 2.863246e+03 
1.610707e-01 2.681807e+03 2.772190e+03 
1.640909e-01 2.553162e+03 2.685132e+03 
1.671111e-01 2.438567e+03 2.601849e+03 
1.701313e-01 2.339491e+03 2.522134e+03 
1.731515e-01 2.256189e+03 2.445794e+03 
1.761717e-01 2.187824e+03 2.372649e+03 
1.791919e-01 2.132700e+03 2.302529e+03 
1.822121e-01 2.088656e+03 2.235276e+03 
1.852323e-01 2.053239e+03 2.170742e+03 
1.882525e-01 2.023872e+03 2.108788e+03 
1.912727e-01 1.997881e+03 2.049283e+03 
1.942929e-01 1.972645e+03 1.992104e+03 
1.973131e-01 1.945684e+03 1.937137e+03 
2.003333e-01 1.915135e+03 1.884272e+03 
2.033535e-01 1.879636e+03 1.833407e+03 
2.063737e-01 1.838613e+03 1.784447e+03 
2.093939e-01 1.792091e+03 1.737302e+03 
2.124141e-01 1.740827e+03 1.691885e+03 
2.154343e-01 1.685951e+03 1.648116e+03 
2.184545e-01 1.628867e+03 1.605919e+03 
2.214747e-01 1.571096e+03 1.565223e+03 
2.244949e-01 1.514176e+03 1.525960e+03 
2.275152e-01 1.459550e+03 1.488065e+03 
2.305354e-01 1.408439e+03 1.451479e+03 
2.335556e-01 1.361732e+03 1.416142e+03 
2.365758e-01 1.319978e+03 1.382002e+03 
2.395960e-01 1.283425e+03 1.349006e+03 
2.426162e-01 1.251968e+03 1.317106e+03 
2.456364e-01 1.225270e+03 1.286256e+03 
2.486566e-01 1.202711e+03 1.256411e+03 
2.516768e-01 1.183520e+03 1.227529e+03 
2.546970e-01 1.166774e+03 1.199572e+03 
2.577172e-01 1.151505e+03 1.172501e+03 
2.607374e-01 1.136736e+03 1.146281e+03 
2.637576e-01 1.121625e+03 1.120878e+03 
2.667778e-01 1.105470e+03 1.096258e+03 
2.697980e-01 1.087844e+03 1.072392e+03 
2.728182e-01 1.068510e+03 1.049249e+03 
2.758384e-01 1.047447e+03 1.026803e+03 
2.788586e-01 1.024790e+03 1.005025e+03 
2.818788e-01 1.000800e+03 9.838916e+02 
2.848990e-01 9.758703e+02 9.633773e+02 
2.879192e-01 9.504676e+02 9.434593e+02 
2.909394e-01 9.251175e+02 9.241155e+02 
2.939596e-01 9.003372e+02 9.053246e+02 
2.969798e-01 8.766081e+02 8.870666e+02 
3.000000e-01 8.543130e+02 8.693221e+02 
