1.000000e-03 4.191404e+03 4.191401e+03 
4.020202e-03 1.413366e+04 1.424497e+04 
7.040404e-03 2.083378e+04 2.099563e+04 
1.006061e-02 2.505972e+04 2.526199e+04 
1.308081e-02 2.739167e+04 2.765440e+04 
1.610101e-02 2.826739e+04 2.854364e+04 
1.912121e-02 2.804131e+04 2.821335e+04 
2.214141e-02 2.701939e+04 2.699467e+04 
2.516162e-02 2.546694e+04 2.527306e+04 
2.818182e-02 2.361217e+04 2.339047e+04 
3.120202e-02 2.164116e+04 2.156789e+04 
3.422222e-02 1.969820e+04 1.990618e+04 
3.724242e-02 1.788483e+04 1.842928e+04 
4.026263e-02 1.626691e+04 1.712527e+04 
4.328283e-02 1.487112e+04 1.597071e+04 
4.630303e-02 1.370137e+04 1.494174e+04 
4.932323e-02 1.276245e+04 1.401780e+04 
5.234343e-02 1.202744e+04 1.318225e+04 
5.536364e-02 1.145521e+04 1.242195e+04 
5.838384e-02 1.100834e+04 1.172646e+04 
6.140404e-02 1.065617e+04 1.108748e+04 
6.442424e-02 1.036498e+04 1.049828e+04 
6.744444e-02 1.009892e+04 9.953295e+03 
7.046465e-02 9.829852e+03 9.447905e+03 
7.348485e-02 9.535855e+03 8.978173e+03 
7.650505e-02 9.202325e+03 8.540721e+03 
7.952525e-02 8.823827e+03 8.132617e+03 
8.254545e-02 8.403094e+03 7.751287e+03 
8.556566e-02 7.948867e+03 7.394458e+03 
8.858586e-02 7.474040e+03 7.060108e+03 
9.160606e-02 6.993084e+03 6.746431e+03 
9.462626e-02 6.520583e+03 6.451801e+03 
9.764646e-02 6.070633e+03 6.174755e+03 
1.006667e-01 5.655230e+03 5.913966e+03 
1.036869e-01 5.284287e+03 5.668233e+03 
1.067071e-01 4.963800e+03 5.436461e+03 
1.097273e-01 4.696409e+03 5.217653e+03 
1.127475e-01 4.480529e+03 5.010897e+03 
1.157677e-01 4.311595e+03 4.815360e+03 
1.187879e-01 4.182721e+03 4.630277e+03 
1.218081e-01 4.085905e+03 4.454945e+03 
1.248283e-01 4.012679e+03 4.288720e+03 
1.278485e-01 3.954540e+03 4.131007e+03 
1.308687e-01 3.903274e+03 3.981258e+03 
1.338889e-01 3.851233e+03 3.838968e+03 
1.369091e-01 3.791906e+03 3.703669e+03 
1.399293e-01 3.720058e+03 3.574929e+03 
1.429495e-01 3.632651e+03 3.452348e+03 
1.459697e-01 3.528324e+03 3.335555e+03 
1.489899e-01 3.408141e+03 3.224205e+03 
1.520101e-01 3.274485e+03 3.117979e+03 
1.550303e-01 3.131195e+03 3.016579e+03 
1.580505e-01 2.982743e+03 2.919729e+03 
1.610707e-01 2.834063e+03 2.827170e+03 
1.640909e-01 2.689891e+03 2.738664e+03 
1.671111e-01 2.554600e+03 2.653986e+03 
1.701313e-01 2.431468e+03 2.572926e+03 
1.731515e-01 2.322869e+03 2.495289e+03 
1.761717e-01 2.229795e+03 2.420893e+03 
1.791919e-01 2.152310e+03 2.349565e+03 
1.822121e-01 2.089520e+03 2.281147e+03 
1.852323e-01 2.039901e+03 2.215487e+03 
1.882525e-01 2.001468e+03 2.152445e+03 
1.912727e-01 1.971802e+03 2.091889e+03 
1.942929e-01 1.948270e+03 2.033693e+03 
1.973131e-01 1.928069e+03 1.977743e+03 
2.003333e-01 1.908489e+03 1.923927e+03 
2.033535e-01 1.887033e+03 1.872143e+03 
2.063737e-01 1.861752e+03 1.822292e+03 
2.093939e-01 1.831228e+03 1.774285e+03 
2.124141e-01 1.794844e+03 1.728033e+03 
2.154343e-01 1.752501e+03 1.683455e+03 
2.184545e-01 1.704770e+03 1.640475e+03 
2.214747e-01 1.652593e+03 1.599019e+03 
2.244949e-01 1.597316e+03 1.559019e+03 
2.275152e-01 1.540464e+03 1.520410e+03 
2.305354e-01 1.483676e+03 1.483130e+03 
2.335556e-01 1.428519e+03 1.447122e+03 
2.365758e-01 1.376424e+03 1.412329e+03 
2.395960e-01 1.328450e+03 1.378700e+03 
2.426162e-01 1.285362e+03 1.346185e+03 
2.456364e-01 1.247532e+03 1.314738e+03 
2.486566e-01 1.215026e+03 1.284312e+03 
2.516768e-01 1.187623e+03 1.254867e+03 
2.546970e-01 1.164863e+03 1.226362e+03 
2.577172e-01 1.146113e+03 1.198759e+03 
2.607374e-01 1.130512e+03 1.172021e+03 
2.637576e-01 1.117103e+03 1.146114e+03 
2.667778e-01 1.104855e+03 1.121004e+03 
2.697980e-01 1.092802e+03 1.096661e+03 
2.728182e-01 1.080083e+03 1.073055e+03 
2.758384e-01 1.066058e+03 1.050157e+03 
2.788586e-01 1.050269e+03 1.027940e+03 
2.818788e-01 1.032533e+03 1.006379e+03 
2.848990e-01 1.012822e+03 9.854477e+02 
2.879192e-01 9.912870e+02 9.651237e+02 
2.909394e-01 9.681995e+02 9.453844e+02 
2.939596e-01 9.439544e+02 9.262081e+02 
2.969798e-01 9.190520e+02 9.075744e+02 
3.000000e-01 8.940593e+02 8.894637e+02 
