1.000000e-03 3.907234e+03 3.907231e+03 
4.020202e-03 1.276073e+04 1.286285e+04 
7.040404e-03 1.833878e+04 1.845962e+04 
1.006061e-02 2.161658e+04 2.171320e+04 
1.308081e-02 2.326163e+04 2.332033e+04 
1.610101e-02 2.373917e+04 2.372336e+04 
1.912121e-02 2.339635e+04 2.327709e+04 
2.214141e-02 2.250638e+04 2.232121e+04 
2.516162e-02 2.128857e+04 2.113962e+04 
2.818182e-02 1.991430e+04 1.991351e+04 
3.120202e-02 1.851309e+04 1.873070e+04 
3.422222e-02 1.717530e+04 1.762270e+04 
3.724242e-02 1.595696e+04 1.659513e+04 
4.026263e-02 1.488640e+04 1.564418e+04 
4.328283e-02 1.397000e+04 1.476346e+04 
4.630303e-02 1.319555e+04 1.394659e+04 
4.932323e-02 1.254704e+04 1.318777e+04 
5.234343e-02 1.200219e+04 1.248194e+04 
5.536364e-02 1.152605e+04 1.182464e+04 
5.838384e-02 1.108826e+04 1.121191e+04 
6.140404e-02 1.066592e+04 1.064019e+04 
6.442424e-02 1.024408e+04 1.010628e+04 
6.744444e-02 9.812277e+03 9.607243e+03 
7.046465e-02 9.364742e+03 9.140423e+03 
7.348485e-02 8.901336e+03 8.703372e+03 
7.650505e-02 8.427710e+03 8.293850e+03 
7.952525e-02 7.953433e+03 7.909803e+03 
8.254545e-02 7.490394e+03 7.549343e+03 
8.556566e-02 7.049674e+03 7.210739e+03 
8.858586e-02 6.640389e+03 6.892399e+03 
9.160606e-02 6.269205e+03 6.592861e+03 
9.462626e-02 5.940072e+03 6.310781e+03 
9.764646e-02 5.654056e+03 6.044922e+03 
1.006667e-01 5.409908e+03 5.794149e+03 
1.036869e-01 5.203436e+03 5.557416e+03 
1.067071e-01 5.028573e+03 5.333759e+03 
1.097273e-01 4.877650e+03 5.122290e+03 
1.127475e-01 4.742709e+03 4.922193e+03 
1.157677e-01 4.616530e+03 4.732713e+03 
1.187879e-01 4.492733e+03 4.553153e+03 
1.218081e-01 4.366289e+03 4.382870e+03 
1.248283e-01 4.233896e+03 4.221270e+03 
1.278485e-01 4.094209e+03 4.067802e+03 
1.308687e-01 3.947650e+03 3.921957e+03 
1.338889e-01 3.796004e+03 3.783264e+03 
1.369091e-01 3.642199e+03 3.651284e+03 
1.399293e-01 3.489551e+03 3.525613e+03 
1.429495e-01 3.340898e+03 3.405872e+03 
1.459697e-01 3.198811e+03 3.291712e+03 
1.489899e-01 3.065491e+03 3.182807e+03 
1.520101e-01 2.942813e+03 3.078853e+03 
1.550303e-01 2.832192e+03 2.979567e+03 
1.580505e-01 2.734245e+03 2.884688e+03 
1.610707e-01 2.648744e+03 2.793968e+03 
1.640909e-01 2.574246e+03 2.707178e+03 
1.671111e-01 2.508566e+03 2.624105e+03 
1.701313e-01 2.449298e+03 2.544546e+03 
1.731515e-01 2.394107e+03 2.468316e+03 
1.761717e-01 2.341151e+03 2.395238e+03 
1.791919e-01 2.288927e+03 2.325149e+03 
1.822121e-01 2.236409e+03 2.257892e+03 
1.852323e-01 2.182715e+03 2.193325e+03 
1.882525e-01 2.127104e+03 2.131311e+03 
1.912727e-01 2.069365e+03 2.071722e+03 
1.942929e-01 2.009763e+03 2.014439e+03 
1.973131e-01 1.949106e+03 1.959348e+03 
2.003333e-01 1.888484e+03 1.906344e+03 
2.033535e-01 1.829067e+03 1.855326e+03 
2.063737e-01 1.771901e+03 1.806199e+03 
2.093939e-01 1.717609e+03 1.758876e+03 
2.124141e-01 1.666634e+03 1.713272e+03 
2.154343e-01 1.619240e+03 1.669307e+03 
2.184545e-01 1.575537e+03 1.626908e+03 
2.214747e-01 1.535482e+03 1.586003e+03 
2.244949e-01 1.498864e+03 1.546526e+03 
2.275152e-01 1.465326e+03 1.508412e+03 
2.305354e-01 1.434286e+03 1.471603e+03 
2.335556e-01 1.405084e+03 1.436042e+03 
2.365758e-01 1.377114e+03 1.401674e+03 
2.395960e-01 1.349835e+03 1.368450e+03 
2.426162e-01 1.322824e+03 1.336320e+03 
2.456364e-01 1.295767e+03 1.305238e+03 
2.486566e-01 1.268484e+03 1.275162e+03 
2.516768e-01 1.240884e+03 1.246049e+03 
2.546970e-01 1.212960e+03 1.217861e+03 
2.577172e-01 1.184863e+03 1.190560e+03 
2.607374e-01 1.156837e+03 1.164111e+03 
2.637576e-01 1.129176e+03 1.138479e+03 
2.667778e-01 1.102177e+03 1.113633e+03 
2.697980e-01 1.076100e+03 1.089542e+03 
2.728182e-01 1.051132e+03 1.066176e+03 
2.758384e-01 1.027346e+03 1.043508e+03 
2.788586e-01 1.004778e+03 1.021511e+03 
2.818788e-01 9.834341e+02 1.000160e+03 
2.848990e-01 9.632794e+02 9.794310e+02 
2.879192e-01 9.442458e+02 9.593003e+02 
2.909394e-01 9.262178e+02 9.397460e+02 
2.939596e-01 9.090485e+02 9.207473e+02 
2.969798e-01 8.925450e+02 9.022838e+02 
3.000000e-01 8.765160e+02 8.843364e+02 
