1.000000e-03 3.144107e+03 3.144104e+03 
4.020202e-03 1.044993e+04 1.053198e+04 
7.040404e-03 1.522587e+04 1.532401e+04 
1.006061e-02 1.816409e+04 1.823930e+04 
1.308081e-02 1.976454e+04 1.980346e+04 
1.610101e-02 2.038676e+04 2.036171e+04 
1.912121e-02 2.030467e+04 2.019506e+04 
2.214141e-02 1.973806e+04 1.957409e+04 
2.516162e-02 1.886499e+04 1.872803e+04 
2.818182e-02 1.782815e+04 1.780767e+04 
3.120202e-02 1.673696e+04 1.689097e+04 
3.422222e-02 1.566973e+04 1.601060e+04 
3.724242e-02 1.467884e+04 1.517724e+04 
4.026263e-02 1.379051e+04 1.439262e+04 
4.328283e-02 1.300619e+04 1.365522e+04 
4.630303e-02 1.234009e+04 1.296261e+04 
4.932323e-02 1.177964e+04 1.231213e+04 
5.234343e-02 1.129179e+04 1.170124e+04 
5.536364e-02 1.085473e+04 1.112747e+04 
5.838384e-02 1.045119e+04 1.058851e+04 
6.140404e-02 1.006529e+04 1.008214e+04 
6.442424e-02 9.680894e+03 9.606286e+03 
6.744444e-02 9.287648e+03 9.158954e+03 
7.046465e-02 8.880999e+03 8.738274e+03 
7.348485e-02 8.461705e+03 8.342485e+03 
7.650505e-02 8.035420e+03 7.969930e+03 
7.952525e-02 7.610827e+03 7.619056e+03 
8.254545e-02 7.197878e+03 7.288414e+03 
8.556566e-02 6.804931e+03 6.976649e+03 
8.858586e-02 6.438572e+03 6.682499e+03 
9.160606e-02 6.103576e+03 6.404793e+03 
9.462626e-02 5.803059e+03 6.142438e+03 
9.764646e-02 5.538413e+03 5.894422e+03 
1.006667e-01 5.309334e+03 5.659806e+03 
1.036869e-01 5.112970e+03 5.437716e+03 
1.067071e-01 4.944175e+03 5.227343e+03 
1.097273e-01 4.796368e+03 5.027937e+03 
1.127475e-01 4.662336e+03 4.838799e+03 
1.157677e-01 4.535732e+03 4.659285e+03 
1.187879e-01 4.411084e+03 4.488793e+03 
1.218081e-01 4.284920e+03 4.326766e+03 
1.248283e-01 4.154859e+03 4.172686e+03 
1.278485e-01 4.019976e+03 4.026072e+03 
1.308687e-01 3.880372e+03 3.886476e+03 
1.338889e-01 3.737369e+03 3.753482e+03 
1.369091e-01 3.593003e+03 3.626703e+03 
1.399293e-01 3.449891e+03 3.505777e+03 
1.429495e-01 3.310678e+03 3.390368e+03 
1.459697e-01 3.177893e+03 3.280161e+03 
1.489899e-01 3.053373e+03 3.174866e+03 
1.520101e-01 2.938529e+03 3.074206e+03 
1.550303e-01 2.834184e+03 2.977929e+03 
1.580505e-01 2.740680e+03 2.885793e+03 
1.610707e-01 2.657565e+03 2.797577e+03 
1.640909e-01 2.583860e+03 2.713071e+03 
1.671111e-01 2.517955e+03 2.632079e+03 
1.701313e-01 2.457976e+03 2.554417e+03 
1.731515e-01 2.401869e+03 2.479913e+03 
1.761717e-01 2.347937e+03 2.408406e+03 
1.791919e-01 2.294774e+03 2.339743e+03 
1.822121e-01 2.241390e+03 2.273783e+03 
1.852323e-01 2.187058e+03 2.210390e+03 
1.882525e-01 2.131432e+03 2.149439e+03 
1.912727e-01 2.074430e+03 2.090812e+03 
1.942929e-01 2.016392e+03 2.034396e+03 
1.973131e-01 1.957877e+03 1.980085e+03 
2.003333e-01 1.899689e+03 1.927781e+03 
2.033535e-01 1.842675e+03 1.877390e+03 
2.063737e-01 1.787692e+03 1.828823e+03 
2.093939e-01 1.735357e+03 1.781997e+03 
2.124141e-01 1.686106e+03 1.736832e+03 
2.154343e-01 1.640166e+03 1.693254e+03 
2.184545e-01 1.597626e+03 1.651192e+03 
2.214747e-01 1.558359e+03 1.610580e+03 
2.244949e-01 1.522120e+03 1.571353e+03 
2.275152e-01 1.488505e+03 1.533453e+03 
2.305354e-01 1.457045e+03 1.496821e+03 
2.335556e-01 1.427205e+03 1.461405e+03 
2.365758e-01 1.398508e+03 1.427152e+03 
2.395960e-01 1.370542e+03 1.394015e+03 
2.426162e-01 1.342967e+03 1.361947e+03 
2.456364e-01 1.315508e+03 1.330905e+03 
2.486566e-01 1.287983e+03 1.300846e+03 
2.516768e-01 1.260283e+03 1.271731e+03 
2.546970e-01 1.232433e+03 1.243522e+03 
2.577172e-01 1.204542e+03 1.216184e+03 
2.607374e-01 1.176849e+03 1.189682e+03 
2.637576e-01 1.149616e+03 1.163983e+03 
2.667778e-01 1.123106e+03 1.139058e+03 
2.697980e-01 1.097513e+03 1.114875e+03 
2.728182e-01 1.072956e+03 1.091407e+03 
2.758384e-01 1.049493e+03 1.068627e+03 
2.788586e-01 1.027141e+03 1.046509e+03 
2.818788e-01 1.005897e+03 1.025029e+03 
2.848990e-01 9.857405e+02 1.004163e+03 
2.879192e-01 9.666025e+02 9.838892e+02 
2.909394e-01 9.483857e+02 9.641856e+02 
2.939596e-01 9.309440e+02 9.450320e+02 
2.969798e-01 9.141176e+02 9.264087e+02 
3.000000e-01 8.977397e+02 9.082971e+02 
