1.000000e-03 4.559856e+03 4.559852e+03 
4.020202e-03 1.515403e+04 1.527434e+04 
7.040404e-03 2.212583e+04 2.229723e+04 
1.006061e-02 2.640609e+04 2.661750e+04 
1.308081e-02 2.866437e+04 2.893429e+04 
1.610101e-02 2.939327e+04 2.966706e+04 
1.912121e-02 2.898476e+04 2.913911e+04 
2.214141e-02 2.777142e+04 2.772227e+04 
2.516162e-02 2.603760e+04 2.583283e+04 
2.818182e-02 2.402393e+04 2.382312e+04 
3.120202e-02 2.192358e+04 2.190860e+04 
3.422222e-02 1.988287e+04 2.017961e+04 
3.724242e-02 1.800178e+04 1.865126e+04 
4.026263e-02 1.634248e+04 1.730590e+04 
4.328283e-02 1.492566e+04 1.611682e+04 
4.630303e-02 1.375010e+04 1.505832e+04 
4.932323e-02 1.281770e+04 1.410879e+04 
5.234343e-02 1.209374e+04 1.325093e+04 
5.536364e-02 1.153244e+04 1.247114e+04 
5.838384e-02 1.109659e+04 1.175863e+04 
6.140404e-02 1.074987e+04 1.110481e+04 
6.442424e-02 1.045497e+04 1.050267e+04 
6.744444e-02 1.017661e+04 9.946459e+03 
7.046465e-02 9.887718e+03 9.431336e+03 
7.348485e-02 9.568141e+03 8.953192e+03 
7.650505e-02 9.205503e+03 8.508493e+03 
7.952525e-02 8.796558e+03 8.094164e+03 
8.254545e-02 8.346340e+03 7.707510e+03 
8.556566e-02 7.865677e+03 7.346148e+03 
8.858586e-02 7.369180e+03 7.007961e+03 
9.160606e-02 6.872772e+03 6.691055e+03 
9.462626e-02 6.391932e+03 6.393732e+03 
9.764646e-02 5.941166e+03 6.114462e+03 
1.006667e-01 5.532168e+03 5.851861e+03 
1.036869e-01 5.173770e+03 5.604676e+03 
1.067071e-01 4.869786e+03 5.371768e+03 
1.097273e-01 4.620581e+03 5.152101e+03 
1.127475e-01 4.422830e+03 4.944728e+03 
1.157677e-01 4.270439e+03 4.748784e+03 
1.187879e-01 4.155466e+03 4.563479e+03 
1.218081e-01 4.069342e+03 4.388087e+03 
1.248283e-01 4.003226e+03 4.221940e+03 
1.278485e-01 3.948111e+03 4.064428e+03 
1.308687e-01 3.895515e+03 3.914985e+03 
1.338889e-01 3.837842e+03 3.773091e+03 
1.369091e-01 3.769108e+03 3.638268e+03 
1.399293e-01 3.684931e+03 3.510070e+03 
1.429495e-01 3.583754e+03 3.388089e+03 
1.459697e-01 3.465773e+03 3.271945e+03 
1.489899e-01 3.333236e+03 3.161285e+03 
1.520101e-01 3.189521e+03 3.055783e+03 
1.550303e-01 3.039153e+03 2.955135e+03 
1.580505e-01 2.886973e+03 2.859061e+03 
1.610707e-01 2.737944e+03 2.767297e+03 
1.640909e-01 2.596699e+03 2.679600e+03 
1.671111e-01 2.467300e+03 2.595741e+03 
1.701313e-01 2.352406e+03 2.515508e+03 
1.731515e-01 2.253580e+03 2.438703e+03 
1.761717e-01 2.171025e+03 2.365141e+03 
1.791919e-01 2.103922e+03 2.294649e+03 
1.822121e-01 2.050633e+03 2.227063e+03 
1.852323e-01 2.009086e+03 2.162234e+03 
1.882525e-01 1.976929e+03 2.100017e+03 
1.912727e-01 1.951483e+03 2.040280e+03 
1.942929e-01 1.929975e+03 1.982897e+03 
1.973131e-01 1.909605e+03 1.927751e+03 
2.003333e-01 1.887805e+03 1.874732e+03 
2.033535e-01 1.862315e+03 1.823734e+03 
2.063737e-01 1.831659e+03 1.774661e+03 
2.093939e-01 1.794958e+03 1.727419e+03 
2.124141e-01 1.752186e+03 1.681923e+03 
2.154343e-01 1.703841e+03 1.638090e+03 
2.184545e-01 1.651024e+03 1.595844e+03 
2.214747e-01 1.595102e+03 1.555110e+03 
2.244949e-01 1.537642e+03 1.515821e+03 
2.275152e-01 1.480285e+03 1.477910e+03 
2.305354e-01 1.424638e+03 1.441318e+03 
2.335556e-01 1.372037e+03 1.405984e+03 
2.365758e-01 1.323593e+03 1.371855e+03 
2.395960e-01 1.280090e+03 1.338878e+03 
2.426162e-01 1.241955e+03 1.307003e+03 
2.456364e-01 1.209255e+03 1.276183e+03 
2.486566e-01 1.181743e+03 1.246375e+03 
2.516768e-01 1.158950e+03 1.217535e+03 
2.546970e-01 1.140110e+03 1.189624e+03 
2.577172e-01 1.124328e+03 1.162604e+03 
2.607374e-01 1.110595e+03 1.136437e+03 
2.637576e-01 1.097900e+03 1.111091e+03 
2.667778e-01 1.085263e+03 1.086532e+03 
2.697980e-01 1.071899e+03 1.062729e+03 
2.728182e-01 1.057184e+03 1.039652e+03 
2.758384e-01 1.040727e+03 1.017273e+03 
2.788586e-01 1.022305e+03 9.955655e+02 
2.818788e-01 1.001926e+03 9.745032e+02 
2.848990e-01 9.797582e+02 9.540619e+02 
2.879192e-01 9.561299e+02 9.342181e+02 
2.909394e-01 9.314909e+02 9.149495e+02 
2.939596e-01 9.063728e+02 8.962350e+02 
2.969798e-01 8.813670e+02 8.780541e+02 
3.000000e-01 8.570422e+02 8.603874e+02 
