1.000000e-03 3.835188e+03 3.835184e+03 
4.020202e-03 1.293388e+04 1.303658e+04 
7.040404e-03 1.893915e+04 1.907642e+04 
1.006061e-02 2.262822e+04 2.277567e+04 
1.308081e-02 2.459092e+04 2.474902e+04 
1.610101e-02 2.526267e+04 2.538410e+04 
1.912121e-02 2.498751e+04 2.499640e+04 
2.214141e-02 2.405247e+04 2.393026e+04 
2.516162e-02 2.269771e+04 2.252812e+04 
2.818182e-02 2.112273e+04 2.104637e+04 
3.120202e-02 1.948449e+04 1.962571e+04 
3.422222e-02 1.789886e+04 1.832019e+04 
3.724242e-02 1.644271e+04 1.713814e+04 
4.026263e-02 1.516190e+04 1.606984e+04 
4.328283e-02 1.407055e+04 1.510103e+04 
4.630303e-02 1.316048e+04 1.421812e+04 
4.932323e-02 1.243144e+04 1.340956e+04 
5.234343e-02 1.185315e+04 1.266596e+04 
5.536364e-02 1.138057e+04 1.197970e+04 
5.838384e-02 1.098781e+04 1.134450e+04 
6.140404e-02 1.064213e+04 1.075517e+04 
6.442424e-02 1.031196e+04 1.020727e+04 
6.744444e-02 9.975790e+03 9.697014e+03 
7.046465e-02 9.617169e+03 9.221078e+03 
7.348485e-02 9.226556e+03 8.776541e+03 
7.650505e-02 8.802225e+03 8.360805e+03 
7.952525e-02 8.349496e+03 7.971547e+03 
8.254545e-02 7.878924e+03 7.606673e+03 
8.556566e-02 7.404032e+03 7.264293e+03 
8.858586e-02 6.938650e+03 6.942695e+03 
9.160606e-02 6.495569e+03 6.640320e+03 
9.462626e-02 6.085743e+03 6.355750e+03 
9.764646e-02 5.717928e+03 6.087690e+03 
1.006667e-01 5.397494e+03 5.834956e+03 
1.036869e-01 5.126553e+03 5.596463e+03 
1.067071e-01 4.903316e+03 5.371218e+03 
1.097273e-01 4.723415e+03 5.158309e+03 
1.127475e-01 4.579447e+03 4.956896e+03 
1.157677e-01 4.463132e+03 4.766208e+03 
1.187879e-01 4.365956e+03 4.585535e+03 
1.218081e-01 4.279661e+03 4.414221e+03 
1.248283e-01 4.196428e+03 4.251663e+03 
1.278485e-01 4.109784e+03 4.097301e+03 
1.308687e-01 4.014500e+03 3.950619e+03 
1.338889e-01 3.907512e+03 3.811140e+03 
1.369091e-01 3.787366e+03 3.678420e+03 
1.399293e-01 3.655148e+03 3.552049e+03 
1.429495e-01 3.513186e+03 3.431646e+03 
1.459697e-01 3.365077e+03 3.316857e+03 
1.489899e-01 3.214706e+03 3.207354e+03 
1.520101e-01 3.066102e+03 3.102831e+03 
1.550303e-01 2.923145e+03 3.003003e+03 
1.580505e-01 2.789448e+03 2.907603e+03 
1.610707e-01 2.667807e+03 2.816386e+03 
1.640909e-01 2.560258e+03 2.729119e+03 
1.671111e-01 2.467598e+03 2.645588e+03 
1.701313e-01 2.389516e+03 2.565589e+03 
1.731515e-01 2.324489e+03 2.488935e+03 
1.761717e-01 2.270430e+03 2.415449e+03 
1.791919e-01 2.224899e+03 2.344965e+03 
1.822121e-01 2.185423e+03 2.277329e+03 
1.852323e-01 2.149576e+03 2.212394e+03 
1.882525e-01 2.115126e+03 2.150025e+03 
1.912727e-01 2.080007e+03 2.090092e+03 
1.942929e-01 2.042401e+03 2.032476e+03 
1.973131e-01 2.001013e+03 1.977063e+03 
2.003333e-01 1.955113e+03 1.923745e+03 
2.033535e-01 1.904763e+03 1.872424e+03 
2.063737e-01 1.850563e+03 1.823003e+03 
2.093939e-01 1.793684e+03 1.775393e+03 
2.124141e-01 1.735469e+03 1.729510e+03 
2.154343e-01 1.677285e+03 1.685275e+03 
2.184545e-01 1.620425e+03 1.642613e+03 
2.214747e-01 1.566070e+03 1.601452e+03 
2.244949e-01 1.515154e+03 1.561725e+03 
2.275152e-01 1.468387e+03 1.523369e+03 
2.305354e-01 1.426180e+03 1.486323e+03 
2.335556e-01 1.388716e+03 1.450531e+03 
2.365758e-01 1.355808e+03 1.415938e+03 
2.395960e-01 1.327057e+03 1.382494e+03 
2.426162e-01 1.301826e+03 1.350150e+03 
2.456364e-01 1.279363e+03 1.318859e+03 
2.486566e-01 1.258831e+03 1.288579e+03 
2.516768e-01 1.239390e+03 1.259267e+03 
2.546970e-01 1.220232e+03 1.230884e+03 
2.577172e-01 1.200700e+03 1.203393e+03 
2.607374e-01 1.180273e+03 1.176758e+03 
2.637576e-01 1.158655e+03 1.150944e+03 
2.667778e-01 1.135730e+03 1.125920e+03 
2.697980e-01 1.111592e+03 1.101655e+03 
2.728182e-01 1.086462e+03 1.078119e+03 
2.758384e-01 1.060653e+03 1.055285e+03 
2.788586e-01 1.034557e+03 1.033125e+03 
2.818788e-01 1.008591e+03 1.011615e+03 
2.848990e-01 9.831689e+02 9.907294e+02 
2.879192e-01 9.586746e+02 9.704457e+02 
2.909394e-01 9.354353e+02 9.507417e+02 
2.939596e-01 9.136830e+02 9.315962e+02 
2.969798e-01 8.935459e+02 9.129890e+02 
3.000000e-01 8.750479e+02 8.949007e+02 
