1.000000e-03 5.813461e+03 5.813456e+03 
4.020202e-03 2.002802e+04 2.018788e+04 
7.040404e-03 2.968650e+04 2.993750e+04 
1.006061e-02 3.574079e+04 3.610986e+04 
1.308081e-02 3.897719e+04 3.953520e+04 
1.610101e-02 4.000877e+04 4.069306e+04 
1.912121e-02 3.935099e+04 3.992496e+04 
2.214141e-02 3.746138e+04 3.766673e+04 
2.516162e-02 3.475223e+04 3.451206e+04 
2.818182e-02 3.158421e+04 3.106751e+04 
3.120202e-02 2.825799e+04 2.777305e+04 
3.422222e-02 2.500804e+04 2.484702e+04 
3.724242e-02 2.200139e+04 2.234211e+04 
4.026263e-02 1.934301e+04 2.022575e+04 
4.328283e-02 1.707439e+04 1.843651e+04 
4.630303e-02 1.520664e+04 1.691203e+04 
4.932323e-02 1.373242e+04 1.559923e+04 
5.234343e-02 1.260912e+04 1.445599e+04 
5.536364e-02 1.177989e+04 1.344988e+04 
5.838384e-02 1.118893e+04 1.255614e+04 
6.140404e-02 1.078764e+04 1.175578e+04 
6.442424e-02 1.051950e+04 1.103409e+04 
6.744444e-02 1.033212e+04 1.037953e+04 
7.046465e-02 1.018041e+04 9.782882e+03 
7.348485e-02 1.002327e+04 9.236725e+03 
7.650505e-02 9.827302e+03 8.734952e+03 
7.952525e-02 9.568477e+03 8.272489e+03 
8.254545e-02 9.233472e+03 7.845065e+03 
8.556566e-02 8.820609e+03 7.449044e+03 
8.858586e-02 8.337923e+03 7.081303e+03 
9.160606e-02 7.801283e+03 6.739137e+03 
9.462626e-02 7.232104e+03 6.420181e+03 
9.764646e-02 6.653667e+03 6.122361e+03 
1.006667e-01 6.089971e+03 5.843839e+03 
1.036869e-01 5.561619e+03 5.582985e+03 
1.067071e-01 5.085626e+03 5.338346e+03 
1.097273e-01 4.672459e+03 5.108616e+03 
1.127475e-01 4.327738e+03 4.892626e+03 
1.157677e-01 4.051649e+03 4.689319e+03 
1.187879e-01 3.840865e+03 4.497739e+03 
1.218081e-01 3.689533e+03 4.317020e+03 
1.248283e-01 3.589890e+03 4.146374e+03 
1.278485e-01 3.533024e+03 3.985085e+03 
1.308687e-01 3.508754e+03 3.832497e+03 
1.338889e-01 3.506259e+03 3.688013e+03 
1.369091e-01 3.514280e+03 3.551083e+03 
1.399293e-01 3.522051e+03 3.421206e+03 
1.429495e-01 3.519668e+03 3.297918e+03 
1.459697e-01 3.499379e+03 3.180795e+03 
1.489899e-01 3.455415e+03 3.069443e+03 
1.520101e-01 3.384587e+03 2.963502e+03 
1.550303e-01 3.286318e+03 2.862636e+03 
1.580505e-01 3.162311e+03 2.766537e+03 
1.610707e-01 3.016901e+03 2.674919e+03 
1.640909e-01 2.855977e+03 2.587514e+03 
1.671111e-01 2.687006e+03 2.504078e+03 
1.701313e-01 2.517481e+03 2.424380e+03 
1.731515e-01 2.354491e+03 2.348208e+03 
1.761717e-01 2.203608e+03 2.275363e+03 
1.791919e-01 2.069102e+03 2.205660e+03 
1.822121e-01 1.953362e+03 2.138927e+03 
1.852323e-01 1.857635e+03 2.075003e+03 
1.882525e-01 1.781930e+03 2.013737e+03 
1.912727e-01 1.725448e+03 1.954988e+03 
1.942929e-01 1.686688e+03 1.898626e+03 
1.973131e-01 1.663332e+03 1.844525e+03 
2.003333e-01 1.652525e+03 1.792572e+03 
2.033535e-01 1.650789e+03 1.742656e+03 
2.063737e-01 1.654426e+03 1.694677e+03 
2.093939e-01 1.659625e+03 1.648539e+03 
2.124141e-01 1.662907e+03 1.604150e+03 
2.154343e-01 1.661173e+03 1.561428e+03 
2.184545e-01 1.652082e+03 1.520292e+03 
2.214747e-01 1.633955e+03 1.480667e+03 
2.244949e-01 1.606014e+03 1.442482e+03 
2.275152e-01 1.568297e+03 1.405671e+03 
2.305354e-01 1.521602e+03 1.370170e+03 
2.335556e-01 1.467490e+03 1.335920e+03 
2.365758e-01 1.407976e+03 1.302865e+03 
2.395960e-01 1.345489e+03 1.270951e+03 
2.426162e-01 1.282463e+03 1.240128e+03 
2.456364e-01 1.221211e+03 1.210349e+03 
2.486566e-01 1.163712e+03 1.181568e+03 
2.516768e-01 1.111616e+03 1.153742e+03 
2.546970e-01 1.066000e+03 1.126832e+03 
2.577172e-01 1.027537e+03 1.100798e+03 
2.607374e-01 9.963966e+02 1.075605e+03 
2.637576e-01 9.723649e+02 1.051216e+03 
2.667778e-01 9.548733e+02 1.027601e+03 
2.697980e-01 9.430504e+02 1.004726e+03 
2.728182e-01 9.358370e+02 9.825636e+02 
2.758384e-01 9.319976e+02 9.610840e+02 
2.788586e-01 9.302384e+02 9.402606e+02 
2.818788e-01 9.292376e+02 9.200678e+02 
2.848990e-01 9.277502e+02 9.004813e+02 
2.879192e-01 9.246308e+02 8.814776e+02 
2.909394e-01 9.189578e+02 8.630346e+02 
2.939596e-01 9.100304e+02 8.451312e+02 
2.969798e-01 8.974940e+02 8.277471e+02 
3.000000e-01 8.812907e+02 8.108631e+02 
