1.000000e-03 5.796950e+03 5.796945e+03 
4.020202e-03 1.997275e+04 2.012024e+04 
7.040404e-03 2.960553e+04 2.984002e+04 
1.006061e-02 3.564404e+04 3.610313e+04 
1.308081e-02 3.887227e+04 3.994464e+04 
1.610101e-02 3.990154e+04 4.210824e+04 
1.912121e-02 3.924592e+04 4.311123e+04 
2.214141e-02 3.736167e+04 4.331283e+04 
2.516162e-02 3.465999e+04 4.296344e+04 
2.818182e-02 3.150058e+04 4.223874e+04 
3.120202e-02 2.818334e+04 4.126282e+04 
3.422222e-02 2.494210e+04 4.012390e+04 
3.724242e-02 2.194349e+04 3.888498e+04 
4.026263e-02 1.929219e+04 3.759113e+04 
4.328283e-02 1.702960e+04 3.627456e+04 
4.630303e-02 1.516682e+04 3.495817e+04 
4.932323e-02 1.369651e+04 3.365815e+04 
5.234343e-02 1.257619e+04 3.238573e+04 
5.536364e-02 1.174916e+04 3.114853e+04 
5.838384e-02 1.115977e+04 2.995151e+04 
6.140404e-02 1.075956e+04 2.879772e+04 
6.442424e-02 1.049215e+04 2.768875e+04 
6.744444e-02 1.030528e+04 2.662517e+04 
7.046465e-02 1.015399e+04 2.560680e+04 
7.348485e-02 9.997289e+03 2.463292e+04 
7.650505e-02 9.801849e+03 2.370243e+04 
7.952525e-02 9.543716e+03 2.281398e+04 
8.254545e-02 9.209597e+03 2.196606e+04 
8.556566e-02 8.797820e+03 2.115704e+04 
8.858586e-02 8.316398e+03 2.038526e+04 
9.160606e-02 7.781159e+03 1.964904e+04 
9.462626e-02 7.213461e+03 1.894669e+04 
9.764646e-02 6.636528e+03 1.827660e+04 
1.006667e-01 6.074294e+03 1.763715e+04 
1.036869e-01 5.547312e+03 1.702681e+04 
1.067071e-01 5.072551e+03 1.644410e+04 
1.097273e-01 4.660454e+03 1.588760e+04 
1.127475e-01 4.316625e+03 1.535596e+04 
1.157677e-01 4.041252e+03 1.484790e+04 
1.187879e-01 3.831015e+03 1.436219e+04 
1.218081e-01 3.680076e+03 1.389767e+04 
1.248283e-01 3.580693e+03 1.345326e+04 
1.278485e-01 3.523978e+03 1.302791e+04 
1.308687e-01 3.499775e+03 1.262064e+04 
1.338889e-01 3.497291e+03 1.223053e+04 
1.369091e-01 3.505296e+03 1.185670e+04 
1.399293e-01 3.513051e+03 1.149833e+04 
1.429495e-01 3.510679e+03 1.115464e+04 
1.459697e-01 3.490446e+03 1.082489e+04 
1.489899e-01 3.446599e+03 1.050840e+04 
1.520101e-01 3.375955e+03 1.020450e+04 
1.550303e-01 3.277941e+03 9.912584e+03 
1.580505e-01 3.154253e+03 9.632066e+03 
1.610707e-01 3.009217e+03 9.362396e+03 
1.640909e-01 2.848705e+03 9.103053e+03 
1.671111e-01 2.680168e+03 8.853547e+03 
1.701313e-01 2.511077e+03 8.613415e+03 
1.731515e-01 2.348504e+03 8.382218e+03 
1.761717e-01 2.198007e+03 8.159542e+03 
1.791919e-01 2.063844e+03 7.944995e+03 
1.822121e-01 1.948400e+03 7.738206e+03 
1.852323e-01 1.852918e+03 7.538824e+03 
1.882525e-01 1.777408e+03 7.346518e+03 
1.912727e-01 1.721070e+03 7.160972e+03 
1.942929e-01 1.682410e+03 6.981888e+03 
1.973131e-01 1.659115e+03 6.808984e+03 
2.003333e-01 1.648337e+03 6.641992e+03 
2.033535e-01 1.646607e+03 6.480657e+03 
2.063737e-01 1.650236e+03 6.324739e+03 
2.093939e-01 1.655423e+03 6.174008e+03 
2.124141e-01 1.658698e+03 6.028246e+03 
2.154343e-01 1.656970e+03 5.887248e+03 
2.184545e-01 1.647904e+03 5.750816e+03 
2.214747e-01 1.629824e+03 5.618765e+03 
2.244949e-01 1.601954e+03 5.490916e+03 
2.275152e-01 1.564334e+03 5.367100e+03 
2.305354e-01 1.517758e+03 5.247156e+03 
2.335556e-01 1.463784e+03 5.130932e+03 
2.365758e-01 1.404421e+03 5.018280e+03 
2.395960e-01 1.342093e+03 4.909063e+03 
2.426162e-01 1.279227e+03 4.803147e+03 
2.456364e-01 1.218130e+03 4.700406e+03 
2.486566e-01 1.160777e+03 4.600719e+03 
2.516768e-01 1.108814e+03 4.503971e+03 
2.546970e-01 1.063313e+03 4.410053e+03 
2.577172e-01 1.024948e+03 4.318858e+03 
2.607374e-01 9.938864e+02 4.230287e+03 
2.637576e-01 9.699159e+02 4.144244e+03 
2.667778e-01 9.524690e+02 4.060637e+03 
2.697980e-01 9.406764e+02 3.979379e+03 
2.728182e-01 9.334818e+02 3.900385e+03 
2.758384e-01 9.296527e+02 3.823576e+03 
2.788586e-01 9.278985e+02 3.748874e+03 
2.818788e-01 9.269007e+02 3.676206e+03 
2.848990e-01 9.254177e+02 3.605502e+03 
2.879192e-01 9.223067e+02 3.536693e+03 
2.909394e-01 9.166485e+02 3.469716e+03 
2.939596e-01 9.077440e+02 3.404507e+03 
2.969798e-01 8.952397e+02 3.341009e+03 
3.000000e-01 8.790777e+02 3.279162e+03 
