1.000000e-03 3.511947e+03 3.511944e+03 
4.020202e-03 1.174044e+04 1.183295e+04 
7.040404e-03 1.708882e+04 1.720217e+04 
1.006061e-02 2.033123e+04 2.042992e+04 
1.308081e-02 2.203848e+04 2.211115e+04 
1.610101e-02 2.262185e+04 2.263130e+04 
1.912121e-02 2.239900e+04 2.230858e+04 
2.214141e-02 2.162636e+04 2.146218e+04 
2.516162e-02 2.051336e+04 2.037110e+04 
2.818182e-02 1.922861e+04 1.922045e+04 
3.120202e-02 1.790095e+04 1.810317e+04 
3.422222e-02 1.662238e+04 1.705401e+04 
3.724242e-02 1.545151e+04 1.608016e+04 
4.026263e-02 1.442023e+04 1.517845e+04 
4.328283e-02 1.353712e+04 1.434279e+04 
4.630303e-02 1.279113e+04 1.356698e+04 
4.932323e-02 1.217344e+04 1.284548e+04 
5.234343e-02 1.166049e+04 1.217346e+04 
5.536364e-02 1.121383e+04 1.154672e+04 
5.838384e-02 1.080944e+04 1.096158e+04 
6.140404e-02 1.042516e+04 1.041475e+04 
6.442424e-02 1.004013e+04 9.903282e+03 
6.744444e-02 9.642039e+03 9.424488e+03 
7.046465e-02 9.224378e+03 8.975923e+03 
7.348485e-02 8.786180e+03 8.555346e+03 
7.650505e-02 8.332869e+03 8.160699e+03 
7.952525e-02 7.874257e+03 7.790092e+03 
8.254545e-02 7.421939e+03 7.441786e+03 
8.556566e-02 6.987273e+03 7.114181e+03 
8.858586e-02 6.579712e+03 6.805802e+03 
9.160606e-02 6.206811e+03 6.515294e+03 
9.462626e-02 5.873990e+03 6.241404e+03 
9.764646e-02 5.583809e+03 5.982983e+03 
1.006667e-01 5.336535e+03 5.738966e+03 
1.036869e-01 5.128847e+03 5.508377e+03 
1.067071e-01 4.955219e+03 5.290310e+03 
1.097273e-01 4.807895e+03 5.083932e+03 
1.127475e-01 4.678965e+03 4.888472e+03 
1.157677e-01 4.560672e+03 4.703220e+03 
1.187879e-01 4.446450e+03 4.527516e+03 
1.218081e-01 4.330714e+03 4.360753e+03 
1.248283e-01 4.209681e+03 4.202366e+03 
1.278485e-01 4.080895e+03 4.051833e+03 
1.308687e-01 3.943888e+03 3.908670e+03 
1.338889e-01 3.799628e+03 3.772427e+03 
1.369091e-01 3.650646e+03 3.642688e+03 
1.399293e-01 3.500108e+03 3.519066e+03 
1.429495e-01 3.351527e+03 3.401199e+03 
1.459697e-01 3.207935e+03 3.288752e+03 
1.489899e-01 3.072023e+03 3.181414e+03 
1.520101e-01 2.945995e+03 3.078893e+03 
1.550303e-01 2.831614e+03 2.980919e+03 
1.580505e-01 2.729890e+03 2.887237e+03 
1.610707e-01 2.640987e+03 2.797612e+03 
1.640909e-01 2.564021e+03 2.711822e+03 
1.671111e-01 2.497299e+03 2.629662e+03 
1.701313e-01 2.438530e+03 2.550937e+03 
1.731515e-01 2.385313e+03 2.475467e+03 
1.761717e-01 2.335332e+03 2.403081e+03 
1.791919e-01 2.286801e+03 2.333621e+03 
1.822121e-01 2.238219e+03 2.266938e+03 
1.852323e-01 2.188438e+03 2.202891e+03 
1.882525e-01 2.136609e+03 2.141348e+03 
1.912727e-01 2.082262e+03 2.082186e+03 
1.942929e-01 2.025448e+03 2.025288e+03 
1.973131e-01 1.966678e+03 1.970545e+03 
2.003333e-01 1.906891e+03 1.917853e+03 
2.033535e-01 1.847234e+03 1.867114e+03 
2.063737e-01 1.788887e+03 1.818237e+03 
2.093939e-01 1.732896e+03 1.771136e+03 
2.124141e-01 1.679960e+03 1.725728e+03 
2.154343e-01 1.630575e+03 1.681937e+03 
2.184545e-01 1.585014e+03 1.639689e+03 
2.214747e-01 1.543353e+03 1.598915e+03 
2.244949e-01 1.505497e+03 1.559550e+03 
2.275152e-01 1.471110e+03 1.521532e+03 
2.305354e-01 1.439720e+03 1.484802e+03 
2.335556e-01 1.410734e+03 1.449305e+03 
2.365758e-01 1.383522e+03 1.414989e+03 
2.395960e-01 1.357433e+03 1.381803e+03 
2.426162e-01 1.331876e+03 1.349700e+03 
2.456364e-01 1.306358e+03 1.318635e+03 
2.486566e-01 1.280528e+03 1.288565e+03 
2.516768e-01 1.254169e+03 1.259450e+03 
2.546970e-01 1.227248e+03 1.231252e+03 
2.577172e-01 1.199847e+03 1.203932e+03 
2.607374e-01 1.172191e+03 1.177457e+03 
2.637576e-01 1.144556e+03 1.151793e+03 
2.667778e-01 1.117259e+03 1.126909e+03 
2.697980e-01 1.090591e+03 1.102774e+03 
2.728182e-01 1.064796e+03 1.079360e+03 
2.758384e-01 1.040079e+03 1.056639e+03 
2.788586e-01 1.016604e+03 1.034585e+03 
2.818788e-01 9.944548e+02 1.013172e+03 
2.848990e-01 9.736560e+02 9.923780e+02 
2.879192e-01 9.541454e+02 9.721792e+02 
2.909394e-01 9.358166e+02 9.525540e+02 
2.939596e-01 9.185128e+02 9.334815e+02 
2.969798e-01 9.020538e+02 9.149420e+02 
3.000000e-01 8.862385e+02 8.969164e+02 
