1.000000e-03 4.392081e+03 4.392077e+03 
4.020202e-03 1.463227e+04 1.477817e+04 
7.040404e-03 2.131856e+04 2.157932e+04 
1.006061e-02 2.537330e+04 2.580903e+04 
1.308081e-02 2.746642e+04 2.826998e+04 
1.610101e-02 2.809214e+04 2.951886e+04 
1.912121e-02 2.764002e+04 2.994837e+04 
2.214141e-02 2.643846e+04 2.983691e+04 
2.516162e-02 2.476669e+04 2.937468e+04 
2.818182e-02 2.285506e+04 2.868786e+04 
3.120202e-02 2.088653e+04 2.786039e+04 
3.422222e-02 1.899581e+04 2.694908e+04 
3.724242e-02 1.727205e+04 2.599307e+04 
4.026263e-02 1.576781e+04 2.501951e+04 
4.328283e-02 1.449428e+04 2.404728e+04 
4.630303e-02 1.344790e+04 2.308939e+04 
4.932323e-02 1.262651e+04 2.215465e+04 
5.234343e-02 1.198642e+04 2.124886e+04 
5.536364e-02 1.148332e+04 2.037567e+04 
5.838384e-02 1.108291e+04 1.953714e+04 
6.140404e-02 1.074607e+04 1.873422e+04 
6.442424e-02 1.043734e+04 1.796706e+04 
6.744444e-02 1.012726e+04 1.723524e+04 
7.046465e-02 9.793427e+03 1.653795e+04 
7.348485e-02 9.421769e+03 1.587413e+04 
7.650505e-02 9.006897e+03 1.524252e+04 
7.952525e-02 8.551811e+03 1.464179e+04 
8.254545e-02 8.066902e+03 1.407053e+04 
8.556566e-02 7.566445e+03 1.352733e+04 
8.858586e-02 7.066379e+03 1.301078e+04 
9.160606e-02 6.582567e+03 1.251952e+04 
9.462626e-02 6.129095e+03 1.205220e+04 
9.764646e-02 5.717915e+03 1.160755e+04 
1.006667e-01 5.357160e+03 1.118432e+04 
1.036869e-01 5.051146e+03 1.078136e+04 
1.067071e-01 4.799960e+03 1.039754e+04 
1.097273e-01 4.599745e+03 1.003181e+04 
1.127475e-01 4.444000e+03 9.683165e+03 
1.157677e-01 4.324289e+03 9.350671e+03 
1.187879e-01 4.231520e+03 9.033436e+03 
1.218081e-01 4.156372e+03 8.730624e+03 
1.248283e-01 4.089826e+03 8.441448e+03 
1.278485e-01 4.023384e+03 8.165166e+03 
1.308687e-01 3.950027e+03 7.901082e+03 
1.338889e-01 3.864177e+03 7.648541e+03 
1.369091e-01 3.762946e+03 7.406928e+03 
1.399293e-01 3.645381e+03 7.175665e+03 
1.429495e-01 3.513043e+03 6.954207e+03 
1.459697e-01 3.368879e+03 6.742043e+03 
1.489899e-01 3.216996e+03 6.538693e+03 
1.520101e-01 3.062022e+03 6.343704e+03 
1.550303e-01 2.908789e+03 6.156651e+03 
1.580505e-01 2.762004e+03 5.977133e+03 
1.610707e-01 2.625886e+03 5.804774e+03 
1.640909e-01 2.503745e+03 5.639218e+03 
1.671111e-01 2.397524e+03 5.480132e+03 
1.701313e-01 2.307808e+03 5.327199e+03 
1.731515e-01 2.233853e+03 5.180123e+03 
1.761717e-01 2.174112e+03 5.038624e+03 
1.791919e-01 2.126321e+03 4.902437e+03 
1.822121e-01 2.087975e+03 4.771311e+03 
1.852323e-01 2.056416e+03 4.645012e+03 
1.882525e-01 2.028916e+03 4.523317e+03 
1.912727e-01 2.002728e+03 4.406014e+03 
1.942929e-01 1.975312e+03 4.292905e+03 
1.973131e-01 1.944444e+03 4.183800e+03 
2.003333e-01 1.908630e+03 4.078522e+03 
2.033535e-01 1.867061e+03 3.976902e+03 
2.063737e-01 1.819810e+03 3.878779e+03 
2.093939e-01 1.767585e+03 3.784001e+03 
2.124141e-01 1.711576e+03 3.692425e+03 
2.154343e-01 1.653245e+03 3.603914e+03 
2.184545e-01 1.594163e+03 3.518339e+03 
2.214747e-01 1.535919e+03 3.435576e+03 
2.244949e-01 1.479974e+03 3.355509e+03 
2.275152e-01 1.427572e+03 3.278026e+03 
2.305354e-01 1.379653e+03 3.203023e+03 
2.335556e-01 1.336870e+03 3.130398e+03 
2.365758e-01 1.299448e+03 3.060056e+03 
2.395960e-01 1.267324e+03 2.991906e+03 
2.426162e-01 1.240070e+03 2.925862e+03 
2.456364e-01 1.217044e+03 2.861841e+03 
2.486566e-01 1.197399e+03 2.799764e+03 
2.516768e-01 1.180175e+03 2.739557e+03 
2.546970e-01 1.164356e+03 2.681148e+03 
2.577172e-01 1.148977e+03 2.624469e+03 
2.607374e-01 1.133172e+03 2.569455e+03 
2.637576e-01 1.116294e+03 2.516043e+03 
2.667778e-01 1.097894e+03 2.464175e+03 
2.697980e-01 1.077743e+03 2.413793e+03 
2.728182e-01 1.055836e+03 2.364845e+03 
2.758384e-01 1.032328e+03 2.317276e+03 
2.788586e-01 1.007545e+03 2.271039e+03 
2.818788e-01 9.819083e+02 2.226086e+03 
2.848990e-01 9.559386e+02 2.182371e+03 
2.879192e-01 9.301725e+02 2.139852e+03 
2.909394e-01 9.051402e+02 2.098485e+03 
2.939596e-01 8.812890e+02 2.058232e+03 
2.969798e-01 8.589856e+02 2.019055e+03 
3.000000e-01 8.384520e+02 1.980916e+03 
