1.000000e-03 3.632141e+03 3.632138e+03 
4.020202e-03 1.217054e+04 1.226661e+04 
7.040404e-03 1.777427e+04 1.789769e+04 
1.006061e-02 2.120803e+04 2.132852e+04 
1.308081e-02 2.303935e+04 2.315139e+04 
1.610101e-02 2.368320e+04 2.374502e+04 
1.912121e-02 2.346356e+04 2.342002e+04 
2.214141e-02 2.264546e+04 2.250204e+04 
2.516162e-02 2.145076e+04 2.129606e+04 
2.818182e-02 2.005877e+04 2.001823e+04 
3.120202e-02 1.861062e+04 1.878264e+04 
3.422222e-02 1.720858e+04 1.763282e+04 
3.724242e-02 1.592013e+04 1.657691e+04 
4.026263e-02 1.478399e+04 1.560928e+04 
4.328283e-02 1.381187e+04 1.472068e+04 
4.630303e-02 1.299461e+04 1.390200e+04 
4.932323e-02 1.232910e+04 1.314534e+04 
5.234343e-02 1.178928e+04 1.244409e+04 
5.536364e-02 1.133255e+04 1.179272e+04 
5.838384e-02 1.093577e+04 1.118656e+04 
6.140404e-02 1.057236e+04 1.062157e+04 
6.442424e-02 1.021543e+04 1.009426e+04 
6.744444e-02 9.847990e+03 9.601515e+03 
7.046465e-02 9.458651e+03 9.140564e+03 
7.348485e-02 9.042316e+03 8.708914e+03 
7.650505e-02 8.601237e+03 8.304309e+03 
7.952525e-02 8.143414e+03 7.924698e+03 
8.254545e-02 7.680108e+03 7.568214e+03 
8.556566e-02 7.223989e+03 7.233149e+03 
8.858586e-02 6.786746e+03 6.917941e+03 
9.160606e-02 6.378490e+03 6.621162e+03 
9.462626e-02 6.007285e+03 6.341497e+03 
9.764646e-02 5.678641e+03 6.077742e+03 
1.006667e-01 5.395460e+03 5.828790e+03 
1.036869e-01 5.157402e+03 5.593622e+03 
1.067071e-01 4.960841e+03 5.371299e+03 
1.097273e-01 4.799551e+03 5.160959e+03 
1.127475e-01 4.665635e+03 4.961804e+03 
1.157677e-01 4.550658e+03 4.773099e+03 
1.187879e-01 4.446766e+03 4.594165e+03 
1.218081e-01 4.346839e+03 4.424376e+03 
1.248283e-01 4.244997e+03 4.263151e+03 
1.278485e-01 4.136737e+03 4.109952e+03 
1.308687e-01 4.019113e+03 3.964282e+03 
1.338889e-01 3.891170e+03 3.825679e+03 
1.369091e-01 3.753504e+03 3.693717e+03 
1.399293e-01 3.608541e+03 3.567996e+03 
1.429495e-01 3.459516e+03 3.448148e+03 
1.459697e-01 3.310151e+03 3.333829e+03 
1.489899e-01 3.164043e+03 3.224720e+03 
1.520101e-01 3.024411e+03 3.120522e+03 
1.550303e-01 2.894093e+03 3.020959e+03 
1.580505e-01 2.775492e+03 2.925770e+03 
1.610707e-01 2.670016e+03 2.834715e+03 
1.640909e-01 2.578291e+03 2.747567e+03 
1.671111e-01 2.499724e+03 2.664115e+03 
1.701313e-01 2.433002e+03 2.584162e+03 
1.731515e-01 2.375888e+03 2.507523e+03 
1.761717e-01 2.325979e+03 2.434024e+03 
1.791919e-01 2.280854e+03 2.363504e+03 
1.822121e-01 2.238332e+03 2.295809e+03 
1.852323e-01 2.196471e+03 2.230796e+03 
1.882525e-01 2.153665e+03 2.168332e+03 
1.912727e-01 2.108579e+03 2.108289e+03 
1.942929e-01 2.060375e+03 2.050549e+03 
1.973131e-01 2.008666e+03 1.995001e+03 
2.003333e-01 1.953760e+03 1.941538e+03 
2.033535e-01 1.896380e+03 1.890062e+03 
2.063737e-01 1.837645e+03 1.840479e+03 
2.093939e-01 1.778806e+03 1.792701e+03 
2.124141e-01 1.721149e+03 1.746644e+03 
2.154343e-01 1.665725e+03 1.702230e+03 
2.184545e-01 1.613412e+03 1.659384e+03 
2.214747e-01 1.564819e+03 1.618036e+03 
2.244949e-01 1.520352e+03 1.578120e+03 
2.275152e-01 1.480155e+03 1.539572e+03 
2.305354e-01 1.444124e+03 1.502333e+03 
2.335556e-01 1.411919e+03 1.466347e+03 
2.365758e-01 1.383016e+03 1.431559e+03 
2.395960e-01 1.356781e+03 1.397919e+03 
2.426162e-01 1.332494e+03 1.365380e+03 
2.456364e-01 1.309427e+03 1.333894e+03 
2.486566e-01 1.286892e+03 1.303419e+03 
2.516768e-01 1.264288e+03 1.273913e+03 
2.546970e-01 1.241133e+03 1.245337e+03 
2.577172e-01 1.217145e+03 1.217654e+03 
2.607374e-01 1.192220e+03 1.190829e+03 
2.637576e-01 1.166444e+03 1.164826e+03 
2.667778e-01 1.140018e+03 1.139615e+03 
2.697980e-01 1.113266e+03 1.115164e+03 
2.728182e-01 1.086534e+03 1.091444e+03 
2.758384e-01 1.060149e+03 1.068428e+03 
2.788586e-01 1.034423e+03 1.046088e+03 
2.818788e-01 1.009656e+03 1.024400e+03 
2.848990e-01 9.860896e+02 1.003339e+03 
2.879192e-01 9.639172e+02 9.828813e+02 
2.909394e-01 9.432224e+02 9.630059e+02 
2.939596e-01 9.240160e+02 9.436912e+02 
2.969798e-01 9.062018e+02 9.249171e+02 
3.000000e-01 8.896296e+02 9.066642e+02 
