1.000000e-03 3.125917e+03 3.125914e+03 
4.020202e-03 1.034381e+04 1.042504e+04 
7.040404e-03 1.504869e+04 1.514460e+04 
1.006061e-02 1.794161e+04 1.801079e+04 
1.308081e-02 1.952140e+04 1.954915e+04 
1.610101e-02 2.014411e+04 2.010545e+04 
1.912121e-02 2.008039e+04 1.995933e+04 
2.214141e-02 1.954460e+04 1.937488e+04 
2.516162e-02 1.871036e+04 1.857152e+04 
2.818182e-02 1.771534e+04 1.769199e+04 
3.120202e-02 1.666557e+04 1.681017e+04 
3.422222e-02 1.563619e+04 1.595785e+04 
3.724242e-02 1.467719e+04 1.514643e+04 
4.026263e-02 1.381486e+04 1.437874e+04 
4.328283e-02 1.304920e+04 1.365439e+04 
4.630303e-02 1.239258e+04 1.297183e+04 
4.932323e-02 1.183645e+04 1.232912e+04 
5.234343e-02 1.134741e+04 1.172423e+04 
5.536364e-02 1.090482e+04 1.115510e+04 
5.838384e-02 1.049285e+04 1.061970e+04 
6.140404e-02 1.009694e+04 1.011606e+04 
6.442424e-02 9.703006e+03 9.642261e+03 
6.744444e-02 9.301639e+03 9.196448e+03 
7.046465e-02 8.889063e+03 8.776856e+03 
7.348485e-02 8.466764e+03 8.381805e+03 
7.650505e-02 8.040523e+03 8.009704e+03 
7.952525e-02 7.619007e+03 7.659053e+03 
8.254545e-02 7.211445e+03 7.328445e+03 
8.556566e-02 6.825615e+03 7.016560e+03 
8.858586e-02 6.467364e+03 6.722166e+03 
9.160606e-02 6.140371e+03 6.444112e+03 
9.462626e-02 5.847023e+03 6.181329e+03 
9.764646e-02 5.588291e+03 5.932819e+03 
1.006667e-01 5.363150e+03 5.697655e+03 
1.036869e-01 5.168779e+03 5.474976e+03 
1.067071e-01 4.999779e+03 5.263982e+03 
1.097273e-01 4.849833e+03 5.063930e+03 
1.127475e-01 4.711918e+03 4.874130e+03 
1.157677e-01 4.580097e+03 4.693941e+03 
1.187879e-01 4.449533e+03 4.522766e+03 
1.218081e-01 4.317229e+03 4.360053e+03 
1.248283e-01 4.181404e+03 4.205287e+03 
1.278485e-01 4.041666e+03 4.057990e+03 
1.308687e-01 3.898418e+03 3.917715e+03 
1.338889e-01 3.753202e+03 3.784048e+03 
1.369091e-01 3.608028e+03 3.656604e+03 
1.399293e-01 3.465413e+03 3.535023e+03 
1.429495e-01 3.327796e+03 3.418969e+03 
1.459697e-01 3.197342e+03 3.308128e+03 
1.489899e-01 3.075656e+03 3.202210e+03 
1.520101e-01 2.963718e+03 3.100941e+03 
1.550303e-01 2.862028e+03 3.004065e+03 
1.580505e-01 2.770666e+03 2.911345e+03 
1.610707e-01 2.688999e+03 2.822556e+03 
1.640909e-01 2.615925e+03 2.737491e+03 
1.671111e-01 2.549761e+03 2.655952e+03 
1.701313e-01 2.488639e+03 2.577757e+03 
1.731515e-01 2.430740e+03 2.502733e+03 
1.761717e-01 2.374460e+03 2.430718e+03 
1.791919e-01 2.318674e+03 2.361560e+03 
1.822121e-01 2.262565e+03 2.295117e+03 
1.852323e-01 2.205695e+03 2.231254e+03 
1.882525e-01 2.147864e+03 2.169845e+03 
1.912727e-01 2.089115e+03 2.110771e+03 
1.942929e-01 2.029832e+03 2.053919e+03 
1.973131e-01 1.970657e+03 1.999185e+03 
2.003333e-01 1.912367e+03 1.946468e+03 
2.033535e-01 1.855773e+03 1.895674e+03 
2.063737e-01 1.801527e+03 1.846716e+03 
2.093939e-01 1.750155e+03 1.799508e+03 
2.124141e-01 1.701921e+03 1.753972e+03 
2.154343e-01 1.656948e+03 1.710032e+03 
2.184545e-01 1.615175e+03 1.667618e+03 
2.214747e-01 1.576432e+03 1.626662e+03 
2.244949e-01 1.540417e+03 1.587102e+03 
2.275152e-01 1.506727e+03 1.548876e+03 
2.305354e-01 1.474866e+03 1.511927e+03 
2.335556e-01 1.444362e+03 1.476202e+03 
2.365758e-01 1.414776e+03 1.441649e+03 
2.395960e-01 1.385775e+03 1.408219e+03 
2.426162e-01 1.357092e+03 1.375865e+03 
2.456364e-01 1.328557e+03 1.344544e+03 
2.486566e-01 1.300052e+03 1.314214e+03 
2.516768e-01 1.271541e+03 1.284835e+03 
2.546970e-01 1.243055e+03 1.256369e+03 
2.577172e-01 1.214744e+03 1.228780e+03 
2.607374e-01 1.186815e+03 1.202033e+03 
2.637576e-01 1.159541e+03 1.176097e+03 
2.667778e-01 1.133138e+03 1.150938e+03 
2.697980e-01 1.107759e+03 1.126529e+03 
2.728182e-01 1.083473e+03 1.102840e+03 
2.758384e-01 1.060289e+03 1.079844e+03 
2.788586e-01 1.038181e+03 1.057516e+03 
2.818788e-01 1.017105e+03 1.035831e+03 
2.848990e-01 9.970099e+02 1.014765e+03 
2.879192e-01 9.778289e+02 9.942956e+02 
2.909394e-01 9.594571e+02 9.744014e+02 
2.939596e-01 9.417682e+02 9.550618e+02 
2.969798e-01 9.246085e+02 9.362570e+02 
3.000000e-01 9.078379e+02 9.179681e+02 
