1.000000e-03 3.398060e+03 3.398057e+03 
4.020202e-03 1.127964e+04 1.136840e+04 
7.040404e-03 1.645909e+04 1.657184e+04 
1.006061e-02 1.966138e+04 1.976502e+04 
1.308081e-02 2.140737e+04 2.149435e+04 
1.610101e-02 2.207452e+04 2.211070e+04 
1.912121e-02 2.195529e+04 2.189799e+04 
2.214141e-02 2.128772e+04 2.114600e+04 
2.516162e-02 2.026887e+04 2.012215e+04 
2.818182e-02 1.905995e+04 1.901599e+04 
3.120202e-02 1.778609e+04 1.792958e+04 
3.422222e-02 1.653991e+04 1.690457e+04 
3.724242e-02 1.538285e+04 1.595171e+04 
4.026263e-02 1.435125e+04 1.506921e+04 
4.328283e-02 1.345904e+04 1.425141e+04 
4.630303e-02 1.269870e+04 1.349217e+04 
4.932323e-02 1.206660e+04 1.278586e+04 
5.234343e-02 1.154564e+04 1.212764e+04 
5.536364e-02 1.109673e+04 1.151331e+04 
5.838384e-02 1.069890e+04 1.093924e+04 
6.140404e-02 1.033294e+04 1.040223e+04 
6.442424e-02 9.975149e+03 9.899412e+03 
6.744444e-02 9.609871e+03 9.428199e+03 
7.046465e-02 9.227204e+03 8.986249e+03 
7.348485e-02 8.822627e+03 8.571417e+03 
7.650505e-02 8.398566e+03 8.181738e+03 
7.952525e-02 7.962466e+03 7.815407e+03 
8.254545e-02 7.524790e+03 7.470762e+03 
8.556566e-02 7.096646e+03 7.146274e+03 
8.858586e-02 6.687645e+03 6.840532e+03 
9.160606e-02 6.305779e+03 6.552236e+03 
9.462626e-02 5.957431e+03 6.280186e+03 
9.764646e-02 5.646930e+03 6.023275e+03 
1.006667e-01 5.376980e+03 5.780482e+03 
1.036869e-01 5.147120e+03 5.550861e+03 
1.067071e-01 4.954702e+03 5.333541e+03 
1.097273e-01 4.793882e+03 5.127715e+03 
1.127475e-01 4.657658e+03 4.932638e+03 
1.157677e-01 4.538115e+03 4.747620e+03 
1.187879e-01 4.428132e+03 4.572021e+03 
1.218081e-01 4.321465e+03 4.405249e+03 
1.248283e-01 4.213292e+03 4.246755e+03 
1.278485e-01 4.099879e+03 4.096031e+03 
1.308687e-01 3.979311e+03 3.952603e+03 
1.338889e-01 3.850789e+03 3.816033e+03 
1.369091e-01 3.715075e+03 3.685912e+03 
1.399293e-01 3.573930e+03 3.561862e+03 
1.429495e-01 3.430251e+03 3.443528e+03 
1.459697e-01 3.287184e+03 3.330581e+03 
1.489899e-01 3.147972e+03 3.222716e+03 
1.520101e-01 3.015412e+03 3.119645e+03 
1.550303e-01 2.891915e+03 3.021102e+03 
1.580505e-01 2.779166e+03 2.926838e+03 
1.610707e-01 2.678316e+03 2.836618e+03 
1.640909e-01 2.589635e+03 2.750226e+03 
1.671111e-01 2.512670e+03 2.667457e+03 
1.701313e-01 2.446013e+03 2.588119e+03 
1.731515e-01 2.387838e+03 2.512035e+03 
1.761717e-01 2.335993e+03 2.439035e+03 
1.791919e-01 2.288385e+03 2.368963e+03 
1.822121e-01 2.243024e+03 2.301669e+03 
1.852323e-01 2.198272e+03 2.237016e+03 
1.882525e-01 2.152730e+03 2.174872e+03 
1.912727e-01 2.105376e+03 2.115115e+03 
1.942929e-01 2.055538e+03 2.057628e+03 
1.973131e-01 2.003056e+03 2.002302e+03 
2.003333e-01 1.948206e+03 1.949035e+03 
2.033535e-01 1.891693e+03 1.897730e+03 
2.063737e-01 1.834479e+03 1.848294e+03 
2.093939e-01 1.777661e+03 1.800643e+03 
2.124141e-01 1.722223e+03 1.754695e+03 
2.154343e-01 1.669045e+03 1.710371e+03 
2.184545e-01 1.618812e+03 1.667600e+03 
2.214747e-01 1.572056e+03 1.626312e+03 
2.244949e-01 1.529080e+03 1.586442e+03 
2.275152e-01 1.489968e+03 1.547929e+03 
2.305354e-01 1.454566e+03 1.510714e+03 
2.335556e-01 1.422504e+03 1.474740e+03 
2.365758e-01 1.393267e+03 1.439957e+03 
2.395960e-01 1.366266e+03 1.406313e+03 
2.426162e-01 1.340896e+03 1.373760e+03 
2.456364e-01 1.316582e+03 1.342256e+03 
2.486566e-01 1.292788e+03 1.311755e+03 
2.516768e-01 1.269039e+03 1.282218e+03 
2.546970e-01 1.244956e+03 1.253605e+03 
2.577172e-01 1.220283e+03 1.225881e+03 
2.607374e-01 1.194931e+03 1.199009e+03 
2.637576e-01 1.168954e+03 1.172957e+03 
2.667778e-01 1.142572e+03 1.147692e+03 
2.697980e-01 1.116082e+03 1.123185e+03 
2.728182e-01 1.089821e+03 1.099407e+03 
2.758384e-01 1.064103e+03 1.076329e+03 
2.788586e-01 1.039153e+03 1.053925e+03 
2.818788e-01 1.015163e+03 1.032171e+03 
2.848990e-01 9.922919e+02 1.011043e+03 
2.879192e-01 9.706534e+02 9.905165e+02 
2.909394e-01 9.503199e+02 9.705708e+02 
2.939596e-01 9.312910e+02 9.511848e+02 
2.969798e-01 9.135117e+02 9.323384e+02 
3.000000e-01 8.968427e+02 9.140123e+02 
