1.000000e-03 6.743939e+03 6.743933e+03 
4.020202e-03 2.236263e+04 2.254320e+04 
7.040404e-03 3.250275e+04 3.277731e+04 
1.006061e-02 3.856989e+04 3.896365e+04 
1.308081e-02 4.156823e+04 4.214705e+04 
1.610101e-02 4.223455e+04 4.291738e+04 
1.912121e-02 4.116446e+04 4.169927e+04 
2.214141e-02 3.886851e+04 3.901273e+04 
2.516162e-02 3.579380e+04 3.551753e+04 
2.818182e-02 3.232140e+04 3.184091e+04 
3.120202e-02 2.876082e+04 2.840333e+04 
3.422222e-02 2.534605e+04 2.539037e+04 
3.724242e-02 2.223630e+04 2.282804e+04 
4.026263e-02 1.952625e+04 2.066788e+04 
4.328283e-02 1.724279e+04 1.884072e+04 
4.630303e-02 1.538608e+04 1.728109e+04 
4.932323e-02 1.394373e+04 1.593492e+04 
5.234343e-02 1.285817e+04 1.475999e+04 
5.536364e-02 1.206741e+04 1.372400e+04 
5.838384e-02 1.151231e+04 1.280234e+04 
6.140404e-02 1.113267e+04 1.197611e+04 
6.442424e-02 1.087063e+04 1.123061e+04 
6.744444e-02 1.067415e+04 1.055426e+04 
7.046465e-02 1.049788e+04 9.937762e+03 
7.348485e-02 1.030183e+04 9.373573e+03 
7.650505e-02 1.005414e+04 8.855458e+03 
7.952525e-02 9.733542e+03 8.378212e+03 
8.254545e-02 9.331475e+03 7.937431e+03 
8.556566e-02 8.851716e+03 7.529354e+03 
8.858586e-02 8.307990e+03 7.150736e+03 
9.160606e-02 7.721353e+03 6.798762e+03 
9.462626e-02 7.116776e+03 6.470964e+03 
9.764646e-02 6.519119e+03 6.165172e+03 
1.006667e-01 5.951907e+03 5.879465e+03 
1.036869e-01 5.433521e+03 5.612137e+03 
1.067071e-01 4.977795e+03 5.361661e+03 
1.097273e-01 4.591822e+03 5.126673e+03 
1.127475e-01 4.278322e+03 4.905943e+03 
1.157677e-01 4.034881e+03 4.698365e+03 
1.187879e-01 3.856146e+03 4.502938e+03 
1.218081e-01 3.734312e+03 4.318754e+03 
1.248283e-01 3.659836e+03 4.144988e+03 
1.278485e-01 3.622086e+03 3.980891e+03 
1.308687e-01 3.609327e+03 3.825777e+03 
1.338889e-01 3.609745e+03 3.679022e+03 
1.369091e-01 3.611838e+03 3.540053e+03 
1.399293e-01 3.605521e+03 3.408346e+03 
1.429495e-01 3.582215e+03 3.283418e+03 
1.459697e-01 3.535998e+03 3.164826e+03 
1.489899e-01 3.463004e+03 3.052162e+03 
1.520101e-01 3.362269e+03 2.945050e+03 
1.550303e-01 3.235264e+03 2.843143e+03 
1.580505e-01 3.086045e+03 2.746119e+03 
1.610707e-01 2.920861e+03 2.653682e+03 
1.640909e-01 2.747258e+03 2.565555e+03 
1.671111e-01 2.573229e+03 2.481484e+03 
1.701313e-01 2.406134e+03 2.401232e+03 
1.731515e-01 2.251808e+03 2.324579e+03 
1.761717e-01 2.114372e+03 2.251318e+03 
1.791919e-01 1.996302e+03 2.181261e+03 
1.822121e-01 1.898574e+03 2.114227e+03 
1.852323e-01 1.821236e+03 2.050053e+03 
1.882525e-01 1.763417e+03 1.988582e+03 
1.912727e-01 1.723541e+03 1.929670e+03 
1.942929e-01 1.699205e+03 1.873181e+03 
1.973131e-01 1.687264e+03 1.818989e+03 
2.003333e-01 1.684031e+03 1.766975e+03 
2.033535e-01 1.685538e+03 1.717027e+03 
2.063737e-01 1.687888e+03 1.669041e+03 
2.093939e-01 1.687584e+03 1.622919e+03 
2.124141e-01 1.681738e+03 1.578569e+03 
2.154343e-01 1.668179e+03 1.535904e+03 
2.184545e-01 1.645555e+03 1.494842e+03 
2.214747e-01 1.613187e+03 1.455307e+03 
2.244949e-01 1.571353e+03 1.417227e+03 
2.275152e-01 1.520997e+03 1.380533e+03 
2.305354e-01 1.463875e+03 1.345161e+03 
2.335556e-01 1.402211e+03 1.311050e+03 
2.365758e-01 1.338557e+03 1.278143e+03 
2.395960e-01 1.275361e+03 1.246386e+03 
2.426162e-01 1.214880e+03 1.215727e+03 
2.456364e-01 1.158913e+03 1.186118e+03 
2.486566e-01 1.108848e+03 1.157514e+03 
2.516768e-01 1.065560e+03 1.129870e+03 
2.546970e-01 1.029481e+03 1.103146e+03 
2.577172e-01 1.000671e+03 1.077303e+03 
2.607374e-01 9.787378e+02 1.052303e+03 
2.637576e-01 9.630038e+02 1.028111e+03 
2.667778e-01 9.524479e+02 1.004694e+03 
2.697980e-01 9.458728e+02 9.820210e+02 
2.728182e-01 9.419355e+02 9.600608e+02 
2.758384e-01 9.392919e+02 9.387851e+02 
2.788586e-01 9.366413e+02 9.181667e+02 
2.818788e-01 9.328475e+02 8.981796e+02 
2.848990e-01 9.269374e+02 8.787991e+02 
2.879192e-01 9.181775e+02 8.600018e+02 
2.909394e-01 9.060940e+02 8.417651e+02 
2.939596e-01 8.904748e+02 8.240678e+02 
2.969798e-01 8.714546e+02 8.068893e+02 
3.000000e-01 8.494090e+02 7.902104e+02 
