1.000000e-03 3.052470e+03 3.052468e+03 
4.020202e-03 1.021618e+04 1.029643e+04 
7.040404e-03 1.497230e+04 1.507322e+04 
1.006061e-02 1.794869e+04 1.803608e+04 
1.308081e-02 1.960847e+04 1.967277e+04 
1.610101e-02 2.028979e+04 2.030247e+04 
1.912121e-02 2.025572e+04 2.018438e+04 
2.214141e-02 1.971989e+04 1.957873e+04 
2.516162e-02 1.885925e+04 1.872113e+04 
2.818182e-02 1.781736e+04 1.777701e+04 
3.120202e-02 1.670741e+04 1.683610e+04 
3.422222e-02 1.561243e+04 1.593670e+04 
3.724242e-02 1.458849e+04 1.509075e+04 
4.026263e-02 1.366859e+04 1.429923e+04 
4.328283e-02 1.286677e+04 1.355928e+04 
4.630303e-02 1.217744e+04 1.286717e+04 
4.932323e-02 1.159553e+04 1.221925e+04 
5.234343e-02 1.110906e+04 1.161219e+04 
5.536364e-02 1.068384e+04 1.104299e+04 
5.838384e-02 1.029971e+04 1.050897e+04 
6.140404e-02 9.942758e+03 1.000766e+04 
6.442424e-02 9.592769e+03 9.536815e+03 
6.744444e-02 9.235842e+03 9.094347e+03 
7.046465e-02 8.863936e+03 8.678319e+03 
7.348485e-02 8.473942e+03 8.286934e+03 
7.650505e-02 8.068904e+03 7.918518e+03 
7.952525e-02 7.656060e+03 7.571515e+03 
8.254545e-02 7.245263e+03 7.244478e+03 
8.556566e-02 6.846264e+03 6.936061e+03 
8.858586e-02 6.467419e+03 6.645016e+03 
9.160606e-02 6.115190e+03 6.370184e+03 
9.462626e-02 5.794372e+03 6.110488e+03 
9.764646e-02 5.508174e+03 5.864929e+03 
1.006667e-01 5.258424e+03 5.632583e+03 
1.036869e-01 5.044408e+03 5.412591e+03 
1.067071e-01 4.863388e+03 5.204156e+03 
1.097273e-01 4.709843e+03 5.006540e+03 
1.127475e-01 4.577061e+03 4.819058e+03 
1.157677e-01 4.458017e+03 4.641073e+03 
1.187879e-01 4.346138e+03 4.471996e+03 
1.218081e-01 4.236122e+03 4.311277e+03 
1.248283e-01 4.123898e+03 4.158408e+03 
1.278485e-01 4.007009e+03 4.012915e+03 
1.308687e-01 3.884156e+03 3.874358e+03 
1.338889e-01 3.755127e+03 3.742327e+03 
1.369091e-01 3.620921e+03 3.616440e+03 
1.399293e-01 3.483381e+03 3.496341e+03 
1.429495e-01 3.345169e+03 3.381700e+03 
1.459697e-01 3.209180e+03 3.272207e+03 
1.489899e-01 3.078032e+03 3.167573e+03 
1.520101e-01 2.954068e+03 3.067529e+03 
1.550303e-01 2.839157e+03 2.971823e+03 
1.580505e-01 2.734641e+03 2.880219e+03 
1.610707e-01 2.641172e+03 2.792498e+03 
1.640909e-01 2.558651e+03 2.708452e+03 
1.671111e-01 2.486284e+03 2.627888e+03 
1.701313e-01 2.422672e+03 2.550625e+03 
1.731515e-01 2.366048e+03 2.476492e+03 
1.761717e-01 2.314447e+03 2.405331e+03 
1.791919e-01 2.265941e+03 2.336991e+03 
1.822121e-01 2.218964e+03 2.271331e+03 
1.852323e-01 2.172164e+03 2.208219e+03 
1.882525e-01 2.124486e+03 2.147530e+03 
1.912727e-01 2.075161e+03 2.089146e+03 
1.942929e-01 2.023779e+03 2.032958e+03 
1.973131e-01 1.970398e+03 1.978860e+03 
2.003333e-01 1.915480e+03 1.926754e+03 
2.033535e-01 1.859773e+03 1.876547e+03 
2.063737e-01 1.804176e+03 1.828153e+03 
2.093939e-01 1.749620e+03 1.781487e+03 
2.124141e-01 1.696974e+03 1.736473e+03 
2.154343e-01 1.646860e+03 1.693035e+03 
2.184545e-01 1.599761e+03 1.651104e+03 
2.214747e-01 1.555968e+03 1.610614e+03 
2.244949e-01 1.515637e+03 1.571501e+03 
2.275152e-01 1.478770e+03 1.533707e+03 
2.305354e-01 1.445134e+03 1.497174e+03 
2.335556e-01 1.414309e+03 1.461850e+03 
2.365758e-01 1.385760e+03 1.427684e+03 
2.395960e-01 1.358914e+03 1.394627e+03 
2.426162e-01 1.333252e+03 1.362634e+03 
2.456364e-01 1.308301e+03 1.331661e+03 
2.486566e-01 1.283658e+03 1.301666e+03 
2.516768e-01 1.258988e+03 1.272611e+03 
2.546970e-01 1.234056e+03 1.244459e+03 
2.577172e-01 1.208719e+03 1.217172e+03 
2.607374e-01 1.182942e+03 1.190718e+03 
2.637576e-01 1.156831e+03 1.165065e+03 
2.667778e-01 1.130607e+03 1.140180e+03 
2.697980e-01 1.104566e+03 1.116036e+03 
2.728182e-01 1.079024e+03 1.092603e+03 
2.758384e-01 1.054217e+03 1.069856e+03 
2.788586e-01 1.030333e+03 1.047768e+03 
2.818788e-01 1.007493e+03 1.026315e+03 
2.848990e-01 9.857721e+02 1.005475e+03 
2.879192e-01 9.651968e+02 9.852239e+02 
2.909394e-01 9.457691e+02 9.655415e+02 
2.939596e-01 9.274670e+02 9.464071e+02 
2.969798e-01 9.102102e+02 9.278014e+02 
3.000000e-01 8.938702e+02 9.097057e+02 
