1.000000e-03 1.953793e+03 1.953792e+03 
4.020202e-03 6.631268e+03 6.685628e+03 
7.040404e-03 9.823175e+03 9.885557e+03 
1.006061e-02 1.191679e+04 1.194120e+04 
1.308081e-02 1.321162e+04 1.317647e+04 
1.610101e-02 1.392370e+04 1.382253e+04 
1.912121e-02 1.421226e+04 1.405521e+04 
2.214141e-02 1.419871e+04 1.401375e+04 
2.516162e-02 1.397723e+04 1.380012e+04 
2.818182e-02 1.362002e+04 1.348147e+04 
3.120202e-02 1.318237e+04 1.309976e+04 
3.422222e-02 1.270445e+04 1.268142e+04 
3.724242e-02 1.221413e+04 1.224376e+04 
4.026263e-02 1.173051e+04 1.179847e+04 
4.328283e-02 1.125611e+04 1.135364e+04 
4.630303e-02 1.080229e+04 1.091486e+04 
4.932323e-02 1.038029e+04 1.048602e+04 
5.234343e-02 9.976573e+03 1.006969e+04 
5.536364e-02 9.583305e+03 9.667558e+03 
5.838384e-02 9.200363e+03 9.280619e+03 
6.140404e-02 8.829902e+03 8.909380e+03 
6.442424e-02 8.473803e+03 8.553987e+03 
6.744444e-02 8.129476e+03 8.214332e+03 
7.046465e-02 7.794398e+03 7.890119e+03 
7.348485e-02 7.469212e+03 7.580930e+03 
7.650505e-02 7.155823e+03 7.286258e+03 
7.952525e-02 6.857397e+03 7.005543e+03 
8.254545e-02 6.576440e+03 6.738195e+03 
8.556566e-02 6.314426e+03 6.483610e+03 
8.858586e-02 6.070749e+03 6.241181e+03 
9.160606e-02 5.843250e+03 6.010311e+03 
9.462626e-02 5.629905e+03 5.790414e+03 
9.764646e-02 5.428931e+03 5.580926e+03 
1.006667e-01 5.239344e+03 5.381300e+03 
1.036869e-01 5.060344e+03 5.191016e+03 
1.067071e-01 4.890828e+03 5.009576e+03 
1.097273e-01 4.729407e+03 4.836507e+03 
1.127475e-01 4.574201e+03 4.671361e+03 
1.157677e-01 4.423659e+03 4.513711e+03 
1.187879e-01 4.276854e+03 4.363156e+03 
1.218081e-01 4.133651e+03 4.219317e+03 
1.248283e-01 3.994653e+03 4.081837e+03 
1.278485e-01 3.860518e+03 3.950376e+03 
1.308687e-01 3.731952e+03 3.824618e+03 
1.338889e-01 3.609569e+03 3.704263e+03 
1.369091e-01 3.493473e+03 3.589028e+03 
1.399293e-01 3.383588e+03 3.478649e+03 
1.429495e-01 3.279580e+03 3.372874e+03 
1.459697e-01 3.180930e+03 3.271468e+03 
1.489899e-01 3.087146e+03 3.174210e+03 
1.520101e-01 2.997784e+03 3.080889e+03 
1.550303e-01 2.912453e+03 2.991311e+03 
1.580505e-01 2.830925e+03 2.905288e+03 
1.610707e-01 2.752988e+03 2.822646e+03 
1.640909e-01 2.678229e+03 2.743220e+03 
1.671111e-01 2.606134e+03 2.666854e+03 
1.701313e-01 2.536275e+03 2.593402e+03 
1.731515e-01 2.468333e+03 2.522724e+03 
1.761717e-01 2.402131e+03 2.454691e+03 
1.791919e-01 2.337858e+03 2.389179e+03 
1.822121e-01 2.275734e+03 2.326070e+03 
1.852323e-01 2.215851e+03 2.265255e+03 
1.882525e-01 2.158242e+03 2.206628e+03 
1.912727e-01 2.102834e+03 2.150091e+03 
1.942929e-01 2.049462e+03 2.095551e+03 
1.973131e-01 1.998012e+03 2.042919e+03 
2.003333e-01 1.948468e+03 1.992110e+03 
2.033535e-01 1.900820e+03 1.943046e+03 
2.063737e-01 1.855041e+03 1.895651e+03 
2.093939e-01 1.811086e+03 1.849854e+03 
2.124141e-01 1.768801e+03 1.805586e+03 
2.154343e-01 1.727962e+03 1.762783e+03 
2.184545e-01 1.688389e+03 1.721384e+03 
2.214747e-01 1.649965e+03 1.681330e+03 
2.244949e-01 1.612606e+03 1.642568e+03 
2.275152e-01 1.576322e+03 1.605043e+03 
2.305354e-01 1.541133e+03 1.568706e+03 
2.335556e-01 1.507017e+03 1.533509e+03 
2.365758e-01 1.473930e+03 1.499407e+03 
2.395960e-01 1.441829e+03 1.466358e+03 
2.426162e-01 1.410670e+03 1.434319e+03 
2.456364e-01 1.380422e+03 1.403251e+03 
2.486566e-01 1.351078e+03 1.373118e+03 
2.516768e-01 1.322634e+03 1.343883e+03 
2.546970e-01 1.295061e+03 1.315513e+03 
2.577172e-01 1.268327e+03 1.287975e+03 
2.607374e-01 1.242401e+03 1.261238e+03 
2.637576e-01 1.217254e+03 1.235273e+03 
2.667778e-01 1.192850e+03 1.210051e+03 
2.697980e-01 1.169146e+03 1.185545e+03 
2.728182e-01 1.146097e+03 1.161730e+03 
2.758384e-01 1.123675e+03 1.138580e+03 
2.788586e-01 1.101852e+03 1.116072e+03 
2.818788e-01 1.080612e+03 1.094184e+03 
2.848990e-01 1.059940e+03 1.072893e+03 
2.879192e-01 1.039819e+03 1.052179e+03 
2.909394e-01 1.020223e+03 1.032022e+03 
2.939596e-01 1.001132e+03 1.012403e+03 
2.969798e-01 9.825299e+02 9.933033e+02 
3.000000e-01 9.644015e+02 9.747060e+02 
