1.000000e-03 3.693369e+03 3.693366e+03 
4.020202e-03 1.218833e+04 1.228538e+04 
7.040404e-03 1.773077e+04 1.785703e+04 
1.006061e-02 2.112969e+04 2.125334e+04 
1.308081e-02 2.295520e+04 2.307178e+04 
1.610101e-02 2.361653e+04 2.368873e+04 
1.912121e-02 2.342875e+04 2.340199e+04 
2.214141e-02 2.264869e+04 2.251878e+04 
2.516162e-02 2.149055e+04 2.133304e+04 
2.818182e-02 2.012722e+04 2.006139e+04 
3.120202e-02 1.869662e+04 1.882359e+04 
3.422222e-02 1.729957e+04 1.766833e+04 
3.724242e-02 1.600447e+04 1.660661e+04 
4.026263e-02 1.485183e+04 1.563401e+04 
4.328283e-02 1.385832e+04 1.474155e+04 
4.630303e-02 1.301628e+04 1.392002e+04 
4.932323e-02 1.232144e+04 1.316132e+04 
5.234343e-02 1.175866e+04 1.245863e+04 
5.536364e-02 1.128630e+04 1.180624e+04 
5.838384e-02 1.087844e+04 1.119933e+04 
6.140404e-02 1.051318e+04 1.063380e+04 
6.442424e-02 1.016306e+04 1.010607e+04 
6.744444e-02 9.809248e+03 9.612969e+03 
7.046465e-02 9.439076e+03 9.151712e+03 
7.348485e-02 9.044899e+03 8.719779e+03 
7.650505e-02 8.626325e+03 8.314900e+03 
7.952525e-02 8.188466e+03 7.935017e+03 
8.254545e-02 7.740626e+03 7.578257e+03 
8.556566e-02 7.294340e+03 7.242910e+03 
8.858586e-02 6.860863e+03 6.927415e+03 
9.160606e-02 6.450291e+03 6.630341e+03 
9.462626e-02 6.071042e+03 6.350377e+03 
9.764646e-02 5.729344e+03 6.086319e+03 
1.006667e-01 5.429638e+03 5.837060e+03 
1.036869e-01 5.173063e+03 5.601584e+03 
1.067071e-01 4.958469e+03 5.378953e+03 
1.097273e-01 4.781087e+03 5.168306e+03 
1.127475e-01 4.634649e+03 4.968846e+03 
1.157677e-01 4.511468e+03 4.779840e+03 
1.187879e-01 4.403931e+03 4.600609e+03 
1.218081e-01 4.304847e+03 4.430527e+03 
1.248283e-01 4.208017e+03 4.269015e+03 
1.278485e-01 4.108230e+03 4.115535e+03 
1.308687e-01 4.001827e+03 3.969590e+03 
1.338889e-01 3.886349e+03 3.830720e+03 
1.369091e-01 3.761363e+03 3.698496e+03 
1.399293e-01 3.627643e+03 3.572521e+03 
1.429495e-01 3.487618e+03 3.452427e+03 
1.459697e-01 3.344292e+03 3.337869e+03 
1.489899e-01 3.201137e+03 3.228528e+03 
1.520101e-01 3.061413e+03 3.124106e+03 
1.550303e-01 2.928090e+03 3.024326e+03 
1.580505e-01 2.803744e+03 2.928928e+03 
1.610707e-01 2.690553e+03 2.837670e+03 
1.640909e-01 2.589740e+03 2.750327e+03 
1.671111e-01 2.501846e+03 2.666687e+03 
1.701313e-01 2.426297e+03 2.586553e+03 
1.731515e-01 2.361881e+03 2.509739e+03 
1.761717e-01 2.306571e+03 2.436072e+03 
1.791919e-01 2.258181e+03 2.365389e+03 
1.822121e-01 2.214469e+03 2.297538e+03 
1.852323e-01 2.173415e+03 2.232376e+03 
1.882525e-01 2.133210e+03 2.169768e+03 
1.912727e-01 2.092325e+03 2.109587e+03 
1.942929e-01 2.049463e+03 2.051714e+03 
1.973131e-01 2.003810e+03 1.996038e+03 
2.003333e-01 1.954921e+03 1.942453e+03 
2.033535e-01 1.902988e+03 1.890859e+03 
2.063737e-01 1.848572e+03 1.841163e+03 
2.093939e-01 1.792662e+03 1.793277e+03 
2.124141e-01 1.736369e+03 1.747116e+03 
2.154343e-01 1.680872e+03 1.702602e+03 
2.184545e-01 1.627187e+03 1.659661e+03 
2.214747e-01 1.576194e+03 1.618222e+03 
2.244949e-01 1.528525e+03 1.578218e+03 
2.275152e-01 1.484642e+03 1.539586e+03 
2.305354e-01 1.444725e+03 1.502267e+03 
2.335556e-01 1.408777e+03 1.466203e+03 
2.365758e-01 1.376556e+03 1.431342e+03 
2.395960e-01 1.347661e+03 1.397632e+03 
2.426162e-01 1.321525e+03 1.365025e+03 
2.456364e-01 1.297520e+03 1.333474e+03 
2.486566e-01 1.274986e+03 1.302937e+03 
2.516768e-01 1.253277e+03 1.273372e+03 
2.546970e-01 1.231787e+03 1.244740e+03 
2.577172e-01 1.210020e+03 1.217003e+03 
2.607374e-01 1.187593e+03 1.190125e+03 
2.637576e-01 1.164330e+03 1.164074e+03 
2.667778e-01 1.140203e+03 1.138815e+03 
2.697980e-01 1.115358e+03 1.114319e+03 
2.728182e-01 1.090028e+03 1.090557e+03 
2.758384e-01 1.064517e+03 1.067499e+03 
2.788586e-01 1.039133e+03 1.045120e+03 
2.818788e-01 1.014180e+03 1.023395e+03 
2.848990e-01 9.899376e+02 1.002298e+03 
2.879192e-01 9.666596e+02 9.818069e+02 
2.909394e-01 9.445548e+02 9.618992e+02 
2.939596e-01 9.237769e+02 9.425539e+02 
2.969798e-01 9.043941e+02 9.237505e+02 
3.000000e-01 8.863950e+02 9.054698e+02 
