1.000000e-03 3.323528e+03 3.323526e+03 
4.020202e-03 1.101815e+04 1.110392e+04 
7.040404e-03 1.606452e+04 1.617090e+04 
1.006061e-02 1.917738e+04 1.927086e+04 
1.308081e-02 2.086989e+04 2.094045e+04 
1.610101e-02 2.151310e+04 2.152705e+04 
1.912121e-02 2.139445e+04 2.131651e+04 
2.214141e-02 2.074871e+04 2.059782e+04 
2.516162e-02 1.976812e+04 1.962874e+04 
2.818182e-02 1.860939e+04 1.858506e+04 
3.120202e-02 1.739336e+04 1.755843e+04 
3.422222e-02 1.620811e+04 1.658558e+04 
3.724242e-02 1.511117e+04 1.567625e+04 
4.026263e-02 1.413566e+04 1.482949e+04 
4.328283e-02 1.329228e+04 1.404097e+04 
4.630303e-02 1.257270e+04 1.330585e+04 
4.932323e-02 1.197304e+04 1.261963e+04 
5.234343e-02 1.147189e+04 1.197831e+04 
5.536364e-02 1.103186e+04 1.137838e+04 
5.838384e-02 1.063506e+04 1.081669e+04 
6.140404e-02 1.026248e+04 1.029042e+04 
6.442424e-02 9.893066e+03 9.796999e+03 
6.744444e-02 9.513044e+03 9.334078e+03 
7.046465e-02 9.114589e+03 8.899485e+03 
7.348485e-02 8.695916e+03 8.491219e+03 
7.650505e-02 8.261940e+03 8.107429e+03 
7.952525e-02 7.822038e+03 7.746403e+03 
8.254545e-02 7.387193e+03 7.406555e+03 
8.556566e-02 6.967981e+03 7.086419e+03 
8.858586e-02 6.572915e+03 6.784639e+03 
9.160606e-02 6.208699e+03 6.499958e+03 
9.462626e-02 5.880272e+03 6.231217e+03 
9.764646e-02 5.590651e+03 5.977341e+03 
1.006667e-01 5.340995e+03 5.737337e+03 
1.036869e-01 5.129599e+03 5.510285e+03 
1.067071e-01 4.952140e+03 5.295336e+03 
1.097273e-01 4.801718e+03 5.091701e+03 
1.127475e-01 4.670708e+03 4.898652e+03 
1.157677e-01 4.551333e+03 4.715514e+03 
1.187879e-01 4.437103e+03 4.541662e+03 
1.218081e-01 4.322581e+03 4.376513e+03 
1.248283e-01 4.204145e+03 4.219532e+03 
1.278485e-01 4.079416e+03 4.070217e+03 
1.308687e-01 3.947598e+03 3.928104e+03 
1.338889e-01 3.809137e+03 3.792763e+03 
1.369091e-01 3.665654e+03 3.663793e+03 
1.399293e-01 3.519721e+03 3.540819e+03 
1.429495e-01 3.374429e+03 3.423494e+03 
1.459697e-01 3.232883e+03 3.311494e+03 
1.489899e-01 3.097986e+03 3.204518e+03 
1.520101e-01 2.972061e+03 3.102283e+03 
1.550303e-01 2.856906e+03 3.004526e+03 
1.580505e-01 2.753614e+03 2.911002e+03 
1.610707e-01 2.662422e+03 2.821481e+03 
1.640909e-01 2.582758e+03 2.735747e+03 
1.671111e-01 2.513272e+03 2.653599e+03 
1.701313e-01 2.452149e+03 2.574848e+03 
1.731515e-01 2.397231e+03 2.499319e+03 
1.761717e-01 2.346379e+03 2.426844e+03 
1.791919e-01 2.297726e+03 2.357268e+03 
1.822121e-01 2.249650e+03 2.290446e+03 
1.852323e-01 2.200821e+03 2.226239e+03 
1.882525e-01 2.150288e+03 2.164518e+03 
1.912727e-01 2.097457e+03 2.105163e+03 
1.942929e-01 2.042279e+03 2.048057e+03 
1.973131e-01 1.985076e+03 1.993094e+03 
2.003333e-01 1.926666e+03 1.940172e+03 
2.033535e-01 1.868037e+03 1.889195e+03 
2.063737e-01 1.810269e+03 1.840072e+03 
2.093939e-01 1.754310e+03 1.792719e+03 
2.124141e-01 1.700910e+03 1.747053e+03 
2.154343e-01 1.650648e+03 1.703000e+03 
2.184545e-01 1.603956e+03 1.660487e+03 
2.214747e-01 1.561051e+03 1.619446e+03 
2.244949e-01 1.521979e+03 1.579811e+03 
2.275152e-01 1.486470e+03 1.541523e+03 
2.305354e-01 1.454106e+03 1.504522e+03 
2.335556e-01 1.424305e+03 1.468754e+03 
2.365758e-01 1.396453e+03 1.434167e+03 
2.395960e-01 1.369928e+03 1.400711e+03 
2.426162e-01 1.344198e+03 1.368339e+03 
2.456364e-01 1.318803e+03 1.337007e+03 
2.486566e-01 1.293365e+03 1.306672e+03 
2.516768e-01 1.267577e+03 1.277293e+03 
2.546970e-01 1.241274e+03 1.248833e+03 
2.577172e-01 1.214417e+03 1.221255e+03 
2.607374e-01 1.187147e+03 1.194523e+03 
2.637576e-01 1.159711e+03 1.168606e+03 
2.667778e-01 1.132439e+03 1.143471e+03 
2.697980e-01 1.105656e+03 1.119088e+03 
2.728182e-01 1.079659e+03 1.095429e+03 
2.758384e-01 1.054649e+03 1.072466e+03 
2.788586e-01 1.030772e+03 1.050173e+03 
2.818788e-01 1.008102e+03 1.028526e+03 
2.848990e-01 9.866842e+02 1.007499e+03 
2.879192e-01 9.665350e+02 9.870720e+02 
2.909394e-01 9.476190e+02 9.672215e+02 
2.939596e-01 9.298459e+02 9.479272e+02 
2.969798e-01 9.130476e+02 9.291692e+02 
3.000000e-01 8.970154e+02 9.109284e+02 
