1.000000e-03 3.585451e+03 3.585448e+03 
4.020202e-03 1.192791e+04 1.202220e+04 
7.040404e-03 1.741629e+04 1.753969e+04 
1.006061e-02 2.080441e+04 2.092794e+04 
1.308081e-02 2.263799e+04 2.275800e+04 
1.610101e-02 2.331350e+04 2.339162e+04 
1.912121e-02 2.314114e+04 2.311972e+04 
2.214141e-02 2.237569e+04 2.224854e+04 
2.516162e-02 2.122922e+04 2.107377e+04 
2.818182e-02 1.987736e+04 1.981352e+04 
3.120202e-02 1.845738e+04 1.858797e+04 
3.422222e-02 1.707152e+04 1.744553e+04 
3.724242e-02 1.578817e+04 1.639679e+04 
4.026263e-02 1.464839e+04 1.543695e+04 
4.328283e-02 1.366770e+04 1.455677e+04 
4.630303e-02 1.283863e+04 1.374692e+04 
4.932323e-02 1.215977e+04 1.299921e+04 
5.234343e-02 1.161102e+04 1.230680e+04 
5.536364e-02 1.115061e+04 1.166399e+04 
5.838384e-02 1.075504e+04 1.106599e+04 
6.140404e-02 1.040026e+04 1.050872e+04 
6.442424e-02 1.005956e+04 9.988649e+03 
6.744444e-02 9.713874e+03 9.502657e+03 
7.046465e-02 9.349668e+03 9.047985e+03 
7.348485e-02 8.959347e+03 8.622159e+03 
7.650505e-02 8.543024e+03 8.222947e+03 
7.952525e-02 8.106718e+03 7.848325e+03 
8.254545e-02 7.660208e+03 7.496452e+03 
8.556566e-02 7.215307e+03 7.165651e+03 
8.858586e-02 6.783520e+03 6.854386e+03 
9.160606e-02 6.375071e+03 6.561253e+03 
9.462626e-02 5.998367e+03 6.284963e+03 
9.764646e-02 5.659782e+03 6.024333e+03 
1.006667e-01 5.363810e+03 5.778277e+03 
1.036869e-01 5.111702e+03 5.545795e+03 
1.067071e-01 4.901865e+03 5.325967e+03 
1.097273e-01 4.729414e+03 5.117945e+03 
1.127475e-01 4.587723e+03 4.920946e+03 
1.157677e-01 4.468982e+03 4.734249e+03 
1.187879e-01 4.365397e+03 4.557187e+03 
1.218081e-01 4.269517e+03 4.389143e+03 
1.248283e-01 4.175163e+03 4.229548e+03 
1.278485e-01 4.077166e+03 4.077873e+03 
1.308687e-01 3.971905e+03 3.933629e+03 
1.338889e-01 3.857157e+03 3.796363e+03 
1.369091e-01 3.732315e+03 3.665653e+03 
1.399293e-01 3.598494e+03 3.541108e+03 
1.429495e-01 3.458115e+03 3.422364e+03 
1.459697e-01 3.314431e+03 3.309084e+03 
1.489899e-01 3.170987e+03 3.200952e+03 
1.520101e-01 3.031191e+03 3.097676e+03 
1.550303e-01 2.898194e+03 2.998981e+03 
1.580505e-01 2.774676e+03 2.904612e+03 
1.610707e-01 2.662690e+03 2.814331e+03 
1.640909e-01 2.563541e+03 2.727915e+03 
1.671111e-01 2.477482e+03 2.645156e+03 
1.701313e-01 2.403938e+03 2.565859e+03 
1.731515e-01 2.341401e+03 2.489841e+03 
1.761717e-01 2.287922e+03 2.416932e+03 
1.791919e-01 2.241249e+03 2.346971e+03 
1.822121e-01 2.199128e+03 2.279808e+03 
1.852323e-01 2.159429e+03 2.215301e+03 
1.882525e-01 2.120276e+03 2.153318e+03 
1.912727e-01 2.080083e+03 2.093733e+03 
1.942929e-01 2.037603e+03 2.036430e+03 
1.973131e-01 1.991919e+03 1.981298e+03 
2.003333e-01 1.942811e+03 1.928233e+03 
2.033535e-01 1.890487e+03 1.877136e+03 
2.063737e-01 1.835705e+03 1.827915e+03 
2.093939e-01 1.779457e+03 1.780483e+03 
2.124141e-01 1.722949e+03 1.734758e+03 
2.154343e-01 1.667328e+03 1.690661e+03 
2.184545e-01 1.613645e+03 1.648119e+03 
2.214747e-01 1.562775e+03 1.607063e+03 
2.244949e-01 1.515438e+03 1.567426e+03 
2.275152e-01 1.472057e+03 1.529146e+03 
2.305354e-01 1.432849e+03 1.492165e+03 
2.335556e-01 1.397719e+03 1.456426e+03 
2.365758e-01 1.366385e+03 1.421876e+03 
2.395960e-01 1.338349e+03 1.388465e+03 
2.426162e-01 1.313022e+03 1.356145e+03 
2.456364e-01 1.289748e+03 1.324871e+03 
2.486566e-01 1.267850e+03 1.294600e+03 
2.516768e-01 1.246655e+03 1.265291e+03 
2.546970e-01 1.225550e+03 1.236905e+03 
2.577172e-01 1.204007e+03 1.209404e+03 
2.607374e-01 1.181673e+03 1.182755e+03 
2.637576e-01 1.158367e+03 1.156923e+03 
2.667778e-01 1.134118e+03 1.131876e+03 
2.697980e-01 1.109103e+03 1.107584e+03 
2.728182e-01 1.083607e+03 1.084018e+03 
2.758384e-01 1.057956e+03 1.061150e+03 
2.788586e-01 1.032485e+03 1.038955e+03 
2.818788e-01 1.007494e+03 1.017406e+03 
2.848990e-01 9.832652e+02 9.964791e+02 
2.879192e-01 9.600654e+02 9.761525e+02 
2.909394e-01 9.381137e+02 9.564037e+02 
2.939596e-01 9.175616e+02 9.372117e+02 
2.969798e-01 8.984697e+02 9.185566e+02 
3.000000e-01 8.808169e+02 9.004191e+02 
