1.000000e-03 2.404171e+03 2.404169e+03 
4.020202e-03 8.010603e+03 8.075691e+03 
7.040404e-03 1.170764e+04 1.177759e+04 
1.006061e-02 1.404048e+04 1.406200e+04 
1.308081e-02 1.540464e+04 1.535487e+04 
1.610101e-02 1.607731e+04 1.595031e+04 
1.912121e-02 1.625917e+04 1.607014e+04 
2.214141e-02 1.610116e+04 1.588808e+04 
2.516162e-02 1.571875e+04 1.552757e+04 
2.818182e-02 1.519924e+04 1.506638e+04 
3.120202e-02 1.460767e+04 1.455073e+04 
3.422222e-02 1.399014e+04 1.400842e+04 
3.724242e-02 1.337686e+04 1.345685e+04 
4.026263e-02 1.278613e+04 1.290735e+04 
4.328283e-02 1.222610e+04 1.236742e+04 
4.630303e-02 1.169685e+04 1.184200e+04 
4.932323e-02 1.120080e+04 1.133427e+04 
5.234343e-02 1.073420e+04 1.084616e+04 
5.536364e-02 1.028411e+04 1.037872e+04 
5.838384e-02 9.848033e+03 9.932338e+03 
6.140404e-02 9.428652e+03 9.506985e+03 
6.442424e-02 9.023212e+03 9.102303e+03 
6.744444e-02 8.628777e+03 8.717722e+03 
7.046465e-02 8.245819e+03 8.352533e+03 
7.348485e-02 7.876447e+03 8.005939e+03 
7.650505e-02 7.524161e+03 7.677096e+03 
7.952525e-02 7.192187e+03 7.365137e+03 
8.254545e-02 6.882975e+03 7.069196e+03 
8.556566e-02 6.596041e+03 6.788420e+03 
8.858586e-02 6.329725e+03 6.521981e+03 
9.160606e-02 6.081889e+03 6.269079e+03 
9.462626e-02 5.850746e+03 6.028949e+03 
9.764646e-02 5.635101e+03 5.800863e+03 
1.006667e-01 5.433562e+03 5.584129e+03 
1.036869e-01 5.244423e+03 5.378094e+03 
1.067071e-01 5.065099e+03 5.182140e+03 
1.097273e-01 4.892855e+03 4.995688e+03 
1.127475e-01 4.725548e+03 4.818189e+03 
1.157677e-01 4.562012e+03 4.649132e+03 
1.187879e-01 4.402441e+03 4.488035e+03 
1.218081e-01 4.247312e+03 4.334446e+03 
1.248283e-01 4.097521e+03 4.187941e+03 
1.278485e-01 3.953953e+03 4.048124e+03 
1.308687e-01 3.817110e+03 3.914622e+03 
1.338889e-01 3.687339e+03 3.787087e+03 
1.369091e-01 3.564639e+03 3.665191e+03 
1.399293e-01 3.448824e+03 3.548627e+03 
1.429495e-01 3.339558e+03 3.437109e+03 
1.459697e-01 3.236374e+03 3.330367e+03 
1.489899e-01 3.138775e+03 3.228147e+03 
1.520101e-01 3.046223e+03 3.130212e+03 
1.550303e-01 2.958179e+03 3.036340e+03 
1.580505e-01 2.874105e+03 2.946319e+03 
1.610707e-01 2.793460e+03 2.859954e+03 
1.640909e-01 2.715679e+03 2.777060e+03 
1.671111e-01 2.640235e+03 2.697462e+03 
1.701313e-01 2.566900e+03 2.620997e+03 
1.731515e-01 2.495588e+03 2.547510e+03 
1.761717e-01 2.426376e+03 2.476856e+03 
1.791919e-01 2.359460e+03 2.408898e+03 
1.822121e-01 2.294923e+03 2.343508e+03 
1.852323e-01 2.232715e+03 2.280562e+03 
1.882525e-01 2.172801e+03 2.219947e+03 
1.912727e-01 2.115182e+03 2.161553e+03 
1.942929e-01 2.059868e+03 2.105279e+03 
1.973131e-01 2.006879e+03 2.051027e+03 
2.003333e-01 1.956214e+03 1.998706e+03 
2.033535e-01 1.907708e+03 1.948230e+03 
2.063737e-01 1.861139e+03 1.899515e+03 
2.093939e-01 1.816290e+03 1.852485e+03 
2.124141e-01 1.772951e+03 1.807066e+03 
2.154343e-01 1.730987e+03 1.763188e+03 
2.184545e-01 1.690334e+03 1.720785e+03 
2.214747e-01 1.650938e+03 1.679794e+03 
2.244949e-01 1.612753e+03 1.640156e+03 
2.275152e-01 1.575724e+03 1.601814e+03 
2.305354e-01 1.539762e+03 1.564715e+03 
2.335556e-01 1.504792e+03 1.528808e+03 
2.365758e-01 1.470831e+03 1.494044e+03 
2.395960e-01 1.437925e+03 1.460376e+03 
2.426162e-01 1.406081e+03 1.427762e+03 
2.456364e-01 1.375287e+03 1.396159e+03 
2.486566e-01 1.345495e+03 1.365527e+03 
2.516768e-01 1.316627e+03 1.335828e+03 
2.546970e-01 1.288628e+03 1.307028e+03 
2.577172e-01 1.261478e+03 1.279090e+03 
2.607374e-01 1.235161e+03 1.251982e+03 
2.637576e-01 1.209665e+03 1.225673e+03 
2.667778e-01 1.184969e+03 1.200132e+03 
2.697980e-01 1.161012e+03 1.175332e+03 
2.728182e-01 1.137724e+03 1.151245e+03 
2.758384e-01 1.115058e+03 1.127845e+03 
2.788586e-01 1.092976e+03 1.105106e+03 
2.818788e-01 1.071461e+03 1.083006e+03 
2.848990e-01 1.050514e+03 1.061521e+03 
2.879192e-01 1.030133e+03 1.040629e+03 
2.909394e-01 1.010317e+03 1.020311e+03 
2.939596e-01 9.910551e+02 1.000544e+03 
2.969798e-01 9.723079e+02 9.813115e+02 
3.000000e-01 9.540408e+02 9.625938e+02 
