1.000000e-03 3.922602e+03 3.922598e+03 
4.020202e-03 1.317964e+04 1.328387e+04 
7.040404e-03 1.931231e+04 1.945574e+04 
1.006061e-02 2.310201e+04 2.326515e+04 
1.308081e-02 2.513259e+04 2.532205e+04 
1.610101e-02 2.583784e+04 2.600507e+04 
1.912121e-02 2.556241e+04 2.561763e+04 
2.214141e-02 2.459599e+04 2.449965e+04 
2.516162e-02 2.318496e+04 2.300652e+04 
2.818182e-02 2.153535e+04 2.141831e+04 
3.120202e-02 1.981125e+04 1.989597e+04 
3.422222e-02 1.813524e+04 1.850400e+04 
3.724242e-02 1.659052e+04 1.725320e+04 
4.026263e-02 1.522792e+04 1.613221e+04 
4.328283e-02 1.406372e+04 1.512381e+04 
4.630303e-02 1.309367e+04 1.421144e+04 
4.932323e-02 1.231958e+04 1.338109e+04 
5.234343e-02 1.171029e+04 1.262144e+04 
5.536364e-02 1.122281e+04 1.192341e+04 
5.838384e-02 1.082724e+04 1.127966e+04 
6.140404e-02 1.049142e+04 1.068419e+04 
6.442424e-02 1.018392e+04 1.013198e+04 
6.744444e-02 9.877476e+03 9.618801e+03 
7.046465e-02 9.551820e+03 9.141006e+03 
7.348485e-02 9.194069e+03 8.695427e+03 
7.650505e-02 8.798888e+03 8.279279e+03 
7.952525e-02 8.368920e+03 7.890092e+03 
8.254545e-02 7.913058e+03 7.525664e+03 
8.556566e-02 7.443772e+03 7.184018e+03 
8.858586e-02 6.975032e+03 6.863374e+03 
9.160606e-02 6.520597e+03 6.562121e+03 
9.462626e-02 6.092773e+03 6.278799e+03 
9.764646e-02 5.702182e+03 6.012079e+03 
1.006667e-01 5.356332e+03 5.760751e+03 
1.036869e-01 5.060063e+03 5.523710e+03 
1.067071e-01 4.813671e+03 5.299945e+03 
1.097273e-01 4.614595e+03 5.088530e+03 
1.127475e-01 4.456760e+03 4.888617e+03 
1.157677e-01 4.332735e+03 4.699425e+03 
1.187879e-01 4.234092e+03 4.520237e+03 
1.218081e-01 4.152411e+03 4.350392e+03 
1.248283e-01 4.079475e+03 4.189281e+03 
1.278485e-01 4.007839e+03 4.036344e+03 
1.308687e-01 3.930984e+03 3.891060e+03 
1.338889e-01 3.844055e+03 3.752951e+03 
1.369091e-01 3.743973e+03 3.621571e+03 
1.399293e-01 3.629722e+03 3.496510e+03 
1.429495e-01 3.502370e+03 3.377387e+03 
1.459697e-01 3.364467e+03 3.263846e+03 
1.489899e-01 3.219630e+03 3.155560e+03 
1.520101e-01 3.071924e+03 3.052222e+03 
1.550303e-01 2.925669e+03 2.953547e+03 
1.580505e-01 2.785008e+03 2.859272e+03 
1.610707e-01 2.653710e+03 2.769147e+03 
1.640909e-01 2.534675e+03 2.682944e+03 
1.671111e-01 2.429953e+03 2.600446e+03 
1.701313e-01 2.340198e+03 2.521453e+03 
1.731515e-01 2.265151e+03 2.445777e+03 
1.761717e-01 2.203396e+03 2.373241e+03 
1.791919e-01 2.153029e+03 2.303681e+03 
1.822121e-01 2.111719e+03 2.236943e+03 
1.852323e-01 2.077010e+03 2.172881e+03 
1.882525e-01 2.046380e+03 2.111360e+03 
1.912727e-01 2.017411e+03 2.052253e+03 
1.942929e-01 1.987823e+03 1.995438e+03 
1.973131e-01 1.955667e+03 1.940805e+03 
2.003333e-01 1.919450e+03 1.888245e+03 
2.033535e-01 1.878383e+03 1.837660e+03 
2.063737e-01 1.832341e+03 1.788956e+03 
2.093939e-01 1.781822e+03 1.742043e+03 
2.124141e-01 1.727839e+03 1.696839e+03 
2.154343e-01 1.671676e+03 1.653263e+03 
2.184545e-01 1.614733e+03 1.611242e+03 
2.214747e-01 1.558410e+03 1.570705e+03 
2.244949e-01 1.504054e+03 1.531585e+03 
2.275152e-01 1.452804e+03 1.493820e+03 
2.305354e-01 1.405562e+03 1.457350e+03 
2.335556e-01 1.362895e+03 1.422118e+03 
2.365758e-01 1.325107e+03 1.388070e+03 
2.395960e-01 1.292123e+03 1.355157e+03 
2.426162e-01 1.263656e+03 1.323330e+03 
2.456364e-01 1.239164e+03 1.292544e+03 
2.486566e-01 1.217960e+03 1.262754e+03 
2.516768e-01 1.199221e+03 1.233920e+03 
2.546970e-01 1.182050e+03 1.206004e+03 
2.577172e-01 1.165536e+03 1.178967e+03 
2.607374e-01 1.148886e+03 1.152774e+03 
2.637576e-01 1.131432e+03 1.127392e+03 
2.667778e-01 1.112741e+03 1.102789e+03 
2.697980e-01 1.092573e+03 1.078935e+03 
2.728182e-01 1.070909e+03 1.055799e+03 
2.758384e-01 1.047883e+03 1.033355e+03 
2.788586e-01 1.023743e+03 1.011577e+03 
2.818788e-01 9.988413e+02 9.904382e+02 
2.848990e-01 9.735873e+02 9.699157e+02 
2.879192e-01 9.484498e+02 9.499864e+02 
2.909394e-01 9.238871e+02 9.306284e+02 
2.939596e-01 9.003204e+02 9.118206e+02 
2.969798e-01 8.780933e+02 8.935433e+02 
3.000000e-01 8.574678e+02 8.757771e+02 
