1.000000e-03 7.473294e+03 7.473287e+03 
4.020202e-03 2.478475e+04 2.498429e+04 
7.040404e-03 3.583464e+04 3.613691e+04 
1.006061e-02 4.225669e+04 4.270124e+04 
1.308081e-02 4.522210e+04 4.587812e+04 
1.610101e-02 4.559140e+04 4.633852e+04 
1.912121e-02 4.405978e+04 4.459272e+04 
2.214141e-02 4.122181e+04 4.129063e+04 
2.516162e-02 3.759513e+04 3.722660e+04 
2.818182e-02 3.361373e+04 3.310383e+04 
3.120202e-02 2.962281e+04 2.934932e+04 
3.422222e-02 2.587288e+04 2.611961e+04 
3.724242e-02 2.252632e+04 2.340752e+04 
4.026263e-02 1.966882e+04 2.113980e+04 
4.328283e-02 1.730809e+04 1.923163e+04 
4.630303e-02 1.544016e+04 1.760827e+04 
4.932323e-02 1.402971e+04 1.621026e+04 
5.234343e-02 1.299698e+04 1.499216e+04 
5.536364e-02 1.227437e+04 1.391964e+04 
5.838384e-02 1.178813e+04 1.296677e+04 
6.140404e-02 1.146462e+04 1.211368e+04 
6.442424e-02 1.124324e+04 1.134497e+04 
6.744444e-02 1.106853e+04 1.064850e+04 
7.046465e-02 1.089009e+04 1.001454e+04 
7.348485e-02 1.066509e+04 9.435172e+03 
7.650505e-02 1.036219e+04 8.903850e+03 
7.952525e-02 9.964941e+03 8.415108e+03 
8.254545e-02 9.472509e+03 7.964318e+03 
8.556566e-02 8.898287e+03 7.547529e+03 
8.858586e-02 8.266224e+03 7.161330e+03 
9.160606e-02 7.605346e+03 6.802762e+03 
9.462626e-02 6.945658e+03 6.469234e+03 
9.764646e-02 6.314728e+03 6.158469e+03 
1.006667e-01 5.735666e+03 5.868453e+03 
1.036869e-01 5.225343e+03 5.597395e+03 
1.067071e-01 4.793469e+03 5.343702e+03 
1.097273e-01 4.444020e+03 5.105944e+03 
1.127475e-01 4.174803e+03 4.882839e+03 
1.157677e-01 3.980075e+03 4.673233e+03 
1.187879e-01 3.850525e+03 4.476083e+03 
1.218081e-01 3.774939e+03 4.290444e+03 
1.248283e-01 3.740658e+03 4.115461e+03 
1.278485e-01 3.734030e+03 3.950355e+03 
1.308687e-01 3.741328e+03 3.794417e+03 
1.338889e-01 3.749587e+03 3.646998e+03 
1.369091e-01 3.747286e+03 3.507508e+03 
1.399293e-01 3.724721e+03 3.375405e+03 
1.429495e-01 3.675059e+03 3.250192e+03 
1.459697e-01 3.593925e+03 3.131412e+03 
1.489899e-01 3.480559e+03 3.018645e+03 
1.520101e-01 3.337230e+03 2.911505e+03 
1.550303e-01 3.169708e+03 2.809635e+03 
1.580505e-01 2.986055e+03 2.712705e+03 
1.610707e-01 2.795635e+03 2.620412e+03 
1.640909e-01 2.607607e+03 2.532474e+03 
1.671111e-01 2.429990e+03 2.448629e+03 
1.701313e-01 2.268629e+03 2.368636e+03 
1.731515e-01 2.127463e+03 2.292269e+03 
1.761717e-01 2.008740e+03 2.219320e+03 
1.791919e-01 1.913191e+03 2.149594e+03 
1.822121e-01 1.840541e+03 2.082909e+03 
1.852323e-01 1.789361e+03 2.019099e+03 
1.882525e-01 1.757265e+03 1.958003e+03 
1.912727e-01 1.740892e+03 1.899477e+03 
1.942929e-01 1.736109e+03 1.843382e+03 
1.973131e-01 1.738404e+03 1.789590e+03 
2.003333e-01 1.743255e+03 1.737980e+03 
2.033535e-01 1.746495e+03 1.688439e+03 
2.063737e-01 1.744548e+03 1.640863e+03 
2.093939e-01 1.734620e+03 1.595152e+03 
2.124141e-01 1.714640e+03 1.551212e+03 
2.154343e-01 1.683610e+03 1.508957e+03 
2.184545e-01 1.641408e+03 1.468303e+03 
2.214747e-01 1.589062e+03 1.429174e+03 
2.244949e-01 1.528482e+03 1.391497e+03 
2.275152e-01 1.462293e+03 1.355203e+03 
2.305354e-01 1.393417e+03 1.320227e+03 
2.335556e-01 1.324761e+03 1.286509e+03 
2.365758e-01 1.258882e+03 1.253990e+03 
2.395960e-01 1.197904e+03 1.222616e+03 
2.426162e-01 1.143445e+03 1.192335e+03 
2.456364e-01 1.096571e+03 1.163100e+03 
2.486566e-01 1.057897e+03 1.134864e+03 
2.516768e-01 1.027443e+03 1.107583e+03 
2.546970e-01 1.004792e+03 1.081217e+03 
2.577172e-01 9.890370e+02 1.055725e+03 
2.607374e-01 9.789563e+02 1.031071e+03 
2.637576e-01 9.731166e+02 1.007221e+03 
2.667778e-01 9.699846e+02 9.841391e+02 
2.697980e-01 9.680422e+02 9.617953e+02 
2.728182e-01 9.658680e+02 9.401591e+02 
2.758384e-01 9.621909e+02 9.192018e+02 
2.788586e-01 9.559097e+02 8.988962e+02 
2.818788e-01 9.462088e+02 8.792163e+02 
2.848990e-01 9.325470e+02 8.601377e+02 
2.879192e-01 9.148250e+02 8.416366e+02 
2.909394e-01 8.933028e+02 8.236909e+02 
2.939596e-01 8.686058e+02 8.062792e+02 
2.969798e-01 8.415932e+02 7.893812e+02 
3.000000e-01 8.132456e+02 7.729774e+02 
