1.000000e-03 6.631886e+03 6.631880e+03 
4.020202e-03 2.211077e+04 2.228895e+04 
7.040404e-03 3.211727e+04 3.238480e+04 
1.006061e-02 3.804573e+04 3.842620e+04 
1.308081e-02 4.091245e+04 4.146258e+04 
1.610101e-02 4.146660e+04 4.209109e+04 
1.912121e-02 4.031317e+04 4.076139e+04 
2.214141e-02 3.797200e+04 3.803200e+04 
2.516162e-02 3.489264e+04 3.458346e+04 
2.818182e-02 3.145627e+04 3.102588e+04 
3.120202e-02 2.796788e+04 2.774051e+04 
3.422222e-02 2.465389e+04 2.487832e+04 
3.724242e-02 2.166396e+04 2.244662e+04 
4.026263e-02 1.908361e+04 2.039144e+04 
4.328283e-02 1.692843e+04 1.864522e+04 
4.630303e-02 1.519676e+04 1.714661e+04 
4.932323e-02 1.387082e+04 1.584596e+04 
5.234343e-02 1.288351e+04 1.470482e+04 
5.536364e-02 1.217371e+04 1.369390e+04 
5.838384e-02 1.168065e+04 1.279085e+04 
6.140404e-02 1.133872e+04 1.197843e+04 
6.442424e-02 1.109183e+04 1.124319e+04 
6.744444e-02 1.088999e+04 1.057443e+04 
7.046465e-02 1.068863e+04 9.963540e+03 
7.348485e-02 1.044996e+04 9.403446e+03 
7.650505e-02 1.014604e+04 8.888286e+03 
7.952525e-02 9.761538e+03 8.413124e+03 
8.254545e-02 9.294619e+03 7.973762e+03 
8.556566e-02 8.756080e+03 7.566592e+03 
8.858586e-02 8.165674e+03 7.188489e+03 
9.160606e-02 7.548203e+03 6.836725e+03 
9.462626e-02 6.930380e+03 6.508905e+03 
9.764646e-02 6.336652e+03 6.202912e+03 
1.006667e-01 5.788555e+03 5.916867e+03 
1.036869e-01 5.301218e+03 5.649095e+03 
1.067071e-01 4.884818e+03 5.398098e+03 
1.097273e-01 4.542968e+03 5.162529e+03 
1.127475e-01 4.274747e+03 4.941177e+03 
1.157677e-01 4.075199e+03 4.732947e+03 
1.187879e-01 3.936397e+03 4.536847e+03 
1.218081e-01 3.848564e+03 4.351978e+03 
1.248283e-01 3.800148e+03 4.177523e+03 
1.278485e-01 3.778890e+03 4.012735e+03 
1.308687e-01 3.772082e+03 3.856935e+03 
1.338889e-01 3.767771e+03 3.709499e+03 
1.369091e-01 3.755029e+03 3.569858e+03 
1.399293e-01 3.725317e+03 3.437489e+03 
1.429495e-01 3.672092e+03 3.311911e+03 
1.459697e-01 3.591716e+03 3.192683e+03 
1.489899e-01 3.483144e+03 3.079396e+03 
1.520101e-01 3.348046e+03 2.971675e+03 
1.550303e-01 3.190945e+03 2.869173e+03 
1.580505e-01 3.018281e+03 2.771570e+03 
1.610707e-01 2.838296e+03 2.678568e+03 
1.640909e-01 2.659251e+03 2.589891e+03 
1.671111e-01 2.488617e+03 2.505284e+03 
1.701313e-01 2.332176e+03 2.424511e+03 
1.731515e-01 2.194058e+03 2.347350e+03 
1.761717e-01 2.076335e+03 2.273597e+03 
1.791919e-01 1.979875e+03 2.203059e+03 
1.822121e-01 1.904358e+03 2.135560e+03 
1.852323e-01 1.848674e+03 2.070932e+03 
1.882525e-01 1.810884e+03 2.009020e+03 
1.912727e-01 1.788151e+03 1.949679e+03 
1.942929e-01 1.776990e+03 1.892774e+03 
1.973131e-01 1.773288e+03 1.838177e+03 
2.003333e-01 1.772854e+03 1.785769e+03 
2.033535e-01 1.771687e+03 1.735438e+03 
2.063737e-01 1.766405e+03 1.687080e+03 
2.093939e-01 1.754301e+03 1.640596e+03 
2.124141e-01 1.733603e+03 1.595894e+03 
2.154343e-01 1.703243e+03 1.552887e+03 
2.184545e-01 1.663103e+03 1.511492e+03 
2.214747e-01 1.613817e+03 1.471633e+03 
2.244949e-01 1.556866e+03 1.433237e+03 
2.275152e-01 1.494381e+03 1.396236e+03 
2.305354e-01 1.428904e+03 1.360565e+03 
2.335556e-01 1.363070e+03 1.326164e+03 
2.365758e-01 1.299343e+03 1.292974e+03 
2.395960e-01 1.239751e+03 1.260941e+03 
2.426162e-01 1.185853e+03 1.230014e+03 
2.456364e-01 1.138725e+03 1.200144e+03 
2.486566e-01 1.098934e+03 1.171284e+03 
2.516768e-01 1.066665e+03 1.143392e+03 
2.546970e-01 1.041609e+03 1.116426e+03 
2.577172e-01 1.023124e+03 1.090347e+03 
2.607374e-01 1.010206e+03 1.065117e+03 
2.637576e-01 1.001603e+03 1.040701e+03 
2.667778e-01 9.958953e+02 1.017066e+03 
2.697980e-01 9.916578e+02 9.941789e+02 
2.728182e-01 9.875322e+02 9.720106e+02 
2.758384e-01 9.823321e+02 9.505318e+02 
2.788586e-01 9.750677e+02 9.297153e+02 
2.818788e-01 9.649739e+02 9.095348e+02 
2.848990e-01 9.515711e+02 8.899655e+02 
2.879192e-01 9.346256e+02 8.709838e+02 
2.909394e-01 9.142798e+02 8.525672e+02 
2.939596e-01 8.909327e+02 8.346940e+02 
2.969798e-01 8.652782e+02 8.173439e+02 
3.000000e-01 8.381588e+02 8.004971e+02 
