1.000000e-03 3.688846e+03 3.688843e+03 
4.020202e-03 1.252107e+04 1.262033e+04 
7.040404e-03 1.839877e+04 1.853310e+04 
1.006061e-02 2.203998e+04 2.218645e+04 
1.308081e-02 2.400136e+04 2.416232e+04 
1.610101e-02 2.469945e+04 2.482891e+04 
1.912121e-02 2.446531e+04 2.448603e+04 
2.214141e-02 2.357650e+04 2.346467e+04 
2.516162e-02 2.226760e+04 2.210009e+04 
2.818182e-02 2.073442e+04 2.064816e+04 
3.120202e-02 1.913140e+04 1.925209e+04 
3.422222e-02 1.757383e+04 1.796832e+04 
3.724242e-02 1.613924e+04 1.680653e+04 
4.026263e-02 1.487431e+04 1.575757e+04 
4.328283e-02 1.379416e+04 1.480728e+04 
4.630303e-02 1.289251e+04 1.394202e+04 
4.932323e-02 1.217032e+04 1.315021e+04 
5.234343e-02 1.159863e+04 1.242240e+04 
5.536364e-02 1.113411e+04 1.175094e+04 
5.838384e-02 1.075062e+04 1.112959e+04 
6.140404e-02 1.041658e+04 1.055317e+04 
6.442424e-02 1.010131e+04 1.001729e+04 
6.744444e-02 9.782021e+03 9.518204e+03 
7.046465e-02 9.441574e+03 9.052651e+03 
7.348485e-02 9.069638e+03 8.617763e+03 
7.650505e-02 8.663342e+03 8.210993e+03 
7.952525e-02 8.227197e+03 7.830069e+03 
8.254545e-02 7.771009e+03 7.472947e+03 
8.556566e-02 7.307654e+03 7.137782e+03 
8.858586e-02 6.850752e+03 6.822903e+03 
9.160606e-02 6.413131e+03 6.526791e+03 
9.462626e-02 6.005919e+03 6.248063e+03 
9.764646e-02 5.638205e+03 5.985458e+03 
1.006667e-01 5.316012e+03 5.737822e+03 
1.036869e-01 5.042422e+03 5.504098e+03 
1.067071e-01 4.816282e+03 5.283317e+03 
1.097273e-01 4.633778e+03 5.074591e+03 
1.127475e-01 4.488164e+03 4.877102e+03 
1.157677e-01 4.371650e+03 4.690098e+03 
1.187879e-01 4.275767e+03 4.512887e+03 
1.218081e-01 4.192315e+03 4.344828e+03 
1.248283e-01 4.113597e+03 4.185334e+03 
1.278485e-01 4.032973e+03 4.033858e+03 
1.308687e-01 3.944833e+03 3.889898e+03 
1.338889e-01 3.845605e+03 3.752986e+03 
1.369091e-01 3.733281e+03 3.622691e+03 
1.399293e-01 3.608407e+03 3.498612e+03 
1.429495e-01 3.472838e+03 3.380376e+03 
1.459697e-01 3.329831e+03 3.267639e+03 
1.489899e-01 3.183143e+03 3.160080e+03 
1.520101e-01 3.036859e+03 3.057398e+03 
1.550303e-01 2.894876e+03 2.959317e+03 
1.580505e-01 2.760859e+03 2.865576e+03 
1.610707e-01 2.637880e+03 2.775934e+03 
1.640909e-01 2.528318e+03 2.690164e+03 
1.671111e-01 2.433240e+03 2.608056e+03 
1.701313e-01 2.352697e+03 2.529412e+03 
1.731515e-01 2.285578e+03 2.454048e+03 
1.761717e-01 2.230062e+03 2.381792e+03 
1.791919e-01 2.183827e+03 2.312480e+03 
1.822121e-01 2.144480e+03 2.245961e+03 
1.852323e-01 2.109619e+03 2.182093e+03 
1.882525e-01 2.076914e+03 2.120743e+03 
1.912727e-01 2.044182e+03 2.061783e+03 
1.942929e-01 2.009521e+03 2.005097e+03 
1.973131e-01 1.971463e+03 1.950574e+03 
2.003333e-01 1.929052e+03 1.898108e+03 
2.033535e-01 1.882075e+03 1.847601e+03 
2.063737e-01 1.830881e+03 1.798961e+03 
2.093939e-01 1.776437e+03 1.752100e+03 
2.124141e-01 1.719971e+03 1.706934e+03 
2.154343e-01 1.662861e+03 1.663387e+03 
2.184545e-01 1.606454e+03 1.621385e+03 
2.214747e-01 1.551984e+03 1.580858e+03 
2.244949e-01 1.500498e+03 1.541739e+03 
2.275152e-01 1.452846e+03 1.503968e+03 
2.305354e-01 1.409564e+03 1.467484e+03 
2.335556e-01 1.370955e+03 1.432232e+03 
2.365758e-01 1.336959e+03 1.398159e+03 
2.395960e-01 1.307306e+03 1.365216e+03 
2.426162e-01 1.281459e+03 1.333353e+03 
2.456364e-01 1.258746e+03 1.302526e+03 
2.486566e-01 1.238363e+03 1.272692e+03 
2.516768e-01 1.219471e+03 1.243811e+03 
2.546970e-01 1.201227e+03 1.215843e+03 
2.577172e-01 1.182898e+03 1.188752e+03 
2.607374e-01 1.163861e+03 1.162503e+03 
2.637576e-01 1.143727e+03 1.137062e+03 
2.667778e-01 1.122273e+03 1.112398e+03 
2.697980e-01 1.099509e+03 1.088480e+03 
2.728182e-01 1.075577e+03 1.065279e+03 
2.758384e-01 1.050753e+03 1.042769e+03 
2.788586e-01 1.025383e+03 1.020923e+03 
2.818788e-01 9.998654e+02 9.997149e+02 
2.848990e-01 9.746202e+02 9.791223e+02 
2.879192e-01 9.500615e+02 9.591219e+02 
2.909394e-01 9.265597e+02 9.396920e+02 
2.939596e-01 9.044141e+02 9.208118e+02 
2.969798e-01 8.838189e+02 9.024614e+02 
3.000000e-01 8.648629e+02 8.846218e+02 
