1.000000e-03 3.297907e+03 3.297904e+03 
4.020202e-03 1.105465e+04 1.114131e+04 
7.040404e-03 1.623545e+04 1.634931e+04 
1.006061e-02 1.949314e+04 1.960524e+04 
1.308081e-02 2.131186e+04 2.141792e+04 
1.610101e-02 2.204896e+04 2.211461e+04 
1.912121e-02 2.198655e+04 2.196038e+04 
2.214141e-02 2.135763e+04 2.123501e+04 
2.516162e-02 2.035890e+04 2.020985e+04 
2.818182e-02 1.915199e+04 1.908696e+04 
3.120202e-02 1.786653e+04 1.797994e+04 
3.422222e-02 1.659879e+04 1.693687e+04 
3.724242e-02 1.541462e+04 1.597064e+04 
4.026263e-02 1.435460e+04 1.507940e+04 
4.328283e-02 1.343558e+04 1.425658e+04 
4.630303e-02 1.265226e+04 1.349501e+04 
4.932323e-02 1.200493e+04 1.278823e+04 
5.234343e-02 1.147708e+04 1.213073e+04 
5.536364e-02 1.103074e+04 1.151785e+04 
5.838384e-02 1.064211e+04 1.094563e+04 
6.140404e-02 1.029073e+04 1.041064e+04 
6.442424e-02 9.955498e+03 9.909880e+03 
6.744444e-02 9.616620e+03 9.440664e+03 
7.046465e-02 9.260434e+03 9.000594e+03 
7.348485e-02 8.880036e+03 8.587495e+03 
7.650505e-02 8.475166e+03 8.199388e+03 
7.952525e-02 8.051817e+03 7.834461e+03 
8.254545e-02 7.619803e+03 7.491058e+03 
8.556566e-02 7.190452e+03 7.167653e+03 
8.858586e-02 6.774346e+03 6.862847e+03 
9.160606e-02 6.380671e+03 6.575350e+03 
9.462626e-02 6.016882e+03 6.303973e+03 
9.764646e-02 5.688642e+03 6.047621e+03 
1.006667e-01 5.400081e+03 5.805281e+03 
1.036869e-01 5.152544e+03 5.576020e+03 
1.067071e-01 4.944976e+03 5.358976e+03 
1.097273e-01 4.773205e+03 5.153351e+03 
1.127475e-01 4.631069e+03 4.958407e+03 
1.157677e-01 4.510807e+03 4.773462e+03 
1.187879e-01 4.404835e+03 4.597883e+03 
1.218081e-01 4.305978e+03 4.431085e+03 
1.248283e-01 4.208513e+03 4.272523e+03 
1.278485e-01 4.107705e+03 4.121695e+03 
1.308687e-01 4.000336e+03 3.978131e+03 
1.338889e-01 3.884428e+03 3.841397e+03 
1.369091e-01 3.759706e+03 3.711088e+03 
1.399293e-01 3.627063e+03 3.586828e+03 
1.429495e-01 3.488516e+03 3.468267e+03 
1.459697e-01 3.346971e+03 3.355077e+03 
1.489899e-01 3.205841e+03 3.246956e+03 
1.520101e-01 3.068390e+03 3.143618e+03 
1.550303e-01 2.937672e+03 3.044799e+03 
1.580505e-01 2.816204e+03 2.950250e+03 
1.610707e-01 2.705952e+03 2.859740e+03 
1.640909e-01 2.607983e+03 2.773053e+03 
1.671111e-01 2.522530e+03 2.689985e+03 
1.701313e-01 2.448905e+03 2.610346e+03 
1.731515e-01 2.385718e+03 2.533958e+03 
1.761717e-01 2.331087e+03 2.460654e+03 
1.791919e-01 2.282961e+03 2.390277e+03 
1.822121e-01 2.239249e+03 2.322680e+03 
1.852323e-01 2.197963e+03 2.257723e+03 
1.882525e-01 2.157273e+03 2.195277e+03 
1.912727e-01 2.115653e+03 2.135220e+03 
1.942929e-01 2.071891e+03 2.077435e+03 
1.973131e-01 2.025165e+03 2.021814e+03 
2.003333e-01 1.975242e+03 1.968255e+03 
2.033535e-01 1.922398e+03 1.916660e+03 
2.063737e-01 1.867406e+03 1.866939e+03 
2.093939e-01 1.811277e+03 1.819006e+03 
2.124141e-01 1.755072e+03 1.772778e+03 
2.154343e-01 1.699834e+03 1.728179e+03 
2.184545e-01 1.646527e+03 1.685136e+03 
2.214747e-01 1.595971e+03 1.643581e+03 
2.244949e-01 1.548789e+03 1.603448e+03 
2.275152e-01 1.505417e+03 1.564675e+03 
2.305354e-01 1.466104e+03 1.527204e+03 
2.335556e-01 1.430771e+03 1.490980e+03 
2.365758e-01 1.399119e+03 1.455948e+03 
2.395960e-01 1.370627e+03 1.422061e+03 
2.426162e-01 1.344694e+03 1.389270e+03 
2.456364e-01 1.320670e+03 1.357530e+03 
2.486566e-01 1.297922e+03 1.326798e+03 
2.516768e-01 1.275851e+03 1.297033e+03 
2.546970e-01 1.253920e+03 1.268198e+03 
2.577172e-01 1.231663e+03 1.240254e+03 
2.607374e-01 1.208745e+03 1.213167e+03 
2.637576e-01 1.184953e+03 1.186904e+03 
2.667778e-01 1.160289e+03 1.161431e+03 
2.697980e-01 1.134890e+03 1.136720e+03 
2.728182e-01 1.109062e+03 1.112741e+03 
2.758384e-01 1.083145e+03 1.089467e+03 
2.788586e-01 1.057483e+03 1.066870e+03 
2.818788e-01 1.032381e+03 1.044927e+03 
2.848990e-01 1.008104e+03 1.023612e+03 
2.879192e-01 9.848627e+02 1.002903e+03 
2.909394e-01 9.628255e+02 9.827780e+02 
2.939596e-01 9.421060e+02 9.632160e+02 
2.969798e-01 9.227733e+02 9.441967e+02 
3.000000e-01 9.048144e+02 9.257010e+02 
