1.000000e-03 3.265800e+03 3.265797e+03 
4.020202e-03 1.092861e+04 1.101476e+04 
7.040404e-03 1.593139e+04 1.603477e+04 
1.006061e-02 1.898928e+04 1.907124e+04 
1.308081e-02 2.063045e+04 2.067785e+04 
1.610101e-02 2.123634e+04 2.121808e+04 
1.912121e-02 2.109911e+04 2.099050e+04 
2.214141e-02 2.045319e+04 2.028607e+04 
2.516162e-02 1.948986e+04 1.935215e+04 
2.818182e-02 1.836119e+04 1.835049e+04 
3.120202e-02 1.718398e+04 1.736312e+04 
3.422222e-02 1.604156e+04 1.642280e+04 
3.724242e-02 1.498742e+04 1.553889e+04 
4.026263e-02 1.405045e+04 1.471146e+04 
4.328283e-02 1.324005e+04 1.393756e+04 
4.630303e-02 1.254736e+04 1.321356e+04 
4.932323e-02 1.196176e+04 1.253592e+04 
5.234343e-02 1.146509e+04 1.190134e+04 
5.536364e-02 1.102477e+04 1.130683e+04 
5.838384e-02 1.061859e+04 1.074960e+04 
6.140404e-02 1.022917e+04 1.022710e+04 
6.442424e-02 9.839159e+03 9.736927e+03 
6.744444e-02 9.438270e+03 9.276861e+03 
7.046465e-02 9.021942e+03 8.844825e+03 
7.348485e-02 8.590703e+03 8.438882e+03 
7.650505e-02 8.150617e+03 8.057231e+03 
7.952525e-02 7.710940e+03 7.698192e+03 
8.254545e-02 7.282297e+03 7.360206e+03 
8.556566e-02 6.873989e+03 7.041826e+03 
8.858586e-02 6.493487e+03 6.741709e+03 
9.160606e-02 6.146438e+03 6.458610e+03 
9.462626e-02 5.836715e+03 6.191377e+03 
9.764646e-02 5.565813e+03 5.938942e+03 
1.006667e-01 5.333318e+03 5.700317e+03 
1.036869e-01 5.135565e+03 5.474587e+03 
1.067071e-01 4.967047e+03 5.260905e+03 
1.097273e-01 4.820369e+03 5.058488e+03 
1.127475e-01 4.688004e+03 4.866608e+03 
1.157677e-01 4.563301e+03 4.684593e+03 
1.187879e-01 4.440657e+03 4.511819e+03 
1.218081e-01 4.315924e+03 4.347708e+03 
1.248283e-01 4.186423e+03 4.191724e+03 
1.278485e-01 4.050900e+03 4.043368e+03 
1.308687e-01 3.909565e+03 3.902178e+03 
1.338889e-01 3.763682e+03 3.767724e+03 
1.369091e-01 3.615791e+03 3.639606e+03 
1.399293e-01 3.468883e+03 3.517453e+03 
1.429495e-01 3.325922e+03 3.400917e+03 
1.459697e-01 3.189553e+03 3.289678e+03 
1.489899e-01 3.061771e+03 3.183433e+03 
1.520101e-01 2.944109e+03 3.081901e+03 
1.550303e-01 2.837573e+03 2.984822e+03 
1.580505e-01 2.742550e+03 2.891950e+03 
1.610707e-01 2.658832e+03 2.803056e+03 
1.640909e-01 2.585231e+03 2.717926e+03 
1.671111e-01 2.519985e+03 2.636360e+03 
1.701313e-01 2.460924e+03 2.558170e+03 
1.731515e-01 2.405863e+03 2.483180e+03 
1.761717e-01 2.352947e+03 2.411226e+03 
1.791919e-01 2.300645e+03 2.342151e+03 
1.822121e-01 2.247902e+03 2.275811e+03 
1.852323e-01 2.193979e+03 2.212070e+03 
1.882525e-01 2.138460e+03 2.150798e+03 
1.912727e-01 2.081262e+03 2.091874e+03 
1.942929e-01 2.022586e+03 2.035186e+03 
1.973131e-01 1.963138e+03 1.980625e+03 
2.003333e-01 1.903848e+03 1.928091e+03 
2.033535e-01 1.845682e+03 1.877488e+03 
2.063737e-01 1.789551e+03 1.828727e+03 
2.093939e-01 1.736188e+03 1.781721e+03 
2.124141e-01 1.686115e+03 1.736393e+03 
2.154343e-01 1.639564e+03 1.692664e+03 
2.184545e-01 1.596594e+03 1.650465e+03 
2.214747e-01 1.557103e+03 1.609726e+03 
2.244949e-01 1.520805e+03 1.570384e+03 
2.275152e-01 1.487294e+03 1.532378e+03 
2.305354e-01 1.456069e+03 1.495650e+03 
2.335556e-01 1.426597e+03 1.460146e+03 
2.365758e-01 1.398342e+03 1.425814e+03 
2.395960e-01 1.370814e+03 1.392605e+03 
2.426162e-01 1.343605e+03 1.360471e+03 
2.456364e-01 1.316393e+03 1.329369e+03 
2.486566e-01 1.288954e+03 1.299257e+03 
2.516768e-01 1.261202e+03 1.270094e+03 
2.546970e-01 1.233176e+03 1.241843e+03 
2.577172e-01 1.205063e+03 1.214466e+03 
2.607374e-01 1.177123e+03 1.187930e+03 
2.637576e-01 1.149623e+03 1.162202e+03 
2.667778e-01 1.122814e+03 1.137250e+03 
2.697980e-01 1.096895e+03 1.113045e+03 
2.728182e-01 1.072020e+03 1.089557e+03 
2.758384e-01 1.048280e+03 1.066761e+03 
2.788586e-01 1.025728e+03 1.044629e+03 
2.818788e-01 1.004383e+03 1.023138e+03 
2.848990e-01 9.842120e+02 1.002263e+03 
2.879192e-01 9.651396e+02 9.819822e+02 
2.909394e-01 9.470247e+02 9.622740e+02 
2.939596e-01 9.296970e+02 9.431175e+02 
2.969798e-01 9.129765e+02 9.244931e+02 
3.000000e-01 8.967002e+02 9.063820e+02 
