1.000000e-03 7.201635e+03 7.201628e+03 
4.020202e-03 2.336879e+04 2.355746e+04 
7.040404e-03 3.339041e+04 3.366205e+04 
1.006061e-02 3.904318e+04 3.941467e+04 
1.308081e-02 4.152141e+04 4.203298e+04 
1.610101e-02 4.167382e+04 4.220556e+04 
1.912121e-02 4.016199e+04 4.047247e+04 
2.214141e-02 3.754104e+04 3.748212e+04 
2.516162e-02 3.427677e+04 3.395089e+04 
2.818182e-02 3.075231e+04 3.045015e+04 
3.120202e-02 2.726339e+04 2.729003e+04 
3.422222e-02 2.401899e+04 2.456425e+04 
3.724242e-02 2.114895e+04 2.225064e+04 
4.026263e-02 1.871804e+04 2.028635e+04 
4.328283e-02 1.672169e+04 1.860513e+04 
4.630303e-02 1.514914e+04 1.715055e+04 
4.932323e-02 1.397113e+04 1.587818e+04 
5.234343e-02 1.310853e+04 1.475404e+04 
5.536364e-02 1.249245e+04 1.375226e+04 
5.838384e-02 1.205543e+04 1.285299e+04 
6.140404e-02 1.173144e+04 1.204080e+04 
6.442424e-02 1.146819e+04 1.130347e+04 
6.744444e-02 1.121846e+04 1.063120e+04 
7.046465e-02 1.094056e+04 1.001595e+04 
7.348485e-02 1.060182e+04 9.451093e+03 
7.650505e-02 1.018377e+04 8.931017e+03 
7.952525e-02 9.683025e+03 8.450975e+03 
8.254545e-02 9.110177e+03 8.006885e+03 
8.556566e-02 8.487256e+03 7.595211e+03 
8.858586e-02 7.841411e+03 7.212870e+03 
9.160606e-02 7.199931e+03 6.857154e+03 
9.462626e-02 6.588301e+03 6.525674e+03 
9.764646e-02 6.026673e+03 6.216308e+03 
1.006667e-01 5.530722e+03 5.927170e+03 
1.036869e-01 5.109520e+03 5.656571e+03 
1.067071e-01 4.766826e+03 5.402996e+03 
1.097273e-01 4.500755e+03 5.165084e+03 
1.127475e-01 4.304873e+03 4.941606e+03 
1.157677e-01 4.169685e+03 4.731450e+03 
1.187879e-01 4.083164e+03 4.533610e+03 
1.218081e-01 4.032247e+03 4.347171e+03 
1.248283e-01 4.003199e+03 4.171301e+03 
1.278485e-01 3.982948e+03 4.005241e+03 
1.308687e-01 3.959399e+03 3.848298e+03 
1.338889e-01 3.922719e+03 3.699840e+03 
1.369091e-01 3.865079e+03 3.559284e+03 
1.399293e-01 3.781759e+03 3.426099e+03 
1.429495e-01 3.670695e+03 3.299796e+03 
1.459697e-01 3.532763e+03 3.179923e+03 
1.489899e-01 3.372010e+03 3.066068e+03 
1.520101e-01 3.194672e+03 2.957846e+03 
1.550303e-01 3.008855e+03 2.854905e+03 
1.580505e-01 2.823017e+03 2.756919e+03 
1.610707e-01 2.645304e+03 2.663585e+03 
1.640909e-01 2.481963e+03 2.574623e+03 
1.671111e-01 2.337348e+03 2.489773e+03 
1.701313e-01 2.213764e+03 2.408796e+03 
1.731515e-01 2.112198e+03 2.331465e+03 
1.761717e-01 2.032160e+03 2.257574e+03 
1.791919e-01 1.972310e+03 2.186927e+03 
1.822121e-01 1.930469e+03 2.119345e+03 
1.852323e-01 1.903490e+03 2.054658e+03 
1.882525e-01 1.887568e+03 1.992709e+03 
1.912727e-01 1.878369e+03 1.933350e+03 
1.942929e-01 1.871565e+03 1.876444e+03 
1.973131e-01 1.863110e+03 1.821863e+03 
2.003333e-01 1.849746e+03 1.769485e+03 
2.033535e-01 1.829004e+03 1.719198e+03 
2.063737e-01 1.799421e+03 1.670894e+03 
2.093939e-01 1.760299e+03 1.624476e+03 
2.124141e-01 1.711976e+03 1.579849e+03 
2.154343e-01 1.655553e+03 1.536925e+03 
2.184545e-01 1.592900e+03 1.495621e+03 
2.214747e-01 1.526439e+03 1.455860e+03 
2.244949e-01 1.458841e+03 1.417569e+03 
2.275152e-01 1.392608e+03 1.380677e+03 
2.305354e-01 1.329949e+03 1.345121e+03 
2.335556e-01 1.272600e+03 1.310838e+03 
2.365758e-01 1.221777e+03 1.277770e+03 
2.395960e-01 1.178221e+03 1.245862e+03 
2.426162e-01 1.142179e+03 1.215063e+03 
2.456364e-01 1.113507e+03 1.185324e+03 
2.486566e-01 1.091525e+03 1.156597e+03 
2.516768e-01 1.075228e+03 1.128840e+03 
2.546970e-01 1.063310e+03 1.102009e+03 
2.577172e-01 1.054323e+03 1.076067e+03 
2.607374e-01 1.046788e+03 1.050974e+03 
2.637576e-01 1.039380e+03 1.026697e+03 
2.667778e-01 1.030932e+03 1.003200e+03 
2.697980e-01 1.020492e+03 9.804527e+02 
2.728182e-01 1.007360e+03 9.584234e+02 
2.758384e-01 9.910745e+02 9.370837e+02 
2.788586e-01 9.715256e+02 9.164058e+02 
2.818788e-01 9.488735e+02 8.963637e+02 
2.848990e-01 9.236542e+02 8.769323e+02 
2.879192e-01 8.965850e+02 8.580879e+02 
2.909394e-01 8.685287e+02 8.398078e+02 
2.939596e-01 8.403656e+02 8.220705e+02 
2.969798e-01 8.129395e+02 8.048552e+02 
3.000000e-01 7.869294e+02 7.881425e+02 
