1.000000e-03 5.300727e+03 5.300722e+03 
4.020202e-03 1.787475e+04 1.801763e+04 
7.040404e-03 2.609651e+04 2.630435e+04 
1.006061e-02 3.103564e+04 3.131268e+04 
1.308081e-02 3.350353e+04 3.388069e+04 
1.610101e-02 3.410570e+04 3.450318e+04 
1.912121e-02 3.333198e+04 3.357105e+04 
2.214141e-02 3.159972e+04 3.155942e+04 
2.516162e-02 2.927025e+04 2.901131e+04 
2.818182e-02 2.664649e+04 2.638236e+04 
3.120202e-02 2.396969e+04 2.394084e+04 
3.422222e-02 2.141823e+04 2.178745e+04 
3.724242e-02 1.911045e+04 1.992582e+04 
4.026263e-02 1.711419e+04 1.832040e+04 
4.328283e-02 1.544134e+04 1.692761e+04 
4.630303e-02 1.409122e+04 1.570810e+04 
4.932323e-02 1.305389e+04 1.462993e+04 
5.234343e-02 1.227187e+04 1.366820e+04 
5.536364e-02 1.169451e+04 1.280367e+04 
5.838384e-02 1.127392e+04 1.202145e+04 
6.140404e-02 1.095557e+04 1.130982e+04 
6.442424e-02 1.069356e+04 1.065946e+04 
6.744444e-02 1.044817e+04 1.006280e+04 
7.046465e-02 1.018547e+04 9.513610e+03 
7.348485e-02 9.879385e+03 9.006684e+03 
7.650505e-02 9.513878e+03 8.537607e+03 
7.952525e-02 9.083938e+03 8.102595e+03 
8.254545e-02 8.595444e+03 7.698378e+03 
8.556566e-02 8.062995e+03 7.322098e+03 
8.858586e-02 7.506235e+03 6.971244e+03 
9.160606e-02 6.946854e+03 6.643599e+03 
9.462626e-02 6.406181e+03 6.337188e+03 
9.764646e-02 5.902558e+03 6.050249e+03 
1.006667e-01 5.450881e+03 5.781204e+03 
1.036869e-01 5.060082e+03 5.528633e+03 
1.067071e-01 4.734825e+03 5.291253e+03 
1.097273e-01 4.474383e+03 5.067906e+03 
1.127475e-01 4.274724e+03 4.857541e+03 
1.157677e-01 4.128621e+03 4.659202e+03 
1.187879e-01 4.027050e+03 4.472020e+03 
1.218081e-01 3.959798e+03 4.295201e+03 
1.248283e-01 3.915683e+03 4.128019e+03 
1.278485e-01 3.883441e+03 3.969811e+03 
1.308687e-01 3.852220e+03 3.819967e+03 
1.338889e-01 3.812748e+03 3.677930e+03 
1.369091e-01 3.757580e+03 3.543183e+03 
1.399293e-01 3.682273e+03 3.415255e+03 
1.429495e-01 3.584539e+03 3.293709e+03 
1.459697e-01 3.464801e+03 3.178142e+03 
1.489899e-01 3.325320e+03 3.068183e+03 
1.520101e-01 3.170290e+03 2.963486e+03 
1.550303e-01 3.005482e+03 2.863732e+03 
1.580505e-01 2.837617e+03 2.768628e+03 
1.610707e-01 2.673520e+03 2.677897e+03 
1.640909e-01 2.519372e+03 2.591285e+03 
1.671111e-01 2.379913e+03 2.508555e+03 
1.701313e-01 2.258164e+03 2.429487e+03 
1.731515e-01 2.155477e+03 2.353874e+03 
1.761717e-01 2.071757e+03 2.281526e+03 
1.791919e-01 2.006041e+03 2.212263e+03 
1.822121e-01 1.956578e+03 2.145919e+03 
1.852323e-01 1.921135e+03 2.082337e+03 
1.882525e-01 1.896959e+03 2.021372e+03 
1.912727e-01 1.880742e+03 1.962886e+03 
1.942929e-01 1.868814e+03 1.906751e+03 
1.973131e-01 1.857488e+03 1.852848e+03 
2.003333e-01 1.843408e+03 1.801063e+03 
2.033535e-01 1.823982e+03 1.751291e+03 
2.063737e-01 1.797494e+03 1.703431e+03 
2.093939e-01 1.763123e+03 1.657392e+03 
2.124141e-01 1.720908e+03 1.613084e+03 
2.154343e-01 1.671464e+03 1.570424e+03 
2.184545e-01 1.616048e+03 1.529335e+03 
2.214747e-01 1.556313e+03 1.489743e+03 
2.244949e-01 1.494305e+03 1.451578e+03 
2.275152e-01 1.432164e+03 1.414775e+03 
2.305354e-01 1.372005e+03 1.379272e+03 
2.335556e-01 1.315616e+03 1.345010e+03 
2.365758e-01 1.264439e+03 1.311935e+03 
2.395960e-01 1.219360e+03 1.279993e+03 
2.426162e-01 1.180815e+03 1.249135e+03 
2.456364e-01 1.148798e+03 1.219315e+03 
2.486566e-01 1.122947e+03 1.190487e+03 
2.516768e-01 1.102643e+03 1.162610e+03 
2.546970e-01 1.086957e+03 1.135643e+03 
2.577172e-01 1.074789e+03 1.109549e+03 
2.607374e-01 1.064880e+03 1.084292e+03 
2.637576e-01 1.055975e+03 1.059837e+03 
2.667778e-01 1.046875e+03 1.036151e+03 
2.697980e-01 1.036592e+03 1.013205e+03 
2.728182e-01 1.024336e+03 9.909676e+02 
2.758384e-01 1.009619e+03 9.694118e+02 
2.788586e-01 9.922025e+02 9.485106e+02 
2.818788e-01 9.721096e+02 9.282387e+02 
2.848990e-01 9.495867e+02 9.085718e+02 
2.879192e-01 9.250504e+02 8.894869e+02 
2.909394e-01 8.991325e+02 8.709620e+02 
2.939596e-01 8.725404e+02 8.529760e+02 
2.969798e-01 8.460204e+02 8.355088e+02 
3.000000e-01 8.202868e+02 8.185415e+02 
