1.000000e-03 3.815732e+03 3.815729e+03 
4.020202e-03 1.274364e+04 1.284372e+04 
7.040404e-03 1.859356e+04 1.872570e+04 
1.006061e-02 2.216660e+04 2.230673e+04 
1.308081e-02 2.405149e+04 2.419855e+04 
1.610101e-02 2.467887e+04 2.478533e+04 
1.912121e-02 2.438808e+04 2.438223e+04 
2.214141e-02 2.346099e+04 2.333166e+04 
2.516162e-02 2.213294e+04 2.196784e+04 
2.818182e-02 2.059804e+04 2.053512e+04 
3.120202e-02 1.900832e+04 1.916430e+04 
3.422222e-02 1.747499e+04 1.790411e+04 
3.724242e-02 1.607123e+04 1.676118e+04 
4.026263e-02 1.483987e+04 1.572601e+04 
4.328283e-02 1.379133e+04 1.478520e+04 
4.630303e-02 1.291846e+04 1.392612e+04 
4.932323e-02 1.222039e+04 1.313807e+04 
5.234343e-02 1.166239e+04 1.241235e+04 
5.536364e-02 1.120261e+04 1.174184e+04 
5.838384e-02 1.081546e+04 1.112069e+04 
6.140404e-02 1.046926e+04 1.054397e+04 
6.442424e-02 1.013532e+04 1.000750e+04 
6.744444e-02 9.792264e+03 9.507660e+03 
7.046465e-02 9.424887e+03 9.041274e+03 
7.348485e-02 9.025923e+03 8.605532e+03 
7.650505e-02 8.595580e+03 8.197927e+03 
7.952525e-02 8.140673e+03 7.816210e+03 
8.254545e-02 7.672816e+03 7.458351e+03 
8.556566e-02 7.205416e+03 7.122514e+03 
8.858586e-02 6.751696e+03 6.807031e+03 
9.160606e-02 6.323486e+03 6.510383e+03 
9.462626e-02 5.930594e+03 6.231185e+03 
9.764646e-02 5.580909e+03 5.968173e+03 
1.006667e-01 5.278577e+03 5.720190e+03 
1.036869e-01 5.024918e+03 5.486174e+03 
1.067071e-01 4.817057e+03 5.265153e+03 
1.097273e-01 4.649691e+03 5.056233e+03 
1.127475e-01 4.514904e+03 4.858594e+03 
1.157677e-01 4.404231e+03 4.671478e+03 
1.187879e-01 4.309048e+03 4.494190e+03 
1.218081e-01 4.221498e+03 4.326088e+03 
1.248283e-01 4.134458e+03 4.166578e+03 
1.278485e-01 4.042184e+03 4.015113e+03 
1.308687e-01 3.940325e+03 3.871186e+03 
1.338889e-01 3.826539e+03 3.734329e+03 
1.369091e-01 3.700482e+03 3.604106e+03 
1.399293e-01 3.563660e+03 3.480116e+03 
1.429495e-01 3.419059e+03 3.361984e+03 
1.459697e-01 3.270421e+03 3.249364e+03 
1.489899e-01 3.121763e+03 3.141932e+03 
1.520101e-01 2.977017e+03 3.039388e+03 
1.550303e-01 2.839824e+03 2.941453e+03 
1.580505e-01 2.713267e+03 2.847865e+03 
1.610707e-01 2.599772e+03 2.758383e+03 
1.640909e-01 2.500552e+03 2.672779e+03 
1.671111e-01 2.415890e+03 2.590841e+03 
1.701313e-01 2.344779e+03 2.512371e+03 
1.731515e-01 2.285536e+03 2.437185e+03 
1.761717e-01 2.235774e+03 2.365108e+03 
1.791919e-01 2.193022e+03 2.295978e+03 
1.822121e-01 2.154820e+03 2.229643e+03 
1.852323e-01 2.118858e+03 2.165959e+03 
1.882525e-01 2.082982e+03 2.104794e+03 
1.912727e-01 2.045373e+03 2.046021e+03 
1.942929e-01 2.004568e+03 1.989521e+03 
1.973131e-01 1.959696e+03 1.935183e+03 
2.003333e-01 1.910525e+03 1.882902e+03 
2.033535e-01 1.857497e+03 1.832580e+03 
2.063737e-01 1.801534e+03 1.784123e+03 
2.093939e-01 1.743854e+03 1.737444e+03 
2.124141e-01 1.685830e+03 1.692460e+03 
2.154343e-01 1.628812e+03 1.649093e+03 
2.184545e-01 1.573992e+03 1.607268e+03 
2.214747e-01 1.522372e+03 1.566918e+03 
2.244949e-01 1.474724e+03 1.527974e+03 
2.275152e-01 1.431512e+03 1.490376e+03 
2.305354e-01 1.392941e+03 1.454063e+03 
2.335556e-01 1.358869e+03 1.418981e+03 
2.365758e-01 1.328954e+03 1.385075e+03 
2.395960e-01 1.302623e+03 1.352297e+03 
2.426162e-01 1.279185e+03 1.320597e+03 
2.456364e-01 1.257836e+03 1.289932e+03 
2.486566e-01 1.237756e+03 1.260257e+03 
2.516768e-01 1.218142e+03 1.231533e+03 
2.546970e-01 1.198299e+03 1.203720e+03 
2.577172e-01 1.177659e+03 1.176782e+03 
2.607374e-01 1.155902e+03 1.150683e+03 
2.637576e-01 1.132897e+03 1.125391e+03 
2.667778e-01 1.108733e+03 1.100873e+03 
2.697980e-01 1.083627e+03 1.077099e+03 
2.728182e-01 1.057887e+03 1.054041e+03 
2.758384e-01 1.031880e+03 1.031671e+03 
2.788586e-01 1.005995e+03 1.009962e+03 
2.818788e-01 9.806232e+02 9.888904e+02 
2.848990e-01 9.561349e+02 9.684317e+02 
2.879192e-01 9.328661e+02 9.485633e+02 
2.909394e-01 9.110575e+02 9.292633e+02 
2.939596e-01 8.908584e+02 9.105110e+02 
2.969798e-01 8.722876e+02 8.922866e+02 
3.000000e-01 8.552801e+02 8.745711e+02 
