1.000000e-03 2.838612e+03 2.838610e+03 
4.020202e-03 9.687923e+03 9.764763e+03 
7.040404e-03 1.427845e+04 1.437229e+04 
1.006061e-02 1.716812e+04 1.724047e+04 
1.308081e-02 1.879836e+04 1.883585e+04 
1.610101e-02 1.949536e+04 1.947299e+04 
1.912121e-02 1.951185e+04 1.940944e+04 
2.214141e-02 1.905264e+04 1.889536e+04 
2.516162e-02 1.828506e+04 1.814710e+04 
2.818182e-02 1.734503e+04 1.731117e+04 
3.120202e-02 1.633756e+04 1.646610e+04 
3.422222e-02 1.533948e+04 1.564660e+04 
3.724242e-02 1.440293e+04 1.486537e+04 
4.026263e-02 1.355772e+04 1.412572e+04 
4.328283e-02 1.280609e+04 1.342735e+04 
4.630303e-02 1.216038e+04 1.276874e+04 
4.932323e-02 1.161747e+04 1.214800e+04 
5.234343e-02 1.114588e+04 1.156315e+04 
5.536364e-02 1.072396e+04 1.101224e+04 
5.838384e-02 1.033522e+04 1.049337e+04 
6.140404e-02 9.964590e+03 1.000469e+04 
6.442424e-02 9.597365e+03 9.544395e+03 
6.744444e-02 9.222696e+03 9.110781e+03 
7.046465e-02 8.835458e+03 8.702199e+03 
7.348485e-02 8.435470e+03 8.317079e+03 
7.650505e-02 8.026834e+03 7.953937e+03 
7.952525e-02 7.617360e+03 7.611369e+03 
8.254545e-02 7.216211e+03 7.288054e+03 
8.556566e-02 6.831913e+03 6.982750e+03 
8.858586e-02 6.471375e+03 6.694296e+03 
9.160606e-02 6.139372e+03 6.421605e+03 
9.462626e-02 5.839268e+03 6.163663e+03 
9.764646e-02 5.573080e+03 5.919526e+03 
1.006667e-01 5.340817e+03 5.688311e+03 
1.036869e-01 5.140953e+03 5.469198e+03 
1.067071e-01 4.968920e+03 5.261426e+03 
1.097273e-01 4.819036e+03 5.064283e+03 
1.127475e-01 4.684519e+03 4.877109e+03 
1.157677e-01 4.559011e+03 4.699290e+03 
1.187879e-01 4.437080e+03 4.530254e+03 
1.218081e-01 4.314674e+03 4.369470e+03 
1.248283e-01 4.189237e+03 4.216441e+03 
1.278485e-01 4.059393e+03 4.070708e+03 
1.308687e-01 3.924758e+03 3.931840e+03 
1.338889e-01 3.786243e+03 3.799437e+03 
1.369091e-01 3.645559e+03 3.673127e+03 
1.399293e-01 3.505060e+03 3.552560e+03 
1.429495e-01 3.367310e+03 3.437413e+03 
1.459697e-01 3.234735e+03 3.327381e+03 
1.489899e-01 3.109465e+03 3.222182e+03 
1.520101e-01 2.992892e+03 3.121550e+03 
1.550303e-01 2.886031e+03 3.025237e+03 
1.580505e-01 2.789401e+03 2.933011e+03 
1.610707e-01 2.703002e+03 2.844656e+03 
1.640909e-01 2.626184e+03 2.759966e+03 
1.671111e-01 2.557727e+03 2.678752e+03 
1.701313e-01 2.495895e+03 2.600833e+03 
1.731515e-01 2.438835e+03 2.526042e+03 
1.761717e-01 2.384674e+03 2.454221e+03 
1.791919e-01 2.331925e+03 2.385222e+03 
1.822121e-01 2.279376e+03 2.318903e+03 
1.852323e-01 2.226281e+03 2.255135e+03 
1.882525e-01 2.172138e+03 2.193794e+03 
1.912727e-01 2.116758e+03 2.134762e+03 
1.942929e-01 2.060181e+03 2.077930e+03 
1.973131e-01 2.002833e+03 2.023194e+03 
2.003333e-01 1.945322e+03 1.970457e+03 
2.033535e-01 1.888469e+03 1.919626e+03 
2.063737e-01 1.833082e+03 1.870614e+03 
2.093939e-01 1.779909e+03 1.823338e+03 
2.124141e-01 1.729479e+03 1.777721e+03 
2.154343e-01 1.682119e+03 1.733688e+03 
2.184545e-01 1.637988e+03 1.691171e+03 
2.214747e-01 1.597116e+03 1.650102e+03 
2.244949e-01 1.559326e+03 1.610419e+03 
2.275152e-01 1.524327e+03 1.572064e+03 
2.305354e-01 1.491704e+03 1.534978e+03 
2.335556e-01 1.460999e+03 1.499110e+03 
2.365758e-01 1.431736e+03 1.464408e+03 
2.395960e-01 1.403466e+03 1.430824e+03 
2.426162e-01 1.375811e+03 1.398312e+03 
2.456364e-01 1.348461e+03 1.366828e+03 
2.486566e-01 1.321197e+03 1.336332e+03 
2.516768e-01 1.293864e+03 1.306784e+03 
2.546970e-01 1.266373e+03 1.278146e+03 
2.577172e-01 1.238767e+03 1.250383e+03 
2.607374e-01 1.211193e+03 1.223460e+03 
2.637576e-01 1.183872e+03 1.197346e+03 
2.667778e-01 1.157055e+03 1.172009e+03 
2.697980e-01 1.130975e+03 1.147419e+03 
2.728182e-01 1.105827e+03 1.123550e+03 
2.758384e-01 1.081698e+03 1.100373e+03 
2.788586e-01 1.058631e+03 1.077863e+03 
2.818788e-01 1.036637e+03 1.055996e+03 
2.848990e-01 1.015710e+03 1.034748e+03 
2.879192e-01 9.958188e+02 1.014097e+03 
2.909394e-01 9.769029e+02 9.940211e+02 
2.939596e-01 9.588582e+02 9.745005e+02 
2.969798e-01 9.415514e+02 9.555153e+02 
3.000000e-01 9.248245e+02 9.370468e+02 
