1.000000e-03 4.685985e+03 4.685981e+03 
4.020202e-03 1.572166e+04 1.584659e+04 
7.040404e-03 2.299400e+04 2.317248e+04 
1.006061e-02 2.744120e+04 2.766458e+04 
1.308081e-02 2.976102e+04 3.004923e+04 
1.610101e-02 3.047166e+04 3.076344e+04 
1.912121e-02 2.998818e+04 3.014951e+04 
2.214141e-02 2.866393e+04 2.860745e+04 
2.516162e-02 2.680186e+04 2.658405e+04 
2.818182e-02 2.465714e+04 2.445267e+04 
3.120202e-02 2.243429e+04 2.243687e+04 
3.422222e-02 2.028719e+04 2.062676e+04 
3.724242e-02 1.831959e+04 1.903397e+04 
4.026263e-02 1.659477e+04 1.763701e+04 
4.328283e-02 1.513067e+04 1.640603e+04 
4.630303e-02 1.392550e+04 1.531298e+04 
4.932323e-02 1.297927e+04 1.433453e+04 
5.234343e-02 1.225021e+04 1.345219e+04 
5.536364e-02 1.169067e+04 1.265141e+04 
5.838384e-02 1.126211e+04 1.192078e+04 
6.140404e-02 1.092268e+04 1.125118e+04 
6.442424e-02 1.063222e+04 1.063522e+04 
6.744444e-02 1.035524e+04 1.006684e+04 
7.046465e-02 1.006335e+04 9.540943e+03 
7.348485e-02 9.735957e+03 9.053235e+03 
7.650505e-02 9.360998e+03 8.600010e+03 
7.952525e-02 8.935491e+03 8.178058e+03 
8.254545e-02 8.465568e+03 7.784569e+03 
8.556566e-02 7.963636e+03 7.417062e+03 
8.858586e-02 7.445876e+03 7.073337e+03 
9.160606e-02 6.929835e+03 6.751431e+03 
9.462626e-02 6.432479e+03 6.449582e+03 
9.764646e-02 5.969339e+03 6.166207e+03 
1.006667e-01 5.552413e+03 5.899878e+03 
1.036869e-01 5.190055e+03 5.649300e+03 
1.067071e-01 4.885885e+03 5.413299e+03 
1.097273e-01 4.639194e+03 5.190807e+03 
1.127475e-01 4.445821e+03 4.980851e+03 
1.157677e-01 4.298892e+03 4.782543e+03 
1.187879e-01 4.190164e+03 4.595069e+03 
1.218081e-01 4.110331e+03 4.417684e+03 
1.248283e-01 4.049821e+03 4.249706e+03 
1.278485e-01 3.998997e+03 4.090507e+03 
1.308687e-01 3.948852e+03 3.939509e+03 
1.338889e-01 3.891231e+03 3.796181e+03 
1.369091e-01 3.820283e+03 3.660031e+03 
1.399293e-01 3.732014e+03 3.530606e+03 
1.429495e-01 3.625225e+03 3.407489e+03 
1.459697e-01 3.500655e+03 3.290290e+03 
1.489899e-01 3.361034e+03 3.178652e+03 
1.520101e-01 3.210331e+03 3.072241e+03 
1.550303e-01 3.053343e+03 2.970749e+03 
1.580505e-01 2.895442e+03 2.873887e+03 
1.610707e-01 2.742019e+03 2.781390e+03 
1.640909e-01 2.598077e+03 2.693008e+03 
1.671111e-01 2.467603e+03 2.608510e+03 
1.701313e-01 2.353313e+03 2.527681e+03 
1.731515e-01 2.256239e+03 2.450317e+03 
1.761717e-01 2.176233e+03 2.376232e+03 
1.791919e-01 2.112065e+03 2.305250e+03 
1.822121e-01 2.061949e+03 2.237205e+03 
1.852323e-01 2.023543e+03 2.171944e+03 
1.882525e-01 1.994259e+03 2.109322e+03 
1.912727e-01 1.971299e+03 2.049204e+03 
1.942929e-01 1.951640e+03 1.991463e+03 
1.973131e-01 1.932230e+03 1.935980e+03 
2.003333e-01 1.910362e+03 1.882642e+03 
2.033535e-01 1.883822e+03 1.831344e+03 
2.063737e-01 1.851209e+03 1.781988e+03 
2.093939e-01 1.811940e+03 1.734479e+03 
2.124141e-01 1.766217e+03 1.688730e+03 
2.154343e-01 1.714878e+03 1.644658e+03 
2.184545e-01 1.659158e+03 1.602185e+03 
2.214747e-01 1.600635e+03 1.561237e+03 
2.244949e-01 1.541006e+03 1.521745e+03 
2.275152e-01 1.482018e+03 1.483642e+03 
2.305354e-01 1.425285e+03 1.446866e+03 
2.335556e-01 1.372241e+03 1.411359e+03 
2.365758e-01 1.323954e+03 1.377064e+03 
2.395960e-01 1.281185e+03 1.343930e+03 
2.426162e-01 1.244205e+03 1.311906e+03 
2.456364e-01 1.212973e+03 1.280944e+03 
2.486566e-01 1.187087e+03 1.251000e+03 
2.516768e-01 1.165880e+03 1.222031e+03 
2.546970e-01 1.148470e+03 1.193996e+03 
2.577172e-01 1.133840e+03 1.166858e+03 
2.607374e-01 1.120924e+03 1.140580e+03 
2.637576e-01 1.108656e+03 1.115126e+03 
2.667778e-01 1.096078e+03 1.090464e+03 
2.697980e-01 1.082398e+03 1.066562e+03 
2.728182e-01 1.067040e+03 1.043391e+03 
2.758384e-01 1.049624e+03 1.020922e+03 
2.788586e-01 1.030041e+03 9.991282e+02 
2.818788e-01 1.008362e+03 9.779830e+02 
2.848990e-01 9.848740e+02 9.574620e+02 
2.879192e-01 9.599999e+02 9.375418e+02 
2.909394e-01 9.342951e+02 9.181999e+02 
2.939596e-01 9.083575e+02 8.994149e+02 
2.969798e-01 8.827976e+02 8.811662e+02 
3.000000e-01 8.581733e+02 8.634342e+02 
