1.000000e-03 6.163422e+03 6.163417e+03 
4.020202e-03 2.045451e+04 2.061805e+04 
7.040404e-03 2.978858e+04 3.003518e+04 
1.006061e-02 3.542697e+04 3.577334e+04 
1.308081e-02 3.827229e+04 3.877268e+04 
1.610101e-02 3.899001e+04 3.956939e+04 
1.912121e-02 3.811948e+04 3.855586e+04 
2.214141e-02 3.612374e+04 3.621197e+04 
2.516162e-02 3.340727e+04 3.313679e+04 
2.818182e-02 3.031600e+04 2.989017e+04 
3.120202e-02 2.713068e+04 2.684217e+04 
3.422222e-02 2.406378e+04 2.415515e+04 
3.724242e-02 2.126113e+04 2.185310e+04 
4.026263e-02 1.881069e+04 1.989612e+04 
4.328283e-02 1.673814e+04 1.822643e+04 
4.630303e-02 1.504637e+04 1.678913e+04 
4.932323e-02 1.372622e+04 1.553869e+04 
5.234343e-02 1.272623e+04 1.443942e+04 
5.536364e-02 1.198916e+04 1.346388e+04 
5.838384e-02 1.146100e+04 1.259100e+04 
6.140404e-02 1.108977e+04 1.180453e+04 
6.442424e-02 1.082098e+04 1.109171e+04 
6.744444e-02 1.060550e+04 1.044244e+04 
7.046465e-02 1.040176e+04 9.848527e+03 
7.348485e-02 1.017396e+04 9.303284e+03 
7.650505e-02 9.895108e+03 8.801143e+03 
7.952525e-02 9.548659e+03 8.337419e+03 
8.254545e-02 9.129610e+03 7.908126e+03 
8.556566e-02 8.643965e+03 7.509834e+03 
8.858586e-02 8.105914e+03 7.139571e+03 
9.160606e-02 7.535328e+03 6.794738e+03 
9.462626e-02 6.955115e+03 6.473053e+03 
9.764646e-02 6.387794e+03 6.172495e+03 
1.006667e-01 5.854486e+03 5.891270e+03 
1.036869e-01 5.371286e+03 5.627775e+03 
1.067071e-01 4.950007e+03 5.380575e+03 
1.097273e-01 4.595985e+03 5.148378e+03 
1.127475e-01 4.310431e+03 4.930023e+03 
1.157677e-01 4.089852e+03 4.724455e+03 
1.187879e-01 3.928228e+03 4.530722e+03 
1.218081e-01 3.817532e+03 4.347956e+03 
1.248283e-01 3.748298e+03 4.175369e+03 
1.278485e-01 3.710174e+03 4.012240e+03 
1.308687e-01 3.691899e+03 3.857911e+03 
1.338889e-01 3.682265e+03 3.711780e+03 
1.369091e-01 3.670523e+03 3.573295e+03 
1.399293e-01 3.647644e+03 3.441948e+03 
1.429495e-01 3.606337e+03 3.317273e+03 
1.459697e-01 3.542157e+03 3.198840e+03 
1.489899e-01 3.452740e+03 3.086253e+03 
1.520101e-01 3.338552e+03 2.979146e+03 
1.550303e-01 3.202104e+03 2.877180e+03 
1.580505e-01 3.048008e+03 2.780044e+03 
1.610707e-01 2.882496e+03 2.687446e+03 
1.640909e-01 2.712718e+03 2.599118e+03 
1.671111e-01 2.545897e+03 2.514810e+03 
1.701313e-01 2.388520e+03 2.434289e+03 
1.731515e-01 2.245468e+03 2.357341e+03 
1.761717e-01 2.119999e+03 2.283764e+03 
1.791919e-01 2.013787e+03 2.213369e+03 
1.822121e-01 1.927190e+03 2.145984e+03 
1.852323e-01 1.859706e+03 2.081443e+03 
1.882525e-01 1.809941e+03 2.019595e+03 
1.912727e-01 1.775925e+03 1.960297e+03 
1.942929e-01 1.755017e+03 1.903415e+03 
1.973131e-01 1.744022e+03 1.848824e+03 
2.003333e-01 1.739316e+03 1.796407e+03 
2.033535e-01 1.737131e+03 1.746054e+03 
2.063737e-01 1.733840e+03 1.697661e+03 
2.093939e-01 1.726389e+03 1.651131e+03 
2.124141e-01 1.712378e+03 1.606373e+03 
2.154343e-01 1.690233e+03 1.563302e+03 
2.184545e-01 1.659233e+03 1.521836e+03 
2.214747e-01 1.619352e+03 1.481899e+03 
2.244949e-01 1.571413e+03 1.443419e+03 
2.275152e-01 1.516754e+03 1.406329e+03 
2.305354e-01 1.457310e+03 1.370565e+03 
2.335556e-01 1.395261e+03 1.336065e+03 
2.365758e-01 1.332950e+03 1.302774e+03 
2.395960e-01 1.272557e+03 1.270638e+03 
2.426162e-01 1.216031e+03 1.239605e+03 
2.456364e-01 1.164795e+03 1.209627e+03 
2.486566e-01 1.119873e+03 1.180658e+03 
2.516768e-01 1.081781e+03 1.152655e+03 
2.546970e-01 1.050630e+03 1.125577e+03 
2.577172e-01 1.026154e+03 1.099385e+03 
2.607374e-01 1.007720e+03 1.074042e+03 
2.637576e-01 9.944567e+02 1.049512e+03 
2.667778e-01 9.852567e+02 1.025763e+03 
2.697980e-01 9.789039e+02 1.002763e+03 
2.728182e-01 9.740946e+02 9.804817e+02 
2.758384e-01 9.695848e+02 9.588902e+02 
2.788586e-01 9.642175e+02 9.379614e+02 
2.818788e-01 9.570452e+02 9.176694e+02 
2.848990e-01 9.473084e+02 8.979892e+02 
2.879192e-01 9.345507e+02 8.788975e+02 
2.909394e-01 9.185713e+02 8.603717e+02 
2.939596e-01 8.994552e+02 8.423905e+02 
2.969798e-01 8.775581e+02 8.249332e+02 
3.000000e-01 8.534323e+02 8.079805e+02 
