1.000000e-03 3.562533e+03 3.562530e+03 
4.020202e-03 1.177554e+04 1.186835e+04 
7.040404e-03 1.716747e+04 1.728794e+04 
1.006061e-02 2.050074e+04 2.061762e+04 
1.308081e-02 2.231510e+04 2.242349e+04 
1.610101e-02 2.300092e+04 2.306449e+04 
1.912121e-02 2.286064e+04 2.282768e+04 
2.214141e-02 2.214190e+04 2.201060e+04 
2.516162e-02 2.105073e+04 2.089698e+04 
2.818182e-02 1.975655e+04 1.969473e+04 
3.120202e-02 1.839164e+04 1.851861e+04 
3.422222e-02 1.705502e+04 1.741577e+04 
3.724242e-02 1.581310e+04 1.639768e+04 
4.026263e-02 1.470553e+04 1.546116e+04 
4.328283e-02 1.374861e+04 1.459858e+04 
4.630303e-02 1.293516e+04 1.380193e+04 
4.932323e-02 1.226290e+04 1.306406e+04 
5.234343e-02 1.171517e+04 1.237893e+04 
5.536364e-02 1.125149e+04 1.174143e+04 
5.838384e-02 1.084794e+04 1.114720e+04 
6.140404e-02 1.048321e+04 1.059252e+04 
6.442424e-02 1.013279e+04 1.007410e+04 
6.744444e-02 9.777983e+03 9.589016e+03 
7.046465e-02 9.405941e+03 9.134673e+03 
7.348485e-02 9.009892e+03 8.708713e+03 
7.650505e-02 8.590180e+03 8.309002e+03 
7.952525e-02 8.152953e+03 7.933591e+03 
8.254545e-02 7.708186e+03 7.580702e+03 
8.556566e-02 7.267300e+03 7.248706e+03 
8.858586e-02 6.841071e+03 6.936109e+03 
9.160606e-02 6.438905e+03 6.641539e+03 
9.462626e-02 6.068316e+03 6.363734e+03 
9.764646e-02 5.735024e+03 6.101533e+03 
1.006667e-01 5.443178e+03 5.853868e+03 
1.036869e-01 5.193556e+03 5.619754e+03 
1.067071e-01 4.984631e+03 5.398281e+03 
1.097273e-01 4.811629e+03 5.188613e+03 
1.127475e-01 4.668108e+03 4.989975e+03 
1.157677e-01 4.546089e+03 4.801652e+03 
1.187879e-01 4.437969e+03 4.622982e+03 
1.218081e-01 4.336684e+03 4.453353e+03 
1.248283e-01 4.236479e+03 4.292198e+03 
1.278485e-01 4.132586e+03 4.138992e+03 
1.308687e-01 4.021862e+03 3.993248e+03 
1.338889e-01 3.902369e+03 3.854513e+03 
1.369091e-01 3.773947e+03 3.722367e+03 
1.399293e-01 3.637671e+03 3.596421e+03 
1.429495e-01 3.495923e+03 3.476310e+03 
1.459697e-01 3.351776e+03 3.361697e+03 
1.489899e-01 3.208720e+03 3.252267e+03 
1.520101e-01 3.069996e+03 3.147726e+03 
1.550303e-01 2.938578e+03 3.047800e+03 
1.580505e-01 2.816825e+03 2.952235e+03 
1.610707e-01 2.706564e+03 2.860790e+03 
1.640909e-01 2.608775e+03 2.773243e+03 
1.671111e-01 2.523622e+03 2.689385e+03 
1.701313e-01 2.450340e+03 2.609019e+03 
1.731515e-01 2.387468e+03 2.531964e+03 
1.761717e-01 2.333047e+03 2.458047e+03 
1.791919e-01 2.284894e+03 2.387107e+03 
1.822121e-01 2.240806e+03 2.318993e+03 
1.852323e-01 2.198831e+03 2.253562e+03 
1.882525e-01 2.157208e+03 2.190682e+03 
1.912727e-01 2.114458e+03 2.130227e+03 
1.942929e-01 2.069453e+03 2.072077e+03 
1.973131e-01 2.021498e+03 2.016124e+03 
2.003333e-01 1.970456e+03 1.962260e+03 
2.033535e-01 1.916649e+03 1.910388e+03 
2.063737e-01 1.860865e+03 1.860415e+03 
2.093939e-01 1.804110e+03 1.812252e+03 
2.124141e-01 1.747490e+03 1.765816e+03 
2.154343e-01 1.692070e+03 1.721029e+03 
2.184545e-01 1.638777e+03 1.677816e+03 
2.214747e-01 1.588404e+03 1.636108e+03 
2.244949e-01 1.541575e+03 1.595838e+03 
2.275152e-01 1.498657e+03 1.556942e+03 
2.305354e-01 1.459787e+03 1.519363e+03 
2.335556e-01 1.424820e+03 1.483041e+03 
2.365758e-01 1.393432e+03 1.447926e+03 
2.395960e-01 1.365091e+03 1.413965e+03 
2.426162e-01 1.339198e+03 1.381110e+03 
2.456364e-01 1.315120e+03 1.349315e+03 
2.486566e-01 1.292233e+03 1.318538e+03 
2.516768e-01 1.269935e+03 1.288736e+03 
2.546970e-01 1.247690e+03 1.259870e+03 
2.577172e-01 1.225030e+03 1.231903e+03 
2.607374e-01 1.201662e+03 1.204800e+03 
2.637576e-01 1.177424e+03 1.178525e+03 
2.667778e-01 1.152380e+03 1.153048e+03 
2.697980e-01 1.126710e+03 1.128337e+03 
2.728182e-01 1.100729e+03 1.104362e+03 
2.758384e-01 1.074768e+03 1.081097e+03 
2.788586e-01 1.049148e+03 1.058514e+03 
2.818788e-01 1.024146e+03 1.036587e+03 
2.848990e-01 1.000006e+03 1.015293e+03 
2.879192e-01 9.769316e+02 9.946075e+02 
2.909394e-01 9.550972e+02 9.745092e+02 
2.939596e-01 9.346153e+02 9.549765e+02 
2.969798e-01 9.155383e+02 9.359891e+02 
3.000000e-01 8.978183e+02 9.175276e+02 
