1.000000e-03 2.812898e+03 2.812895e+03 
4.020202e-03 9.312575e+03 9.385975e+03 
7.040404e-03 1.356376e+04 1.364682e+04 
1.006061e-02 1.619971e+04 1.624769e+04 
1.308081e-02 1.767262e+04 1.766769e+04 
1.610101e-02 1.830307e+04 1.822785e+04 
1.912121e-02 1.833016e+04 1.818386e+04 
2.214141e-02 1.794293e+04 1.776370e+04 
2.516162e-02 1.729012e+04 1.714659e+04 
2.818182e-02 1.648910e+04 1.644618e+04 
3.120202e-02 1.562922e+04 1.572288e+04 
3.422222e-02 1.477397e+04 1.500568e+04 
3.724242e-02 1.396441e+04 1.430805e+04 
4.026263e-02 1.322493e+04 1.363631e+04 
4.328283e-02 1.255722e+04 1.299339e+04 
4.630303e-02 1.196288e+04 1.238054e+04 
4.932323e-02 1.144543e+04 1.179803e+04 
5.234343e-02 1.097831e+04 1.124553e+04 
5.536364e-02 1.054118e+04 1.072232e+04 
5.838384e-02 1.012722e+04 1.022742e+04 
6.140404e-02 9.725980e+03 9.759665e+03 
6.442424e-02 9.328189e+03 9.317807e+03 
6.744444e-02 8.928317e+03 8.900539e+03 
7.046465e-02 8.524947e+03 8.506540e+03 
7.348485e-02 8.120390e+03 8.134501e+03 
7.650505e-02 7.720620e+03 7.783148e+03 
7.952525e-02 7.333126e+03 7.451248e+03 
8.254545e-02 6.964883e+03 7.137622e+03 
8.556566e-02 6.620819e+03 6.841148e+03 
8.858586e-02 6.303674e+03 6.560763e+03 
9.160606e-02 6.014691e+03 6.295468e+03 
9.462626e-02 5.754038e+03 6.044321e+03 
9.764646e-02 5.521231e+03 5.806440e+03 
1.006667e-01 5.314712e+03 5.580999e+03 
1.036869e-01 5.131008e+03 5.367226e+03 
1.067071e-01 4.965668e+03 5.164399e+03 
1.097273e-01 4.812927e+03 4.971846e+03 
1.127475e-01 4.667494e+03 4.788938e+03 
1.157677e-01 4.525054e+03 4.615092e+03 
1.187879e-01 4.382789e+03 4.449760e+03 
1.218081e-01 4.239585e+03 4.292435e+03 
1.248283e-01 4.095253e+03 4.142641e+03 
1.278485e-01 3.950409e+03 3.999936e+03 
1.308687e-01 3.806233e+03 3.863908e+03 
1.338889e-01 3.664305e+03 3.734172e+03 
1.369091e-01 3.526317e+03 3.610367e+03 
1.399293e-01 3.393970e+03 3.492158e+03 
1.429495e-01 3.268623e+03 3.379232e+03 
1.459697e-01 3.151370e+03 3.271296e+03 
1.489899e-01 3.042699e+03 3.168074e+03 
1.520101e-01 2.942780e+03 3.069311e+03 
1.550303e-01 2.851332e+03 2.974766e+03 
1.580505e-01 2.767814e+03 2.884215e+03 
1.610707e-01 2.691224e+03 2.797446e+03 
1.640909e-01 2.620348e+03 2.714261e+03 
1.671111e-01 2.553669e+03 2.634476e+03 
1.701313e-01 2.489766e+03 2.557916e+03 
1.731515e-01 2.427491e+03 2.484418e+03 
1.761717e-01 2.366013e+03 2.413827e+03 
1.791919e-01 2.304927e+03 2.345999e+03 
1.822121e-01 2.244028e+03 2.280798e+03 
1.852323e-01 2.183311e+03 2.218097e+03 
1.882525e-01 2.122923e+03 2.157773e+03 
1.912727e-01 2.063146e+03 2.099715e+03 
1.942929e-01 2.004430e+03 2.043813e+03 
1.973131e-01 1.947329e+03 1.989968e+03 
2.003333e-01 1.892348e+03 1.938084e+03 
2.033535e-01 1.839935e+03 1.888070e+03 
2.063737e-01 1.790303e+03 1.839841e+03 
2.093939e-01 1.743529e+03 1.793318e+03 
2.124141e-01 1.699496e+03 1.748423e+03 
2.154343e-01 1.658018e+03 1.705084e+03 
2.184545e-01 1.618880e+03 1.663233e+03 
2.214747e-01 1.581836e+03 1.622806e+03 
2.244949e-01 1.546556e+03 1.583741e+03 
2.275152e-01 1.512696e+03 1.545979e+03 
2.305354e-01 1.479911e+03 1.509467e+03 
2.335556e-01 1.447907e+03 1.474150e+03 
2.365758e-01 1.416486e+03 1.439980e+03 
2.395960e-01 1.385532e+03 1.406910e+03 
2.426162e-01 1.355028e+03 1.374894e+03 
2.456364e-01 1.324980e+03 1.343890e+03 
2.486566e-01 1.295411e+03 1.313856e+03 
2.516768e-01 1.266362e+03 1.284756e+03 
2.546970e-01 1.237895e+03 1.256551e+03 
2.577172e-01 1.210117e+03 1.229206e+03 
2.607374e-01 1.183168e+03 1.202689e+03 
2.637576e-01 1.157170e+03 1.176968e+03 
2.667778e-01 1.132219e+03 1.152011e+03 
2.697980e-01 1.108315e+03 1.127790e+03 
2.728182e-01 1.085413e+03 1.104278e+03 
2.758384e-01 1.063421e+03 1.081448e+03 
2.788586e-01 1.042242e+03 1.059275e+03 
2.818788e-01 1.021794e+03 1.037735e+03 
2.848990e-01 1.002011e+03 1.016804e+03 
2.879192e-01 9.828399e+02 9.964614e+02 
2.909394e-01 9.642257e+02 9.766854e+02 
2.939596e-01 9.460882e+02 9.574561e+02 
2.969798e-01 9.283516e+02 9.387541e+02 
3.000000e-01 9.109536e+02 9.205611e+02 
