1.000000e-03 3.526014e+03 3.526011e+03 
4.020202e-03 1.178816e+04 1.188061e+04 
7.040404e-03 1.729627e+04 1.742161e+04 
1.006061e-02 2.074829e+04 2.088231e+04 
1.308081e-02 2.265640e+04 2.280015e+04 
1.610101e-02 2.339857e+04 2.351370e+04 
1.912121e-02 2.327549e+04 2.329354e+04 
2.214141e-02 2.253652e+04 2.243419e+04 
2.516162e-02 2.139575e+04 2.123616e+04 
2.818182e-02 2.002929e+04 1.993382e+04 
3.120202e-02 1.857959e+04 1.866301e+04 
3.422222e-02 1.715363e+04 1.748115e+04 
3.724242e-02 1.582494e+04 1.640179e+04 
4.026263e-02 1.463953e+04 1.541986e+04 
4.328283e-02 1.361580e+04 1.452463e+04 
4.630303e-02 1.274979e+04 1.370507e+04 
4.932323e-02 1.204406e+04 1.295154e+04 
5.234343e-02 1.147819e+04 1.225607e+04 
5.536364e-02 1.101298e+04 1.161210e+04 
5.838384e-02 1.062121e+04 1.101425e+04 
6.140404e-02 1.027904e+04 1.045799e+04 
6.442424e-02 9.962450e+03 9.939488e+03 
6.744444e-02 9.646906e+03 9.455411e+03 
7.046465e-02 9.315006e+03 9.002848e+03 
7.348485e-02 8.956360e+03 8.579222e+03 
7.650505e-02 8.567316e+03 8.182229e+03 
7.952525e-02 8.151622e+03 7.809797e+03 
8.254545e-02 7.717967e+03 7.460055e+03 
8.556566e-02 7.277959e+03 7.131304e+03 
8.858586e-02 6.843427e+03 6.821997e+03 
9.160606e-02 6.425361e+03 6.530723e+03 
9.462626e-02 6.033418e+03 6.256192e+03 
9.764646e-02 5.675558e+03 5.997221e+03 
1.006667e-01 5.357782e+03 5.752725e+03 
1.036869e-01 5.083642e+03 5.521708e+03 
1.067071e-01 4.853441e+03 5.303254e+03 
1.097273e-01 4.664765e+03 5.096520e+03 
1.127475e-01 4.512054e+03 4.900728e+03 
1.157677e-01 4.388228e+03 4.715161e+03 
1.187879e-01 4.285216e+03 4.539157e+03 
1.218081e-01 4.195208e+03 4.372105e+03 
1.248283e-01 4.111241e+03 4.213438e+03 
1.278485e-01 4.027268e+03 4.062633e+03 
1.308687e-01 3.938229e+03 3.919204e+03 
1.338889e-01 3.840694e+03 3.782702e+03 
1.369091e-01 3.732512e+03 3.652708e+03 
1.399293e-01 3.613427e+03 3.528835e+03 
1.429495e-01 3.484385e+03 3.410723e+03 
1.459697e-01 3.347925e+03 3.298035e+03 
1.489899e-01 3.207247e+03 3.190461e+03 
1.520101e-01 3.066116e+03 3.087707e+03 
1.550303e-01 2.928192e+03 2.989505e+03 
1.580505e-01 2.796936e+03 2.895599e+03 
1.610707e-01 2.675205e+03 2.805755e+03 
1.640909e-01 2.565286e+03 2.719750e+03 
1.671111e-01 2.468362e+03 2.637379e+03 
1.701313e-01 2.384789e+03 2.558448e+03 
1.731515e-01 2.313826e+03 2.482775e+03 
1.761717e-01 2.254145e+03 2.410192e+03 
1.791919e-01 2.203906e+03 2.340540e+03 
1.822121e-01 2.160995e+03 2.273668e+03 
1.852323e-01 2.123165e+03 2.209436e+03 
1.882525e-01 2.088243e+03 2.147714e+03 
1.912727e-01 2.054154e+03 2.088376e+03 
1.942929e-01 2.019027e+03 2.031307e+03 
1.973131e-01 1.981352e+03 1.976396e+03 
2.003333e-01 1.940115e+03 1.923541e+03 
2.033535e-01 1.894934e+03 1.872644e+03 
2.063737e-01 1.845965e+03 1.823612e+03 
2.093939e-01 1.793901e+03 1.776360e+03 
2.124141e-01 1.739709e+03 1.730806e+03 
2.154343e-01 1.684514e+03 1.686871e+03 
2.184545e-01 1.629479e+03 1.644484e+03 
2.214747e-01 1.575767e+03 1.603574e+03 
2.244949e-01 1.524423e+03 1.564077e+03 
2.275152e-01 1.476337e+03 1.525931e+03 
2.305354e-01 1.432149e+03 1.489076e+03 
2.335556e-01 1.392282e+03 1.453458e+03 
2.365758e-01 1.356770e+03 1.419023e+03 
2.395960e-01 1.325427e+03 1.385722e+03 
2.426162e-01 1.297789e+03 1.353507e+03 
2.456364e-01 1.273293e+03 1.322334e+03 
2.486566e-01 1.251290e+03 1.292158e+03 
2.516768e-01 1.231084e+03 1.262940e+03 
2.546970e-01 1.211946e+03 1.234642e+03 
2.577172e-01 1.193187e+03 1.207225e+03 
2.607374e-01 1.174176e+03 1.180655e+03 
2.637576e-01 1.154410e+03 1.154900e+03 
2.667778e-01 1.133537e+03 1.129926e+03 
2.697980e-01 1.111451e+03 1.105704e+03 
2.728182e-01 1.088221e+03 1.082205e+03 
2.758384e-01 1.064093e+03 1.059402e+03 
2.788586e-01 1.039380e+03 1.037268e+03 
2.818788e-01 1.014437e+03 1.015777e+03 
2.848990e-01 9.896236e+02 9.949077e+02 
2.879192e-01 9.652877e+02 9.746354e+02 
2.909394e-01 9.417413e+02 9.549387e+02 
2.939596e-01 9.192669e+02 9.357968e+02 
2.969798e-01 8.981081e+02 9.171897e+02 
3.000000e-01 8.784296e+02 8.990984e+02 
