1.000000e-03 3.153239e+03 3.153236e+03 
4.020202e-03 1.055904e+04 1.064211e+04 
7.040404e-03 1.548801e+04 1.559532e+04 
1.006061e-02 1.857800e+04 1.867845e+04 
1.308081e-02 2.030077e+04 2.038753e+04 
1.610101e-02 2.100191e+04 2.104368e+04 
1.912121e-02 2.095126e+04 2.090611e+04 
2.214141e-02 2.037038e+04 2.024165e+04 
2.516162e-02 1.944413e+04 1.930195e+04 
2.818182e-02 1.832458e+04 1.827039e+04 
3.120202e-02 1.713150e+04 1.724886e+04 
3.422222e-02 1.595420e+04 1.628068e+04 
3.724242e-02 1.485343e+04 1.537827e+04 
4.026263e-02 1.386603e+04 1.454104e+04 
4.328283e-02 1.300799e+04 1.376415e+04 
4.630303e-02 1.227380e+04 1.304202e+04 
4.932323e-02 1.166074e+04 1.236946e+04 
5.234343e-02 1.115645e+04 1.174198e+04 
5.536364e-02 1.072473e+04 1.115570e+04 
5.838384e-02 1.034336e+04 1.060724e+04 
6.140404e-02 9.994978e+03 1.009363e+04 
6.442424e-02 9.658538e+03 9.612214e+03 
6.744444e-02 9.317640e+03 9.160609e+03 
7.046465e-02 8.961062e+03 8.736636e+03 
7.348485e-02 8.583210e+03 8.338304e+03 
7.650505e-02 8.185306e+03 7.963788e+03 
7.952525e-02 7.773410e+03 7.611408e+03 
8.254545e-02 7.356939e+03 7.279613e+03 
8.556566e-02 6.946423e+03 6.966976e+03 
8.858586e-02 6.551450e+03 6.672176e+03 
9.160606e-02 6.180061e+03 6.393994e+03 
9.462626e-02 5.838544e+03 6.131305e+03 
9.764646e-02 5.531513e+03 5.883067e+03 
1.006667e-01 5.262225e+03 5.648318e+03 
1.036869e-01 5.031128e+03 5.426167e+03 
1.067071e-01 4.836701e+03 5.215792e+03 
1.097273e-01 4.674265e+03 5.016428e+03 
1.127475e-01 4.537762e+03 4.827371e+03 
1.157677e-01 4.419766e+03 4.647967e+03 
1.187879e-01 4.313173e+03 4.477607e+03 
1.218081e-01 4.211735e+03 4.315731e+03 
1.248283e-01 4.110376e+03 4.161817e+03 
1.278485e-01 4.005201e+03 4.015379e+03 
1.308687e-01 3.893770e+03 3.875967e+03 
1.338889e-01 3.774744e+03 3.743163e+03 
1.369091e-01 3.648371e+03 3.616577e+03 
1.399293e-01 3.515823e+03 3.495847e+03 
1.429495e-01 3.379490e+03 3.380635e+03 
1.459697e-01 3.242162e+03 3.270626e+03 
1.489899e-01 3.106913e+03 3.165526e+03 
1.520101e-01 2.976638e+03 3.065062e+03 
1.550303e-01 2.853921e+03 2.968977e+03 
1.580505e-01 2.740733e+03 2.877032e+03 
1.610707e-01 2.638474e+03 2.789004e+03 
1.640909e-01 2.547741e+03 2.704682e+03 
1.671111e-01 2.468534e+03 2.623871e+03 
1.701313e-01 2.399862e+03 2.546386e+03 
1.731515e-01 2.340272e+03 2.472057e+03 
1.761717e-01 2.287830e+03 2.400720e+03 
1.791919e-01 2.240543e+03 2.332224e+03 
1.822121e-01 2.196462e+03 2.266426e+03 
1.852323e-01 2.153856e+03 2.203193e+03 
1.882525e-01 2.111245e+03 2.142397e+03 
1.912727e-01 2.067420e+03 2.083921e+03 
1.942929e-01 2.021429e+03 2.027653e+03 
1.973131e-01 1.972900e+03 1.973486e+03 
2.003333e-01 1.921820e+03 1.921323e+03 
2.033535e-01 1.868667e+03 1.871069e+03 
2.063737e-01 1.814165e+03 1.822635e+03 
2.093939e-01 1.759329e+03 1.775939e+03 
2.124141e-01 1.705164e+03 1.730901e+03 
2.154343e-01 1.652588e+03 1.687446e+03 
2.184545e-01 1.602368e+03 1.645505e+03 
2.214747e-01 1.555124e+03 1.605010e+03 
2.244949e-01 1.511281e+03 1.565897e+03 
2.275152e-01 1.471108e+03 1.528108e+03 
2.305354e-01 1.434619e+03 1.491585e+03 
2.335556e-01 1.401654e+03 1.456274e+03 
2.365758e-01 1.371780e+03 1.422125e+03 
2.395960e-01 1.344481e+03 1.389088e+03 
2.426162e-01 1.319175e+03 1.357117e+03 
2.456364e-01 1.295289e+03 1.326170e+03 
2.486566e-01 1.272266e+03 1.296204e+03 
2.516768e-01 1.249621e+03 1.267179e+03 
2.546970e-01 1.226927e+03 1.239059e+03 
2.577172e-01 1.203858e+03 1.211806e+03 
2.607374e-01 1.180173e+03 1.185388e+03 
2.637576e-01 1.155811e+03 1.159771e+03 
2.667778e-01 1.130832e+03 1.134925e+03 
2.697980e-01 1.105475e+03 1.110820e+03 
2.728182e-01 1.080034e+03 1.087427e+03 
2.758384e-01 1.054845e+03 1.064721e+03 
2.788586e-01 1.030190e+03 1.042675e+03 
2.818788e-01 1.006297e+03 1.021265e+03 
2.848990e-01 9.833445e+02 1.000468e+03 
2.879192e-01 9.614776e+02 9.802607e+02 
2.909394e-01 9.407981e+02 9.606223e+02 
2.939596e-01 9.213722e+02 9.415323e+02 
2.969798e-01 9.031945e+02 9.229712e+02 
3.000000e-01 8.862106e+02 9.049202e+02 
