1.000000e-03 3.803053e+03 3.803049e+03 
4.020202e-03 1.255292e+04 1.265223e+04 
7.040404e-03 1.817747e+04 1.830108e+04 
1.006061e-02 2.155135e+04 2.166508e+04 
1.308081e-02 2.329298e+04 2.338818e+04 
1.610101e-02 2.384376e+04 2.387888e+04 
1.912121e-02 2.354209e+04 2.347030e+04 
2.214141e-02 2.266049e+04 2.250060e+04 
2.516162e-02 2.142265e+04 2.127224e+04 
2.818182e-02 2.000768e+04 1.998974e+04 
3.120202e-02 1.855325e+04 1.875626e+04 
3.422222e-02 1.715782e+04 1.760913e+04 
3.724242e-02 1.588396e+04 1.655414e+04 
4.026263e-02 1.476600e+04 1.558538e+04 
4.328283e-02 1.381256e+04 1.469406e+04 
4.630303e-02 1.301188e+04 1.387167e+04 
4.932323e-02 1.235606e+04 1.311083e+04 
5.234343e-02 1.181904e+04 1.240531e+04 
5.536364e-02 1.135916e+04 1.174982e+04 
5.838384e-02 1.095031e+04 1.113983e+04 
6.140404e-02 1.056724e+04 1.057140e+04 
6.442424e-02 1.018638e+04 1.004106e+04 
6.744444e-02 9.793252e+03 9.545714e+03 
7.046465e-02 9.378935e+03 9.082564e+03 
7.348485e-02 8.940619e+03 8.649098e+03 
7.650505e-02 8.482737e+03 8.243027e+03 
7.952525e-02 8.014441e+03 7.862269e+03 
8.254545e-02 7.547392e+03 7.504923e+03 
8.556566e-02 7.094103e+03 7.169251e+03 
8.858586e-02 6.665590e+03 6.853661e+03 
9.160606e-02 6.270864e+03 6.556696e+03 
9.462626e-02 5.916565e+03 6.277018e+03 
9.764646e-02 5.606507e+03 6.013400e+03 
1.006667e-01 5.341896e+03 5.764714e+03 
1.036869e-01 5.120380e+03 5.529924e+03 
1.067071e-01 4.936947e+03 5.308076e+03 
1.097273e-01 4.784309e+03 5.098291e+03 
1.127475e-01 4.654321e+03 4.899760e+03 
1.157677e-01 4.538656e+03 4.711738e+03 
1.187879e-01 4.430036e+03 4.533536e+03 
1.218081e-01 4.322025e+03 4.364517e+03 
1.248283e-01 4.209547e+03 4.204095e+03 
1.278485e-01 4.089110e+03 4.051725e+03 
1.308687e-01 3.959253e+03 3.906904e+03 
1.338889e-01 3.820355e+03 3.769165e+03 
1.369091e-01 3.674302e+03 3.638077e+03 
1.399293e-01 3.524157e+03 3.513238e+03 
1.429495e-01 3.373464e+03 3.394275e+03 
1.459697e-01 3.225640e+03 3.280842e+03 
1.489899e-01 3.083856e+03 3.172617e+03 
1.520101e-01 2.950822e+03 3.069300e+03 
1.550303e-01 2.828801e+03 2.970611e+03 
1.580505e-01 2.719515e+03 2.876290e+03 
1.610707e-01 2.623684e+03 2.786094e+03 
1.640909e-01 2.541153e+03 2.699795e+03 
1.671111e-01 2.470468e+03 2.617182e+03 
1.701313e-01 2.409558e+03 2.538056e+03 
1.731515e-01 2.355925e+03 2.462232e+03 
1.761717e-01 2.307150e+03 2.389536e+03 
1.791919e-01 2.261108e+03 2.319805e+03 
1.822121e-01 2.215982e+03 2.252887e+03 
1.852323e-01 2.170266e+03 2.188637e+03 
1.882525e-01 2.122745e+03 2.126922e+03 
1.912727e-01 2.072493e+03 2.067615e+03 
1.942929e-01 2.019206e+03 2.010597e+03 
1.973131e-01 1.963017e+03 1.955756e+03 
2.003333e-01 1.904712e+03 1.902988e+03 
2.033535e-01 1.845359e+03 1.852192e+03 
2.063737e-01 1.786274e+03 1.803275e+03 
2.093939e-01 1.728630e+03 1.756150e+03 
2.124141e-01 1.673424e+03 1.710733e+03 
2.154343e-01 1.621381e+03 1.666945e+03 
2.184545e-01 1.573034e+03 1.624712e+03 
2.214747e-01 1.528665e+03 1.583965e+03 
2.244949e-01 1.488385e+03 1.544637e+03 
2.275152e-01 1.452069e+03 1.506664e+03 
2.305354e-01 1.419392e+03 1.469989e+03 
2.335556e-01 1.389812e+03 1.434553e+03 
2.365758e-01 1.362682e+03 1.400305e+03 
2.395960e-01 1.337286e+03 1.367194e+03 
2.426162e-01 1.312939e+03 1.335170e+03 
2.456364e-01 1.289003e+03 1.304190e+03 
2.486566e-01 1.264976e+03 1.274210e+03 
2.516768e-01 1.240473e+03 1.245188e+03 
2.546970e-01 1.215279e+03 1.217086e+03 
2.577172e-01 1.189343e+03 1.189867e+03 
2.607374e-01 1.162785e+03 1.163495e+03 
2.637576e-01 1.135827e+03 1.137937e+03 
2.667778e-01 1.108764e+03 1.113160e+03 
2.697980e-01 1.081924e+03 1.089134e+03 
2.728182e-01 1.055633e+03 1.065831e+03 
2.758384e-01 1.030185e+03 1.043222e+03 
2.788586e-01 1.005822e+03 1.021282e+03 
2.818788e-01 9.827200e+02 9.999838e+02 
2.848990e-01 9.609837e+02 9.793050e+02 
2.879192e-01 9.406486e+02 9.592221e+02 
2.909394e-01 9.216756e+02 9.397133e+02 
2.939596e-01 9.039701e+02 9.207576e+02 
2.969798e-01 8.873609e+02 9.023349e+02 
3.000000e-01 8.716510e+02 8.844263e+02 
