1.000000e-03 5.797499e+03 5.797494e+03 
4.020202e-03 1.903617e+04 1.918882e+04 
7.040404e-03 2.743354e+04 2.764785e+04 
1.006061e-02 3.233047e+04 3.260315e+04 
1.308081e-02 3.466043e+04 3.501350e+04 
1.610101e-02 3.509286e+04 3.544058e+04 
1.912121e-02 3.415359e+04 3.432877e+04 
2.214141e-02 3.228240e+04 3.219460e+04 
2.516162e-02 2.984835e+04 2.959227e+04 
2.818182e-02 2.715713e+04 2.695808e+04 
3.120202e-02 2.444632e+04 2.453185e+04 
3.422222e-02 2.188838e+04 2.239407e+04 
3.724242e-02 1.959322e+04 2.053933e+04 
4.026263e-02 1.762157e+04 1.893048e+04 
4.328283e-02 1.597880e+04 1.752548e+04 
4.630303e-02 1.465694e+04 1.628744e+04 
4.932323e-02 1.364451e+04 1.518668e+04 
5.234343e-02 1.287955e+04 1.420006e+04 
5.536364e-02 1.230647e+04 1.330964e+04 
5.838384e-02 1.187600e+04 1.250142e+04 
6.140404e-02 1.153184e+04 1.176428e+04 
6.442424e-02 1.122981e+04 1.108925e+04 
6.744444e-02 1.093298e+04 1.046900e+04 
7.046465e-02 1.060976e+04 9.897412e+03 
7.348485e-02 1.023776e+04 9.369321e+03 
7.650505e-02 9.805497e+03 8.880318e+03 
7.952525e-02 9.312704e+03 8.426594e+03 
8.254545e-02 8.769924e+03 8.004830e+03 
8.556566e-02 8.195357e+03 7.612114e+03 
8.858586e-02 7.610706e+03 7.245874e+03 
9.160606e-02 7.038053e+03 6.903827e+03 
9.462626e-02 6.497124e+03 6.583937e+03 
9.764646e-02 6.004084e+03 6.284379e+03 
1.006667e-01 5.570671e+03 6.003516e+03 
1.036869e-01 5.202895e+03 5.739872e+03 
1.067071e-01 4.902383e+03 5.492112e+03 
1.097273e-01 4.665891e+03 5.259029e+03 
1.127475e-01 4.487359e+03 5.039524e+03 
1.157677e-01 4.357649e+03 4.832601e+03 
1.187879e-01 4.266263e+03 4.637351e+03 
1.218081e-01 4.201671e+03 4.452942e+03 
1.248283e-01 4.152155e+03 4.278616e+03 
1.278485e-01 4.106340e+03 4.113679e+03 
1.308687e-01 4.054471e+03 3.957491e+03 
1.338889e-01 3.988711e+03 3.809469e+03 
1.369091e-01 3.904094e+03 3.669072e+03 
1.399293e-01 3.798245e+03 3.535807e+03 
1.429495e-01 3.671160e+03 3.409214e+03 
1.459697e-01 3.525142e+03 3.288873e+03 
1.489899e-01 3.364025e+03 3.174394e+03 
1.520101e-01 3.193452e+03 3.065415e+03 
1.550303e-01 3.019786e+03 2.961603e+03 
1.580505e-01 2.849891e+03 2.862648e+03 
1.610707e-01 2.689910e+03 2.768262e+03 
1.640909e-01 2.545018e+03 2.678179e+03 
1.671111e-01 2.418115e+03 2.592150e+03 
1.701313e-01 2.310637e+03 2.509944e+03 
1.731515e-01 2.222292e+03 2.431347e+03 
1.761717e-01 2.151976e+03 2.356157e+03 
1.791919e-01 2.097843e+03 2.284187e+03 
1.822121e-01 2.057497e+03 2.215262e+03 
1.852323e-01 2.028102e+03 2.149219e+03 
1.882525e-01 2.006287e+03 2.085906e+03 
1.912727e-01 1.988449e+03 2.025178e+03 
1.942929e-01 1.970846e+03 1.966903e+03 
1.973131e-01 1.950245e+03 1.910954e+03 
2.003333e-01 1.924116e+03 1.857213e+03 
2.033535e-01 1.891032e+03 1.805569e+03 
2.063737e-01 1.850378e+03 1.755919e+03 
2.093939e-01 1.802463e+03 1.708165e+03 
2.124141e-01 1.748109e+03 1.662215e+03 
2.154343e-01 1.688679e+03 1.617982e+03 
2.184545e-01 1.625898e+03 1.575384e+03 
2.214747e-01 1.561775e+03 1.534345e+03 
2.244949e-01 1.498381e+03 1.494792e+03 
2.275152e-01 1.437714e+03 1.456657e+03 
2.305354e-01 1.381424e+03 1.419874e+03 
2.335556e-01 1.330744e+03 1.384383e+03 
2.365758e-01 1.286315e+03 1.350126e+03 
2.395960e-01 1.248346e+03 1.317049e+03 
2.426162e-01 1.216685e+03 1.285099e+03 
2.456364e-01 1.190830e+03 1.254227e+03 
2.486566e-01 1.170047e+03 1.224388e+03 
2.516768e-01 1.153319e+03 1.195537e+03 
2.546970e-01 1.139496e+03 1.167633e+03 
2.577172e-01 1.127314e+03 1.140636e+03 
2.607374e-01 1.115552e+03 1.114507e+03 
2.637576e-01 1.103080e+03 1.089213e+03 
2.667778e-01 1.089074e+03 1.064718e+03 
2.697980e-01 1.072948e+03 1.040991e+03 
2.728182e-01 1.054443e+03 1.018000e+03 
2.758384e-01 1.033508e+03 9.957170e+02 
2.788586e-01 1.010299e+03 9.741137e+02 
2.818788e-01 9.851759e+02 9.531636e+02 
2.848990e-01 9.586452e+02 9.328416e+02 
2.879192e-01 9.313464e+02 9.131236e+02 
2.909394e-01 9.039741e+02 8.939866e+02 
2.939596e-01 8.772559e+02 8.754089e+02 
2.969798e-01 8.518249e+02 8.573695e+02 
3.000000e-01 8.281889e+02 8.398485e+02 
