1.000000e-03 2.933758e+03 2.933755e+03 
4.020202e-03 9.676496e+03 9.755079e+03 
7.040404e-03 1.398855e+04 1.407035e+04 
1.006061e-02 1.660081e+04 1.662756e+04 
1.308081e-02 1.802743e+04 1.797535e+04 
1.610101e-02 1.862086e+04 1.848148e+04 
1.912121e-02 1.863473e+04 1.842473e+04 
2.214141e-02 1.825967e+04 1.802803e+04 
2.516162e-02 1.763938e+04 1.744939e+04 
2.818182e-02 1.688430e+04 1.678420e+04 
3.120202e-02 1.607338e+04 1.608464e+04 
3.422222e-02 1.526206e+04 1.537885e+04 
3.724242e-02 1.448496e+04 1.468253e+04 
4.026263e-02 1.376091e+04 1.400484e+04 
4.328283e-02 1.308746e+04 1.335120e+04 
4.630303e-02 1.247479e+04 1.272471e+04 
4.932323e-02 1.192248e+04 1.212697e+04 
5.234343e-02 1.140365e+04 1.155855e+04 
5.536364e-02 1.090763e+04 1.101933e+04 
5.838384e-02 1.043156e+04 1.050871e+04 
6.140404e-02 9.969333e+03 1.002577e+04 
6.442424e-02 9.517352e+03 9.569382e+03 
6.744444e-02 9.075628e+03 9.138327e+03 
7.046465e-02 8.645452e+03 8.731311e+03 
7.348485e-02 8.229337e+03 8.347025e+03 
7.650505e-02 7.831679e+03 7.984177e+03 
7.952525e-02 7.456614e+03 7.641507e+03 
8.254545e-02 7.107352e+03 7.317798e+03 
8.556566e-02 6.784734e+03 7.011892e+03 
8.858586e-02 6.488338e+03 6.722686e+03 
9.160606e-02 6.217000e+03 6.449139e+03 
9.462626e-02 5.969188e+03 6.190274e+03 
9.764646e-02 5.742938e+03 5.945169e+03 
1.006667e-01 5.535153e+03 5.712965e+03 
1.036869e-01 5.342031e+03 5.492856e+03 
1.067071e-01 5.159196e+03 5.284090e+03 
1.097273e-01 4.983178e+03 5.085966e+03 
1.127475e-01 4.811424e+03 4.897830e+03 
1.157677e-01 4.642634e+03 4.719071e+03 
1.187879e-01 4.476771e+03 4.549122e+03 
1.218081e-01 4.314184e+03 4.387453e+03 
1.248283e-01 4.155620e+03 4.233569e+03 
1.278485e-01 4.002036e+03 4.087011e+03 
1.308687e-01 3.854641e+03 3.947350e+03 
1.338889e-01 3.714521e+03 3.814184e+03 
1.369091e-01 3.582517e+03 3.687142e+03 
1.399293e-01 3.459013e+03 3.565873e+03 
1.429495e-01 3.343554e+03 3.450052e+03 
1.459697e-01 3.235558e+03 3.339376e+03 
1.489899e-01 3.134384e+03 3.233560e+03 
1.520101e-01 3.039408e+03 3.132337e+03 
1.550303e-01 2.950076e+03 3.035460e+03 
1.580505e-01 2.865747e+03 2.942694e+03 
1.610707e-01 2.785450e+03 2.853822e+03 
1.640909e-01 2.708186e+03 2.768639e+03 
1.671111e-01 2.633129e+03 2.686953e+03 
1.701313e-01 2.559613e+03 2.608584e+03 
1.731515e-01 2.487547e+03 2.533363e+03 
1.761717e-01 2.417042e+03 2.461130e+03 
1.791919e-01 2.348379e+03 2.391737e+03 
1.822121e-01 2.281866e+03 2.325044e+03 
1.852323e-01 2.217584e+03 2.260917e+03 
1.882525e-01 2.155527e+03 2.199232e+03 
1.912727e-01 2.095795e+03 2.139872e+03 
1.942929e-01 2.038537e+03 2.082727e+03 
1.973131e-01 1.983874e+03 2.027692e+03 
2.003333e-01 1.931899e+03 1.974669e+03 
2.033535e-01 1.882503e+03 1.923565e+03 
2.063737e-01 1.835439e+03 1.874291e+03 
2.093939e-01 1.790429e+03 1.826766e+03 
2.124141e-01 1.747176e+03 1.780910e+03 
2.154343e-01 1.705447e+03 1.736649e+03 
2.184545e-01 1.665077e+03 1.693913e+03 
2.214747e-01 1.625930e+03 1.652636e+03 
2.244949e-01 1.587900e+03 1.612753e+03 
2.275152e-01 1.550914e+03 1.574207e+03 
2.305354e-01 1.514937e+03 1.536939e+03 
2.335556e-01 1.479938e+03 1.500896e+03 
2.365758e-01 1.445892e+03 1.466027e+03 
2.395960e-01 1.412786e+03 1.432283e+03 
2.426162e-01 1.380630e+03 1.399618e+03 
2.456364e-01 1.349438e+03 1.367988e+03 
2.486566e-01 1.319239e+03 1.337352e+03 
2.516768e-01 1.290050e+03 1.307670e+03 
2.546970e-01 1.261866e+03 1.278905e+03 
2.577172e-01 1.234669e+03 1.251019e+03 
2.607374e-01 1.208414e+03 1.223979e+03 
2.637576e-01 1.183042e+03 1.197753e+03 
2.667778e-01 1.158482e+03 1.172308e+03 
2.697980e-01 1.134659e+03 1.147616e+03 
2.728182e-01 1.111530e+03 1.123648e+03 
2.758384e-01 1.089056e+03 1.100377e+03 
2.788586e-01 1.067205e+03 1.077778e+03 
2.818788e-01 1.045942e+03 1.055825e+03 
2.848990e-01 1.025232e+03 1.034495e+03 
2.879192e-01 1.005042e+03 1.013765e+03 
2.909394e-01 9.853611e+02 9.936141e+02 
2.939596e-01 9.661876e+02 9.740216e+02 
2.969798e-01 9.475201e+02 9.549676e+02 
3.000000e-01 9.293554e+02 9.364333e+02 
