1.000000e-03 2.690660e+03 2.690658e+03 
4.020202e-03 8.856401e+03 8.926912e+03 
7.040404e-03 1.288821e+04 1.296707e+04 
1.006061e-02 1.540360e+04 1.544246e+04 
1.308081e-02 1.683481e+04 1.681388e+04 
1.610101e-02 1.748430e+04 1.739142e+04 
1.912121e-02 1.757610e+04 1.741585e+04 
2.214141e-02 1.728221e+04 1.709245e+04 
2.516162e-02 1.673773e+04 1.657807e+04 
2.818182e-02 1.604814e+04 1.597236e+04 
3.120202e-02 1.529256e+04 1.533043e+04 
3.422222e-02 1.452852e+04 1.468106e+04 
3.724242e-02 1.379300e+04 1.403948e+04 
4.026263e-02 1.310802e+04 1.341412e+04 
4.328283e-02 1.248187e+04 1.280982e+04 
4.630303e-02 1.191101e+04 1.222935e+04 
4.932323e-02 1.139608e+04 1.167419e+04 
5.234343e-02 1.092868e+04 1.114492e+04 
5.536364e-02 1.048653e+04 1.064156e+04 
5.838384e-02 1.006231e+04 1.016367e+04 
6.140404e-02 9.653852e+03 9.710567e+03 
6.442424e-02 9.252856e+03 9.281349e+03 
6.744444e-02 8.854453e+03 8.875010e+03 
7.046465e-02 8.458016e+03 8.490475e+03 
7.348485e-02 8.065799e+03 8.126642e+03 
7.650505e-02 7.682217e+03 7.782404e+03 
7.952525e-02 7.313495e+03 7.456674e+03 
8.254545e-02 6.964952e+03 7.148397e+03 
8.556566e-02 6.640325e+03 6.856556e+03 
8.858586e-02 6.340764e+03 6.580179e+03 
9.160606e-02 6.066184e+03 6.318343e+03 
9.462626e-02 5.815788e+03 6.070174e+03 
9.764646e-02 5.588626e+03 5.834850e+03 
1.006667e-01 5.383140e+03 5.611594e+03 
1.036869e-01 5.196840e+03 5.399679e+03 
1.067071e-01 5.025866e+03 5.198423e+03 
1.097273e-01 4.865811e+03 5.007186e+03 
1.127475e-01 4.712495e+03 4.825372e+03 
1.157677e-01 4.562162e+03 4.652421e+03 
1.187879e-01 4.413085e+03 4.487810e+03 
1.218081e-01 4.264520e+03 4.331051e+03 
1.248283e-01 4.116875e+03 4.181688e+03 
1.278485e-01 3.971015e+03 4.039294e+03 
1.308687e-01 3.828058e+03 3.903472e+03 
1.338889e-01 3.689197e+03 3.773847e+03 
1.369091e-01 3.555577e+03 3.650072e+03 
1.399293e-01 3.428273e+03 3.531821e+03 
1.429495e-01 3.308076e+03 3.418789e+03 
1.459697e-01 3.195568e+03 3.310691e+03 
1.489899e-01 3.090777e+03 3.207259e+03 
1.520101e-01 2.993519e+03 3.108244e+03 
1.550303e-01 2.903355e+03 3.013410e+03 
1.580505e-01 2.819704e+03 2.922537e+03 
1.610707e-01 2.741682e+03 2.835419e+03 
1.640909e-01 2.668284e+03 2.751862e+03 
1.671111e-01 2.598354e+03 2.671684e+03 
1.701313e-01 2.530796e+03 2.594713e+03 
1.731515e-01 2.464848e+03 2.520790e+03 
1.761717e-01 2.399951e+03 2.449763e+03 
1.791919e-01 2.335961e+03 2.381489e+03 
1.822121e-01 2.272867e+03 2.315835e+03 
1.852323e-01 2.210796e+03 2.252674e+03 
1.882525e-01 2.149909e+03 2.191886e+03 
1.912727e-01 2.090383e+03 2.133360e+03 
1.942929e-01 2.032447e+03 2.076990e+03 
1.973131e-01 1.976463e+03 2.022675e+03 
2.003333e-01 1.922771e+03 1.970322e+03 
2.033535e-01 1.871618e+03 1.919840e+03 
2.063737e-01 1.823126e+03 1.871145e+03 
2.093939e-01 1.777176e+03 1.824157e+03 
2.124141e-01 1.733582e+03 1.778801e+03 
2.154343e-01 1.692094e+03 1.735005e+03 
2.184545e-01 1.652473e+03 1.692702e+03 
2.214747e-01 1.614519e+03 1.651826e+03 
2.244949e-01 1.578028e+03 1.612316e+03 
2.275152e-01 1.542787e+03 1.574116e+03 
2.305354e-01 1.508578e+03 1.537170e+03 
2.335556e-01 1.475183e+03 1.501426e+03 
2.365758e-01 1.442454e+03 1.466833e+03 
2.395960e-01 1.410362e+03 1.433346e+03 
2.426162e-01 1.378923e+03 1.400920e+03 
2.456364e-01 1.348202e+03 1.369511e+03 
2.486566e-01 1.318242e+03 1.339079e+03 
2.516768e-01 1.289049e+03 1.309586e+03 
2.546970e-01 1.260637e+03 1.280995e+03 
2.577172e-01 1.233036e+03 1.253271e+03 
2.607374e-01 1.206290e+03 1.226380e+03 
2.637576e-01 1.180458e+03 1.200290e+03 
2.667778e-01 1.155577e+03 1.174972e+03 
2.697980e-01 1.131652e+03 1.150396e+03 
2.728182e-01 1.108638e+03 1.126534e+03 
2.758384e-01 1.086431e+03 1.103361e+03 
2.788586e-01 1.064936e+03 1.080851e+03 
2.818788e-01 1.044062e+03 1.058979e+03 
2.848990e-01 1.023754e+03 1.037723e+03 
2.879192e-01 1.003989e+03 1.017060e+03 
2.909394e-01 9.847421e+02 9.969698e+02 
2.939596e-01 9.659869e+02 9.774320e+02 
2.969798e-01 9.476890e+02 9.584270e+02 
3.000000e-01 9.298075e+02 9.399365e+02 
