1.000000e-03 4.371361e+03 4.371357e+03 
4.020202e-03 1.450354e+04 1.461733e+04 
7.040404e-03 2.122127e+04 2.138420e+04 
1.006061e-02 2.539402e+04 2.559532e+04 
1.308081e-02 2.764247e+04 2.790043e+04 
1.610101e-02 2.842632e+04 2.868968e+04 
1.912121e-02 2.811307e+04 2.826363e+04 
2.214141e-02 2.701623e+04 2.697053e+04 
2.516162e-02 2.540674e+04 2.520495e+04 
2.818182e-02 2.351319e+04 2.330545e+04 
3.120202e-02 2.152179e+04 2.148267e+04 
3.422222e-02 1.957431e+04 1.982786e+04 
3.724242e-02 1.776900e+04 1.835914e+04 
4.026263e-02 1.616802e+04 1.706198e+04 
4.328283e-02 1.479331e+04 1.591229e+04 
4.630303e-02 1.364726e+04 1.488635e+04 
4.932323e-02 1.273244e+04 1.396401e+04 
5.234343e-02 1.201708e+04 1.312908e+04 
5.536364e-02 1.145862e+04 1.236874e+04 
5.838384e-02 1.101960e+04 1.167286e+04 
6.140404e-02 1.066947e+04 1.103330e+04 
6.442424e-02 1.037324e+04 1.044346e+04 
6.744444e-02 1.009540e+04 9.897873e+03 
7.046465e-02 9.809034e+03 9.391958e+03 
7.348485e-02 9.493937e+03 8.921809e+03 
7.650505e-02 9.137831e+03 8.484062e+03 
7.952525e-02 8.737372e+03 8.075786e+03 
8.254545e-02 8.297706e+03 7.694407e+03 
8.556566e-02 7.829337e+03 7.337643e+03 
8.858586e-02 7.345894e+03 7.003465e+03 
9.160606e-02 6.862117e+03 6.690054e+03 
9.462626e-02 6.392489e+03 6.395777e+03 
9.764646e-02 5.950635e+03 6.119159e+03 
1.006667e-01 5.547726e+03 5.858865e+03 
1.036869e-01 5.192401e+03 5.613683e+03 
1.067071e-01 4.889569e+03 5.382511e+03 
1.097273e-01 4.640077e+03 5.164344e+03 
1.127475e-01 4.440986e+03 4.958264e+03 
1.157677e-01 4.286387e+03 4.763431e+03 
1.187879e-01 4.168751e+03 4.579073e+03 
1.218081e-01 4.079573e+03 4.404486e+03 
1.248283e-01 4.010182e+03 4.239018e+03 
1.278485e-01 3.952027e+03 4.082072e+03 
1.308687e-01 3.897114e+03 3.933097e+03 
1.338889e-01 3.838144e+03 3.791584e+03 
1.369091e-01 3.769349e+03 3.657063e+03 
1.399293e-01 3.686346e+03 3.529100e+03 
1.429495e-01 3.587217e+03 3.407292e+03 
1.459697e-01 3.471759e+03 3.291267e+03 
1.489899e-01 3.341921e+03 3.180680e+03 
1.520101e-01 3.200924e+03 3.075209e+03 
1.550303e-01 3.053053e+03 2.974556e+03 
1.580505e-01 2.903123e+03 2.878443e+03 
1.610707e-01 2.756063e+03 2.786612e+03 
1.640909e-01 2.616308e+03 2.698823e+03 
1.671111e-01 2.487650e+03 2.614850e+03 
1.701313e-01 2.372832e+03 2.534484e+03 
1.731515e-01 2.273386e+03 2.457530e+03 
1.761717e-01 2.189654e+03 2.383804e+03 
1.791919e-01 2.120999e+03 2.313135e+03 
1.822121e-01 2.066141e+03 2.245363e+03 
1.852323e-01 2.023105e+03 2.180338e+03 
1.882525e-01 1.989584e+03 2.117917e+03 
1.912727e-01 1.962947e+03 2.057970e+03 
1.942929e-01 1.940455e+03 2.000373e+03 
1.973131e-01 1.919334e+03 1.945007e+03 
2.003333e-01 1.897051e+03 1.891765e+03 
2.033535e-01 1.871395e+03 1.840542e+03 
2.063737e-01 1.840926e+03 1.791241e+03 
2.093939e-01 1.804766e+03 1.743772e+03 
2.124141e-01 1.762767e+03 1.698046e+03 
2.154343e-01 1.715340e+03 1.653985e+03 
2.184545e-01 1.663413e+03 1.611509e+03 
2.214747e-01 1.608254e+03 1.570547e+03 
2.244949e-01 1.551334e+03 1.531031e+03 
2.275152e-01 1.494292e+03 1.492895e+03 
2.305354e-01 1.438729e+03 1.456078e+03 
2.335556e-01 1.386068e+03 1.420522e+03 
2.365758e-01 1.337426e+03 1.386172e+03 
2.395960e-01 1.293582e+03 1.352977e+03 
2.426162e-01 1.254938e+03 1.320886e+03 
2.456364e-01 1.221620e+03 1.289854e+03 
2.486566e-01 1.193387e+03 1.259834e+03 
2.516768e-01 1.169805e+03 1.230787e+03 
2.546970e-01 1.150226e+03 1.202671e+03 
2.577172e-01 1.133832e+03 1.175448e+03 
2.607374e-01 1.119652e+03 1.149082e+03 
2.637576e-01 1.106679e+03 1.123540e+03 
2.667778e-01 1.093928e+03 1.098787e+03 
2.697980e-01 1.080555e+03 1.074793e+03 
2.728182e-01 1.065885e+03 1.051529e+03 
2.758384e-01 1.049518e+03 1.028966e+03 
2.788586e-01 1.031254e+03 1.007077e+03 
2.818788e-01 1.011082e+03 9.858359e+02 
2.848990e-01 9.891658e+02 9.652190e+02 
2.879192e-01 9.657861e+02 9.452027e+02 
2.909394e-01 9.413578e+02 9.257645e+02 
2.939596e-01 9.163645e+02 9.068833e+02 
2.969798e-01 8.913584e+02 8.885386e+02 
3.000000e-01 8.668925e+02 8.707110e+02 
