1.000000e-03 4.647102e+03 4.647098e+03 
4.020202e-03 1.553420e+04 1.565680e+04 
7.040404e-03 2.271391e+04 2.288978e+04 
1.006061e-02 2.711567e+04 2.733753e+04 
1.308081e-02 2.942161e+04 2.971012e+04 
1.610101e-02 3.013831e+04 3.043282e+04 
1.912121e-02 2.967385e+04 2.983884e+04 
2.214141e-02 2.837506e+04 2.832075e+04 
2.516162e-02 2.654090e+04 2.632048e+04 
2.818182e-02 2.442386e+04 2.420949e+04 
3.120202e-02 2.222667e+04 2.221134e+04 
3.422222e-02 2.010172e+04 2.041675e+04 
3.724242e-02 1.815272e+04 1.883788e+04 
4.026263e-02 1.644274e+04 1.745363e+04 
4.328283e-02 1.498898e+04 1.623433e+04 
4.630303e-02 1.379265e+04 1.515205e+04 
4.932323e-02 1.285266e+04 1.418356e+04 
5.234343e-02 1.212701e+04 1.331040e+04 
5.536364e-02 1.156971e+04 1.251812e+04 
5.838384e-02 1.114128e+04 1.179534e+04 
6.140404e-02 1.080356e+04 1.113299e+04 
6.442424e-02 1.051620e+04 1.052374e+04 
6.744444e-02 1.024274e+04 9.961561e+03 
7.046465e-02 9.954983e+03 9.441415e+03 
7.348485e-02 9.631966e+03 8.959032e+03 
7.650505e-02 9.261735e+03 8.510746e+03 
7.952525e-02 8.841668e+03 8.093381e+03 
8.254545e-02 8.377960e+03 7.704156e+03 
8.556566e-02 7.882774e+03 7.340617e+03 
8.858586e-02 7.371725e+03 7.000589e+03 
9.160606e-02 6.861949e+03 6.682131e+03 
9.462626e-02 6.370103e+03 6.383503e+03 
9.764646e-02 5.911282e+03 6.103139e+03 
1.006667e-01 5.497804e+03 5.839629e+03 
1.036869e-01 5.137911e+03 5.591691e+03 
1.067071e-01 4.835713e+03 5.358168e+03 
1.097273e-01 4.590453e+03 5.138003e+03 
1.127475e-01 4.398276e+03 4.930235e+03 
1.157677e-01 4.252179e+03 4.733985e+03 
1.187879e-01 4.143933e+03 4.548450e+03 
1.218081e-01 4.064376e+03 4.372894e+03 
1.248283e-01 4.004107e+03 4.206643e+03 
1.278485e-01 3.953683e+03 4.049075e+03 
1.308687e-01 3.904290e+03 3.899619e+03 
1.338889e-01 3.847960e+03 3.757751e+03 
1.369091e-01 3.778653e+03 3.622984e+03 
1.399293e-01 3.692291e+03 3.494871e+03 
1.429495e-01 3.587460e+03 3.372998e+03 
1.459697e-01 3.464908e+03 3.256982e+03 
1.489899e-01 3.327189e+03 3.146468e+03 
1.520101e-01 3.178304e+03 3.041126e+03 
1.550303e-01 3.023033e+03 2.940651e+03 
1.580505e-01 2.866777e+03 2.844759e+03 
1.610707e-01 2.714853e+03 2.753186e+03 
1.640909e-01 2.572196e+03 2.665686e+03 
1.671111e-01 2.442654e+03 2.582030e+03 
1.701313e-01 2.328972e+03 2.502004e+03 
1.731515e-01 2.232231e+03 2.425409e+03 
1.761717e-01 2.152459e+03 2.352060e+03 
1.791919e-01 2.088490e+03 2.281781e+03 
1.822121e-01 2.038586e+03 2.214410e+03 
1.852323e-01 2.000475e+03 2.149795e+03 
1.882525e-01 1.971541e+03 2.087792e+03 
1.912727e-01 1.948917e+03 2.028268e+03 
1.942929e-01 1.929588e+03 1.971097e+03 
1.973131e-01 1.910584e+03 1.916161e+03 
2.003333e-01 1.889221e+03 1.863349e+03 
2.033535e-01 1.863338e+03 1.812557e+03 
2.063737e-01 1.831490e+03 1.763687e+03 
2.093939e-01 1.793073e+03 1.716647e+03 
2.124141e-01 1.748171e+03 1.671348e+03 
2.154343e-01 1.697586e+03 1.627710e+03 
2.184545e-01 1.642512e+03 1.585655e+03 
2.214747e-01 1.584532e+03 1.545111e+03 
2.244949e-01 1.525361e+03 1.506007e+03 
2.275152e-01 1.466787e+03 1.468279e+03 
2.305354e-01 1.410432e+03 1.431865e+03 
2.335556e-01 1.357728e+03 1.396707e+03 
2.365758e-01 1.309712e+03 1.362751e+03 
2.395960e-01 1.267125e+03 1.329943e+03 
2.426162e-01 1.230271e+03 1.298234e+03 
2.456364e-01 1.199134e+03 1.267577e+03 
2.486566e-01 1.173356e+03 1.237928e+03 
2.516768e-01 1.152295e+03 1.209245e+03 
2.546970e-01 1.135103e+03 1.181487e+03 
2.577172e-01 1.120742e+03 1.154616e+03 
2.607374e-01 1.108121e+03 1.128597e+03 
2.637576e-01 1.096155e+03 1.103394e+03 
2.667778e-01 1.083885e+03 1.078976e+03 
2.697980e-01 1.070520e+03 1.055311e+03 
2.728182e-01 1.055497e+03 1.032369e+03 
2.758384e-01 1.038443e+03 1.010122e+03 
2.788586e-01 1.019234e+03 9.885440e+02 
2.818788e-01 9.979116e+02 9.676083e+02 
2.848990e-01 9.747339e+02 9.472908e+02 
2.879192e-01 9.501094e+02 9.275682e+02 
2.909394e-01 9.245916e+02 9.084183e+02 
2.939596e-01 8.987979e+02 8.898199e+02 
2.969798e-01 8.733633e+02 8.717526e+02 
3.000000e-01 8.488570e+02 8.541970e+02 
