1.000000e-03 7.828996e+03 7.828989e+03 
4.020202e-03 2.598845e+04 2.616668e+04 
7.040404e-03 3.772949e+04 3.799012e+04 
1.006061e-02 4.468496e+04 4.521493e+04 
1.308081e-02 4.802600e+04 4.931996e+04 
1.610101e-02 4.861723e+04 5.131471e+04 
1.912121e-02 4.716209e+04 5.189985e+04 
2.214141e-02 4.427120e+04 5.156462e+04 
2.516162e-02 4.047998e+04 5.063976e+04 
2.818182e-02 3.624669e+04 4.934332e+04 
3.120202e-02 3.194284e+04 4.781950e+04 
3.422222e-02 2.784631e+04 4.616529e+04 
3.724242e-02 2.414443e+04 4.444690e+04 
4.026263e-02 2.094399e+04 4.270978e+04 
4.328283e-02 1.826947e+04 4.098512e+04 
4.630303e-02 1.612012e+04 3.929406e+04 
4.932323e-02 1.446823e+04 3.765061e+04 
5.234343e-02 1.324149e+04 3.606372e+04 
5.536364e-02 1.236664e+04 3.453871e+04 
5.838384e-02 1.177176e+04 3.307834e+04 
6.140404e-02 1.138595e+04 3.168353e+04 
6.442424e-02 1.114189e+04 3.035390e+04 
6.744444e-02 1.097999e+04 2.908821e+04 
7.046465e-02 1.084671e+04 2.788461e+04 
7.348485e-02 1.069389e+04 2.674083e+04 
7.650505e-02 1.048172e+04 2.565441e+04 
7.952525e-02 1.018333e+04 2.462272e+04 
8.254545e-02 9.786186e+03 2.364310e+04 
8.556566e-02 9.292279e+03 2.271290e+04 
8.858586e-02 8.716700e+03 2.182952e+04 
9.160606e-02 8.083684e+03 2.099043e+04 
9.462626e-02 7.422263e+03 2.019319e+04 
9.764646e-02 6.762321e+03 1.943546e+04 
1.006667e-01 6.131947e+03 1.871503e+04 
1.036869e-01 5.553802e+03 1.802979e+04 
1.067071e-01 5.044386e+03 1.737775e+04 
1.097273e-01 4.613308e+03 1.675702e+04 
1.127475e-01 4.263638e+03 1.616583e+04 
1.157677e-01 3.993908e+03 1.560250e+04 
1.187879e-01 3.798217e+03 1.506548e+04 
1.218081e-01 3.668393e+03 1.455328e+04 
1.248283e-01 3.594107e+03 1.406452e+04 
1.278485e-01 3.563581e+03 1.359791e+04 
1.308687e-01 3.563991e+03 1.315221e+04 
1.338889e-01 3.582208e+03 1.272629e+04 
1.369091e-01 3.605355e+03 1.231907e+04 
1.399293e-01 3.621477e+03 1.192954e+04 
1.429495e-01 3.620315e+03 1.155677e+04 
1.459697e-01 3.593688e+03 1.119985e+04 
1.489899e-01 3.536309e+03 1.085796e+04 
1.520101e-01 3.445394e+03 1.053032e+04 
1.550303e-01 3.321968e+03 1.021618e+04 
1.580505e-01 3.169958e+03 9.914857e+03 
1.610707e-01 2.996675e+03 9.625701e+03 
1.640909e-01 2.810838e+03 9.348098e+03 
1.671111e-01 2.621841e+03 9.081474e+03 
1.701313e-01 2.438196e+03 8.825286e+03 
1.731515e-01 2.267133e+03 8.579023e+03 
1.761717e-01 2.113530e+03 8.342204e+03 
1.791919e-01 1.980715e+03 8.114375e+03 
1.822121e-01 1.870525e+03 7.895108e+03 
1.852323e-01 1.783454e+03 7.684000e+03 
1.882525e-01 1.719023e+03 7.480670e+03 
1.912727e-01 1.675603e+03 7.284756e+03 
1.942929e-01 1.650726e+03 7.095919e+03 
1.973131e-01 1.640954e+03 6.913837e+03 
2.003333e-01 1.642266e+03 6.738206e+03 
2.033535e-01 1.650287e+03 6.568737e+03 
2.063737e-01 1.660711e+03 6.405158e+03 
2.093939e-01 1.669485e+03 6.247210e+03 
2.124141e-01 1.673090e+03 6.094650e+03 
2.154343e-01 1.668637e+03 5.947243e+03 
2.184545e-01 1.653946e+03 5.804772e+03 
2.214747e-01 1.627853e+03 5.667026e+03 
2.244949e-01 1.590038e+03 5.533807e+03 
2.275152e-01 1.541414e+03 5.404928e+03 
2.305354e-01 1.483709e+03 5.280209e+03 
2.335556e-01 1.419514e+03 5.159479e+03 
2.365758e-01 1.351690e+03 5.042578e+03 
2.395960e-01 1.283181e+03 4.929352e+03 
2.426162e-01 1.216641e+03 4.819653e+03 
2.456364e-01 1.154383e+03 4.713343e+03 
2.486566e-01 1.098165e+03 4.610288e+03 
2.516768e-01 1.049259e+03 4.510363e+03 
2.546970e-01 1.008443e+03 4.413446e+03 
2.577172e-01 9.759273e+02 4.319423e+03 
2.607374e-01 9.515095e+02 4.228183e+03 
2.637576e-01 9.344799e+02 4.139622e+03 
2.667778e-01 9.238335e+02 4.053640e+03 
2.697980e-01 9.182716e+02 3.970142e+03 
2.728182e-01 9.163671e+02 3.889036e+03 
2.758384e-01 9.166233e+02 3.810235e+03 
2.788586e-01 9.175639e+02 3.733656e+03 
2.818788e-01 9.177825e+02 3.659219e+03 
2.848990e-01 9.160184e+02 3.586847e+03 
2.879192e-01 9.112257e+02 3.516469e+03 
2.909394e-01 9.026077e+02 3.448013e+03 
2.939596e-01 8.897705e+02 3.381413e+03 
2.969798e-01 8.726410e+02 3.316605e+03 
3.000000e-01 8.515903e+02 3.253527e+03 
