1.000000e-03 3.122246e+03 3.122243e+03 
4.020202e-03 1.060898e+04 1.069242e+04 
7.040404e-03 1.564447e+04 1.575417e+04 
1.006061e-02 1.882023e+04 1.892812e+04 
1.308081e-02 2.059723e+04 2.069896e+04 
1.610101e-02 2.132069e+04 2.138210e+04 
1.912121e-02 2.126441e+04 2.123580e+04 
2.214141e-02 2.065536e+04 2.053403e+04 
2.516162e-02 1.968611e+04 1.954200e+04 
2.818182e-02 1.851469e+04 1.845621e+04 
3.120202e-02 1.726773e+04 1.738650e+04 
3.422222e-02 1.603923e+04 1.637896e+04 
3.724242e-02 1.489338e+04 1.544581e+04 
4.026263e-02 1.386958e+04 1.458507e+04 
4.328283e-02 1.298383e+04 1.379037e+04 
4.630303e-02 1.223059e+04 1.305475e+04 
4.932323e-02 1.160968e+04 1.237197e+04 
5.234343e-02 1.110456e+04 1.173674e+04 
5.536364e-02 1.067745e+04 1.114456e+04 
5.838384e-02 1.030636e+04 1.059161e+04 
6.140404e-02 9.970751e+03 1.007461e+04 
6.442424e-02 9.648004e+03 9.590652e+03 
6.744444e-02 9.319987e+03 9.137156e+03 
7.046465e-02 8.974173e+03 8.711809e+03 
7.348485e-02 8.604040e+03 8.312512e+03 
7.650505e-02 8.209831e+03 7.937356e+03 
7.952525e-02 7.797625e+03 7.584593e+03 
8.254545e-02 7.377115e+03 7.252623e+03 
8.556566e-02 6.959489e+03 6.939976e+03 
8.858586e-02 6.555089e+03 6.645298e+03 
9.160606e-02 6.172974e+03 6.367344e+03 
9.462626e-02 5.820647e+03 6.104967e+03 
9.764646e-02 5.503689e+03 5.857107e+03 
1.006667e-01 5.226067e+03 5.622788e+03 
1.036869e-01 4.988869e+03 5.401108e+03 
1.067071e-01 4.790726e+03 5.191233e+03 
1.097273e-01 4.627104e+03 4.992392e+03 
1.127475e-01 4.491745e+03 4.803874e+03 
1.157677e-01 4.377069e+03 4.625019e+03 
1.187879e-01 4.275721e+03 4.455215e+03 
1.218081e-01 4.180770e+03 4.293897e+03 
1.248283e-01 4.086667e+03 4.140539e+03 
1.278485e-01 3.988825e+03 3.994655e+03 
1.308687e-01 3.884134e+03 3.855791e+03 
1.338889e-01 3.770736e+03 3.723529e+03 
1.369091e-01 3.648419e+03 3.597477e+03 
1.399293e-01 3.518270e+03 3.477271e+03 
1.429495e-01 3.382535e+03 3.362573e+03 
1.459697e-01 3.244215e+03 3.253068e+03 
1.489899e-01 3.106677e+03 3.148460e+03 
1.520101e-01 2.973142e+03 3.048477e+03 
1.550303e-01 2.846569e+03 2.952861e+03 
1.580505e-01 2.729314e+03 2.861374e+03 
1.610707e-01 2.623169e+03 2.773790e+03 
1.640909e-01 2.529162e+03 2.689902e+03 
1.671111e-01 2.447418e+03 2.609512e+03 
1.701313e-01 2.377202e+03 2.532438e+03 
1.731515e-01 2.317069e+03 2.458506e+03 
1.761717e-01 2.265144e+03 2.387556e+03 
1.791919e-01 2.219298e+03 2.319436e+03 
1.822121e-01 2.177407e+03 2.254003e+03 
1.852323e-01 2.137576e+03 2.191123e+03 
1.882525e-01 2.098075e+03 2.130671e+03 
1.912727e-01 2.057392e+03 2.072528e+03 
1.942929e-01 2.014410e+03 2.016583e+03 
1.973131e-01 1.968434e+03 1.962730e+03 
2.003333e-01 1.919356e+03 1.910871e+03 
2.033535e-01 1.867478e+03 1.860911e+03 
2.063737e-01 1.813593e+03 1.812763e+03 
2.093939e-01 1.758684e+03 1.766344e+03 
2.124141e-01 1.703839e+03 1.721574e+03 
2.154343e-01 1.650104e+03 1.678380e+03 
2.184545e-01 1.598417e+03 1.636691e+03 
2.214747e-01 1.549555e+03 1.596441e+03 
2.244949e-01 1.504127e+03 1.557566e+03 
2.275152e-01 1.462513e+03 1.520007e+03 
2.305354e-01 1.424899e+03 1.483707e+03 
2.335556e-01 1.391123e+03 1.448613e+03 
2.365758e-01 1.360851e+03 1.414673e+03 
2.395960e-01 1.333567e+03 1.381839e+03 
2.426162e-01 1.308688e+03 1.350067e+03 
2.456364e-01 1.285572e+03 1.319311e+03 
2.486566e-01 1.263603e+03 1.289530e+03 
2.516768e-01 1.242206e+03 1.260686e+03 
2.546970e-01 1.220843e+03 1.232740e+03 
2.577172e-01 1.199040e+03 1.205657e+03 
2.607374e-01 1.176507e+03 1.179403e+03 
2.637576e-01 1.153085e+03 1.153946e+03 
2.667778e-01 1.128823e+03 1.129255e+03 
2.697980e-01 1.103899e+03 1.105300e+03 
2.728182e-01 1.078637e+03 1.082054e+03 
2.758384e-01 1.053370e+03 1.059490e+03 
2.788586e-01 1.028413e+03 1.037582e+03 
2.818788e-01 1.004048e+03 1.016306e+03 
2.848990e-01 9.805272e+02 9.956380e+02 
2.879192e-01 9.580496e+02 9.755569e+02 
2.909394e-01 9.367810e+02 9.560411e+02 
2.939596e-01 9.168360e+02 9.370701e+02 
2.969798e-01 8.982711e+02 9.186246e+02 
3.000000e-01 8.810566e+02 9.006860e+02 
