1.000000e-03 5.961980e+03 5.961975e+03 
4.020202e-03 1.992457e+04 2.008470e+04 
7.040404e-03 2.901387e+04 2.925099e+04 
1.006061e-02 3.446135e+04 3.478583e+04 
1.308081e-02 3.717055e+04 3.762591e+04 
1.610101e-02 3.780970e+04 3.831384e+04 
1.912121e-02 3.691653e+04 3.726157e+04 
2.214141e-02 3.495045e+04 3.496979e+04 
2.516162e-02 3.230938e+04 3.203453e+04 
2.818182e-02 2.933052e+04 2.898201e+04 
3.120202e-02 2.628381e+04 2.613927e+04 
3.422222e-02 2.337033e+04 2.363803e+04 
3.724242e-02 2.072589e+04 2.148926e+04 
4.026263e-02 1.842962e+04 1.965207e+04 
4.328283e-02 1.649928e+04 1.807322e+04 
4.630303e-02 1.493418e+04 1.670371e+04 
4.932323e-02 1.372544e+04 1.550347e+04 
5.234343e-02 1.281501e+04 1.444122e+04 
5.536364e-02 1.214660e+04 1.349292e+04 
5.838384e-02 1.166799e+04 1.264005e+04 
6.140404e-02 1.132139e+04 1.186818e+04 
6.442424e-02 1.105538e+04 1.116594e+04 
6.744444e-02 1.082463e+04 1.052422e+04 
7.046465e-02 1.058971e+04 9.935588e+03 
7.348485e-02 1.031837e+04 9.393890e+03 
7.650505e-02 9.987967e+03 8.893977e+03 
7.952525e-02 9.586962e+03 8.431473e+03 
8.254545e-02 9.115913e+03 8.002628e+03 
8.556566e-02 8.586017e+03 7.604194e+03 
8.858586e-02 8.015553e+03 7.233336e+03 
9.160606e-02 7.426932e+03 6.887564e+03 
9.462626e-02 6.843742e+03 6.564679e+03 
9.764646e-02 6.287614e+03 6.262725e+03 
1.006667e-01 5.777167e+03 5.979959e+03 
1.036869e-01 5.325430e+03 5.714819e+03 
1.067071e-01 4.940821e+03 5.465901e+03 
1.097273e-01 4.625363e+03 5.231941e+03 
1.127475e-01 4.377456e+03 5.011794e+03 
1.157677e-01 4.191648e+03 4.804424e+03 
1.187879e-01 4.060191e+03 4.608890e+03 
1.218081e-01 3.973431e+03 4.424333e+03 
1.248283e-01 3.920484e+03 4.249974e+03 
1.278485e-01 3.889837e+03 4.085098e+03 
1.308687e-01 3.869664e+03 3.929050e+03 
1.338889e-01 3.848932e+03 3.781234e+03 
1.369091e-01 3.818097e+03 3.641098e+03 
1.399293e-01 3.769939e+03 3.508137e+03 
1.429495e-01 3.699421e+03 3.381887e+03 
1.459697e-01 3.604441e+03 3.261917e+03 
1.489899e-01 3.484954e+03 3.147833e+03 
1.520101e-01 3.343594e+03 3.039268e+03 
1.550303e-01 3.184804e+03 2.935884e+03 
1.580505e-01 3.014847e+03 2.837368e+03 
1.610707e-01 2.840936e+03 2.743429e+03 
1.640909e-01 2.670565e+03 2.653798e+03 
1.671111e-01 2.510136e+03 2.568223e+03 
1.701313e-01 2.364773e+03 2.486473e+03 
1.731515e-01 2.237531e+03 2.408331e+03 
1.761717e-01 2.129984e+03 2.333593e+03 
1.791919e-01 2.042335e+03 2.262073e+03 
1.822121e-01 1.973786e+03 2.193593e+03 
1.852323e-01 1.922875e+03 2.127991e+03 
1.882525e-01 1.887436e+03 2.065112e+03 
1.912727e-01 1.864731e+03 2.004812e+03 
1.942929e-01 1.851311e+03 1.946958e+03 
1.973131e-01 1.843387e+03 1.891423e+03 
2.003333e-01 1.837015e+03 1.838089e+03 
2.033535e-01 1.828673e+03 1.786845e+03 
2.063737e-01 1.815343e+03 1.737587e+03 
2.093939e-01 1.794990e+03 1.690217e+03 
2.124141e-01 1.766346e+03 1.644643e+03 
2.154343e-01 1.729019e+03 1.600778e+03 
2.184545e-01 1.683350e+03 1.558541e+03 
2.214747e-01 1.630272e+03 1.517854e+03 
2.244949e-01 1.571418e+03 1.478645e+03 
2.275152e-01 1.508793e+03 1.440847e+03 
2.305354e-01 1.444746e+03 1.404393e+03 
2.335556e-01 1.381580e+03 1.369223e+03 
2.365758e-01 1.321435e+03 1.335281e+03 
2.395960e-01 1.265971e+03 1.302510e+03 
2.426162e-01 1.216446e+03 1.270859e+03 
2.456364e-01 1.173549e+03 1.240280e+03 
2.486566e-01 1.137597e+03 1.210726e+03 
2.516768e-01 1.108467e+03 1.182154e+03 
2.546970e-01 1.085690e+03 1.154521e+03 
2.577172e-01 1.068491e+03 1.127789e+03 
2.607374e-01 1.055826e+03 1.101920e+03 
2.637576e-01 1.046489e+03 1.076878e+03 
2.667778e-01 1.039135e+03 1.052630e+03 
2.697980e-01 1.032454e+03 1.029143e+03 
2.728182e-01 1.025249e+03 1.006387e+03 
2.758384e-01 1.016532e+03 9.843329e+02 
2.788586e-01 1.005517e+03 9.629532e+02 
2.818788e-01 9.917290e+02 9.422213e+02 
2.848990e-01 9.749141e+02 9.221122e+02 
2.879192e-01 9.551062e+02 9.026020e+02 
2.909394e-01 9.325664e+02 8.836679e+02 
2.939596e-01 9.077958e+02 8.652882e+02 
2.969798e-01 8.814778e+02 8.474420e+02 
3.000000e-01 8.544053e+02 8.301097e+02 
