1.000000e-03 3.312615e+03 3.312612e+03 
4.020202e-03 1.108936e+04 1.117656e+04 
7.040404e-03 1.626374e+04 1.637751e+04 
1.006061e-02 1.950401e+04 1.961390e+04 
1.308081e-02 2.130316e+04 2.140407e+04 
1.610101e-02 2.202388e+04 2.208155e+04 
1.912121e-02 2.194937e+04 2.191556e+04 
2.214141e-02 2.131404e+04 2.118703e+04 
2.516162e-02 2.031372e+04 2.016523e+04 
2.818182e-02 1.910988e+04 1.904877e+04 
3.120202e-02 1.782987e+04 1.794853e+04 
3.422222e-02 1.656936e+04 1.691120e+04 
3.724242e-02 1.539301e+04 1.594931e+04 
4.026263e-02 1.434014e+04 1.506112e+04 
4.328283e-02 1.342762e+04 1.424035e+04 
4.630303e-02 1.264958e+04 1.348011e+04 
4.932323e-02 1.200456e+04 1.277415e+04 
5.234343e-02 1.147772e+04 1.211713e+04 
5.536364e-02 1.103069e+04 1.150453e+04 
5.838384e-02 1.064009e+04 1.093244e+04 
6.140404e-02 1.028600e+04 1.039751e+04 
6.442424e-02 9.946145e+03 9.896773e+03 
6.744444e-02 9.602100e+03 9.427565e+03 
7.046465e-02 9.241175e+03 8.987505e+03 
7.348485e-02 8.856949e+03 8.574426e+03 
7.650505e-02 8.449573e+03 8.186354e+03 
7.952525e-02 8.025029e+03 7.821481e+03 
8.254545e-02 7.593206e+03 7.478149e+03 
8.556566e-02 7.165196e+03 7.154834e+03 
8.858586e-02 6.751314e+03 6.850136e+03 
9.160606e-02 6.360565e+03 6.562761e+03 
9.462626e-02 6.000253e+03 6.291521e+03 
9.764646e-02 5.675739e+03 6.035317e+03 
1.006667e-01 5.390888e+03 5.793137e+03 
1.036869e-01 5.146673e+03 5.564045e+03 
1.067071e-01 4.941885e+03 5.347177e+03 
1.097273e-01 4.771918e+03 5.141734e+03 
1.127475e-01 4.630576e+03 4.946977e+03 
1.157677e-01 4.510161e+03 4.762222e+03 
1.187879e-01 4.403243e+03 4.586836e+03 
1.218081e-01 4.302874e+03 4.420232e+03 
1.248283e-01 4.203458e+03 4.261866e+03 
1.278485e-01 4.100427e+03 4.111234e+03 
1.308687e-01 3.990881e+03 3.967865e+03 
1.338889e-01 3.873010e+03 3.831325e+03 
1.369091e-01 3.746602e+03 3.701210e+03 
1.399293e-01 3.612615e+03 3.577141e+03 
1.429495e-01 3.473395e+03 3.458769e+03 
1.459697e-01 3.331890e+03 3.345767e+03 
1.489899e-01 3.191459e+03 3.237830e+03 
1.520101e-01 3.055247e+03 3.134674e+03 
1.550303e-01 2.926153e+03 3.036033e+03 
1.580505e-01 2.806496e+03 2.941660e+03 
1.610707e-01 2.698084e+03 2.851323e+03 
1.640909e-01 2.601803e+03 2.764805e+03 
1.671111e-01 2.517816e+03 2.681903e+03 
1.701313e-01 2.445362e+03 2.602427e+03 
1.731515e-01 2.383041e+03 2.526198e+03 
1.761717e-01 2.328914e+03 2.453050e+03 
1.791919e-01 2.280891e+03 2.382826e+03 
1.822121e-01 2.236853e+03 2.315378e+03 
1.852323e-01 2.194905e+03 2.250568e+03 
1.882525e-01 2.153326e+03 2.188265e+03 
1.912727e-01 2.110673e+03 2.128347e+03 
1.942929e-01 2.065830e+03 2.070698e+03 
1.973131e-01 2.018150e+03 2.015211e+03 
2.003333e-01 1.967481e+03 1.961782e+03 
2.033535e-01 1.914156e+03 1.910314e+03 
2.063737e-01 1.858925e+03 1.860717e+03 
2.093939e-01 1.802793e+03 1.812905e+03 
2.124141e-01 1.746829e+03 1.766795e+03 
2.154343e-01 1.692077e+03 1.722312e+03 
2.184545e-01 1.639426e+03 1.679382e+03 
2.214747e-01 1.589639e+03 1.637937e+03 
2.244949e-01 1.543299e+03 1.597911e+03 
2.275152e-01 1.500778e+03 1.559244e+03 
2.305354e-01 1.462221e+03 1.521875e+03 
2.335556e-01 1.427500e+03 1.485750e+03 
2.365758e-01 1.396284e+03 1.450817e+03 
2.395960e-01 1.368052e+03 1.417025e+03 
2.426162e-01 1.342200e+03 1.384326e+03 
2.456364e-01 1.318106e+03 1.352677e+03 
2.486566e-01 1.295159e+03 1.322034e+03 
2.516768e-01 1.272791e+03 1.292356e+03 
2.546970e-01 1.250494e+03 1.263605e+03 
2.577172e-01 1.227834e+03 1.235744e+03 
2.607374e-01 1.204514e+03 1.208738e+03 
2.637576e-01 1.180357e+03 1.182553e+03 
2.667778e-01 1.155412e+03 1.157158e+03 
2.697980e-01 1.129853e+03 1.132522e+03 
2.728182e-01 1.103989e+03 1.108616e+03 
2.758384e-01 1.078154e+03 1.085413e+03 
2.788586e-01 1.052678e+03 1.062887e+03 
2.818788e-01 1.027844e+03 1.041012e+03 
2.848990e-01 1.003883e+03 1.019764e+03 
2.879192e-01 9.809786e+02 9.991206e+02 
2.909394e-01 9.592794e+02 9.790596e+02 
2.939596e-01 9.388900e+02 9.595600e+02 
2.969798e-01 9.198697e+02 9.406019e+02 
3.000000e-01 9.021750e+02 9.221660e+02 
