1.000000e-03 3.880038e+03 3.880034e+03 
4.020202e-03 1.283117e+04 1.293195e+04 
7.040404e-03 1.872473e+04 1.886130e+04 
1.006061e-02 2.236988e+04 2.251882e+04 
1.308081e-02 2.433942e+04 2.450383e+04 
1.610101e-02 2.505151e+04 2.518775e+04 
1.912121e-02 2.483482e+04 2.486550e+04 
2.214141e-02 2.396371e+04 2.385911e+04 
2.516162e-02 2.266913e+04 2.249803e+04 
2.818182e-02 2.114350e+04 2.103872e+04 
3.120202e-02 1.954030e+04 1.962834e+04 
3.422222e-02 1.797439e+04 1.832718e+04 
3.724242e-02 1.652365e+04 1.714733e+04 
4.026263e-02 1.523640e+04 1.608080e+04 
4.328283e-02 1.412970e+04 1.511392e+04 
4.630303e-02 1.319900e+04 1.423315e+04 
4.932323e-02 1.244656e+04 1.342685e+04 
5.234343e-02 1.184651e+04 1.268552e+04 
5.536364e-02 1.135726e+04 1.200139e+04 
5.838384e-02 1.094958e+04 1.136815e+04 
6.140404e-02 1.059655e+04 1.078054e+04 
6.442424e-02 1.027099e+04 1.023412e+04 
6.744444e-02 9.946314e+03 9.725081e+03 
7.046465e-02 9.603973e+03 9.250128e+03 
7.348485e-02 9.232669e+03 8.806349e+03 
7.650505e-02 8.828221e+03 8.391167e+03 
7.952525e-02 8.394374e+03 8.002277e+03 
8.254545e-02 7.940271e+03 7.637608e+03 
8.556566e-02 7.478083e+03 7.295290e+03 
8.858586e-02 7.020648e+03 6.973628e+03 
9.160606e-02 6.579977e+03 6.671082e+03 
9.462626e-02 6.166677e+03 6.386249e+03 
9.764646e-02 5.789775e+03 6.117848e+03 
1.006667e-01 5.455742e+03 5.864708e+03 
1.036869e-01 5.168559e+03 5.625755e+03 
1.067071e-01 4.928395e+03 5.400005e+03 
1.097273e-01 4.732751e+03 5.186555e+03 
1.127475e-01 4.575450e+03 4.984573e+03 
1.157677e-01 4.449021e+03 4.793294e+03 
1.187879e-01 4.345126e+03 4.612014e+03 
1.218081e-01 4.255660e+03 4.440082e+03 
1.248283e-01 4.172968e+03 4.276898e+03 
1.278485e-01 4.090506e+03 4.121906e+03 
1.308687e-01 4.002703e+03 3.974594e+03 
1.338889e-01 3.905676e+03 3.834486e+03 
1.369091e-01 3.796913e+03 3.701142e+03 
1.399293e-01 3.676021e+03 3.574153e+03 
1.429495e-01 3.544056e+03 3.453140e+03 
1.459697e-01 3.403602e+03 3.337750e+03 
1.489899e-01 3.258153e+03 3.227655e+03 
1.520101e-01 3.111751e+03 3.122551e+03 
1.550303e-01 2.968315e+03 3.022153e+03 
1.580505e-01 2.831547e+03 2.926196e+03 
1.610707e-01 2.704639e+03 2.834433e+03 
1.640909e-01 2.590070e+03 2.746633e+03 
1.671111e-01 2.489272e+03 2.662582e+03 
1.701313e-01 2.402600e+03 2.582076e+03 
1.731515e-01 2.329441e+03 2.504928e+03 
1.761717e-01 2.268382e+03 2.430961e+03 
1.791919e-01 2.217536e+03 2.360009e+03 
1.822121e-01 2.174619e+03 2.291917e+03 
1.852323e-01 2.137261e+03 2.226540e+03 
1.882525e-01 2.103129e+03 2.163740e+03 
1.912727e-01 2.069997e+03 2.103390e+03 
1.942929e-01 2.035792e+03 2.045368e+03 
1.973131e-01 1.998902e+03 1.989560e+03 
2.003333e-01 1.958140e+03 1.935860e+03 
2.033535e-01 1.913099e+03 1.884167e+03 
2.063737e-01 1.863851e+03 1.834385e+03 
2.093939e-01 1.811074e+03 1.786426e+03 
2.124141e-01 1.755737e+03 1.740205e+03 
2.154343e-01 1.699084e+03 1.695641e+03 
2.184545e-01 1.642391e+03 1.652659e+03 
2.214747e-01 1.586919e+03 1.611189e+03 
2.244949e-01 1.533805e+03 1.571162e+03 
2.275152e-01 1.484048e+03 1.532515e+03 
2.305354e-01 1.438370e+03 1.495187e+03 
2.335556e-01 1.397225e+03 1.459122e+03 
2.365758e-01 1.360681e+03 1.424264e+03 
2.395960e-01 1.328557e+03 1.390563e+03 
2.426162e-01 1.300441e+03 1.357970e+03 
2.456364e-01 1.275754e+03 1.326438e+03 
2.486566e-01 1.253814e+03 1.295924e+03 
2.516768e-01 1.233862e+03 1.266385e+03 
2.546970e-01 1.215116e+03 1.237782e+03 
2.577172e-01 1.196797e+03 1.210078e+03 
2.607374e-01 1.178206e+03 1.183236e+03 
2.637576e-01 1.158767e+03 1.157221e+03 
2.667778e-01 1.138130e+03 1.132003e+03 
2.697980e-01 1.116141e+03 1.107549e+03 
2.728182e-01 1.092897e+03 1.083830e+03 
2.758384e-01 1.068617e+03 1.060819e+03 
2.788586e-01 1.043615e+03 1.038487e+03 
2.818788e-01 1.018245e+03 1.016810e+03 
2.848990e-01 9.928924e+02 9.957622e+02 
2.879192e-01 9.679344e+02 9.753215e+02 
2.909394e-01 9.437344e+02 9.554652e+02 
2.939596e-01 9.206273e+02 9.361719e+02 
2.969798e-01 8.989063e+02 9.174212e+02 
3.000000e-01 8.787559e+02 8.991938e+02 
