1.000000e-03 4.396365e+03 4.396361e+03 
4.020202e-03 1.485316e+04 1.497111e+04 
7.040404e-03 2.181447e+04 2.198345e+04 
1.006061e-02 2.612172e+04 2.633166e+04 
1.308081e-02 2.841620e+04 2.868575e+04 
1.610101e-02 2.917934e+04 2.945271e+04 
1.912121e-02 2.879973e+04 2.895161e+04 
2.214141e-02 2.760860e+04 2.755565e+04 
2.516162e-02 2.589136e+04 2.568437e+04 
2.818182e-02 2.389039e+04 2.369209e+04 
3.120202e-02 2.180088e+04 2.179440e+04 
3.422222e-02 1.977032e+04 2.008116e+04 
3.724242e-02 1.789987e+04 1.856705e+04 
4.026263e-02 1.625222e+04 1.723425e+04 
4.328283e-02 1.484743e+04 1.605612e+04 
4.630303e-02 1.368509e+04 1.500712e+04 
4.932323e-02 1.276698e+04 1.406582e+04 
5.234343e-02 1.205642e+04 1.321510e+04 
5.536364e-02 1.150786e+04 1.244151e+04 
5.838384e-02 1.108417e+04 1.173440e+04 
6.140404e-02 1.074777e+04 1.108530e+04 
6.442424e-02 1.046072e+04 1.048729e+04 
6.744444e-02 1.018797e+04 9.934705e+03 
7.046465e-02 9.902196e+03 9.422764e+03 
7.348485e-02 9.583518e+03 8.947420e+03 
7.650505e-02 9.219972e+03 8.505186e+03 
7.952525e-02 8.808312e+03 8.093031e+03 
8.254545e-02 8.354444e+03 7.708295e+03 
8.556566e-02 7.869801e+03 7.348626e+03 
8.858586e-02 7.369268e+03 7.011933e+03 
9.160606e-02 6.869524e+03 6.696346e+03 
9.462626e-02 6.386541e+03 6.400187e+03 
9.764646e-02 5.935047e+03 6.121943e+03 
1.006667e-01 5.526782e+03 5.860245e+03 
1.036869e-01 5.170347e+03 5.613855e+03 
1.067071e-01 4.869527e+03 5.381644e+03 
1.097273e-01 4.624224e+03 5.162588e+03 
1.127475e-01 4.430687e+03 4.955748e+03 
1.157677e-01 4.282467e+03 4.760269e+03 
1.187879e-01 4.171579e+03 4.575367e+03 
1.218081e-01 4.089161e+03 4.400321e+03 
1.248283e-01 4.026090e+03 4.234473e+03 
1.278485e-01 3.973174e+03 4.077213e+03 
1.308687e-01 3.921816e+03 3.927983e+03 
1.338889e-01 3.864238e+03 3.786266e+03 
1.369091e-01 3.794542e+03 3.651587e+03 
1.399293e-01 3.708508e+03 3.523505e+03 
1.429495e-01 3.604834e+03 3.401614e+03 
1.459697e-01 3.483984e+03 3.285535e+03 
1.489899e-01 3.348497e+03 3.174920e+03 
1.520101e-01 3.202013e+03 3.069445e+03 
1.550303e-01 3.049103e+03 2.968807e+03 
1.580505e-01 2.894878e+03 2.872726e+03 
1.610707e-01 2.744568e+03 2.780943e+03 
1.640909e-01 2.602845e+03 2.693213e+03 
1.671111e-01 2.473636e+03 2.609312e+03 
1.701313e-01 2.359644e+03 2.529026e+03 
1.731515e-01 2.262214e+03 2.452160e+03 
1.761717e-01 2.181347e+03 2.378529e+03 
1.791919e-01 2.116026e+03 2.307960e+03 
1.822121e-01 2.064590e+03 2.240293e+03 
1.852323e-01 2.024793e+03 2.175375e+03 
1.882525e-01 1.994136e+03 2.113066e+03 
1.912727e-01 1.969905e+03 2.053232e+03 
1.942929e-01 1.949243e+03 1.995749e+03 
1.973131e-01 1.929215e+03 1.940499e+03 
2.003333e-01 1.907225e+03 1.887373e+03 
2.033535e-01 1.881058e+03 1.836267e+03 
2.063737e-01 1.849307e+03 1.787082e+03 
2.093939e-01 1.811207e+03 1.739728e+03 
2.124141e-01 1.766864e+03 1.694118e+03 
2.154343e-01 1.716953e+03 1.650170e+03 
2.184545e-01 1.662651e+03 1.607808e+03 
2.214747e-01 1.605430e+03 1.566957e+03 
2.244949e-01 1.546922e+03 1.527551e+03 
2.275152e-01 1.488816e+03 1.489523e+03 
2.305354e-01 1.432712e+03 1.452812e+03 
2.335556e-01 1.379989e+03 1.417361e+03 
2.365758e-01 1.331725e+03 1.383115e+03 
2.395960e-01 1.288670e+03 1.350020e+03 
2.426162e-01 1.251168e+03 1.318028e+03 
2.456364e-01 1.219260e+03 1.287092e+03 
2.486566e-01 1.192601e+03 1.257168e+03 
2.516768e-01 1.170624e+03 1.228214e+03 
2.546970e-01 1.152506e+03 1.200188e+03 
2.577172e-01 1.137292e+03 1.173054e+03 
2.607374e-01 1.123920e+03 1.146775e+03 
2.637576e-01 1.111360e+03 1.121317e+03 
2.667778e-01 1.098646e+03 1.096647e+03 
2.697980e-01 1.085012e+03 1.072734e+03 
2.728182e-01 1.069856e+03 1.049548e+03 
2.758384e-01 1.052811e+03 1.027061e+03 
2.788586e-01 1.033708e+03 1.005247e+03 
2.818788e-01 1.012578e+03 9.840788e+02 
2.848990e-01 9.896510e+02 9.635328e+02 
2.879192e-01 9.652958e+02 9.435854e+02 
2.909394e-01 9.400283e+02 9.242145e+02 
2.939596e-01 9.144211e+02 9.053987e+02 
2.969798e-01 8.890819e+02 8.871177e+02 
3.000000e-01 8.645651e+02 8.693521e+02 
