1.000000e-03 2.721826e+03 2.721823e+03 
4.020202e-03 9.177473e+03 9.249274e+03 
7.040404e-03 1.350592e+04 1.359300e+04 
1.006061e-02 1.625082e+04 1.631513e+04 
1.308081e-02 1.782398e+04 1.785167e+04 
1.610101e-02 1.852725e+04 1.849657e+04 
1.912121e-02 1.859484e+04 1.848983e+04 
2.214141e-02 1.821523e+04 1.806180e+04 
2.516162e-02 1.754303e+04 1.740948e+04 
2.818182e-02 1.670314e+04 1.666592e+04 
3.120202e-02 1.579294e+04 1.590333e+04 
3.422222e-02 1.488338e+04 1.515498e+04 
3.724242e-02 1.402315e+04 1.443440e+04 
4.026263e-02 1.324066e+04 1.374643e+04 
4.328283e-02 1.253878e+04 1.309230e+04 
4.630303e-02 1.192932e+04 1.247180e+04 
4.932323e-02 1.141057e+04 1.188409e+04 
5.234343e-02 1.095478e+04 1.132804e+04 
5.536364e-02 1.054079e+04 1.080237e+04 
5.838384e-02 1.015455e+04 1.030572e+04 
6.140404e-02 9.786670e+03 9.836666e+03 
6.442424e-02 9.423652e+03 9.393774e+03 
6.744444e-02 9.054600e+03 8.975626e+03 
7.046465e-02 8.674857e+03 8.580823e+03 
7.348485e-02 8.284396e+03 8.208010e+03 
7.650505e-02 7.887445e+03 7.855879e+03 
7.952525e-02 7.492008e+03 7.523180e+03 
8.254545e-02 7.106979e+03 7.208725e+03 
8.556566e-02 6.740167e+03 6.911388e+03 
8.858586e-02 6.397340e+03 6.630107e+03 
9.160606e-02 6.082058e+03 6.363882e+03 
9.462626e-02 5.796554e+03 6.111776e+03 
9.764646e-02 5.541972e+03 5.872911e+03 
1.006667e-01 5.318051e+03 5.646464e+03 
1.036869e-01 5.123354e+03 5.431668e+03 
1.067071e-01 4.953959e+03 5.227806e+03 
1.097273e-01 4.804783e+03 5.034209e+03 
1.127475e-01 4.669306e+03 4.850253e+03 
1.157677e-01 4.541496e+03 4.675355e+03 
1.187879e-01 4.416400e+03 4.508973e+03 
1.218081e-01 4.290473e+03 4.350602e+03 
1.248283e-01 4.161651e+03 4.199767e+03 
1.278485e-01 4.029211e+03 4.056031e+03 
1.308687e-01 3.893453e+03 3.918980e+03 
1.338889e-01 3.755471e+03 3.788232e+03 
1.369091e-01 3.616835e+03 3.663429e+03 
1.399293e-01 3.479598e+03 3.544236e+03 
1.429495e-01 3.345927e+03 3.430339e+03 
1.459697e-01 3.217807e+03 3.321448e+03 
1.489899e-01 3.096994e+03 3.217287e+03 
1.520101e-01 2.984778e+03 3.117601e+03 
1.550303e-01 2.882037e+03 3.022150e+03 
1.580505e-01 2.789050e+03 2.930710e+03 
1.610707e-01 2.705554e+03 2.843069e+03 
1.640909e-01 2.630687e+03 2.759030e+03 
1.671111e-01 2.563124e+03 2.678408e+03 
1.701313e-01 2.501183e+03 2.601028e+03 
1.731515e-01 2.443183e+03 2.526726e+03 
1.761717e-01 2.387515e+03 2.455349e+03 
1.791919e-01 2.332994e+03 2.386752e+03 
1.822121e-01 2.278686e+03 2.320799e+03 
1.852323e-01 2.224002e+03 2.257362e+03 
1.882525e-01 2.168542e+03 2.196318e+03 
1.912727e-01 2.112188e+03 2.137556e+03 
1.942929e-01 2.055047e+03 2.080967e+03 
1.973131e-01 1.997565e+03 2.026449e+03 
2.003333e-01 1.940381e+03 1.973907e+03 
2.033535e-01 1.884328e+03 1.923250e+03 
2.063737e-01 1.830150e+03 1.874394e+03 
2.093939e-01 1.778470e+03 1.827256e+03 
2.124141e-01 1.729630e+03 1.781761e+03 
2.154343e-01 1.683777e+03 1.737836e+03 
2.184545e-01 1.640926e+03 1.695412e+03 
2.214747e-01 1.601013e+03 1.654424e+03 
2.244949e-01 1.563866e+03 1.614812e+03 
2.275152e-01 1.529243e+03 1.576515e+03 
2.305354e-01 1.496767e+03 1.539480e+03 
2.335556e-01 1.466004e+03 1.503652e+03 
2.365758e-01 1.436441e+03 1.468982e+03 
2.395960e-01 1.407639e+03 1.435423e+03 
2.426162e-01 1.379293e+03 1.402930e+03 
2.456364e-01 1.351185e+03 1.371459e+03 
2.486566e-01 1.323184e+03 1.340969e+03 
2.516768e-01 1.295235e+03 1.311422e+03 
2.546970e-01 1.267341e+03 1.282781e+03 
2.577172e-01 1.239564e+03 1.255009e+03 
2.607374e-01 1.212004e+03 1.228075e+03 
2.637576e-01 1.184829e+03 1.201945e+03 
2.667778e-01 1.158239e+03 1.176588e+03 
2.697980e-01 1.132456e+03 1.151977e+03 
2.728182e-01 1.107667e+03 1.128083e+03 
2.758384e-01 1.083948e+03 1.104879e+03 
2.788586e-01 1.061325e+03 1.082339e+03 
2.818788e-01 1.039764e+03 1.060441e+03 
2.848990e-01 1.019201e+03 1.039160e+03 
2.879192e-01 9.995449e+02 1.018474e+03 
2.909394e-01 9.807134e+02 9.983618e+02 
2.939596e-01 9.626293e+02 9.788036e+02 
2.969798e-01 9.451890e+02 9.597796e+02 
3.000000e-01 9.282741e+02 9.412713e+02 
