1.000000e-03 7.358397e+03 7.358390e+03 
4.020202e-03 2.457018e+04 2.476908e+04 
7.040404e-03 3.576377e+04 3.607103e+04 
1.006061e-02 4.244362e+04 4.289632e+04 
1.308081e-02 4.570740e+04 4.638798e+04 
1.610101e-02 4.636957e+04 4.718661e+04 
1.912121e-02 4.509110e+04 4.575033e+04 
2.214141e-02 4.244476e+04 4.265155e+04 
2.516162e-02 3.893218e+04 3.863393e+04 
2.818182e-02 3.498442e+04 3.441721e+04 
3.120202e-02 3.095030e+04 3.048971e+04 
3.422222e-02 2.709384e+04 2.706769e+04 
3.724242e-02 2.359407e+04 2.417959e+04 
4.026263e-02 2.055555e+04 2.176569e+04 
4.328283e-02 1.800583e+04 1.974201e+04 
4.630303e-02 1.594424e+04 1.802957e+04 
4.932323e-02 1.435204e+04 1.656342e+04 
5.234343e-02 1.316280e+04 1.529315e+04 
5.536364e-02 1.230801e+04 1.418044e+04 
5.838384e-02 1.172079e+04 1.319625e+04 
6.140404e-02 1.133272e+04 1.231846e+04 
6.442424e-02 1.108038e+04 1.152998e+04 
6.744444e-02 1.090720e+04 1.081744e+04 
7.046465e-02 1.076263e+04 1.017022e+04 
7.348485e-02 1.060088e+04 9.579739e+03 
7.650505e-02 1.038449e+04 9.038971e+03 
7.952525e-02 1.008721e+04 8.542087e+03 
8.254545e-02 9.696278e+03 8.084188e+03 
8.556566e-02 9.214131e+03 7.661116e+03 
8.858586e-02 8.654629e+03 7.269309e+03 
9.160606e-02 8.040113e+03 6.905684e+03 
9.462626e-02 7.398459e+03 6.567559e+03 
9.764646e-02 6.757634e+03 6.252585e+03 
1.006667e-01 6.144382e+03 5.958690e+03 
1.036869e-01 5.580081e+03 5.684038e+03 
1.067071e-01 5.081313e+03 5.426997e+03 
1.097273e-01 4.657140e+03 5.186109e+03 
1.127475e-01 4.311396e+03 4.960067e+03 
1.157677e-01 4.042562e+03 4.747697e+03 
1.187879e-01 3.845444e+03 4.547937e+03 
1.218081e-01 3.712309e+03 4.359830e+03 
1.248283e-01 3.633151e+03 4.182507e+03 
1.278485e-01 3.596754e+03 4.015179e+03 
1.308687e-01 3.590739e+03 3.857127e+03 
1.338889e-01 3.602473e+03 3.707695e+03 
1.369091e-01 3.619397e+03 3.566286e+03 
1.399293e-01 3.630213e+03 3.432350e+03 
1.429495e-01 3.624936e+03 3.305385e+03 
1.459697e-01 3.595938e+03 3.184929e+03 
1.489899e-01 3.537878e+03 3.070558e+03 
1.520101e-01 3.448259e+03 2.961881e+03 
1.550303e-01 3.327815e+03 2.858538e+03 
1.580505e-01 3.179988e+03 2.760195e+03 
1.610707e-01 3.011465e+03 2.666545e+03 
1.640909e-01 2.830370e+03 2.577304e+03 
1.671111e-01 2.645750e+03 2.492206e+03 
1.701313e-01 2.465841e+03 2.411009e+03 
1.731515e-01 2.297664e+03 2.333484e+03 
1.761717e-01 2.146071e+03 2.259420e+03 
1.791919e-01 2.014409e+03 2.188620e+03 
1.822121e-01 1.904356e+03 2.120902e+03 
1.852323e-01 1.816564e+03 2.056095e+03 
1.882525e-01 1.750571e+03 1.994039e+03 
1.912727e-01 1.704948e+03 1.934587e+03 
1.942929e-01 1.677434e+03 1.877598e+03 
1.973131e-01 1.664775e+03 1.822943e+03 
2.003333e-01 1.663185e+03 1.770501e+03 
2.033535e-01 1.668425e+03 1.720157e+03 
2.063737e-01 1.676321e+03 1.671804e+03 
2.093939e-01 1.682918e+03 1.625342e+03 
2.124141e-01 1.684847e+03 1.580677e+03 
2.154343e-01 1.679270e+03 1.537720e+03 
2.184545e-01 1.664183e+03 1.496387e+03 
2.214747e-01 1.638324e+03 1.456602e+03 
2.244949e-01 1.601413e+03 1.418289e+03 
2.275152e-01 1.554158e+03 1.381380e+03 
2.305354e-01 1.498127e+03 1.345808e+03 
2.335556e-01 1.435691e+03 1.311512e+03 
2.365758e-01 1.369558e+03 1.278434e+03 
2.395960e-01 1.302519e+03 1.246518e+03 
2.426162e-01 1.237151e+03 1.215712e+03 
2.456364e-01 1.175685e+03 1.185967e+03 
2.486566e-01 1.119841e+03 1.157237e+03 
2.516768e-01 1.070917e+03 1.129477e+03 
2.546970e-01 1.029649e+03 1.102645e+03 
2.577172e-01 9.963692e+02 1.076702e+03 
2.607374e-01 9.708949e+02 1.051610e+03 
2.637576e-01 9.526397e+02 1.027333e+03 
2.667778e-01 9.406601e+02 1.003838e+03 
2.697980e-01 9.337267e+02 9.810921e+02 
2.728182e-01 9.304675e+02 9.590653e+02 
2.758384e-01 9.294364e+02 9.377284e+02 
2.788586e-01 9.292207e+02 9.170537e+02 
2.818788e-01 9.284851e+02 8.970150e+02 
2.848990e-01 9.260406e+02 8.775873e+02 
2.879192e-01 9.208506e+02 8.587467e+02 
2.909394e-01 9.121662e+02 8.404705e+02 
2.939596e-01 8.995109e+02 8.227372e+02 
2.969798e-01 8.828188e+02 8.055261e+02 
3.000000e-01 8.623641e+02 7.888176e+02 
