1.000000e-03 2.496727e+03 2.496725e+03 
4.020202e-03 8.386524e+03 8.454227e+03 
7.040404e-03 1.225780e+04 1.232928e+04 
1.006061e-02 1.467501e+04 1.469724e+04 
1.308081e-02 1.605840e+04 1.600919e+04 
1.610101e-02 1.670446e+04 1.657641e+04 
1.912121e-02 1.682909e+04 1.663756e+04 
2.214141e-02 1.659644e+04 1.638371e+04 
2.516162e-02 1.613202e+04 1.595130e+04 
2.818182e-02 1.553166e+04 1.542459e+04 
3.120202e-02 1.486660e+04 1.485172e+04 
3.422222e-02 1.418622e+04 1.426023e+04 
3.724242e-02 1.352276e+04 1.366656e+04 
4.026263e-02 1.289533e+04 1.308097e+04 
4.328283e-02 1.230507e+04 1.251001e+04 
4.630303e-02 1.175731e+04 1.195785e+04 
4.932323e-02 1.125762e+04 1.142702e+04 
5.234343e-02 1.078568e+04 1.091892e+04 
5.536364e-02 1.033001e+04 1.043414e+04 
5.838384e-02 9.892188e+03 9.972716e+03 
6.140404e-02 9.468569e+03 9.534302e+03 
6.442424e-02 9.054470e+03 9.118277e+03 
6.744444e-02 8.649297e+03 8.723846e+03 
7.046465e-02 8.254372e+03 8.350109e+03 
7.348485e-02 7.872557e+03 7.996104e+03 
7.650505e-02 7.507890e+03 7.660841e+03 
7.952525e-02 7.164410e+03 7.343331e+03 
8.254545e-02 6.844398e+03 7.042602e+03 
8.556566e-02 6.548352e+03 6.757707e+03 
8.858586e-02 6.274876e+03 6.487736e+03 
9.160606e-02 6.022507e+03 6.231818e+03 
9.462626e-02 5.789805e+03 5.989127e+03 
9.764646e-02 5.575282e+03 5.758879e+03 
1.006667e-01 5.376886e+03 5.540336e+03 
1.036869e-01 5.191691e+03 5.332800e+03 
1.067071e-01 5.016178e+03 5.135620e+03 
1.097273e-01 4.846844e+03 4.948180e+03 
1.127475e-01 4.681680e+03 4.769908e+03 
1.157677e-01 4.519347e+03 4.600263e+03 
1.187879e-01 4.360079e+03 4.438742e+03 
1.218081e-01 4.204673e+03 4.284873e+03 
1.248283e-01 4.053938e+03 4.138216e+03 
1.278485e-01 3.908681e+03 3.998358e+03 
1.308687e-01 3.769658e+03 3.864913e+03 
1.338889e-01 3.637575e+03 3.737520e+03 
1.369091e-01 3.512841e+03 3.615841e+03 
1.399293e-01 3.395611e+03 3.499560e+03 
1.429495e-01 3.285704e+03 3.388380e+03 
1.459697e-01 3.182585e+03 3.282025e+03 
1.489899e-01 3.085666e+03 3.180235e+03 
1.520101e-01 2.994298e+03 3.082767e+03 
1.550303e-01 2.907831e+03 2.989391e+03 
1.580505e-01 2.825608e+03 2.899894e+03 
1.610707e-01 2.746946e+03 2.814074e+03 
1.640909e-01 2.671088e+03 2.731743e+03 
1.671111e-01 2.597374e+03 2.652724e+03 
1.701313e-01 2.525484e+03 2.576849e+03 
1.731515e-01 2.455236e+03 2.503961e+03 
1.761717e-01 2.386746e+03 2.433914e+03 
1.791919e-01 2.320206e+03 2.366568e+03 
1.822121e-01 2.255754e+03 2.301792e+03 
1.852323e-01 2.193510e+03 2.239462e+03 
1.882525e-01 2.133559e+03 2.179463e+03 
1.912727e-01 2.075969e+03 2.121685e+03 
1.942929e-01 2.020801e+03 2.066024e+03 
1.973131e-01 1.968104e+03 2.012381e+03 
2.003333e-01 1.917820e+03 1.960666e+03 
2.033535e-01 1.869798e+03 1.910790e+03 
2.063737e-01 1.823847e+03 1.862671e+03 
2.093939e-01 1.779730e+03 1.816230e+03 
2.124141e-01 1.737244e+03 1.771394e+03 
2.154343e-01 1.696229e+03 1.728092e+03 
2.184545e-01 1.656539e+03 1.686257e+03 
2.214747e-01 1.618040e+03 1.645828e+03 
2.244949e-01 1.580618e+03 1.606743e+03 
2.275152e-01 1.544203e+03 1.568947e+03 
2.305354e-01 1.508753e+03 1.532386e+03 
2.335556e-01 1.474283e+03 1.497007e+03 
2.365758e-01 1.440822e+03 1.462764e+03 
2.395960e-01 1.408379e+03 1.429609e+03 
2.426162e-01 1.376955e+03 1.397498e+03 
2.456364e-01 1.346506e+03 1.366390e+03 
2.486566e-01 1.316978e+03 1.336245e+03 
2.516768e-01 1.288364e+03 1.307026e+03 
2.546970e-01 1.260679e+03 1.278695e+03 
2.577172e-01 1.233925e+03 1.251219e+03 
2.607374e-01 1.208093e+03 1.224565e+03 
2.637576e-01 1.183131e+03 1.198701e+03 
2.667778e-01 1.158951e+03 1.173598e+03 
2.697980e-01 1.135470e+03 1.149227e+03 
2.728182e-01 1.112618e+03 1.125561e+03 
2.758384e-01 1.090354e+03 1.102574e+03 
2.788586e-01 1.068685e+03 1.080242e+03 
2.818788e-01 1.047609e+03 1.058540e+03 
2.848990e-01 1.027108e+03 1.037445e+03 
2.879192e-01 1.007159e+03 1.016937e+03 
2.909394e-01 9.877282e+02 9.969943e+02 
2.939596e-01 9.687879e+02 9.775970e+02 
2.969798e-01 9.503248e+02 9.587260e+02 
3.000000e-01 9.323327e+02 9.403633e+02 
