1.000000e-03 3.903865e+03 3.903862e+03 
4.020202e-03 1.296155e+04 1.306556e+04 
7.040404e-03 1.876233e+04 1.889039e+04 
1.006061e-02 2.221610e+04 2.233045e+04 
1.308081e-02 2.397772e+04 2.406759e+04 
1.610101e-02 2.451226e+04 2.453603e+04 
1.912121e-02 2.417350e+04 2.408768e+04 
2.214141e-02 2.324503e+04 2.307381e+04 
2.516162e-02 2.195776e+04 2.180346e+04 
2.818182e-02 2.049516e+04 2.048282e+04 
3.120202e-02 1.899748e+04 1.921464e+04 
3.422222e-02 1.756428e+04 1.803560e+04 
3.724242e-02 1.625873e+04 1.695107e+04 
4.026263e-02 1.511430e+04 1.595492e+04 
4.328283e-02 1.413975e+04 1.503825e+04 
4.630303e-02 1.332262e+04 1.419243e+04 
4.932323e-02 1.264969e+04 1.340999e+04 
5.234343e-02 1.209787e+04 1.268457e+04 
5.536364e-02 1.162750e+04 1.201078e+04 
5.838384e-02 1.120538e+04 1.138397e+04 
6.140404e-02 1.080544e+04 1.080007e+04 
6.442424e-02 1.040803e+04 1.025551e+04 
6.744444e-02 9.999242e+03 9.747066e+03 
7.046465e-02 9.570300e+03 9.271861e+03 
7.348485e-02 9.118096e+03 8.827283e+03 
7.650505e-02 8.647006e+03 8.410960e+03 
7.952525e-02 8.166120e+03 8.020734e+03 
8.254545e-02 7.687508e+03 7.654631e+03 
8.556566e-02 7.224396e+03 7.310853e+03 
8.858586e-02 6.788158e+03 6.987749e+03 
9.160606e-02 6.387830e+03 6.683811e+03 
9.462626e-02 6.029849e+03 6.397654e+03 
9.764646e-02 5.717214e+03 6.128009e+03 
1.006667e-01 5.450571e+03 5.873709e+03 
1.036869e-01 5.226920e+03 5.633683e+03 
1.067071e-01 5.041267e+03 5.406947e+03 
1.097273e-01 4.886105e+03 5.192594e+03 
1.127475e-01 4.753316e+03 4.989788e+03 
1.157677e-01 4.634519e+03 4.797761e+03 
1.187879e-01 4.522155e+03 4.615803e+03 
1.218081e-01 4.409661e+03 4.443258e+03 
1.248283e-01 4.292137e+03 4.279522e+03 
1.278485e-01 4.166112e+03 4.124035e+03 
1.308687e-01 4.030722e+03 3.976278e+03 
1.338889e-01 3.886594e+03 3.835773e+03 
1.369091e-01 3.736208e+03 3.702074e+03 
1.399293e-01 3.582613e+03 3.574770e+03 
1.429495e-01 3.429212e+03 3.453477e+03 
1.459697e-01 3.279247e+03 3.337840e+03 
1.489899e-01 3.135701e+03 3.227527e+03 
1.520101e-01 3.001299e+03 3.122232e+03 
1.550303e-01 2.878470e+03 3.021667e+03 
1.580505e-01 2.768767e+03 2.925566e+03 
1.610707e-01 2.672987e+03 2.833678e+03 
1.640909e-01 2.590406e+03 2.745772e+03 
1.671111e-01 2.519524e+03 2.661629e+03 
1.701313e-01 2.457918e+03 2.581047e+03 
1.731515e-01 2.403120e+03 2.503836e+03 
1.761717e-01 2.352800e+03 2.429817e+03 
1.791919e-01 2.304974e+03 2.358825e+03 
1.822121e-01 2.257976e+03 2.290702e+03 
1.852323e-01 2.210353e+03 2.225302e+03 
1.882525e-01 2.160841e+03 2.162487e+03 
1.912727e-01 2.108591e+03 2.102128e+03 
1.942929e-01 2.053184e+03 2.044103e+03 
1.973131e-01 1.995093e+03 1.988299e+03 
2.003333e-01 1.935173e+03 1.934607e+03 
2.033535e-01 1.874666e+03 1.882926e+03 
2.063737e-01 1.814805e+03 1.833160e+03 
2.093939e-01 1.756750e+03 1.785220e+03 
2.124141e-01 1.701324e+03 1.739021e+03 
2.154343e-01 1.649116e+03 1.694482e+03 
2.184545e-01 1.600592e+03 1.651527e+03 
2.214747e-01 1.556094e+03 1.610085e+03 
2.244949e-01 1.515695e+03 1.570089e+03 
2.275152e-01 1.479265e+03 1.531473e+03 
2.305354e-01 1.446375e+03 1.494178e+03 
2.335556e-01 1.416444e+03 1.458146e+03 
2.365758e-01 1.388747e+03 1.423323e+03 
2.395960e-01 1.362593e+03 1.389657e+03 
2.426162e-01 1.337328e+03 1.357099e+03 
2.456364e-01 1.312415e+03 1.325603e+03 
2.486566e-01 1.287398e+03 1.295125e+03 
2.516768e-01 1.261964e+03 1.265622e+03 
2.546970e-01 1.235907e+03 1.237055e+03 
2.577172e-01 1.209185e+03 1.209387e+03 
2.607374e-01 1.181891e+03 1.182580e+03 
2.637576e-01 1.154288e+03 1.156602e+03 
2.667778e-01 1.126705e+03 1.131419e+03 
2.697980e-01 1.099514e+03 1.107000e+03 
2.728182e-01 1.073022e+03 1.083315e+03 
2.758384e-01 1.047479e+03 1.060338e+03 
2.788586e-01 1.023061e+03 1.038039e+03 
2.818788e-01 9.998999e+02 1.016395e+03 
2.848990e-01 9.780699e+02 9.953806e+02 
2.879192e-01 9.576003e+02 9.749720e+02 
2.909394e-01 9.384571e+02 9.551471e+02 
2.939596e-01 9.205447e+02 9.358848e+02 
2.969798e-01 9.037014e+02 9.171645e+02 
3.000000e-01 8.877149e+02 8.989668e+02 
