1.000000e-03 4.656414e+03 4.656410e+03 
4.020202e-03 1.561664e+04 1.574046e+04 
7.040404e-03 2.281280e+04 2.298798e+04 
1.006061e-02 2.718905e+04 2.740711e+04 
1.308081e-02 2.944895e+04 2.972689e+04 
1.610101e-02 3.011240e+04 3.038687e+04 
1.912121e-02 2.959803e+04 2.973651e+04 
2.214141e-02 2.825875e+04 2.818442e+04 
2.516162e-02 2.639722e+04 2.617841e+04 
2.818182e-02 2.426756e+04 2.408318e+04 
3.120202e-02 2.207224e+04 2.211063e+04 
3.422222e-02 1.996121e+04 2.034242e+04 
3.724242e-02 1.803523e+04 1.878623e+04 
4.026263e-02 1.635428e+04 1.741966e+04 
4.328283e-02 1.493244e+04 1.621340e+04 
4.630303e-02 1.376783e+04 1.514038e+04 
4.932323e-02 1.285814e+04 1.417827e+04 
5.234343e-02 1.215776e+04 1.330940e+04 
5.536364e-02 1.161992e+04 1.251990e+04 
5.838384e-02 1.120604e+04 1.179884e+04 
6.140404e-02 1.087326e+04 1.113747e+04 
6.442424e-02 1.058187e+04 1.052871e+04 
6.744444e-02 1.029783e+04 9.966678e+03 
7.046465e-02 9.994129e+03 9.446454e+03 
7.348485e-02 9.651773e+03 8.963848e+03 
7.650505e-02 9.260811e+03 8.515254e+03 
7.952525e-02 8.820471e+03 8.097533e+03 
8.254545e-02 8.338723e+03 7.707931e+03 
8.556566e-02 7.829348e+03 7.344012e+03 
8.858586e-02 7.309228e+03 7.003613e+03 
9.160606e-02 6.796179e+03 6.684801e+03 
9.462626e-02 6.306931e+03 6.385839e+03 
9.764646e-02 5.856182e+03 6.105166e+03 
1.006667e-01 5.454915e+03 5.841370e+03 
1.036869e-01 5.109964e+03 5.593173e+03 
1.067071e-01 4.823758e+03 5.359414e+03 
1.097273e-01 4.594182e+03 5.139036e+03 
1.127475e-01 4.416127e+03 4.931076e+03 
1.157677e-01 4.281841e+03 4.734655e+03 
1.187879e-01 4.182521e+03 4.548969e+03 
1.218081e-01 4.108635e+03 4.373278e+03 
1.248283e-01 4.050454e+03 4.206907e+03 
1.278485e-01 3.998248e+03 4.049235e+03 
1.308687e-01 3.943290e+03 3.899688e+03 
1.338889e-01 3.878036e+03 3.757740e+03 
1.369091e-01 3.797619e+03 3.622904e+03 
1.399293e-01 3.699183e+03 3.494732e+03 
1.429495e-01 3.582552e+03 3.372809e+03 
1.459697e-01 3.449394e+03 3.256750e+03 
1.489899e-01 3.303048e+03 3.146200e+03 
1.520101e-01 3.147943e+03 3.040829e+03 
1.550303e-01 2.989162e+03 2.940330e+03 
1.580505e-01 2.832282e+03 2.844419e+03 
1.610707e-01 2.682626e+03 2.752832e+03 
1.640909e-01 2.544747e+03 2.665322e+03 
1.671111e-01 2.421932e+03 2.581659e+03 
1.701313e-01 2.316132e+03 2.501630e+03 
1.731515e-01 2.227674e+03 2.425034e+03 
1.761717e-01 2.155849e+03 2.351686e+03 
1.791919e-01 2.098950e+03 2.281411e+03 
1.822121e-01 2.054835e+03 2.214045e+03 
1.852323e-01 2.020980e+03 2.149437e+03 
1.882525e-01 1.994617e+03 2.087442e+03 
1.912727e-01 1.972781e+03 2.027928e+03 
1.942929e-01 1.952436e+03 1.970768e+03 
1.973131e-01 1.930653e+03 1.915843e+03 
2.003333e-01 1.905010e+03 1.863044e+03 
2.033535e-01 1.873717e+03 1.812265e+03 
2.063737e-01 1.835935e+03 1.763408e+03 
2.093939e-01 1.791612e+03 1.716381e+03 
2.124141e-01 1.741388e+03 1.671096e+03 
2.154343e-01 1.686433e+03 1.627473e+03 
2.184545e-01 1.628216e+03 1.585432e+03 
2.214747e-01 1.568443e+03 1.544902e+03 
2.244949e-01 1.508847e+03 1.505813e+03 
2.275152e-01 1.451107e+03 1.468099e+03 
2.305354e-01 1.396688e+03 1.431700e+03 
2.335556e-01 1.346814e+03 1.396557e+03 
2.365758e-01 1.302267e+03 1.362614e+03 
2.395960e-01 1.263504e+03 1.329820e+03 
2.426162e-01 1.230518e+03 1.298125e+03 
2.456364e-01 1.203011e+03 1.267482e+03 
2.486566e-01 1.180345e+03 1.237847e+03 
2.516768e-01 1.161675e+03 1.209177e+03 
2.546970e-01 1.145998e+03 1.181432e+03 
2.577172e-01 1.132242e+03 1.154574e+03 
2.607374e-01 1.119337e+03 1.128568e+03 
2.637576e-01 1.106307e+03 1.103378e+03 
2.667778e-01 1.092316e+03 1.078971e+03 
2.697980e-01 1.076736e+03 1.055318e+03 
2.728182e-01 1.059181e+03 1.032387e+03 
2.758384e-01 1.039477e+03 1.010152e+03 
2.788586e-01 1.017709e+03 9.885845e+02 
2.818788e-01 9.941245e+02 9.676594e+02 
2.848990e-01 9.691572e+02 9.473522e+02 
2.879192e-01 9.433288e+02 9.276397e+02 
2.909394e-01 9.172389e+02 9.084996e+02 
2.939596e-01 8.914903e+02 8.899107e+02 
2.969798e-01 8.666646e+02 8.718526e+02 
3.000000e-01 8.432201e+02 8.543061e+02 
