1.000000e-03 4.373505e+03 4.373501e+03 
4.020202e-03 1.467221e+04 1.478814e+04 
7.040404e-03 2.154481e+04 2.171249e+04 
1.006061e-02 2.582846e+04 2.603846e+04 
1.308081e-02 2.814437e+04 2.841714e+04 
1.610101e-02 2.895613e+04 2.924118e+04 
1.912121e-02 2.863831e+04 2.881187e+04 
2.214141e-02 2.751196e+04 2.748061e+04 
2.516162e-02 2.585339e+04 2.565184e+04 
2.818182e-02 2.389912e+04 2.367862e+04 
3.120202e-02 2.184146e+04 2.178427e+04 
3.422222e-02 1.982723e+04 2.006712e+04 
3.724242e-02 1.795884e+04 1.854739e+04 
4.026263e-02 1.630156e+04 1.720985e+04 
4.328283e-02 1.487930e+04 1.602864e+04 
4.630303e-02 1.369411e+04 1.497819e+04 
4.932323e-02 1.274941e+04 1.403673e+04 
5.234343e-02 1.201393e+04 1.318679e+04 
5.536364e-02 1.144416e+04 1.241458e+04 
5.838384e-02 1.100209e+04 1.170923e+04 
6.140404e-02 1.065487e+04 1.106206e+04 
6.442424e-02 1.036639e+04 1.046606e+04 
6.744444e-02 1.010001e+04 9.915458e+03 
7.046465e-02 9.827483e+03 9.405429e+03 
7.348485e-02 9.527295e+03 8.931892e+03 
7.650505e-02 9.185504e+03 8.491346e+03 
7.952525e-02 8.797096e+03 8.080749e+03 
8.254545e-02 8.365713e+03 7.697441e+03 
8.556566e-02 7.900872e+03 7.339073e+03 
8.858586e-02 7.416020e+03 7.003560e+03 
9.160606e-02 6.926574e+03 6.689039e+03 
9.462626e-02 6.447814e+03 6.393841e+03 
9.764646e-02 5.994263e+03 6.116460e+03 
1.006667e-01 5.578221e+03 5.855536e+03 
1.036869e-01 5.209470e+03 5.609838e+03 
1.067071e-01 4.893471e+03 5.378247e+03 
1.097273e-01 4.631895e+03 5.159742e+03 
1.127475e-01 4.422447e+03 4.953393e+03 
1.157677e-01 4.259871e+03 4.758351e+03 
1.187879e-01 4.137013e+03 4.573836e+03 
1.218081e-01 4.045533e+03 4.399133e+03 
1.248283e-01 3.976739e+03 4.233588e+03 
1.278485e-01 3.921927e+03 4.076595e+03 
1.308687e-01 3.872690e+03 3.927601e+03 
1.338889e-01 3.821108e+03 3.786091e+03 
1.369091e-01 3.760724e+03 3.651592e+03 
1.399293e-01 3.686461e+03 3.523668e+03 
1.429495e-01 3.595676e+03 3.401914e+03 
1.459697e-01 3.487469e+03 3.285954e+03 
1.489899e-01 3.363322e+03 3.175441e+03 
1.520101e-01 3.226106e+03 3.070052e+03 
1.550303e-01 3.079984e+03 2.969488e+03 
1.580505e-01 2.929688e+03 2.873470e+03 
1.610707e-01 2.780215e+03 2.781737e+03 
1.640909e-01 2.636363e+03 2.694050e+03 
1.671111e-01 2.502420e+03 2.610182e+03 
1.701313e-01 2.381593e+03 2.529922e+03 
1.731515e-01 2.275989e+03 2.453075e+03 
1.761717e-01 2.186483e+03 2.379458e+03 
1.791919e-01 2.112773e+03 2.308897e+03 
1.822121e-01 2.053738e+03 2.241233e+03 
1.852323e-01 2.007594e+03 2.176315e+03 
1.882525e-01 1.972184e+03 2.114001e+03 
1.912727e-01 1.944938e+03 2.054160e+03 
1.942929e-01 1.923134e+03 1.996667e+03 
1.973131e-01 1.903944e+03 1.941405e+03 
2.003333e-01 1.884670e+03 1.888264e+03 
2.033535e-01 1.862834e+03 1.837141e+03 
2.063737e-01 1.836615e+03 1.787939e+03 
2.093939e-01 1.804724e+03 1.740565e+03 
2.124141e-01 1.766688e+03 1.694935e+03 
2.154343e-01 1.722624e+03 1.650965e+03 
2.184545e-01 1.673270e+03 1.608580e+03 
2.214747e-01 1.619777e+03 1.567707e+03 
2.244949e-01 1.563584e+03 1.528277e+03 
2.275152e-01 1.506339e+03 1.490225e+03 
2.305354e-01 1.449706e+03 1.453491e+03 
2.335556e-01 1.395230e+03 1.418016e+03 
2.365758e-01 1.344221e+03 1.383744e+03 
2.395960e-01 1.297693e+03 1.350625e+03 
2.426162e-01 1.256270e+03 1.318609e+03 
2.456364e-01 1.220258e+03 1.287649e+03 
2.486566e-01 1.189615e+03 1.257701e+03 
2.516768e-01 1.164069e+03 1.228722e+03 
2.546970e-01 1.143049e+03 1.200673e+03 
2.577172e-01 1.125800e+03 1.173516e+03 
2.607374e-01 1.111384e+03 1.147214e+03 
2.637576e-01 1.098773e+03 1.121733e+03 
2.667778e-01 1.086917e+03 1.097040e+03 
2.697980e-01 1.074898e+03 1.073105e+03 
2.728182e-01 1.061929e+03 1.049898e+03 
2.758384e-01 1.047449e+03 1.027389e+03 
2.788586e-01 1.031096e+03 1.005554e+03 
2.818788e-01 1.012730e+03 9.843654e+02 
2.848990e-01 9.923850e+02 9.637993e+02 
2.879192e-01 9.702336e+02 9.438322e+02 
2.909394e-01 9.466270e+02 9.244420e+02 
2.939596e-01 9.220218e+02 9.056074e+02 
2.969798e-01 8.969928e+02 8.873080e+02 
3.000000e-01 8.721284e+02 8.695243e+02 
