1.000000e-03 3.328479e+03 3.328476e+03 
4.020202e-03 1.127322e+04 1.136186e+04 
7.040404e-03 1.665062e+04 1.677240e+04 
1.006061e-02 2.007153e+04 2.020345e+04 
1.308081e-02 2.200571e+04 2.215005e+04 
1.610101e-02 2.280690e+04 2.292762e+04 
1.912121e-02 2.275848e+04 2.278805e+04 
2.214141e-02 2.209887e+04 2.200827e+04 
2.516162e-02 2.103313e+04 2.087752e+04 
2.818182e-02 1.973291e+04 1.962772e+04 
3.120202e-02 1.833784e+04 1.839763e+04 
3.422222e-02 1.695400e+04 1.724845e+04 
3.724242e-02 1.565564e+04 1.619655e+04 
4.026263e-02 1.449033e+04 1.523847e+04 
4.328283e-02 1.347932e+04 1.436439e+04 
4.630303e-02 1.262044e+04 1.356376e+04 
4.932323e-02 1.191716e+04 1.282722e+04 
5.234343e-02 1.135345e+04 1.214702e+04 
5.536364e-02 1.089209e+04 1.151677e+04 
5.838384e-02 1.050542e+04 1.093122e+04 
6.140404e-02 1.017049e+04 1.038599e+04 
6.442424e-02 9.864945e+03 9.877368e+03 
6.744444e-02 9.564106e+03 9.402133e+03 
7.046465e-02 9.249529e+03 8.957482e+03 
7.348485e-02 8.909641e+03 8.540932e+03 
7.650505e-02 8.539417e+03 8.150266e+03 
7.952525e-02 8.141039e+03 7.783493e+03 
8.254545e-02 7.721983e+03 7.438809e+03 
8.556566e-02 7.293282e+03 7.114581e+03 
8.858586e-02 6.866507e+03 6.809317e+03 
9.160606e-02 6.452635e+03 6.521658e+03 
9.462626e-02 6.061471e+03 6.250356e+03 
9.764646e-02 5.701147e+03 5.994270e+03 
1.006667e-01 5.378248e+03 5.752351e+03 
1.036869e-01 5.097003e+03 5.523635e+03 
1.067071e-01 4.858873e+03 5.307234e+03 
1.097273e-01 4.662341e+03 5.102329e+03 
1.127475e-01 4.502952e+03 4.908167e+03 
1.157677e-01 4.374289e+03 4.724050e+03 
1.187879e-01 4.268753e+03 4.549334e+03 
1.218081e-01 4.178560e+03 4.383424e+03 
1.248283e-01 4.096597e+03 4.225768e+03 
1.278485e-01 4.016532e+03 4.075856e+03 
1.308687e-01 3.933182e+03 3.933214e+03 
1.338889e-01 3.842566e+03 3.797402e+03 
1.369091e-01 3.741955e+03 3.668013e+03 
1.399293e-01 3.630419e+03 3.544666e+03 
1.429495e-01 3.508328e+03 3.427009e+03 
1.459697e-01 3.377612e+03 3.314713e+03 
1.489899e-01 3.241005e+03 3.207472e+03 
1.520101e-01 3.102117e+03 3.105001e+03 
1.550303e-01 2.964625e+03 3.007034e+03 
1.580505e-01 2.832074e+03 2.913321e+03 
1.610707e-01 2.707550e+03 2.823631e+03 
1.640909e-01 2.593640e+03 2.737746e+03 
1.671111e-01 2.491977e+03 2.655464e+03 
1.701313e-01 2.403449e+03 2.576593e+03 
1.731515e-01 2.327744e+03 2.500956e+03 
1.761717e-01 2.263920e+03 2.428385e+03 
1.791919e-01 2.210331e+03 2.358724e+03 
1.822121e-01 2.165071e+03 2.291825e+03 
1.852323e-01 2.126026e+03 2.227550e+03 
1.882525e-01 2.091052e+03 2.165769e+03 
1.912727e-01 2.058017e+03 2.106359e+03 
1.942929e-01 2.024961e+03 2.049206e+03 
1.973131e-01 1.990125e+03 1.994201e+03 
2.003333e-01 1.952242e+03 1.941241e+03 
2.033535e-01 1.910492e+03 1.890231e+03 
2.063737e-01 1.864774e+03 1.841079e+03 
2.093939e-01 1.815454e+03 1.793700e+03 
2.124141e-01 1.763371e+03 1.748012e+03 
2.154343e-01 1.709537e+03 1.703939e+03 
2.184545e-01 1.655072e+03 1.661409e+03 
2.214747e-01 1.601111e+03 1.620353e+03 
2.244949e-01 1.548763e+03 1.580706e+03 
2.275152e-01 1.499028e+03 1.542406e+03 
2.305354e-01 1.452747e+03 1.505397e+03 
2.335556e-01 1.410480e+03 1.469621e+03 
2.365758e-01 1.372521e+03 1.435028e+03 
2.395960e-01 1.338868e+03 1.401566e+03 
2.426162e-01 1.309234e+03 1.369191e+03 
2.456364e-01 1.283137e+03 1.337855e+03 
2.486566e-01 1.259979e+03 1.307517e+03 
2.516768e-01 1.239103e+03 1.278137e+03 
2.546970e-01 1.219811e+03 1.249676e+03 
2.577172e-01 1.201400e+03 1.222097e+03 
2.607374e-01 1.183195e+03 1.195366e+03 
2.637576e-01 1.164598e+03 1.169449e+03 
2.667778e-01 1.145115e+03 1.144315e+03 
2.697980e-01 1.124480e+03 1.119933e+03 
2.728182e-01 1.102598e+03 1.096276e+03 
2.758384e-01 1.079594e+03 1.073314e+03 
2.788586e-01 1.055700e+03 1.051024e+03 
2.818788e-01 1.031250e+03 1.029378e+03 
2.848990e-01 1.006600e+03 1.008354e+03 
2.879192e-01 9.821150e+02 9.879291e+02 
2.909394e-01 9.581359e+02 9.680809e+02 
2.939596e-01 9.349771e+02 9.487890e+02 
2.969798e-01 9.129135e+02 9.300334e+02 
3.000000e-01 8.921802e+02 9.117950e+02 
