1.000000e-03 3.566808e+03 3.566805e+03 
4.020202e-03 1.181354e+04 1.190734e+04 
7.040404e-03 1.722428e+04 1.734752e+04 
1.006061e-02 2.056081e+04 2.068432e+04 
1.308081e-02 2.236596e+04 2.248678e+04 
1.610101e-02 2.303209e+04 2.311354e+04 
1.912121e-02 2.286358e+04 2.284908e+04 
2.214141e-02 2.211110e+04 2.199079e+04 
2.516162e-02 2.098185e+04 2.082794e+04 
2.818182e-02 1.964770e+04 1.957680e+04 
3.120202e-02 1.824360e+04 1.835842e+04 
3.422222e-02 1.687021e+04 1.722248e+04 
3.724242e-02 1.559550e+04 1.618028e+04 
4.026263e-02 1.446037e+04 1.522730e+04 
4.328283e-02 1.348166e+04 1.435429e+04 
4.630303e-02 1.265256e+04 1.355180e+04 
4.932323e-02 1.197100e+04 1.281152e+04 
5.234343e-02 1.142085e+04 1.212648e+04 
5.536364e-02 1.096110e+04 1.149091e+04 
5.838384e-02 1.056742e+04 1.089996e+04 
6.140404e-02 1.021735e+04 1.034951e+04 
6.442424e-02 9.884002e+03 9.835979e+03 
6.744444e-02 9.548221e+03 9.356260e+03 
7.046465e-02 9.196322e+03 8.907581e+03 
7.348485e-02 8.819915e+03 8.487470e+03 
7.650505e-02 8.418114e+03 8.093698e+03 
7.952525e-02 7.995567e+03 7.724250e+03 
8.254545e-02 7.561042e+03 7.377297e+03 
8.556566e-02 7.126000e+03 7.051169e+03 
8.858586e-02 6.701593e+03 6.744345e+03 
9.160606e-02 6.297917e+03 6.455429e+03 
9.462626e-02 5.923572e+03 6.183147e+03 
9.764646e-02 5.585110e+03 5.926325e+03 
1.006667e-01 5.287420e+03 5.683889e+03 
1.036869e-01 5.032156e+03 5.454848e+03 
1.067071e-01 4.818628e+03 5.238294e+03 
1.097273e-01 4.642604e+03 5.033386e+03 
1.127475e-01 4.498210e+03 4.839352e+03 
1.157677e-01 4.378011e+03 4.655479e+03 
1.187879e-01 4.274481e+03 4.481108e+03 
1.218081e-01 4.180264e+03 4.315630e+03 
1.248283e-01 4.089184e+03 4.158482e+03 
1.278485e-01 3.995943e+03 4.009143e+03 
1.308687e-01 3.896592e+03 3.867129e+03 
1.338889e-01 3.788343e+03 3.731992e+03 
1.369091e-01 3.670362e+03 3.603318e+03 
1.399293e-01 3.543160e+03 3.480720e+03 
1.429495e-01 3.408779e+03 3.363839e+03 
1.459697e-01 3.270061e+03 3.252342e+03 
1.489899e-01 3.130419e+03 3.145917e+03 
1.520101e-01 2.993165e+03 3.044277e+03 
1.550303e-01 2.861458e+03 2.947150e+03 
1.580505e-01 2.738011e+03 2.854285e+03 
1.610707e-01 2.625098e+03 2.765447e+03 
1.640909e-01 2.524176e+03 2.680416e+03 
1.671111e-01 2.435947e+03 2.598987e+03 
1.701313e-01 2.360145e+03 2.520968e+03 
1.731515e-01 2.295668e+03 2.446180e+03 
1.761717e-01 2.240723e+03 2.374452e+03 
1.791919e-01 2.193231e+03 2.305628e+03 
1.822121e-01 2.151004e+03 2.239559e+03 
1.852323e-01 2.111973e+03 2.176105e+03 
1.882525e-01 2.074212e+03 2.115136e+03 
1.912727e-01 2.036089e+03 2.056530e+03 
1.942929e-01 1.996232e+03 2.000169e+03 
1.973131e-01 1.953612e+03 1.945946e+03 
2.003333e-01 1.907722e+03 1.893757e+03 
2.033535e-01 1.858551e+03 1.843506e+03 
2.063737e-01 1.806618e+03 1.795102e+03 
2.093939e-01 1.752767e+03 1.748459e+03 
2.124141e-01 1.698085e+03 1.703496e+03 
2.154343e-01 1.643707e+03 1.660136e+03 
2.184545e-01 1.590702e+03 1.618306e+03 
2.214747e-01 1.540016e+03 1.577938e+03 
2.244949e-01 1.492413e+03 1.538967e+03 
2.275152e-01 1.448428e+03 1.501332e+03 
2.305354e-01 1.408378e+03 1.464975e+03 
2.335556e-01 1.372317e+03 1.429840e+03 
2.365758e-01 1.340108e+03 1.395875e+03 
2.395960e-01 1.311352e+03 1.363031e+03 
2.426162e-01 1.285539e+03 1.331261e+03 
2.456364e-01 1.262073e+03 1.300520e+03 
2.486566e-01 1.240318e+03 1.270765e+03 
2.516768e-01 1.219605e+03 1.241957e+03 
2.546970e-01 1.199309e+03 1.214057e+03 
2.577172e-01 1.178861e+03 1.187028e+03 
2.607374e-01 1.157839e+03 1.160837e+03 
2.637576e-01 1.135946e+03 1.135449e+03 
2.667778e-01 1.113121e+03 1.110834e+03 
2.697980e-01 1.089435e+03 1.086962e+03 
2.728182e-01 1.065110e+03 1.063804e+03 
2.758384e-01 1.040422e+03 1.041332e+03 
2.788586e-01 1.015694e+03 1.019522e+03 
2.818788e-01 9.912311e+02 9.983473e+02 
2.848990e-01 9.673198e+02 9.777854e+02 
2.879192e-01 9.442332e+02 9.578132e+02 
2.909394e-01 9.222235e+02 9.384094e+02 
2.939596e-01 9.014689e+02 9.195532e+02 
2.969798e-01 8.820910e+02 9.012249e+02 
3.000000e-01 8.641171e+02 8.834057e+02 
