1.000000e-03 2.701976e+03 2.701974e+03 
4.020202e-03 8.877351e+03 8.949846e+03 
7.040404e-03 1.284987e+04 1.292485e+04 
1.006061e-02 1.528920e+04 1.530805e+04 
1.308081e-02 1.666116e+04 1.659959e+04 
1.610101e-02 1.728401e+04 1.713747e+04 
1.912121e-02 1.738473e+04 1.717269e+04 
2.214141e-02 1.713140e+04 1.689764e+04 
2.516162e-02 1.665012e+04 1.644539e+04 
2.818182e-02 1.603563e+04 1.589755e+04 
3.120202e-02 1.535679e+04 1.530165e+04 
3.422222e-02 1.466125e+04 1.468577e+04 
3.724242e-02 1.397952e+04 1.406718e+04 
4.026263e-02 1.332881e+04 1.345688e+04 
4.328283e-02 1.271618e+04 1.286196e+04 
4.630303e-02 1.214154e+04 1.228691e+04 
4.932323e-02 1.160343e+04 1.173443e+04 
5.234343e-02 1.109635e+04 1.120600e+04 
5.536364e-02 1.061038e+04 1.070224e+04 
5.838384e-02 1.014181e+04 1.022316e+04 
6.140404e-02 9.690264e+03 9.768337e+03 
6.442424e-02 9.253879e+03 9.337092e+03 
6.744444e-02 8.831429e+03 8.928554e+03 
7.046465e-02 8.423990e+03 8.541746e+03 
7.348485e-02 8.033971e+03 8.175627e+03 
7.650505e-02 7.664878e+03 7.829137e+03 
7.952525e-02 7.319172e+03 7.501218e+03 
8.254545e-02 6.998134e+03 7.190830e+03 
8.556566e-02 6.700540e+03 6.896969e+03 
8.858586e-02 6.424402e+03 6.618669e+03 
9.160606e-02 6.167811e+03 6.355007e+03 
9.462626e-02 5.929180e+03 6.105111e+03 
9.764646e-02 5.707262e+03 5.868154e+03 
1.006667e-01 5.500010e+03 5.643358e+03 
1.036869e-01 5.304749e+03 5.429991e+03 
1.067071e-01 5.118459e+03 5.227366e+03 
1.097273e-01 4.938438e+03 5.034841e+03 
1.127475e-01 4.763221e+03 4.851812e+03 
1.157677e-01 4.592335e+03 4.677717e+03 
1.187879e-01 4.426437e+03 4.512029e+03 
1.218081e-01 4.266245e+03 4.354255e+03 
1.248283e-01 4.112412e+03 4.203935e+03 
1.278485e-01 3.965522e+03 4.060638e+03 
1.308687e-01 3.825933e+03 3.923963e+03 
1.338889e-01 3.693907e+03 3.793534e+03 
1.369091e-01 3.569420e+03 3.668999e+03 
1.399293e-01 3.452306e+03 3.550029e+03 
1.429495e-01 3.342057e+03 3.436318e+03 
1.459697e-01 3.237942e+03 3.327576e+03 
1.489899e-01 3.139297e+03 3.223535e+03 
1.520101e-01 3.045539e+03 3.123942e+03 
1.550303e-01 2.956113e+03 3.028560e+03 
1.580505e-01 2.870514e+03 2.937167e+03 
1.610707e-01 2.788239e+03 2.849555e+03 
1.640909e-01 2.708775e+03 2.765529e+03 
1.671111e-01 2.631674e+03 2.684904e+03 
1.701313e-01 2.556799e+03 2.607510e+03 
1.731515e-01 2.484122e+03 2.533182e+03 
1.761717e-01 2.413763e+03 2.461770e+03 
1.791919e-01 2.345906e+03 2.393129e+03 
1.822121e-01 2.280614e+03 2.327124e+03 
1.852323e-01 2.217849e+03 2.263628e+03 
1.882525e-01 2.157584e+03 2.202521e+03 
1.912727e-01 2.099799e+03 2.143690e+03 
1.942929e-01 2.044458e+03 2.087027e+03 
1.973131e-01 1.991489e+03 2.032433e+03 
2.003333e-01 1.940786e+03 1.979812e+03 
2.033535e-01 1.892145e+03 1.929073e+03 
2.063737e-01 1.845350e+03 1.880133e+03 
2.093939e-01 1.800225e+03 1.832910e+03 
2.124141e-01 1.756616e+03 1.787328e+03 
2.154343e-01 1.714414e+03 1.743315e+03 
2.184545e-01 1.673536e+03 1.700802e+03 
2.214747e-01 1.633904e+03 1.659726e+03 
2.244949e-01 1.595441e+03 1.620024e+03 
2.275152e-01 1.558101e+03 1.581639e+03 
2.305354e-01 1.521881e+03 1.544514e+03 
2.335556e-01 1.486788e+03 1.508598e+03 
2.365758e-01 1.452842e+03 1.473840e+03 
2.395960e-01 1.420048e+03 1.440193e+03 
2.426162e-01 1.388322e+03 1.407613e+03 
2.456364e-01 1.357568e+03 1.376055e+03 
2.486566e-01 1.327751e+03 1.345481e+03 
2.516768e-01 1.298865e+03 1.315849e+03 
2.546970e-01 1.270906e+03 1.287124e+03 
2.577172e-01 1.243874e+03 1.259271e+03 
2.607374e-01 1.217729e+03 1.232255e+03 
2.637576e-01 1.192386e+03 1.206045e+03 
2.667778e-01 1.167769e+03 1.180610e+03 
2.697980e-01 1.143821e+03 1.155921e+03 
2.728182e-01 1.120502e+03 1.131950e+03 
2.758384e-01 1.097816e+03 1.108670e+03 
2.788586e-01 1.075773e+03 1.086057e+03 
2.818788e-01 1.054357e+03 1.064086e+03 
2.848990e-01 1.033545e+03 1.042733e+03 
2.879192e-01 1.013303e+03 1.021976e+03 
2.909394e-01 9.935930e+02 1.001795e+03 
2.939596e-01 9.743972e+02 9.821693e+02 
2.969798e-01 9.557114e+02 9.630787e+02 
3.000000e-01 9.375320e+02 9.445049e+02 
