1.000000e-03 5.177784e+03 5.177780e+03 
4.020202e-03 1.723231e+04 1.736869e+04 
7.040404e-03 2.506928e+04 2.526404e+04 
1.006061e-02 2.977452e+04 3.002666e+04 
1.308081e-02 3.213701e+04 3.247027e+04 
1.610101e-02 3.273735e+04 3.307592e+04 
1.912121e-02 3.204165e+04 3.222596e+04 
2.214141e-02 3.044560e+04 3.037717e+04 
2.516162e-02 2.828770e+04 2.803790e+04 
2.818182e-02 2.585260e+04 2.562409e+04 
3.120202e-02 2.336481e+04 2.337555e+04 
3.422222e-02 2.099067e+04 2.138095e+04 
3.724242e-02 1.883976e+04 1.964358e+04 
4.026263e-02 1.697551e+04 1.813292e+04 
4.328283e-02 1.540832e+04 1.681156e+04 
4.630303e-02 1.413874e+04 1.564574e+04 
4.932323e-02 1.315728e+04 1.460797e+04 
5.234343e-02 1.240942e+04 1.367669e+04 
5.536364e-02 1.184619e+04 1.283519e+04 
5.838384e-02 1.142254e+04 1.207037e+04 
6.140404e-02 1.109069e+04 1.137188e+04 
6.442424e-02 1.080591e+04 1.073139e+04 
6.744444e-02 1.053025e+04 1.014207e+04 
7.046465e-02 1.023334e+04 9.598247e+03 
7.348485e-02 9.892836e+03 9.095145e+03 
7.650505e-02 9.496951e+03 8.628673e+03 
7.952525e-02 9.044317e+03 8.195303e+03 
8.254545e-02 8.542933e+03 7.791962e+03 
8.556566e-02 8.007850e+03 7.415951e+03 
8.858586e-02 7.457817e+03 7.064883e+03 
9.160606e-02 6.912724e+03 6.736637e+03 
9.462626e-02 6.391867e+03 6.429322e+03 
9.764646e-02 5.911479e+03 6.141240e+03 
1.006667e-01 5.484538e+03 5.870865e+03 
1.036869e-01 5.118301e+03 5.616818e+03 
1.067071e-01 4.815885e+03 5.377853e+03 
1.097273e-01 4.575020e+03 5.152839e+03 
1.127475e-01 4.390392e+03 4.940749e+03 
1.157677e-01 4.254009e+03 4.740647e+03 
1.187879e-01 4.156515e+03 4.551678e+03 
1.218081e-01 4.087748e+03 4.373061e+03 
1.248283e-01 4.036971e+03 4.204082e+03 
1.278485e-01 3.993613e+03 4.044086e+03 
1.308687e-01 3.947721e+03 3.892469e+03 
1.338889e-01 3.891167e+03 3.748679e+03 
1.369091e-01 3.817771e+03 3.612206e+03 
1.399293e-01 3.724444e+03 3.482580e+03 
1.429495e-01 3.610248e+03 3.359368e+03 
1.459697e-01 3.476914e+03 3.242169e+03 
1.489899e-01 3.327753e+03 3.130612e+03 
1.520101e-01 3.167580e+03 3.024355e+03 
1.550303e-01 3.002075e+03 2.923079e+03 
1.580505e-01 2.837379e+03 2.826489e+03 
1.610707e-01 2.679579e+03 2.734311e+03 
1.640909e-01 2.533990e+03 2.646289e+03 
1.671111e-01 2.404383e+03 2.562187e+03 
1.701313e-01 2.292889e+03 2.481784e+03 
1.731515e-01 2.200105e+03 2.404874e+03 
1.761717e-01 2.125285e+03 2.331264e+03 
1.791919e-01 2.066907e+03 2.260775e+03 
1.822121e-01 2.022773e+03 2.193239e+03 
1.852323e-01 1.990305e+03 2.128499e+03 
1.882525e-01 1.966544e+03 2.066409e+03 
1.912727e-01 1.948215e+03 2.006831e+03 
1.942929e-01 1.931877e+03 1.949636e+03 
1.973131e-01 1.914260e+03 1.894703e+03 
2.003333e-01 1.892516e+03 1.841918e+03 
2.033535e-01 1.864659e+03 1.791175e+03 
2.063737e-01 1.829582e+03 1.742373e+03 
2.093939e-01 1.787080e+03 1.695418e+03 
2.124141e-01 1.737736e+03 1.650221e+03 
2.154343e-01 1.682643e+03 1.606698e+03 
2.184545e-01 1.623391e+03 1.564771e+03 
2.214747e-01 1.561790e+03 1.524365e+03 
2.244949e-01 1.499823e+03 1.485410e+03 
2.275152e-01 1.439388e+03 1.447839e+03 
2.305354e-01 1.382240e+03 1.411590e+03 
2.335556e-01 1.329773e+03 1.376604e+03 
2.365758e-01 1.283037e+03 1.342825e+03 
2.395960e-01 1.242524e+03 1.310199e+03 
2.426162e-01 1.208340e+03 1.278676e+03 
2.456364e-01 1.180199e+03 1.248210e+03 
2.486566e-01 1.157477e+03 1.218754e+03 
2.516768e-01 1.139317e+03 1.190267e+03 
2.546970e-01 1.124635e+03 1.162706e+03 
2.577172e-01 1.112270e+03 1.136035e+03 
2.607374e-01 1.101029e+03 1.110217e+03 
2.637576e-01 1.089809e+03 1.085215e+03 
2.667778e-01 1.077630e+03 1.060999e+03 
2.697980e-01 1.063754e+03 1.037536e+03 
2.728182e-01 1.047647e+03 1.014796e+03 
2.758384e-01 1.029078e+03 9.927506e+02 
2.788586e-01 1.008050e+03 9.713731e+02 
2.818788e-01 9.848140e+02 9.506376e+02 
2.848990e-01 9.598046e+02 9.305194e+02 
2.879192e-01 9.335848e+02 9.109950e+02 
2.909394e-01 9.068299e+02 8.920421e+02 
2.939596e-01 8.802297e+02 8.736392e+02 
2.969798e-01 8.544329e+02 8.557660e+02 
3.000000e-01 8.299992e+02 8.384029e+02 
