1.000000e-03 3.092640e+03 3.092638e+03 
4.020202e-03 1.042818e+04 1.051069e+04 
7.040404e-03 1.532250e+04 1.542791e+04 
1.006061e-02 1.839366e+04 1.848868e+04 
1.308081e-02 2.010999e+04 2.018605e+04 
1.610101e-02 2.081512e+04 2.084267e+04 
1.912121e-02 2.077847e+04 2.071986e+04 
2.214141e-02 2.021961e+04 2.008328e+04 
2.516162e-02 1.932102e+04 1.917895e+04 
2.818182e-02 1.823180e+04 1.818345e+04 
3.120202e-02 1.707021e+04 1.719403e+04 
3.422222e-02 1.592329e+04 1.625221e+04 
3.724242e-02 1.485040e+04 1.537048e+04 
4.026263e-02 1.388703e+04 1.454909e+04 
4.328283e-02 1.304871e+04 1.378417e+04 
4.630303e-02 1.233042e+04 1.307102e+04 
4.932323e-02 1.172687e+04 1.240517e+04 
5.234343e-02 1.122710e+04 1.178267e+04 
5.536364e-02 1.079626e+04 1.120004e+04 
5.838384e-02 1.041169e+04 1.065422e+04 
6.140404e-02 1.005827e+04 1.014248e+04 
6.442424e-02 9.714016e+03 9.662325e+03 
6.744444e-02 9.363558e+03 9.211507e+03 
7.046465e-02 8.997874e+03 8.787950e+03 
7.348485e-02 8.612449e+03 8.389743e+03 
7.650505e-02 8.208959e+03 8.015123e+03 
7.952525e-02 7.793848e+03 7.662456e+03 
8.254545e-02 7.376914e+03 7.330233e+03 
8.556566e-02 6.968187e+03 7.017055e+03 
8.858586e-02 6.576823e+03 6.721626e+03 
9.160606e-02 6.210432e+03 6.442748e+03 
9.462626e-02 5.874827e+03 6.179311e+03 
9.764646e-02 5.574165e+03 5.930287e+03 
1.006667e-01 5.311087e+03 5.694724e+03 
1.036869e-01 5.085631e+03 5.471740e+03 
1.067071e-01 4.895440e+03 5.260518e+03 
1.097273e-01 4.735575e+03 5.060303e+03 
1.127475e-01 4.599591e+03 4.870392e+03 
1.157677e-01 4.480308e+03 4.690136e+03 
1.187879e-01 4.370685e+03 4.518930e+03 
1.218081e-01 4.264956e+03 4.356216e+03 
1.248283e-01 4.158335e+03 4.201473e+03 
1.278485e-01 4.047535e+03 4.054219e+03 
1.308687e-01 3.930398e+03 3.914004e+03 
1.338889e-01 3.806095e+03 3.780410e+03 
1.369091e-01 3.675120e+03 3.653050e+03 
1.399293e-01 3.539120e+03 3.531561e+03 
1.429495e-01 3.400586e+03 3.415605e+03 
1.459697e-01 3.262460e+03 3.304868e+03 
1.489899e-01 3.127661e+03 3.199057e+03 
1.520101e-01 2.998923e+03 3.097898e+03 
1.550303e-01 2.878373e+03 3.001134e+03 
1.580505e-01 2.767735e+03 2.908526e+03 
1.610707e-01 2.668133e+03 2.819850e+03 
1.640909e-01 2.580007e+03 2.734897e+03 
1.671111e-01 2.502936e+03 2.653471e+03 
1.701313e-01 2.435836e+03 2.575386e+03 
1.731515e-01 2.377064e+03 2.500471e+03 
1.761717e-01 2.324659e+03 2.428563e+03 
1.791919e-01 2.276544e+03 2.359511e+03 
1.822121e-01 2.230916e+03 2.293171e+03 
1.852323e-01 2.186162e+03 2.229409e+03 
1.882525e-01 2.140994e+03 2.168098e+03 
1.912727e-01 2.094377e+03 2.109120e+03 
1.942929e-01 2.045678e+03 2.052363e+03 
1.973131e-01 1.994634e+03 1.997720e+03 
2.003333e-01 1.941438e+03 1.945092e+03 
2.033535e-01 1.886638e+03 1.894384e+03 
2.063737e-01 1.831080e+03 1.845509e+03 
2.093939e-01 1.775729e+03 1.798383e+03 
2.124141e-01 1.721582e+03 1.752925e+03 
2.154343e-01 1.669452e+03 1.709062e+03 
2.184545e-01 1.620027e+03 1.666721e+03 
2.214747e-01 1.573781e+03 1.625837e+03 
2.244949e-01 1.531039e+03 1.586346e+03 
2.275152e-01 1.491900e+03 1.548186e+03 
2.305354e-01 1.456288e+03 1.511303e+03 
2.335556e-01 1.423908e+03 1.475640e+03 
2.365758e-01 1.394316e+03 1.441147e+03 
2.395960e-01 1.366952e+03 1.407775e+03 
2.426162e-01 1.341265e+03 1.375478e+03 
2.456364e-01 1.316720e+03 1.344211e+03 
2.486566e-01 1.292820e+03 1.313934e+03 
2.516768e-01 1.269111e+03 1.284605e+03 
2.546970e-01 1.245242e+03 1.256188e+03 
2.577172e-01 1.220943e+03 1.228645e+03 
2.607374e-01 1.196082e+03 1.201944e+03 
2.637576e-01 1.170659e+03 1.176051e+03 
2.667778e-01 1.144841e+03 1.150935e+03 
2.697980e-01 1.118885e+03 1.126566e+03 
2.728182e-01 1.093115e+03 1.102916e+03 
2.758384e-01 1.067808e+03 1.079957e+03 
2.788586e-01 1.043201e+03 1.057665e+03 
2.818788e-01 1.019481e+03 1.036015e+03 
2.848990e-01 9.967972e+02 1.014982e+03 
2.879192e-01 9.752417e+02 9.945452e+02 
2.909394e-01 9.548786e+02 9.746819e+02 
2.939596e-01 9.357408e+02 9.553720e+02 
2.969798e-01 9.177996e+02 9.365958e+02 
3.000000e-01 9.009436e+02 9.183345e+02 
