1.000000e-03 4.933172e+03 4.933167e+03 
4.020202e-03 1.665978e+04 1.679146e+04 
7.040404e-03 2.452632e+04 2.472330e+04 
1.006061e-02 2.943549e+04 2.970049e+04 
1.308081e-02 3.207294e+04 3.244306e+04 
1.610101e-02 3.295901e+04 3.337624e+04 
1.912121e-02 3.251904e+04 3.281838e+04 
2.214141e-02 3.112267e+04 3.115615e+04 
2.516162e-02 2.909516e+04 2.886560e+04 
2.818182e-02 2.671616e+04 2.638874e+04 
3.120202e-02 2.421600e+04 2.401994e+04 
3.422222e-02 2.177146e+04 2.189416e+04 
3.724242e-02 1.950724e+04 2.003990e+04 
4.026263e-02 1.750228e+04 1.843517e+04 
4.328283e-02 1.578539e+04 1.704227e+04 
4.630303e-02 1.436356e+04 1.582381e+04 
4.932323e-02 1.323698e+04 1.474806e+04 
5.234343e-02 1.236874e+04 1.378972e+04 
5.536364e-02 1.171138e+04 1.292910e+04 
5.838384e-02 1.122034e+04 1.215087e+04 
6.140404e-02 1.085778e+04 1.144302e+04 
6.442424e-02 1.057903e+04 1.079603e+04 
6.744444e-02 1.034095e+04 1.020222e+04 
7.046465e-02 1.010858e+04 9.655325e+03 
7.348485e-02 9.852661e+03 9.150118e+03 
7.650505e-02 9.552210e+03 8.682208e+03 
7.952525e-02 9.195803e+03 8.247849e+03 
8.254545e-02 8.782252e+03 7.843813e+03 
8.556566e-02 8.318525e+03 7.467291e+03 
8.858586e-02 7.817319e+03 7.115823e+03 
9.160606e-02 7.295179e+03 6.787236e+03 
9.462626e-02 6.770446e+03 6.479601e+03 
9.764646e-02 6.261264e+03 6.191198e+03 
1.006667e-01 5.784568e+03 5.920485e+03 
1.036869e-01 5.353765e+03 5.666075e+03 
1.067071e-01 4.978478e+03 5.426717e+03 
1.097273e-01 4.662960e+03 5.201277e+03 
1.127475e-01 4.407765e+03 4.988729e+03 
1.157677e-01 4.208928e+03 4.788137e+03 
1.187879e-01 4.060413e+03 4.598650e+03 
1.218081e-01 3.954346e+03 4.419489e+03 
1.248283e-01 3.881956e+03 4.249941e+03 
1.278485e-01 3.833866e+03 4.089356e+03 
1.308687e-01 3.800435e+03 3.937133e+03 
1.338889e-01 3.772135e+03 3.792722e+03 
1.369091e-01 3.740029e+03 3.655616e+03 
1.399293e-01 3.696548e+03 3.525349e+03 
1.429495e-01 3.635994e+03 3.401488e+03 
1.459697e-01 3.555212e+03 3.283635e+03 
1.489899e-01 3.453138e+03 3.171422e+03 
1.520101e-01 3.331229e+03 3.064508e+03 
1.550303e-01 3.192461e+03 2.962575e+03 
1.580505e-01 3.041516e+03 2.865330e+03 
1.610707e-01 2.883860e+03 2.772500e+03 
1.640909e-01 2.725534e+03 2.683832e+03 
1.671111e-01 2.572247e+03 2.599089e+03 
1.701313e-01 2.429164e+03 2.518050e+03 
1.731515e-01 2.300053e+03 2.440511e+03 
1.761717e-01 2.187527e+03 2.366280e+03 
1.791919e-01 2.092639e+03 2.295178e+03 
1.822121e-01 2.015402e+03 2.227038e+03 
1.852323e-01 1.954911e+03 2.161703e+03 
1.882525e-01 1.909509e+03 2.099026e+03 
1.912727e-01 1.877044e+03 2.038872e+03 
1.942929e-01 1.854828e+03 1.981109e+03 
1.973131e-01 1.839882e+03 1.925619e+03 
2.003333e-01 1.828941e+03 1.872286e+03 
2.033535e-01 1.818834e+03 1.821005e+03 
2.063737e-01 1.806580e+03 1.771676e+03 
2.093939e-01 1.789797e+03 1.724203e+03 
2.124141e-01 1.766644e+03 1.678499e+03 
2.154343e-01 1.736164e+03 1.634478e+03 
2.184545e-01 1.698057e+03 1.592063e+03 
2.214747e-01 1.652761e+03 1.551178e+03 
2.244949e-01 1.601321e+03 1.511754e+03 
2.275152e-01 1.545237e+03 1.473725e+03 
2.305354e-01 1.486365e+03 1.437026e+03 
2.335556e-01 1.426671e+03 1.401599e+03 
2.365758e-01 1.368084e+03 1.367388e+03 
2.395960e-01 1.312320e+03 1.334340e+03 
2.426162e-01 1.260801e+03 1.302404e+03 
2.456364e-01 1.214548e+03 1.271533e+03 
2.486566e-01 1.174254e+03 1.241681e+03 
2.516768e-01 1.140168e+03 1.212805e+03 
2.546970e-01 1.112234e+03 1.184865e+03 
2.577172e-01 1.090014e+03 1.157822e+03 
2.607374e-01 1.072793e+03 1.131639e+03 
2.637576e-01 1.059609e+03 1.106282e+03 
2.667778e-01 1.049346e+03 1.081716e+03 
2.697980e-01 1.040835e+03 1.057912e+03 
2.728182e-01 1.032952e+03 1.034837e+03 
2.758384e-01 1.024676e+03 1.012465e+03 
2.788586e-01 1.015141e+03 9.907673e+02 
2.818788e-01 1.003676e+03 9.697183e+02 
2.848990e-01 9.897981e+02 9.492932e+02 
2.879192e-01 9.732833e+02 9.294683e+02 
2.909394e-01 9.540999e+02 9.102211e+02 
2.939596e-01 9.324850e+02 8.915301e+02 
2.969798e-01 9.088598e+02 8.733748e+02 
3.000000e-01 8.838465e+02 8.557356e+02 
