1.000000e-03 5.763819e+03 5.763814e+03 
4.020202e-03 1.908558e+04 1.923811e+04 
7.040404e-03 2.776451e+04 2.798961e+04 
1.006061e-02 3.300228e+04 3.330679e+04 
1.308081e-02 3.565409e+04 3.607872e+04 
1.610101e-02 3.634642e+04 3.681937e+04 
1.912121e-02 3.558339e+04 3.591288e+04 
2.214141e-02 3.379352e+04 3.381992e+04 
2.516162e-02 3.134961e+04 3.109211e+04 
2.818182e-02 2.856633e+04 2.822424e+04 
3.120202e-02 2.569876e+04 2.553133e+04 
3.422222e-02 2.293855e+04 2.314639e+04 
3.724242e-02 2.041615e+04 2.108680e+04 
4.026263e-02 1.821065e+04 1.931841e+04 
4.328283e-02 1.634411e+04 1.779343e+04 
4.630303e-02 1.481743e+04 1.646682e+04 
4.932323e-02 1.362521e+04 1.530132e+04 
5.234343e-02 1.271813e+04 1.426762e+04 
5.536364e-02 1.204225e+04 1.334308e+04 
5.838384e-02 1.154829e+04 1.251019e+04 
6.140404e-02 1.118696e+04 1.175527e+04 
6.442424e-02 1.090838e+04 1.106752e+04 
6.744444e-02 1.066755e+04 1.043825e+04 
7.046465e-02 1.042719e+04 9.860382e+03 
7.348485e-02 1.015659e+04 9.328025e+03 
7.650505e-02 9.833921e+03 8.836249e+03 
7.952525e-02 9.447687e+03 8.380858e+03 
8.254545e-02 8.997606e+03 7.958246e+03 
8.556566e-02 8.492714e+03 7.565289e+03 
8.858586e-02 7.948568e+03 7.199253e+03 
9.160606e-02 7.385011e+03 6.857735e+03 
9.462626e-02 6.823616e+03 6.538609e+03 
9.764646e-02 6.284789e+03 6.239982e+03 
1.006667e-01 5.786413e+03 5.960165e+03 
1.036869e-01 5.341650e+03 5.697641e+03 
1.067071e-01 4.959305e+03 5.451047e+03 
1.097273e-01 4.642308e+03 5.219153e+03 
1.127475e-01 4.389900e+03 5.000844e+03 
1.157677e-01 4.197071e+03 4.795110e+03 
1.187879e-01 4.056823e+03 4.601032e+03 
1.218081e-01 3.960448e+03 4.417774e+03 
1.248283e-01 3.898050e+03 4.244572e+03 
1.278485e-01 3.859026e+03 4.080727e+03 
1.308687e-01 3.832490e+03 3.925600e+03 
1.338889e-01 3.807964e+03 3.778602e+03 
1.369091e-01 3.776022e+03 3.639197e+03 
1.399293e-01 3.729228e+03 3.506886e+03 
1.429495e-01 3.662319e+03 3.381214e+03 
1.459697e-01 3.572889e+03 3.261759e+03 
1.489899e-01 3.460580e+03 3.148132e+03 
1.520101e-01 3.327577e+03 3.039973e+03 
1.550303e-01 3.177600e+03 2.936948e+03 
1.580505e-01 3.016007e+03 2.838750e+03 
1.610707e-01 2.849120e+03 2.745091e+03 
1.640909e-01 2.683791e+03 2.655707e+03 
1.671111e-01 2.526209e+03 2.570349e+03 
1.701313e-01 2.381644e+03 2.488789e+03 
1.731515e-01 2.253549e+03 2.410811e+03 
1.761717e-01 2.143946e+03 2.336217e+03 
1.791919e-01 2.053325e+03 2.264819e+03 
1.822121e-01 1.981117e+03 2.196445e+03 
1.852323e-01 1.926018e+03 2.130932e+03 
1.882525e-01 1.886080e+03 2.068128e+03 
1.912727e-01 1.858887e+03 2.007890e+03 
1.942929e-01 1.841412e+03 1.950086e+03 
1.973131e-01 1.830295e+03 1.894591e+03 
2.003333e-01 1.821929e+03 1.841287e+03 
2.033535e-01 1.812893e+03 1.790065e+03 
2.063737e-01 1.800096e+03 1.740821e+03 
2.093939e-01 1.781293e+03 1.693458e+03 
2.124141e-01 1.754960e+03 1.647885e+03 
2.154343e-01 1.720509e+03 1.604015e+03 
2.184545e-01 1.678090e+03 1.561768e+03 
2.214747e-01 1.628480e+03 1.521068e+03 
2.244949e-01 1.573043e+03 1.481842e+03 
2.275152e-01 1.513496e+03 1.444022e+03 
2.305354e-01 1.451917e+03 1.407544e+03 
2.335556e-01 1.390419e+03 1.372348e+03 
2.365758e-01 1.331043e+03 1.338376e+03 
2.395960e-01 1.275508e+03 1.305574e+03 
2.426162e-01 1.225208e+03 1.273890e+03 
2.456364e-01 1.180989e+03 1.243277e+03 
2.486566e-01 1.143320e+03 1.213687e+03 
2.516768e-01 1.112208e+03 1.185077e+03 
2.546970e-01 1.087328e+03 1.157407e+03 
2.577172e-01 1.068037e+03 1.130636e+03 
2.607374e-01 1.053424e+03 1.104727e+03 
2.637576e-01 1.042408e+03 1.079645e+03 
2.667778e-01 1.033789e+03 1.055356e+03 
2.697980e-01 1.026355e+03 1.031829e+03 
2.728182e-01 1.018938e+03 1.009032e+03 
2.758384e-01 1.010519e+03 9.869367e+02 
2.788586e-01 1.000242e+03 9.655158e+02 
2.818788e-01 9.875312e+02 9.447428e+02 
2.848990e-01 9.720252e+02 9.245927e+02 
2.879192e-01 9.536746e+02 9.050416e+02 
2.909394e-01 9.326444e+02 8.860669e+02 
2.939596e-01 9.093366e+02 8.676468e+02 
2.969798e-01 8.843239e+02 8.497605e+02 
3.000000e-01 8.582971e+02 8.323884e+02 
