1.000000e-03 2.093842e+03 2.093840e+03 
4.020202e-03 7.155677e+03 7.216829e+03 
7.040404e-03 1.057129e+04 1.064057e+04 
1.006061e-02 1.277658e+04 1.280064e+04 
1.308081e-02 1.411607e+04 1.406985e+04 
1.610101e-02 1.483482e+04 1.471321e+04 
1.912121e-02 1.510999e+04 1.492692e+04 
2.214141e-02 1.507346e+04 1.485908e+04 
2.516162e-02 1.482453e+04 1.461402e+04 
2.818182e-02 1.443795e+04 1.425971e+04 
3.120202e-02 1.396940e+04 1.383927e+04 
3.422222e-02 1.345864e+04 1.338061e+04 
3.724242e-02 1.293353e+04 1.290235e+04 
4.026263e-02 1.241213e+04 1.241720e+04 
4.328283e-02 1.189599e+04 1.193391e+04 
4.630303e-02 1.140071e+04 1.145851e+04 
4.932323e-02 1.093685e+04 1.099508e+04 
5.234343e-02 1.048820e+04 1.054632e+04 
5.536364e-02 1.005103e+04 1.011388e+04 
5.838384e-02 9.629857e+03 9.698720e+03 
6.140404e-02 9.225401e+03 9.301247e+03 
6.442424e-02 8.837164e+03 8.921502e+03 
6.744444e-02 8.464136e+03 8.559257e+03 
7.046465e-02 8.105630e+03 8.214097e+03 
7.348485e-02 7.762666e+03 7.885484e+03 
7.650505e-02 7.436721e+03 7.572797e+03 
7.952525e-02 7.129430e+03 7.275368e+03 
8.254545e-02 6.841965e+03 6.992506e+03 
8.556566e-02 6.573134e+03 6.723511e+03 
8.858586e-02 6.321005e+03 6.467689e+03 
9.160606e-02 6.083420e+03 6.224362e+03 
9.462626e-02 5.858376e+03 5.992870e+03 
9.764646e-02 5.645167e+03 5.772580e+03 
1.006667e-01 5.443451e+03 5.562884e+03 
1.036869e-01 5.252352e+03 5.363204e+03 
1.067071e-01 5.070722e+03 5.172988e+03 
1.097273e-01 4.896926e+03 4.991717e+03 
1.127475e-01 4.729271e+03 4.818897e+03 
1.157677e-01 4.567116e+03 4.654064e+03 
1.187879e-01 4.410352e+03 4.496778e+03 
1.218081e-01 4.259385e+03 4.346626e+03 
1.248283e-01 4.114835e+03 4.203220e+03 
1.278485e-01 3.976998e+03 4.066194e+03 
1.308687e-01 3.845972e+03 3.935203e+03 
1.338889e-01 3.721588e+03 3.809925e+03 
1.369091e-01 3.603531e+03 3.690055e+03 
1.399293e-01 3.491430e+03 3.575308e+03 
1.429495e-01 3.384801e+03 3.465414e+03 
1.459697e-01 3.283146e+03 3.360122e+03 
1.489899e-01 3.186036e+03 3.259193e+03 
1.520101e-01 3.093086e+03 3.162404e+03 
1.550303e-01 3.003946e+03 3.069544e+03 
1.580505e-01 2.918355e+03 2.980417e+03 
1.610707e-01 2.836068e+03 2.894834e+03 
1.640909e-01 2.756822e+03 2.812622e+03 
1.671111e-01 2.680341e+03 2.733614e+03 
1.701313e-01 2.606407e+03 2.657655e+03 
1.731515e-01 2.535001e+03 2.584598e+03 
1.761717e-01 2.466142e+03 2.514303e+03 
1.791919e-01 2.399825e+03 2.446641e+03 
1.822121e-01 2.336027e+03 2.381488e+03 
1.852323e-01 2.274701e+03 2.318726e+03 
1.882525e-01 2.215711e+03 2.258247e+03 
1.912727e-01 2.158901e+03 2.199944e+03 
1.942929e-01 2.104174e+03 2.143721e+03 
1.973131e-01 2.051495e+03 2.089483e+03 
2.003333e-01 2.000812e+03 2.037142e+03 
2.033535e-01 1.952004e+03 1.986614e+03 
2.063737e-01 1.904929e+03 1.937821e+03 
2.093939e-01 1.859452e+03 1.890688e+03 
2.124141e-01 1.815447e+03 1.845142e+03 
2.154343e-01 1.772803e+03 1.801116e+03 
2.184545e-01 1.731489e+03 1.758547e+03 
2.214747e-01 1.691497e+03 1.717373e+03 
2.244949e-01 1.652796e+03 1.677536e+03 
2.275152e-01 1.615325e+03 1.638982e+03 
2.305354e-01 1.579021e+03 1.601657e+03 
2.335556e-01 1.543833e+03 1.565513e+03 
2.365758e-01 1.509715e+03 1.530502e+03 
2.395960e-01 1.476640e+03 1.496580e+03 
2.426162e-01 1.444614e+03 1.463702e+03 
2.456364e-01 1.413633e+03 1.431828e+03 
2.486566e-01 1.383639e+03 1.400920e+03 
2.516768e-01 1.354545e+03 1.370940e+03 
2.546970e-01 1.326281e+03 1.341853e+03 
2.577172e-01 1.298815e+03 1.313624e+03 
2.607374e-01 1.272120e+03 1.286223e+03 
2.637576e-01 1.246188e+03 1.259617e+03 
2.667778e-01 1.221023e+03 1.233778e+03 
2.697980e-01 1.196612e+03 1.208677e+03 
2.728182e-01 1.172901e+03 1.184288e+03 
2.758384e-01 1.149834e+03 1.160585e+03 
2.788586e-01 1.127377e+03 1.137543e+03 
2.818788e-01 1.105505e+03 1.115139e+03 
2.848990e-01 1.084204e+03 1.093350e+03 
2.879192e-01 1.063478e+03 1.072155e+03 
2.909394e-01 1.043332e+03 1.051533e+03 
2.939596e-01 1.023748e+03 1.031465e+03 
2.969798e-01 1.004689e+03 1.011931e+03 
3.000000e-01 9.861211e+02 9.929136e+02 
