1.000000e-03 2.613230e+03 2.613228e+03 
4.020202e-03 8.514526e+03 8.586366e+03 
7.040404e-03 1.229082e+04 1.236673e+04 
1.006061e-02 1.461011e+04 1.462975e+04 
1.308081e-02 1.592632e+04 1.586413e+04 
1.610101e-02 1.654523e+04 1.639809e+04 
1.912121e-02 1.667995e+04 1.646774e+04 
2.214141e-02 1.648583e+04 1.624662e+04 
2.516162e-02 1.607731e+04 1.585266e+04 
2.818182e-02 1.553874e+04 1.535961e+04 
3.120202e-02 1.493120e+04 1.481245e+04 
3.422222e-02 1.429693e+04 1.423922e+04 
3.724242e-02 1.366367e+04 1.365794e+04 
4.026263e-02 1.304806e+04 1.308048e+04 
4.328283e-02 1.245823e+04 1.251467e+04 
4.630303e-02 1.189604e+04 1.196559e+04 
4.932323e-02 1.136359e+04 1.143644e+04 
5.234343e-02 1.085884e+04 1.092907e+04 
5.536364e-02 1.037417e+04 1.044438e+04 
5.838384e-02 9.908015e+03 9.982628e+03 
6.140404e-02 9.461970e+03 9.543606e+03 
6.442424e-02 9.035248e+03 9.126799e+03 
6.744444e-02 8.626529e+03 8.731484e+03 
7.046465e-02 8.236219e+03 8.356809e+03 
7.348485e-02 7.865421e+03 8.001845e+03 
7.650505e-02 7.515916e+03 7.665628e+03 
7.952525e-02 7.189105e+03 7.347184e+03 
8.254545e-02 6.884411e+03 7.045550e+03 
8.556566e-02 6.600445e+03 6.759787e+03 
8.858586e-02 6.334669e+03 6.488989e+03 
9.160606e-02 6.084800e+03 6.232286e+03 
9.462626e-02 5.849754e+03 5.988854e+03 
9.764646e-02 5.628565e+03 5.757908e+03 
1.006667e-01 5.420104e+03 5.538709e+03 
1.036869e-01 5.222861e+03 5.330560e+03 
1.067071e-01 5.034648e+03 5.132805e+03 
1.097273e-01 4.853655e+03 4.944830e+03 
1.127475e-01 4.678822e+03 4.766058e+03 
1.157677e-01 4.509837e+03 4.595948e+03 
1.187879e-01 4.347337e+03 4.433995e+03 
1.218081e-01 4.191839e+03 4.279725e+03 
1.248283e-01 4.043616e+03 4.132696e+03 
1.278485e-01 3.902760e+03 3.992493e+03 
1.308687e-01 3.769185e+03 3.858729e+03 
1.338889e-01 3.642738e+03 3.731041e+03 
1.369091e-01 3.523074e+03 3.609090e+03 
1.399293e-01 3.409795e+03 3.492559e+03 
1.429495e-01 3.302345e+03 3.381149e+03 
1.459697e-01 3.200058e+03 3.274582e+03 
1.489899e-01 3.102363e+03 3.172598e+03 
1.520101e-01 3.008890e+03 3.074952e+03 
1.550303e-01 2.919299e+03 2.981414e+03 
1.580505e-01 2.833301e+03 2.891769e+03 
1.610707e-01 2.750632e+03 2.805816e+03 
1.640909e-01 2.671028e+03 2.723364e+03 
1.671111e-01 2.594234e+03 2.644235e+03 
1.701313e-01 2.520042e+03 2.568261e+03 
1.731515e-01 2.448476e+03 2.495286e+03 
1.761717e-01 2.379613e+03 2.425161e+03 
1.791919e-01 2.313454e+03 2.357746e+03 
1.822121e-01 2.249929e+03 2.292909e+03 
1.852323e-01 2.188950e+03 2.230528e+03 
1.882525e-01 2.130397e+03 2.170484e+03 
1.912727e-01 2.074143e+03 2.112668e+03 
1.942929e-01 2.020084e+03 2.056975e+03 
1.973131e-01 1.968129e+03 2.003308e+03 
2.003333e-01 1.918162e+03 1.951574e+03 
2.033535e-01 1.870029e+03 1.901684e+03 
2.063737e-01 1.823580e+03 1.853555e+03 
2.093939e-01 1.778709e+03 1.807110e+03 
2.124141e-01 1.735326e+03 1.762274e+03 
2.154343e-01 1.693361e+03 1.718976e+03 
2.184545e-01 1.652769e+03 1.677150e+03 
2.214747e-01 1.613497e+03 1.636732e+03 
2.244949e-01 1.575478e+03 1.597662e+03 
2.275152e-01 1.538641e+03 1.559884e+03 
2.305354e-01 1.502966e+03 1.523344e+03 
2.335556e-01 1.468466e+03 1.487989e+03 
2.365758e-01 1.435136e+03 1.453771e+03 
2.395960e-01 1.402918e+03 1.420644e+03 
2.426162e-01 1.371748e+03 1.388564e+03 
2.456364e-01 1.341554e+03 1.357489e+03 
2.486566e-01 1.312256e+03 1.327379e+03 
2.516768e-01 1.283813e+03 1.298195e+03 
2.546970e-01 1.256233e+03 1.269902e+03 
2.577172e-01 1.229522e+03 1.242465e+03 
2.607374e-01 1.203641e+03 1.215851e+03 
2.637576e-01 1.178540e+03 1.190029e+03 
2.667778e-01 1.154167e+03 1.164969e+03 
2.697980e-01 1.130469e+03 1.140642e+03 
2.728182e-01 1.107405e+03 1.117021e+03 
2.758384e-01 1.084976e+03 1.094080e+03 
2.788586e-01 1.063187e+03 1.071794e+03 
2.818788e-01 1.042026e+03 1.050139e+03 
2.848990e-01 1.021475e+03 1.029093e+03 
2.879192e-01 1.001506e+03 1.008633e+03 
2.909394e-01 9.820781e+02 9.887393e+02 
2.939596e-01 9.631511e+02 9.693914e+02 
2.969798e-01 9.447172e+02 9.505704e+02 
3.000000e-01 9.267793e+02 9.322580e+02 
