1.000000e-03 2.732816e+03 2.732814e+03 
4.020202e-03 9.136394e+03 9.209047e+03 
7.040404e-03 1.331960e+04 1.339679e+04 
1.006061e-02 1.590758e+04 1.593682e+04 
1.308081e-02 1.735949e+04 1.731903e+04 
1.610101e-02 1.799889e+04 1.787808e+04 
1.912121e-02 1.806407e+04 1.787550e+04 
2.214141e-02 1.773833e+04 1.752837e+04 
2.516162e-02 1.716281e+04 1.699496e+04 
2.818182e-02 1.644663e+04 1.637202e+04 
3.120202e-02 1.567088e+04 1.571239e+04 
3.422222e-02 1.489192e+04 1.504417e+04 
3.724242e-02 1.414558e+04 1.438288e+04 
4.026263e-02 1.345132e+04 1.373750e+04 
4.328283e-02 1.281575e+04 1.311340e+04 
4.630303e-02 1.223587e+04 1.251375e+04 
4.932323e-02 1.170623e+04 1.194028e+04 
5.234343e-02 1.121683e+04 1.139373e+04 
5.536364e-02 1.075181e+04 1.087417e+04 
5.838384e-02 1.030283e+04 1.038120e+04 
6.140404e-02 9.865777e+03 9.914073e+03 
6.442424e-02 9.435777e+03 9.471869e+03 
6.744444e-02 9.010569e+03 9.053519e+03 
7.046465e-02 8.591143e+03 8.657885e+03 
7.348485e-02 8.181667e+03 8.283799e+03 
7.650505e-02 7.787562e+03 7.930091e+03 
7.952525e-02 7.414481e+03 7.595613e+03 
8.254545e-02 7.066105e+03 7.279250e+03 
8.556566e-02 6.744260e+03 6.979930e+03 
8.858586e-02 6.448705e+03 6.696633e+03 
9.160606e-02 6.178614e+03 6.428387e+03 
9.462626e-02 5.932859e+03 6.174277e+03 
9.764646e-02 5.709779e+03 5.933440e+03 
1.006667e-01 5.506733e+03 5.705064e+03 
1.036869e-01 5.319685e+03 5.488390e+03 
1.067071e-01 5.144099e+03 5.282705e+03 
1.097273e-01 4.975379e+03 5.087343e+03 
1.127475e-01 4.810493e+03 4.901682e+03 
1.157677e-01 4.647472e+03 4.725140e+03 
1.187879e-01 4.485912e+03 4.557175e+03 
1.218081e-01 4.326346e+03 4.397279e+03 
1.248283e-01 4.169684e+03 4.244979e+03 
1.278485e-01 4.017058e+03 4.099834e+03 
1.308687e-01 3.869667e+03 3.961430e+03 
1.338889e-01 3.728723e+03 3.829381e+03 
1.369091e-01 3.595177e+03 3.703329e+03 
1.399293e-01 3.469775e+03 3.582936e+03 
1.429495e-01 3.352666e+03 3.467887e+03 
1.459697e-01 3.243637e+03 3.357888e+03 
1.489899e-01 3.142188e+03 3.252664e+03 
1.520101e-01 3.047653e+03 3.151956e+03 
1.550303e-01 2.959292e+03 3.055523e+03 
1.580505e-01 2.876297e+03 2.963138e+03 
1.610707e-01 2.797618e+03 2.874589e+03 
1.640909e-01 2.722098e+03 2.789676e+03 
1.671111e-01 2.648822e+03 2.708214e+03 
1.701313e-01 2.577056e+03 2.630025e+03 
1.731515e-01 2.506509e+03 2.554945e+03 
1.761717e-01 2.437151e+03 2.482818e+03 
1.791919e-01 2.369130e+03 2.413499e+03 
1.822121e-01 2.302682e+03 2.346850e+03 
1.852323e-01 2.238007e+03 2.282741e+03 
1.882525e-01 2.175291e+03 2.221051e+03 
1.912727e-01 2.114793e+03 2.161665e+03 
1.942929e-01 2.056796e+03 2.104473e+03 
1.973131e-01 2.001455e+03 2.049375e+03 
2.003333e-01 1.948848e+03 1.996272e+03 
2.033535e-01 1.898902e+03 1.945074e+03 
2.063737e-01 1.851460e+03 1.895694e+03 
2.093939e-01 1.806280e+03 1.848050e+03 
2.124141e-01 1.763075e+03 1.802066e+03 
2.154343e-01 1.721595e+03 1.757668e+03 
2.184545e-01 1.681609e+03 1.714787e+03 
2.214747e-01 1.642910e+03 1.673357e+03 
2.244949e-01 1.605309e+03 1.633317e+03 
2.275152e-01 1.568656e+03 1.594606e+03 
2.305354e-01 1.532836e+03 1.557168e+03 
2.335556e-01 1.497849e+03 1.520952e+03 
2.365758e-01 1.463745e+03 1.485906e+03 
2.395960e-01 1.430537e+03 1.451981e+03 
2.426162e-01 1.398220e+03 1.419134e+03 
2.456364e-01 1.366795e+03 1.387319e+03 
2.486566e-01 1.336271e+03 1.356497e+03 
2.516768e-01 1.306685e+03 1.326626e+03 
2.546970e-01 1.278089e+03 1.297671e+03 
2.577172e-01 1.250513e+03 1.269595e+03 
2.607374e-01 1.223974e+03 1.242365e+03 
2.637576e-01 1.198416e+03 1.215948e+03 
2.667778e-01 1.173751e+03 1.190313e+03 
2.697980e-01 1.149875e+03 1.165430e+03 
2.728182e-01 1.126688e+03 1.141273e+03 
2.758384e-01 1.104144e+03 1.117812e+03 
2.788586e-01 1.082227e+03 1.095024e+03 
2.818788e-01 1.060912e+03 1.072883e+03 
2.848990e-01 1.040172e+03 1.051366e+03 
2.879192e-01 1.019962e+03 1.030451e+03 
2.909394e-01 1.000235e+03 1.010116e+03 
2.939596e-01 9.809645e+02 9.903401e+02 
2.969798e-01 9.621353e+02 9.711045e+02 
3.000000e-01 9.437621e+02 9.523900e+02 
