1.000000e-03 3.183737e+03 3.183734e+03 
4.020202e-03 1.068051e+04 1.076445e+04 
7.040404e-03 1.568877e+04 1.579823e+04 
1.006061e-02 1.884086e+04 1.894555e+04 
1.308081e-02 2.060700e+04 2.070130e+04 
1.610101e-02 2.133377e+04 2.138557e+04 
1.912121e-02 2.129294e+04 2.125675e+04 
2.214141e-02 2.070828e+04 2.058361e+04 
2.516162e-02 1.976808e+04 1.962343e+04 
2.818182e-02 1.862686e+04 1.856638e+04 
3.120202e-02 1.740783e+04 1.751934e+04 
3.422222e-02 1.620289e+04 1.652807e+04 
3.724242e-02 1.507478e+04 1.560566e+04 
4.026263e-02 1.406213e+04 1.475135e+04 
4.328283e-02 1.318195e+04 1.395985e+04 
4.630303e-02 1.242919e+04 1.322508e+04 
4.932323e-02 1.180212e+04 1.254147e+04 
5.234343e-02 1.128815e+04 1.190419e+04 
5.536364e-02 1.085075e+04 1.130911e+04 
5.838384e-02 1.046678e+04 1.075269e+04 
6.140404e-02 1.011780e+04 1.023182e+04 
6.442424e-02 9.783001e+03 9.743723e+03 
6.744444e-02 9.444829e+03 9.285944e+03 
7.046465e-02 9.090789e+03 8.856237e+03 
7.348485e-02 8.714475e+03 8.452563e+03 
7.650505e-02 8.316347e+03 8.073054e+03 
7.952525e-02 7.902105e+03 7.715994e+03 
8.254545e-02 7.481153e+03 7.379805e+03 
8.556566e-02 7.064225e+03 7.063034e+03 
8.858586e-02 6.661294e+03 6.764338e+03 
9.160606e-02 6.280934e+03 6.482481e+03 
9.462626e-02 5.929949e+03 6.216318e+03 
9.764646e-02 5.613376e+03 5.964796e+03 
1.006667e-01 5.334874e+03 5.726937e+03 
1.036869e-01 5.095415e+03 5.501839e+03 
1.067071e-01 4.893973e+03 5.288667e+03 
1.097273e-01 4.726153e+03 5.086650e+03 
1.127475e-01 4.586059e+03 4.895071e+03 
1.157677e-01 4.466274e+03 4.713269e+03 
1.187879e-01 4.359571e+03 4.540628e+03 
1.218081e-01 4.259225e+03 4.376580e+03 
1.248283e-01 4.159791e+03 4.220596e+03 
1.278485e-01 4.056924e+03 4.072185e+03 
1.308687e-01 3.947905e+03 3.930891e+03 
1.338889e-01 3.831072e+03 3.796290e+03 
1.369091e-01 3.706296e+03 3.667988e+03 
1.399293e-01 3.574442e+03 3.545618e+03 
1.429495e-01 3.437769e+03 3.428838e+03 
1.459697e-01 3.299054e+03 3.317329e+03 
1.489899e-01 3.161502e+03 3.210793e+03 
1.520101e-01 3.028131e+03 3.108954e+03 
1.550303e-01 2.901721e+03 3.011551e+03 
1.580505e-01 2.784474e+03 2.918343e+03 
1.610707e-01 2.678117e+03 2.829103e+03 
1.640909e-01 2.583483e+03 2.743618e+03 
1.671111e-01 2.500760e+03 2.661691e+03 
1.701313e-01 2.429139e+03 2.583135e+03 
1.731515e-01 2.367292e+03 2.507775e+03 
1.761717e-01 2.313349e+03 2.435448e+03 
1.791919e-01 2.265317e+03 2.366000e+03 
1.822121e-01 2.221151e+03 2.299286e+03 
1.852323e-01 2.179025e+03 2.235171e+03 
1.882525e-01 2.137288e+03 2.173527e+03 
1.912727e-01 2.094592e+03 2.114233e+03 
1.942929e-01 2.049848e+03 2.057177e+03 
1.973131e-01 2.002450e+03 2.002251e+03 
2.003333e-01 1.952202e+03 1.949355e+03 
2.033535e-01 1.899469e+03 1.898394e+03 
2.063737e-01 1.844963e+03 1.849278e+03 
2.093939e-01 1.789695e+03 1.801924e+03 
2.124141e-01 1.734668e+03 1.756250e+03 
2.154343e-01 1.680855e+03 1.712181e+03 
2.184545e-01 1.629109e+03 1.669646e+03 
2.214747e-01 1.580175e+03 1.628577e+03 
2.244949e-01 1.534573e+03 1.588910e+03 
2.275152e-01 1.492660e+03 1.550585e+03 
2.305354e-01 1.454566e+03 1.513542e+03 
2.335556e-01 1.420196e+03 1.477729e+03 
2.365758e-01 1.389215e+03 1.443093e+03 
2.395960e-01 1.361127e+03 1.409585e+03 
2.426162e-01 1.335332e+03 1.377158e+03 
2.456364e-01 1.311225e+03 1.345768e+03 
2.486566e-01 1.288215e+03 1.315374e+03 
2.516768e-01 1.265776e+03 1.285933e+03 
2.546970e-01 1.243430e+03 1.257410e+03 
2.577172e-01 1.220780e+03 1.229766e+03 
2.607374e-01 1.197533e+03 1.202969e+03 
2.637576e-01 1.173533e+03 1.176984e+03 
2.667778e-01 1.148799e+03 1.151780e+03 
2.697980e-01 1.123499e+03 1.127328e+03 
2.728182e-01 1.097917e+03 1.103598e+03 
2.758384e-01 1.072388e+03 1.080565e+03 
2.788586e-01 1.047231e+03 1.058200e+03 
2.818788e-01 1.022730e+03 1.036481e+03 
2.848990e-01 9.990956e+02 1.015383e+03 
2.879192e-01 9.765006e+02 9.948834e+02 
2.909394e-01 9.550819e+02 9.749606e+02 
2.939596e-01 9.349271e+02 9.555939e+02 
2.969798e-01 9.160761e+02 9.367635e+02 
3.000000e-01 8.984972e+02 9.184505e+02 
