1.000000e-03 4.126808e+03 4.126804e+03 
4.020202e-03 1.374671e+04 1.385568e+04 
7.040404e-03 1.999587e+04 2.013956e+04 
1.006061e-02 2.376958e+04 2.392278e+04 
1.308081e-02 2.571892e+04 2.588157e+04 
1.610101e-02 2.631807e+04 2.643760e+04 
1.912121e-02 2.593635e+04 2.593469e+04 
2.214141e-02 2.488066e+04 2.474504e+04 
2.516162e-02 2.340504e+04 2.323077e+04 
2.818182e-02 2.171885e+04 2.165536e+04 
3.120202e-02 1.998451e+04 2.015825e+04 
3.422222e-02 1.832074e+04 1.878970e+04 
3.724242e-02 1.680447e+04 1.755462e+04 
4.026263e-02 1.547995e+04 1.644086e+04 
4.328283e-02 1.435725e+04 1.543252e+04 
4.630303e-02 1.342681e+04 1.451492e+04 
4.932323e-02 1.268617e+04 1.367573e+04 
5.234343e-02 1.209851e+04 1.290496e+04 
5.536364e-02 1.161798e+04 1.219452e+04 
5.838384e-02 1.121625e+04 1.153778e+04 
6.140404e-02 1.085780e+04 1.092919e+04 
6.442424e-02 1.051144e+04 1.036406e+04 
6.744444e-02 1.015568e+04 9.838358e+03 
7.046465e-02 9.774487e+03 9.348555e+03 
7.348485e-02 9.359570e+03 8.891553e+03 
7.650505e-02 8.910494e+03 8.464598e+03 
7.952525e-02 8.434113e+03 8.065226e+03 
8.254545e-02 7.942540e+03 7.691225e+03 
8.556566e-02 7.450190e+03 7.340598e+03 
8.858586e-02 6.971602e+03 7.011539e+03 
9.160606e-02 6.519987e+03 6.702407e+03 
9.462626e-02 6.106156e+03 6.411711e+03 
9.764646e-02 5.738533e+03 6.138091e+03 
1.006667e-01 5.421374e+03 5.880305e+03 
1.036869e-01 5.155842e+03 5.637218e+03 
1.067071e-01 4.938835e+03 5.407792e+03 
1.097273e-01 4.764876e+03 5.191073e+03 
1.127475e-01 4.625809e+03 4.986186e+03 
1.157677e-01 4.512809e+03 4.792329e+03 
1.187879e-01 4.416736e+03 4.608763e+03 
1.218081e-01 4.329140e+03 4.434805e+03 
1.248283e-01 4.242267e+03 4.269829e+03 
1.278485e-01 4.149730e+03 4.113255e+03 
1.308687e-01 4.046606e+03 3.964548e+03 
1.338889e-01 3.930574e+03 3.823215e+03 
1.369091e-01 3.801250e+03 3.688796e+03 
1.399293e-01 3.660346e+03 3.560867e+03 
1.429495e-01 3.510878e+03 3.439037e+03 
1.459697e-01 3.356727e+03 3.322939e+03 
1.489899e-01 3.202077e+03 3.212235e+03 
1.520101e-01 3.051109e+03 3.106609e+03 
1.550303e-01 2.907671e+03 3.005769e+03 
1.580505e-01 2.775188e+03 2.909441e+03 
1.610707e-01 2.656454e+03 2.817372e+03 
1.640909e-01 2.552952e+03 2.729323e+03 
1.671111e-01 2.464948e+03 2.645073e+03 
1.701313e-01 2.391341e+03 2.564417e+03 
1.731515e-01 2.330278e+03 2.487159e+03 
1.761717e-01 2.279287e+03 2.413119e+03 
1.791919e-01 2.235781e+03 2.342127e+03 
1.822121e-01 2.197218e+03 2.274026e+03 
1.852323e-01 2.161209e+03 2.208666e+03 
1.882525e-01 2.125536e+03 2.145907e+03 
1.912727e-01 2.088169e+03 2.085618e+03 
1.942929e-01 2.047361e+03 2.027677e+03 
1.973131e-01 2.002192e+03 1.971967e+03 
2.003333e-01 1.952312e+03 1.918379e+03 
2.033535e-01 1.898147e+03 1.866812e+03 
2.063737e-01 1.840657e+03 1.817167e+03 
2.093939e-01 1.781291e+03 1.769355e+03 
2.124141e-01 1.721475e+03 1.723290e+03 
2.154343e-01 1.662570e+03 1.678890e+03 
2.184545e-01 1.605792e+03 1.636078e+03 
2.214747e-01 1.552214e+03 1.594784e+03 
2.244949e-01 1.502672e+03 1.554938e+03 
2.275152e-01 1.457737e+03 1.516475e+03 
2.305354e-01 1.417659e+03 1.479336e+03 
2.335556e-01 1.382374e+03 1.443461e+03 
2.365758e-01 1.351561e+03 1.408797e+03 
2.395960e-01 1.324604e+03 1.375290e+03 
2.426162e-01 1.300742e+03 1.342892e+03 
2.456364e-01 1.279113e+03 1.311557e+03 
2.486566e-01 1.258850e+03 1.281239e+03 
2.516768e-01 1.239114e+03 1.251897e+03 
2.546970e-01 1.219186e+03 1.223491e+03 
2.577172e-01 1.198474e+03 1.195983e+03 
2.607374e-01 1.176628e+03 1.169336e+03 
2.637576e-01 1.153467e+03 1.143516e+03 
2.667778e-01 1.129028e+03 1.118490e+03 
2.697980e-01 1.103490e+03 1.094228e+03 
2.728182e-01 1.077192e+03 1.070699e+03 
2.758384e-01 1.050532e+03 1.047875e+03 
2.788586e-01 1.023941e+03 1.025730e+03 
2.818788e-01 9.978396e+02 1.004237e+03 
2.848990e-01 9.726280e+02 9.833728e+02 
2.879192e-01 9.486456e+02 9.631127e+02 
2.909394e-01 9.261571e+02 9.434348e+02 
2.939596e-01 9.052958e+02 9.243178e+02 
2.969798e-01 8.861123e+02 9.057412e+02 
3.000000e-01 8.685717e+02 8.876855e+02 
