1.000000e-03 2.633081e+03 2.633079e+03 
4.020202e-03 8.684822e+03 8.758571e+03 
7.040404e-03 1.256721e+04 1.264378e+04 
1.006061e-02 1.494717e+04 1.496349e+04 
1.308081e-02 1.629362e+04 1.622293e+04 
1.610101e-02 1.692311e+04 1.676402e+04 
1.912121e-02 1.705763e+04 1.683217e+04 
2.214141e-02 1.685710e+04 1.660525e+04 
2.516162e-02 1.643904e+04 1.620240e+04 
2.818182e-02 1.588928e+04 1.569788e+04 
3.120202e-02 1.526990e+04 1.513735e+04 
3.422222e-02 1.462301e+04 1.454957e+04 
3.724242e-02 1.397718e+04 1.395324e+04 
4.026263e-02 1.334707e+04 1.336073e+04 
4.328283e-02 1.273419e+04 1.278018e+04 
4.630303e-02 1.215841e+04 1.221690e+04 
4.932323e-02 1.161783e+04 1.167421e+04 
5.234343e-02 1.109435e+04 1.115401e+04 
5.536364e-02 1.059048e+04 1.065724e+04 
5.838384e-02 1.010985e+04 1.018414e+04 
6.140404e-02 9.650461e+03 9.734493e+03 
6.442424e-02 9.210981e+03 9.307747e+03 
6.744444e-02 8.791433e+03 8.903143e+03 
7.046465e-02 8.392529e+03 8.519791e+03 
7.348485e-02 8.015662e+03 8.156722e+03 
7.650505e-02 7.661805e+03 7.812932e+03 
7.952525e-02 7.331370e+03 7.487410e+03 
8.254545e-02 7.023312e+03 7.179158e+03 
8.556566e-02 6.735057e+03 6.887201e+03 
8.858586e-02 6.464396e+03 6.610603e+03 
9.160606e-02 6.209605e+03 6.348466e+03 
9.462626e-02 5.969471e+03 6.099936e+03 
9.764646e-02 5.743248e+03 5.864206e+03 
1.006667e-01 5.529571e+03 5.640512e+03 
1.036869e-01 5.326448e+03 5.428137e+03 
1.067071e-01 5.132084e+03 5.226404e+03 
1.097273e-01 4.944950e+03 5.034682e+03 
1.127475e-01 4.764510e+03 4.852378e+03 
1.157677e-01 4.591150e+03 4.678934e+03 
1.187879e-01 4.425266e+03 4.513833e+03 
1.218081e-01 4.267216e+03 4.356588e+03 
1.248283e-01 4.117063e+03 4.206743e+03 
1.278485e-01 3.974607e+03 4.063875e+03 
1.308687e-01 3.839623e+03 3.927584e+03 
1.338889e-01 3.711876e+03 3.797501e+03 
1.369091e-01 3.591018e+03 3.673276e+03 
1.399293e-01 3.476365e+03 3.554584e+03 
1.429495e-01 3.367175e+03 3.441121e+03 
1.459697e-01 3.262886e+03 3.332601e+03 
1.489899e-01 3.163065e+03 3.228757e+03 
1.520101e-01 3.067345e+03 3.129339e+03 
1.550303e-01 2.975514e+03 3.034112e+03 
1.580505e-01 2.887382e+03 2.942856e+03 
1.610707e-01 2.802687e+03 2.855364e+03 
1.640909e-01 2.721121e+03 2.771442e+03 
1.671111e-01 2.642464e+03 2.690908e+03 
1.701313e-01 2.566700e+03 2.613591e+03 
1.731515e-01 2.493835e+03 2.539330e+03 
1.761717e-01 2.423846e+03 2.467973e+03 
1.791919e-01 2.356692e+03 2.399377e+03 
1.822121e-01 2.292288e+03 2.333409e+03 
1.852323e-01 2.230474e+03 2.269942e+03 
1.882525e-01 2.171083e+03 2.208856e+03 
1.912727e-01 2.113989e+03 2.150039e+03 
1.942929e-01 2.059086e+03 2.093385e+03 
1.973131e-01 2.006253e+03 2.038793e+03 
2.003333e-01 1.955346e+03 1.986169e+03 
2.033535e-01 1.906224e+03 1.935423e+03 
2.063737e-01 1.858795e+03 1.886471e+03 
2.093939e-01 1.812988e+03 1.839232e+03 
2.124141e-01 1.768726e+03 1.793631e+03 
2.154343e-01 1.725927e+03 1.749596e+03 
2.184545e-01 1.684512e+03 1.707058e+03 
2.214747e-01 1.644431e+03 1.665953e+03 
2.244949e-01 1.605647e+03 1.626221e+03 
2.275152e-01 1.568135e+03 1.587803e+03 
2.305354e-01 1.531894e+03 1.550644e+03 
2.335556e-01 1.496906e+03 1.514691e+03 
2.365758e-01 1.463087e+03 1.479895e+03 
2.395960e-01 1.430330e+03 1.446209e+03 
2.426162e-01 1.398565e+03 1.413588e+03 
2.456364e-01 1.367760e+03 1.381989e+03 
2.486566e-01 1.337892e+03 1.351372e+03 
2.516768e-01 1.308950e+03 1.321697e+03 
2.546970e-01 1.280926e+03 1.292927e+03 
2.577172e-01 1.253779e+03 1.265029e+03 
2.607374e-01 1.227436e+03 1.237967e+03 
2.637576e-01 1.201835e+03 1.211711e+03 
2.667778e-01 1.176948e+03 1.186230e+03 
2.697980e-01 1.152757e+03 1.161494e+03 
2.728182e-01 1.129253e+03 1.137476e+03 
2.758384e-01 1.106435e+03 1.114149e+03 
2.788586e-01 1.084294e+03 1.091488e+03 
2.818788e-01 1.062787e+03 1.069469e+03 
2.848990e-01 1.041866e+03 1.048069e+03 
2.879192e-01 1.021503e+03 1.027265e+03 
2.909394e-01 1.001683e+03 1.007037e+03 
2.939596e-01 9.823953e+02 9.873633e+02 
2.969798e-01 9.636363e+02 9.682254e+02 
3.000000e-01 9.454015e+02 9.496045e+02 
