1.000000e-03 2.247828e+03 2.247826e+03 
4.020202e-03 7.637416e+03 7.697847e+03 
7.040404e-03 1.132144e+04 1.139368e+04 
1.006061e-02 1.372511e+04 1.376804e+04 
1.308081e-02 1.517920e+04 1.517527e+04 
1.610101e-02 1.592650e+04 1.586299e+04 
1.912121e-02 1.615377e+04 1.602851e+04 
2.214141e-02 1.600839e+04 1.584835e+04 
2.516162e-02 1.561060e+04 1.546640e+04 
2.818182e-02 1.505598e+04 1.497995e+04 
3.120202e-02 1.441944e+04 1.444544e+04 
3.422222e-02 1.375661e+04 1.389323e+04 
3.724242e-02 1.310597e+04 1.333967e+04 
4.026263e-02 1.249234e+04 1.279396e+04 
4.328283e-02 1.192680e+04 1.226160e+04 
4.630303e-02 1.140799e+04 1.174597e+04 
4.932323e-02 1.094132e+04 1.124911e+04 
5.234343e-02 1.052209e+04 1.077222e+04 
5.536364e-02 1.012892e+04 1.031583e+04 
5.838384e-02 9.751823e+03 9.880057e+03 
6.140404e-02 9.386931e+03 9.464682e+03 
6.442424e-02 9.030508e+03 9.069260e+03 
6.744444e-02 8.677477e+03 8.693192e+03 
7.046465e-02 8.322853e+03 8.335769e+03 
7.348485e-02 7.966548e+03 7.996220e+03 
7.650505e-02 7.611482e+03 7.673736e+03 
7.952525e-02 7.263000e+03 7.367497e+03 
8.254545e-02 6.927463e+03 7.076683e+03 
8.556566e-02 6.610549e+03 6.800489e+03 
8.858586e-02 6.315452e+03 6.538134e+03 
9.160606e-02 6.043434e+03 6.288861e+03 
9.462626e-02 5.794352e+03 6.051947e+03 
9.764646e-02 5.567318e+03 5.826703e+03 
1.006667e-01 5.361273e+03 5.612472e+03 
1.036869e-01 5.174984e+03 5.408634e+03 
1.067071e-01 5.005993e+03 5.214602e+03 
1.097273e-01 4.851193e+03 5.029821e+03 
1.127475e-01 4.706605e+03 4.853770e+03 
1.157677e-01 4.568042e+03 4.685958e+03 
1.187879e-01 4.432297e+03 4.525925e+03 
1.218081e-01 4.296837e+03 4.373236e+03 
1.248283e-01 4.160911e+03 4.227484e+03 
1.278485e-01 4.024596e+03 4.088287e+03 
1.308687e-01 3.888772e+03 3.955287e+03 
1.338889e-01 3.754647e+03 3.828146e+03 
1.369091e-01 3.623556e+03 3.706549e+03 
1.399293e-01 3.496828e+03 3.590199e+03 
1.429495e-01 3.375483e+03 3.478817e+03 
1.459697e-01 3.260367e+03 3.372142e+03 
1.489899e-01 3.151969e+03 3.269928e+03 
1.520101e-01 3.050608e+03 3.171944e+03 
1.550303e-01 2.956356e+03 3.077973e+03 
1.580505e-01 2.869134e+03 2.987811e+03 
1.610707e-01 2.788512e+03 2.901265e+03 
1.640909e-01 2.713871e+03 2.818155e+03 
1.671111e-01 2.644206e+03 2.738311e+03 
1.701313e-01 2.578383e+03 2.661573e+03 
1.731515e-01 2.515216e+03 2.587789e+03 
1.761717e-01 2.453613e+03 2.516818e+03 
1.791919e-01 2.392980e+03 2.448524e+03 
1.822121e-01 2.332948e+03 2.382782e+03 
1.852323e-01 2.273503e+03 2.319471e+03 
1.882525e-01 2.214735e+03 2.258479e+03 
1.912727e-01 2.156744e+03 2.199698e+03 
1.942929e-01 2.099645e+03 2.143029e+03 
1.973131e-01 2.043614e+03 2.088375e+03 
2.003333e-01 1.988885e+03 2.035646e+03 
2.033535e-01 1.935865e+03 1.984757e+03 
2.063737e-01 1.884977e+03 1.935627e+03 
2.093939e-01 1.836498e+03 1.888179e+03 
2.124141e-01 1.790607e+03 1.842341e+03 
2.154343e-01 1.747219e+03 1.798042e+03 
2.184545e-01 1.706159e+03 1.755219e+03 
2.214747e-01 1.667141e+03 1.713809e+03 
2.244949e-01 1.629880e+03 1.673752e+03 
2.275152e-01 1.594172e+03 1.634993e+03 
2.305354e-01 1.559833e+03 1.597479e+03 
2.335556e-01 1.526669e+03 1.561159e+03 
2.365758e-01 1.494486e+03 1.525984e+03 
2.395960e-01 1.463084e+03 1.491910e+03 
2.426162e-01 1.432289e+03 1.458892e+03 
2.456364e-01 1.402004e+03 1.426889e+03 
2.486566e-01 1.372177e+03 1.395861e+03 
2.516768e-01 1.342847e+03 1.365770e+03 
2.546970e-01 1.314073e+03 1.336581e+03 
2.577172e-01 1.285926e+03 1.308259e+03 
2.607374e-01 1.258477e+03 1.280772e+03 
2.637576e-01 1.231785e+03 1.254088e+03 
2.667778e-01 1.205902e+03 1.228177e+03 
2.697980e-01 1.180871e+03 1.203012e+03 
2.728182e-01 1.156720e+03 1.178563e+03 
2.758384e-01 1.133452e+03 1.154807e+03 
2.788586e-01 1.111053e+03 1.131717e+03 
2.818788e-01 1.089469e+03 1.109270e+03 
2.848990e-01 1.068638e+03 1.087443e+03 
2.879192e-01 1.048485e+03 1.066214e+03 
2.909394e-01 1.028934e+03 1.045563e+03 
2.939596e-01 1.009922e+03 1.025469e+03 
2.969798e-01 9.913889e+02 1.005914e+03 
3.000000e-01 9.732876e+02 9.868778e+02 
