1.000000e-03 2.837519e+03 2.837517e+03 
4.020202e-03 9.397182e+03 9.472327e+03 
7.040404e-03 1.366093e+04 1.374331e+04 
1.006061e-02 1.629013e+04 1.632837e+04 
1.308081e-02 1.775574e+04 1.772941e+04 
1.610101e-02 1.838866e+04 1.828426e+04 
1.912121e-02 1.843128e+04 1.825613e+04 
2.214141e-02 1.807106e+04 1.786831e+04 
2.516162e-02 1.745338e+04 1.728863e+04 
2.818182e-02 1.669099e+04 1.662145e+04 
3.120202e-02 1.586857e+04 1.592314e+04 
3.422222e-02 1.504573e+04 1.522251e+04 
3.724242e-02 1.426054e+04 1.453442e+04 
4.026263e-02 1.353467e+04 1.386691e+04 
4.328283e-02 1.287481e+04 1.322440e+04 
4.630303e-02 1.227665e+04 1.260931e+04 
4.932323e-02 1.173890e+04 1.202277e+04 
5.234343e-02 1.125006e+04 1.146506e+04 
5.536364e-02 1.078823e+04 1.093589e+04 
5.838384e-02 1.034501e+04 1.043459e+04 
6.140404e-02 9.915479e+03 9.960215e+03 
6.442424e-02 9.492033e+03 9.511664e+03 
6.744444e-02 9.071305e+03 9.087734e+03 
7.046465e-02 8.653537e+03 8.687177e+03 
7.348485e-02 8.241741e+03 8.308734e+03 
7.650505e-02 7.841024e+03 7.951162e+03 
7.952525e-02 7.457745e+03 7.613247e+03 
8.254545e-02 7.096949e+03 7.293822e+03 
8.556566e-02 6.761899e+03 6.991771e+03 
8.858586e-02 6.453703e+03 6.706032e+03 
9.160606e-02 6.172311e+03 6.435603e+03 
9.462626e-02 5.917043e+03 6.179538e+03 
9.764646e-02 5.686824e+03 5.936948e+03 
1.006667e-01 5.479400e+03 5.707002e+03 
1.036869e-01 5.291297e+03 5.488918e+03 
1.067071e-01 5.117711e+03 5.281968e+03 
1.097273e-01 4.953737e+03 5.085471e+03 
1.127475e-01 4.795303e+03 4.898792e+03 
1.157677e-01 4.639144e+03 4.721337e+03 
1.187879e-01 4.484063e+03 4.552553e+03 
1.218081e-01 4.329619e+03 4.391923e+03 
1.248283e-01 4.176355e+03 4.238967e+03 
1.278485e-01 4.025139e+03 4.093234e+03 
1.308687e-01 3.877234e+03 3.954305e+03 
1.338889e-01 3.733990e+03 3.821789e+03 
1.369091e-01 3.596814e+03 3.695320e+03 
1.399293e-01 3.466919e+03 3.574557e+03 
1.429495e-01 3.345021e+03 3.459181e+03 
1.459697e-01 3.231488e+03 3.348893e+03 
1.489899e-01 3.126080e+03 3.243415e+03 
1.520101e-01 3.028402e+03 3.142485e+03 
1.550303e-01 2.937916e+03 3.045859e+03 
1.580505e-01 2.853912e+03 2.953308e+03 
1.610707e-01 2.775387e+03 2.864616e+03 
1.640909e-01 2.701230e+03 2.779582e+03 
1.671111e-01 2.630204e+03 2.698018e+03 
1.701313e-01 2.561239e+03 2.619746e+03 
1.731515e-01 2.493564e+03 2.544599e+03 
1.761717e-01 2.426733e+03 2.472421e+03 
1.791919e-01 2.360751e+03 2.403063e+03 
1.822121e-01 2.295720e+03 2.336389e+03 
1.852323e-01 2.231827e+03 2.272265e+03 
1.882525e-01 2.169294e+03 2.210571e+03 
1.912727e-01 2.108389e+03 2.151190e+03 
1.942929e-01 2.049413e+03 2.094012e+03 
1.973131e-01 1.992714e+03 2.038934e+03 
2.003333e-01 1.938561e+03 1.985859e+03 
2.033535e-01 1.887134e+03 1.934695e+03 
2.063737e-01 1.838439e+03 1.885355e+03 
2.093939e-01 1.792311e+03 1.837757e+03 
2.124141e-01 1.748546e+03 1.791823e+03 
2.154343e-01 1.706907e+03 1.747479e+03 
2.184545e-01 1.667133e+03 1.704656e+03 
2.214747e-01 1.628935e+03 1.663287e+03 
2.244949e-01 1.592052e+03 1.623310e+03 
2.275152e-01 1.556247e+03 1.584666e+03 
2.305354e-01 1.521347e+03 1.547298e+03 
2.335556e-01 1.487229e+03 1.511153e+03 
2.365758e-01 1.453837e+03 1.476180e+03 
2.395960e-01 1.421157e+03 1.442331e+03 
2.426162e-01 1.389197e+03 1.409559e+03 
2.456364e-01 1.357976e+03 1.377822e+03 
2.486566e-01 1.327511e+03 1.347078e+03 
2.516768e-01 1.297824e+03 1.317288e+03 
2.546970e-01 1.268979e+03 1.288413e+03 
2.577172e-01 1.241059e+03 1.260418e+03 
2.607374e-01 1.214131e+03 1.233269e+03 
2.637576e-01 1.188238e+03 1.206933e+03 
2.667778e-01 1.163345e+03 1.181380e+03 
2.697980e-01 1.139375e+03 1.156579e+03 
2.728182e-01 1.116235e+03 1.132503e+03 
2.758384e-01 1.093831e+03 1.109125e+03 
2.788586e-01 1.072103e+03 1.086419e+03 
2.818788e-01 1.051009e+03 1.064359e+03 
2.848990e-01 1.030515e+03 1.042924e+03 
2.879192e-01 1.010587e+03 1.022090e+03 
2.909394e-01 9.911635e+02 1.001835e+03 
2.939596e-01 9.721833e+02 9.821403e+02 
2.969798e-01 9.536150e+02 9.629847e+02 
3.000000e-01 9.354425e+02 9.443498e+02 
