1.000000e-03 2.413294e+03 2.413292e+03 
4.020202e-03 8.140886e+03 8.204954e+03 
7.040404e-03 1.200428e+04 1.207996e+04 
1.006061e-02 1.448419e+04 1.453047e+04 
1.308081e-02 1.594469e+04 1.594504e+04 
1.610101e-02 1.665134e+04 1.659087e+04 
1.912121e-02 1.680736e+04 1.668218e+04 
2.214141e-02 1.657389e+04 1.641322e+04 
2.516162e-02 1.608132e+04 1.594235e+04 
2.818182e-02 1.543383e+04 1.537487e+04 
3.120202e-02 1.471223e+04 1.476983e+04 
3.422222e-02 1.397589e+04 1.415738e+04 
3.724242e-02 1.326490e+04 1.355261e+04 
4.026263e-02 1.260492e+04 1.296335e+04 
4.328283e-02 1.200269e+04 1.239382e+04 
4.630303e-02 1.145852e+04 1.184638e+04 
4.932323e-02 1.097997e+04 1.132222e+04 
5.234343e-02 1.055106e+04 1.082184e+04 
5.536364e-02 1.014997e+04 1.034521e+04 
5.838384e-02 9.768049e+03 9.891985e+03 
6.140404e-02 9.399262e+03 9.461550e+03 
6.442424e-02 9.037646e+03 9.053138e+03 
6.744444e-02 8.675888e+03 8.665870e+03 
7.046465e-02 8.310213e+03 8.298804e+03 
7.348485e-02 7.941099e+03 7.950965e+03 
7.650505e-02 7.572788e+03 7.621373e+03 
7.952525e-02 7.211566e+03 7.309056e+03 
8.254545e-02 6.864715e+03 7.013065e+03 
8.556566e-02 6.537677e+03 6.732485e+03 
8.858586e-02 6.233972e+03 6.466435e+03 
9.160606e-02 5.955008e+03 6.214073e+03 
9.462626e-02 5.700985e+03 5.974604e+03 
9.764646e-02 5.471465e+03 5.747271e+03 
1.006667e-01 5.265636e+03 5.531363e+03 
1.036869e-01 5.081576e+03 5.326207e+03 
1.067071e-01 4.916487e+03 5.131173e+03 
1.097273e-01 4.766070e+03 4.945668e+03 
1.127475e-01 4.625312e+03 4.769137e+03 
1.157677e-01 4.489907e+03 4.601059e+03 
1.187879e-01 4.356160e+03 4.440946e+03 
1.218081e-01 4.222092e+03 4.288341e+03 
1.248283e-01 4.086661e+03 4.142817e+03 
1.278485e-01 3.950286e+03 4.003972e+03 
1.308687e-01 3.813913e+03 3.871432e+03 
1.338889e-01 3.678845e+03 3.744846e+03 
1.369091e-01 3.546474e+03 3.623885e+03 
1.399293e-01 3.418200e+03 3.508241e+03 
1.429495e-01 3.295338e+03 3.397625e+03 
1.459697e-01 3.178995e+03 3.291768e+03 
1.489899e-01 3.070008e+03 3.190414e+03 
1.520101e-01 2.968730e+03 3.093327e+03 
1.550303e-01 2.875292e+03 3.000283e+03 
1.580505e-01 2.789553e+03 2.911072e+03 
1.610707e-01 2.711021e+03 2.825497e+03 
1.640909e-01 2.638744e+03 2.743374e+03 
1.671111e-01 2.571542e+03 2.664529e+03 
1.701313e-01 2.508017e+03 2.588797e+03 
1.731515e-01 2.446926e+03 2.516025e+03 
1.761717e-01 2.387210e+03 2.446067e+03 
1.791919e-01 2.328223e+03 2.378788e+03 
1.822121e-01 2.269659e+03 2.314058e+03 
1.852323e-01 2.211412e+03 2.251757e+03 
1.882525e-01 2.153508e+03 2.191768e+03 
1.912727e-01 2.096014e+03 2.133985e+03 
1.942929e-01 2.039051e+03 2.078306e+03 
1.973131e-01 1.982989e+03 2.024633e+03 
2.003333e-01 1.928308e+03 1.972875e+03 
2.033535e-01 1.875515e+03 1.922947e+03 
2.063737e-01 1.825082e+03 1.874766e+03 
2.093939e-01 1.777261e+03 1.828256e+03 
2.124141e-01 1.732164e+03 1.783343e+03 
2.154343e-01 1.689635e+03 1.739958e+03 
2.184545e-01 1.649454e+03 1.698035e+03 
2.214747e-01 1.611412e+03 1.657511e+03 
2.244949e-01 1.575291e+03 1.618329e+03 
2.275152e-01 1.540844e+03 1.580430e+03 
2.305354e-01 1.507813e+03 1.543763e+03 
2.335556e-01 1.475920e+03 1.508276e+03 
2.365758e-01 1.444899e+03 1.473921e+03 
2.395960e-01 1.414501e+03 1.440652e+03 
2.426162e-01 1.384553e+03 1.408427e+03 
2.456364e-01 1.354981e+03 1.377202e+03 
2.486566e-01 1.325786e+03 1.346939e+03 
2.516768e-01 1.297045e+03 1.317601e+03 
2.546970e-01 1.268824e+03 1.289151e+03 
2.577172e-01 1.241174e+03 1.261554e+03 
2.607374e-01 1.214172e+03 1.234780e+03 
2.637576e-01 1.187905e+03 1.208795e+03 
2.667778e-01 1.162456e+03 1.183572e+03 
2.697980e-01 1.137898e+03 1.159081e+03 
2.728182e-01 1.114279e+03 1.135295e+03 
2.758384e-01 1.091627e+03 1.112189e+03 
2.788586e-01 1.069896e+03 1.089737e+03 
2.818788e-01 1.049007e+03 1.067917e+03 
2.848990e-01 1.028869e+03 1.046705e+03 
2.879192e-01 1.009391e+03 1.026080e+03 
2.909394e-01 9.905002e+02 1.006021e+03 
2.939596e-01 9.721333e+02 9.865090e+02 
2.969798e-01 9.542289e+02 9.675242e+02 
3.000000e-01 9.367334e+02 9.490486e+02 
