1.000000e-03 2.657626e+03 2.657623e+03 
4.020202e-03 8.952694e+03 9.023420e+03 
7.040404e-03 1.316700e+04 1.325170e+04 
1.006061e-02 1.584010e+04 1.589825e+04 
1.308081e-02 1.737921e+04 1.739540e+04 
1.610101e-02 1.808065e+04 1.803585e+04 
1.912121e-02 1.817166e+04 1.805522e+04 
2.214141e-02 1.783364e+04 1.767337e+04 
2.516162e-02 1.721387e+04 1.707451e+04 
2.818182e-02 1.643039e+04 1.638224e+04 
3.120202e-02 1.557541e+04 1.566437e+04 
3.422222e-02 1.471599e+04 1.495329e+04 
3.724242e-02 1.389767e+04 1.426327e+04 
4.026263e-02 1.314861e+04 1.360032e+04 
4.328283e-02 1.247271e+04 1.296681e+04 
4.630303e-02 1.187537e+04 1.236346e+04 
4.932323e-02 1.136227e+04 1.179017e+04 
5.234343e-02 1.090820e+04 1.124635e+04 
5.536364e-02 1.049167e+04 1.073115e+04 
5.838384e-02 1.010084e+04 1.024351e+04 
6.140404e-02 9.726180e+03 9.782271e+03 
6.442424e-02 9.357687e+03 9.346198e+03 
6.744444e-02 8.985683e+03 8.934022e+03 
7.046465e-02 8.606121e+03 8.544473e+03 
7.348485e-02 8.219303e+03 8.176296e+03 
7.650505e-02 7.829364e+03 7.828269e+03 
7.952525e-02 7.443455e+03 7.499212e+03 
8.254545e-02 7.069399e+03 7.187996e+03 
8.556566e-02 6.714306e+03 6.893544e+03 
8.858586e-02 6.382881e+03 6.614838e+03 
9.160606e-02 6.078063e+03 6.350915e+03 
9.462626e-02 5.801339e+03 6.100869e+03 
9.764646e-02 5.553404e+03 5.863849e+03 
1.006667e-01 5.333875e+03 5.639056e+03 
1.036869e-01 5.140948e+03 5.425744e+03 
1.067071e-01 4.971314e+03 5.223214e+03 
1.097273e-01 4.819785e+03 5.030814e+03 
1.127475e-01 4.680783e+03 4.847932e+03 
1.157677e-01 4.548555e+03 4.674000e+03 
1.187879e-01 4.418794e+03 4.508486e+03 
1.218081e-01 4.288525e+03 4.350894e+03 
1.248283e-01 4.156231e+03 4.200759e+03 
1.278485e-01 4.021419e+03 4.057651e+03 
1.308687e-01 3.884590e+03 3.921164e+03 
1.338889e-01 3.746803e+03 3.790922e+03 
1.369091e-01 3.609584e+03 3.666571e+03 
1.399293e-01 3.474678e+03 3.547782e+03 
1.429495e-01 3.344037e+03 3.434247e+03 
1.459697e-01 3.219509e+03 3.325678e+03 
1.489899e-01 3.102374e+03 3.221804e+03 
1.520101e-01 2.993596e+03 3.122372e+03 
1.550303e-01 2.893643e+03 3.027147e+03 
1.580505e-01 2.802646e+03 2.935904e+03 
1.610707e-01 2.720232e+03 2.848438e+03 
1.640909e-01 2.645622e+03 2.764551e+03 
1.671111e-01 2.577508e+03 2.684061e+03 
1.701313e-01 2.514416e+03 2.606795e+03 
1.731515e-01 2.454749e+03 2.532591e+03 
1.761717e-01 2.397168e+03 2.461297e+03 
1.791919e-01 2.340603e+03 2.392769e+03 
1.822121e-01 2.284347e+03 2.326873e+03 
1.852323e-01 2.227963e+03 2.263480e+03 
1.882525e-01 2.171226e+03 2.202472e+03 
1.912727e-01 2.114059e+03 2.143735e+03 
1.942929e-01 2.056680e+03 2.087163e+03 
1.973131e-01 1.999471e+03 2.032655e+03 
2.003333e-01 1.943031e+03 1.980115e+03 
2.033535e-01 1.888017e+03 1.929455e+03 
2.063737e-01 1.835022e+03 1.880589e+03 
2.093939e-01 1.784536e+03 1.833437e+03 
2.124141e-01 1.736804e+03 1.787922e+03 
2.154343e-01 1.691938e+03 1.743973e+03 
2.184545e-01 1.649869e+03 1.701522e+03 
2.214747e-01 1.610462e+03 1.660503e+03 
2.244949e-01 1.573512e+03 1.620857e+03 
2.275152e-01 1.538759e+03 1.582523e+03 
2.305354e-01 1.505880e+03 1.545448e+03 
2.335556e-01 1.474489e+03 1.509579e+03 
2.365758e-01 1.444150e+03 1.474866e+03 
2.395960e-01 1.414526e+03 1.441262e+03 
2.426162e-01 1.385367e+03 1.408722e+03 
2.456364e-01 1.356528e+03 1.377202e+03 
2.486566e-01 1.327931e+03 1.346664e+03 
2.516768e-01 1.299559e+03 1.317066e+03 
2.546970e-01 1.271431e+03 1.288374e+03 
2.577172e-01 1.243598e+03 1.260550e+03 
2.607374e-01 1.216136e+03 1.233563e+03 
2.637576e-01 1.189186e+03 1.207380e+03 
2.667778e-01 1.162912e+03 1.181971e+03 
2.697980e-01 1.137497e+03 1.157306e+03 
2.728182e-01 1.113084e+03 1.133357e+03 
2.758384e-01 1.089712e+03 1.110099e+03 
2.788586e-01 1.067373e+03 1.087506e+03 
2.818788e-01 1.045996e+03 1.065553e+03 
2.848990e-01 1.025503e+03 1.044218e+03 
2.879192e-01 1.005819e+03 1.023478e+03 
2.909394e-01 9.868707e+02 1.003312e+03 
2.939596e-01 9.685863e+02 9.837004e+02 
2.969798e-01 9.508838e+02 9.646230e+02 
3.000000e-01 9.336718e+02 9.460616e+02 
