1.000000e-03 2.499996e+03 2.499994e+03 
4.020202e-03 8.269788e+03 8.339645e+03 
7.040404e-03 1.200824e+04 1.208234e+04 
1.006061e-02 1.432697e+04 1.434585e+04 
1.308081e-02 1.565947e+04 1.559772e+04 
1.610101e-02 1.630223e+04 1.615655e+04 
1.912121e-02 1.646371e+04 1.625351e+04 
2.214141e-02 1.629638e+04 1.605934e+04 
2.516162e-02 1.591342e+04 1.569052e+04 
2.818182e-02 1.539839e+04 1.522021e+04 
3.120202e-02 1.481195e+04 1.469330e+04 
3.422222e-02 1.419648e+04 1.413794e+04 
3.724242e-02 1.357966e+04 1.357240e+04 
4.026263e-02 1.297823e+04 1.300877e+04 
4.328283e-02 1.240065e+04 1.245510e+04 
4.630303e-02 1.184939e+04 1.191668e+04 
4.932323e-02 1.132604e+04 1.139688e+04 
5.234343e-02 1.082863e+04 1.089772e+04 
5.536364e-02 1.035056e+04 1.042025e+04 
5.838384e-02 9.890406e+03 9.964831e+03 
6.140404e-02 9.449695e+03 9.531376e+03 
6.442424e-02 9.027696e+03 9.119460e+03 
6.744444e-02 8.623116e+03 8.728442e+03 
7.046465e-02 8.236478e+03 8.357542e+03 
7.348485e-02 7.869033e+03 8.005893e+03 
7.650505e-02 7.522604e+03 7.672584e+03 
7.952525e-02 7.198641e+03 7.356691e+03 
8.254545e-02 6.896484e+03 7.057290e+03 
8.556566e-02 6.614659e+03 6.773480e+03 
8.858586e-02 6.350695e+03 6.504386e+03 
9.160606e-02 6.102330e+03 6.249168e+03 
9.462626e-02 5.868511e+03 6.007025e+03 
9.764646e-02 5.648341e+03 5.777195e+03 
1.006667e-01 5.440766e+03 5.558958e+03 
1.036869e-01 5.244317e+03 5.351634e+03 
1.067071e-01 5.056679e+03 5.154583e+03 
1.097273e-01 4.875980e+03 4.967203e+03 
1.127475e-01 4.701394e+03 4.788928e+03 
1.157677e-01 4.532694e+03 4.619231e+03 
1.187879e-01 4.370440e+03 4.457613e+03 
1.218081e-01 4.215138e+03 4.303610e+03 
1.248283e-01 4.067104e+03 4.156787e+03 
1.278485e-01 3.926463e+03 4.016736e+03 
1.308687e-01 3.793111e+03 3.883076e+03 
1.338889e-01 3.666879e+03 3.755449e+03 
1.369091e-01 3.547381e+03 3.633520e+03 
1.399293e-01 3.434171e+03 3.516977e+03 
1.429495e-01 3.326701e+03 3.405526e+03 
1.459697e-01 3.224340e+03 3.298891e+03 
1.489899e-01 3.126537e+03 3.196814e+03 
1.520101e-01 3.032929e+03 3.099054e+03 
1.550303e-01 2.943184e+03 3.005385e+03 
1.580505e-01 2.857009e+03 2.915592e+03 
1.610707e-01 2.774130e+03 2.829476e+03 
1.640909e-01 2.694291e+03 2.746848e+03 
1.671111e-01 2.617260e+03 2.667533e+03 
1.701313e-01 2.542851e+03 2.591365e+03 
1.731515e-01 2.471084e+03 2.518186e+03 
1.761717e-01 2.402034e+03 2.447850e+03 
1.791919e-01 2.335693e+03 2.380218e+03 
1.822121e-01 2.271971e+03 2.315160e+03 
1.852323e-01 2.210772e+03 2.252552e+03 
1.882525e-01 2.151995e+03 2.192279e+03 
1.912727e-01 2.095533e+03 2.134231e+03 
1.942929e-01 2.041279e+03 2.078304e+03 
1.973131e-01 1.989122e+03 2.024402e+03 
2.003333e-01 1.938936e+03 1.972430e+03 
2.033535e-01 1.890574e+03 1.922303e+03 
2.063737e-01 1.843891e+03 1.873937e+03 
2.093939e-01 1.798781e+03 1.827255e+03 
2.124141e-01 1.755153e+03 1.782182e+03 
2.154343e-01 1.712941e+03 1.738648e+03 
2.184545e-01 1.672104e+03 1.696587e+03 
2.214747e-01 1.632595e+03 1.655936e+03 
2.244949e-01 1.594345e+03 1.616634e+03 
2.275152e-01 1.557280e+03 1.578625e+03 
2.305354e-01 1.521383e+03 1.541856e+03 
2.335556e-01 1.486672e+03 1.506274e+03 
2.365758e-01 1.453140e+03 1.471832e+03 
2.395960e-01 1.420717e+03 1.438483e+03 
2.426162e-01 1.389331e+03 1.406183e+03 
2.456364e-01 1.358913e+03 1.374890e+03 
2.486566e-01 1.329398e+03 1.344564e+03 
2.516768e-01 1.300752e+03 1.315167e+03 
2.546970e-01 1.272974e+03 1.286664e+03 
2.577172e-01 1.246061e+03 1.259019e+03 
2.607374e-01 1.219977e+03 1.232200e+03 
2.637576e-01 1.194678e+03 1.206175e+03 
2.667778e-01 1.170111e+03 1.180915e+03 
2.697980e-01 1.146218e+03 1.156391e+03 
2.728182e-01 1.122957e+03 1.132575e+03 
2.758384e-01 1.100334e+03 1.109442e+03 
2.788586e-01 1.078360e+03 1.086966e+03 
2.818788e-01 1.057023e+03 1.065125e+03 
2.848990e-01 1.036294e+03 1.043894e+03 
2.879192e-01 1.016144e+03 1.023253e+03 
2.909394e-01 9.965367e+02 1.003180e+03 
2.939596e-01 9.774398e+02 9.836561e+02 
2.969798e-01 9.588414e+02 9.646613e+02 
3.000000e-01 9.407363e+02 9.461776e+02 
