1.000000e-03 3.102601e+03 3.102598e+03 
4.020202e-03 1.027540e+04 1.035571e+04 
7.040404e-03 1.499740e+04 1.509571e+04 
1.006061e-02 1.793616e+04 1.801514e+04 
1.308081e-02 1.956797e+04 1.961541e+04 
1.610101e-02 2.023612e+04 2.022487e+04 
1.912121e-02 2.020388e+04 2.010977e+04 
2.214141e-02 1.968416e+04 1.953027e+04 
2.516162e-02 1.885091e+04 1.871305e+04 
2.818182e-02 1.784437e+04 1.781199e+04 
3.120202e-02 1.677372e+04 1.690903e+04 
3.422222e-02 1.571779e+04 1.603945e+04 
3.724242e-02 1.473097e+04 1.521526e+04 
4.026263e-02 1.384157e+04 1.443867e+04 
4.328283e-02 1.305360e+04 1.370835e+04 
4.630303e-02 1.238194e+04 1.302191e+04 
4.932323e-02 1.181670e+04 1.237674e+04 
5.234343e-02 1.132809e+04 1.177032e+04 
5.536364e-02 1.089188e+04 1.120025e+04 
5.838384e-02 1.049193e+04 1.066428e+04 
6.140404e-02 1.011462e+04 1.016027e+04 
6.442424e-02 9.741896e+03 9.686197e+03 
6.744444e-02 9.361689e+03 9.240147e+03 
7.046465e-02 8.967917e+03 8.820315e+03 
7.348485e-02 8.559423e+03 8.424993e+03 
7.650505e-02 8.140722e+03 8.052579e+03 
7.952525e-02 7.720017e+03 7.701568e+03 
8.254545e-02 7.307349e+03 7.370550e+03 
8.556566e-02 6.911711e+03 7.058208e+03 
8.858586e-02 6.540268e+03 6.763314e+03 
9.160606e-02 6.198010e+03 6.484721e+03 
9.462626e-02 5.888435e+03 6.221364e+03 
9.764646e-02 5.613540e+03 5.972252e+03 
1.006667e-01 5.373867e+03 5.736461e+03 
1.036869e-01 5.167720e+03 5.513137e+03 
1.067071e-01 4.991353e+03 5.301482e+03 
1.097273e-01 4.838841e+03 5.100757e+03 
1.127475e-01 4.703144e+03 4.910277e+03 
1.157677e-01 4.577544e+03 4.729403e+03 
1.187879e-01 4.455954e+03 4.557541e+03 
1.218081e-01 4.334107e+03 4.394141e+03 
1.248283e-01 4.208921e+03 4.238691e+03 
1.278485e-01 4.079079e+03 4.090713e+03 
1.308687e-01 3.944238e+03 3.949764e+03 
1.338889e-01 3.805156e+03 3.815431e+03 
1.369091e-01 3.663364e+03 3.687328e+03 
1.399293e-01 3.521071e+03 3.565097e+03 
1.429495e-01 3.380829e+03 3.448403e+03 
1.459697e-01 3.245311e+03 3.336934e+03 
1.489899e-01 3.116723e+03 3.230398e+03 
1.520101e-01 2.996924e+03 3.128522e+03 
1.550303e-01 2.887118e+03 3.031052e+03 
1.580505e-01 2.788052e+03 2.937749e+03 
1.610707e-01 2.699715e+03 2.848390e+03 
1.640909e-01 2.621508e+03 2.762767e+03 
1.671111e-01 2.552065e+03 2.680683e+03 
1.701313e-01 2.489687e+03 2.601954e+03 
1.731515e-01 2.432409e+03 2.526409e+03 
1.761717e-01 2.378455e+03 2.453885e+03 
1.791919e-01 2.326236e+03 2.384231e+03 
1.822121e-01 2.274498e+03 2.317303e+03 
1.852323e-01 2.222225e+03 2.252966e+03 
1.882525e-01 2.168796e+03 2.191095e+03 
1.912727e-01 2.113843e+03 2.131571e+03 
1.942929e-01 2.057406e+03 2.074280e+03 
1.973131e-01 1.999815e+03 2.019117e+03 
2.003333e-01 1.941800e+03 1.965982e+03 
2.033535e-01 1.884218e+03 1.914782e+03 
2.063737e-01 1.828017e+03 1.865426e+03 
2.093939e-01 1.773938e+03 1.817831e+03 
2.124141e-01 1.722535e+03 1.771917e+03 
2.154343e-01 1.674188e+03 1.727609e+03 
2.184545e-01 1.629147e+03 1.684837e+03 
2.214747e-01 1.587450e+03 1.643531e+03 
2.244949e-01 1.549017e+03 1.603630e+03 
2.275152e-01 1.513617e+03 1.565072e+03 
2.305354e-01 1.480895e+03 1.527799e+03 
2.335556e-01 1.450317e+03 1.491758e+03 
2.365758e-01 1.421333e+03 1.456897e+03 
2.395960e-01 1.393406e+03 1.423167e+03 
2.426162e-01 1.366107e+03 1.390521e+03 
2.456364e-01 1.339106e+03 1.358915e+03 
2.486566e-01 1.312170e+03 1.328306e+03 
2.516768e-01 1.285128e+03 1.298656e+03 
2.546970e-01 1.257897e+03 1.269925e+03 
2.577172e-01 1.230459e+03 1.242078e+03 
2.607374e-01 1.202935e+03 1.215079e+03 
2.637576e-01 1.175514e+03 1.188896e+03 
2.667778e-01 1.148467e+03 1.163498e+03 
2.697980e-01 1.122065e+03 1.138855e+03 
2.728182e-01 1.096557e+03 1.114938e+03 
2.758384e-01 1.072100e+03 1.091719e+03 
2.788586e-01 1.048762e+03 1.069174e+03 
2.818788e-01 1.026560e+03 1.047276e+03 
2.848990e-01 1.005474e+03 1.026003e+03 
2.879192e-01 9.854652e+02 1.005331e+03 
2.909394e-01 9.664760e+02 9.852395e+02 
2.939596e-01 9.484151e+02 9.657069e+02 
2.969798e-01 9.311674e+02 9.467137e+02 
3.000000e-01 9.145783e+02 9.282408e+02 
