1.000000e-03 3.128964e+03 3.128961e+03 
4.020202e-03 1.053788e+04 1.062124e+04 
7.040404e-03 1.547508e+04 1.558191e+04 
1.006061e-02 1.856896e+04 1.866629e+04 
1.308081e-02 2.029346e+04 2.037322e+04 
1.610101e-02 2.099650e+04 2.102814e+04 
1.912121e-02 2.094987e+04 2.089436e+04 
2.214141e-02 2.037534e+04 2.024028e+04 
2.516162e-02 1.945806e+04 1.931554e+04 
2.818182e-02 1.834948e+04 1.829990e+04 
3.120202e-02 1.716833e+04 1.729244e+04 
3.422222e-02 1.600322e+04 1.633529e+04 
3.724242e-02 1.491404e+04 1.544082e+04 
4.026263e-02 1.393685e+04 1.460889e+04 
4.328283e-02 1.308751e+04 1.383525e+04 
4.630303e-02 1.236058e+04 1.311483e+04 
4.932323e-02 1.175101e+04 1.244287e+04 
5.234343e-02 1.124755e+04 1.181518e+04 
5.536364e-02 1.081455e+04 1.122813e+04 
5.838384e-02 1.042932e+04 1.067850e+04 
6.140404e-02 1.007628e+04 1.016346e+04 
6.442424e-02 9.732892e+03 9.680449e+03 
6.744444e-02 9.383452e+03 9.227130e+03 
7.046465e-02 9.018537e+03 8.801381e+03 
7.348485e-02 8.633392e+03 8.401248e+03 
7.650505e-02 8.229520e+03 8.024928e+03 
7.952525e-02 7.813249e+03 7.670760e+03 
8.254545e-02 7.394396e+03 7.337207e+03 
8.556566e-02 6.983082e+03 7.022848e+03 
8.858586e-02 6.588615e+03 6.726372e+03 
9.160606e-02 6.218872e+03 6.446562e+03 
9.462626e-02 5.879945e+03 6.182295e+03 
9.764646e-02 5.576183e+03 5.932531e+03 
1.006667e-01 5.310356e+03 5.696308e+03 
1.036869e-01 5.082582e+03 5.472736e+03 
1.067071e-01 4.890683e+03 5.260990e+03 
1.097273e-01 4.729755e+03 5.060306e+03 
1.127475e-01 4.593396e+03 4.869977e+03 
1.157677e-01 4.474319e+03 4.689348e+03 
1.187879e-01 4.365382e+03 4.517811e+03 
1.218081e-01 4.260686e+03 4.354801e+03 
1.248283e-01 4.155336e+03 4.199794e+03 
1.278485e-01 4.045916e+03 4.052306e+03 
1.308687e-01 3.930129e+03 3.911883e+03 
1.338889e-01 3.806927e+03 3.778105e+03 
1.369091e-01 3.676723e+03 3.650582e+03 
1.399293e-01 3.541125e+03 3.528949e+03 
1.429495e-01 3.402631e+03 3.412867e+03 
1.459697e-01 3.264174e+03 3.302020e+03 
1.489899e-01 3.128700e+03 3.196112e+03 
1.520101e-01 2.998999e+03 3.094869e+03 
1.550303e-01 2.877379e+03 2.998033e+03 
1.580505e-01 2.765680e+03 2.905364e+03 
1.610707e-01 2.665014e+03 2.816636e+03 
1.640909e-01 2.575865e+03 2.731639e+03 
1.671111e-01 2.497999e+03 2.650176e+03 
1.701313e-01 2.430372e+03 2.572063e+03 
1.731515e-01 2.371300e+03 2.497125e+03 
1.761717e-01 2.318836e+03 2.425201e+03 
1.791919e-01 2.270938e+03 2.356137e+03 
1.822121e-01 2.225740e+03 2.289790e+03 
1.852323e-01 2.181544e+03 2.226025e+03 
1.882525e-01 2.137011e+03 2.164716e+03 
1.912727e-01 2.091068e+03 2.105742e+03 
1.942929e-01 2.043031e+03 2.048992e+03 
1.973131e-01 1.992582e+03 1.994359e+03 
2.003333e-01 1.939829e+03 1.941744e+03 
2.033535e-01 1.885304e+03 1.891052e+03 
2.063737e-01 1.829872e+03 1.842194e+03 
2.093939e-01 1.774498e+03 1.795087e+03 
2.124141e-01 1.720166e+03 1.749649e+03 
2.154343e-01 1.667722e+03 1.705808e+03 
2.184545e-01 1.617901e+03 1.663491e+03 
2.214747e-01 1.571236e+03 1.622631e+03 
2.244949e-01 1.528095e+03 1.583165e+03 
2.275152e-01 1.488596e+03 1.545032e+03 
2.305354e-01 1.452679e+03 1.508175e+03 
2.335556e-01 1.420079e+03 1.472540e+03 
2.365758e-01 1.390367e+03 1.438075e+03 
2.395960e-01 1.362988e+03 1.404732e+03 
2.426162e-01 1.337379e+03 1.372464e+03 
2.456364e-01 1.312990e+03 1.341226e+03 
2.486566e-01 1.289316e+03 1.310978e+03 
2.516768e-01 1.265891e+03 1.281680e+03 
2.546970e-01 1.242323e+03 1.253292e+03 
2.577172e-01 1.218311e+03 1.225780e+03 
2.607374e-01 1.193711e+03 1.199109e+03 
2.637576e-01 1.168514e+03 1.173245e+03 
2.667778e-01 1.142862e+03 1.148159e+03 
2.697980e-01 1.117004e+03 1.123820e+03 
2.728182e-01 1.091266e+03 1.100200e+03 
2.758384e-01 1.065933e+03 1.077272e+03 
2.788586e-01 1.041256e+03 1.055010e+03 
2.818788e-01 1.017426e+03 1.033389e+03 
2.848990e-01 9.946024e+02 1.012385e+03 
2.879192e-01 9.729037e+02 9.919775e+02 
2.909394e-01 9.524143e+02 9.721432e+02 
2.939596e-01 9.331675e+02 9.528620e+02 
2.969798e-01 9.151390e+02 9.341143e+02 
3.000000e-01 8.982337e+02 9.158812e+02 
