1.000000e-03 3.262123e+03 3.262120e+03 
4.020202e-03 1.110953e+04 1.119634e+04 
7.040404e-03 1.639296e+04 1.650778e+04 
1.006061e-02 1.972106e+04 1.983775e+04 
1.308081e-02 2.157293e+04 2.168864e+04 
1.610101e-02 2.231024e+04 2.238632e+04 
1.912121e-02 2.222146e+04 2.220092e+04 
2.214141e-02 2.154851e+04 2.142508e+04 
2.516162e-02 2.049586e+04 2.034496e+04 
2.818182e-02 1.923311e+04 1.917259e+04 
3.120202e-02 1.789567e+04 1.802539e+04 
3.422222e-02 1.658402e+04 1.695136e+04 
3.724242e-02 1.536601e+04 1.596188e+04 
4.026263e-02 1.428320e+04 1.505335e+04 
4.328283e-02 1.335022e+04 1.421773e+04 
4.630303e-02 1.256204e+04 1.344673e+04 
4.932323e-02 1.191985e+04 1.273305e+04 
5.234343e-02 1.139969e+04 1.207054e+04 
5.536364e-02 1.096327e+04 1.145412e+04 
5.838384e-02 1.058691e+04 1.087947e+04 
6.140404e-02 1.024739e+04 1.034293e+04 
6.442424e-02 9.921330e+03 9.841298e+03 
6.744444e-02 9.587881e+03 9.371746e+03 
7.046465e-02 9.233394e+03 8.931762e+03 
7.348485e-02 8.851344e+03 8.519080e+03 
7.650505e-02 8.442104e+03 8.131651e+03 
7.952525e-02 8.012490e+03 7.767606e+03 
8.254545e-02 7.573068e+03 7.425243e+03 
8.556566e-02 7.135979e+03 7.103001e+03 
8.858586e-02 6.712615e+03 6.799450e+03 
9.160606e-02 6.312804e+03 6.513275e+03 
9.462626e-02 5.944667e+03 6.243268e+03 
9.764646e-02 5.614663e+03 5.988318e+03 
1.006667e-01 5.326832e+03 5.747398e+03 
1.036869e-01 5.082704e+03 5.519566e+03 
1.067071e-01 4.880114e+03 5.303950e+03 
1.097273e-01 4.714473e+03 5.099744e+03 
1.127475e-01 4.578636e+03 4.906206e+03 
1.157677e-01 4.464689e+03 4.722649e+03 
1.187879e-01 4.364532e+03 4.548435e+03 
1.218081e-01 4.270887e+03 4.382977e+03 
1.248283e-01 4.177607e+03 4.225729e+03 
1.278485e-01 4.079916e+03 4.076186e+03 
1.308687e-01 3.974227e+03 3.933877e+03 
1.338889e-01 3.858782e+03 3.798367e+03 
1.369091e-01 3.733102e+03 3.669251e+03 
1.399293e-01 3.598581e+03 3.546152e+03 
1.429495e-01 3.457603e+03 3.428720e+03 
1.459697e-01 3.313584e+03 3.316629e+03 
1.489899e-01 3.170117e+03 3.209574e+03 
1.520101e-01 3.030818e+03 3.107271e+03 
1.550303e-01 2.898890e+03 3.009457e+03 
1.580505e-01 2.777114e+03 2.915884e+03 
1.610707e-01 2.667379e+03 2.826320e+03 
1.640909e-01 2.570807e+03 2.740549e+03 
1.671111e-01 2.487366e+03 2.658371e+03 
1.701313e-01 2.416237e+03 2.579594e+03 
1.731515e-01 2.355829e+03 2.504041e+03 
1.761717e-01 2.304100e+03 2.431547e+03 
1.791919e-01 2.258763e+03 2.361954e+03 
1.822121e-01 2.217608e+03 2.295117e+03 
1.852323e-01 2.178519e+03 2.230897e+03 
1.882525e-01 2.139562e+03 2.169165e+03 
1.912727e-01 2.099076e+03 2.109798e+03 
1.942929e-01 2.055793e+03 2.052684e+03 
1.973131e-01 2.009027e+03 1.997712e+03 
2.003333e-01 1.958639e+03 1.944781e+03 
2.033535e-01 1.905115e+03 1.893796e+03 
2.063737e-01 1.849297e+03 1.844666e+03 
2.093939e-01 1.792297e+03 1.797305e+03 
2.124141e-01 1.735284e+03 1.751632e+03 
2.154343e-01 1.679408e+03 1.707571e+03 
2.184545e-01 1.625698e+03 1.665050e+03 
2.214747e-01 1.575041e+03 1.624000e+03 
2.244949e-01 1.528110e+03 1.584357e+03 
2.275152e-01 1.485386e+03 1.546060e+03 
2.305354e-01 1.446973e+03 1.509050e+03 
2.335556e-01 1.412745e+03 1.473272e+03 
2.365758e-01 1.382278e+03 1.438675e+03 
2.395960e-01 1.355016e+03 1.405209e+03 
2.426162e-01 1.330284e+03 1.372826e+03 
2.456364e-01 1.307399e+03 1.341483e+03 
2.486566e-01 1.285688e+03 1.311136e+03 
2.516768e-01 1.264488e+03 1.281745e+03 
2.546970e-01 1.243179e+03 1.253272e+03 
2.577172e-01 1.221277e+03 1.225681e+03 
2.607374e-01 1.198440e+03 1.198936e+03 
2.637576e-01 1.174539e+03 1.173005e+03 
2.667778e-01 1.149634e+03 1.147855e+03 
2.697980e-01 1.123967e+03 1.123458e+03 
2.728182e-01 1.097876e+03 1.099784e+03 
2.758384e-01 1.071741e+03 1.076805e+03 
2.788586e-01 1.045904e+03 1.054497e+03 
2.818788e-01 1.020682e+03 1.032833e+03 
2.848990e-01 9.963542e+02 1.011791e+03 
2.879192e-01 9.731642e+02 9.913463e+02 
2.909394e-01 9.513055e+02 9.714788e+02 
2.939596e-01 9.309088e+02 9.521670e+02 
2.969798e-01 9.120399e+02 9.333914e+02 
3.000000e-01 8.946334e+02 9.151327e+02 
