1.000000e-03 2.667109e+03 2.667106e+03 
4.020202e-03 9.166825e+03 9.238260e+03 
7.040404e-03 1.361790e+04 1.370929e+04 
1.006061e-02 1.649012e+04 1.656890e+04 
1.308081e-02 1.816634e+04 1.822288e+04 
1.610101e-02 1.893754e+04 1.894620e+04 
1.912121e-02 1.903528e+04 1.896709e+04 
2.214141e-02 1.865137e+04 1.851857e+04 
2.516162e-02 1.794713e+04 1.781503e+04 
2.818182e-02 1.705472e+04 1.701011e+04 
3.120202e-02 1.608067e+04 1.618980e+04 
3.422222e-02 1.510342e+04 1.539314e+04 
3.724242e-02 1.417895e+04 1.463441e+04 
4.026263e-02 1.333873e+04 1.391708e+04 
4.328283e-02 1.259122e+04 1.324053e+04 
4.630303e-02 1.195213e+04 1.260284e+04 
4.932323e-02 1.141526e+04 1.200182e+04 
5.234343e-02 1.095631e+04 1.143532e+04 
5.536364e-02 1.055264e+04 1.090131e+04 
5.838384e-02 1.018639e+04 1.039787e+04 
6.140404e-02 9.842751e+03 9.923188e+03 
6.442424e-02 9.507318e+03 9.475557e+03 
6.744444e-02 9.166877e+03 9.053345e+03 
7.046465e-02 8.811785e+03 8.655004e+03 
7.348485e-02 8.438832e+03 8.279064e+03 
7.650505e-02 8.050551e+03 7.924136e+03 
7.952525e-02 7.653743e+03 7.588907e+03 
8.254545e-02 7.258243e+03 7.272140e+03 
8.556566e-02 6.873609e+03 6.972672e+03 
8.858586e-02 6.507936e+03 6.689415e+03 
9.160606e-02 6.167237e+03 6.421345e+03 
9.462626e-02 5.855818e+03 6.167507e+03 
9.764646e-02 5.576546e+03 5.927010e+03 
1.006667e-01 5.331045e+03 5.699020e+03 
1.036869e-01 5.119002e+03 5.482760e+03 
1.067071e-01 4.938307e+03 5.277504e+03 
1.097273e-01 4.784299e+03 5.082578e+03 
1.127475e-01 4.650899e+03 4.897352e+03 
1.157677e-01 4.531272e+03 4.721239e+03 
1.187879e-01 4.418822e+03 4.553692e+03 
1.218081e-01 4.308342e+03 4.394203e+03 
1.248283e-01 4.195782e+03 4.242294e+03 
1.278485e-01 4.078756e+03 4.097524e+03 
1.308687e-01 3.956083e+03 3.959479e+03 
1.338889e-01 3.827822e+03 3.827773e+03 
1.369091e-01 3.694943e+03 3.702046e+03 
1.399293e-01 3.559115e+03 3.581961e+03 
1.429495e-01 3.422634e+03 3.467205e+03 
1.459697e-01 3.288068e+03 3.357482e+03 
1.489899e-01 3.157951e+03 3.252518e+03 
1.520101e-01 3.034615e+03 3.152055e+03 
1.550303e-01 2.919877e+03 3.055853e+03 
1.580505e-01 2.815102e+03 2.963686e+03 
1.610707e-01 2.721027e+03 2.875341e+03 
1.640909e-01 2.637649e+03 2.790621e+03 
1.671111e-01 2.564208e+03 2.709338e+03 
1.701313e-01 2.499345e+03 2.631317e+03 
1.731515e-01 2.441315e+03 2.556395e+03 
1.761717e-01 2.388237e+03 2.484416e+03 
1.791919e-01 2.338271e+03 2.415235e+03 
1.822121e-01 2.289940e+03 2.348715e+03 
1.852323e-01 2.241967e+03 2.284727e+03 
1.882525e-01 2.193345e+03 2.223149e+03 
1.912727e-01 2.143307e+03 2.163868e+03 
1.942929e-01 2.091399e+03 2.106774e+03 
1.973131e-01 2.037576e+03 2.051766e+03 
2.003333e-01 1.982195e+03 1.998747e+03 
2.033535e-01 1.925984e+03 1.947627e+03 
2.063737e-01 1.869881e+03 1.898320e+03 
2.093939e-01 1.814821e+03 1.850743e+03 
2.124141e-01 1.761665e+03 1.804821e+03 
2.154343e-01 1.711003e+03 1.760480e+03 
2.184545e-01 1.663282e+03 1.717652e+03 
2.214747e-01 1.618756e+03 1.676270e+03 
2.244949e-01 1.577563e+03 1.636274e+03 
2.275152e-01 1.539705e+03 1.597603e+03 
2.305354e-01 1.505013e+03 1.560203e+03 
2.335556e-01 1.473164e+03 1.524020e+03 
2.365758e-01 1.443670e+03 1.489005e+03 
2.395960e-01 1.415963e+03 1.455108e+03 
2.426162e-01 1.389476e+03 1.422285e+03 
2.456364e-01 1.363687e+03 1.390492e+03 
2.486566e-01 1.338207e+03 1.359689e+03 
2.516768e-01 1.312727e+03 1.329836e+03 
2.546970e-01 1.287049e+03 1.300896e+03 
2.577172e-01 1.261058e+03 1.272833e+03 
2.607374e-01 1.234727e+03 1.245614e+03 
2.637576e-01 1.208129e+03 1.219206e+03 
2.667778e-01 1.181417e+03 1.193578e+03 
2.697980e-01 1.154843e+03 1.168702e+03 
2.728182e-01 1.128695e+03 1.144548e+03 
2.758384e-01 1.103236e+03 1.121090e+03 
2.788586e-01 1.078692e+03 1.098303e+03 
2.818788e-01 1.055216e+03 1.076163e+03 
2.848990e-01 1.032898e+03 1.054645e+03 
2.879192e-01 1.011743e+03 1.033727e+03 
2.909394e-01 9.917270e+02 1.013389e+03 
2.939596e-01 9.728021e+02 9.936090e+02 
2.969798e-01 9.548837e+02 9.743682e+02 
3.000000e-01 9.378587e+02 9.556477e+02 
