1.000000e-03 3.376752e+03 3.376749e+03 
4.020202e-03 1.116384e+04 1.125168e+04 
7.040404e-03 1.623704e+04 1.634416e+04 
1.006061e-02 1.934774e+04 1.943573e+04 
1.308081e-02 2.102924e+04 2.108632e+04 
1.610101e-02 2.166385e+04 2.165895e+04 
1.912121e-02 2.154407e+04 2.144786e+04 
2.214141e-02 2.090380e+04 2.074163e+04 
2.516162e-02 1.993512e+04 1.979134e+04 
2.818182e-02 1.879149e+04 1.876579e+04 
3.120202e-02 1.759154e+04 1.775274e+04 
3.422222e-02 1.642090e+04 1.678802e+04 
3.724242e-02 1.533557e+04 1.588203e+04 
4.026263e-02 1.436692e+04 1.503491e+04 
4.328283e-02 1.352629e+04 1.424343e+04 
4.630303e-02 1.280563e+04 1.350359e+04 
4.932323e-02 1.219673e+04 1.281154e+04 
5.234343e-02 1.168366e+04 1.216374e+04 
5.536364e-02 1.123111e+04 1.155698e+04 
5.838384e-02 1.081758e+04 1.098836e+04 
6.140404e-02 1.042707e+04 1.045519e+04 
6.442424e-02 1.003960e+04 9.954996e+03 
6.744444e-02 9.642827e+03 9.485495e+03 
7.046465e-02 9.230600e+03 9.044555e+03 
7.348485e-02 8.801806e+03 8.630196e+03 
7.650505e-02 8.361470e+03 8.240578e+03 
7.952525e-02 7.918293e+03 7.873991e+03 
8.254545e-02 7.482818e+03 7.528848e+03 
8.556566e-02 7.064724e+03 7.203676e+03 
8.858586e-02 6.671996e+03 6.897110e+03 
9.160606e-02 6.310755e+03 6.607884e+03 
9.462626e-02 5.985421e+03 6.334828e+03 
9.764646e-02 5.698399e+03 6.076855e+03 
1.006667e-01 5.450346e+03 5.832961e+03 
1.036869e-01 5.238815e+03 5.602216e+03 
1.067071e-01 5.059300e+03 5.383758e+03 
1.097273e-01 4.905007e+03 5.176791e+03 
1.127475e-01 4.768486e+03 4.980576e+03 
1.157677e-01 4.642526e+03 4.794427e+03 
1.187879e-01 4.520828e+03 4.617710e+03 
1.218081e-01 4.398737e+03 4.449836e+03 
1.248283e-01 4.272928e+03 4.290260e+03 
1.278485e-01 4.141516e+03 4.138473e+03 
1.308687e-01 4.003946e+03 3.994006e+03 
1.338889e-01 3.860775e+03 3.856419e+03 
1.369091e-01 3.713974e+03 3.725306e+03 
1.399293e-01 3.566226e+03 3.600287e+03 
1.429495e-01 3.420529e+03 3.481010e+03 
1.459697e-01 3.279769e+03 3.367145e+03 
1.489899e-01 3.146324e+03 3.258386e+03 
1.520101e-01 3.022156e+03 3.154446e+03 
1.550303e-01 2.908665e+03 3.055058e+03 
1.580505e-01 2.806617e+03 2.959972e+03 
1.610707e-01 2.716110e+03 2.868955e+03 
1.640909e-01 2.636464e+03 2.781788e+03 
1.671111e-01 2.566405e+03 2.698266e+03 
1.701313e-01 2.504017e+03 2.618198e+03 
1.731515e-01 2.447149e+03 2.541404e+03 
1.761717e-01 2.393753e+03 2.467715e+03 
1.791919e-01 2.342004e+03 2.396974e+03 
1.822121e-01 2.290561e+03 2.329032e+03 
1.852323e-01 2.238370e+03 2.263748e+03 
1.882525e-01 2.184721e+03 2.200993e+03 
1.912727e-01 2.129264e+03 2.140641e+03 
1.942929e-01 2.071995e+03 2.082578e+03 
1.973131e-01 2.013344e+03 2.026692e+03 
2.003333e-01 1.954025e+03 1.972882e+03 
2.033535e-01 1.894982e+03 1.921048e+03 
2.063737e-01 1.837202e+03 1.871101e+03 
2.093939e-01 1.781542e+03 1.822952e+03 
2.124141e-01 1.728707e+03 1.776519e+03 
2.154343e-01 1.679145e+03 1.731725e+03 
2.184545e-01 1.633128e+03 1.688498e+03 
2.214747e-01 1.590738e+03 1.646766e+03 
2.244949e-01 1.551862e+03 1.606465e+03 
2.275152e-01 1.516220e+03 1.567533e+03 
2.305354e-01 1.483361e+03 1.529909e+03 
2.335556e-01 1.452746e+03 1.493540e+03 
2.365758e-01 1.423821e+03 1.458371e+03 
2.395960e-01 1.396054e+03 1.424352e+03 
2.426162e-01 1.368987e+03 1.391435e+03 
2.456364e-01 1.342216e+03 1.359575e+03 
2.486566e-01 1.315411e+03 1.328729e+03 
2.516768e-01 1.288345e+03 1.298856e+03 
2.546970e-01 1.260913e+03 1.269916e+03 
2.577172e-01 1.233153e+03 1.241873e+03 
2.607374e-01 1.205217e+03 1.214692e+03 
2.637576e-01 1.177369e+03 1.188337e+03 
2.667778e-01 1.149914e+03 1.162779e+03 
2.697980e-01 1.123128e+03 1.137985e+03 
2.728182e-01 1.097238e+03 1.113927e+03 
2.758384e-01 1.072374e+03 1.090577e+03 
2.788586e-01 1.048631e+03 1.067909e+03 
2.818788e-01 1.026069e+03 1.045896e+03 
2.848990e-01 1.004712e+03 1.024516e+03 
2.879192e-01 9.845445e+02 1.003744e+03 
2.909394e-01 9.654975e+02 9.835589e+02 
2.939596e-01 9.474623e+02 9.639392e+02 
2.969798e-01 9.302704e+02 9.448648e+02 
3.000000e-01 9.137328e+02 9.263164e+02 
