1.000000e-03 3.069850e+03 3.069847e+03 
4.020202e-03 1.034540e+04 1.042691e+04 
7.040404e-03 1.515243e+04 1.525108e+04 
1.006061e-02 1.813419e+04 1.821083e+04 
1.308081e-02 1.977560e+04 1.981754e+04 
1.610101e-02 2.043198e+04 2.041076e+04 
1.912121e-02 2.037497e+04 2.026871e+04 
2.214141e-02 1.982491e+04 1.966194e+04 
2.516162e-02 1.896082e+04 1.882229e+04 
2.818182e-02 1.792683e+04 1.790392e+04 
3.120202e-02 1.683421e+04 1.698726e+04 
3.422222e-02 1.576273e+04 1.610626e+04 
3.724242e-02 1.476643e+04 1.527211e+04 
4.026263e-02 1.387278e+04 1.448665e+04 
4.328283e-02 1.308373e+04 1.374840e+04 
4.630303e-02 1.241390e+04 1.305486e+04 
4.932323e-02 1.185206e+04 1.240337e+04 
5.234343e-02 1.136489e+04 1.179135e+04 
5.536364e-02 1.093040e+04 1.121636e+04 
5.838384e-02 1.053043e+04 1.067606e+04 
6.140404e-02 1.014800e+04 1.016828e+04 
6.442424e-02 9.766985e+03 9.690931e+03 
6.744444e-02 9.376849e+03 9.242048e+03 
7.046465e-02 8.972713e+03 8.819772e+03 
7.348485e-02 8.554832e+03 8.422355e+03 
7.650505e-02 8.128444e+03 8.048152e+03 
7.952525e-02 7.702054e+03 7.695621e+03 
8.254545e-02 7.285595e+03 7.363320e+03 
8.556566e-02 6.887902e+03 7.049903e+03 
8.858586e-02 6.516144e+03 6.754114e+03 
9.160606e-02 6.175472e+03 6.474787e+03 
9.462626e-02 5.869429e+03 6.210834e+03 
9.764646e-02 5.599780e+03 5.961245e+03 
1.006667e-01 5.366354e+03 5.725085e+03 
1.036869e-01 5.166565e+03 5.501481e+03 
1.067071e-01 4.995402e+03 5.289627e+03 
1.097273e-01 4.846317e+03 5.088772e+03 
1.127475e-01 4.711951e+03 4.898221e+03 
1.157677e-01 4.585893e+03 4.717328e+03 
1.187879e-01 4.462549e+03 4.545491e+03 
1.218081e-01 4.338016e+03 4.382154e+03 
1.248283e-01 4.209488e+03 4.226799e+03 
1.278485e-01 4.075815e+03 4.078945e+03 
1.308687e-01 3.936891e+03 3.938142e+03 
1.338889e-01 3.793881e+03 3.803975e+03 
1.369091e-01 3.648790e+03 3.676055e+03 
1.399293e-01 3.504351e+03 3.554020e+03 
1.429495e-01 3.363296e+03 3.437533e+03 
1.459697e-01 3.228242e+03 3.326279e+03 
1.489899e-01 3.101183e+03 3.219966e+03 
1.520101e-01 2.983686e+03 3.118318e+03 
1.550303e-01 2.876627e+03 3.021080e+03 
1.580505e-01 2.780461e+03 2.928012e+03 
1.610707e-01 2.695016e+03 2.838889e+03 
1.640909e-01 2.619507e+03 2.753502e+03 
1.671111e-01 2.552335e+03 2.671654e+03 
1.701313e-01 2.491602e+03 2.593160e+03 
1.731515e-01 2.435211e+03 2.517848e+03 
1.761717e-01 2.381335e+03 2.445556e+03 
1.791919e-01 2.328401e+03 2.376130e+03 
1.822121e-01 2.275340e+03 2.309427e+03 
1.852323e-01 2.221381e+03 2.245313e+03 
1.882525e-01 2.166134e+03 2.183661e+03 
1.912727e-01 2.109438e+03 2.124351e+03 
1.942929e-01 2.051471e+03 2.067271e+03 
1.973131e-01 1.992699e+03 2.012315e+03 
2.003333e-01 1.933955e+03 1.959384e+03 
2.033535e-01 1.876124e+03 1.908381e+03 
2.063737e-01 1.820096e+03 1.859220e+03 
2.093939e-01 1.766570e+03 1.811814e+03 
2.124141e-01 1.716081e+03 1.766086e+03 
2.154343e-01 1.668915e+03 1.721959e+03 
2.184545e-01 1.625204e+03 1.679363e+03 
2.214747e-01 1.584869e+03 1.638231e+03 
2.244949e-01 1.547702e+03 1.598497e+03 
2.275152e-01 1.513317e+03 1.560103e+03 
2.305354e-01 1.481257e+03 1.522990e+03 
2.335556e-01 1.451007e+03 1.487105e+03 
2.365758e-01 1.422074e+03 1.452395e+03 
2.395960e-01 1.393994e+03 1.418812e+03 
2.426162e-01 1.366388e+03 1.386309e+03 
2.456364e-01 1.338939e+03 1.354843e+03 
2.486566e-01 1.311426e+03 1.324370e+03 
2.516768e-01 1.283703e+03 1.294852e+03 
2.546970e-01 1.255774e+03 1.266250e+03 
2.577172e-01 1.227729e+03 1.238527e+03 
2.607374e-01 1.199785e+03 1.211650e+03 
2.637576e-01 1.172193e+03 1.185586e+03 
2.667778e-01 1.145230e+03 1.160303e+03 
2.697980e-01 1.119110e+03 1.135771e+03 
2.728182e-01 1.093989e+03 1.111963e+03 
2.758384e-01 1.069953e+03 1.088850e+03 
2.788586e-01 1.047039e+03 1.066407e+03 
2.818788e-01 1.025262e+03 1.044609e+03 
2.848990e-01 1.004611e+03 1.023432e+03 
2.879192e-01 9.850319e+02 1.002855e+03 
2.909394e-01 9.664359e+02 9.828544e+02 
2.939596e-01 9.486823e+02 9.634107e+02 
2.969798e-01 9.316089e+02 9.445037e+02 
3.000000e-01 9.150354e+02 9.261147e+02 
