1.000000e-03 2.873095e+03 2.873093e+03 
4.020202e-03 9.938872e+03 1.001732e+04 
7.040404e-03 1.475470e+04 1.485658e+04 
1.006061e-02 1.782760e+04 1.792148e+04 
1.308081e-02 1.958176e+04 1.966004e+04 
1.610101e-02 2.033956e+04 2.037243e+04 
1.912121e-02 2.035881e+04 2.030694e+04 
2.214141e-02 1.985265e+04 1.972201e+04 
2.516162e-02 1.900078e+04 1.886152e+04 
2.818182e-02 1.795178e+04 1.790298e+04 
3.120202e-02 1.682354e+04 1.694539e+04 
3.422222e-02 1.570425e+04 1.603163e+04 
3.724242e-02 1.465427e+04 1.517498e+04 
4.026263e-02 1.371039e+04 1.437616e+04 
4.328283e-02 1.288931e+04 1.363158e+04 
4.630303e-02 1.218631e+04 1.293675e+04 
4.932323e-02 1.159803e+04 1.228739e+04 
5.234343e-02 1.111344e+04 1.167969e+04 
5.536364e-02 1.069706e+04 1.111034e+04 
5.838384e-02 1.032736e+04 1.057643e+04 
6.140404e-02 9.988600e+03 1.007536e+04 
6.442424e-02 9.658284e+03 9.604768e+03 
6.744444e-02 9.320931e+03 9.162517e+03 
7.046465e-02 8.966984e+03 8.746635e+03 
7.348485e-02 8.591543e+03 8.355308e+03 
7.650505e-02 8.196151e+03 7.986853e+03 
7.952525e-02 7.787150e+03 7.639714e+03 
8.254545e-02 7.374289e+03 7.312448e+03 
8.556566e-02 6.967898e+03 7.003716e+03 
8.858586e-02 6.577466e+03 6.712276e+03 
9.160606e-02 6.211004e+03 6.436976e+03 
9.462626e-02 5.874784e+03 6.176749e+03 
9.764646e-02 5.573319e+03 5.930604e+03 
1.006667e-01 5.309585e+03 5.697623e+03 
1.036869e-01 5.083768e+03 5.476953e+03 
1.067071e-01 4.893906e+03 5.267806e+03 
1.097273e-01 4.735101e+03 5.069449e+03 
1.127475e-01 4.601043e+03 4.881200e+03 
1.157677e-01 4.484329e+03 4.702430e+03 
1.187879e-01 4.377815e+03 4.532552e+03 
1.218081e-01 4.275548e+03 4.371021e+03 
1.248283e-01 4.172580e+03 4.217331e+03 
1.278485e-01 4.065238e+03 4.071012e+03 
1.308687e-01 3.951210e+03 3.931625e+03 
1.338889e-01 3.829488e+03 3.798764e+03 
1.369091e-01 3.700481e+03 3.672048e+03 
1.399293e-01 3.565602e+03 3.551124e+03 
1.429495e-01 3.427435e+03 3.435662e+03 
1.459697e-01 3.289000e+03 3.325354e+03 
1.489899e-01 3.153359e+03 3.219911e+03 
1.520101e-01 3.023359e+03 3.119067e+03 
1.550303e-01 2.901344e+03 3.022569e+03 
1.580505e-01 2.789187e+03 2.930183e+03 
1.610707e-01 2.688157e+03 2.841689e+03 
1.640909e-01 2.598757e+03 2.756881e+03 
1.671111e-01 2.520771e+03 2.675566e+03 
1.701313e-01 2.453135e+03 2.597562e+03 
1.731515e-01 2.394252e+03 2.522701e+03 
1.761717e-01 2.342112e+03 2.450823e+03 
1.791919e-01 2.294622e+03 2.381777e+03 
1.822121e-01 2.249882e+03 2.315424e+03 
1.852323e-01 2.206185e+03 2.251629e+03 
1.882525e-01 2.162142e+03 2.190270e+03 
1.912727e-01 2.116640e+03 2.131228e+03 
1.942929e-01 2.068904e+03 2.074392e+03 
1.973131e-01 2.018612e+03 2.019659e+03 
2.003333e-01 1.965862e+03 1.966930e+03 
2.033535e-01 1.911213e+03 1.916111e+03 
2.063737e-01 1.855505e+03 1.867116e+03 
2.093939e-01 1.799750e+03 1.819861e+03 
2.124141e-01 1.744973e+03 1.774268e+03 
2.154343e-01 1.692054e+03 1.730262e+03 
2.184545e-01 1.641745e+03 1.687774e+03 
2.214747e-01 1.594597e+03 1.646738e+03 
2.244949e-01 1.550991e+03 1.607089e+03 
2.275152e-01 1.511113e+03 1.568769e+03 
2.305354e-01 1.474898e+03 1.531721e+03 
2.335556e-01 1.442073e+03 1.495891e+03 
2.365758e-01 1.412198e+03 1.461228e+03 
2.395960e-01 1.384743e+03 1.427685e+03 
2.426162e-01 1.359119e+03 1.395214e+03 
2.456364e-01 1.334739e+03 1.363773e+03 
2.486566e-01 1.311086e+03 1.333319e+03 
2.516768e-01 1.287685e+03 1.303814e+03 
2.546970e-01 1.264121e+03 1.275219e+03 
2.577172e-01 1.240087e+03 1.247499e+03 
2.607374e-01 1.215407e+03 1.220620e+03 
2.637576e-01 1.190078e+03 1.194549e+03 
2.667778e-01 1.164241e+03 1.169255e+03 
2.697980e-01 1.138153e+03 1.144709e+03 
2.728182e-01 1.112128e+03 1.120882e+03 
2.758384e-01 1.086477e+03 1.097748e+03 
2.788586e-01 1.061478e+03 1.075281e+03 
2.818788e-01 1.037326e+03 1.053456e+03 
2.848990e-01 1.014181e+03 1.032250e+03 
2.879192e-01 9.921774e+02 1.011640e+03 
2.909394e-01 9.714031e+02 9.916059e+02 
2.939596e-01 9.518981e+02 9.721260e+02 
2.969798e-01 9.336377e+02 9.531810e+02 
3.000000e-01 9.165409e+02 9.347522e+02 
