1.000000e-03 3.252463e+03 3.252460e+03 
4.020202e-03 1.091961e+04 1.083892e+04 
7.040404e-03 1.601650e+04 1.564983e+04 
1.006061e-02 1.920423e+04 1.852729e+04 
1.308081e-02 2.097511e+04 2.011098e+04 
1.610101e-02 2.168974e+04 2.083140e+04 
1.912121e-02 2.163016e+04 2.098390e+04 
2.214141e-02 2.102599e+04 2.077219e+04 
2.516162e-02 2.006852e+04 2.033206e+04 
2.818182e-02 1.891441e+04 1.975178e+04 
3.120202e-02 1.768691e+04 1.908892e+04 
3.422222e-02 1.647741e+04 1.838170e+04 
3.724242e-02 1.534780e+04 1.765583e+04 
4.026263e-02 1.433520e+04 1.692870e+04 
4.328283e-02 1.345575e+04 1.621199e+04 
4.630303e-02 1.270343e+04 1.551346e+04 
4.932323e-02 1.207376e+04 1.483806e+04 
5.234343e-02 1.155452e+04 1.418879e+04 
5.536364e-02 1.110821e+04 1.356728e+04 
5.838384e-02 1.071206e+04 1.297421e+04 
6.140404e-02 1.034945e+04 1.240955e+04 
6.442424e-02 9.996876e+03 1.187284e+04 
6.744444e-02 9.638197e+03 1.136330e+04 
7.046465e-02 9.263474e+03 1.087993e+04 
7.348485e-02 8.867613e+03 1.042164e+04 
7.650505e-02 8.452193e+03 9.987252e+03 
7.952525e-02 8.023733e+03 9.575569e+03 
8.254545e-02 7.592241e+03 9.185395e+03 
8.556566e-02 7.168298e+03 8.815556e+03 
8.858586e-02 6.761592e+03 8.464914e+03 
9.160606e-02 6.380270e+03 8.132374e+03 
9.462626e-02 6.030680e+03 7.816891e+03 
9.764646e-02 5.717351e+03 7.517472e+03 
1.006667e-01 5.443234e+03 7.233175e+03 
1.036869e-01 5.208422e+03 6.963113e+03 
1.067071e-01 5.010810e+03 6.706451e+03 
1.097273e-01 4.845303e+03 6.462402e+03 
1.127475e-01 4.705377e+03 6.230228e+03 
1.157677e-01 4.583411e+03 6.009239e+03 
1.187879e-01 4.472066e+03 5.798786e+03 
1.218081e-01 4.365240e+03 5.598262e+03 
1.248283e-01 4.257869e+03 5.407099e+03 
1.278485e-01 4.146201e+03 5.224764e+03 
1.308687e-01 4.027880e+03 5.050759e+03 
1.338889e-01 3.901882e+03 4.884618e+03 
1.369091e-01 3.768627e+03 4.725904e+03 
1.399293e-01 3.629561e+03 4.574208e+03 
1.429495e-01 3.487314e+03 4.429146e+03 
1.459697e-01 3.344957e+03 4.290361e+03 
1.489899e-01 3.205596e+03 4.157516e+03 
1.520101e-01 3.072117e+03 4.030294e+03 
1.550303e-01 2.946887e+03 3.908401e+03 
1.580505e-01 2.831795e+03 3.791557e+03 
1.610707e-01 2.728110e+03 3.679503e+03 
1.640909e-01 2.636329e+03 3.571993e+03 
1.671111e-01 2.556212e+03 3.468797e+03 
1.701313e-01 2.486667e+03 3.369698e+03 
1.731515e-01 2.426061e+03 3.274493e+03 
1.761717e-01 2.372347e+03 3.182989e+03 
1.791919e-01 2.323394e+03 3.095006e+03 
1.822121e-01 2.277275e+03 3.010374e+03 
1.852323e-01 2.232257e+03 2.928933e+03 
1.882525e-01 2.186933e+03 2.850531e+03 
1.912727e-01 2.140176e+03 2.775026e+03 
1.942929e-01 2.091205e+03 2.702282e+03 
1.973131e-01 2.039694e+03 2.632172e+03 
2.003333e-01 1.985744e+03 2.564577e+03 
2.033535e-01 1.929922e+03 2.499381e+03 
2.063737e-01 1.873075e+03 2.436479e+03 
2.093939e-01 1.816224e+03 2.375767e+03 
2.124141e-01 1.760403e+03 2.317149e+03 
2.154343e-01 1.706498e+03 2.260535e+03 
2.184545e-01 1.655265e+03 2.205836e+03 
2.214747e-01 1.607253e+03 2.152972e+03 
2.244949e-01 1.562846e+03 2.101865e+03 
2.275152e-01 1.522225e+03 2.052439e+03 
2.305354e-01 1.485324e+03 2.004627e+03 
2.335556e-01 1.451860e+03 1.958359e+03 
2.365758e-01 1.421390e+03 1.913574e+03 
2.395960e-01 1.393376e+03 1.870211e+03 
2.426162e-01 1.367223e+03 1.828212e+03 
2.456364e-01 1.342341e+03 1.787524e+03 
2.486566e-01 1.318207e+03 1.748094e+03 
2.516768e-01 1.294343e+03 1.709873e+03 
2.546970e-01 1.270332e+03 1.672813e+03 
2.577172e-01 1.245863e+03 1.636870e+03 
2.607374e-01 1.220762e+03 1.602002e+03 
2.637576e-01 1.195026e+03 1.568166e+03 
2.667778e-01 1.168795e+03 1.535325e+03 
2.697980e-01 1.142328e+03 1.503441e+03 
2.728182e-01 1.115941e+03 1.472479e+03 
2.758384e-01 1.089944e+03 1.442404e+03 
2.788586e-01 1.064616e+03 1.413185e+03 
2.818788e-01 1.040151e+03 1.384790e+03 
2.848990e-01 1.016711e+03 1.357190e+03 
2.879192e-01 9.944265e+02 1.330356e+03 
2.909394e-01 9.733868e+02 1.304261e+03 
2.939596e-01 9.536302e+02 1.278879e+03 
2.969798e-01 9.351310e+02 1.254186e+03 
3.000000e-01 9.178071e+02 1.230158e+03 
