1.000000e-03 5.071028e+03 5.071024e+03 
4.020202e-03 1.663716e+04 1.677012e+04 
7.040404e-03 2.410594e+04 2.429355e+04 
1.006061e-02 2.859489e+04 2.882609e+04 
1.308081e-02 3.087721e+04 3.117107e+04 
1.610101e-02 3.150912e+04 3.180419e+04 
1.912121e-02 3.092875e+04 3.109044e+04 
2.214141e-02 2.950287e+04 2.944494e+04 
2.516162e-02 2.754240e+04 2.732402e+04 
2.818182e-02 2.530664e+04 2.510561e+04 
3.120202e-02 2.300276e+04 2.301432e+04 
3.422222e-02 2.078483e+04 2.113935e+04 
3.724242e-02 1.875657e+04 1.949081e+04 
4.026263e-02 1.698033e+04 1.804571e+04 
4.328283e-02 1.547382e+04 1.677290e+04 
4.630303e-02 1.423181e+04 1.564325e+04 
4.932323e-02 1.325400e+04 1.463262e+04 
5.234343e-02 1.249955e+04 1.372183e+04 
5.536364e-02 1.191778e+04 1.289580e+04 
5.838384e-02 1.147044e+04 1.214267e+04 
6.140404e-02 1.111390e+04 1.145297e+04 
6.442424e-02 1.080721e+04 1.081899e+04 
6.744444e-02 1.051554e+04 1.023442e+04 
7.046465e-02 1.021045e+04 9.693955e+03 
7.348485e-02 9.871227e+03 9.193092e+03 
7.650505e-02 9.485551e+03 8.727972e+03 
7.952525e-02 9.050287e+03 8.295244e+03 
8.254545e-02 8.571454e+03 7.891976e+03 
8.556566e-02 8.061249e+03 7.515580e+03 
8.858586e-02 7.535815e+03 7.163763e+03 
9.160606e-02 7.012824e+03 6.834477e+03 
9.462626e-02 6.509169e+03 6.525891e+03 
9.764646e-02 6.040330e+03 6.236357e+03 
1.006667e-01 5.617942e+03 5.964389e+03 
1.036869e-01 5.250438e+03 5.708643e+03 
1.067071e-01 4.941118e+03 5.467899e+03 
1.097273e-01 4.689628e+03 5.241049e+03 
1.127475e-01 4.491565e+03 5.027086e+03 
1.157677e-01 4.340258e+03 4.825088e+03 
1.187879e-01 4.227418e+03 4.634213e+03 
1.218081e-01 4.143813e+03 4.453692e+03 
1.248283e-01 4.079836e+03 4.282819e+03 
1.278485e-01 4.025822e+03 4.120943e+03 
1.308687e-01 3.972709e+03 3.967471e+03 
1.338889e-01 3.912508e+03 3.821851e+03 
1.369091e-01 3.839309e+03 3.683579e+03 
1.399293e-01 3.749233e+03 3.552188e+03 
1.429495e-01 3.641124e+03 3.427246e+03 
1.459697e-01 3.515602e+03 3.308354e+03 
1.489899e-01 3.375392e+03 3.195143e+03 
1.520101e-01 3.224255e+03 3.087270e+03 
1.550303e-01 3.066974e+03 2.984418e+03 
1.580505e-01 2.908724e+03 2.886292e+03 
1.610707e-01 2.754881e+03 2.792617e+03 
1.640909e-01 2.610298e+03 2.703139e+03 
1.671111e-01 2.479137e+03 2.617620e+03 
1.701313e-01 2.363885e+03 2.535838e+03 
1.731515e-01 2.265827e+03 2.457587e+03 
1.761717e-01 2.184673e+03 2.382674e+03 
1.791919e-01 2.119286e+03 2.310918e+03 
1.822121e-01 2.067807e+03 2.242152e+03 
1.852323e-01 2.027998e+03 2.176218e+03 
1.882525e-01 1.997362e+03 2.112967e+03 
1.912727e-01 1.973091e+03 2.052261e+03 
1.942929e-01 1.952260e+03 1.993971e+03 
1.973131e-01 1.931874e+03 1.937975e+03 
2.003333e-01 1.909250e+03 1.884157e+03 
2.033535e-01 1.882146e+03 1.832412e+03 
2.063737e-01 1.849201e+03 1.782636e+03 
2.093939e-01 1.809755e+03 1.734736e+03 
2.124141e-01 1.764060e+03 1.688621e+03 
2.154343e-01 1.712855e+03 1.644207e+03 
2.184545e-01 1.657407e+03 1.601414e+03 
2.214747e-01 1.599201e+03 1.560167e+03 
2.244949e-01 1.539903e+03 1.520395e+03 
2.275152e-01 1.481170e+03 1.482031e+03 
2.305354e-01 1.424603e+03 1.445011e+03 
2.335556e-01 1.371573e+03 1.409276e+03 
2.365758e-01 1.323216e+03 1.374769e+03 
2.395960e-01 1.280235e+03 1.341436e+03 
2.426162e-01 1.242970e+03 1.309226e+03 
2.456364e-01 1.211336e+03 1.278092e+03 
2.486566e-01 1.184949e+03 1.247987e+03 
2.516768e-01 1.163193e+03 1.218868e+03 
2.546970e-01 1.145210e+03 1.190694e+03 
2.577172e-01 1.130029e+03 1.163426e+03 
2.607374e-01 1.116601e+03 1.137026e+03 
2.637576e-01 1.103905e+03 1.111460e+03 
2.667778e-01 1.090993e+03 1.086695e+03 
2.697980e-01 1.077091e+03 1.062697e+03 
2.728182e-01 1.061594e+03 1.039436e+03 
2.758384e-01 1.044154e+03 1.016885e+03 
2.788586e-01 1.024612e+03 9.950146e+02 
2.818788e-01 1.003066e+03 9.737993e+02 
2.848990e-01 9.797691e+02 9.532139e+02 
2.879192e-01 9.551474e+02 9.332346e+02 
2.909394e-01 9.297094e+02 9.138386e+02 
2.939596e-01 9.040262e+02 8.950041e+02 
2.969798e-01 8.786752e+02 8.767105e+02 
3.000000e-01 8.542099e+02 8.589378e+02 
