1.000000e-03 3.157485e+03 3.157482e+03 
4.020202e-03 1.073986e+04 1.082098e+04 
7.040404e-03 1.585410e+04 1.596362e+04 
1.006061e-02 1.908948e+04 1.924065e+04 
1.308081e-02 2.090720e+04 2.120916e+04 
1.610101e-02 2.165372e+04 2.226619e+04 
1.912121e-02 2.160423e+04 2.269701e+04 
2.214141e-02 2.098919e+04 2.270705e+04 
2.516162e-02 2.000265e+04 2.243875e+04 
2.818182e-02 1.880683e+04 2.198794e+04 
3.120202e-02 1.753049e+04 2.141921e+04 
3.422222e-02 1.627069e+04 2.077685e+04 
3.724242e-02 1.509376e+04 2.009178e+04 
4.026263e-02 1.404090e+04 1.938578e+04 
4.328283e-02 1.312949e+04 1.867422e+04 
4.630303e-02 1.235472e+04 1.796792e+04 
4.932323e-02 1.171693e+04 1.727440e+04 
5.234343e-02 1.120003e+04 1.659879e+04 
5.536364e-02 1.076632e+04 1.594447e+04 
5.838384e-02 1.039228e+04 1.531354e+04 
6.140404e-02 1.005677e+04 1.470718e+04 
6.442424e-02 9.737354e+03 1.412591e+04 
6.744444e-02 9.414358e+03 1.356972e+04 
7.046465e-02 9.073890e+03 1.303831e+04 
7.348485e-02 8.708452e+03 1.253109e+04 
7.650505e-02 8.317274e+03 1.204733e+04 
7.952525e-02 7.905734e+03 1.158619e+04 
8.254545e-02 7.483205e+03 1.114675e+04 
8.556566e-02 7.060942e+03 1.072807e+04 
8.858586e-02 6.649684e+03 1.032920e+04 
9.160606e-02 6.259004e+03 9.949179e+03 
9.462626e-02 5.896915e+03 9.587081e+03 
9.764646e-02 5.569570e+03 9.241996e+03 
1.006667e-01 5.281549e+03 8.913046e+03 
1.036869e-01 5.034596e+03 8.599391e+03 
1.067071e-01 4.827971e+03 8.300225e+03 
1.097273e-01 4.657653e+03 8.014781e+03 
1.127475e-01 4.517710e+03 7.742332e+03 
1.157677e-01 4.400657e+03 7.482185e+03 
1.187879e-01 4.298963e+03 7.233688e+03 
1.218081e-01 4.205365e+03 6.996222e+03 
1.248283e-01 4.113959e+03 6.769203e+03 
1.278485e-01 4.019760e+03 6.552080e+03 
1.308687e-01 3.919190e+03 6.344334e+03 
1.338889e-01 3.809880e+03 6.145475e+03 
1.369091e-01 3.691127e+03 5.955042e+03 
1.399293e-01 3.563597e+03 5.772599e+03 
1.429495e-01 3.429260e+03 5.597738e+03 
1.459697e-01 3.290988e+03 5.430072e+03 
1.489899e-01 3.152156e+03 5.269237e+03 
1.520101e-01 3.016110e+03 5.114890e+03 
1.550303e-01 2.886025e+03 4.966710e+03 
1.580505e-01 2.764567e+03 4.824391e+03 
1.610707e-01 2.653869e+03 4.687646e+03 
1.640909e-01 2.555245e+03 4.556203e+03 
1.671111e-01 2.469158e+03 4.429809e+03 
1.701313e-01 2.395173e+03 4.308221e+03 
1.731515e-01 2.332051e+03 4.191211e+03 
1.761717e-01 2.278013e+03 4.078565e+03 
1.791919e-01 2.230996e+03 3.970079e+03 
1.822121e-01 2.188866e+03 3.865561e+03 
1.852323e-01 2.149610e+03 3.764830e+03 
1.882525e-01 2.111342e+03 3.667713e+03 
1.912727e-01 2.072385e+03 3.574048e+03 
1.942929e-01 2.031408e+03 3.483680e+03 
1.973131e-01 1.987489e+03 3.396464e+03 
2.003333e-01 1.940271e+03 3.312262e+03 
2.033535e-01 1.889847e+03 3.230943e+03 
2.063737e-01 1.836876e+03 3.152382e+03 
2.093939e-01 1.782280e+03 3.076461e+03 
2.124141e-01 1.727158e+03 3.003069e+03 
2.154343e-01 1.672598e+03 2.932100e+03 
2.184545e-01 1.619593e+03 2.863451e+03 
2.214747e-01 1.569033e+03 2.797028e+03 
2.244949e-01 1.521682e+03 2.732740e+03 
2.275152e-01 1.478062e+03 2.670499e+03 
2.305354e-01 1.438481e+03 2.610223e+03 
2.335556e-01 1.402922e+03 2.551834e+03 
2.365758e-01 1.371169e+03 2.495256e+03 
2.395960e-01 1.342760e+03 2.440420e+03 
2.426162e-01 1.317138e+03 2.387256e+03 
2.456364e-01 1.293662e+03 2.335700e+03 
2.486566e-01 1.271695e+03 2.285690e+03 
2.516768e-01 1.250610e+03 2.237168e+03 
2.546970e-01 1.229819e+03 2.190077e+03 
2.577172e-01 1.208780e+03 2.144365e+03 
2.607374e-01 1.187098e+03 2.099979e+03 
2.637576e-01 1.164505e+03 2.056870e+03 
2.667778e-01 1.140956e+03 2.014993e+03 
2.697980e-01 1.116544e+03 1.974302e+03 
2.728182e-01 1.091540e+03 1.934754e+03 
2.758384e-01 1.066267e+03 1.896309e+03 
2.788586e-01 1.041076e+03 1.858928e+03 
2.818788e-01 1.016284e+03 1.822573e+03 
2.848990e-01 9.921712e+02 1.787208e+03 
2.879192e-01 9.689754e+02 1.752799e+03 
2.909394e-01 9.469030e+02 1.719314e+03 
2.939596e-01 9.261202e+02 1.686719e+03 
2.969798e-01 9.067408e+02 1.654986e+03 
3.000000e-01 8.887749e+02 1.624086e+03 
