1.000000e-03 9.771015e+03 9.771006e+03 
4.020202e-03 3.280714e+04 3.307272e+04 
7.040404e-03 4.782859e+04 4.825913e+04 
1.006061e-02 5.675349e+04 5.744630e+04 
1.308081e-02 6.100948e+04 6.212476e+04 
1.610101e-02 6.167065e+04 6.309830e+04 
1.912121e-02 5.962867e+04 6.090747e+04 
2.214141e-02 5.567107e+04 5.626430e+04 
2.516162e-02 5.050168e+04 5.019238e+04 
2.818182e-02 4.473306e+04 4.377623e+04 
3.120202e-02 3.886749e+04 3.781214e+04 
3.422222e-02 3.328649e+04 3.267992e+04 
3.724242e-02 2.824834e+04 2.844049e+04 
4.026263e-02 2.389979e+04 2.499392e+04 
4.328283e-02 2.028071e+04 2.219253e+04 
4.630303e-02 1.738362e+04 1.989593e+04 
4.932323e-02 1.515966e+04 1.798909e+04 
5.234343e-02 1.351980e+04 1.638365e+04 
5.536364e-02 1.236443e+04 1.501349e+04 
5.838384e-02 1.159895e+04 1.382953e+04 
6.140404e-02 1.113477e+04 1.279516e+04 
6.442424e-02 1.088848e+04 1.188284e+04 
6.744444e-02 1.078874e+04 1.107154e+04 
7.046465e-02 1.076903e+04 1.034499e+04 
7.348485e-02 1.076602e+04 9.690393e+03 
7.650505e-02 1.072238e+04 9.097554e+03 
7.952525e-02 1.059157e+04 8.558212e+03 
8.254545e-02 1.034210e+04 8.065597e+03 
8.556566e-02 9.960066e+03 7.614090e+03 
8.858586e-02 9.450165e+03 7.198979e+03 
9.160606e-02 8.833228e+03 6.816269e+03 
9.462626e-02 8.138738e+03 6.462547e+03 
9.764646e-02 7.403618e+03 6.134869e+03 
1.006667e-01 6.664972e+03 5.830686e+03 
1.036869e-01 5.957628e+03 5.547767e+03 
1.067071e-01 5.308805e+03 5.284156e+03 
1.097273e-01 4.738953e+03 5.038128e+03 
1.127475e-01 4.258989e+03 4.808151e+03 
1.157677e-01 3.873431e+03 4.592863e+03 
1.187879e-01 3.579838e+03 4.391048e+03 
1.218081e-01 3.371966e+03 4.201615e+03 
1.248283e-01 3.240831e+03 4.023584e+03 
1.278485e-01 3.175410e+03 3.856069e+03 
1.308687e-01 3.163590e+03 3.698274e+03 
1.338889e-01 3.192287e+03 3.549472e+03 
1.369091e-01 3.247868e+03 3.409006e+03 
1.399293e-01 3.316327e+03 3.276278e+03 
1.429495e-01 3.383825e+03 3.150742e+03 
1.459697e-01 3.437118e+03 3.031900e+03 
1.489899e-01 3.464444e+03 2.919294e+03 
1.520101e-01 3.456421e+03 2.812506e+03 
1.550303e-01 3.406749e+03 2.711153e+03 
1.580505e-01 3.314058e+03 2.614881e+03 
1.610707e-01 3.180849e+03 2.523364e+03 
1.640909e-01 3.014344e+03 2.436304e+03 
1.671111e-01 2.823998e+03 2.353422e+03 
1.701313e-01 2.621010e+03 2.274464e+03 
1.731515e-01 2.415862e+03 2.199191e+03 
1.761717e-01 2.218004e+03 2.127385e+03 
1.791919e-01 2.034837e+03 2.058842e+03 
1.822121e-01 1.872128e+03 1.993373e+03 
1.852323e-01 1.733542e+03 1.930801e+03 
1.882525e-01 1.621160e+03 1.870964e+03 
1.912727e-01 1.535628e+03 1.813708e+03 
1.942929e-01 1.475973e+03 1.758892e+03 
1.973131e-01 1.440194e+03 1.706383e+03 
2.003333e-01 1.425220e+03 1.656057e+03 
2.033535e-01 1.427389e+03 1.607799e+03 
2.063737e-01 1.442536e+03 1.561499e+03 
2.093939e-01 1.466246e+03 1.517057e+03 
2.124141e-01 1.493982e+03 1.474377e+03 
2.154343e-01 1.521180e+03 1.433370e+03 
2.184545e-01 1.543465e+03 1.393953e+03 
2.214747e-01 1.556811e+03 1.356046e+03 
2.244949e-01 1.558082e+03 1.319576e+03 
2.275152e-01 1.545059e+03 1.284473e+03 
2.305354e-01 1.517113e+03 1.250672e+03 
2.335556e-01 1.474791e+03 1.218111e+03 
2.365758e-01 1.420028e+03 1.186732e+03 
2.395960e-01 1.355541e+03 1.156481e+03 
2.426162e-01 1.284592e+03 1.127305e+03 
2.456364e-01 1.210629e+03 1.099155e+03 
2.486566e-01 1.137015e+03 1.071986e+03 
2.516768e-01 1.066748e+03 1.045753e+03 
2.546970e-01 1.002337e+03 1.020416e+03 
2.577172e-01 9.457390e+02 9.959358e+02 
2.607374e-01 8.981238e+02 9.722748e+02 
2.637576e-01 8.600948e+02 9.493980e+02 
2.667778e-01 8.315963e+02 9.272724e+02 
2.697980e-01 8.121480e+02 9.058664e+02 
2.728182e-01 8.008533e+02 8.851499e+02 
2.758384e-01 7.965700e+02 8.650947e+02 
2.788586e-01 7.979759e+02 8.456737e+02 
2.818788e-01 8.035437e+02 8.268613e+02 
2.848990e-01 8.116318e+02 8.086330e+02 
2.879192e-01 8.204921e+02 7.909657e+02 
2.909394e-01 8.283937e+02 7.738372e+02 
2.939596e-01 8.336890e+02 7.572266e+02 
2.969798e-01 8.350560e+02 7.411138e+02 
3.000000e-01 8.315054e+02 7.254796e+02 
