1.000000e-03 3.566206e+03 3.566203e+03 
4.020202e-03 1.215413e+04 1.224970e+04 
7.040404e-03 1.796048e+04 1.809308e+04 
1.006061e-02 2.163072e+04 2.178030e+04 
1.308081e-02 2.367443e+04 2.384606e+04 
1.610101e-02 2.447767e+04 2.462893e+04 
1.912121e-02 2.435132e+04 2.440147e+04 
2.214141e-02 2.355990e+04 2.347052e+04 
2.516162e-02 2.233076e+04 2.216133e+04 
2.818182e-02 2.085429e+04 2.073561e+04 
3.120202e-02 1.928557e+04 1.934858e+04 
3.422222e-02 1.774188e+04 1.806646e+04 
3.724242e-02 1.630397e+04 1.690438e+04 
4.026263e-02 1.502332e+04 1.585539e+04 
4.328283e-02 1.391999e+04 1.490591e+04 
4.630303e-02 1.299179e+04 1.404220e+04 
4.932323e-02 1.224281e+04 1.325236e+04 
5.234343e-02 1.164914e+04 1.252665e+04 
5.536364e-02 1.117051e+04 1.185721e+04 
5.838384e-02 1.077726e+04 1.123764e+04 
6.140404e-02 1.044255e+04 1.066268e+04 
6.442424e-02 1.013901e+04 1.012790e+04 
6.744444e-02 9.838960e+03 9.629552e+03 
7.046465e-02 9.522391e+03 9.164378e+03 
7.348485e-02 9.176426e+03 8.729534e+03 
7.650505e-02 8.795252e+03 8.322505e+03 
7.952525e-02 8.380932e+03 7.941051e+03 
8.254545e-02 7.941497e+03 7.583160e+03 
8.556566e-02 7.488678e+03 7.247019e+03 
8.858586e-02 7.035489e+03 6.930987e+03 
9.160606e-02 6.594485e+03 6.633572e+03 
9.462626e-02 6.177054e+03 6.353416e+03 
9.764646e-02 5.793152e+03 6.089280e+03 
1.006667e-01 5.450297e+03 5.840029e+03 
1.036869e-01 5.153593e+03 5.604625e+03 
1.067071e-01 4.904283e+03 5.382113e+03 
1.097273e-01 4.700888e+03 5.171619e+03 
1.127475e-01 4.538081e+03 4.972336e+03 
1.157677e-01 4.408973e+03 4.783521e+03 
1.187879e-01 4.305352e+03 4.604492e+03 
1.218081e-01 4.219058e+03 4.434617e+03 
1.248283e-01 4.142226e+03 4.273311e+03 
1.278485e-01 4.067830e+03 4.120036e+03 
1.308687e-01 3.989653e+03 3.974292e+03 
1.338889e-01 3.903079e+03 3.835617e+03 
1.369091e-01 3.804769e+03 3.703582e+03 
1.399293e-01 3.693451e+03 3.577787e+03 
1.429495e-01 3.569435e+03 3.457865e+03 
1.459697e-01 3.434903e+03 3.343470e+03 
1.489899e-01 3.293044e+03 3.234283e+03 
1.520101e-01 3.147778e+03 3.130007e+03 
1.550303e-01 3.003219e+03 3.030362e+03 
1.580505e-01 2.863434e+03 2.935091e+03 
1.610707e-01 2.731998e+03 2.843952e+03 
1.640909e-01 2.611878e+03 2.756719e+03 
1.671111e-01 2.505030e+03 2.673181e+03 
1.701313e-01 2.412431e+03 2.593140e+03 
1.731515e-01 2.334020e+03 2.516412e+03 
1.761717e-01 2.268762e+03 2.442824e+03 
1.791919e-01 2.214970e+03 2.372213e+03 
1.822121e-01 2.170524e+03 2.304427e+03 
1.852323e-01 2.133118e+03 2.239323e+03 
1.882525e-01 2.100331e+03 2.176767e+03 
1.912727e-01 2.069771e+03 2.116633e+03 
1.942929e-01 2.039148e+03 2.058801e+03 
1.973131e-01 2.006529e+03 2.003161e+03 
2.003333e-01 1.970371e+03 1.949607e+03 
2.033535e-01 1.929835e+03 1.898039e+03 
2.063737e-01 1.884591e+03 1.848365e+03 
2.093939e-01 1.835039e+03 1.800496e+03 
2.124141e-01 1.781946e+03 1.754349e+03 
2.154343e-01 1.726472e+03 1.709845e+03 
2.184545e-01 1.669888e+03 1.666910e+03 
2.214747e-01 1.613531e+03 1.625473e+03 
2.244949e-01 1.558689e+03 1.585469e+03 
2.275152e-01 1.506568e+03 1.546834e+03 
2.305354e-01 1.458107e+03 1.509509e+03 
2.335556e-01 1.414011e+03 1.473437e+03 
2.365758e-01 1.374593e+03 1.438565e+03 
2.395960e-01 1.339895e+03 1.404841e+03 
2.426162e-01 1.309653e+03 1.372218e+03 
2.456364e-01 1.283406e+03 1.340651e+03 
2.486566e-01 1.260533e+03 1.310094e+03 
2.516768e-01 1.240306e+03 1.280508e+03 
2.546970e-01 1.221934e+03 1.251853e+03 
2.577172e-01 1.204571e+03 1.224092e+03 
2.607374e-01 1.187404e+03 1.197189e+03 
2.637576e-01 1.169718e+03 1.171110e+03 
2.667778e-01 1.150978e+03 1.145823e+03 
2.697980e-01 1.130860e+03 1.121298e+03 
2.728182e-01 1.109281e+03 1.097505e+03 
2.758384e-01 1.086330e+03 1.074416e+03 
2.788586e-01 1.062260e+03 1.052005e+03 
2.818788e-01 1.037395e+03 1.030246e+03 
2.848990e-01 1.012111e+03 1.009115e+03 
2.879192e-01 9.868069e+02 9.885891e+02 
2.909394e-01 9.618926e+02 9.686460e+02 
2.939596e-01 9.377716e+02 9.492646e+02 
2.969798e-01 9.148265e+02 9.304247e+02 
3.000000e-01 8.933364e+02 9.121070e+02 
