1.000000e-03 8.646201e+03 8.646194e+03 
4.020202e-03 2.869315e+04 2.892366e+04 
7.040404e-03 4.172265e+04 4.208764e+04 
1.006061e-02 4.949356e+04 5.005863e+04 
1.308081e-02 5.326372e+04 5.414821e+04 
1.610101e-02 5.396625e+04 5.507170e+04 
1.912121e-02 5.236695e+04 5.331993e+04 
2.214141e-02 4.913557e+04 4.952225e+04 
2.516162e-02 4.486578e+04 4.454757e+04 
2.818182e-02 4.007075e+04 3.928705e+04 
3.120202e-02 3.517240e+04 3.437857e+04 
3.422222e-02 3.048893e+04 3.012131e+04 
3.724242e-02 2.623903e+04 2.656395e+04 
4.026263e-02 2.254947e+04 2.363109e+04 
4.328283e-02 1.945727e+04 2.121052e+04 
4.630303e-02 1.696222e+04 1.919507e+04 
4.932323e-02 1.503121e+04 1.749637e+04 
5.234343e-02 1.359183e+04 1.604598e+04 
5.536364e-02 1.256045e+04 1.479223e+04 
5.838384e-02 1.185873e+04 1.369636e+04 
6.140404e-02 1.141270e+04 1.272913e+04 
6.442424e-02 1.114669e+04 1.186826e+04 
6.744444e-02 1.099551e+04 1.109659e+04 
7.046465e-02 1.090022e+04 1.040062e+04 
7.348485e-02 1.080620e+04 9.769646e+03 
7.650505e-02 1.066608e+04 9.195003e+03 
7.952525e-02 1.044406e+04 8.669608e+03 
8.254545e-02 1.011855e+04 8.187585e+03 
8.556566e-02 9.683308e+03 7.744004e+03 
8.858586e-02 9.146532e+03 7.334690e+03 
9.160606e-02 8.528906e+03 6.956071e+03 
9.462626e-02 7.858297e+03 6.605065e+03 
9.764646e-02 7.167123e+03 6.278998e+03 
1.006667e-01 6.487314e+03 5.975531e+03 
1.036869e-01 5.847067e+03 5.692607e+03 
1.067071e-01 5.268231e+03 5.428410e+03 
1.097273e-01 4.766088e+03 5.181326e+03 
1.127475e-01 4.347522e+03 4.949919e+03 
1.157677e-01 4.014222e+03 4.732902e+03 
1.187879e-01 3.762672e+03 4.529122e+03 
1.218081e-01 3.586431e+03 4.337540e+03 
1.248283e-01 3.476385e+03 4.157218e+03 
1.278485e-01 3.421799e+03 3.987308e+03 
1.308687e-01 3.410810e+03 3.827039e+03 
1.338889e-01 3.430386e+03 3.675712e+03 
1.369091e-01 3.467194e+03 3.532689e+03 
1.399293e-01 3.507935e+03 3.397388e+03 
1.429495e-01 3.540457e+03 3.269277e+03 
1.459697e-01 3.553906e+03 3.147870e+03 
1.489899e-01 3.539719e+03 3.032717e+03 
1.520101e-01 3.491613e+03 2.923410e+03 
1.550303e-01 3.406936e+03 2.819569e+03 
1.580505e-01 3.286523e+03 2.720847e+03 
1.610707e-01 3.134772e+03 2.626922e+03 
1.640909e-01 2.959273e+03 2.537497e+03 
1.671111e-01 2.769310e+03 2.452298e+03 
1.701313e-01 2.574847e+03 2.371071e+03 
1.731515e-01 2.384950e+03 2.293579e+03 
1.761717e-01 2.207013e+03 2.219604e+03 
1.791919e-01 2.046499e+03 2.148943e+03 
1.822121e-01 1.907268e+03 2.081407e+03 
1.852323e-01 1.791396e+03 2.016819e+03 
1.882525e-01 1.699805e+03 1.955016e+03 
1.912727e-01 1.632099e+03 1.895845e+03 
1.942929e-01 1.586856e+03 1.839164e+03 
1.973131e-01 1.561704e+03 1.784837e+03 
2.003333e-01 1.553281e+03 1.732742e+03 
2.033535e-01 1.557675e+03 1.682761e+03 
2.063737e-01 1.570551e+03 1.634785e+03 
2.093939e-01 1.587544e+03 1.588712e+03 
2.124141e-01 1.604377e+03 1.544444e+03 
2.154343e-01 1.617164e+03 1.501893e+03 
2.184545e-01 1.622436e+03 1.460973e+03 
2.214747e-01 1.617515e+03 1.421604e+03 
2.244949e-01 1.600511e+03 1.383712e+03 
2.275152e-01 1.570642e+03 1.347225e+03 
2.305354e-01 1.528303e+03 1.312078e+03 
2.335556e-01 1.474927e+03 1.278208e+03 
2.365758e-01 1.412949e+03 1.245555e+03 
2.395960e-01 1.345259e+03 1.214063e+03 
2.426162e-01 1.274986e+03 1.183680e+03 
2.456364e-01 1.205116e+03 1.154357e+03 
2.486566e-01 1.138374e+03 1.126045e+03 
2.516768e-01 1.076919e+03 1.098701e+03 
2.546970e-01 1.022459e+03 1.072281e+03 
2.577172e-01 9.760778e+02 1.046747e+03 
2.607374e-01 9.383843e+02 1.022060e+03 
2.637576e-01 9.094230e+02 9.981847e+02 
2.667778e-01 8.887585e+02 9.750865e+02 
2.697980e-01 8.755818e+02 9.527333e+02 
2.728182e-01 8.687570e+02 9.310943e+02 
2.758384e-01 8.669652e+02 9.101405e+02 
2.788586e-01 8.687108e+02 8.898441e+02 
2.818788e-01 8.724525e+02 8.701787e+02 
2.848990e-01 8.766363e+02 8.511193e+02 
2.879192e-01 8.797837e+02 8.326419e+02 
2.909394e-01 8.805304e+02 8.147240e+02 
2.939596e-01 8.777601e+02 7.973437e+02 
2.969798e-01 8.706693e+02 7.804805e+02 
3.000000e-01 8.588522e+02 7.641147e+02 
