1.000000e-03 3.803207e+03 3.803204e+03 
4.020202e-03 1.276052e+04 1.286100e+04 
7.040404e-03 1.871879e+04 1.885662e+04 
1.006061e-02 2.242850e+04 2.258218e+04 
1.308081e-02 2.444724e+04 2.462179e+04 
1.610101e-02 2.518939e+04 2.534004e+04 
1.912121e-02 2.498413e+04 2.502828e+04 
2.214141e-02 2.410739e+04 2.400990e+04 
2.516162e-02 2.279485e+04 2.262170e+04 
2.818182e-02 2.124296e+04 2.112972e+04 
3.120202e-02 1.960928e+04 1.968839e+04 
3.422222e-02 1.801203e+04 1.836148e+04 
3.724242e-02 1.653192e+04 1.716177e+04 
4.026263e-02 1.521940e+04 1.608062e+04 
4.328283e-02 1.409238e+04 1.510330e+04 
4.630303e-02 1.314686e+04 1.421526e+04 
4.932323e-02 1.238577e+04 1.340404e+04 
5.234343e-02 1.178261e+04 1.265948e+04 
5.536364e-02 1.129528e+04 1.197336e+04 
5.838384e-02 1.089426e+04 1.133902e+04 
6.140404e-02 1.055108e+04 1.075094e+04 
6.442424e-02 1.023694e+04 1.020452e+04 
6.744444e-02 9.924556e+03 9.695807e+03 
7.046465e-02 9.594436e+03 9.221409e+03 
7.348485e-02 9.234277e+03 8.778346e+03 
7.650505e-02 8.838943e+03 8.363988e+03 
7.952525e-02 8.411381e+03 7.975993e+03 
8.254545e-02 7.960195e+03 7.612261e+03 
8.556566e-02 7.497429e+03 7.270902e+03 
8.858586e-02 7.036458e+03 6.950204e+03 
9.160606e-02 6.589982e+03 6.648617e+03 
9.462626e-02 6.169394e+03 6.364729e+03 
9.764646e-02 5.784604e+03 6.097253e+03 
1.006667e-01 5.442785e+03 5.845013e+03 
1.036869e-01 5.148519e+03 5.606934e+03 
1.067071e-01 4.902405e+03 5.382029e+03 
1.097273e-01 4.702311e+03 5.169393e+03 
1.127475e-01 4.542338e+03 4.968196e+03 
1.157677e-01 4.415202e+03 4.777670e+03 
1.187879e-01 4.312567e+03 4.597113e+03 
1.218081e-01 4.226172e+03 4.425875e+03 
1.248283e-01 4.148049e+03 4.263354e+03 
1.278485e-01 4.071257e+03 4.108998e+03 
1.308687e-01 3.989746e+03 3.962294e+03 
1.338889e-01 3.899022e+03 3.822768e+03 
1.369091e-01 3.796022e+03 3.689979e+03 
1.399293e-01 3.679933e+03 3.563521e+03 
1.429495e-01 3.551565e+03 3.443015e+03 
1.459697e-01 3.413365e+03 3.328109e+03 
1.489899e-01 3.268805e+03 3.218477e+03 
1.520101e-01 3.121951e+03 3.113815e+03 
1.550303e-01 2.976858e+03 3.013839e+03 
1.580505e-01 2.837436e+03 2.918285e+03 
1.610707e-01 2.707198e+03 2.826907e+03 
1.640909e-01 2.588956e+03 2.739476e+03 
1.671111e-01 2.484524e+03 2.655775e+03 
1.701313e-01 2.394572e+03 2.575605e+03 
1.731515e-01 2.318781e+03 2.498778e+03 
1.761717e-01 2.255877e+03 2.425117e+03 
1.791919e-01 2.204050e+03 2.354458e+03 
1.822121e-01 2.161003e+03 2.286646e+03 
1.852323e-01 2.124321e+03 2.221536e+03 
1.882525e-01 2.091579e+03 2.158992e+03 
1.912727e-01 2.060438e+03 2.098886e+03 
1.942929e-01 2.028694e+03 2.041098e+03 
1.973131e-01 1.994558e+03 1.985514e+03 
2.003333e-01 1.956617e+03 1.932027e+03 
2.033535e-01 1.914188e+03 1.880539e+03 
2.063737e-01 1.867105e+03 1.830953e+03 
2.093939e-01 1.815942e+03 1.783181e+03 
2.124141e-01 1.761603e+03 1.737139e+03 
2.154343e-01 1.705291e+03 1.692746e+03 
2.184545e-01 1.648328e+03 1.649929e+03 
2.214747e-01 1.592087e+03 1.608616e+03 
2.244949e-01 1.537821e+03 1.568739e+03 
2.275152e-01 1.486646e+03 1.530236e+03 
2.305354e-01 1.439408e+03 1.493047e+03 
2.335556e-01 1.396679e+03 1.457113e+03 
2.365758e-01 1.358663e+03 1.422383e+03 
2.395960e-01 1.325290e+03 1.388803e+03 
2.426162e-01 1.296255e+03 1.356326e+03 
2.456364e-01 1.271021e+03 1.324905e+03 
2.486566e-01 1.248922e+03 1.294498e+03 
2.516768e-01 1.229189e+03 1.265061e+03 
2.546970e-01 1.211008e+03 1.236557e+03 
2.577172e-01 1.193524e+03 1.208946e+03 
2.607374e-01 1.175961e+03 1.182194e+03 
2.637576e-01 1.157653e+03 1.156266e+03 
2.667778e-01 1.138175e+03 1.131131e+03 
2.697980e-01 1.117289e+03 1.106756e+03 
2.728182e-01 1.095006e+03 1.083114e+03 
2.758384e-01 1.071470e+03 1.060175e+03 
2.788586e-01 1.046964e+03 1.037913e+03 
2.818788e-01 1.021828e+03 1.016303e+03 
2.848990e-01 9.964427e+02 9.953204e+02 
2.879192e-01 9.712166e+02 9.749415e+02 
2.909394e-01 9.465704e+02 9.551445e+02 
2.939596e-01 9.228920e+02 9.359081e+02 
2.969798e-01 9.005253e+02 9.172120e+02 
3.000000e-01 8.797146e+02 8.990369e+02 
