1.000000e-03 2.841359e+03 2.841356e+03 
4.020202e-03 9.404154e+03 9.480332e+03 
7.040404e-03 1.363518e+04 1.371562e+04 
1.006061e-02 1.622214e+04 1.625079e+04 
1.308081e-02 1.765457e+04 1.760809e+04 
1.610101e-02 1.827005e+04 1.813948e+04 
1.912121e-02 1.831401e+04 1.811342e+04 
2.214141e-02 1.797035e+04 1.774705e+04 
2.516162e-02 1.738145e+04 1.719647e+04 
2.818182e-02 1.665393e+04 1.655690e+04 
3.120202e-02 1.586785e+04 1.588079e+04 
3.422222e-02 1.507758e+04 1.519644e+04 
3.724242e-02 1.431885e+04 1.451967e+04 
4.026263e-02 1.361054e+04 1.385972e+04 
4.328283e-02 1.295033e+04 1.322210e+04 
4.630303e-02 1.235145e+04 1.261003e+04 
4.932323e-02 1.181225e+04 1.202526e+04 
5.234343e-02 1.130511e+04 1.146847e+04 
5.536364e-02 1.082126e+04 1.093966e+04 
5.838384e-02 1.035791e+04 1.043835e+04 
6.140404e-02 9.907603e+03 9.963748e+03 
6.442424e-02 9.466312e+03 9.514827e+03 
6.744444e-02 9.033773e+03 9.090452e+03 
7.046465e-02 8.610925e+03 8.689416e+03 
7.348485e-02 8.200314e+03 8.310486e+03 
7.650505e-02 7.806823e+03 7.952438e+03 
7.952525e-02 7.434790e+03 7.614069e+03 
8.254545e-02 7.087477e+03 7.294219e+03 
8.556566e-02 6.766021e+03 6.991775e+03 
8.858586e-02 6.470386e+03 6.705676e+03 
9.160606e-02 6.199566e+03 6.434920e+03 
9.462626e-02 5.952206e+03 6.178560e+03 
9.764646e-02 5.726535e+03 5.935707e+03 
1.006667e-01 5.519813e+03 5.705526e+03 
1.036869e-01 5.328482e+03 5.487235e+03 
1.067071e-01 5.148214e+03 5.280103e+03 
1.097273e-01 4.975323e+03 5.083448e+03 
1.127475e-01 4.806664e+03 4.896630e+03 
1.157677e-01 4.640810e+03 4.719057e+03 
1.187879e-01 4.477497e+03 4.550171e+03 
1.218081e-01 4.317033e+03 4.389456e+03 
1.248283e-01 4.160149e+03 4.236428e+03 
1.278485e-01 4.007773e+03 4.090637e+03 
1.308687e-01 3.860990e+03 3.951661e+03 
1.338889e-01 3.720860e+03 3.819108e+03 
1.369091e-01 3.588396e+03 3.692612e+03 
1.399293e-01 3.464116e+03 3.571831e+03 
1.429495e-01 3.347944e+03 3.456443e+03 
1.459697e-01 3.239509e+03 3.346151e+03 
1.489899e-01 3.138072e+03 3.240673e+03 
1.520101e-01 3.042957e+03 3.139750e+03 
1.550303e-01 2.953620e+03 3.043134e+03 
1.580505e-01 2.869414e+03 2.950598e+03 
1.610707e-01 2.789464e+03 2.861924e+03 
1.640909e-01 2.712852e+03 2.776912e+03 
1.671111e-01 2.638614e+03 2.695373e+03 
1.701313e-01 2.565991e+03 2.617127e+03 
1.731515e-01 2.494769e+03 2.542009e+03 
1.761717e-01 2.424913e+03 2.469861e+03 
1.791919e-01 2.356680e+03 2.400536e+03 
1.822121e-01 2.290346e+03 2.333894e+03 
1.852323e-01 2.226061e+03 2.269805e+03 
1.882525e-01 2.163943e+03 2.208146e+03 
1.912727e-01 2.104102e+03 2.148800e+03 
1.942929e-01 2.046647e+03 2.091659e+03 
1.973131e-01 1.991702e+03 2.036618e+03 
2.003333e-01 1.939374e+03 1.983581e+03 
2.033535e-01 1.889608e+03 1.932454e+03 
2.063737e-01 1.842275e+03 1.883152e+03 
2.093939e-01 1.797116e+03 1.835591e+03 
2.124141e-01 1.753820e+03 1.789694e+03 
2.154343e-01 1.712150e+03 1.745388e+03 
2.184545e-01 1.671909e+03 1.702601e+03 
2.214747e-01 1.632922e+03 1.661269e+03 
2.244949e-01 1.595031e+03 1.621329e+03 
2.275152e-01 1.558155e+03 1.582721e+03 
2.305354e-01 1.522264e+03 1.545389e+03 
2.335556e-01 1.487328e+03 1.509280e+03 
2.365758e-01 1.453315e+03 1.474342e+03 
2.395960e-01 1.420217e+03 1.440527e+03 
2.426162e-01 1.388048e+03 1.407790e+03 
2.456364e-01 1.356811e+03 1.376086e+03 
2.486566e-01 1.326506e+03 1.345375e+03 
2.516768e-01 1.297150e+03 1.315617e+03 
2.546970e-01 1.268787e+03 1.286774e+03 
2.577172e-01 1.241429e+03 1.258811e+03 
2.607374e-01 1.215043e+03 1.231693e+03 
2.637576e-01 1.189573e+03 1.205388e+03 
2.667778e-01 1.164940e+03 1.179864e+03 
2.697980e-01 1.141068e+03 1.155093e+03 
2.728182e-01 1.117899e+03 1.131046e+03 
2.758384e-01 1.095385e+03 1.107696e+03 
2.788586e-01 1.073498e+03 1.085018e+03 
2.818788e-01 1.052209e+03 1.062986e+03 
2.848990e-01 1.031486e+03 1.041577e+03 
2.879192e-01 1.011294e+03 1.020769e+03 
2.909394e-01 9.915998e+02 1.000541e+03 
2.939596e-01 9.723806e+02 9.808710e+02 
2.969798e-01 9.536426e+02 9.617401e+02 
3.000000e-01 9.353968e+02 9.431295e+02 
