1.000000e-03 4.807101e+03 4.807096e+03 
4.020202e-03 1.597709e+04 1.610471e+04 
7.040404e-03 2.324502e+04 2.342435e+04 
1.006061e-02 2.763148e+04 2.785115e+04 
1.308081e-02 2.987250e+04 3.014913e+04 
1.610101e-02 3.050528e+04 3.077663e+04 
1.912121e-02 2.995724e+04 3.009323e+04 
2.214141e-02 2.858505e+04 2.851151e+04 
2.516162e-02 2.669425e+04 2.647946e+04 
2.818182e-02 2.453858e+04 2.436073e+04 
3.120202e-02 2.231985e+04 2.236648e+04 
3.422222e-02 2.018821e+04 2.057811e+04 
3.724242e-02 1.824335e+04 1.900322e+04 
4.026263e-02 1.654502e+04 1.761943e+04 
4.328283e-02 1.510840e+04 1.639738e+04 
4.630303e-02 1.392824e+04 1.530992e+04 
4.932323e-02 1.300359e+04 1.433465e+04 
5.234343e-02 1.229113e+04 1.345378e+04 
5.536364e-02 1.174162e+04 1.265336e+04 
5.838384e-02 1.131797e+04 1.192234e+04 
6.140404e-02 1.097582e+04 1.125191e+04 
6.442424e-02 1.067532e+04 1.063487e+04 
6.744444e-02 1.038362e+04 1.006528e+04 
7.046465e-02 1.007370e+04 9.538140e+03 
7.348485e-02 9.726755e+03 9.049207e+03 
7.650505e-02 9.332450e+03 8.594814e+03 
7.952525e-02 8.889325e+03 8.171769e+03 
8.254545e-02 8.405218e+03 7.777275e+03 
8.556566e-02 7.893637e+03 7.408855e+03 
8.858586e-02 7.371345e+03 7.064309e+03 
9.160606e-02 6.856117e+03 6.741670e+03 
9.462626e-02 6.364463e+03 6.439175e+03 
9.764646e-02 5.911128e+03 6.155234e+03 
1.006667e-01 5.506752e+03 5.888412e+03 
1.036869e-01 5.158464e+03 5.637410e+03 
1.067071e-01 4.868424e+03 5.401048e+03 
1.097273e-01 4.634949e+03 5.178252e+03 
1.127475e-01 4.452851e+03 4.968043e+03 
1.157677e-01 4.314763e+03 4.769528e+03 
1.187879e-01 4.212048e+03 4.581889e+03 
1.218081e-01 4.135144e+03 4.404378e+03 
1.248283e-01 4.074299e+03 4.236307e+03 
1.278485e-01 4.019859e+03 4.077046e+03 
1.308687e-01 3.963154e+03 3.926012e+03 
1.338889e-01 3.896755e+03 3.782672e+03 
1.369091e-01 3.815691e+03 3.646531e+03 
1.399293e-01 3.716952e+03 3.517136e+03 
1.429495e-01 3.600428e+03 3.394063e+03 
1.459697e-01 3.467623e+03 3.276925e+03 
1.489899e-01 3.321810e+03 3.165360e+03 
1.520101e-01 3.167202e+03 3.059034e+03 
1.550303e-01 3.008786e+03 2.957637e+03 
1.580505e-01 2.851928e+03 2.860879e+03 
1.610707e-01 2.701952e+03 2.768493e+03 
1.640909e-01 2.563338e+03 2.680229e+03 
1.671111e-01 2.439565e+03 2.595854e+03 
1.701313e-01 2.332547e+03 2.515152e+03 
1.731515e-01 2.242789e+03 2.437921e+03 
1.761717e-01 2.169503e+03 2.363972e+03 
1.791919e-01 2.111075e+03 2.293127e+03 
1.822121e-01 2.065412e+03 2.225223e+03 
1.852323e-01 2.030056e+03 2.160103e+03 
1.882525e-01 2.002340e+03 2.097625e+03 
1.912727e-01 1.979372e+03 2.037651e+03 
1.942929e-01 1.958194e+03 1.980055e+03 
1.973131e-01 1.935872e+03 1.924716e+03 
2.003333e-01 1.909991e+03 1.871523e+03 
2.033535e-01 1.878668e+03 1.820370e+03 
2.063737e-01 1.841081e+03 1.771158e+03 
2.093939e-01 1.797080e+03 1.723793e+03 
2.124141e-01 1.747301e+03 1.678187e+03 
2.154343e-01 1.692829e+03 1.634256e+03 
2.184545e-01 1.635110e+03 1.591924e+03 
2.214747e-01 1.575746e+03 1.551115e+03 
2.244949e-01 1.516401e+03 1.511760e+03 
2.275152e-01 1.458718e+03 1.473794e+03 
2.305354e-01 1.404187e+03 1.437153e+03 
2.335556e-01 1.354024e+03 1.401779e+03 
2.365758e-01 1.309066e+03 1.367617e+03 
2.395960e-01 1.269767e+03 1.334612e+03 
2.426162e-01 1.236150e+03 1.302716e+03 
2.456364e-01 1.207946e+03 1.271881e+03 
2.486566e-01 1.184542e+03 1.242062e+03 
2.516768e-01 1.165153e+03 1.213217e+03 
2.546970e-01 1.148822e+03 1.185304e+03 
2.577172e-01 1.134526e+03 1.158285e+03 
2.607374e-01 1.121201e+03 1.132124e+03 
2.637576e-01 1.107893e+03 1.106787e+03 
2.667778e-01 1.093752e+03 1.082239e+03 
2.697980e-01 1.078150e+03 1.058450e+03 
2.728182e-01 1.060656e+03 1.035390e+03 
2.758384e-01 1.041106e+03 1.013030e+03 
2.788586e-01 1.019549e+03 9.913433e+02 
2.818788e-01 9.962280e+02 9.703037e+02 
2.848990e-01 9.715400e+02 9.498866e+02 
2.879192e-01 9.459746e+02 9.300687e+02 
2.909394e-01 9.200984e+02 9.108273e+02 
2.939596e-01 8.944867e+02 8.921411e+02 
2.969798e-01 8.696948e+02 8.739896e+02 
3.000000e-01 8.461919e+02 8.563533e+02 
