1.000000e-03 3.612875e+03 3.612871e+03 
4.020202e-03 1.227048e+04 1.236693e+04 
7.040404e-03 1.809950e+04 1.823315e+04 
1.006061e-02 2.176741e+04 2.191874e+04 
1.308081e-02 2.379337e+04 2.396816e+04 
1.610101e-02 2.456960e+04 2.472431e+04 
1.912121e-02 2.441197e+04 2.446362e+04 
2.214141e-02 2.358861e+04 2.349806e+04 
2.516162e-02 2.232845e+04 2.215765e+04 
2.818182e-02 2.082494e+04 2.070663e+04 
3.120202e-02 1.923381e+04 1.930041e+04 
3.422222e-02 1.767285e+04 1.800427e+04 
3.724242e-02 1.622289e+04 1.683213e+04 
4.026263e-02 1.493484e+04 1.577601e+04 
4.328283e-02 1.382730e+04 1.482159e+04 
4.630303e-02 1.289823e+04 1.395456e+04 
4.932323e-02 1.215117e+04 1.316261e+04 
5.234343e-02 1.155983e+04 1.243573e+04 
5.536364e-02 1.108404e+04 1.176584e+04 
5.838384e-02 1.069413e+04 1.114637e+04 
6.140404e-02 1.036264e+04 1.057194e+04 
6.442424e-02 1.006137e+04 1.003803e+04 
6.744444e-02 9.762578e+03 9.540802e+03 
7.046465e-02 9.446451e+03 9.076953e+03 
7.348485e-02 9.100261e+03 8.643586e+03 
7.650505e-02 8.718366e+03 8.238148e+03 
7.952525e-02 8.303148e+03 7.858367e+03 
8.254545e-02 7.863002e+03 7.502206e+03 
8.556566e-02 7.409748e+03 7.167831e+03 
8.858586e-02 6.956476e+03 6.853585e+03 
9.160606e-02 6.515962e+03 6.557964e+03 
9.462626e-02 6.099705e+03 6.279598e+03 
9.764646e-02 5.717710e+03 6.017239e+03 
1.006667e-01 5.377424e+03 5.769746e+03 
1.036869e-01 5.083954e+03 5.536074e+03 
1.067071e-01 4.838162e+03 5.315266e+03 
1.097273e-01 4.638203e+03 5.106442e+03 
1.127475e-01 4.478664e+03 4.908794e+03 
1.157677e-01 4.352581e+03 4.721579e+03 
1.187879e-01 4.251619e+03 4.544111e+03 
1.218081e-01 4.167541e+03 4.375757e+03 
1.248283e-01 4.092411e+03 4.215934e+03 
1.278485e-01 4.019279e+03 4.064101e+03 
1.308687e-01 3.942018e+03 3.919761e+03 
1.338889e-01 3.855933e+03 3.782450e+03 
1.369091e-01 3.757743e+03 3.651739e+03 
1.399293e-01 3.646261e+03 3.527232e+03 
1.429495e-01 3.522074e+03 3.408559e+03 
1.459697e-01 3.387449e+03 3.295377e+03 
1.489899e-01 3.245723e+03 3.187367e+03 
1.520101e-01 3.100835e+03 3.084232e+03 
1.550303e-01 2.956943e+03 2.985695e+03 
1.580505e-01 2.818085e+03 2.891498e+03 
1.610707e-01 2.687857e+03 2.801401e+03 
1.640909e-01 2.569163e+03 2.715178e+03 
1.671111e-01 2.464012e+03 2.632620e+03 
1.701313e-01 2.373228e+03 2.553530e+03 
1.731515e-01 2.296660e+03 2.477724e+03 
1.761717e-01 2.233142e+03 2.405030e+03 
1.791919e-01 2.180974e+03 2.335287e+03 
1.822121e-01 2.137974e+03 2.268342e+03 
1.852323e-01 2.101803e+03 2.204055e+03 
1.882525e-01 2.070014e+03 2.142292e+03 
1.912727e-01 2.040206e+03 2.082926e+03 
1.942929e-01 2.010076e+03 2.025841e+03 
1.973131e-01 1.977749e+03 1.970925e+03 
2.003333e-01 1.941728e+03 1.918074e+03 
2.033535e-01 1.901220e+03 1.867190e+03 
2.063737e-01 1.855946e+03 1.818179e+03 
2.093939e-01 1.806354e+03 1.770954e+03 
2.124141e-01 1.753279e+03 1.725432e+03 
2.154343e-01 1.697913e+03 1.681536e+03 
2.184545e-01 1.641559e+03 1.639192e+03 
2.214747e-01 1.585573e+03 1.598329e+03 
2.244949e-01 1.531252e+03 1.558883e+03 
2.275152e-01 1.479785e+03 1.520791e+03 
2.305354e-01 1.432097e+03 1.483993e+03 
2.335556e-01 1.388844e+03 1.448434e+03 
2.365758e-01 1.350321e+03 1.414060e+03 
2.395960e-01 1.316509e+03 1.380822e+03 
2.426162e-01 1.287124e+03 1.348672e+03 
2.456364e-01 1.261677e+03 1.317564e+03 
2.486566e-01 1.239552e+03 1.287455e+03 
2.516768e-01 1.219992e+03 1.258304e+03 
2.546970e-01 1.202177e+03 1.230073e+03 
2.577172e-01 1.185237e+03 1.202725e+03 
2.607374e-01 1.168367e+03 1.176224e+03 
2.637576e-01 1.150864e+03 1.150537e+03 
2.667778e-01 1.132239e+03 1.125632e+03 
2.697980e-01 1.112179e+03 1.101478e+03 
2.728182e-01 1.090646e+03 1.078048e+03 
2.758384e-01 1.067750e+03 1.055312e+03 
2.788586e-01 1.043762e+03 1.033246e+03 
2.818788e-01 1.019013e+03 1.011823e+03 
2.848990e-01 9.938799e+02 9.910196e+02 
2.879192e-01 9.687710e+02 9.708133e+02 
2.909394e-01 9.441102e+02 9.511820e+02 
2.939596e-01 9.203032e+02 9.321049e+02 
2.969798e-01 8.977228e+02 9.135618e+02 
3.000000e-01 8.766533e+02 8.955338e+02 
