1.000000e-03 3.218370e+03 3.218367e+03 
4.020202e-03 1.108383e+04 1.117125e+04 
7.040404e-03 1.638866e+04 1.650348e+04 
1.006061e-02 1.972276e+04 1.983644e+04 
1.308081e-02 2.157020e+04 2.167835e+04 
1.610101e-02 2.229873e+04 2.236289e+04 
1.912121e-02 2.220084e+04 2.216769e+04 
2.214141e-02 2.152069e+04 2.138995e+04 
2.516162e-02 2.046433e+04 2.031542e+04 
2.818182e-02 1.920237e+04 1.915256e+04 
3.120202e-02 1.786900e+04 1.801528e+04 
3.422222e-02 1.656437e+04 1.694967e+04 
3.724242e-02 1.535541e+04 1.596653e+04 
4.026263e-02 1.428233e+04 1.506241e+04 
4.328283e-02 1.335992e+04 1.422966e+04 
4.630303e-02 1.258135e+04 1.346038e+04 
4.932323e-02 1.194549e+04 1.274759e+04 
5.234343e-02 1.143084e+04 1.208543e+04 
5.536364e-02 1.099666e+04 1.146898e+04 
5.838384e-02 1.062159e+04 1.089407e+04 
6.140404e-02 1.028145e+04 1.035713e+04 
6.442424e-02 9.949522e+03 9.855004e+03 
6.744444e-02 9.608516e+03 9.384925e+03 
7.046465e-02 9.246515e+03 8.944404e+03 
7.348485e-02 8.857416e+03 8.531193e+03 
7.650505e-02 8.442554e+03 8.143252e+03 
7.952525e-02 8.008875e+03 7.778724e+03 
8.254545e-02 7.566813e+03 7.435906e+03 
8.556566e-02 7.128586e+03 7.113240e+03 
8.858586e-02 6.705519e+03 6.809296e+03 
9.160606e-02 6.307555e+03 6.522759e+03 
9.462626e-02 5.942908e+03 6.252418e+03 
9.764646e-02 5.617573e+03 5.997161e+03 
1.006667e-01 5.335363e+03 5.755960e+03 
1.036869e-01 5.096703e+03 5.527870e+03 
1.067071e-01 4.899087e+03 5.312016e+03 
1.097273e-01 4.737030e+03 5.107592e+03 
1.127475e-01 4.603361e+03 4.913854e+03 
1.157677e-01 4.489973e+03 4.730112e+03 
1.187879e-01 4.389174e+03 4.555729e+03 
1.218081e-01 4.293805e+03 4.390114e+03 
1.248283e-01 4.197942e+03 4.232721e+03 
1.278485e-01 4.096780e+03 4.083043e+03 
1.308687e-01 3.987163e+03 3.940609e+03 
1.338889e-01 3.867501e+03 3.804982e+03 
1.369091e-01 3.737847e+03 3.675757e+03 
1.399293e-01 3.599959e+03 3.552557e+03 
1.429495e-01 3.456727e+03 3.435029e+03 
1.459697e-01 3.311626e+03 3.322848e+03 
1.489899e-01 3.168256e+03 3.215708e+03 
1.520101e-01 3.029954e+03 3.113325e+03 
1.550303e-01 2.899728e+03 3.015434e+03 
1.580505e-01 2.780065e+03 2.921788e+03 
1.610707e-01 2.672697e+03 2.832155e+03 
1.640909e-01 2.578526e+03 2.746318e+03 
1.671111e-01 2.497423e+03 2.664076e+03 
1.701313e-01 2.428470e+03 2.585238e+03 
1.731515e-01 2.369748e+03 2.509626e+03 
1.761717e-01 2.318983e+03 2.437075e+03 
1.791919e-01 2.273872e+03 2.367427e+03 
1.822121e-01 2.232213e+03 2.300536e+03 
1.852323e-01 2.191993e+03 2.236264e+03 
1.882525e-01 2.151442e+03 2.174481e+03 
1.912727e-01 2.109062e+03 2.115066e+03 
1.942929e-01 2.063851e+03 2.057903e+03 
1.973131e-01 2.015213e+03 2.002884e+03 
2.003333e-01 1.963216e+03 1.949907e+03 
2.033535e-01 1.908320e+03 1.898877e+03 
2.063737e-01 1.851499e+03 1.849702e+03 
2.093939e-01 1.793897e+03 1.802297e+03 
2.124141e-01 1.736773e+03 1.756581e+03 
2.154343e-01 1.681262e+03 1.712478e+03 
2.184545e-01 1.628339e+03 1.669915e+03 
2.214747e-01 1.578745e+03 1.628824e+03 
2.244949e-01 1.533033e+03 1.589141e+03 
2.275152e-01 1.491466e+03 1.550803e+03 
2.305354e-01 1.454104e+03 1.513754e+03 
2.335556e-01 1.420693e+03 1.477938e+03 
2.365758e-01 1.390822e+03 1.443302e+03 
2.395960e-01 1.363914e+03 1.409797e+03 
2.426162e-01 1.339314e+03 1.377377e+03 
2.456364e-01 1.316312e+03 1.345996e+03 
2.486566e-01 1.294222e+03 1.315612e+03 
2.516768e-01 1.272392e+03 1.286185e+03 
2.546970e-01 1.250272e+03 1.257676e+03 
2.577172e-01 1.227423e+03 1.230048e+03 
2.607374e-01 1.203643e+03 1.203268e+03 
2.637576e-01 1.178895e+03 1.177301e+03 
2.667778e-01 1.153350e+03 1.152117e+03 
2.697980e-01 1.127261e+03 1.127685e+03 
2.728182e-01 1.100948e+03 1.103977e+03 
2.758384e-01 1.074742e+03 1.080964e+03 
2.788586e-01 1.048976e+03 1.058622e+03 
2.818788e-01 1.023950e+03 1.036925e+03 
2.848990e-01 9.999377e+02 1.015850e+03 
2.879192e-01 9.771566e+02 9.953726e+02 
2.909394e-01 9.557713e+02 9.754726e+02 
2.939596e-01 9.358700e+02 9.561287e+02 
2.969798e-01 9.174359e+02 9.373211e+02 
3.000000e-01 9.003552e+02 9.190308e+02 
