1.000000e-03 2.798491e+03 2.798489e+03 
4.020202e-03 9.342589e+03 9.416893e+03 
7.040404e-03 1.362213e+04 1.370341e+04 
1.006061e-02 1.627149e+04 1.630912e+04 
1.308081e-02 1.775413e+04 1.772772e+04 
1.610101e-02 1.839858e+04 1.829429e+04 
1.912121e-02 1.844759e+04 1.827266e+04 
2.214141e-02 1.808970e+04 1.788841e+04 
2.516162e-02 1.747174e+04 1.731115e+04 
2.818182e-02 1.670813e+04 1.664601e+04 
3.120202e-02 1.588452e+04 1.594955e+04 
3.422222e-02 1.506124e+04 1.525055e+04 
3.724242e-02 1.427682e+04 1.456385e+04 
4.026263e-02 1.355315e+04 1.389746e+04 
4.328283e-02 1.289593e+04 1.325582e+04 
4.630303e-02 1.230078e+04 1.264137e+04 
4.932323e-02 1.176788e+04 1.205526e+04 
5.234343e-02 1.128275e+04 1.149780e+04 
5.536364e-02 1.082288e+04 1.096873e+04 
5.838384e-02 1.038154e+04 1.046740e+04 
6.140404e-02 9.952965e+03 9.992896e+03 
6.442424e-02 9.529012e+03 9.544124e+03 
6.744444e-02 9.106829e+03 9.119901e+03 
7.046465e-02 8.686968e+03 8.718992e+03 
7.348485e-02 8.272640e+03 8.340151e+03 
7.650505e-02 7.869500e+03 7.982143e+03 
7.952525e-02 7.484016e+03 7.643764e+03 
8.254545e-02 7.121524e+03 7.323853e+03 
8.556566e-02 6.785220e+03 7.021299e+03 
8.858586e-02 6.476354e+03 6.735046e+03 
9.160606e-02 6.194828e+03 6.464094e+03 
9.462626e-02 5.939967e+03 6.207503e+03 
9.764646e-02 5.710587e+03 5.964386e+03 
1.006667e-01 5.504227e+03 5.733913e+03 
1.036869e-01 5.317161e+03 5.515306e+03 
1.067071e-01 5.144265e+03 5.307838e+03 
1.097273e-01 4.980636e+03 5.110828e+03 
1.127475e-01 4.821974e+03 4.923643e+03 
1.157677e-01 4.665250e+03 4.745690e+03 
1.187879e-01 4.509253e+03 4.576416e+03 
1.218081e-01 4.353666e+03 4.415305e+03 
1.248283e-01 4.199186e+03 4.261876e+03 
1.278485e-01 4.046780e+03 4.115680e+03 
1.308687e-01 3.897668e+03 3.976298e+03 
1.338889e-01 3.753265e+03 3.843339e+03 
1.369091e-01 3.615181e+03 3.716437e+03 
1.399293e-01 3.484622e+03 3.595251e+03 
1.429495e-01 3.362341e+03 3.479461e+03 
1.459697e-01 3.248587e+03 3.368770e+03 
1.489899e-01 3.143136e+03 3.262898e+03 
1.520101e-01 3.045569e+03 3.161583e+03 
1.550303e-01 2.955300e+03 3.064582e+03 
1.580505e-01 2.871520e+03 2.971664e+03 
1.610707e-01 2.793230e+03 2.882615e+03 
1.640909e-01 2.719211e+03 2.797233e+03 
1.671111e-01 2.648110e+03 2.715330e+03 
1.701313e-01 2.578900e+03 2.636727e+03 
1.731515e-01 2.510811e+03 2.561257e+03 
1.761717e-01 2.443525e+03 2.488764e+03 
1.791919e-01 2.377013e+03 2.419099e+03 
1.822121e-01 2.311414e+03 2.352125e+03 
1.852323e-01 2.246956e+03 2.287710e+03 
1.882525e-01 2.183880e+03 2.225731e+03 
1.912727e-01 2.122445e+03 2.166072e+03 
1.942929e-01 2.063009e+03 2.108623e+03 
1.973131e-01 2.005958e+03 2.053282e+03 
2.003333e-01 1.951553e+03 1.999949e+03 
2.033535e-01 1.899968e+03 1.948534e+03 
2.063737e-01 1.851150e+03 1.898950e+03 
2.093939e-01 1.804949e+03 1.851112e+03 
2.124141e-01 1.761132e+03 1.804945e+03 
2.154343e-01 1.719436e+03 1.760373e+03 
2.184545e-01 1.679592e+03 1.717328e+03 
2.214747e-01 1.641326e+03 1.675742e+03 
2.244949e-01 1.604350e+03 1.635554e+03 
2.275152e-01 1.568399e+03 1.596703e+03 
2.305354e-01 1.533306e+03 1.559133e+03 
2.335556e-01 1.498956e+03 1.522791e+03 
2.365758e-01 1.465317e+03 1.487625e+03 
2.395960e-01 1.432383e+03 1.453588e+03 
2.426162e-01 1.400171e+03 1.420633e+03 
2.456364e-01 1.368698e+03 1.388717e+03 
2.486566e-01 1.337979e+03 1.357797e+03 
2.516768e-01 1.308047e+03 1.327835e+03 
2.546970e-01 1.278989e+03 1.298792e+03 
2.577172e-01 1.250892e+03 1.270634e+03 
2.607374e-01 1.223831e+03 1.243324e+03 
2.637576e-01 1.197837e+03 1.216832e+03 
2.667778e-01 1.172847e+03 1.191126e+03 
2.697980e-01 1.148779e+03 1.166176e+03 
2.728182e-01 1.125531e+03 1.141953e+03 
2.758384e-01 1.103017e+03 1.118431e+03 
2.788586e-01 1.081183e+03 1.095585e+03 
2.818788e-01 1.059985e+03 1.073388e+03 
2.848990e-01 1.039389e+03 1.051819e+03 
2.879192e-01 1.019351e+03 1.030853e+03 
2.909394e-01 9.998039e+02 1.010470e+03 
2.939596e-01 9.806931e+02 9.906489e+02 
2.969798e-01 9.619814e+02 9.713699e+02 
3.000000e-01 9.436595e+02 9.526142e+02 
