1.000000e-03 2.193745e+03 2.193743e+03 
4.020202e-03 7.379172e+03 7.441682e+03 
7.040404e-03 1.083327e+04 1.090292e+04 
1.006061e-02 1.304110e+04 1.306365e+04 
1.308081e-02 1.436533e+04 1.431601e+04 
1.610101e-02 1.505979e+04 1.493440e+04 
1.912121e-02 1.530744e+04 1.512058e+04 
2.214141e-02 1.524265e+04 1.502592e+04 
2.516162e-02 1.496645e+04 1.475619e+04 
2.818182e-02 1.455539e+04 1.437973e+04 
3.120202e-02 1.406505e+04 1.393960e+04 
3.422222e-02 1.353559e+04 1.346353e+04 
3.724242e-02 1.299499e+04 1.296991e+04 
4.026263e-02 1.245964e+04 1.247123e+04 
4.328283e-02 1.193082e+04 1.197606e+04 
4.630303e-02 1.142863e+04 1.149024e+04 
4.932323e-02 1.095731e+04 1.101767e+04 
5.234343e-02 1.050037e+04 1.056090e+04 
5.536364e-02 1.005672e+04 1.012146e+04 
5.838384e-02 9.629357e+03 9.700167e+03 
6.140404e-02 9.219433e+03 9.297340e+03 
6.442424e-02 8.826807e+03 8.912921e+03 
6.744444e-02 8.449681e+03 8.546601e+03 
7.046465e-02 8.087316e+03 8.197894e+03 
7.348485e-02 7.740870e+03 7.866198e+03 
7.650505e-02 7.411957e+03 7.550838e+03 
7.952525e-02 7.102614e+03 7.251099e+03 
8.254545e-02 6.813596e+03 6.966244e+03 
8.556566e-02 6.543560e+03 6.695538e+03 
8.858586e-02 6.290570e+03 6.438255e+03 
9.160606e-02 6.052062e+03 6.193686e+03 
9.462626e-02 5.826226e+03 5.961147e+03 
9.764646e-02 5.612529e+03 5.739983e+03 
1.006667e-01 5.410386e+03 5.529564e+03 
1.036869e-01 5.218943e+03 5.329296e+03 
1.067071e-01 5.036948e+03 5.138613e+03 
1.097273e-01 4.862554e+03 4.956980e+03 
1.127475e-01 4.694352e+03 4.783892e+03 
1.157677e-01 4.531707e+03 4.618872e+03 
1.187879e-01 4.374494e+03 4.461474e+03 
1.218081e-01 4.223281e+03 4.311274e+03 
1.248283e-01 4.078598e+03 4.167878e+03 
1.278485e-01 3.940810e+03 4.030911e+03 
1.308687e-01 3.810031e+03 3.900025e+03 
1.338889e-01 3.685996e+03 3.774890e+03 
1.369091e-01 3.568383e+03 3.655198e+03 
1.399293e-01 3.456720e+03 3.540658e+03 
1.429495e-01 3.350476e+03 3.430998e+03 
1.459697e-01 3.249170e+03 3.325962e+03 
1.489899e-01 3.152384e+03 3.225309e+03 
1.520101e-01 3.059726e+03 3.128814e+03 
1.550303e-01 2.970908e+03 3.036263e+03 
1.580505e-01 2.885677e+03 2.947456e+03 
1.610707e-01 2.803752e+03 2.862205e+03 
1.640909e-01 2.724815e+03 2.780333e+03 
1.671111e-01 2.648582e+03 2.701672e+03 
1.701313e-01 2.574937e+03 2.626066e+03 
1.731515e-01 2.503810e+03 2.553367e+03 
1.761717e-01 2.435204e+03 2.483434e+03 
1.791919e-01 2.369202e+03 2.416136e+03 
1.822121e-01 2.305835e+03 2.351348e+03 
1.852323e-01 2.244946e+03 2.288953e+03 
1.882525e-01 2.186338e+03 2.228840e+03 
1.912727e-01 2.129891e+03 2.170904e+03 
1.942929e-01 2.075547e+03 2.115045e+03 
1.973131e-01 2.023249e+03 2.061171e+03 
2.003333e-01 1.972931e+03 2.009192e+03 
2.033535e-01 1.924521e+03 1.959025e+03 
2.063737e-01 1.877869e+03 1.910589e+03 
2.093939e-01 1.832775e+03 1.863809e+03 
2.124141e-01 1.789080e+03 1.818615e+03 
2.154343e-01 1.746747e+03 1.774937e+03 
2.184545e-01 1.705756e+03 1.732711e+03 
2.214747e-01 1.666082e+03 1.691878e+03 
2.244949e-01 1.627696e+03 1.652378e+03 
2.275152e-01 1.590554e+03 1.614156e+03 
2.305354e-01 1.554581e+03 1.577160e+03 
2.335556e-01 1.519701e+03 1.541340e+03 
2.365758e-01 1.485887e+03 1.506649e+03 
2.395960e-01 1.453140e+03 1.473042e+03 
2.426162e-01 1.421445e+03 1.440476e+03 
2.456364e-01 1.390763e+03 1.408910e+03 
2.486566e-01 1.361049e+03 1.378304e+03 
2.516768e-01 1.332242e+03 1.348622e+03 
2.546970e-01 1.304272e+03 1.319829e+03 
2.577172e-01 1.277092e+03 1.291891e+03 
2.607374e-01 1.250691e+03 1.264774e+03 
2.637576e-01 1.225058e+03 1.238450e+03 
2.667778e-01 1.200175e+03 1.212887e+03 
2.697980e-01 1.176019e+03 1.188059e+03 
2.728182e-01 1.152557e+03 1.163938e+03 
2.758384e-01 1.129743e+03 1.140499e+03 
2.788586e-01 1.107534e+03 1.117717e+03 
2.818788e-01 1.085912e+03 1.095569e+03 
2.848990e-01 1.064868e+03 1.074032e+03 
2.879192e-01 1.044393e+03 1.053084e+03 
2.909394e-01 1.024484e+03 1.032707e+03 
2.939596e-01 1.005131e+03 1.012878e+03 
2.969798e-01 9.863032e+02 9.935803e+02 
3.000000e-01 9.679650e+02 9.747951e+02 
