1.000000e-03 2.191696e+03 2.191694e+03 
4.020202e-03 7.341425e+03 7.402882e+03 
7.040404e-03 1.077662e+04 1.084526e+04 
1.006061e-02 1.297912e+04 1.300225e+04 
1.308081e-02 1.430429e+04 1.425809e+04 
1.610101e-02 1.500211e+04 1.488126e+04 
1.912121e-02 1.525191e+04 1.507059e+04 
2.214141e-02 1.518789e+04 1.497748e+04 
2.516162e-02 1.491135e+04 1.470894e+04 
2.818182e-02 1.449882e+04 1.433421e+04 
3.120202e-02 1.400714e+04 1.389659e+04 
3.422222e-02 1.347732e+04 1.342365e+04 
3.724242e-02 1.293688e+04 1.293352e+04 
4.026263e-02 1.240389e+04 1.243846e+04 
4.328283e-02 1.188724e+04 1.194687e+04 
4.630303e-02 1.138851e+04 1.146448e+04 
4.932323e-02 1.091569e+04 1.099515e+04 
5.234343e-02 1.046767e+04 1.054137e+04 
5.536364e-02 1.003200e+04 1.010467e+04 
5.838384e-02 9.609328e+03 9.685866e+03 
6.140404e-02 9.205043e+03 9.285290e+03 
6.442424e-02 8.817407e+03 8.902896e+03 
6.744444e-02 8.443437e+03 8.538392e+03 
7.046465e-02 8.082838e+03 8.191309e+03 
7.348485e-02 7.736429e+03 7.861062e+03 
7.650505e-02 7.406526e+03 7.546992e+03 
7.952525e-02 7.095352e+03 7.248399e+03 
8.254545e-02 6.804163e+03 6.964561e+03 
8.556566e-02 6.532974e+03 6.694756e+03 
8.858586e-02 6.279494e+03 6.438268e+03 
9.160606e-02 6.041386e+03 6.194402e+03 
9.462626e-02 5.816768e+03 5.962482e+03 
9.764646e-02 5.604371e+03 5.741860e+03 
1.006667e-01 5.403758e+03 5.531918e+03 
1.036869e-01 5.214094e+03 5.332066e+03 
1.067071e-01 5.033945e+03 5.141745e+03 
1.097273e-01 4.861672e+03 4.960425e+03 
1.127475e-01 4.695499e+03 4.787608e+03 
1.157677e-01 4.534423e+03 4.622821e+03 
1.187879e-01 4.378199e+03 4.465620e+03 
1.218081e-01 4.227189e+03 4.315588e+03 
1.248283e-01 4.082181e+03 4.172331e+03 
1.278485e-01 3.943660e+03 4.035480e+03 
1.308687e-01 3.811907e+03 3.904687e+03 
1.338889e-01 3.686997e+03 3.779626e+03 
1.369091e-01 3.568621e+03 3.659991e+03 
1.399293e-01 3.456409e+03 3.545492e+03 
1.429495e-01 3.349867e+03 3.435860e+03 
1.459697e-01 3.248461e+03 3.330839e+03 
1.489899e-01 3.151736e+03 3.230191e+03 
1.520101e-01 3.059341e+03 3.133690e+03 
1.550303e-01 2.970936e+03 3.041125e+03 
1.580505e-01 2.886212e+03 2.952297e+03 
1.610707e-01 2.804862e+03 2.867018e+03 
1.640909e-01 2.726528e+03 2.785112e+03 
1.671111e-01 2.650814e+03 2.706413e+03 
1.701313e-01 2.577448e+03 2.630764e+03 
1.731515e-01 2.506435e+03 2.558018e+03 
1.761717e-01 2.437819e+03 2.488034e+03 
1.791919e-01 2.371674e+03 2.420683e+03 
1.822121e-01 2.308085e+03 2.355840e+03 
1.852323e-01 2.247016e+03 2.293387e+03 
1.882525e-01 2.188264e+03 2.233214e+03 
1.912727e-01 2.131648e+03 2.175217e+03 
1.942929e-01 2.077117e+03 2.119297e+03 
1.973131e-01 2.024654e+03 2.065360e+03 
2.003333e-01 1.974214e+03 2.013318e+03 
2.033535e-01 1.925731e+03 1.963086e+03 
2.063737e-01 1.879100e+03 1.914586e+03 
2.093939e-01 1.834118e+03 1.867742e+03 
2.124141e-01 1.790582e+03 1.822483e+03 
2.154343e-01 1.748385e+03 1.778740e+03 
2.184545e-01 1.707472e+03 1.736451e+03 
2.214747e-01 1.667810e+03 1.695553e+03 
2.244949e-01 1.629403e+03 1.655990e+03 
2.275152e-01 1.592244e+03 1.617705e+03 
2.305354e-01 1.556267e+03 1.580647e+03 
2.335556e-01 1.521393e+03 1.544765e+03 
2.365758e-01 1.487570e+03 1.510013e+03 
2.395960e-01 1.454773e+03 1.476346e+03 
2.426162e-01 1.422985e+03 1.443720e+03 
2.456364e-01 1.392198e+03 1.412095e+03 
2.486566e-01 1.362404e+03 1.381431e+03 
2.516768e-01 1.333553e+03 1.351692e+03 
2.546970e-01 1.305572e+03 1.322842e+03 
2.577172e-01 1.278404e+03 1.294848e+03 
2.607374e-01 1.252015e+03 1.267677e+03 
2.637576e-01 1.226375e+03 1.241298e+03 
2.667778e-01 1.201471e+03 1.215683e+03 
2.697980e-01 1.177291e+03 1.190803e+03 
2.728182e-01 1.153809e+03 1.166631e+03 
2.758384e-01 1.130982e+03 1.143141e+03 
2.788586e-01 1.108772e+03 1.120310e+03 
2.818788e-01 1.087153e+03 1.098113e+03 
2.848990e-01 1.066103e+03 1.076528e+03 
2.879192e-01 1.045610e+03 1.055534e+03 
2.909394e-01 1.025668e+03 1.035110e+03 
2.939596e-01 1.006269e+03 1.015237e+03 
2.969798e-01 9.873972e+02 9.958948e+02 
3.000000e-01 9.690345e+02 9.770661e+02 
