1.000000e-03 3.923789e+03 3.923786e+03 
4.020202e-03 1.328111e+04 1.338645e+04 
7.040404e-03 1.945823e+04 1.959915e+04 
1.006061e-02 2.324497e+04 2.339741e+04 
1.308081e-02 2.524811e+04 2.541294e+04 
1.610101e-02 2.591771e+04 2.604463e+04 
1.912121e-02 2.561081e+04 2.561967e+04 
2.214141e-02 2.462429e+04 2.449742e+04 
2.516162e-02 2.320857e+04 2.303461e+04 
2.818182e-02 2.157031e+04 2.149651e+04 
3.120202e-02 1.987215e+04 2.002706e+04 
3.422222e-02 1.823352e+04 1.868034e+04 
3.724242e-02 1.673331e+04 1.746355e+04 
4.026263e-02 1.541799e+04 1.636570e+04 
4.328283e-02 1.430026e+04 1.537147e+04 
4.630303e-02 1.337212e+04 1.446642e+04 
4.932323e-02 1.263264e+04 1.363840e+04 
5.234343e-02 1.204734e+04 1.287755e+04 
5.536364e-02 1.157081e+04 1.217588e+04 
5.838384e-02 1.117576e+04 1.152685e+04 
6.140404e-02 1.082698e+04 1.092504e+04 
6.442424e-02 1.049253e+04 1.036585e+04 
6.744444e-02 1.015043e+04 9.845325e+03 
7.046465e-02 9.783657e+03 9.360031e+03 
7.348485e-02 9.382806e+03 8.906942e+03 
7.650505e-02 8.946451e+03 8.483372e+03 
7.952525e-02 8.480458e+03 8.086920e+03 
8.254545e-02 7.996281e+03 7.715428e+03 
8.556566e-02 7.508108e+03 7.366947e+03 
8.858586e-02 7.030465e+03 7.039715e+03 
9.160606e-02 6.576856e+03 6.732128e+03 
9.462626e-02 6.158587e+03 6.442730e+03 
9.764646e-02 5.784615e+03 6.170188e+03 
1.006667e-01 5.460097e+03 5.913290e+03 
1.036869e-01 5.187120e+03 5.670921e+03 
1.067071e-01 4.963321e+03 5.442064e+03 
1.097273e-01 4.783820e+03 5.225784e+03 
1.127475e-01 4.640820e+03 5.021222e+03 
1.157677e-01 4.525736e+03 4.827588e+03 
1.187879e-01 4.429560e+03 4.644156e+03 
1.218081e-01 4.343755e+03 4.470255e+03 
1.248283e-01 4.260349e+03 4.305268e+03 
1.278485e-01 4.172627e+03 4.148624e+03 
1.308687e-01 4.075134e+03 3.999796e+03 
1.338889e-01 3.964948e+03 3.858295e+03 
1.369091e-01 3.840988e+03 3.723670e+03 
1.399293e-01 3.704537e+03 3.595501e+03 
1.429495e-01 3.558247e+03 3.473401e+03 
1.459697e-01 3.405894e+03 3.357008e+03 
1.489899e-01 3.251551e+03 3.245987e+03 
1.520101e-01 3.099395e+03 3.140027e+03 
1.550303e-01 2.953505e+03 3.038836e+03 
1.580505e-01 2.817600e+03 2.942146e+03 
1.610707e-01 2.694634e+03 2.849703e+03 
1.640909e-01 2.586546e+03 2.761272e+03 
1.671111e-01 2.494061e+03 2.676633e+03 
1.701313e-01 2.416497e+03 2.595582e+03 
1.731515e-01 2.352179e+03 2.517926e+03 
1.761717e-01 2.298825e+03 2.443485e+03 
1.791919e-01 2.253926e+03 2.372091e+03 
1.822121e-01 2.214928e+03 2.303587e+03 
1.852323e-01 2.179359e+03 2.237824e+03 
1.882525e-01 2.144889e+03 2.174664e+03 
1.912727e-01 2.109378e+03 2.113975e+03 
1.942929e-01 2.070916e+03 2.055636e+03 
1.973131e-01 2.028266e+03 1.999531e+03 
2.003333e-01 1.980744e+03 1.945551e+03 
2.033535e-01 1.928609e+03 1.893595e+03 
2.063737e-01 1.872613e+03 1.843566e+03 
2.093939e-01 1.814047e+03 1.795374e+03 
2.124141e-01 1.754301e+03 1.748932e+03 
2.154343e-01 1.694797e+03 1.704161e+03 
2.184545e-01 1.636856e+03 1.660983e+03 
2.214747e-01 1.581686e+03 1.619326e+03 
2.244949e-01 1.530215e+03 1.579123e+03 
2.275152e-01 1.483159e+03 1.540309e+03 
2.305354e-01 1.440924e+03 1.502823e+03 
2.335556e-01 1.403621e+03 1.466607e+03 
2.365758e-01 1.371009e+03 1.431606e+03 
2.395960e-01 1.342597e+03 1.397769e+03 
2.426162e-01 1.317702e+03 1.365045e+03 
2.456364e-01 1.295493e+03 1.333389e+03 
2.486566e-01 1.275087e+03 1.302756e+03 
2.516768e-01 1.255611e+03 1.273104e+03 
2.546970e-01 1.236263e+03 1.244393e+03 
2.577172e-01 1.216365e+03 1.216585e+03 
2.607374e-01 1.195435e+03 1.189643e+03 
2.637576e-01 1.173193e+03 1.163534e+03 
2.667778e-01 1.149584e+03 1.138223e+03 
2.697980e-01 1.124708e+03 1.113681e+03 
2.728182e-01 1.098841e+03 1.089878e+03 
2.758384e-01 1.072335e+03 1.066784e+03 
2.788586e-01 1.045611e+03 1.044373e+03 
2.818788e-01 1.019105e+03 1.022620e+03 
2.848990e-01 9.932611e+02 1.001499e+03 
2.879192e-01 9.684633e+02 9.809871e+02 
2.909394e-01 9.450352e+02 9.610620e+02 
2.939596e-01 9.231866e+02 9.417021e+02 
2.969798e-01 9.030417e+02 9.228869e+02 
3.000000e-01 8.845910e+02 9.045969e+02 
