1.000000e-03 5.974231e+03 5.974225e+03 
4.020202e-03 1.977388e+04 1.993139e+04 
7.040404e-03 2.875216e+04 2.898690e+04 
1.006061e-02 3.415332e+04 3.447840e+04 
1.308081e-02 3.686108e+04 3.732319e+04 
1.610101e-02 3.752555e+04 3.804651e+04 
1.912121e-02 3.667200e+04 3.704129e+04 
2.214141e-02 3.474878e+04 3.478807e+04 
2.516162e-02 3.214785e+04 3.187076e+04 
2.818182e-02 2.920027e+04 2.881675e+04 
3.120202e-02 2.617391e+04 2.596202e+04 
3.422222e-02 2.327039e+04 2.344680e+04 
3.724242e-02 2.062553e+04 2.128685e+04 
4.026263e-02 1.832030e+04 1.944285e+04 
4.328283e-02 1.637549e+04 1.786137e+04 
4.630303e-02 1.479368e+04 1.649262e+04 
4.932323e-02 1.356428e+04 1.529562e+04 
5.234343e-02 1.263396e+04 1.423830e+04 
5.536364e-02 1.194708e+04 1.329601e+04 
5.838384e-02 1.145160e+04 1.244978e+04 
6.140404e-02 1.109650e+04 1.168489e+04 
6.442424e-02 1.082892e+04 1.098973e+04 
6.744444e-02 1.060200e+04 1.035504e+04 
7.046465e-02 1.037640e+04 9.773283e+03 
7.348485e-02 1.011928e+04 9.238255e+03 
7.650505e-02 9.807248e+03 8.744763e+03 
7.952525e-02 9.428035e+03 8.288410e+03 
8.254545e-02 8.980730e+03 7.865435e+03 
8.556566e-02 8.474279e+03 7.472591e+03 
8.858586e-02 7.924813e+03 7.107046e+03 
9.160606e-02 7.352952e+03 6.766319e+03 
9.462626e-02 6.781328e+03 6.448219e+03 
9.764646e-02 6.231317e+03 6.150804e+03 
1.006667e-01 5.722232e+03 5.872342e+03 
1.036869e-01 5.267880e+03 5.611283e+03 
1.067071e-01 4.877718e+03 5.366236e+03 
1.097273e-01 4.555032e+03 5.135949e+03 
1.127475e-01 4.298950e+03 4.919287e+03 
1.157677e-01 4.104498e+03 4.715227e+03 
1.187879e-01 3.964507e+03 4.522836e+03 
1.218081e-01 3.870315e+03 4.341268e+03 
1.248283e-01 3.811804e+03 4.169751e+03 
1.278485e-01 3.778180e+03 4.007579e+03 
1.308687e-01 3.758129e+03 3.854107e+03 
1.338889e-01 3.740824e+03 3.708744e+03 
1.369091e-01 3.716251e+03 3.570947e+03 
1.399293e-01 3.676630e+03 3.440217e+03 
1.429495e-01 3.616114e+03 3.316096e+03 
1.459697e-01 3.531913e+03 3.198160e+03 
1.489899e-01 3.423446e+03 3.086019e+03 
1.520101e-01 3.292632e+03 2.979313e+03 
1.550303e-01 3.143369e+03 2.877706e+03 
1.580505e-01 2.981076e+03 2.780892e+03 
1.610707e-01 2.812529e+03 2.688583e+03 
1.640909e-01 2.644807e+03 2.600514e+03 
1.671111e-01 2.484632e+03 2.516437e+03 
1.701313e-01 2.337389e+03 2.436124e+03 
1.731515e-01 2.206852e+03 2.359360e+03 
1.761717e-01 2.095066e+03 2.285947e+03 
1.791919e-01 2.002848e+03 2.215699e+03 
1.822121e-01 1.929688e+03 2.148443e+03 
1.852323e-01 1.874372e+03 2.084017e+03 
1.882525e-01 1.834992e+03 2.022270e+03 
1.912727e-01 1.809041e+03 1.963060e+03 
1.942929e-01 1.793493e+03 1.906256e+03 
1.973131e-01 1.784813e+03 1.851732e+03 
2.003333e-01 1.779290e+03 1.799373e+03 
2.033535e-01 1.773288e+03 1.749069e+03 
2.063737e-01 1.763639e+03 1.700718e+03 
2.093939e-01 1.747850e+03 1.654223e+03 
2.124141e-01 1.724336e+03 1.609494e+03 
2.154343e-01 1.692256e+03 1.566445e+03 
2.184545e-01 1.651672e+03 1.524996e+03 
2.214747e-01 1.603253e+03 1.485071e+03 
2.244949e-01 1.548398e+03 1.446600e+03 
2.275152e-01 1.488916e+03 1.409514e+03 
2.305354e-01 1.426942e+03 1.373751e+03 
2.335556e-01 1.364716e+03 1.339249e+03 
2.365758e-01 1.304419e+03 1.305953e+03 
2.395960e-01 1.247900e+03 1.273808e+03 
2.426162e-01 1.196636e+03 1.242765e+03 
2.456364e-01 1.151603e+03 1.212774e+03 
2.486566e-01 1.113306e+03 1.183791e+03 
2.516768e-01 1.081855e+03 1.155772e+03 
2.546970e-01 1.056922e+03 1.128676e+03 
2.577172e-01 1.037896e+03 1.102465e+03 
2.607374e-01 1.023844e+03 1.077101e+03 
2.637576e-01 1.013662e+03 1.052550e+03 
2.667778e-01 1.006116e+03 1.028778e+03 
2.697980e-01 9.999470e+02 1.005755e+03 
2.728182e-01 9.939257e+02 9.834492e+02 
2.758384e-01 9.869574e+02 9.618328e+02 
2.788586e-01 9.781151e+02 9.408784e+02 
2.818788e-01 9.667303e+02 9.205603e+02 
2.848990e-01 9.524006e+02 9.008537e+02 
2.879192e-01 9.349822e+02 8.817351e+02 
2.909394e-01 9.146482e+02 8.631822e+02 
2.939596e-01 8.917765e+02 8.451735e+02 
2.969798e-01 8.669688e+02 8.276886e+02 
3.000000e-01 8.409352e+02 8.107082e+02 
