1.000000e-03 5.574089e+03 5.574084e+03 
4.020202e-03 1.836145e+04 1.850881e+04 
7.040404e-03 2.654816e+04 2.675746e+04 
1.006061e-02 3.138268e+04 3.165124e+04 
1.308081e-02 3.374182e+04 3.409469e+04 
1.610101e-02 3.425815e+04 3.461769e+04 
1.912121e-02 3.343103e+04 3.363235e+04 
2.214141e-02 3.167865e+04 3.161925e+04 
2.516162e-02 2.935621e+04 2.910865e+04 
2.818182e-02 2.675968e+04 2.653391e+04 
3.120202e-02 2.412179e+04 2.414457e+04 
3.422222e-02 2.161386e+04 2.203183e+04 
3.724242e-02 1.934758e+04 2.019724e+04 
4.026263e-02 1.738709e+04 1.860691e+04 
4.328283e-02 1.574334e+04 1.722000e+04 
4.630303e-02 1.441045e+04 1.599982e+04 
4.932323e-02 1.338161e+04 1.491652e+04 
5.234343e-02 1.260055e+04 1.394679e+04 
5.536364e-02 1.201428e+04 1.307251e+04 
5.838384e-02 1.157819e+04 1.227955e+04 
6.140404e-02 1.123711e+04 1.155673e+04 
6.442424e-02 1.094647e+04 1.089509e+04 
6.744444e-02 1.066942e+04 1.028729e+04 
7.046465e-02 1.037375e+04 9.727255e+03 
7.348485e-02 1.003585e+04 9.209871e+03 
7.650505e-02 9.641764e+03 8.730778e+03 
7.952525e-02 9.187883e+03 8.286221e+03 
8.254545e-02 8.681593e+03 7.872938e+03 
8.556566e-02 8.137922e+03 7.488068e+03 
8.858586e-02 7.576306e+03 7.129091e+03 
9.160606e-02 7.017901e+03 6.793771e+03 
9.462626e-02 6.482524e+03 6.480115e+03 
9.764646e-02 5.987383e+03 6.186341e+03 
1.006667e-01 5.545428e+03 5.910849e+03 
1.036869e-01 5.164641e+03 5.652195e+03 
1.067071e-01 4.848335e+03 5.409078e+03 
1.097273e-01 4.595036e+03 5.180317e+03 
1.127475e-01 4.400256e+03 4.964842e+03 
1.157677e-01 4.256304e+03 4.761678e+03 
1.187879e-01 4.153992e+03 4.569938e+03 
1.218081e-01 4.082803e+03 4.388812e+03 
1.248283e-01 4.031747e+03 4.217558e+03 
1.278485e-01 3.989736e+03 4.055498e+03 
1.308687e-01 3.946712e+03 3.902009e+03 
1.338889e-01 3.893945e+03 3.756519e+03 
1.369091e-01 3.825286e+03 3.618501e+03 
1.399293e-01 3.736891e+03 3.487472e+03 
1.429495e-01 3.627547e+03 3.362985e+03 
1.459697e-01 3.498281e+03 3.244627e+03 
1.489899e-01 3.351827e+03 3.132016e+03 
1.520101e-01 3.192727e+03 3.024801e+03 
1.550303e-01 3.026512e+03 2.922654e+03 
1.580505e-01 2.859680e+03 2.825273e+03 
1.610707e-01 2.698525e+03 2.732376e+03 
1.640909e-01 2.548781e+03 2.643702e+03 
1.671111e-01 2.414459e+03 2.559007e+03 
1.701313e-01 2.298151e+03 2.478067e+03 
1.731515e-01 2.200470e+03 2.400669e+03 
1.761717e-01 2.121028e+03 2.326618e+03 
1.791919e-01 2.058468e+03 2.255731e+03 
1.822121e-01 2.010899e+03 2.187835e+03 
1.852323e-01 1.975952e+03 2.122770e+03 
1.882525e-01 1.950757e+03 2.060388e+03 
1.912727e-01 1.932108e+03 2.000548e+03 
1.942929e-01 1.916435e+03 1.943117e+03 
1.973131e-01 1.900304e+03 1.887974e+03 
2.003333e-01 1.880684e+03 1.835002e+03 
2.033535e-01 1.855397e+03 1.784092e+03 
2.063737e-01 1.823099e+03 1.735144e+03 
2.093939e-01 1.783447e+03 1.688060e+03 
2.124141e-01 1.736722e+03 1.642750e+03 
2.154343e-01 1.683877e+03 1.599130e+03 
2.184545e-01 1.626233e+03 1.557119e+03 
2.214747e-01 1.565484e+03 1.516642e+03 
2.244949e-01 1.503555e+03 1.477627e+03 
2.275152e-01 1.442490e+03 1.440008e+03 
2.305354e-01 1.384144e+03 1.403720e+03 
2.335556e-01 1.330112e+03 1.368704e+03 
2.365758e-01 1.281496e+03 1.334903e+03 
2.395960e-01 1.238963e+03 1.302264e+03 
2.426162e-01 1.202717e+03 1.270734e+03 
2.456364e-01 1.172571e+03 1.240267e+03 
2.486566e-01 1.148058e+03 1.210817e+03 
2.516768e-01 1.128425e+03 1.182340e+03 
2.546970e-01 1.112744e+03 1.154796e+03 
2.577172e-01 1.099888e+03 1.128145e+03 
2.607374e-01 1.088676e+03 1.102351e+03 
2.637576e-01 1.077907e+03 1.077378e+03 
2.667778e-01 1.066545e+03 1.053193e+03 
2.697980e-01 1.053715e+03 1.029764e+03 
2.728182e-01 1.038858e+03 1.007062e+03 
2.758384e-01 1.021636e+03 9.850569e+02 
2.788586e-01 1.001990e+03 9.637220e+02 
2.818788e-01 9.800600e+02 9.430311e+02 
2.848990e-01 9.561663e+02 9.229594e+02 
2.879192e-01 9.307943e+02 9.034833e+02 
2.909394e-01 9.045315e+02 8.845801e+02 
2.939596e-01 8.780668e+02 8.662284e+02 
2.969798e-01 8.520854e+02 8.484075e+02 
3.000000e-01 8.272252e+02 8.310979e+02 
