1.000000e-03 2.364668e+03 2.364666e+03 
4.020202e-03 7.971601e+03 8.034708e+03 
7.040404e-03 1.174613e+04 1.181856e+04 
1.006061e-02 1.416823e+04 1.420601e+04 
1.308081e-02 1.560091e+04 1.558545e+04 
1.610101e-02 1.630728e+04 1.622617e+04 
1.912121e-02 1.648563e+04 1.634165e+04 
2.214141e-02 1.629204e+04 1.611808e+04 
2.516162e-02 1.585067e+04 1.570123e+04 
2.818182e-02 1.525997e+04 1.518602e+04 
3.120202e-02 1.459515e+04 1.462631e+04 
3.422222e-02 1.391133e+04 1.405105e+04 
3.724242e-02 1.324544e+04 1.347606e+04 
4.026263e-02 1.262013e+04 1.291045e+04 
4.328283e-02 1.204489e+04 1.235973e+04 
4.630303e-02 1.151737e+04 1.182730e+04 
4.932323e-02 1.104059e+04 1.131521e+04 
5.234343e-02 1.060769e+04 1.082457e+04 
5.536364e-02 1.019716e+04 1.035586e+04 
5.838384e-02 9.801964e+03 9.909082e+03 
6.140404e-02 9.420276e+03 9.483916e+03 
6.442424e-02 9.045776e+03 9.079808e+03 
6.744444e-02 8.673629e+03 8.696053e+03 
7.046465e-02 8.301563e+03 8.331846e+03 
7.348485e-02 7.931037e+03 7.986321e+03 
7.650505e-02 7.566133e+03 7.658586e+03 
7.952525e-02 7.213053e+03 7.347743e+03 
8.254545e-02 6.877570e+03 7.052903e+03 
8.556566e-02 6.564040e+03 6.773200e+03 
8.858586e-02 6.274221e+03 6.507793e+03 
9.160606e-02 6.008123e+03 6.255879e+03 
9.462626e-02 5.764756e+03 6.016688e+03 
9.764646e-02 5.543189e+03 5.789492e+03 
1.006667e-01 5.342144e+03 5.573597e+03 
1.036869e-01 5.159709e+03 5.368351e+03 
1.067071e-01 4.992650e+03 5.173140e+03 
1.097273e-01 4.837162e+03 4.987383e+03 
1.127475e-01 4.689125e+03 4.810537e+03 
1.157677e-01 4.544618e+03 4.642090e+03 
1.187879e-01 4.401456e+03 4.481564e+03 
1.218081e-01 4.258357e+03 4.328510e+03 
1.248283e-01 4.115562e+03 4.182504e+03 
1.278485e-01 3.973882e+03 4.043154e+03 
1.308687e-01 3.834489e+03 3.910088e+03 
1.338889e-01 3.698645e+03 3.782960e+03 
1.369091e-01 3.567522e+03 3.661445e+03 
1.399293e-01 3.442196e+03 3.545237e+03 
1.429495e-01 3.323434e+03 3.434052e+03 
1.459697e-01 3.211809e+03 3.327620e+03 
1.489899e-01 3.107456e+03 3.225690e+03 
1.520101e-01 3.010345e+03 3.128026e+03 
1.550303e-01 2.920243e+03 3.034407e+03 
1.580505e-01 2.836755e+03 2.944623e+03 
1.610707e-01 2.759106e+03 2.858480e+03 
1.640909e-01 2.686361e+03 2.775792e+03 
1.671111e-01 2.617325e+03 2.696388e+03 
1.701313e-01 2.550848e+03 2.620103e+03 
1.731515e-01 2.486049e+03 2.546785e+03 
1.761717e-01 2.422276e+03 2.476289e+03 
1.791919e-01 2.359365e+03 2.408479e+03 
1.822121e-01 2.297289e+03 2.343226e+03 
1.852323e-01 2.236158e+03 2.280410e+03 
1.882525e-01 2.176101e+03 2.219915e+03 
1.912727e-01 2.117231e+03 2.161634e+03 
1.942929e-01 2.059721e+03 2.105466e+03 
1.973131e-01 2.003875e+03 2.051312e+03 
2.003333e-01 1.950029e+03 1.999083e+03 
2.033535e-01 1.898552e+03 1.948693e+03 
2.063737e-01 1.849683e+03 1.900058e+03 
2.093939e-01 1.803405e+03 1.853103e+03 
2.124141e-01 1.759584e+03 1.807754e+03 
2.154343e-01 1.717928e+03 1.763941e+03 
2.184545e-01 1.678164e+03 1.721599e+03 
2.214747e-01 1.640080e+03 1.680665e+03 
2.244949e-01 1.603483e+03 1.641080e+03 
2.275152e-01 1.568188e+03 1.602788e+03 
2.305354e-01 1.534010e+03 1.565734e+03 
2.335556e-01 1.500751e+03 1.529869e+03 
2.365758e-01 1.468241e+03 1.495145e+03 
2.395960e-01 1.436352e+03 1.461514e+03 
2.426162e-01 1.405027e+03 1.428933e+03 
2.456364e-01 1.374304e+03 1.397362e+03 
2.486566e-01 1.344237e+03 1.366759e+03 
2.516768e-01 1.314896e+03 1.337087e+03 
2.546970e-01 1.286331e+03 1.308311e+03 
2.577172e-01 1.258573e+03 1.280396e+03 
2.607374e-01 1.231651e+03 1.253309e+03 
2.637576e-01 1.205595e+03 1.227019e+03 
2.667778e-01 1.180432e+03 1.201496e+03 
2.697980e-01 1.156181e+03 1.176712e+03 
2.728182e-01 1.132829e+03 1.152640e+03 
2.758384e-01 1.110325e+03 1.129253e+03 
2.788586e-01 1.088602e+03 1.106526e+03 
2.818788e-01 1.067569e+03 1.084436e+03 
2.848990e-01 1.047149e+03 1.062961e+03 
2.879192e-01 1.027274e+03 1.042078e+03 
2.909394e-01 1.007894e+03 1.021767e+03 
2.939596e-01 9.889785e+02 1.002007e+03 
2.969798e-01 9.705038e+02 9.827794e+02 
3.000000e-01 9.524528e+02 9.640664e+02 
