1.000000e-03 4.039635e+03 4.039632e+03 
4.020202e-03 1.349709e+04 1.360477e+04 
7.040404e-03 1.967656e+04 1.982014e+04 
1.006061e-02 2.343631e+04 2.359052e+04 
1.308081e-02 2.540637e+04 2.557238e+04 
1.610101e-02 2.604578e+04 2.617523e+04 
1.912121e-02 2.571479e+04 2.572817e+04 
2.214141e-02 2.470929e+04 2.458720e+04 
2.516162e-02 2.327950e+04 2.310577e+04 
2.818182e-02 2.162891e+04 2.154873e+04 
3.120202e-02 1.991920e+04 2.006124e+04 
3.422222e-02 1.826864e+04 1.869848e+04 
3.724242e-02 1.675561e+04 1.746809e+04 
4.026263e-02 1.542629e+04 1.635906e+04 
4.328283e-02 1.429511e+04 1.535576e+04 
4.630303e-02 1.335270e+04 1.444344e+04 
4.932323e-02 1.259773e+04 1.360962e+04 
5.234343e-02 1.200072e+04 1.284415e+04 
5.536364e-02 1.151481e+04 1.213884e+04 
5.838384e-02 1.111189e+04 1.148697e+04 
6.140404e-02 1.075883e+04 1.088295e+04 
6.442424e-02 1.042323e+04 1.032207e+04 
6.744444e-02 1.008296e+04 9.800289e+03 
7.046465e-02 9.721060e+03 9.314095e+03 
7.348485e-02 9.327198e+03 8.860401e+03 
7.650505e-02 8.898952e+03 8.436468e+03 
7.952525e-02 8.441284e+03 8.039853e+03 
8.254545e-02 7.964395e+03 7.668365e+03 
8.556566e-02 7.481806e+03 7.320026e+03 
8.858586e-02 7.007889e+03 6.993049e+03 
9.160606e-02 6.555929e+03 6.685812e+03 
9.462626e-02 6.137253e+03 6.396839e+03 
9.764646e-02 5.760757e+03 6.124787e+03 
1.006667e-01 5.432213e+03 5.868428e+03 
1.036869e-01 5.153998e+03 5.626640e+03 
1.067071e-01 4.924484e+03 5.398396e+03 
1.097273e-01 4.739267e+03 5.182754e+03 
1.127475e-01 4.591287e+03 4.978850e+03 
1.157677e-01 4.472421e+03 4.785887e+03 
1.187879e-01 4.373931e+03 4.603135e+03 
1.218081e-01 4.287333e+03 4.429921e+03 
1.248283e-01 4.204710e+03 4.265623e+03 
1.278485e-01 4.119298e+03 4.109668e+03 
1.308687e-01 4.025520e+03 3.961526e+03 
1.338889e-01 3.920042e+03 3.820708e+03 
1.369091e-01 3.801211e+03 3.686759e+03 
1.399293e-01 3.669999e+03 3.559260e+03 
1.429495e-01 3.528605e+03 3.437822e+03 
1.459697e-01 3.380452e+03 3.322082e+03 
1.489899e-01 3.229355e+03 3.211705e+03 
1.520101e-01 3.079389e+03 3.106377e+03 
1.550303e-01 2.934500e+03 3.005809e+03 
1.580505e-01 2.798407e+03 2.909730e+03 
1.610707e-01 2.674141e+03 2.817887e+03 
1.640909e-01 2.563984e+03 2.730045e+03 
1.671111e-01 2.468838e+03 2.645984e+03 
1.701313e-01 2.388524e+03 2.565498e+03 
1.731515e-01 2.321625e+03 2.488396e+03 
1.761717e-01 2.266113e+03 2.414498e+03 
1.791919e-01 2.219558e+03 2.343635e+03 
1.822121e-01 2.179512e+03 2.275650e+03 
1.852323e-01 2.143569e+03 2.210395e+03 
1.882525e-01 2.109472e+03 2.147732e+03 
1.912727e-01 2.075088e+03 2.087530e+03 
1.942929e-01 2.038473e+03 2.029666e+03 
1.973131e-01 1.998189e+03 1.974025e+03 
2.003333e-01 1.953380e+03 1.920500e+03 
2.033535e-01 1.903997e+03 1.868988e+03 
2.063737e-01 1.850558e+03 1.819393e+03 
2.093939e-01 1.794176e+03 1.771625e+03 
2.124141e-01 1.736172e+03 1.725598e+03 
2.154343e-01 1.677927e+03 1.681232e+03 
2.184545e-01 1.620746e+03 1.638450e+03 
2.214747e-01 1.565804e+03 1.597181e+03 
2.244949e-01 1.514090e+03 1.557356e+03 
2.275152e-01 1.466405e+03 1.518912e+03 
2.305354e-01 1.423236e+03 1.481787e+03 
2.335556e-01 1.384830e+03 1.445924e+03 
2.365758e-01 1.351071e+03 1.411269e+03 
2.395960e-01 1.321618e+03 1.377769e+03 
2.426162e-01 1.295864e+03 1.345376e+03 
2.456364e-01 1.273065e+03 1.314042e+03 
2.486566e-01 1.252378e+03 1.283725e+03 
2.516768e-01 1.232965e+03 1.254381e+03 
2.546970e-01 1.214020e+03 1.225972e+03 
2.577172e-01 1.194855e+03 1.198459e+03 
2.607374e-01 1.174908e+03 1.171806e+03 
2.637576e-01 1.153831e+03 1.145978e+03 
2.667778e-01 1.131451e+03 1.120944e+03 
2.697980e-01 1.107794e+03 1.096673e+03 
2.728182e-01 1.083047e+03 1.073133e+03 
2.758384e-01 1.057514e+03 1.050298e+03 
2.788586e-01 1.031581e+03 1.028141e+03 
2.818788e-01 1.005667e+03 1.006635e+03 
2.848990e-01 9.801884e+02 9.857571e+02 
2.879192e-01 9.555370e+02 9.654828e+02 
2.909394e-01 9.320502e+02 9.457902e+02 
2.939596e-01 9.099816e+02 9.266580e+02 
2.969798e-01 8.894952e+02 9.080658e+02 
3.000000e-01 8.706473e+02 8.899941e+02 
