1.000000e-03 5.505940e+03 5.505935e+03 
4.020202e-03 1.816070e+04 1.839084e+04 
7.040404e-03 2.636274e+04 2.683957e+04 
1.006061e-02 3.128948e+04 3.212562e+04 
1.308081e-02 3.376810e+04 3.524005e+04 
1.610101e-02 3.440192e+04 3.686772e+04 
1.912121e-02 3.367191e+04 3.748520e+04 
2.214141e-02 3.198675e+04 3.742619e+04 
2.516162e-02 2.969759e+04 3.691982e+04 
2.818182e-02 2.709985e+04 3.612102e+04 
3.120202e-02 2.443139e+04 3.513499e+04 
3.422222e-02 2.186965e+04 3.403419e+04 
3.724242e-02 1.953410e+04 3.286911e+04 
4.026263e-02 1.749635e+04 3.167514e+04 
4.328283e-02 1.577446e+04 3.047710e+04 
4.630303e-02 1.436756e+04 2.929223e+04 
4.932323e-02 1.327097e+04 2.813239e+04 
5.234343e-02 1.243542e+04 2.700551e+04 
5.536364e-02 1.180904e+04 2.591670e+04 
5.838384e-02 1.134596e+04 2.486901e+04 
6.140404e-02 1.099818e+04 2.386404e+04 
6.442424e-02 1.071905e+04 2.290227e+04 
6.744444e-02 1.046712e+04 2.198348e+04 
7.046465e-02 1.020827e+04 2.110687e+04 
7.348485e-02 9.915388e+03 2.027129e+04 
7.650505e-02 9.570554e+03 1.947536e+04 
7.952525e-02 9.165861e+03 1.871752e+04 
8.254545e-02 8.703816e+03 1.799614e+04 
8.556566e-02 8.195567e+03 1.730956e+04 
8.858586e-02 7.657591e+03 1.665609e+04 
9.160606e-02 7.109281e+03 1.603409e+04 
9.462626e-02 6.570881e+03 1.544195e+04 
9.764646e-02 6.061092e+03 1.487809e+04 
1.006667e-01 5.595524e+03 1.434104e+04 
1.036869e-01 5.185234e+03 1.382934e+04 
1.067071e-01 4.836866e+03 1.334165e+04 
1.097273e-01 4.551494e+03 1.287665e+04 
1.127475e-01 4.326774e+03 1.243312e+04 
1.157677e-01 4.156788e+03 1.200989e+04 
1.187879e-01 4.033928e+03 1.160587e+04 
1.218081e-01 3.949031e+03 1.122002e+04 
1.248283e-01 3.892127e+03 1.085136e+04 
1.278485e-01 3.852748e+03 1.049897e+04 
1.308687e-01 3.820528e+03 1.016199e+04 
1.338889e-01 3.785719e+03 9.839593e+03 
1.369091e-01 3.740196e+03 9.531017e+03 
1.399293e-01 3.677859e+03 9.235538e+03 
1.429495e-01 3.595169e+03 8.952475e+03 
1.459697e-01 3.491155e+03 8.681188e+03 
1.489899e-01 3.366857e+03 8.421076e+03 
1.520101e-01 3.225325e+03 8.171569e+03 
1.550303e-01 3.070868e+03 7.932136e+03 
1.580505e-01 2.909284e+03 7.702271e+03 
1.610707e-01 2.746779e+03 7.481502e+03 
1.640909e-01 2.589680e+03 7.269382e+03 
1.671111e-01 2.443282e+03 7.065488e+03 
1.701313e-01 2.311837e+03 6.869425e+03 
1.731515e-01 2.197676e+03 6.680816e+03 
1.761717e-01 2.101899e+03 6.499309e+03 
1.791919e-01 2.024109e+03 6.324570e+03 
1.822121e-01 1.963199e+03 6.156282e+03 
1.852323e-01 1.917436e+03 5.994148e+03 
1.882525e-01 1.884538e+03 5.837885e+03 
1.912727e-01 1.861816e+03 5.687227e+03 
1.942929e-01 1.846097e+03 5.541922e+03 
1.973131e-01 1.834035e+03 5.401730e+03 
2.003333e-01 1.822208e+03 5.266425e+03 
2.033535e-01 1.807606e+03 5.135794e+03 
2.063737e-01 1.787751e+03 5.009633e+03 
2.093939e-01 1.761131e+03 4.887748e+03 
2.124141e-01 1.726943e+03 4.769959e+03 
2.154343e-01 1.685293e+03 4.656090e+03 
2.184545e-01 1.636825e+03 4.545977e+03 
2.214747e-01 1.582785e+03 4.439465e+03 
2.244949e-01 1.524782e+03 4.336403e+03 
2.275152e-01 1.464706e+03 4.236652e+03 
2.305354e-01 1.404531e+03 4.140076e+03 
2.335556e-01 1.346192e+03 4.046548e+03 
2.365758e-01 1.291372e+03 3.955945e+03 
2.395960e-01 1.241426e+03 3.868153e+03 
2.426162e-01 1.197249e+03 3.783061e+03 
2.456364e-01 1.159296e+03 3.700563e+03 
2.486566e-01 1.127637e+03 3.620559e+03 
2.516768e-01 1.101934e+03 3.542954e+03 
2.546970e-01 1.081596e+03 3.467656e+03 
2.577172e-01 1.065753e+03 3.394579e+03 
2.607374e-01 1.053385e+03 3.323640e+03 
2.637576e-01 1.043329e+03 3.254758e+03 
2.667778e-01 1.034426e+03 3.187859e+03 
2.697980e-01 1.025561e+03 3.122869e+03 
2.728182e-01 1.015778e+03 3.059720e+03 
2.758384e-01 1.004276e+03 2.998345e+03 
2.788586e-01 9.905178e+02 2.938681e+03 
2.818788e-01 9.741996e+02 2.880667e+03 
2.848990e-01 9.552802e+02 2.824246e+03 
2.879192e-01 9.339535e+02 2.769361e+03 
2.909394e-01 9.105934e+02 2.715959e+03 
2.939596e-01 8.857667e+02 2.663990e+03 
2.969798e-01 8.601205e+02 2.613405e+03 
3.000000e-01 8.343494e+02 2.564156e+03 
