1.000000e-03 3.501755e+03 3.501752e+03 
4.020202e-03 1.135224e+04 1.144186e+04 
7.040404e-03 1.633477e+04 1.643751e+04 
1.006061e-02 1.931628e+04 1.938611e+04 
1.308081e-02 2.087891e+04 2.089892e+04 
1.610101e-02 2.142537e+04 2.137020e+04 
1.912121e-02 2.125578e+04 2.111324e+04 
2.214141e-02 2.060327e+04 2.041555e+04 
2.516162e-02 1.965408e+04 1.950804e+04 
2.818182e-02 1.855362e+04 1.853594e+04 
3.120202e-02 1.741084e+04 1.757202e+04 
3.422222e-02 1.630239e+04 1.664642e+04 
3.724242e-02 1.527759e+04 1.576923e+04 
4.026263e-02 1.436114e+04 1.494236e+04 
4.328283e-02 1.355010e+04 1.416470e+04 
4.630303e-02 1.285458e+04 1.343410e+04 
4.932323e-02 1.226489e+04 1.274811e+04 
5.234343e-02 1.174277e+04 1.210422e+04 
5.536364e-02 1.126899e+04 1.149993e+04 
5.838384e-02 1.082714e+04 1.093283e+04 
6.140404e-02 1.039834e+04 1.040058e+04 
6.442424e-02 9.970819e+03 9.900945e+03 
6.744444e-02 9.537395e+03 9.431780e+03 
7.046465e-02 9.094911e+03 8.991062e+03 
7.348485e-02 8.646038e+03 8.576879e+03 
7.650505e-02 8.197160e+03 8.187433e+03 
7.952525e-02 7.757010e+03 7.821042e+03 
8.254545e-02 7.334580e+03 7.476134e+03 
8.556566e-02 6.937404e+03 7.151244e+03 
8.858586e-02 6.570983e+03 6.845010e+03 
9.160606e-02 6.238654e+03 6.556167e+03 
9.462626e-02 5.942336e+03 6.283540e+03 
9.764646e-02 5.682366e+03 6.026040e+03 
1.006667e-01 5.456491e+03 5.782660e+03 
1.036869e-01 5.260831e+03 5.552464e+03 
1.067071e-01 5.089030e+03 5.334587e+03 
1.097273e-01 4.934331e+03 5.128226e+03 
1.127475e-01 4.789951e+03 4.932639e+03 
1.157677e-01 4.650298e+03 4.747137e+03 
1.187879e-01 4.511164e+03 4.571082e+03 
1.218081e-01 4.369914e+03 4.403882e+03 
1.248283e-01 4.225169e+03 4.244987e+03 
1.278485e-01 4.076847e+03 4.093889e+03 
1.308687e-01 3.925740e+03 3.950113e+03 
1.338889e-01 3.773925e+03 3.813219e+03 
1.369091e-01 3.623917e+03 3.682798e+03 
1.399293e-01 3.478301e+03 3.558470e+03 
1.429495e-01 3.339388e+03 3.439880e+03 
1.459697e-01 3.208852e+03 3.326697e+03 
1.489899e-01 3.087899e+03 3.218614e+03 
1.520101e-01 2.977147e+03 3.115344e+03 
1.550303e-01 2.876845e+03 3.016618e+03 
1.580505e-01 2.786860e+03 2.922186e+03 
1.610707e-01 2.706325e+03 2.831814e+03 
1.640909e-01 2.633821e+03 2.745283e+03 
1.671111e-01 2.567456e+03 2.662387e+03 
1.701313e-01 2.505187e+03 2.582936e+03 
1.731515e-01 2.445287e+03 2.506749e+03 
1.761717e-01 2.386317e+03 2.433656e+03 
1.791919e-01 2.327445e+03 2.363501e+03 
1.822121e-01 2.268121e+03 2.296134e+03 
1.852323e-01 2.208136e+03 2.231415e+03 
1.882525e-01 2.147478e+03 2.169214e+03 
1.912727e-01 2.086362e+03 2.109406e+03 
1.942929e-01 2.025255e+03 2.051876e+03 
1.973131e-01 1.964852e+03 1.996513e+03 
2.003333e-01 1.905923e+03 1.943215e+03 
2.033535e-01 1.849255e+03 1.891884e+03 
2.063737e-01 1.795420e+03 1.842428e+03 
2.093939e-01 1.744828e+03 1.794761e+03 
2.124141e-01 1.697570e+03 1.748801e+03 
2.154343e-01 1.653594e+03 1.704470e+03 
2.184545e-01 1.612695e+03 1.661695e+03 
2.214747e-01 1.574586e+03 1.620408e+03 
2.244949e-01 1.538877e+03 1.580541e+03 
2.275152e-01 1.505145e+03 1.542034e+03 
2.305354e-01 1.472941e+03 1.504828e+03 
2.335556e-01 1.441851e+03 1.468866e+03 
2.365758e-01 1.411498e+03 1.434096e+03 
2.395960e-01 1.381594e+03 1.400468e+03 
2.426162e-01 1.351919e+03 1.367934e+03 
2.456364e-01 1.322349e+03 1.336449e+03 
2.486566e-01 1.292827e+03 1.305970e+03 
2.516768e-01 1.263425e+03 1.276457e+03 
2.546970e-01 1.234277e+03 1.247869e+03 
2.577172e-01 1.205593e+03 1.220171e+03 
2.607374e-01 1.177585e+03 1.193327e+03 
2.637576e-01 1.150449e+03 1.167303e+03 
2.667778e-01 1.124325e+03 1.142068e+03 
2.697980e-01 1.099286e+03 1.117592e+03 
2.728182e-01 1.075356e+03 1.093845e+03 
2.758384e-01 1.052519e+03 1.070799e+03 
2.788586e-01 1.030743e+03 1.048428e+03 
2.818788e-01 1.009977e+03 1.026708e+03 
2.848990e-01 9.901337e+02 1.005613e+03 
2.879192e-01 9.711010e+02 9.851217e+02 
2.909394e-01 9.527397e+02 9.652111e+02 
2.939596e-01 9.349116e+02 9.458605e+02 
2.969798e-01 9.175005e+02 9.270499e+02 
3.000000e-01 9.004162e+02 9.087599e+02 
