1.000000e-03 6.048278e+03 6.048273e+03 
4.020202e-03 2.047811e+04 2.064126e+04 
7.040404e-03 3.004941e+04 3.029995e+04 
1.006061e-02 3.589133e+04 3.625479e+04 
1.308081e-02 3.887266e+04 3.941062e+04 
1.610101e-02 3.965298e+04 4.028508e+04 
1.912121e-02 3.877693e+04 3.926178e+04 
2.214141e-02 3.672069e+04 3.682969e+04 
2.516162e-02 3.390645e+04 3.361683e+04 
2.818182e-02 3.069574e+04 3.021922e+04 
3.120202e-02 2.738439e+04 2.703428e+04 
3.422222e-02 2.419773e+04 2.423684e+04 
3.724242e-02 2.128959e+04 2.185219e+04 
4.026263e-02 1.875196e+04 1.983639e+04 
4.328283e-02 1.661156e+04 1.812631e+04 
4.630303e-02 1.487413e+04 1.666219e+04 
4.932323e-02 1.352503e+04 1.539465e+04 
5.234343e-02 1.251050e+04 1.428517e+04 
5.536364e-02 1.177130e+04 1.330424e+04 
5.838384e-02 1.125151e+04 1.242937e+04 
6.140404e-02 1.089727e+04 1.164326e+04 
6.442424e-02 1.065077e+04 1.093243e+04 
6.744444e-02 1.046143e+04 1.028625e+04 
7.046465e-02 1.028540e+04 9.696184e+03 
7.348485e-02 1.008429e+04 9.155261e+03 
7.650505e-02 9.828897e+03 8.657730e+03 
7.952525e-02 9.501300e+03 8.198768e+03 
8.254545e-02 9.095283e+03 7.774291e+03 
8.556566e-02 8.616075e+03 7.380800e+03 
8.858586e-02 8.078274e+03 7.015273e+03 
9.160606e-02 7.502702e+03 6.675077e+03 
9.462626e-02 6.913473e+03 6.357904e+03 
9.764646e-02 6.334799e+03 6.061720e+03 
1.006667e-01 5.789312e+03 5.784718e+03 
1.036869e-01 5.294664e+03 5.525293e+03 
1.067071e-01 4.863324e+03 5.282005e+03 
1.097273e-01 4.501468e+03 5.053566e+03 
1.127475e-01 4.210101e+03 4.838813e+03 
1.157677e-01 3.986429e+03 4.636696e+03 
1.187879e-01 3.824272e+03 4.446267e+03 
1.218081e-01 3.715662e+03 4.266663e+03 
1.248283e-01 3.650953e+03 4.097100e+03 
1.278485e-01 3.619444e+03 3.936864e+03 
1.308687e-01 3.609635e+03 3.785302e+03 
1.338889e-01 3.609809e+03 3.641816e+03 
1.369091e-01 3.608689e+03 3.505860e+03 
1.399293e-01 3.596468e+03 3.376932e+03 
1.429495e-01 3.565353e+03 3.254570e+03 
1.459697e-01 3.510001e+03 3.138350e+03 
1.489899e-01 3.427822e+03 3.027879e+03 
1.520101e-01 3.318471e+03 2.922798e+03 
1.550303e-01 3.184571e+03 2.822771e+03 
1.580505e-01 3.030712e+03 2.727491e+03 
1.610707e-01 2.863647e+03 2.636671e+03 
1.640909e-01 2.690915e+03 2.550045e+03 
1.671111e-01 2.520325e+03 2.467369e+03 
1.701313e-01 2.358615e+03 2.388412e+03 
1.731515e-01 2.211306e+03 2.312963e+03 
1.761717e-01 2.081874e+03 2.240824e+03 
1.791919e-01 1.972310e+03 2.171809e+03 
1.822121e-01 1.883187e+03 2.105747e+03 
1.852323e-01 1.814071e+03 2.042476e+03 
1.882525e-01 1.763807e+03 1.981848e+03 
1.912727e-01 1.730374e+03 1.923722e+03 
1.942929e-01 1.711121e+03 1.867966e+03 
1.973131e-01 1.702689e+03 1.814458e+03 
2.003333e-01 1.701309e+03 1.763081e+03 
2.033535e-01 1.703007e+03 1.713728e+03 
2.063737e-01 1.703999e+03 1.666298e+03 
2.093939e-01 1.700910e+03 1.620695e+03 
2.124141e-01 1.691129e+03 1.576829e+03 
2.154343e-01 1.672836e+03 1.534616e+03 
2.184545e-01 1.645012e+03 1.493977e+03 
2.214747e-01 1.607557e+03 1.454836e+03 
2.244949e-01 1.561049e+03 1.417124e+03 
2.275152e-01 1.506931e+03 1.380774e+03 
2.305354e-01 1.447154e+03 1.345724e+03 
2.335556e-01 1.384136e+03 1.311913e+03 
2.365758e-01 1.320350e+03 1.279286e+03 
2.395960e-01 1.258202e+03 1.247791e+03 
2.426162e-01 1.199747e+03 1.217377e+03 
2.456364e-01 1.146667e+03 1.187996e+03 
2.486566e-01 1.100093e+03 1.159604e+03 
2.516768e-01 1.060666e+03 1.132159e+03 
2.546970e-01 1.028582e+03 1.105620e+03 
2.577172e-01 1.003594e+03 1.079949e+03 
2.607374e-01 9.851521e+02 1.055109e+03 
2.637576e-01 9.723301e+02 1.031067e+03 
2.667778e-01 9.640128e+02 1.007789e+03 
2.697980e-01 9.589200e+02 9.852447e+02 
2.728182e-01 9.557008e+02 9.634044e+02 
2.758384e-01 9.529983e+02 9.422400e+02 
2.788586e-01 9.495691e+02 9.217247e+02 
2.818788e-01 9.443239e+02 9.018332e+02 
2.848990e-01 9.364041e+02 8.825410e+02 
2.879192e-01 9.252408e+02 8.638252e+02 
2.909394e-01 9.105372e+02 8.456637e+02 
2.939596e-01 8.923503e+02 8.280355e+02 
2.969798e-01 8.709790e+02 8.109207e+02 
3.000000e-01 8.470120e+02 7.943000e+02 
