1.000000e-03 1.048986e+04 1.048985e+04 
4.020202e-03 3.508999e+04 3.537281e+04 
7.040404e-03 5.126442e+04 5.172958e+04 
1.006061e-02 6.101460e+04 6.177358e+04 
1.308081e-02 6.580794e+04 6.705426e+04 
1.610101e-02 6.674673e+04 6.840103e+04 
1.912121e-02 6.475180e+04 6.633589e+04 
2.214141e-02 6.064221e+04 6.152807e+04 
2.516162e-02 5.515649e+04 5.499634e+04 
2.818182e-02 4.894753e+04 4.790554e+04 
3.120202e-02 4.256027e+04 4.118763e+04 
3.422222e-02 3.641646e+04 3.534262e+04 
3.724242e-02 3.081218e+04 3.049704e+04 
4.026263e-02 2.592379e+04 2.656711e+04 
4.328283e-02 2.181687e+04 2.339388e+04 
4.630303e-02 1.848926e+04 2.081610e+04 
4.932323e-02 1.589478e+04 1.869777e+04 
5.234343e-02 1.395259e+04 1.693297e+04 
5.536364e-02 1.255366e+04 1.544203e+04 
5.838384e-02 1.159908e+04 1.416577e+04 
6.140404e-02 1.100016e+04 1.306022e+04 
6.442424e-02 1.066619e+04 1.209247e+04 
6.744444e-02 1.052170e+04 1.123759e+04 
7.046465e-02 1.049818e+04 1.047648e+04 
7.348485e-02 1.053003e+04 9.794249e+03 
7.650505e-02 1.055648e+04 9.179127e+03 
7.952525e-02 1.052423e+04 8.621694e+03 
8.254545e-02 1.039176e+04 8.114296e+03 
8.556566e-02 1.013268e+04 7.650642e+03 
8.858586e-02 9.737727e+03 7.225497e+03 
9.160606e-02 9.215708e+03 6.834463e+03 
9.462626e-02 8.587184e+03 6.473808e+03 
9.764646e-02 7.884772e+03 6.140341e+03 
1.006667e-01 7.145217e+03 5.831309e+03 
1.036869e-01 6.406926e+03 5.544323e+03 
1.067071e-01 5.703097e+03 5.277297e+03 
1.097273e-01 5.061168e+03 5.028399e+03 
1.127475e-01 4.499008e+03 4.796012e+03 
1.157677e-01 4.027422e+03 4.578702e+03 
1.187879e-01 3.648797e+03 4.375194e+03 
1.218081e-01 3.360738e+03 4.184348e+03 
1.248283e-01 3.157166e+03 4.005142e+03 
1.278485e-01 3.029338e+03 3.836658e+03 
1.308687e-01 2.967094e+03 3.678068e+03 
1.338889e-01 2.959095e+03 3.528622e+03 
1.369091e-01 2.993163e+03 3.387643e+03 
1.399293e-01 3.056368e+03 3.254512e+03 
1.429495e-01 3.135312e+03 3.128670e+03 
1.459697e-01 3.216498e+03 3.009605e+03 
1.489899e-01 3.286731e+03 2.896848e+03 
1.520101e-01 3.333937e+03 2.789972e+03 
1.550303e-01 3.347727e+03 2.688584e+03 
1.580505e-01 3.321144e+03 2.592324e+03 
1.610707e-01 3.250514e+03 2.500859e+03 
1.640909e-01 3.137413e+03 2.413885e+03 
1.671111e-01 2.987036e+03 2.331120e+03 
1.701313e-01 2.808323e+03 2.252304e+03 
1.731515e-01 2.611621e+03 2.177195e+03 
1.761717e-01 2.407772e+03 2.105572e+03 
1.791919e-01 2.206598e+03 2.037227e+03 
1.822121e-01 2.016547e+03 1.971969e+03 
1.852323e-01 1.843995e+03 1.909621e+03 
1.882525e-01 1.693551e+03 1.850016e+03 
1.912727e-01 1.568253e+03 1.793000e+03 
1.942929e-01 1.469302e+03 1.738431e+03 
1.973131e-01 1.396656e+03 1.686173e+03 
2.003333e-01 1.348856e+03 1.636102e+03 
2.033535e-01 1.323572e+03 1.588101e+03 
2.063737e-01 1.317739e+03 1.542061e+03 
2.093939e-01 1.327732e+03 1.497880e+03 
2.124141e-01 1.349600e+03 1.455461e+03 
2.154343e-01 1.379112e+03 1.414716e+03 
2.184545e-01 1.411893e+03 1.375559e+03 
2.214747e-01 1.443473e+03 1.337911e+03 
2.244949e-01 1.469565e+03 1.301700e+03 
2.275152e-01 1.486223e+03 1.266853e+03 
2.305354e-01 1.490355e+03 1.233306e+03 
2.335556e-01 1.479911e+03 1.200997e+03 
2.365758e-01 1.454181e+03 1.169868e+03 
2.395960e-01 1.413858e+03 1.139863e+03 
2.426162e-01 1.360697e+03 1.110930e+03 
2.456364e-01 1.297490e+03 1.083021e+03 
2.486566e-01 1.227465e+03 1.056089e+03 
2.516768e-01 1.154131e+03 1.030091e+03 
2.546970e-01 1.080812e+03 1.004985e+03 
2.577172e-01 1.010565e+03 9.807321e+02 
2.607374e-01 9.458931e+02 9.572952e+02 
2.637576e-01 8.887736e+02 9.346392e+02 
2.667778e-01 8.404322e+02 9.127309e+02 
2.697980e-01 8.015090e+02 8.915387e+02 
2.728182e-01 7.721153e+02 8.710326e+02 
2.758384e-01 7.518493e+02 8.511844e+02 
2.788586e-01 7.399949e+02 8.319669e+02 
2.818788e-01 7.355292e+02 8.133546e+02 
2.848990e-01 7.372318e+02 7.953230e+02 
2.879192e-01 7.436956e+02 7.778490e+02 
2.909394e-01 7.533396e+02 7.609106e+02 
2.939596e-01 7.644846e+02 7.444867e+02 
2.969798e-01 7.753980e+02 7.285574e+02 
3.000000e-01 7.844204e+02 7.131035e+02 
