1.000000e-03 6.965064e+03 6.965058e+03 
4.020202e-03 2.314677e+04 2.333384e+04 
7.040404e-03 3.360259e+04 3.388572e+04 
1.006061e-02 3.980332e+04 4.020985e+04 
1.308081e-02 4.280849e+04 4.340384e+04 
1.610101e-02 4.339586e+04 4.408780e+04 
1.912121e-02 4.219369e+04 4.271701e+04 
2.214141e-02 3.973995e+04 3.985388e+04 
2.516162e-02 3.650279e+04 3.619939e+04 
2.818182e-02 3.287968e+04 3.240181e+04 
3.120202e-02 2.919128e+04 2.888076e+04 
3.422222e-02 2.567665e+04 2.581108e+04 
3.724242e-02 2.249590e+04 2.320819e+04 
4.026263e-02 1.974196e+04 2.101653e+04 
4.328283e-02 1.743549e+04 1.916299e+04 
4.630303e-02 1.557438e+04 1.758012e+04 
4.932323e-02 1.414238e+04 1.621290e+04 
5.234343e-02 1.307319e+04 1.501867e+04 
5.536364e-02 1.230280e+04 1.396490e+04 
5.838384e-02 1.176916e+04 1.302686e+04 
6.140404e-02 1.140528e+04 1.218552e+04 
6.442424e-02 1.115249e+04 1.142611e+04 
6.744444e-02 1.095851e+04 1.073696e+04 
7.046465e-02 1.077639e+04 1.010868e+04 
7.348485e-02 1.056513e+04 9.533647e+03 
7.650505e-02 1.029313e+04 9.005556e+03 
7.952525e-02 9.940642e+03 8.519123e+03 
8.254545e-02 9.501367e+03 8.069878e+03 
8.556566e-02 8.982690e+03 7.653995e+03 
8.858586e-02 8.402020e+03 7.268174e+03 
9.160606e-02 7.783327e+03 6.909543e+03 
9.462626e-02 7.153784e+03 6.575588e+03 
9.764646e-02 6.539224e+03 6.264095e+03 
1.006667e-01 5.963153e+03 5.973103e+03 
1.036869e-01 5.443242e+03 5.700869e+03 
1.067071e-01 4.992339e+03 5.445834e+03 
1.097273e-01 4.615986e+03 5.206604e+03 
1.127475e-01 4.315318e+03 4.981924e+03 
1.157677e-01 4.086850e+03 4.770661e+03 
1.187879e-01 3.923858e+03 4.571793e+03 
1.218081e-01 3.817221e+03 4.384393e+03 
1.248283e-01 3.756128e+03 4.207618e+03 
1.278485e-01 3.728815e+03 4.040702e+03 
1.308687e-01 3.722591e+03 3.882944e+03 
1.338889e-01 3.725089e+03 3.733708e+03 
1.369091e-01 3.724682e+03 3.592406e+03 
1.399293e-01 3.711552e+03 3.458504e+03 
1.429495e-01 3.677590e+03 3.331510e+03 
1.459697e-01 3.617615e+03 3.210971e+03 
1.489899e-01 3.528687e+03 3.096470e+03 
1.520101e-01 3.410853e+03 2.987623e+03 
1.550303e-01 3.266992e+03 2.884076e+03 
1.580505e-01 3.102626e+03 2.785501e+03 
1.610707e-01 2.925302e+03 2.691595e+03 
1.640909e-01 2.743425e+03 2.602077e+03 
1.671111e-01 2.565264e+03 2.516687e+03 
1.701313e-01 2.397872e+03 2.435183e+03 
1.731515e-01 2.246338e+03 2.357340e+03 
1.761717e-01 2.113957e+03 2.282949e+03 
1.791919e-01 2.002548e+03 2.211816e+03 
1.822121e-01 1.912582e+03 2.143759e+03 
1.852323e-01 1.843677e+03 2.078610e+03 
1.882525e-01 1.794461e+03 2.016210e+03 
1.912727e-01 1.762748e+03 1.956411e+03 
1.942929e-01 1.745483e+03 1.899077e+03 
1.973131e-01 1.738917e+03 1.844077e+03 
2.003333e-01 1.738905e+03 1.791290e+03 
2.033535e-01 1.741284e+03 1.740604e+03 
2.063737e-01 1.742179e+03 1.691912e+03 
2.093939e-01 1.738344e+03 1.645114e+03 
2.124141e-01 1.727231e+03 1.600116e+03 
2.154343e-01 1.707035e+03 1.556831e+03 
2.184545e-01 1.676841e+03 1.515174e+03 
2.214747e-01 1.636458e+03 1.475068e+03 
2.244949e-01 1.586767e+03 1.436440e+03 
2.275152e-01 1.529318e+03 1.399219e+03 
2.305354e-01 1.466399e+03 1.363342e+03 
2.335556e-01 1.400593e+03 1.328745e+03 
2.365758e-01 1.334615e+03 1.295370e+03 
2.395960e-01 1.270856e+03 1.263164e+03 
2.426162e-01 1.211382e+03 1.232072e+03 
2.456364e-01 1.157700e+03 1.202046e+03 
2.486566e-01 1.110888e+03 1.173040e+03 
2.516768e-01 1.071538e+03 1.145010e+03 
2.546970e-01 1.039795e+03 1.117912e+03 
2.577172e-01 1.015432e+03 1.091709e+03 
2.607374e-01 9.977307e+02 1.066361e+03 
2.637576e-01 9.856953e+02 1.041834e+03 
2.667778e-01 9.780467e+02 1.018094e+03 
2.697980e-01 9.734031e+02 9.951075e+02 
2.728182e-01 9.703253e+02 9.728449e+02 
2.758384e-01 9.674807e+02 9.512768e+02 
2.788586e-01 9.636441e+02 9.303756e+02 
2.818788e-01 9.577843e+02 9.101150e+02 
2.848990e-01 9.490653e+02 8.904698e+02 
2.879192e-01 9.369296e+02 8.714162e+02 
2.909394e-01 9.211277e+02 8.529313e+02 
2.939596e-01 9.017077e+02 8.349936e+02 
2.969798e-01 8.790991e+02 8.175822e+02 
3.000000e-01 8.539552e+02 8.006774e+02 
