1.000000e-03 4.946324e+03 4.946319e+03 
4.020202e-03 1.644556e+04 1.657610e+04 
7.040404e-03 2.399294e+04 2.418160e+04 
1.006061e-02 2.859958e+04 2.884122e+04 
1.308081e-02 3.099323e+04 3.131373e+04 
1.610101e-02 3.171059e+04 3.204849e+04 
1.912121e-02 3.118290e+04 3.139014e+04 
2.214141e-02 2.977417e+04 2.974374e+04 
2.516162e-02 2.780048e+04 2.757398e+04 
2.818182e-02 2.552739e+04 2.528116e+04 
3.120202e-02 2.316981e+04 2.311217e+04 
3.422222e-02 2.088925e+04 2.116970e+04 
3.724242e-02 1.879609e+04 1.946852e+04 
4.026263e-02 1.695807e+04 1.798517e+04 
4.328283e-02 1.539521e+04 1.668600e+04 
4.630303e-02 1.410779e+04 1.553913e+04 
4.932323e-02 1.309512e+04 1.451795e+04 
5.234343e-02 1.231570e+04 1.360139e+04 
5.536364e-02 1.172144e+04 1.277297e+04 
5.838384e-02 1.127073e+04 1.201977e+04 
6.140404e-02 1.092271e+04 1.133160e+04 
6.442424e-02 1.063531e+04 1.070023e+04 
6.744444e-02 1.036974e+04 1.011895e+04 
7.046465e-02 1.009517e+04 9.582213e+03 
7.348485e-02 9.788137e+03 9.085322e+03 
7.650505e-02 9.433632e+03 8.624288e+03 
7.952525e-02 9.025903e+03 8.195668e+03 
8.254545e-02 8.569027e+03 7.796464e+03 
8.556566e-02 8.073961e+03 7.424046e+03 
8.858586e-02 7.556030e+03 7.076092e+03 
9.160606e-02 7.032835e+03 6.750536e+03 
9.462626e-02 6.522112e+03 6.445535e+03 
9.764646e-02 6.040471e+03 6.159436e+03 
1.006667e-01 5.601691e+03 5.890751e+03 
1.036869e-01 5.215779e+03 5.638137e+03 
1.067071e-01 4.888142e+03 5.400379e+03 
1.097273e-01 4.619541e+03 5.176371e+03 
1.127475e-01 4.407234e+03 4.965112e+03 
1.157677e-01 4.245128e+03 4.765685e+03 
1.187879e-01 4.125541e+03 4.577255e+03 
1.218081e-01 4.039517e+03 4.399058e+03 
1.248283e-01 3.977626e+03 4.230394e+03 
1.278485e-01 3.930116e+03 4.070618e+03 
1.308687e-01 3.887604e+03 3.919142e+03 
1.338889e-01 3.841289e+03 3.775422e+03 
1.369091e-01 3.784091e+03 3.638956e+03 
1.399293e-01 3.710612e+03 3.509284e+03 
1.429495e-01 3.618304e+03 3.385978e+03 
1.459697e-01 3.506681e+03 3.268644e+03 
1.489899e-01 3.377447e+03 3.156917e+03 
1.520101e-01 3.233917e+03 3.050458e+03 
1.550303e-01 3.080541e+03 2.948954e+03 
1.580505e-01 2.922664e+03 2.852114e+03 
1.610707e-01 2.765883e+03 2.759666e+03 
1.640909e-01 2.615695e+03 2.671359e+03 
1.671111e-01 2.476764e+03 2.586958e+03 
1.701313e-01 2.352597e+03 2.506244e+03 
1.731515e-01 2.245169e+03 2.429014e+03 
1.761717e-01 2.155241e+03 2.355077e+03 
1.791919e-01 2.082208e+03 2.284255e+03 
1.822121e-01 2.024757e+03 2.216383e+03 
1.852323e-01 1.980897e+03 2.151303e+03 
1.882525e-01 1.948266e+03 2.088871e+03 
1.912727e-01 1.924142e+03 2.028951e+03 
1.942929e-01 1.905546e+03 1.971413e+03 
1.973131e-01 1.889365e+03 1.916137e+03 
2.003333e-01 1.872603e+03 1.863012e+03 
2.033535e-01 1.852579e+03 1.811930e+03 
2.063737e-01 1.827315e+03 1.762791e+03 
2.093939e-01 1.795543e+03 1.715503e+03 
2.124141e-01 1.756812e+03 1.669975e+03 
2.154343e-01 1.711434e+03 1.626126e+03 
2.184545e-01 1.660283e+03 1.583876e+03 
2.214747e-01 1.604728e+03 1.543151e+03 
2.244949e-01 1.546385e+03 1.503881e+03 
2.275152e-01 1.487065e+03 1.466001e+03 
2.305354e-01 1.428551e+03 1.429446e+03 
2.335556e-01 1.372518e+03 1.394159e+03 
2.365758e-01 1.320344e+03 1.360084e+03 
2.395960e-01 1.273130e+03 1.327167e+03 
2.426162e-01 1.231524e+03 1.295358e+03 
2.456364e-01 1.195854e+03 1.264610e+03 
2.486566e-01 1.166021e+03 1.234877e+03 
2.516768e-01 1.141631e+03 1.206118e+03 
2.546970e-01 1.121979e+03 1.178291e+03 
2.577172e-01 1.106161e+03 1.151358e+03 
2.607374e-01 1.093140e+03 1.125282e+03 
2.637576e-01 1.081805e+03 1.100028e+03 
2.667778e-01 1.071073e+03 1.075564e+03 
2.697980e-01 1.059982e+03 1.051858e+03 
2.728182e-01 1.047726e+03 1.028880e+03 
2.758384e-01 1.033696e+03 1.006601e+03 
2.788586e-01 1.017518e+03 9.849940e+02 
2.818788e-01 9.990116e+02 9.640337e+02 
2.848990e-01 9.782523e+02 9.436951e+02 
2.879192e-01 9.554830e+02 9.239547e+02 
2.909394e-01 9.311622e+02 9.047899e+02 
2.939596e-01 9.058477e+02 8.861794e+02 
2.969798e-01 8.801797e+02 8.681026e+02 
3.000000e-01 8.547930e+02 8.505400e+02 
