1.000000e-03 9.765058e+03 9.765049e+03 
4.020202e-03 3.260587e+04 3.286874e+04 
7.040404e-03 4.739126e+04 4.781504e+04 
1.006061e-02 5.610231e+04 5.678256e+04 
1.308081e-02 6.018556e+04 6.127417e+04 
1.610101e-02 6.072495e+04 6.209774e+04 
1.912121e-02 5.861172e+04 5.980780e+04 
2.214141e-02 5.463526e+04 5.514020e+04 
2.516162e-02 4.949502e+04 4.913138e+04 
2.818182e-02 4.379581e+04 4.284921e+04 
3.120202e-02 3.803166e+04 3.705239e+04 
3.422222e-02 3.257207e+04 3.208532e+04 
3.724242e-02 2.766539e+04 2.798866e+04 
4.026263e-02 2.344731e+04 2.465630e+04 
4.328283e-02 1.995098e+04 2.194238e+04 
4.630303e-02 1.716618e+04 1.971125e+04 
4.932323e-02 1.503983e+04 1.785293e+04 
5.234343e-02 1.348104e+04 1.628335e+04 
5.536364e-02 1.239055e+04 1.493975e+04 
5.838384e-02 1.167451e+04 1.377553e+04 
6.140404e-02 1.124443e+04 1.275592e+04 
6.442424e-02 1.101774e+04 1.185468e+04 
6.744444e-02 1.092345e+04 1.105175e+04 
7.046465e-02 1.089493e+04 1.033154e+04 
7.348485e-02 1.086972e+04 9.681781e+03 
7.650505e-02 1.079235e+04 9.092627e+03 
7.952525e-02 1.061889e+04 8.556100e+03 
8.254545e-02 1.032245e+04 8.065635e+03 
8.556566e-02 9.894473e+03 7.615767e+03 
8.858586e-02 9.344139e+03 7.201897e+03 
9.160606e-02 8.695869e+03 6.820122e+03 
9.462626e-02 7.981463e+03 6.467094e+03 
9.764646e-02 7.238922e+03 6.139924e+03 
1.006667e-01 6.504760e+03 5.836100e+03 
1.036869e-01 5.812187e+03 5.553425e+03 
1.067071e-01 5.185942e+03 5.289968e+03 
1.097273e-01 4.643828e+03 5.044022e+03 
1.127475e-01 4.194407e+03 4.814070e+03 
1.157677e-01 3.839628e+03 4.598765e+03 
1.187879e-01 3.575623e+03 4.396898e+03 
1.218081e-01 3.394808e+03 4.207386e+03 
1.248283e-01 3.287358e+03 4.029256e+03 
1.278485e-01 3.241390e+03 3.861628e+03 
1.308687e-01 3.244038e+03 3.703708e+03 
1.338889e-01 3.281638e+03 3.554773e+03 
1.369091e-01 3.340027e+03 3.414169e+03 
1.399293e-01 3.404949e+03 3.281299e+03 
1.429495e-01 3.462638e+03 3.155619e+03 
1.459697e-01 3.500445e+03 3.036632e+03 
1.489899e-01 3.507438e+03 2.923883e+03 
1.520101e-01 3.475986e+03 2.816953e+03 
1.550303e-01 3.401727e+03 2.715459e+03 
1.580505e-01 3.285618e+03 2.619049e+03 
1.610707e-01 3.132325e+03 2.527398e+03 
1.640909e-01 2.950586e+03 2.440205e+03 
1.671111e-01 2.750925e+03 2.357196e+03 
1.701313e-01 2.544632e+03 2.278112e+03 
1.731515e-01 2.341650e+03 2.202718e+03 
1.761717e-01 2.150512e+03 2.130795e+03 
1.791919e-01 1.977696e+03 2.062138e+03 
1.822121e-01 1.827754e+03 1.996558e+03 
1.852323e-01 1.703486e+03 1.933879e+03 
1.882525e-01 1.605992e+03 1.873939e+03 
1.912727e-01 1.535125e+03 1.816583e+03 
1.942929e-01 1.489178e+03 1.761671e+03 
1.973131e-01 1.465471e+03 1.709069e+03 
2.003333e-01 1.460466e+03 1.658653e+03 
2.033535e-01 1.470029e+03 1.610308e+03 
2.063737e-01 1.489712e+03 1.563925e+03 
2.093939e-01 1.514885e+03 1.519402e+03 
2.124141e-01 1.540933e+03 1.476644e+03 
2.154343e-01 1.563342e+03 1.435563e+03 
2.184545e-01 1.578026e+03 1.396073e+03 
2.214747e-01 1.581448e+03 1.358096e+03 
2.244949e-01 1.571241e+03 1.321559e+03 
2.275152e-01 1.546208e+03 1.286392e+03 
2.305354e-01 1.506620e+03 1.252528e+03 
2.335556e-01 1.454075e+03 1.219907e+03 
2.365758e-01 1.391121e+03 1.188470e+03 
2.395960e-01 1.321003e+03 1.158162e+03 
2.426162e-01 1.247146e+03 1.128932e+03 
2.456364e-01 1.172949e+03 1.100730e+03 
2.486566e-01 1.101496e+03 1.073510e+03 
2.516768e-01 1.035493e+03 1.047229e+03 
2.546970e-01 9.769256e+02 1.021846e+03 
2.577172e-01 9.272140e+02 9.973199e+02 
2.607374e-01 8.870555e+02 9.736151e+02 
2.637576e-01 8.565379e+02 9.506962e+02 
2.667778e-01 8.352066e+02 9.285299e+02 
2.697980e-01 8.222033e+02 9.070845e+02 
2.728182e-01 8.164167e+02 8.863300e+02 
2.758384e-01 8.164776e+02 8.662381e+02 
2.788586e-01 8.208680e+02 8.467817e+02 
2.818788e-01 8.279384e+02 8.279350e+02 
2.848990e-01 8.359430e+02 8.096736e+02 
2.879192e-01 8.431303e+02 7.919743e+02 
2.909394e-01 8.478716e+02 7.748149e+02 
2.939596e-01 8.487929e+02 7.581743e+02 
2.969798e-01 8.448733e+02 7.420326e+02 
3.000000e-01 8.356034e+02 7.263705e+02 
