1.000000e-03 3.846201e+03 3.846198e+03 
4.020202e-03 1.281366e+04 1.291446e+04 
7.040404e-03 1.875296e+04 1.889107e+04 
1.006061e-02 2.244172e+04 2.259541e+04 
1.308081e-02 2.444364e+04 2.461763e+04 
1.610101e-02 2.517388e+04 2.532405e+04 
1.912121e-02 2.496171e+04 2.500596e+04 
2.214141e-02 2.408219e+04 2.398546e+04 
2.516162e-02 2.277047e+04 2.259751e+04 
2.818182e-02 2.122101e+04 2.110664e+04 
3.120202e-02 1.959056e+04 1.966652e+04 
3.422222e-02 1.799664e+04 1.834059e+04 
3.724242e-02 1.651940e+04 1.714161e+04 
4.026263e-02 1.520875e+04 1.606098e+04 
4.328283e-02 1.408261e+04 1.508404e+04 
4.630303e-02 1.313717e+04 1.419630e+04 
4.932323e-02 1.237503e+04 1.338533e+04 
5.234343e-02 1.176997e+04 1.264100e+04 
5.536364e-02 1.128046e+04 1.195511e+04 
5.838384e-02 1.087671e+04 1.132099e+04 
6.140404e-02 1.053092e+04 1.073315e+04 
6.442424e-02 1.021489e+04 1.018696e+04 
6.744444e-02 9.901213e+03 9.678494e+03 
7.046465e-02 9.570265e+03 9.204349e+03 
7.348485e-02 9.209801e+03 8.761546e+03 
7.650505e-02 8.814808e+03 8.347452e+03 
7.952525e-02 8.388006e+03 7.959725e+03 
8.254545e-02 7.938064e+03 7.596263e+03 
8.556566e-02 7.477103e+03 7.255174e+03 
8.858586e-02 7.018158e+03 6.934748e+03 
9.160606e-02 6.573678e+03 6.633432e+03 
9.462626e-02 6.154879e+03 6.349813e+03 
9.764646e-02 5.771537e+03 6.082604e+03 
1.006667e-01 5.430744e+03 5.830629e+03 
1.036869e-01 5.137075e+03 5.592811e+03 
1.067071e-01 4.891155e+03 5.368165e+03 
1.097273e-01 4.690925e+03 5.155783e+03 
1.127475e-01 4.530650e+03 4.954835e+03 
1.157677e-01 4.403123e+03 4.764556e+03 
1.187879e-01 4.299910e+03 4.584240e+03 
1.218081e-01 4.212800e+03 4.413238e+03 
1.248283e-01 4.134010e+03 4.250950e+03 
1.278485e-01 4.056669e+03 4.096822e+03 
1.308687e-01 3.974746e+03 3.950341e+03 
1.338889e-01 3.883864e+03 3.811032e+03 
1.369091e-01 3.781032e+03 3.678457e+03 
1.399293e-01 3.665375e+03 3.552208e+03 
1.429495e-01 3.537622e+03 3.431906e+03 
1.459697e-01 3.400151e+03 3.317200e+03 
1.489899e-01 3.256350e+03 3.207763e+03 
1.520101e-01 3.110213e+03 3.103292e+03 
1.550303e-01 2.965811e+03 3.003503e+03 
1.580505e-01 2.827074e+03 2.908131e+03 
1.610707e-01 2.697468e+03 2.816932e+03 
1.640909e-01 2.579760e+03 2.729674e+03 
1.671111e-01 2.475712e+03 2.646144e+03 
1.701313e-01 2.385986e+03 2.566140e+03 
1.731515e-01 2.310267e+03 2.489475e+03 
1.761717e-01 2.247310e+03 2.415973e+03 
1.791919e-01 2.195335e+03 2.345469e+03 
1.822121e-01 2.152094e+03 2.277809e+03 
1.852323e-01 2.115224e+03 2.212847e+03 
1.882525e-01 2.082338e+03 2.150448e+03 
1.912727e-01 2.051109e+03 2.090483e+03 
1.942929e-01 2.019316e+03 2.032833e+03 
1.973131e-01 1.985157e+03 1.977384e+03 
2.003333e-01 1.947231e+03 1.924030e+03 
2.033535e-01 1.904898e+03 1.872670e+03 
2.063737e-01 1.858020e+03 1.823211e+03 
2.093939e-01 1.807138e+03 1.775562e+03 
2.124141e-01 1.753121e+03 1.729641e+03 
2.154343e-01 1.697151e+03 1.685366e+03 
2.184545e-01 1.640528e+03 1.642665e+03 
2.214747e-01 1.584605e+03 1.601464e+03 
2.244949e-01 1.530621e+03 1.561698e+03 
2.275152e-01 1.479687e+03 1.523304e+03 
2.305354e-01 1.432643e+03 1.486220e+03 
2.335556e-01 1.390069e+03 1.450390e+03 
2.365758e-01 1.352175e+03 1.415761e+03 
2.395960e-01 1.318889e+03 1.382280e+03 
2.426162e-01 1.289884e+03 1.349900e+03 
2.456364e-01 1.264641e+03 1.318575e+03 
2.486566e-01 1.242521e+03 1.288260e+03 
2.516768e-01 1.222760e+03 1.258915e+03 
2.546970e-01 1.204550e+03 1.230499e+03 
2.577172e-01 1.187058e+03 1.202976e+03 
2.607374e-01 1.169518e+03 1.176310e+03 
2.637576e-01 1.151268e+03 1.150466e+03 
2.667778e-01 1.131866e+03 1.125413e+03 
2.697980e-01 1.111062e+03 1.101119e+03 
2.728182e-01 1.088874e+03 1.077555e+03 
2.758384e-01 1.065456e+03 1.054694e+03 
2.788586e-01 1.041085e+03 1.032508e+03 
2.818788e-01 1.016093e+03 1.010972e+03 
2.848990e-01 9.908677e+02 9.900623e+02 
2.879192e-01 9.658021e+02 9.697549e+02 
2.909394e-01 9.412935e+02 9.500280e+02 
2.939596e-01 9.177310e+02 9.308603e+02 
2.969798e-01 8.954673e+02 9.122316e+02 
3.000000e-01 8.747336e+02 8.941227e+02 
