1.000000e-03 7.586202e+03 7.586196e+03 
4.020202e-03 2.456431e+04 2.476314e+04 
7.040404e-03 3.524075e+04 3.553660e+04 
1.006061e-02 4.140281e+04 4.182294e+04 
1.308081e-02 4.424267e+04 4.484957e+04 
1.610101e-02 4.460748e+04 4.529872e+04 
1.912121e-02 4.316783e+04 4.367081e+04 
2.214141e-02 4.048921e+04 4.057182e+04 
2.516162e-02 3.705535e+04 3.673359e+04 
2.818182e-02 3.327300e+04 3.281035e+04 
3.120202e-02 2.946452e+04 2.920893e+04 
3.422222e-02 2.586715e+04 2.608707e+04 
3.724242e-02 2.263546e+04 2.344728e+04 
4.026263e-02 1.985570e+04 2.122657e+04 
4.328283e-02 1.754065e+04 1.934818e+04 
4.630303e-02 1.568357e+04 1.774310e+04 
4.932323e-02 1.426337e+04 1.635567e+04 
5.234343e-02 1.320708e+04 1.514298e+04 
5.536364e-02 1.244889e+04 1.407240e+04 
5.838384e-02 1.192408e+04 1.311912e+04 
6.140404e-02 1.156122e+04 1.226403e+04 
6.442424e-02 1.130204e+04 1.149226e+04 
6.744444e-02 1.109462e+04 1.079203e+04 
7.046465e-02 1.089185e+04 1.015386e+04 
7.348485e-02 1.065359e+04 9.570017e+03 
7.650505e-02 1.034945e+04 9.034080e+03 
7.952525e-02 9.962006e+03 8.540676e+03 
8.254545e-02 9.488167e+03 8.085245e+03 
8.556566e-02 8.938544e+03 7.663878e+03 
8.858586e-02 8.333124e+03 7.273200e+03 
9.160606e-02 7.697440e+03 6.910273e+03 
9.462626e-02 7.059282e+03 6.572521e+03 
9.764646e-02 6.444032e+03 6.257676e+03 
1.006667e-01 5.874007e+03 5.963729e+03 
1.036869e-01 5.365404e+03 5.688893e+03 
1.067071e-01 4.929423e+03 5.431571e+03 
1.097273e-01 4.570087e+03 5.190335e+03 
1.127475e-01 4.286988e+03 4.963899e+03 
1.157677e-01 4.075495e+03 4.751104e+03 
1.187879e-01 3.927668e+03 4.550903e+03 
1.218081e-01 3.833465e+03 4.362347e+03 
1.248283e-01 3.781273e+03 4.184576e+03 
1.278485e-01 3.758711e+03 4.016804e+03 
1.308687e-01 3.752780e+03 3.858319e+03 
1.338889e-01 3.751243e+03 3.708467e+03 
1.369091e-01 3.742893e+03 3.566651e+03 
1.399293e-01 3.718637e+03 3.432326e+03 
1.429495e-01 3.671269e+03 3.304988e+03 
1.459697e-01 3.596561e+03 3.184177e+03 
1.489899e-01 3.492809e+03 3.069469e+03 
1.520101e-01 3.361164e+03 2.960473e+03 
1.550303e-01 3.205865e+03 2.856828e+03 
1.580505e-01 3.033334e+03 2.758200e+03 
1.610707e-01 2.851810e+03 2.664282e+03 
1.640909e-01 2.669739e+03 2.574789e+03 
1.671111e-01 2.494947e+03 2.489455e+03 
1.701313e-01 2.333614e+03 2.408036e+03 
1.731515e-01 2.190170e+03 2.330304e+03 
1.761717e-01 2.067019e+03 2.256046e+03 
1.791919e-01 1.965317e+03 2.185066e+03 
1.822121e-01 1.885025e+03 2.117180e+03 
1.852323e-01 1.825255e+03 2.052216e+03 
1.882525e-01 1.784173e+03 1.990015e+03 
1.912727e-01 1.759056e+03 1.930428e+03 
1.942929e-01 1.746489e+03 1.873315e+03 
1.973131e-01 1.742400e+03 1.818545e+03 
2.003333e-01 1.742573e+03 1.765996e+03 
2.033535e-01 1.742946e+03 1.715554e+03 
2.063737e-01 1.739984e+03 1.667111e+03 
2.093939e-01 1.730785e+03 1.620567e+03 
2.124141e-01 1.713318e+03 1.575827e+03 
2.154343e-01 1.686238e+03 1.532801e+03 
2.184545e-01 1.649145e+03 1.491407e+03 
2.214747e-01 1.602430e+03 1.451565e+03 
2.244949e-01 1.547442e+03 1.413202e+03 
2.275152e-01 1.486210e+03 1.376247e+03 
2.305354e-01 1.421232e+03 1.340635e+03 
2.335556e-01 1.355180e+03 1.306303e+03 
2.365758e-01 1.290604e+03 1.273194e+03 
2.395960e-01 1.229624e+03 1.241251e+03 
2.426162e-01 1.173935e+03 1.210422e+03 
2.456364e-01 1.124770e+03 1.180657e+03 
2.486566e-01 1.082860e+03 1.151911e+03 
2.516768e-01 1.048546e+03 1.124138e+03 
2.546970e-01 1.021641e+03 1.097296e+03 
2.577172e-01 1.001609e+03 1.071345e+03 
2.607374e-01 9.875084e+02 1.046249e+03 
2.637576e-01 9.781361e+02 1.021970e+03 
2.667778e-01 9.721052e+02 9.984757e+02 
2.697980e-01 9.680029e+02 9.757328e+02 
2.728182e-01 9.644597e+02 9.537107e+02 
2.758384e-01 9.602475e+02 9.323805e+02 
2.788586e-01 9.542996e+02 9.117143e+02 
2.818788e-01 9.457467e+02 8.916858e+02 
2.848990e-01 9.339837e+02 8.722699e+02 
2.879192e-01 9.186497e+02 8.534425e+02 
2.909394e-01 8.997861e+02 8.351810e+02 
2.939596e-01 8.777038e+02 8.174637e+02 
2.969798e-01 8.530307e+02 8.002697e+02 
3.000000e-01 8.265727e+02 7.835794e+02 
