1.000000e-03 6.800439e+03 6.800433e+03 
4.020202e-03 2.235220e+04 2.253042e+04 
7.040404e-03 3.229618e+04 3.256213e+04 
1.006061e-02 3.812964e+04 3.850962e+04 
1.308081e-02 4.089694e+04 4.144602e+04 
1.610101e-02 4.135917e+04 4.197480e+04 
1.912121e-02 4.012896e+04 4.055482e+04 
2.214141e-02 3.772956e+04 3.775965e+04 
2.516162e-02 3.461336e+04 3.428000e+04 
2.818182e-02 3.116114e+04 3.072266e+04 
3.120202e-02 2.767583e+04 2.745673e+04 
3.422222e-02 2.437950e+04 2.462130e+04 
3.724242e-02 2.141844e+04 2.221629e+04 
4.026263e-02 1.887260e+04 2.018457e+04 
4.328283e-02 1.675314e+04 1.845782e+04 
4.630303e-02 1.506007e+04 1.697505e+04 
4.932323e-02 1.376743e+04 1.568723e+04 
5.234343e-02 1.280703e+04 1.455660e+04 
5.536364e-02 1.211707e+04 1.355442e+04 
5.838384e-02 1.163556e+04 1.265876e+04 
6.140404e-02 1.129996e+04 1.185273e+04 
6.442424e-02 1.105232e+04 1.112310e+04 
6.744444e-02 1.084211e+04 1.045936e+04 
7.046465e-02 1.062555e+04 9.853002e+03 
7.348485e-02 1.036643e+04 9.297067e+03 
7.650505e-02 1.003925e+04 8.785755e+03 
7.952525e-02 9.632012e+03 8.314181e+03 
8.254545e-02 9.145688e+03 7.878186e+03 
8.556566e-02 8.592695e+03 7.474192e+03 
8.858586e-02 7.993956e+03 7.099096e+03 
9.160606e-02 7.374738e+03 6.750188e+03 
9.462626e-02 6.761368e+03 6.425087e+03 
9.764646e-02 6.177972e+03 6.121688e+03 
1.006667e-01 5.644807e+03 5.838122e+03 
1.036869e-01 5.176216e+03 5.572722e+03 
1.067071e-01 4.780193e+03 5.323996e+03 
1.097273e-01 4.459337e+03 5.090605e+03 
1.127475e-01 4.210748e+03 4.871342e+03 
1.157677e-01 4.028538e+03 4.665118e+03 
1.187879e-01 3.904106e+03 4.470945e+03 
1.218081e-01 3.827139e+03 4.287928e+03 
1.248283e-01 3.785911e+03 4.115253e+03 
1.278485e-01 3.767882e+03 3.952179e+03 
1.308687e-01 3.760422e+03 3.798027e+03 
1.338889e-01 3.751600e+03 3.652178e+03 
1.369091e-01 3.731176e+03 3.514066e+03 
1.399293e-01 3.691118e+03 3.383169e+03 
1.429495e-01 3.626193e+03 3.259010e+03 
1.459697e-01 3.533518e+03 3.141149e+03 
1.489899e-01 3.413463e+03 3.029182e+03 
1.520101e-01 3.268754e+03 2.922733e+03 
1.550303e-01 3.104766e+03 2.821460e+03 
1.580505e-01 2.928662e+03 2.725042e+03 
1.610707e-01 2.748676e+03 2.633184e+03 
1.640909e-01 2.572891e+03 2.545612e+03 
1.671111e-01 2.408359e+03 2.462074e+03 
1.701313e-01 2.260086e+03 2.382332e+03 
1.731515e-01 2.131271e+03 2.306169e+03 
1.761717e-01 2.023493e+03 2.233380e+03 
1.791919e-01 1.936916e+03 2.163776e+03 
1.822121e-01 1.870829e+03 2.097179e+03 
1.852323e-01 1.823617e+03 2.033425e+03 
1.882525e-01 1.792916e+03 1.972359e+03 
1.912727e-01 1.775593e+03 1.913837e+03 
1.942929e-01 1.767819e+03 1.857725e+03 
1.973131e-01 1.765420e+03 1.803897e+03 
2.003333e-01 1.764202e+03 1.752234e+03 
2.033535e-01 1.760389e+03 1.702625e+03 
2.063737e-01 1.750887e+03 1.654967e+03 
2.093939e-01 1.733511e+03 1.609162e+03 
2.124141e-01 1.706849e+03 1.565119e+03 
2.154343e-01 1.670471e+03 1.522750e+03 
2.184545e-01 1.624678e+03 1.481976e+03 
2.214747e-01 1.570666e+03 1.442719e+03 
2.244949e-01 1.510280e+03 1.404909e+03 
2.275152e-01 1.445869e+03 1.368476e+03 
2.305354e-01 1.380056e+03 1.333357e+03 
2.335556e-01 1.315423e+03 1.299492e+03 
2.365758e-01 1.254213e+03 1.266823e+03 
2.395960e-01 1.198210e+03 1.235297e+03 
2.426162e-01 1.148693e+03 1.204863e+03 
2.456364e-01 1.106381e+03 1.175472e+03 
2.486566e-01 1.071581e+03 1.147079e+03 
2.516768e-01 1.044101e+03 1.119641e+03 
2.546970e-01 1.023410e+03 1.093117e+03 
2.577172e-01 1.008609e+03 1.067468e+03 
2.607374e-01 9.985241e+02 1.042656e+03 
2.637576e-01 9.917993e+02 1.018648e+03 
2.667778e-01 9.869894e+02 9.954103e+02 
2.697980e-01 9.826915e+02 9.729107e+02 
2.728182e-01 9.776297e+02 9.511196e+02 
2.758384e-01 9.707396e+02 9.300085e+02 
2.788586e-01 9.611723e+02 9.095504e+02 
2.818788e-01 9.483986e+02 8.897194e+02 
2.848990e-01 9.321429e+02 8.704910e+02 
2.879192e-01 9.124682e+02 8.518418e+02 
2.909394e-01 8.897213e+02 8.337494e+02 
2.939596e-01 8.645145e+02 8.161928e+02 
2.969798e-01 8.376648e+02 7.991515e+02 
3.000000e-01 8.100792e+02 7.826063e+02 
