1.000000e-03 2.354547e+03 2.354545e+03 
4.020202e-03 7.793824e+03 7.857455e+03 
7.040404e-03 1.137160e+04 1.144040e+04 
1.006061e-02 1.362988e+04 1.365155e+04 
1.308081e-02 1.495441e+04 1.490613e+04 
1.610101e-02 1.561337e+04 1.548963e+04 
1.912121e-02 1.579984e+04 1.561562e+04 
2.214141e-02 1.565901e+04 1.544999e+04 
2.516162e-02 1.530078e+04 1.511038e+04 
2.818182e-02 1.480895e+04 1.467123e+04 
3.120202e-02 1.424542e+04 1.417728e+04 
3.422222e-02 1.365370e+04 1.365572e+04 
3.724242e-02 1.306435e+04 1.312379e+04 
4.026263e-02 1.249254e+04 1.259276e+04 
4.328283e-02 1.193976e+04 1.207015e+04 
4.630303e-02 1.142645e+04 1.156096e+04 
4.932323e-02 1.094994e+04 1.106841e+04 
5.234343e-02 1.049242e+04 1.059450e+04 
5.536364e-02 1.005046e+04 1.014033e+04 
5.838384e-02 9.624024e+03 9.706356e+03 
6.140404e-02 9.213796e+03 9.292595e+03 
6.442424e-02 8.818242e+03 8.898748e+03 
6.744444e-02 8.434534e+03 8.524299e+03 
7.046465e-02 8.062648e+03 8.168587e+03 
7.348485e-02 7.704199e+03 7.830865e+03 
7.650505e-02 7.362373e+03 7.510329e+03 
7.952525e-02 7.040222e+03 7.206155e+03 
8.254545e-02 6.739718e+03 6.917515e+03 
8.556566e-02 6.460931e+03 6.643591e+03 
8.858586e-02 6.201832e+03 6.383587e+03 
9.160606e-02 5.960272e+03 6.136734e+03 
9.462626e-02 5.734243e+03 5.902295e+03 
9.764646e-02 5.522614e+03 5.679567e+03 
1.006667e-01 5.324410e+03 5.467881e+03 
1.036869e-01 5.138041e+03 5.266605e+03 
1.067071e-01 4.961471e+03 5.075144e+03 
1.097273e-01 4.792091e+03 4.892934e+03 
1.127475e-01 4.627910e+03 4.719445e+03 
1.157677e-01 4.467763e+03 4.554182e+03 
1.187879e-01 4.311608e+03 4.396677e+03 
1.218081e-01 4.160085e+03 4.246490e+03 
1.248283e-01 4.013920e+03 4.103212e+03 
1.278485e-01 3.873926e+03 3.966456e+03 
1.308687e-01 3.740684e+03 3.835860e+03 
1.338889e-01 3.614308e+03 3.711087e+03 
1.369091e-01 3.494788e+03 3.591817e+03 
1.399293e-01 3.381837e+03 3.477752e+03 
1.429495e-01 3.275097e+03 3.368613e+03 
1.459697e-01 3.174114e+03 3.264137e+03 
1.489899e-01 3.078396e+03 3.164078e+03 
1.520101e-01 2.987473e+03 3.068205e+03 
1.550303e-01 2.900894e+03 2.976300e+03 
1.580505e-01 2.818184e+03 2.888159e+03 
1.610707e-01 2.738831e+03 2.803590e+03 
1.640909e-01 2.662336e+03 2.722414e+03 
1.671111e-01 2.588252e+03 2.644459e+03 
1.701313e-01 2.516211e+03 2.569567e+03 
1.731515e-01 2.446231e+03 2.497587e+03 
1.761717e-01 2.378449e+03 2.428377e+03 
1.791919e-01 2.312964e+03 2.361804e+03 
1.822121e-01 2.249850e+03 2.297741e+03 
1.852323e-01 2.189095e+03 2.236070e+03 
1.882525e-01 2.130595e+03 2.176679e+03 
1.912727e-01 2.074286e+03 2.119462e+03 
1.942929e-01 2.020186e+03 2.064318e+03 
1.973131e-01 1.968309e+03 2.011153e+03 
2.003333e-01 1.918614e+03 1.959878e+03 
2.033535e-01 1.871033e+03 1.910408e+03 
2.063737e-01 1.825362e+03 1.862663e+03 
2.093939e-01 1.781346e+03 1.816566e+03 
2.124141e-01 1.738798e+03 1.772047e+03 
2.154343e-01 1.697581e+03 1.729036e+03 
2.184545e-01 1.657618e+03 1.687470e+03 
2.214747e-01 1.618905e+03 1.647286e+03 
2.244949e-01 1.581420e+03 1.608428e+03 
2.275152e-01 1.545082e+03 1.570838e+03 
2.305354e-01 1.509813e+03 1.534466e+03 
2.335556e-01 1.475568e+03 1.499261e+03 
2.365758e-01 1.442322e+03 1.465175e+03 
2.395960e-01 1.410081e+03 1.432164e+03 
2.426162e-01 1.378870e+03 1.400185e+03 
2.456364e-01 1.348678e+03 1.369196e+03 
2.486566e-01 1.319466e+03 1.339158e+03 
2.516768e-01 1.291183e+03 1.310036e+03 
2.546970e-01 1.263767e+03 1.281793e+03 
2.577172e-01 1.237163e+03 1.254395e+03 
2.607374e-01 1.211356e+03 1.227811e+03 
2.637576e-01 1.186332e+03 1.202009e+03 
2.667778e-01 1.162068e+03 1.176961e+03 
2.697980e-01 1.138533e+03 1.152638e+03 
2.728182e-01 1.115679e+03 1.129014e+03 
2.758384e-01 1.093446e+03 1.106064e+03 
2.788586e-01 1.071791e+03 1.083762e+03 
2.818788e-01 1.050696e+03 1.062085e+03 
2.848990e-01 1.030149e+03 1.041012e+03 
2.879192e-01 1.010153e+03 1.020521e+03 
2.909394e-01 9.907092e+02 1.000591e+03 
2.939596e-01 9.718018e+02 9.812022e+02 
2.969798e-01 9.534112e+02 9.623368e+02 
3.000000e-01 9.355112e+02 9.439764e+02 
