1.000000e-03 2.868166e+03 2.868163e+03 
4.020202e-03 9.529016e+03 9.604362e+03 
7.040404e-03 1.390925e+04 1.399742e+04 
1.006061e-02 1.663750e+04 1.669575e+04 
1.308081e-02 1.816732e+04 1.817929e+04 
1.610101e-02 1.882202e+04 1.876810e+04 
1.912121e-02 1.884662e+04 1.871794e+04 
2.214141e-02 1.843455e+04 1.826389e+04 
2.516162e-02 1.774065e+04 1.759837e+04 
2.818182e-02 1.688917e+04 1.684715e+04 
3.120202e-02 1.597424e+04 1.607749e+04 
3.422222e-02 1.506453e+04 1.532065e+04 
3.724242e-02 1.420505e+04 1.458996e+04 
4.026263e-02 1.342304e+04 1.389072e+04 
4.328283e-02 1.272011e+04 1.322479e+04 
4.630303e-02 1.210146e+04 1.259245e+04 
4.932323e-02 1.157064e+04 1.199322e+04 
5.234343e-02 1.109886e+04 1.142620e+04 
5.536364e-02 1.066495e+04 1.089023e+04 
5.838384e-02 1.025774e+04 1.038401e+04 
6.140404e-02 9.865614e+03 9.906142e+03 
6.442424e-02 9.477969e+03 9.455171e+03 
6.744444e-02 9.086592e+03 9.029645e+03 
7.046465e-02 8.688332e+03 8.628127e+03 
7.348485e-02 8.284423e+03 8.249212e+03 
7.650505e-02 7.879857e+03 7.891547e+03 
7.952525e-02 7.482198e+03 7.553835e+03 
8.254545e-02 7.099222e+03 7.234840e+03 
8.556566e-02 6.737740e+03 6.933396e+03 
8.858586e-02 6.402054e+03 6.648400e+03 
9.160606e-02 6.094781e+03 6.378816e+03 
9.462626e-02 5.817222e+03 6.123675e+03 
9.764646e-02 5.569818e+03 5.882067e+03 
1.006667e-01 5.351638e+03 5.653142e+03 
1.036869e-01 5.160186e+03 5.436108e+03 
1.067071e-01 4.991234e+03 5.230226e+03 
1.097273e-01 4.838962e+03 5.034805e+03 
1.127475e-01 4.697609e+03 4.849203e+03 
1.157677e-01 4.561681e+03 4.672822e+03 
1.187879e-01 4.427317e+03 4.505103e+03 
1.218081e-01 4.291799e+03 4.345527e+03 
1.248283e-01 4.154159e+03 4.193610e+03 
1.278485e-01 4.014284e+03 4.048900e+03 
1.308687e-01 3.872879e+03 3.910975e+03 
1.338889e-01 3.731096e+03 3.779444e+03 
1.369091e-01 3.590802e+03 3.653939e+03 
1.399293e-01 3.453981e+03 3.534120e+03 
1.429495e-01 3.322564e+03 3.419665e+03 
1.459697e-01 3.198195e+03 3.310277e+03 
1.489899e-01 3.082050e+03 3.205677e+03 
1.520101e-01 2.974854e+03 3.105602e+03 
1.550303e-01 2.876811e+03 3.009810e+03 
1.580505e-01 2.787749e+03 2.918071e+03 
1.610707e-01 2.707135e+03 2.830170e+03 
1.640909e-01 2.633905e+03 2.745906e+03 
1.671111e-01 2.566631e+03 2.665091e+03 
1.701313e-01 2.503744e+03 2.587549e+03 
1.731515e-01 2.443672e+03 2.513111e+03 
1.761717e-01 2.385170e+03 2.441623e+03 
1.791919e-01 2.327232e+03 2.372937e+03 
1.822121e-01 2.269361e+03 2.306915e+03 
1.852323e-01 2.211254e+03 2.243427e+03 
1.882525e-01 2.152818e+03 2.182350e+03 
1.912727e-01 2.094129e+03 2.123569e+03 
1.942929e-01 2.035550e+03 2.066976e+03 
1.973131e-01 1.977576e+03 2.012466e+03 
2.003333e-01 1.920850e+03 1.959945e+03 
2.033535e-01 1.865985e+03 1.909319e+03 
2.063737e-01 1.813533e+03 1.860502e+03 
2.093939e-01 1.763834e+03 1.813413e+03 
2.124141e-01 1.717036e+03 1.767974e+03 
2.154343e-01 1.673136e+03 1.724112e+03 
2.184545e-01 1.632028e+03 1.681758e+03 
2.214747e-01 1.593518e+03 1.640846e+03 
2.244949e-01 1.557355e+03 1.601314e+03 
2.275152e-01 1.523192e+03 1.563103e+03 
2.305354e-01 1.490643e+03 1.526156e+03 
2.335556e-01 1.459287e+03 1.490422e+03 
2.365758e-01 1.428747e+03 1.455848e+03 
2.395960e-01 1.398784e+03 1.422388e+03 
2.426162e-01 1.369225e+03 1.389996e+03 
2.456364e-01 1.339982e+03 1.358629e+03 
2.486566e-01 1.311008e+03 1.328245e+03 
2.516768e-01 1.282292e+03 1.298805e+03 
2.546970e-01 1.253866e+03 1.270272e+03 
2.577172e-01 1.225806e+03 1.242611e+03 
2.607374e-01 1.198255e+03 1.215787e+03 
2.637576e-01 1.171404e+03 1.189768e+03 
2.667778e-01 1.145419e+03 1.164524e+03 
2.697980e-01 1.120439e+03 1.140025e+03 
2.728182e-01 1.096513e+03 1.116244e+03 
2.758384e-01 1.073636e+03 1.093152e+03 
2.788586e-01 1.051746e+03 1.070726e+03 
2.818788e-01 1.030761e+03 1.048940e+03 
2.848990e-01 1.010606e+03 1.027772e+03 
2.879192e-01 9.912079e+02 1.007198e+03 
2.909394e-01 9.725088e+02 9.871983e+02 
2.939596e-01 9.544313e+02 9.677515e+02 
2.969798e-01 9.368649e+02 9.488385e+02 
3.000000e-01 9.197064e+02 9.304406e+02 
