1.000000e-03 4.174460e+03 4.174456e+03 
4.020202e-03 1.371999e+04 1.382862e+04 
7.040404e-03 1.987908e+04 2.002234e+04 
1.006061e-02 2.358935e+04 2.374173e+04 
1.308081e-02 2.550438e+04 2.566629e+04 
1.610101e-02 2.609345e+04 2.621516e+04 
1.912121e-02 2.572050e+04 2.572462e+04 
2.214141e-02 2.468500e+04 2.455572e+04 
2.516162e-02 2.323510e+04 2.306157e+04 
2.818182e-02 2.157522e+04 2.150207e+04 
3.120202e-02 1.986437e+04 2.001686e+04 
3.422222e-02 1.821881e+04 1.865749e+04 
3.724242e-02 1.671461e+04 1.742997e+04 
4.026263e-02 1.539611e+04 1.632281e+04 
4.328283e-02 1.427486e+04 1.532048e+04 
4.630303e-02 1.334159e+04 1.440843e+04 
4.932323e-02 1.259470e+04 1.357443e+04 
5.234343e-02 1.200042e+04 1.280854e+04 
5.536364e-02 1.151315e+04 1.210268e+04 
5.838384e-02 1.110659e+04 1.145023e+04 
6.140404e-02 1.074676e+04 1.084567e+04 
6.442424e-02 1.040209e+04 1.028432e+04 
6.744444e-02 1.005099e+04 9.762150e+03 
7.046465e-02 9.677207e+03 9.275663e+03 
7.348485e-02 9.271728e+03 8.821768e+03 
7.650505e-02 8.833340e+03 8.397726e+03 
7.952525e-02 8.368165e+03 8.001088e+03 
8.254545e-02 7.887386e+03 7.629654e+03 
8.556566e-02 7.404586e+03 7.281439e+03 
8.858586e-02 6.933415e+03 6.954649e+03 
9.160606e-02 6.486779e+03 6.647653e+03 
9.462626e-02 6.075413e+03 6.358970e+03 
9.764646e-02 5.707475e+03 6.087248e+03 
1.006667e-01 5.387866e+03 5.831254e+03 
1.036869e-01 5.118609e+03 5.589862e+03 
1.067071e-01 4.897236e+03 5.362039e+03 
1.097273e-01 4.718761e+03 5.146838e+03 
1.127475e-01 4.575542e+03 4.943391e+03 
1.157677e-01 4.459195e+03 4.750900e+03 
1.187879e-01 4.360981e+03 4.568630e+03 
1.218081e-01 4.272643e+03 4.395906e+03 
1.248283e-01 4.186550e+03 4.232104e+03 
1.278485e-01 4.096420e+03 4.076648e+03 
1.308687e-01 3.997181e+03 3.929007e+03 
1.338889e-01 3.886075e+03 3.788690e+03 
1.369091e-01 3.762049e+03 3.655242e+03 
1.399293e-01 3.626465e+03 3.528241e+03 
1.429495e-01 3.481898e+03 3.407298e+03 
1.459697e-01 3.332000e+03 3.292050e+03 
1.489899e-01 3.180717e+03 3.182159e+03 
1.520101e-01 3.032093e+03 3.077313e+03 
1.550303e-01 2.889896e+03 2.977221e+03 
1.580505e-01 2.757560e+03 2.881611e+03 
1.610707e-01 2.637830e+03 2.790231e+03 
1.640909e-01 2.532530e+03 2.702845e+03 
1.671111e-01 2.442169e+03 2.619233e+03 
1.701313e-01 2.366122e+03 2.539189e+03 
1.731515e-01 2.302795e+03 2.462521e+03 
1.761717e-01 2.249958e+03 2.389050e+03 
1.791919e-01 2.205108e+03 2.318607e+03 
1.822121e-01 2.165819e+03 2.251035e+03 
1.852323e-01 2.129728e+03 2.186185e+03 
1.882525e-01 2.094582e+03 2.123918e+03 
1.912727e-01 2.058370e+03 2.064105e+03 
1.942929e-01 2.019392e+03 2.006624e+03 
1.973131e-01 1.976527e+03 1.951358e+03 
2.003333e-01 1.929166e+03 1.898200e+03 
2.033535e-01 1.877573e+03 1.847049e+03 
2.063737e-01 1.822474e+03 1.797807e+03 
2.093939e-01 1.765060e+03 1.750385e+03 
2.124141e-01 1.706664e+03 1.704697e+03 
2.154343e-01 1.648704e+03 1.660663e+03 
2.184545e-01 1.592437e+03 1.618207e+03 
2.214747e-01 1.538948e+03 1.577257e+03 
2.244949e-01 1.489093e+03 1.537745e+03 
2.275152e-01 1.443535e+03 1.499607e+03 
2.305354e-01 1.402590e+03 1.462782e+03 
2.335556e-01 1.366333e+03 1.427214e+03 
2.365758e-01 1.334510e+03 1.392846e+03 
2.395960e-01 1.306657e+03 1.359629e+03 
2.426162e-01 1.282108e+03 1.327512e+03 
2.456364e-01 1.260084e+03 1.296450e+03 
2.486566e-01 1.239745e+03 1.266398e+03 
2.516768e-01 1.220266e+03 1.237315e+03 
2.546970e-01 1.200881e+03 1.209160e+03 
2.577172e-01 1.180972e+03 1.181897e+03 
2.607374e-01 1.160084e+03 1.155488e+03 
2.637576e-01 1.137980e+03 1.129901e+03 
2.667778e-01 1.114621e+03 1.105102e+03 
2.697980e-01 1.090142e+03 1.081061e+03 
2.728182e-01 1.064804e+03 1.057747e+03 
2.758384e-01 1.038939e+03 1.035134e+03 
2.788586e-01 1.012942e+03 1.013193e+03 
2.818788e-01 9.872230e+02 9.919006e+02 
2.848990e-01 9.621859e+02 9.712310e+02 
2.879192e-01 9.381891e+02 9.511613e+02 
2.909394e-01 9.155304e+02 9.316694e+02 
2.939596e-01 8.944010e+02 9.127339e+02 
2.969798e-01 8.749053e+02 8.943346e+02 
3.000000e-01 8.570204e+02 8.764521e+02 
