1.000000e-03 3.869867e+03 3.869863e+03 
4.020202e-03 1.303948e+04 1.314278e+04 
7.040404e-03 1.911498e+04 1.925535e+04 
1.006061e-02 2.286771e+04 2.302291e+04 
1.308081e-02 2.488062e+04 2.505404e+04 
1.610101e-02 2.558554e+04 2.573011e+04 
1.912121e-02 2.532622e+04 2.535881e+04 
2.214141e-02 2.438918e+04 2.428045e+04 
2.516162e-02 2.301723e+04 2.284293e+04 
2.818182e-02 2.141311e+04 2.131461e+04 
3.120202e-02 1.973692e+04 1.984706e+04 
3.422222e-02 1.810841e+04 1.850033e+04 
3.724242e-02 1.660800e+04 1.728457e+04 
4.026263e-02 1.528455e+04 1.618967e+04 
4.328283e-02 1.415418e+04 1.520018e+04 
4.630303e-02 1.321070e+04 1.430121e+04 
4.932323e-02 1.245532e+04 1.348012e+04 
5.234343e-02 1.185831e+04 1.272664e+04 
5.536364e-02 1.137538e+04 1.203250e+04 
5.838384e-02 1.097865e+04 1.139094e+04 
6.140404e-02 1.063611e+04 1.079640e+04 
6.442424e-02 1.031647e+04 1.024418e+04 
6.744444e-02 9.994771e+03 9.730291e+03 
7.046465e-02 9.652346e+03 9.251274e+03 
7.348485e-02 9.277794e+03 8.804093e+03 
7.650505e-02 8.867425e+03 8.386066e+03 
7.952525e-02 8.425236e+03 7.994803e+03 
8.254545e-02 7.960811e+03 7.628164e+03 
8.556566e-02 7.487050e+03 7.284217e+03 
8.858586e-02 7.017916e+03 6.961218e+03 
9.160606e-02 6.566646e+03 6.657585e+03 
9.462626e-02 6.144902e+03 6.371878e+03 
9.764646e-02 5.762487e+03 6.102787e+03 
1.006667e-01 5.426075e+03 5.849113e+03 
1.036869e-01 5.139416e+03 5.609760e+03 
1.067071e-01 4.901825e+03 5.383727e+03 
1.097273e-01 4.709893e+03 5.170091e+03 
1.127475e-01 4.557035e+03 4.968008e+03 
1.157677e-01 4.435489e+03 4.776700e+03 
1.187879e-01 4.336601e+03 4.595451e+03 
1.218081e-01 4.251951e+03 4.423604e+03 
1.248283e-01 4.173544e+03 4.260547e+03 
1.278485e-01 4.094383e+03 4.105721e+03 
1.308687e-01 4.008438e+03 3.958606e+03 
1.338889e-01 3.911679e+03 3.818720e+03 
1.369091e-01 3.801660e+03 3.685620e+03 
1.399293e-01 3.678311e+03 3.558892e+03 
1.429495e-01 3.543175e+03 3.438154e+03 
1.459697e-01 3.399413e+03 3.323051e+03 
1.489899e-01 3.250786e+03 3.213251e+03 
1.520101e-01 3.101394e+03 3.108448e+03 
1.550303e-01 2.955357e+03 3.008356e+03 
1.580505e-01 2.816610e+03 2.912708e+03 
1.610707e-01 2.688514e+03 2.821255e+03 
1.640909e-01 2.573650e+03 2.733766e+03 
1.671111e-01 2.473468e+03 2.650024e+03 
1.701313e-01 2.388206e+03 2.569826e+03 
1.731515e-01 2.317031e+03 2.492983e+03 
1.761717e-01 2.258262e+03 2.419318e+03 
1.791919e-01 2.209748e+03 2.348664e+03 
1.822121e-01 2.169011e+03 2.280866e+03 
1.852323e-01 2.133550e+03 2.215778e+03 
1.882525e-01 2.100989e+03 2.153263e+03 
1.912727e-01 2.069041e+03 2.093191e+03 
1.942929e-01 2.035560e+03 2.035443e+03 
1.973131e-01 1.998910e+03 1.979904e+03 
2.003333e-01 1.957921e+03 1.926467e+03 
2.033535e-01 1.912207e+03 1.875031e+03 
2.063737e-01 1.861907e+03 1.825501e+03 
2.093939e-01 1.807884e+03 1.777788e+03 
2.124141e-01 1.751279e+03 1.731806e+03 
2.154343e-01 1.693460e+03 1.687476e+03 
2.184545e-01 1.635816e+03 1.644723e+03 
2.214747e-01 1.579710e+03 1.603476e+03 
2.244949e-01 1.526286e+03 1.563666e+03 
2.275152e-01 1.476516e+03 1.525231e+03 
2.305354e-01 1.431067e+03 1.488110e+03 
2.335556e-01 1.390354e+03 1.452245e+03 
2.365758e-01 1.354436e+03 1.417583e+03 
2.395960e-01 1.323105e+03 1.384073e+03 
2.426162e-01 1.295902e+03 1.351665e+03 
2.456364e-01 1.272189e+03 1.320314e+03 
2.486566e-01 1.251208e+03 1.289975e+03 
2.516768e-01 1.232088e+03 1.260608e+03 
2.546970e-01 1.213952e+03 1.232171e+03 
2.577172e-01 1.195979e+03 1.204629e+03 
2.607374e-01 1.177483e+03 1.177944e+03 
2.637576e-01 1.157952e+03 1.152083e+03 
2.667778e-01 1.137104e+03 1.127013e+03 
2.697980e-01 1.114845e+03 1.102704e+03 
2.728182e-01 1.091282e+03 1.079127e+03 
2.758384e-01 1.066636e+03 1.056252e+03 
2.788586e-01 1.041242e+03 1.034053e+03 
2.818788e-01 1.015478e+03 1.012505e+03 
2.848990e-01 9.897641e+02 9.915841e+02 
2.879192e-01 9.645342e+02 9.712659e+02 
2.909394e-01 9.402260e+02 9.515287e+02 
2.939596e-01 9.171805e+02 9.323513e+02 
2.969798e-01 8.956591e+02 9.137133e+02 
3.000000e-01 8.757946e+02 8.955954e+02 
