1.000000e-03 2.483566e+03 2.483564e+03 
4.020202e-03 8.221864e+03 8.288039e+03 
7.040404e-03 1.199202e+04 1.206403e+04 
1.006061e-02 1.436155e+04 1.438835e+04 
1.308081e-02 1.573440e+04 1.569439e+04 
1.610101e-02 1.639333e+04 1.627840e+04 
1.912121e-02 1.654423e+04 1.636626e+04 
2.214141e-02 1.634324e+04 1.614051e+04 
2.516162e-02 1.591119e+04 1.573429e+04 
2.818182e-02 1.534112e+04 1.523146e+04 
3.120202e-02 1.470168e+04 1.468048e+04 
3.422222e-02 1.404226e+04 1.410911e+04 
3.724242e-02 1.339522e+04 1.353387e+04 
4.026263e-02 1.278093e+04 1.296506e+04 
4.328283e-02 1.220140e+04 1.240930e+04 
4.630303e-02 1.166205e+04 1.187082e+04 
4.932323e-02 1.117138e+04 1.135224e+04 
5.234343e-02 1.071032e+04 1.085507e+04 
5.536364e-02 1.026575e+04 1.038003e+04 
5.838384e-02 9.838647e+03 9.927251e+03 
6.140404e-02 9.426416e+03 9.496501e+03 
6.442424e-02 9.024731e+03 9.087260e+03 
6.744444e-02 8.631382e+03 8.698828e+03 
7.046465e-02 8.246163e+03 8.330387e+03 
7.348485e-02 7.871223e+03 7.981054e+03 
7.650505e-02 7.510428e+03 7.649909e+03 
7.952525e-02 7.168313e+03 7.336024e+03 
8.254545e-02 6.848099e+03 7.038481e+03 
8.556566e-02 6.551269e+03 6.756383e+03 
8.858586e-02 6.276874e+03 6.488865e+03 
9.160606e-02 6.023395e+03 6.235093e+03 
9.462626e-02 5.789144e+03 5.994276e+03 
9.764646e-02 5.572823e+03 5.765661e+03 
1.006667e-01 5.372946e+03 5.548536e+03 
1.036869e-01 5.187335e+03 5.342228e+03 
1.067071e-01 5.013075e+03 5.146106e+03 
1.097273e-01 4.846766e+03 4.959576e+03 
1.127475e-01 4.685686e+03 4.782078e+03 
1.157677e-01 4.527593e+03 4.613089e+03 
1.187879e-01 4.371980e+03 4.452119e+03 
1.218081e-01 4.219261e+03 4.298708e+03 
1.248283e-01 4.070243e+03 4.152426e+03 
1.278485e-01 3.925973e+03 4.012869e+03 
1.308687e-01 3.787288e+03 3.879660e+03 
1.338889e-01 3.654838e+03 3.752444e+03 
1.369091e-01 3.529105e+03 3.630891e+03 
1.399293e-01 3.410393e+03 3.514691e+03 
1.429495e-01 3.298748e+03 3.403553e+03 
1.459697e-01 3.193874e+03 3.297204e+03 
1.489899e-01 3.095385e+03 3.195388e+03 
1.520101e-01 3.002787e+03 3.097866e+03 
1.550303e-01 2.915531e+03 3.004414e+03 
1.580505e-01 2.832963e+03 2.914818e+03 
1.610707e-01 2.754391e+03 2.828882e+03 
1.640909e-01 2.679044e+03 2.746419e+03 
1.671111e-01 2.606191e+03 2.667253e+03 
1.701313e-01 2.535307e+03 2.591220e+03 
1.731515e-01 2.465995e+03 2.518164e+03 
1.761717e-01 2.398272e+03 2.447939e+03 
1.791919e-01 2.332283e+03 2.380409e+03 
1.822121e-01 2.268163e+03 2.315442e+03 
1.852323e-01 2.206029e+03 2.252917e+03 
1.882525e-01 2.145934e+03 2.192719e+03 
1.912727e-01 2.087900e+03 2.134738e+03 
1.942929e-01 2.032044e+03 2.078872e+03 
1.973131e-01 1.978542e+03 2.025023e+03 
2.003333e-01 1.927460e+03 1.973100e+03 
2.033535e-01 1.878756e+03 1.923016e+03 
2.063737e-01 1.832292e+03 1.874689e+03 
2.093939e-01 1.787821e+03 1.828040e+03 
2.124141e-01 1.745103e+03 1.782997e+03 
2.154343e-01 1.703917e+03 1.739489e+03 
2.184545e-01 1.664095e+03 1.697450e+03 
2.214747e-01 1.625574e+03 1.656818e+03 
2.244949e-01 1.588274e+03 1.617533e+03 
2.275152e-01 1.552062e+03 1.579538e+03 
2.305354e-01 1.516811e+03 1.542780e+03 
2.335556e-01 1.482463e+03 1.507208e+03 
2.365758e-01 1.448985e+03 1.472773e+03 
2.395960e-01 1.416407e+03 1.439429e+03 
2.426162e-01 1.384775e+03 1.407132e+03 
2.456364e-01 1.354107e+03 1.375841e+03 
2.486566e-01 1.324413e+03 1.345515e+03 
2.516768e-01 1.295658e+03 1.316118e+03 
2.546970e-01 1.267795e+03 1.287613e+03 
2.577172e-01 1.240797e+03 1.259965e+03 
2.607374e-01 1.214657e+03 1.233142e+03 
2.637576e-01 1.189368e+03 1.207112e+03 
2.667778e-01 1.164929e+03 1.181846e+03 
2.697980e-01 1.141294e+03 1.157315e+03 
2.728182e-01 1.118383e+03 1.133493e+03 
2.758384e-01 1.096122e+03 1.110352e+03 
2.788586e-01 1.074449e+03 1.087868e+03 
2.818788e-01 1.053324e+03 1.066018e+03 
2.848990e-01 1.032734e+03 1.044778e+03 
2.879192e-01 1.012675e+03 1.024127e+03 
2.909394e-01 9.931448e+02 1.004045e+03 
2.939596e-01 9.741364e+02 9.845105e+02 
2.969798e-01 9.556264e+02 9.655054e+02 
3.000000e-01 9.375897e+02 9.470111e+02 
