1.000000e-03 5.658864e+03 5.658859e+03 
4.020202e-03 1.898869e+04 1.914040e+04 
7.040404e-03 2.771668e+04 2.794159e+04 
1.006061e-02 3.298062e+04 3.328891e+04 
1.308081e-02 3.562887e+04 3.606089e+04 
1.610101e-02 3.629150e+04 3.676859e+04 
1.912121e-02 3.548019e+04 3.580319e+04 
2.214141e-02 3.363341e+04 3.364404e+04 
2.516162e-02 3.113291e+04 3.086264e+04 
2.818182e-02 2.830092e+04 2.796297e+04 
3.120202e-02 2.539760e+04 2.525797e+04 
3.422222e-02 2.261677e+04 2.287400e+04 
3.724242e-02 2.008947e+04 2.082239e+04 
4.026263e-02 1.789254e+04 1.906507e+04 
4.328283e-02 1.604386e+04 1.755212e+04 
4.630303e-02 1.454439e+04 1.623749e+04 
4.932323e-02 1.338495e+04 1.508347e+04 
5.234343e-02 1.251042e+04 1.406061e+04 
5.536364e-02 1.186677e+04 1.314624e+04 
5.838384e-02 1.140340e+04 1.232287e+04 
6.140404e-02 1.106674e+04 1.157688e+04 
6.442424e-02 1.080633e+04 1.089752e+04 
6.744444e-02 1.057786e+04 1.027614e+04 
7.046465e-02 1.034375e+04 9.705691e+03 
7.348485e-02 1.007310e+04 9.180333e+03 
7.650505e-02 9.744784e+03 8.695163e+03 
7.952525e-02 9.348674e+03 8.246013e+03 
8.254545e-02 8.885971e+03 7.829301e+03 
8.556566e-02 8.367742e+03 7.441926e+03 
8.858586e-02 7.811831e+03 7.081175e+03 
9.160606e-02 7.239882e+03 6.744663e+03 
9.462626e-02 6.674507e+03 6.430281e+03 
9.764646e-02 6.136429e+03 6.136153e+03 
1.006667e-01 5.643705e+03 5.860603e+03 
1.036869e-01 5.208555e+03 5.602130e+03 
1.067071e-01 4.838768e+03 5.359382e+03 
1.097273e-01 4.536195e+03 5.131141e+03 
1.127475e-01 4.299024e+03 4.916303e+03 
1.157677e-01 4.121487e+03 4.713870e+03 
1.187879e-01 3.995810e+03 4.522932e+03 
1.218081e-01 3.912690e+03 4.342662e+03 
1.248283e-01 3.861463e+03 4.172304e+03 
1.278485e-01 3.830898e+03 4.011168e+03 
1.308687e-01 3.809611e+03 3.858621e+03 
1.338889e-01 3.787009e+03 3.714084e+03 
1.369091e-01 3.753784e+03 3.577024e+03 
1.399293e-01 3.703086e+03 3.446952e+03 
1.429495e-01 3.630232e+03 3.323416e+03 
1.459697e-01 3.533592e+03 3.206001e+03 
1.489899e-01 3.413537e+03 3.094322e+03 
1.520101e-01 3.272875e+03 2.988025e+03 
1.550303e-01 3.116117e+03 2.886781e+03 
1.580505e-01 2.949354e+03 2.790285e+03 
1.610707e-01 2.779593e+03 2.698255e+03 
1.640909e-01 2.614011e+03 2.610430e+03 
1.671111e-01 2.458713e+03 2.526566e+03 
1.701313e-01 2.318516e+03 2.446435e+03 
1.731515e-01 2.196323e+03 2.369828e+03 
1.761717e-01 2.093496e+03 2.296547e+03 
1.791919e-01 2.010071e+03 2.226410e+03 
1.822121e-01 1.945115e+03 2.159245e+03 
1.852323e-01 1.897074e+03 2.094892e+03 
1.882525e-01 1.863713e+03 2.033202e+03 
1.912727e-01 1.842264e+03 1.974034e+03 
1.942929e-01 1.829352e+03 1.917258e+03 
1.973131e-01 1.821283e+03 1.862751e+03 
2.003333e-01 1.814242e+03 1.810397e+03 
2.033535e-01 1.804844e+03 1.760088e+03 
2.063737e-01 1.790235e+03 1.711723e+03 
2.093939e-01 1.768507e+03 1.665206e+03 
2.124141e-01 1.738556e+03 1.620447e+03 
2.154343e-01 1.700132e+03 1.577361e+03 
2.184545e-01 1.653734e+03 1.535870e+03 
2.214747e-01 1.600416e+03 1.495898e+03 
2.244949e-01 1.541855e+03 1.457373e+03 
2.275152e-01 1.480037e+03 1.420230e+03 
2.305354e-01 1.417238e+03 1.384405e+03 
2.335556e-01 1.355661e+03 1.349838e+03 
2.365758e-01 1.297344e+03 1.316474e+03 
2.395960e-01 1.243845e+03 1.284258e+03 
2.426162e-01 1.196333e+03 1.253141e+03 
2.456364e-01 1.155413e+03 1.223074e+03 
2.486566e-01 1.121308e+03 1.194013e+03 
2.516768e-01 1.093809e+03 1.165914e+03 
2.546970e-01 1.072380e+03 1.138737e+03 
2.577172e-01 1.056218e+03 1.112444e+03 
2.607374e-01 1.044251e+03 1.086996e+03 
2.637576e-01 1.035273e+03 1.062361e+03 
2.667778e-01 1.027984e+03 1.038505e+03 
2.697980e-01 1.021128e+03 1.015395e+03 
2.728182e-01 1.013551e+03 9.930036e+02 
2.758384e-01 1.004320e+03 9.713007e+02 
2.788586e-01 9.927099e+02 9.502596e+02 
2.818788e-01 9.783065e+02 9.298547e+02 
2.848990e-01 9.609216e+02 9.100612e+02 
2.879192e-01 9.406622e+02 8.908558e+02 
2.909394e-01 9.178531e+02 8.722162e+02 
2.939596e-01 8.930293e+02 8.541210e+02 
2.969798e-01 8.668824e+02 8.365500e+02 
3.000000e-01 8.401867e+02 8.194836e+02 
