1.000000e-03 2.628872e+03 2.628869e+03 
4.020202e-03 8.804055e+03 8.873229e+03 
7.040404e-03 1.295559e+04 1.304054e+04 
1.006061e-02 1.561120e+04 1.567334e+04 
1.308081e-02 1.716029e+04 1.718569e+04 
1.610101e-02 1.788653e+04 1.785622e+04 
1.912121e-02 1.800838e+04 1.790812e+04 
2.214141e-02 1.770141e+04 1.755259e+04 
2.516162e-02 1.710842e+04 1.697187e+04 
2.818182e-02 1.634649e+04 1.629198e+04 
3.120202e-02 1.550617e+04 1.558371e+04 
3.422222e-02 1.465534e+04 1.488126e+04 
3.724242e-02 1.384072e+04 1.419960e+04 
4.026263e-02 1.309199e+04 1.354486e+04 
4.328283e-02 1.241476e+04 1.291932e+04 
4.630303e-02 1.181596e+04 1.232355e+04 
4.932323e-02 1.130210e+04 1.175734e+04 
5.234343e-02 1.085089e+04 1.122004e+04 
5.536364e-02 1.044067e+04 1.071079e+04 
5.838384e-02 1.005699e+04 1.022851e+04 
6.140404e-02 9.692474e+03 9.772086e+03 
6.442424e-02 9.337513e+03 9.340298e+03 
6.744444e-02 8.980416e+03 8.931920e+03 
7.046465e-02 8.615594e+03 8.545722e+03 
7.348485e-02 8.241752e+03 8.180490e+03 
7.650505e-02 7.861378e+03 7.835042e+03 
7.952525e-02 7.481008e+03 7.508235e+03 
8.254545e-02 7.108597e+03 7.198973e+03 
8.556566e-02 6.752017e+03 6.906212e+03 
8.858586e-02 6.416847e+03 6.628961e+03 
9.160606e-02 6.106760e+03 6.366284e+03 
9.462626e-02 5.823704e+03 6.117298e+03 
9.764646e-02 5.568652e+03 5.881173e+03 
1.006667e-01 5.341658e+03 5.657129e+03 
1.036869e-01 5.141799e+03 5.444437e+03 
1.067071e-01 4.966645e+03 5.242411e+03 
1.097273e-01 4.812033e+03 5.050414e+03 
1.127475e-01 4.672837e+03 4.867845e+03 
1.157677e-01 4.543238e+03 4.694148e+03 
1.187879e-01 4.418339e+03 4.528798e+03 
1.218081e-01 4.294084e+03 4.371309e+03 
1.248283e-01 4.168186e+03 4.221224e+03 
1.278485e-01 4.039438e+03 4.078117e+03 
1.308687e-01 3.907911e+03 3.941591e+03 
1.338889e-01 3.774297e+03 3.811273e+03 
1.369091e-01 3.639979e+03 3.686814e+03 
1.399293e-01 3.506584e+03 3.567891e+03 
1.429495e-01 3.375938e+03 3.454197e+03 
1.459697e-01 3.249818e+03 3.345448e+03 
1.489899e-01 3.129811e+03 3.241377e+03 
1.520101e-01 3.017227e+03 3.141733e+03 
1.550303e-01 2.912963e+03 3.046282e+03 
1.580505e-01 2.817541e+03 2.954805e+03 
1.610707e-01 2.731052e+03 2.867094e+03 
1.640909e-01 2.653032e+03 2.782955e+03 
1.671111e-01 2.582517e+03 2.702207e+03 
1.701313e-01 2.518152e+03 2.624679e+03 
1.731515e-01 2.458345e+03 2.550209e+03 
1.761717e-01 2.401614e+03 2.478647e+03 
1.791919e-01 2.346609e+03 2.409849e+03 
1.822121e-01 2.292417e+03 2.343682e+03 
1.852323e-01 2.238354e+03 2.280019e+03 
1.882525e-01 2.184038e+03 2.218740e+03 
1.912727e-01 2.129225e+03 2.159734e+03 
1.942929e-01 2.073854e+03 2.102894e+03 
1.973131e-01 2.018050e+03 2.048119e+03 
2.003333e-01 1.962264e+03 1.995316e+03 
2.033535e-01 1.907080e+03 1.944394e+03 
2.063737e-01 1.853230e+03 1.895270e+03 
2.093939e-01 1.801358e+03 1.847862e+03 
2.124141e-01 1.751977e+03 1.802095e+03 
2.154343e-01 1.705355e+03 1.757897e+03 
2.184545e-01 1.661537e+03 1.715200e+03 
2.214747e-01 1.620477e+03 1.673940e+03 
2.244949e-01 1.582064e+03 1.634055e+03 
2.275152e-01 1.546107e+03 1.595487e+03 
2.305354e-01 1.512364e+03 1.558181e+03 
2.335556e-01 1.480524e+03 1.522085e+03 
2.365758e-01 1.450234e+03 1.487149e+03 
2.395960e-01 1.421058e+03 1.453326e+03 
2.426162e-01 1.392587e+03 1.420571e+03 
2.456364e-01 1.364554e+03 1.388840e+03 
2.486566e-01 1.336766e+03 1.358094e+03 
2.516768e-01 1.309132e+03 1.328293e+03 
2.546970e-01 1.281617e+03 1.299401e+03 
2.577172e-01 1.254258e+03 1.271382e+03 
2.607374e-01 1.227117e+03 1.244203e+03 
2.637576e-01 1.200284e+03 1.217831e+03 
2.667778e-01 1.173891e+03 1.192237e+03 
2.697980e-01 1.148099e+03 1.167391e+03 
2.728182e-01 1.123066e+03 1.143265e+03 
2.758384e-01 1.098941e+03 1.119833e+03 
2.788586e-01 1.075810e+03 1.097069e+03 
2.818788e-01 1.053714e+03 1.074949e+03 
2.848990e-01 1.032622e+03 1.053450e+03 
2.879192e-01 1.012470e+03 1.032549e+03 
2.909394e-01 9.931700e+02 1.012226e+03 
2.939596e-01 9.746312e+02 9.924603e+02 
2.969798e-01 9.567701e+02 9.732320e+02 
3.000000e-01 9.395012e+02 9.545227e+02 
