1.000000e-03 4.707165e+03 4.707161e+03 
4.020202e-03 1.561986e+04 1.574347e+04 
7.040404e-03 2.272639e+04 2.289976e+04 
1.006061e-02 2.702162e+04 2.723484e+04 
1.308081e-02 2.922020e+04 2.948906e+04 
1.610101e-02 2.984572e+04 3.010635e+04 
1.912121e-02 2.931419e+04 2.943896e+04 
2.214141e-02 2.797656e+04 2.789478e+04 
2.516162e-02 2.613173e+04 2.591511e+04 
2.818182e-02 2.402880e+04 2.385478e+04 
3.120202e-02 2.186612e+04 2.191737e+04 
3.422222e-02 1.979007e+04 2.018003e+04 
3.724242e-02 1.789823e+04 1.864906e+04 
4.026263e-02 1.624830e+04 1.730241e+04 
4.328283e-02 1.485275e+04 1.611168e+04 
4.630303e-02 1.370960e+04 1.505077e+04 
4.932323e-02 1.281574e+04 1.409820e+04 
5.234343e-02 1.212521e+04 1.323692e+04 
5.536364e-02 1.159193e+04 1.245358e+04 
5.838384e-02 1.117770e+04 1.173759e+04 
6.140404e-02 1.084103e+04 1.108046e+04 
6.442424e-02 1.054299e+04 1.047530e+04 
6.744444e-02 1.025027e+04 9.916370e+03 
7.046465e-02 9.936954e+03 9.398853e+03 
7.348485e-02 9.585088e+03 8.918639e+03 
7.650505e-02 9.185966e+03 8.472179e+03 
7.952525e-02 8.740003e+03 8.056380e+03 
8.254545e-02 8.255844e+03 7.668522e+03 
8.556566e-02 7.747360e+03 7.306198e+03 
8.858586e-02 7.231144e+03 6.967267e+03 
9.160606e-02 6.724560e+03 6.649810e+03 
9.462626e-02 6.243670e+03 6.352109e+03 
9.764646e-02 5.802366e+03 6.072611e+03 
1.006667e-01 5.411076e+03 5.809916e+03 
1.036869e-01 5.075828e+03 5.562752e+03 
1.067071e-01 4.798504e+03 5.329965e+03 
1.097273e-01 4.576435e+03 5.110505e+03 
1.127475e-01 4.404246e+03 4.903414e+03 
1.157677e-01 4.273943e+03 4.707817e+03 
1.187879e-01 4.176604e+03 4.522912e+03 
1.218081e-01 4.102687e+03 4.347965e+03 
1.248283e-01 4.042613e+03 4.182303e+03 
1.278485e-01 3.987015e+03 4.025306e+03 
1.308687e-01 3.927616e+03 3.876405e+03 
1.338889e-01 3.857450e+03 3.735074e+03 
1.369091e-01 3.771893e+03 3.600829e+03 
1.399293e-01 3.668652e+03 3.473223e+03 
1.429495e-01 3.547921e+03 3.351843e+03 
1.459697e-01 3.411855e+03 3.236305e+03 
1.489899e-01 3.263921e+03 3.126256e+03 
1.520101e-01 3.108737e+03 3.021366e+03 
1.550303e-01 2.951366e+03 2.921330e+03 
1.580505e-01 2.797126e+03 2.825866e+03 
1.610707e-01 2.650971e+03 2.734708e+03 
1.640909e-01 2.517279e+03 2.647611e+03 
1.671111e-01 2.398904e+03 2.564348e+03 
1.701313e-01 2.297510e+03 2.484704e+03 
1.731515e-01 2.213084e+03 2.408481e+03 
1.761717e-01 2.144698e+03 2.335492e+03 
1.791919e-01 2.090518e+03 2.265564e+03 
1.822121e-01 2.048304e+03 2.198535e+03 
1.852323e-01 2.015517e+03 2.134252e+03 
1.882525e-01 1.989332e+03 2.072572e+03 
1.912727e-01 1.966808e+03 2.013362e+03 
1.942929e-01 1.944991e+03 1.956497e+03 
1.973131e-01 1.921198e+03 1.901859e+03 
2.003333e-01 1.893158e+03 1.849337e+03 
2.033535e-01 1.859442e+03 1.798827e+03 
2.063737e-01 1.819329e+03 1.750231e+03 
2.093939e-01 1.773040e+03 1.703458e+03 
2.124141e-01 1.721321e+03 1.658420e+03 
2.154343e-01 1.665459e+03 1.615035e+03 
2.184545e-01 1.606977e+03 1.573227e+03 
2.214747e-01 1.547561e+03 1.532922e+03 
2.244949e-01 1.488887e+03 1.494052e+03 
2.275152e-01 1.432552e+03 1.456552e+03 
2.305354e-01 1.379896e+03 1.420360e+03 
2.335556e-01 1.331980e+03 1.385419e+03 
2.365758e-01 1.289472e+03 1.351673e+03 
2.395960e-01 1.252644e+03 1.319071e+03 
2.426162e-01 1.221411e+03 1.287562e+03 
2.456364e-01 1.195338e+03 1.257101e+03 
2.486566e-01 1.173767e+03 1.227642e+03 
2.516768e-01 1.155799e+03 1.199144e+03 
2.546970e-01 1.140428e+03 1.171568e+03 
2.577172e-01 1.126568e+03 1.144874e+03 
2.607374e-01 1.113203e+03 1.119027e+03 
2.637576e-01 1.099408e+03 1.093993e+03 
2.667778e-01 1.084470e+03 1.069739e+03 
2.697980e-01 1.067850e+03 1.046234e+03 
2.728182e-01 1.049266e+03 1.023448e+03 
2.758384e-01 1.028644e+03 1.001354e+03 
2.788586e-01 1.006117e+03 9.799247e+02 
2.818788e-01 9.820052e+02 9.591346e+02 
2.848990e-01 9.567487e+02 9.389592e+02 
2.879192e-01 9.309128e+02 9.193755e+02 
2.909394e-01 9.050879e+02 9.003612e+02 
2.939596e-01 8.798510e+02 8.818953e+02 
2.969798e-01 8.557104e+02 8.639575e+02 
3.000000e-01 8.330930e+02 8.465285e+02 
