1.000000e-03 5.705662e+03 5.705657e+03 
4.020202e-03 1.878062e+04 1.893022e+04 
7.040404e-03 2.720905e+04 2.742536e+04 
1.006061e-02 3.223396e+04 3.251949e+04 
1.308081e-02 3.472443e+04 3.511162e+04 
1.610101e-02 3.531314e+04 3.572365e+04 
1.912121e-02 3.450337e+04 3.475699e+04 
2.214141e-02 3.272079e+04 3.268937e+04 
2.516162e-02 3.033011e+04 3.006732e+04 
2.818182e-02 2.763813e+04 2.735431e+04 
3.120202e-02 2.488873e+04 2.482760e+04 
3.422222e-02 2.226241e+04 2.259421e+04 
3.724242e-02 1.987954e+04 2.066062e+04 
4.026263e-02 1.781035e+04 1.899174e+04 
4.328283e-02 1.606894e+04 1.754332e+04 
4.630303e-02 1.465456e+04 1.627496e+04 
4.932323e-02 1.355862e+04 1.515367e+04 
5.234343e-02 1.272603e+04 1.415362e+04 
5.536364e-02 1.210399e+04 1.325484e+04 
5.838384e-02 1.164442e+04 1.244180e+04 
6.140404e-02 1.129623e+04 1.170232e+04 
6.442424e-02 1.101133e+04 1.102667e+04 
6.744444e-02 1.074798e+04 1.040694e+04 
7.046465e-02 1.047180e+04 9.836653e+03 
7.348485e-02 1.015602e+04 9.310362e+03 
7.650505e-02 9.783929e+03 8.823464e+03 
7.952525e-02 9.349555e+03 8.372017e+03 
8.254545e-02 8.857634e+03 7.952608e+03 
8.556566e-02 8.321427e+03 7.562259e+03 
8.858586e-02 7.759196e+03 7.198354e+03 
9.160606e-02 7.191690e+03 6.858580e+03 
9.462626e-02 6.640000e+03 6.540881e+03 
9.764646e-02 6.122733e+03 6.243423e+03 
1.006667e-01 5.655284e+03 5.964561e+03 
1.036869e-01 5.247649e+03 5.702816e+03 
1.067071e-01 4.905528e+03 5.456855e+03 
1.097273e-01 4.628529e+03 5.225471e+03 
1.127475e-01 4.413059e+03 5.007571e+03 
1.157677e-01 4.252358e+03 4.802160e+03 
1.187879e-01 4.137848e+03 4.608333e+03 
1.218081e-01 4.059574e+03 4.425266e+03 
1.248283e-01 4.006779e+03 4.252203e+03 
1.278485e-01 3.968460e+03 4.088454e+03 
1.308687e-01 3.933802e+03 3.933386e+03 
1.338889e-01 3.893183e+03 3.786418e+03 
1.369091e-01 3.838764e+03 3.647015e+03 
1.399293e-01 3.765371e+03 3.514686e+03 
1.429495e-01 3.670120e+03 3.388977e+03 
1.459697e-01 3.553092e+03 3.269469e+03 
1.489899e-01 3.416139e+03 3.155777e+03 
1.520101e-01 3.263074e+03 3.047541e+03 
1.550303e-01 3.099060e+03 2.944431e+03 
1.580505e-01 2.930469e+03 2.846140e+03 
1.610707e-01 2.763847e+03 2.752383e+03 
1.640909e-01 2.605487e+03 2.662895e+03 
1.671111e-01 2.460419e+03 2.577431e+03 
1.701313e-01 2.332319e+03 2.495760e+03 
1.731515e-01 2.222905e+03 2.417670e+03 
1.761717e-01 2.132540e+03 2.342962e+03 
1.791919e-01 2.060450e+03 2.271450e+03 
1.822121e-01 2.005044e+03 2.202960e+03 
1.852323e-01 1.964234e+03 2.137332e+03 
1.882525e-01 1.935403e+03 2.074413e+03 
1.912727e-01 1.915517e+03 2.014061e+03 
1.942929e-01 1.901082e+03 1.956143e+03 
1.973131e-01 1.888549e+03 1.900535e+03 
2.003333e-01 1.874475e+03 1.847119e+03 
2.033535e-01 1.856064e+03 1.795787e+03 
2.063737e-01 1.831174e+03 1.746434e+03 
2.093939e-01 1.798750e+03 1.698964e+03 
2.124141e-01 1.758487e+03 1.653285e+03 
2.154343e-01 1.710836e+03 1.609312e+03 
2.184545e-01 1.656889e+03 1.566963e+03 
2.214747e-01 1.598169e+03 1.526162e+03 
2.244949e-01 1.536543e+03 1.486838e+03 
2.275152e-01 1.474023e+03 1.448921e+03 
2.305354e-01 1.412707e+03 1.412349e+03 
2.335556e-01 1.354454e+03 1.377060e+03 
2.365758e-01 1.300823e+03 1.342997e+03 
2.395960e-01 1.252885e+03 1.310105e+03 
2.426162e-01 1.211328e+03 1.278334e+03 
2.456364e-01 1.176291e+03 1.247635e+03 
2.486566e-01 1.147580e+03 1.217962e+03 
2.516768e-01 1.124649e+03 1.189271e+03 
2.546970e-01 1.106676e+03 1.161520e+03 
2.577172e-01 1.092633e+03 1.134671e+03 
2.607374e-01 1.081354e+03 1.108685e+03 
2.637576e-01 1.071631e+03 1.083529e+03 
2.667778e-01 1.062261e+03 1.059167e+03 
2.697980e-01 1.052178e+03 1.035567e+03 
2.728182e-01 1.040519e+03 1.012701e+03 
2.758384e-01 1.026662e+03 9.905370e+02 
2.788586e-01 1.010205e+03 9.690492e+02 
2.818788e-01 9.910804e+02 9.482108e+02 
2.848990e-01 9.694226e+02 9.279968e+02 
2.879192e-01 9.455943e+02 9.083833e+02 
2.909394e-01 9.201229e+02 8.893474e+02 
2.939596e-01 8.936804e+02 8.708676e+02 
2.969798e-01 8.669754e+02 8.529229e+02 
3.000000e-01 8.407161e+02 8.354937e+02 
