1.000000e-03 2.606824e+03 2.606821e+03 
4.020202e-03 8.753302e+03 8.823252e+03 
7.040404e-03 1.280205e+04 1.287744e+04 
1.006061e-02 1.533242e+04 1.536174e+04 
1.308081e-02 1.677624e+04 1.673767e+04 
1.610101e-02 1.743914e+04 1.732271e+04 
1.912121e-02 1.754740e+04 1.736439e+04 
2.214141e-02 1.727409e+04 1.706802e+04 
2.516162e-02 1.675419e+04 1.658442e+04 
2.818182e-02 1.609218e+04 1.600712e+04 
3.120202e-02 1.536511e+04 1.538819e+04 
3.422222e-02 1.462760e+04 1.475597e+04 
3.724242e-02 1.391648e+04 1.412647e+04 
4.026263e-02 1.324883e+04 1.350921e+04 
4.328283e-02 1.262502e+04 1.291003e+04 
4.630303e-02 1.206336e+04 1.233250e+04 
4.932323e-02 1.155575e+04 1.177870e+04 
5.234343e-02 1.107739e+04 1.124968e+04 
5.536364e-02 1.062129e+04 1.074574e+04 
5.838384e-02 1.018284e+04 1.026672e+04 
6.140404e-02 9.756428e+03 9.812073e+03 
6.442424e-02 9.337764e+03 9.381039e+03 
6.744444e-02 8.924409e+03 8.972700e+03 
7.046465e-02 8.516892e+03 8.586048e+03 
7.348485e-02 8.118556e+03 8.220028e+03 
7.650505e-02 7.734662e+03 7.873572e+03 
7.952525e-02 7.370444e+03 7.545620e+03 
8.254545e-02 7.029763e+03 7.235134e+03 
8.556566e-02 6.714274e+03 6.941112e+03 
8.858586e-02 6.423884e+03 6.662594e+03 
9.160606e-02 6.157578e+03 6.398663e+03 
9.462626e-02 5.914178e+03 6.148451e+03 
9.764646e-02 5.692183e+03 5.911137e+03 
1.006667e-01 5.489553e+03 5.685948e+03 
1.036869e-01 5.302841e+03 5.472157e+03 
1.067071e-01 5.127974e+03 5.269083e+03 
1.097273e-01 4.960701e+03 5.076085e+03 
1.127475e-01 4.797534e+03 4.892565e+03 
1.157677e-01 4.636742e+03 4.717964e+03 
1.187879e-01 4.477440e+03 4.551757e+03 
1.218081e-01 4.320219e+03 4.393455e+03 
1.248283e-01 4.165956e+03 4.242599e+03 
1.278485e-01 4.015718e+03 4.098762e+03 
1.308687e-01 3.870579e+03 3.961543e+03 
1.338889e-01 3.731541e+03 3.830569e+03 
1.369091e-01 3.599507e+03 3.705488e+03 
1.399293e-01 3.475094e+03 3.585974e+03 
1.429495e-01 3.358682e+03 3.471721e+03 
1.459697e-01 3.250027e+03 3.362440e+03 
1.489899e-01 3.148708e+03 3.257864e+03 
1.520101e-01 3.054117e+03 3.157740e+03 
1.550303e-01 2.965571e+03 3.061833e+03 
1.580505e-01 2.882265e+03 2.969921e+03 
1.610707e-01 2.803329e+03 2.881796e+03 
1.640909e-01 2.727762e+03 2.797264e+03 
1.671111e-01 2.654600e+03 2.716140e+03 
1.701313e-01 2.583188e+03 2.638253e+03 
1.731515e-01 2.513053e+03 2.563441e+03 
1.761717e-01 2.444180e+03 2.491552e+03 
1.791919e-01 2.376699e+03 2.422441e+03 
1.822121e-01 2.310787e+03 2.355975e+03 
1.852323e-01 2.246633e+03 2.292025e+03 
1.882525e-01 2.184406e+03 2.230471e+03 
1.912727e-01 2.124275e+03 2.171202e+03 
1.942929e-01 2.066468e+03 2.114109e+03 
1.973131e-01 2.011210e+03 2.059092e+03 
2.003333e-01 1.958590e+03 2.006056e+03 
2.033535e-01 1.908609e+03 1.954910e+03 
2.063737e-01 1.861080e+03 1.905569e+03 
2.093939e-01 1.815732e+03 1.857954e+03 
2.124141e-01 1.772333e+03 1.811987e+03 
2.154343e-01 1.730668e+03 1.767596e+03 
2.184545e-01 1.690544e+03 1.724713e+03 
2.214747e-01 1.651770e+03 1.683273e+03 
2.244949e-01 1.614151e+03 1.643215e+03 
2.275152e-01 1.577494e+03 1.604480e+03 
2.305354e-01 1.541709e+03 1.567012e+03 
2.335556e-01 1.506768e+03 1.530760e+03 
2.365758e-01 1.472684e+03 1.495672e+03 
2.395960e-01 1.439491e+03 1.461703e+03 
2.426162e-01 1.407207e+03 1.428805e+03 
2.456364e-01 1.375836e+03 1.396937e+03 
2.486566e-01 1.345376e+03 1.366057e+03 
2.516768e-01 1.315821e+03 1.336126e+03 
2.546970e-01 1.287194e+03 1.307108e+03 
2.577172e-01 1.259535e+03 1.278967e+03 
2.607374e-01 1.232861e+03 1.251669e+03 
2.637576e-01 1.207163e+03 1.225182e+03 
2.667778e-01 1.182381e+03 1.199476e+03 
2.697980e-01 1.158416e+03 1.174521e+03 
2.728182e-01 1.135175e+03 1.150289e+03 
2.758384e-01 1.112574e+03 1.126753e+03 
2.788586e-01 1.090568e+03 1.103889e+03 
2.818788e-01 1.069145e+03 1.081671e+03 
2.848990e-01 1.048294e+03 1.060076e+03 
2.879192e-01 1.027999e+03 1.039083e+03 
2.909394e-01 1.008230e+03 1.018669e+03 
2.939596e-01 9.889366e+02 9.988141e+02 
2.969798e-01 9.700884e+02 9.794993e+02 
3.000000e-01 9.516817e+02 9.607055e+02 
