1.000000e-03 3.354376e+03 3.354373e+03 
4.020202e-03 1.141170e+04 1.150165e+04 
7.040404e-03 1.679733e+04 1.691530e+04 
1.006061e-02 2.015795e+04 2.027629e+04 
1.308081e-02 2.200021e+04 2.211511e+04 
1.610101e-02 2.270307e+04 2.277512e+04 
1.912121e-02 2.256770e+04 2.254001e+04 
2.214141e-02 2.184304e+04 2.171354e+04 
2.516162e-02 2.073998e+04 2.058851e+04 
2.818182e-02 1.943176e+04 1.937875e+04 
3.120202e-02 1.805557e+04 1.820081e+04 
3.422222e-02 1.671267e+04 1.710116e+04 
3.724242e-02 1.547070e+04 1.608996e+04 
4.026263e-02 1.437023e+04 1.516274e+04 
4.328283e-02 1.342547e+04 1.431090e+04 
4.630303e-02 1.262933e+04 1.352574e+04 
4.932323e-02 1.198111e+04 1.279966e+04 
5.234343e-02 1.145711e+04 1.212630e+04 
5.536364e-02 1.101651e+04 1.150034e+04 
5.838384e-02 1.063735e+04 1.091734e+04 
6.140404e-02 1.029443e+04 1.037347e+04 
6.442424e-02 9.961336e+03 9.865397e+03 
6.744444e-02 9.619667e+03 9.390202e+03 
7.046465e-02 9.256779e+03 8.945269e+03 
7.348485e-02 8.866389e+03 8.528251e+03 
7.650505e-02 8.449473e+03 8.137023e+03 
7.952525e-02 8.013089e+03 7.769653e+03 
8.254545e-02 7.567797e+03 7.424382e+03 
8.556566e-02 7.125803e+03 7.099599e+03 
8.858586e-02 6.698669e+03 6.793831e+03 
9.160606e-02 6.296525e+03 6.505726e+03 
9.462626e-02 5.927718e+03 6.234042e+03 
9.764646e-02 5.598527e+03 5.977637e+03 
1.006667e-01 5.312821e+03 5.735461e+03 
1.036869e-01 5.071370e+03 5.506547e+03 
1.067071e-01 4.871603e+03 5.290002e+03 
1.097273e-01 4.708242e+03 5.085005e+03 
1.127475e-01 4.573984e+03 4.890797e+03 
1.157677e-01 4.460732e+03 4.706676e+03 
1.187879e-01 4.360593e+03 4.531994e+03 
1.218081e-01 4.266313e+03 4.366152e+03 
1.248283e-01 4.171854e+03 4.208594e+03 
1.278485e-01 4.072376e+03 4.058807e+03 
1.308687e-01 3.964377e+03 3.916312e+03 
1.338889e-01 3.846221e+03 3.780668e+03 
1.369091e-01 3.717747e+03 3.651464e+03 
1.399293e-01 3.580728e+03 3.528317e+03 
1.429495e-01 3.437882e+03 3.410873e+03 
1.459697e-01 3.292758e+03 3.298800e+03 
1.489899e-01 3.148974e+03 3.191792e+03 
1.520101e-01 3.010004e+03 3.089560e+03 
1.550303e-01 2.878919e+03 2.991838e+03 
1.580505e-01 2.758344e+03 2.898375e+03 
1.610707e-01 2.650053e+03 2.808938e+03 
1.640909e-01 2.555116e+03 2.723308e+03 
1.671111e-01 2.473378e+03 2.641282e+03 
1.701313e-01 2.403943e+03 2.562669e+03 
1.731515e-01 2.344975e+03 2.487288e+03 
1.761717e-01 2.294316e+03 2.414974e+03 
1.791919e-01 2.249577e+03 2.345568e+03 
1.822121e-01 2.208527e+03 2.278922e+03 
1.852323e-01 2.169098e+03 2.214898e+03 
1.882525e-01 2.129480e+03 2.153365e+03 
1.912727e-01 2.088104e+03 2.094201e+03 
1.942929e-01 2.043869e+03 2.037290e+03 
1.973131e-01 1.996120e+03 1.982524e+03 
2.003333e-01 1.944855e+03 1.929800e+03 
2.033535e-01 1.890569e+03 1.879022e+03 
2.063737e-01 1.834215e+03 1.830098e+03 
2.093939e-01 1.776924e+03 1.782944e+03 
2.124141e-01 1.719905e+03 1.737476e+03 
2.154343e-01 1.664308e+03 1.693620e+03 
2.184545e-01 1.611178e+03 1.651302e+03 
2.214747e-01 1.561327e+03 1.610455e+03 
2.244949e-01 1.515353e+03 1.571012e+03 
2.275152e-01 1.473582e+03 1.532913e+03 
2.305354e-01 1.436060e+03 1.496099e+03 
2.335556e-01 1.402585e+03 1.460516e+03 
2.365758e-01 1.372733e+03 1.426111e+03 
2.395960e-01 1.345952e+03 1.392834e+03 
2.426162e-01 1.321573e+03 1.360638e+03 
2.456364e-01 1.298897e+03 1.329479e+03 
2.486566e-01 1.277219e+03 1.299314e+03 
2.516768e-01 1.255875e+03 1.270103e+03 
2.546970e-01 1.234262e+03 1.241807e+03 
2.577172e-01 1.211949e+03 1.214389e+03 
2.607374e-01 1.188655e+03 1.187816e+03 
2.637576e-01 1.164358e+03 1.162053e+03 
2.667778e-01 1.139179e+03 1.137070e+03 
2.697980e-01 1.113386e+03 1.112836e+03 
2.728182e-01 1.087296e+03 1.089323e+03 
2.758384e-01 1.061250e+03 1.066502e+03 
2.788586e-01 1.035578e+03 1.044349e+03 
2.818788e-01 1.010592e+03 1.022838e+03 
2.848990e-01 9.865730e+02 1.001946e+03 
2.879192e-01 9.637704e+02 9.816490e+02 
2.909394e-01 9.423620e+02 9.619265e+02 
2.939596e-01 9.224548e+02 9.427573e+02 
2.969798e-01 9.040339e+02 9.241216e+02 
3.000000e-01 8.870064e+02 9.060004e+02 
