1.000000e-03 2.305377e+03 2.305375e+03 
4.020202e-03 7.783161e+03 7.845780e+03 
7.040404e-03 1.146524e+04 1.153606e+04 
1.006061e-02 1.382832e+04 1.385982e+04 
1.308081e-02 1.523410e+04 1.520569e+04 
1.610101e-02 1.594278e+04 1.584471e+04 
1.912121e-02 1.614758e+04 1.598733e+04 
2.214141e-02 1.599794e+04 1.580928e+04 
2.516162e-02 1.561112e+04 1.544360e+04 
2.818182e-02 1.507880e+04 1.497634e+04 
3.120202e-02 1.447035e+04 1.445765e+04 
3.422222e-02 1.383635e+04 1.391602e+04 
3.724242e-02 1.321100e+04 1.336817e+04 
4.026263e-02 1.261617e+04 1.282444e+04 
4.328283e-02 1.205341e+04 1.229148e+04 
4.630303e-02 1.153292e+04 1.177356e+04 
4.932323e-02 1.106286e+04 1.127345e+04 
5.234343e-02 1.062315e+04 1.079278e+04 
5.536364e-02 1.020161e+04 1.033242e+04 
5.838384e-02 9.795216e+03 9.892686e+03 
6.140404e-02 9.401805e+03 9.473489e+03 
6.442424e-02 9.018621e+03 9.074463e+03 
6.744444e-02 8.641623e+03 8.695046e+03 
7.046465e-02 8.269428e+03 8.334551e+03 
7.348485e-02 7.903376e+03 7.992207e+03 
7.650505e-02 7.547391e+03 7.667201e+03 
7.952525e-02 7.206185e+03 7.358699e+03 
8.254545e-02 6.884313e+03 7.065865e+03 
8.556566e-02 6.584308e+03 6.787878e+03 
8.858586e-02 6.306752e+03 6.523937e+03 
9.160606e-02 6.050632e+03 6.273271e+03 
9.462626e-02 5.814501e+03 6.035137e+03 
9.764646e-02 5.597078e+03 5.808832e+03 
1.006667e-01 5.396991e+03 5.593682e+03 
1.036869e-01 5.212581e+03 5.389055e+03 
1.067071e-01 5.041136e+03 5.194350e+03 
1.097273e-01 4.879461e+03 5.009001e+03 
1.127475e-01 4.724111e+03 4.832477e+03 
1.157677e-01 4.572203e+03 4.664277e+03 
1.187879e-01 4.422440e+03 4.503930e+03 
1.218081e-01 4.274181e+03 4.350996e+03 
1.248283e-01 4.128099e+03 4.205059e+03 
1.278485e-01 3.985154e+03 4.065733e+03 
1.308687e-01 3.846353e+03 3.932651e+03 
1.338889e-01 3.712671e+03 3.805472e+03 
1.369091e-01 3.584837e+03 3.683875e+03 
1.399293e-01 3.463453e+03 3.567559e+03 
1.429495e-01 3.348796e+03 3.456241e+03 
1.459697e-01 3.240981e+03 3.349657e+03 
1.489899e-01 3.139852e+03 3.247558e+03 
1.520101e-01 3.045105e+03 3.149709e+03 
1.550303e-01 2.956293e+03 3.055892e+03 
1.580505e-01 2.872871e+03 2.965899e+03 
1.610707e-01 2.794149e+03 2.879537e+03 
1.640909e-01 2.719336e+03 2.796624e+03 
1.671111e-01 2.647600e+03 2.716986e+03 
1.701313e-01 2.578088e+03 2.640463e+03 
1.731515e-01 2.510220e+03 2.566902e+03 
1.761717e-01 2.443713e+03 2.496160e+03 
1.791919e-01 2.378488e+03 2.428101e+03 
1.822121e-01 2.314712e+03 2.362597e+03 
1.852323e-01 2.252531e+03 2.299529e+03 
1.882525e-01 2.192025e+03 2.238782e+03 
1.912727e-01 2.133284e+03 2.180248e+03 
1.942929e-01 2.076421e+03 2.123827e+03 
1.973131e-01 2.021579e+03 2.069423e+03 
2.003333e-01 1.968960e+03 2.016944e+03 
2.033535e-01 1.918721e+03 1.966304e+03 
2.063737e-01 1.870863e+03 1.917423e+03 
2.093939e-01 1.825311e+03 1.870223e+03 
2.124141e-01 1.781820e+03 1.824631e+03 
2.154343e-01 1.740120e+03 1.780577e+03 
2.184545e-01 1.699996e+03 1.737997e+03 
2.214747e-01 1.661258e+03 1.696828e+03 
2.244949e-01 1.623795e+03 1.657011e+03 
2.275152e-01 1.587513e+03 1.618489e+03 
2.305354e-01 1.552286e+03 1.581209e+03 
2.335556e-01 1.517978e+03 1.545121e+03 
2.365758e-01 1.484492e+03 1.510176e+03 
2.395960e-01 1.451763e+03 1.476327e+03 
2.426162e-01 1.419800e+03 1.443533e+03 
2.456364e-01 1.388666e+03 1.411750e+03 
2.486566e-01 1.358408e+03 1.380940e+03 
2.516768e-01 1.329059e+03 1.351064e+03 
2.546970e-01 1.300614e+03 1.322086e+03 
2.577172e-01 1.273031e+03 1.293973e+03 
2.607374e-01 1.246289e+03 1.266691e+03 
2.637576e-01 1.220392e+03 1.240209e+03 
2.667778e-01 1.195342e+03 1.214498e+03 
2.697980e-01 1.171135e+03 1.189528e+03 
2.728182e-01 1.147742e+03 1.165273e+03 
2.758384e-01 1.125103e+03 1.141707e+03 
2.788586e-01 1.103148e+03 1.118804e+03 
2.818788e-01 1.081799e+03 1.096541e+03 
2.848990e-01 1.060991e+03 1.074895e+03 
2.879192e-01 1.040696e+03 1.053844e+03 
2.909394e-01 1.020896e+03 1.033368e+03 
2.939596e-01 1.001589e+03 1.013446e+03 
2.969798e-01 9.827708e+02 9.940600e+02 
3.000000e-01 9.644265e+02 9.751907e+02 
