1.000000e-03 2.191270e+03 2.191268e+03 
4.020202e-03 7.326814e+03 7.388531e+03 
7.040404e-03 1.074117e+04 1.081012e+04 
1.006061e-02 1.292346e+04 1.294653e+04 
1.308081e-02 1.423237e+04 1.418548e+04 
1.610101e-02 1.491864e+04 1.479705e+04 
1.912121e-02 1.516223e+04 1.498002e+04 
2.214141e-02 1.509612e+04 1.488432e+04 
2.516162e-02 1.482020e+04 1.461526e+04 
2.818182e-02 1.441055e+04 1.424094e+04 
3.120202e-02 1.392266e+04 1.380412e+04 
3.422222e-02 1.339653e+04 1.333218e+04 
3.724242e-02 1.285933e+04 1.284320e+04 
4.026263e-02 1.232829e+04 1.234945e+04 
4.328283e-02 1.181317e+04 1.185931e+04 
4.630303e-02 1.131694e+04 1.137849e+04 
4.932323e-02 1.084291e+04 1.091083e+04 
5.234343e-02 1.039214e+04 1.045881e+04 
5.536364e-02 9.956981e+03 1.002393e+04 
5.838384e-02 9.534770e+03 9.607009e+03 
6.140404e-02 9.129905e+03 9.208338e+03 
6.442424e-02 8.742775e+03 8.827864e+03 
6.744444e-02 8.370382e+03 8.465282e+03 
7.046465e-02 8.011919e+03 8.120111e+03 
7.348485e-02 7.668367e+03 7.791758e+03 
7.650505e-02 7.341607e+03 7.479556e+03 
7.952525e-02 7.033979e+03 7.182800e+03 
8.254545e-02 6.746209e+03 6.900763e+03 
8.556566e-02 6.477813e+03 6.632720e+03 
8.858586e-02 6.226808e+03 6.377952e+03 
9.160606e-02 5.990417e+03 6.135761e+03 
9.462626e-02 5.767020e+03 5.905472e+03 
9.764646e-02 5.555697e+03 5.686435e+03 
1.006667e-01 5.355792e+03 5.478031e+03 
1.036869e-01 5.166697e+03 5.279671e+03 
1.067071e-01 4.987044e+03 5.090797e+03 
1.097273e-01 4.815123e+03 4.910879e+03 
1.127475e-01 4.649503e+03 4.739418e+03 
1.157677e-01 4.489041e+03 4.575945e+03 
1.187879e-01 4.333696e+03 4.420016e+03 
1.218081e-01 4.183929e+03 4.271214e+03 
1.248283e-01 4.040327e+03 4.129146e+03 
1.278485e-01 3.903451e+03 3.993446e+03 
1.308687e-01 3.773381e+03 3.863765e+03 
1.338889e-01 3.650014e+03 3.739780e+03 
1.369091e-01 3.533087e+03 3.621185e+03 
1.399293e-01 3.422147e+03 3.507692e+03 
1.429495e-01 3.316722e+03 3.399033e+03 
1.459697e-01 3.216311e+03 3.294953e+03 
1.489899e-01 3.120412e+03 3.195214e+03 
1.520101e-01 3.028664e+03 3.099593e+03 
1.550303e-01 2.940827e+03 3.007880e+03 
1.580505e-01 2.856634e+03 2.919875e+03 
1.610707e-01 2.775736e+03 2.835393e+03 
1.640909e-01 2.697775e+03 2.754258e+03 
1.671111e-01 2.622487e+03 2.676305e+03 
1.701313e-01 2.549672e+03 2.601379e+03 
1.731515e-01 2.479226e+03 2.529332e+03 
1.761717e-01 2.411245e+03 2.460026e+03 
1.791919e-01 2.345827e+03 2.393331e+03 
1.822121e-01 2.282943e+03 2.329123e+03 
1.852323e-01 2.222503e+03 2.267286e+03 
1.882525e-01 2.164392e+03 2.207710e+03 
1.912727e-01 2.108450e+03 2.150292e+03 
1.942929e-01 2.054539e+03 2.094933e+03 
1.973131e-01 2.002630e+03 2.041540e+03 
2.003333e-01 1.952724e+03 1.990025e+03 
2.033535e-01 1.904744e+03 1.940305e+03 
2.063737e-01 1.858526e+03 1.892301e+03 
2.093939e-01 1.813910e+03 1.845939e+03 
2.124141e-01 1.770745e+03 1.801148e+03 
2.154343e-01 1.728893e+03 1.757859e+03 
2.184545e-01 1.688304e+03 1.716011e+03 
2.214747e-01 1.649001e+03 1.675542e+03 
2.244949e-01 1.610982e+03 1.636394e+03 
2.275152e-01 1.574189e+03 1.598514e+03 
2.305354e-01 1.538554e+03 1.561848e+03 
2.335556e-01 1.504022e+03 1.526349e+03 
2.365758e-01 1.470544e+03 1.491968e+03 
2.395960e-01 1.438089e+03 1.458662e+03 
2.426162e-01 1.406656e+03 1.426387e+03 
2.456364e-01 1.376243e+03 1.395103e+03 
2.486566e-01 1.346798e+03 1.364772e+03 
2.516768e-01 1.318253e+03 1.335356e+03 
2.546970e-01 1.290551e+03 1.306821e+03 
2.577172e-01 1.263650e+03 1.279133e+03 
2.607374e-01 1.237515e+03 1.252261e+03 
2.637576e-01 1.212129e+03 1.226173e+03 
2.667778e-01 1.187481e+03 1.200841e+03 
2.697980e-01 1.163551e+03 1.176236e+03 
2.728182e-01 1.140308e+03 1.152333e+03 
2.758384e-01 1.117720e+03 1.129105e+03 
2.788586e-01 1.095746e+03 1.106529e+03 
2.818788e-01 1.074348e+03 1.084581e+03 
2.848990e-01 1.053510e+03 1.063239e+03 
2.879192e-01 1.033233e+03 1.042481e+03 
2.909394e-01 1.013511e+03 1.022288e+03 
2.939596e-01 9.943287e+02 1.002640e+03 
2.969798e-01 9.756686e+02 9.835172e+02 
3.000000e-01 9.575071e+02 9.649028e+02 
