1.000000e-03 3.945730e+03 3.945726e+03 
4.020202e-03 1.330183e+04 1.340666e+04 
7.040404e-03 1.953035e+04 1.967487e+04 
1.006061e-02 2.339891e+04 2.356382e+04 
1.308081e-02 2.548892e+04 2.568068e+04 
1.610101e-02 2.623404e+04 2.640376e+04 
1.912121e-02 2.598173e+04 2.603765e+04 
2.214141e-02 2.502393e+04 2.492559e+04 
2.516162e-02 2.361025e+04 2.342774e+04 
2.818182e-02 2.194986e+04 2.182874e+04 
3.120202e-02 2.020981e+04 2.029276e+04 
3.422222e-02 1.851514e+04 1.888614e+04 
3.724242e-02 1.695093e+04 1.762057e+04 
4.026263e-02 1.556962e+04 1.648509e+04 
4.328283e-02 1.438791e+04 1.546264e+04 
4.630303e-02 1.340250e+04 1.453673e+04 
4.932323e-02 1.261570e+04 1.369336e+04 
5.234343e-02 1.199567e+04 1.292122e+04 
5.536364e-02 1.149921e+04 1.221121e+04 
5.838384e-02 1.109507e+04 1.155599e+04 
6.140404e-02 1.075188e+04 1.094955e+04 
6.442424e-02 1.043825e+04 1.038686e+04 
6.744444e-02 1.012542e+04 9.863672e+03 
7.046465e-02 9.792659e+03 9.376323e+03 
7.348485e-02 9.426892e+03 8.921630e+03 
7.650505e-02 9.022750e+03 8.496790e+03 
7.952525e-02 8.583071e+03 8.099317e+03 
8.254545e-02 8.117104e+03 7.726989e+03 
8.556566e-02 7.637689e+03 7.377814e+03 
8.858586e-02 7.159149e+03 7.049993e+03 
9.160606e-02 6.695206e+03 6.741900e+03 
9.462626e-02 6.258228e+03 6.452055e+03 
9.764646e-02 5.859143e+03 6.179117e+03 
1.006667e-01 5.505652e+03 5.921858e+03 
1.036869e-01 5.202733e+03 5.679159e+03 
1.067071e-01 4.950716e+03 5.449995e+03 
1.097273e-01 4.747001e+03 5.233427e+03 
1.127475e-01 4.585511e+03 5.028593e+03 
1.157677e-01 4.458621e+03 4.834700e+03 
1.187879e-01 4.357572e+03 4.651021e+03 
1.218081e-01 4.273634e+03 4.476883e+03 
1.248283e-01 4.198355e+03 4.311667e+03 
1.278485e-01 4.124303e+03 4.154802e+03 
1.308687e-01 4.044991e+03 4.005760e+03 
1.338889e-01 3.955418e+03 3.864052e+03 
1.369091e-01 3.852444e+03 3.729226e+03 
1.399293e-01 3.734986e+03 3.600863e+03 
1.429495e-01 3.604121e+03 3.478575e+03 
1.459697e-01 3.462399e+03 3.361999e+03 
1.489899e-01 3.313631e+03 3.250801e+03 
1.520101e-01 3.162056e+03 3.144668e+03 
1.550303e-01 3.012048e+03 3.043311e+03 
1.580505e-01 2.867819e+03 2.946458e+03 
1.610707e-01 2.733278e+03 2.853857e+03 
1.640909e-01 2.611356e+03 2.765274e+03 
1.671111e-01 2.504092e+03 2.680488e+03 
1.701313e-01 2.412121e+03 2.599293e+03 
1.731515e-01 2.335179e+03 2.521498e+03 
1.761717e-01 2.271855e+03 2.446923e+03 
1.791919e-01 2.220206e+03 2.375399e+03 
1.822121e-01 2.177801e+03 2.306769e+03 
1.852323e-01 2.142116e+03 2.240884e+03 
1.882525e-01 2.110592e+03 2.177605e+03 
1.912727e-01 2.080715e+03 2.116802e+03 
1.942929e-01 2.050114e+03 2.058352e+03 
1.973131e-01 2.016814e+03 2.002140e+03 
2.003333e-01 1.979326e+03 1.948057e+03 
2.033535e-01 1.936868e+03 1.896001e+03 
2.063737e-01 1.889346e+03 1.845875e+03 
2.093939e-01 1.837277e+03 1.797589e+03 
2.124141e-01 1.781680e+03 1.751057e+03 
2.154343e-01 1.723844e+03 1.706197e+03 
2.184545e-01 1.665220e+03 1.662935e+03 
2.214747e-01 1.607263e+03 1.621196e+03 
2.244949e-01 1.551357e+03 1.580914e+03 
2.275152e-01 1.498685e+03 1.542024e+03 
2.305354e-01 1.450187e+03 1.504464e+03 
2.335556e-01 1.406422e+03 1.468176e+03 
2.365758e-01 1.367662e+03 1.433106e+03 
2.395960e-01 1.333824e+03 1.399202e+03 
2.426162e-01 1.304609e+03 1.366414e+03 
2.456364e-01 1.279457e+03 1.334696e+03 
2.486566e-01 1.257659e+03 1.304003e+03 
2.516768e-01 1.238365e+03 1.274292e+03 
2.546970e-01 1.220671e+03 1.245525e+03 
2.577172e-01 1.203659e+03 1.217662e+03 
2.607374e-01 1.186489e+03 1.190668e+03 
2.637576e-01 1.168449e+03 1.164507e+03 
2.667778e-01 1.149108e+03 1.139148e+03 
2.697980e-01 1.128233e+03 1.114559e+03 
2.728182e-01 1.105813e+03 1.090709e+03 
2.758384e-01 1.081998e+03 1.067571e+03 
2.788586e-01 1.057061e+03 1.045118e+03 
2.818788e-01 1.031369e+03 1.023323e+03 
2.848990e-01 1.005337e+03 1.002162e+03 
2.879192e-01 9.794305e+02 9.816117e+02 
2.909394e-01 9.541138e+02 9.616493e+02 
2.939596e-01 9.298315e+02 9.422533e+02 
2.969798e-01 9.069453e+02 9.234033e+02 
3.000000e-01 8.857263e+02 9.050796e+02 
