1.000000e-03 3.933001e+03 3.932997e+03 
4.020202e-03 1.320304e+04 1.330640e+04 
7.040404e-03 1.934601e+04 1.948679e+04 
1.006061e-02 2.314404e+04 2.330242e+04 
1.308081e-02 2.518101e+04 2.536164e+04 
1.610101e-02 2.589132e+04 2.604377e+04 
1.912121e-02 2.562155e+04 2.565801e+04 
2.214141e-02 2.466298e+04 2.455179e+04 
2.516162e-02 2.326291e+04 2.308210e+04 
2.818182e-02 2.162799e+04 2.152372e+04 
3.120202e-02 1.992212e+04 2.003072e+04 
3.422222e-02 1.826720e+04 1.866326e+04 
3.724242e-02 1.674507e+04 1.743072e+04 
4.026263e-02 1.540537e+04 1.632207e+04 
4.328283e-02 1.426136e+04 1.532112e+04 
4.630303e-02 1.331017e+04 1.441242e+04 
4.932323e-02 1.255268e+04 1.358293e+04 
5.234343e-02 1.195296e+04 1.282210e+04 
5.536364e-02 1.146930e+04 1.212144e+04 
5.838384e-02 1.107091e+04 1.147404e+04 
6.140404e-02 1.072698e+04 1.087423e+04 
6.442424e-02 1.040660e+04 1.031724e+04 
6.744444e-02 1.008231e+04 9.798989e+03 
7.046465e-02 9.734976e+03 9.315975e+03 
7.348485e-02 9.353584e+03 8.865118e+03 
7.650505e-02 8.934962e+03 8.443699e+03 
7.952525e-02 8.483611e+03 8.049299e+03 
8.254545e-02 8.010464e+03 7.679749e+03 
8.556566e-02 7.528983e+03 7.333099e+03 
8.858586e-02 7.053244e+03 7.007583e+03 
9.160606e-02 6.596685e+03 6.701604e+03 
9.462626e-02 6.170947e+03 6.413706e+03 
9.764646e-02 5.785973e+03 6.142566e+03 
1.006667e-01 5.448396e+03 5.886973e+03 
1.036869e-01 5.161849e+03 5.645822e+03 
1.067071e-01 4.925628e+03 5.418100e+03 
1.097273e-01 4.735776e+03 5.202878e+03 
1.127475e-01 4.585407e+03 4.999303e+03 
1.157677e-01 4.466150e+03 4.806591e+03 
1.187879e-01 4.369009e+03 4.624020e+03 
1.218081e-01 4.285348e+03 4.450924e+03 
1.248283e-01 4.207093e+03 4.286689e+03 
1.278485e-01 4.127152e+03 4.130750e+03 
1.308687e-01 4.039762e+03 3.982583e+03 
1.338889e-01 3.940668e+03 3.841702e+03 
1.369091e-01 3.827906e+03 3.707659e+03 
1.399293e-01 3.701250e+03 3.580038e+03 
1.429495e-01 3.562723e+03 3.458453e+03 
1.459697e-01 3.415450e+03 3.342546e+03 
1.489899e-01 3.263602e+03 3.231983e+03 
1.520101e-01 3.111529e+03 3.126455e+03 
1.550303e-01 2.963592e+03 3.025674e+03 
1.580505e-01 2.823722e+03 2.929370e+03 
1.610707e-01 2.695364e+03 2.837293e+03 
1.640909e-01 2.580844e+03 2.749210e+03 
1.671111e-01 2.481549e+03 2.664901e+03 
1.701313e-01 2.397449e+03 2.584163e+03 
1.731515e-01 2.327602e+03 2.506805e+03 
1.761717e-01 2.270194e+03 2.432648e+03 
1.791919e-01 2.222960e+03 2.361525e+03 
1.822121e-01 2.183378e+03 2.293279e+03 
1.852323e-01 2.148851e+03 2.227762e+03 
1.882525e-01 2.116816e+03 2.164837e+03 
1.912727e-01 2.084858e+03 2.104373e+03 
1.942929e-01 2.050872e+03 2.046250e+03 
1.973131e-01 2.013171e+03 1.990351e+03 
2.003333e-01 1.970820e+03 1.936570e+03 
2.033535e-01 1.923493e+03 1.884804e+03 
2.063737e-01 1.871608e+03 1.834957e+03 
2.093939e-01 1.816001e+03 1.786940e+03 
2.124141e-01 1.757947e+03 1.740667e+03 
2.154343e-01 1.698845e+03 1.696058e+03 
2.184545e-01 1.640163e+03 1.653037e+03 
2.214747e-01 1.583278e+03 1.611531e+03 
2.244949e-01 1.529444e+03 1.571474e+03 
2.275152e-01 1.479604e+03 1.532800e+03 
2.305354e-01 1.434443e+03 1.495450e+03 
2.335556e-01 1.394252e+03 1.459365e+03 
2.365758e-01 1.359024e+03 1.424491e+03 
2.395960e-01 1.328432e+03 1.390776e+03 
2.426162e-01 1.301946e+03 1.358172e+03 
2.456364e-01 1.278890e+03 1.326631e+03 
2.486566e-01 1.258439e+03 1.296110e+03 
2.516768e-01 1.239706e+03 1.266566e+03 
2.546970e-01 1.221776e+03 1.237960e+03 
2.577172e-01 1.203806e+03 1.210253e+03 
2.607374e-01 1.185079e+03 1.183411e+03 
2.637576e-01 1.165116e+03 1.157397e+03 
2.667778e-01 1.143653e+03 1.132181e+03 
2.697980e-01 1.120690e+03 1.107730e+03 
2.728182e-01 1.096378e+03 1.084015e+03 
2.758384e-01 1.071017e+03 1.061007e+03 
2.788586e-01 1.044965e+03 1.038681e+03 
2.818788e-01 1.018629e+03 1.017009e+03 
2.848990e-01 9.924517e+02 9.959682e+02 
2.879192e-01 9.668918e+02 9.755342e+02 
2.909394e-01 9.423712e+02 9.556850e+02 
2.939596e-01 9.192579e+02 9.363992e+02 
2.969798e-01 8.978019e+02 9.176564e+02 
3.000000e-01 8.781395e+02 8.994370e+02 
