1.000000e-03 5.112460e+03 5.112456e+03 
4.020202e-03 1.724253e+04 1.737958e+04 
7.040404e-03 2.529000e+04 2.549313e+04 
1.006061e-02 3.023284e+04 3.050555e+04 
1.308081e-02 3.281197e+04 3.318926e+04 
1.610101e-02 3.358351e+04 3.399965e+04 
1.912121e-02 3.300190e+04 3.328415e+04 
2.214141e-02 3.145736e+04 3.146497e+04 
2.516162e-02 2.929097e+04 2.904784e+04 
2.818182e-02 2.679360e+04 2.648497e+04 
3.120202e-02 2.420144e+04 2.406422e+04 
3.422222e-02 2.169353e+04 2.190853e+04 
3.724242e-02 1.939261e+04 2.003654e+04 
4.026263e-02 1.737427e+04 1.842018e+04 
4.328283e-02 1.566097e+04 1.701866e+04 
4.630303e-02 1.425587e+04 1.579311e+04 
4.932323e-02 1.315602e+04 1.471123e+04 
5.234343e-02 1.231666e+04 1.374749e+04 
5.536364e-02 1.168779e+04 1.288211e+04 
5.838384e-02 1.122386e+04 1.209974e+04 
6.140404e-02 1.088077e+04 1.138833e+04 
6.442424e-02 1.061190e+04 1.073834e+04 
6.744444e-02 1.037474e+04 1.014207e+04 
7.046465e-02 1.013454e+04 9.593173e+03 
7.348485e-02 9.863171e+03 9.086404e+03 
7.650505e-02 9.541396e+03 8.617322e+03 
7.952525e-02 9.159814e+03 8.182134e+03 
8.254545e-02 8.719276e+03 7.777573e+03 
8.556566e-02 8.229281e+03 7.400791e+03 
8.858586e-02 7.705110e+03 7.049293e+03 
9.160606e-02 7.165564e+03 6.720873e+03 
9.462626e-02 6.630593e+03 6.413576e+03 
9.764646e-02 6.119049e+03 6.125654e+03 
1.006667e-01 5.647588e+03 5.855545e+03 
1.036869e-01 5.228378e+03 5.601840e+03 
1.067071e-01 4.869419e+03 5.363272e+03 
1.097273e-01 4.572851e+03 5.138693e+03 
1.127475e-01 4.337338e+03 4.927062e+03 
1.157677e-01 4.157782e+03 4.727433e+03 
1.187879e-01 4.027130e+03 4.538943e+03 
1.218081e-01 3.936604e+03 4.360806e+03 
1.248283e-01 3.876637e+03 4.192303e+03 
1.278485e-01 3.837178e+03 4.032774e+03 
1.308687e-01 3.807851e+03 3.881616e+03 
1.338889e-01 3.778734e+03 3.738272e+03 
1.369091e-01 3.741083e+03 3.602233e+03 
1.399293e-01 3.688164e+03 3.473027e+03 
1.429495e-01 3.615420e+03 3.350220e+03 
1.459697e-01 3.521058e+03 3.233412e+03 
1.489899e-01 3.405273e+03 3.122231e+03 
1.520101e-01 3.270714e+03 3.016335e+03 
1.550303e-01 3.121356e+03 2.915406e+03 
1.580505e-01 2.962508e+03 2.819149e+03 
1.610707e-01 2.800246e+03 2.727290e+03 
1.640909e-01 2.641035e+03 2.639574e+03 
1.671111e-01 2.490503e+03 2.555765e+03 
1.701313e-01 2.353369e+03 2.475642e+03 
1.731515e-01 2.232685e+03 2.399000e+03 
1.761717e-01 2.130140e+03 2.325647e+03 
1.791919e-01 2.045908e+03 2.255403e+03 
1.822121e-01 1.979206e+03 2.188102e+03 
1.852323e-01 1.928564e+03 2.123588e+03 
1.882525e-01 1.891867e+03 2.061713e+03 
1.912727e-01 1.866587e+03 2.002340e+03 
1.942929e-01 1.849706e+03 1.945342e+03 
1.973131e-01 1.837957e+03 1.890597e+03 
2.003333e-01 1.827901e+03 1.837992e+03 
2.033535e-01 1.816358e+03 1.787422e+03 
2.063737e-01 1.800511e+03 1.738785e+03 
2.093939e-01 1.778425e+03 1.691988e+03 
2.124141e-01 1.748857e+03 1.646942e+03 
2.154343e-01 1.711476e+03 1.603564e+03 
2.184545e-01 1.666655e+03 1.561775e+03 
2.214747e-01 1.615391e+03 1.521502e+03 
2.244949e-01 1.559165e+03 1.482674e+03 
2.275152e-01 1.499745e+03 1.445225e+03 
2.305354e-01 1.439162e+03 1.409093e+03 
2.335556e-01 1.379419e+03 1.374218e+03 
2.365758e-01 1.322367e+03 1.340546e+03 
2.395960e-01 1.269514e+03 1.308023e+03 
2.426162e-01 1.222037e+03 1.276599e+03 
2.456364e-01 1.180632e+03 1.246227e+03 
2.486566e-01 1.145643e+03 1.216862e+03 
2.516768e-01 1.116937e+03 1.188461e+03 
2.546970e-01 1.094077e+03 1.160984e+03 
2.577172e-01 1.076319e+03 1.134393e+03 
2.607374e-01 1.062692e+03 1.108651e+03 
2.637576e-01 1.052085e+03 1.083724e+03 
2.667778e-01 1.043317e+03 1.059578e+03 
2.697980e-01 1.035230e+03 1.036183e+03 
2.728182e-01 1.026747e+03 1.013508e+03 
2.758384e-01 1.016966e+03 9.915259e+02 
2.788586e-01 1.005173e+03 9.702087e+02 
2.818788e-01 9.909022e+02 9.495311e+02 
2.848990e-01 9.738913e+02 9.294686e+02 
2.879192e-01 9.542072e+02 9.099976e+02 
2.909394e-01 9.321129e+02 8.910961e+02 
2.939596e-01 9.080854e+02 8.727426e+02 
2.969798e-01 8.827349e+02 8.549169e+02 
3.000000e-01 8.567677e+02 8.375996e+02 
