1.000000e-03 2.221832e+03 2.221830e+03 
4.020202e-03 7.499195e+03 7.559452e+03 
7.040404e-03 1.105417e+04 1.112185e+04 
1.006061e-02 1.334451e+04 1.337237e+04 
1.308081e-02 1.471709e+04 1.468444e+04 
1.610101e-02 1.542125e+04 1.531980e+04 
1.912121e-02 1.564254e+04 1.548111e+04 
2.214141e-02 1.552344e+04 1.533535e+04 
2.516162e-02 1.517561e+04 1.500730e+04 
2.818182e-02 1.468570e+04 1.457754e+04 
3.120202e-02 1.411980e+04 1.409363e+04 
3.422222e-02 1.352565e+04 1.358331e+04 
3.724242e-02 1.293532e+04 1.306340e+04 
4.026263e-02 1.237008e+04 1.254458e+04 
4.328283e-02 1.183329e+04 1.203389e+04 
4.630303e-02 1.133030e+04 1.153598e+04 
4.932323e-02 1.087174e+04 1.105389e+04 
5.234343e-02 1.044178e+04 1.058952e+04 
5.536364e-02 1.002667e+04 1.014395e+04 
5.838384e-02 9.625430e+03 9.717664e+03 
6.140404e-02 9.236975e+03 9.310727e+03 
6.442424e-02 8.859257e+03 8.922898e+03 
6.744444e-02 8.489173e+03 8.553727e+03 
7.046465e-02 8.125087e+03 8.202623e+03 
7.348485e-02 7.768554e+03 7.868902e+03 
7.650505e-02 7.423015e+03 7.551822e+03 
7.952525e-02 7.093020e+03 7.250618e+03 
8.254545e-02 6.782427e+03 6.964513e+03 
8.556566e-02 6.493650e+03 6.692737e+03 
8.858586e-02 6.226396e+03 6.434537e+03 
9.160606e-02 5.979351e+03 6.189182e+03 
9.462626e-02 5.750633e+03 5.955970e+03 
9.764646e-02 5.538876e+03 5.734229e+03 
1.006667e-01 5.342811e+03 5.523319e+03 
1.036869e-01 5.160727e+03 5.322631e+03 
1.067071e-01 4.990334e+03 5.131592e+03 
1.097273e-01 4.828727e+03 4.949658e+03 
1.127475e-01 4.673122e+03 4.776317e+03 
1.157677e-01 4.520921e+03 4.611088e+03 
1.187879e-01 4.370973e+03 4.453517e+03 
1.218081e-01 4.223251e+03 4.303178e+03 
1.248283e-01 4.078282e+03 4.159670e+03 
1.278485e-01 3.937140e+03 4.022618e+03 
1.308687e-01 3.800818e+03 3.891669e+03 
1.338889e-01 3.670161e+03 3.766491e+03 
1.369091e-01 3.545811e+03 3.646773e+03 
1.399293e-01 3.428047e+03 3.532222e+03 
1.429495e-01 3.316987e+03 3.422566e+03 
1.459697e-01 3.212420e+03 3.317545e+03 
1.489899e-01 3.114056e+03 3.216918e+03 
1.520101e-01 3.021508e+03 3.120457e+03 
1.550303e-01 2.934348e+03 3.027948e+03 
1.580505e-01 2.852051e+03 2.939191e+03 
1.610707e-01 2.774040e+03 2.853996e+03 
1.640909e-01 2.699556e+03 2.772186e+03 
1.671111e-01 2.627772e+03 2.693591e+03 
1.701313e-01 2.558056e+03 2.618056e+03 
1.731515e-01 2.489919e+03 2.545430e+03 
1.761717e-01 2.423199e+03 2.475574e+03 
1.791919e-01 2.358024e+03 2.408355e+03 
1.822121e-01 2.294538e+03 2.343648e+03 
1.852323e-01 2.232894e+03 2.281336e+03 
1.882525e-01 2.173188e+03 2.221308e+03 
1.912727e-01 2.115427e+03 2.163457e+03 
1.942929e-01 2.059642e+03 2.107685e+03 
1.973131e-01 2.005945e+03 2.053898e+03 
2.003333e-01 1.954452e+03 2.002007e+03 
2.033535e-01 1.905251e+03 1.951927e+03 
2.063737e-01 1.858378e+03 1.903579e+03 
2.093939e-01 1.813646e+03 1.856887e+03 
2.124141e-01 1.770807e+03 1.811780e+03 
2.154343e-01 1.729606e+03 1.768189e+03 
2.184545e-01 1.689800e+03 1.726051e+03 
2.214747e-01 1.651258e+03 1.685303e+03 
2.244949e-01 1.613909e+03 1.645889e+03 
2.275152e-01 1.577674e+03 1.607752e+03 
2.305354e-01 1.542468e+03 1.570840e+03 
2.335556e-01 1.508210e+03 1.535104e+03 
2.365758e-01 1.474828e+03 1.500496e+03 
2.395960e-01 1.442282e+03 1.466970e+03 
2.426162e-01 1.410576e+03 1.434485e+03 
2.456364e-01 1.379730e+03 1.402998e+03 
2.486566e-01 1.349784e+03 1.372472e+03 
2.516768e-01 1.320766e+03 1.342868e+03 
2.546970e-01 1.292663e+03 1.314152e+03 
2.577172e-01 1.265454e+03 1.286289e+03 
2.607374e-01 1.239103e+03 1.259248e+03 
2.637576e-01 1.213579e+03 1.232997e+03 
2.667778e-01 1.188860e+03 1.207508e+03 
2.697980e-01 1.164928e+03 1.182751e+03 
2.728182e-01 1.141747e+03 1.158701e+03 
2.758384e-01 1.119271e+03 1.135332e+03 
2.788586e-01 1.097442e+03 1.112618e+03 
2.818788e-01 1.076197e+03 1.090538e+03 
2.848990e-01 1.055493e+03 1.069068e+03 
2.879192e-01 1.035298e+03 1.048186e+03 
2.909394e-01 1.015597e+03 1.027873e+03 
2.939596e-01 9.963912e+02 1.008108e+03 
2.969798e-01 9.776754e+02 9.888729e+02 
3.000000e-01 9.594363e+02 9.701493e+02 
