1.000000e-03 2.458377e+03 2.458375e+03 
4.020202e-03 8.095249e+03 8.082299e+03 
7.040404e-03 1.181473e+04 1.166368e+04 
1.006061e-02 1.417260e+04 1.383680e+04 
1.308081e-02 1.555771e+04 1.507137e+04 
1.610101e-02 1.624211e+04 1.568140e+04 
1.912121e-02 1.642501e+04 1.587541e+04 
2.214141e-02 1.625758e+04 1.579299e+04 
2.516162e-02 1.585728e+04 1.552843e+04 
2.818182e-02 1.531453e+04 1.514598e+04 
3.120202e-02 1.469783e+04 1.468977e+04 
3.422222e-02 1.405629e+04 1.419029e+04 
3.724242e-02 1.342265e+04 1.366866e+04 
4.026263e-02 1.281836e+04 1.313950e+04 
4.328283e-02 1.224639e+04 1.261286e+04 
4.630303e-02 1.171181e+04 1.209558e+04 
4.932323e-02 1.122522e+04 1.159223e+04 
5.234343e-02 1.076993e+04 1.110572e+04 
5.536364e-02 1.033147e+04 1.063782e+04 
5.838384e-02 9.908695e+03 1.018946e+04 
6.140404e-02 9.500304e+03 9.761015e+03 
6.442424e-02 9.104058e+03 9.352410e+03 
6.744444e-02 8.716659e+03 8.963306e+03 
7.046465e-02 8.336334e+03 8.593164e+03 
7.348485e-02 7.964599e+03 8.241320e+03 
7.650505e-02 7.604902e+03 7.907030e+03 
7.952525e-02 7.261831e+03 7.589508e+03 
8.254545e-02 6.939255e+03 7.287949e+03 
8.556566e-02 6.639566e+03 7.001548e+03 
8.858586e-02 6.362389e+03 6.729514e+03 
9.160606e-02 6.106315e+03 6.471075e+03 
9.462626e-02 5.869360e+03 6.225489e+03 
9.764646e-02 5.650081e+03 5.992044e+03 
1.006667e-01 5.447135e+03 5.770061e+03 
1.036869e-01 5.258736e+03 5.558895e+03 
1.067071e-01 5.082517e+03 5.357938e+03 
1.097273e-01 4.915489e+03 5.166611e+03 
1.127475e-01 4.754797e+03 4.984371e+03 
1.157677e-01 4.597780e+03 4.810706e+03 
1.187879e-01 4.443252e+03 4.645136e+03 
1.218081e-01 4.291174e+03 4.487207e+03 
1.248283e-01 4.142073e+03 4.336494e+03 
1.278485e-01 3.997028e+03 4.192599e+03 
1.308687e-01 3.857034e+03 4.055146e+03 
1.338889e-01 3.722937e+03 3.923785e+03 
1.369091e-01 3.595375e+03 3.798185e+03 
1.399293e-01 3.474620e+03 3.678036e+03 
1.429495e-01 3.360777e+03 3.563048e+03 
1.459697e-01 3.253622e+03 3.452947e+03 
1.489899e-01 3.152851e+03 3.347478e+03 
1.520101e-01 3.058061e+03 3.246398e+03 
1.550303e-01 2.968810e+03 3.149483e+03 
1.580505e-01 2.884559e+03 3.056519e+03 
1.610707e-01 2.804717e+03 2.967305e+03 
1.640909e-01 2.728509e+03 2.881654e+03 
1.671111e-01 2.655096e+03 2.799388e+03 
1.701313e-01 2.583834e+03 2.720340e+03 
1.731515e-01 2.514225e+03 2.644353e+03 
1.761717e-01 2.446103e+03 2.571279e+03 
1.791919e-01 2.379594e+03 2.500978e+03 
1.822121e-01 2.314841e+03 2.433319e+03 
1.852323e-01 2.251995e+03 2.368176e+03 
1.882525e-01 2.191149e+03 2.305432e+03 
1.912727e-01 2.132308e+03 2.244976e+03 
1.942929e-01 2.075501e+03 2.186704e+03 
1.973131e-01 2.020838e+03 2.130517e+03 
2.003333e-01 1.968431e+03 2.076319e+03 
2.033535e-01 1.918369e+03 2.024023e+03 
2.063737e-01 1.870684e+03 1.973545e+03 
2.093939e-01 1.825185e+03 1.924804e+03 
2.124141e-01 1.781620e+03 1.877726e+03 
2.154343e-01 1.739732e+03 1.832239e+03 
2.184545e-01 1.699273e+03 1.788274e+03 
2.214747e-01 1.660111e+03 1.745769e+03 
2.244949e-01 1.622172e+03 1.704660e+03 
2.275152e-01 1.585376e+03 1.664891e+03 
2.305354e-01 1.549635e+03 1.626406e+03 
2.335556e-01 1.514868e+03 1.589152e+03 
2.365758e-01 1.481000e+03 1.553080e+03 
2.395960e-01 1.447992e+03 1.518142e+03 
2.426162e-01 1.415846e+03 1.484294e+03 
2.456364e-01 1.384581e+03 1.451491e+03 
2.486566e-01 1.354236e+03 1.419693e+03 
2.516768e-01 1.324838e+03 1.388862e+03 
2.546970e-01 1.296375e+03 1.358959e+03 
2.577172e-01 1.268821e+03 1.329949e+03 
2.607374e-01 1.242144e+03 1.301799e+03 
2.637576e-01 1.216308e+03 1.274475e+03 
2.667778e-01 1.191293e+03 1.247948e+03 
2.697980e-01 1.167079e+03 1.222188e+03 
2.728182e-01 1.143629e+03 1.197166e+03 
2.758384e-01 1.120897e+03 1.172856e+03 
2.788586e-01 1.098824e+03 1.149231e+03 
2.818788e-01 1.077347e+03 1.126268e+03 
2.848990e-01 1.056420e+03 1.103943e+03 
2.879192e-01 1.036014e+03 1.082233e+03 
2.909394e-01 1.016111e+03 1.061116e+03 
2.939596e-01 9.967131e+02 1.040573e+03 
2.969798e-01 9.778139e+02 1.020582e+03 
3.000000e-01 9.593999e+02 1.001126e+03 
