1.000000e-03 2.629482e+03 2.629480e+03 
4.020202e-03 8.825730e+03 8.895289e+03 
7.040404e-03 1.297855e+04 1.306278e+04 
1.006061e-02 1.562075e+04 1.568048e+04 
1.308081e-02 1.714871e+04 1.716973e+04 
1.610101e-02 1.785172e+04 1.781465e+04 
1.912121e-02 1.795084e+04 1.784365e+04 
2.214141e-02 1.762466e+04 1.747162e+04 
2.516162e-02 1.701728e+04 1.688109e+04 
2.818182e-02 1.624527e+04 1.619615e+04 
3.120202e-02 1.540012e+04 1.548547e+04 
3.422222e-02 1.454863e+04 1.478184e+04 
3.724242e-02 1.373645e+04 1.409960e+04 
4.026263e-02 1.299237e+04 1.344462e+04 
4.328283e-02 1.232063e+04 1.281909e+04 
4.630303e-02 1.172763e+04 1.222358e+04 
4.932323e-02 1.121905e+04 1.165787e+04 
5.234343e-02 1.077082e+04 1.112131e+04 
5.536364e-02 1.036159e+04 1.061299e+04 
5.838384e-02 9.978156e+03 1.013186e+04 
6.140404e-02 9.612143e+03 9.676733e+03 
6.442424e-02 9.253634e+03 9.246393e+03 
6.744444e-02 8.891943e+03 8.839583e+03 
7.046465e-02 8.522413e+03 8.455050e+03 
7.348485e-02 8.144660e+03 8.091559e+03 
7.650505e-02 7.762014e+03 7.747908e+03 
7.952525e-02 7.381486e+03 7.422938e+03 
8.254545e-02 7.011002e+03 7.115539e+03 
8.556566e-02 6.657963e+03 6.824655e+03 
8.858586e-02 6.327490e+03 6.549284e+03 
9.160606e-02 6.022858e+03 6.288482e+03 
9.462626e-02 5.745734e+03 6.041357e+03 
9.764646e-02 5.496944e+03 5.807073e+03 
1.006667e-01 5.276305e+03 5.584847e+03 
1.036869e-01 5.082472e+03 5.373943e+03 
1.067071e-01 4.912468e+03 5.173675e+03 
1.097273e-01 4.761584e+03 4.983400e+03 
1.127475e-01 4.624434e+03 4.802518e+03 
1.157677e-01 4.495260e+03 4.630469e+03 
1.187879e-01 4.369486e+03 4.466730e+03 
1.218081e-01 4.243508e+03 4.310811e+03 
1.248283e-01 4.115548e+03 4.162257e+03 
1.278485e-01 3.984847e+03 4.020641e+03 
1.308687e-01 3.851718e+03 3.885565e+03 
1.338889e-01 3.717003e+03 3.756658e+03 
1.369091e-01 3.582236e+03 3.633571e+03 
1.399293e-01 3.449157e+03 3.515981e+03 
1.429495e-01 3.319625e+03 3.403583e+03 
1.459697e-01 3.195388e+03 3.296092e+03 
1.489899e-01 3.077935e+03 3.193243e+03 
1.520101e-01 2.968412e+03 3.094785e+03 
1.550303e-01 2.867507e+03 3.000486e+03 
1.580505e-01 2.775510e+03 2.910126e+03 
1.610707e-01 2.692292e+03 2.823500e+03 
1.640909e-01 2.617156e+03 2.740414e+03 
1.671111e-01 2.548940e+03 2.660688e+03 
1.701313e-01 2.486209e+03 2.584151e+03 
1.731515e-01 2.427393e+03 2.510643e+03 
1.761717e-01 2.371070e+03 2.440014e+03 
1.791919e-01 2.315986e+03 2.372122e+03 
1.822121e-01 2.261386e+03 2.306834e+03 
1.852323e-01 2.206734e+03 2.244024e+03 
1.882525e-01 2.151730e+03 2.183573e+03 
1.912727e-01 2.096222e+03 2.125371e+03 
1.942929e-01 2.040293e+03 2.069311e+03 
1.973131e-01 1.984207e+03 2.015295e+03 
2.003333e-01 1.928494e+03 1.963228e+03 
2.033535e-01 1.873797e+03 1.913020e+03 
2.063737e-01 1.820868e+03 1.864590e+03 
2.093939e-01 1.770258e+03 1.817856e+03 
2.124141e-01 1.722283e+03 1.772744e+03 
2.154343e-01 1.677096e+03 1.729182e+03 
2.184545e-01 1.634713e+03 1.687104e+03 
2.214747e-01 1.595039e+03 1.646444e+03 
2.244949e-01 1.557908e+03 1.607144e+03 
2.275152e-01 1.523092e+03 1.569144e+03 
2.305354e-01 1.490315e+03 1.532390e+03 
2.335556e-01 1.459203e+03 1.496831e+03 
2.365758e-01 1.429353e+03 1.462418e+03 
2.395960e-01 1.400372e+03 1.429102e+03 
2.426162e-01 1.371922e+03 1.396841e+03 
2.456364e-01 1.343802e+03 1.365591e+03 
2.486566e-01 1.315887e+03 1.335313e+03 
2.516768e-01 1.288146e+03 1.305968e+03 
2.546970e-01 1.260584e+03 1.277519e+03 
2.577172e-01 1.233242e+03 1.249932e+03 
2.607374e-01 1.206195e+03 1.223173e+03 
2.637576e-01 1.179553e+03 1.197211e+03 
2.667778e-01 1.153468e+03 1.172015e+03 
2.697980e-01 1.128112e+03 1.147558e+03 
2.728182e-01 1.103638e+03 1.123810e+03 
2.758384e-01 1.080170e+03 1.100747e+03 
2.788586e-01 1.057736e+03 1.078343e+03 
2.818788e-01 1.036314e+03 1.056573e+03 
2.848990e-01 1.015836e+03 1.035416e+03 
2.879192e-01 9.962177e+02 1.014849e+03 
2.909394e-01 9.773749e+02 9.948505e+02 
2.939596e-01 9.592242e+02 9.754015e+02 
2.969798e-01 9.416862e+02 9.564823e+02 
3.000000e-01 9.246780e+02 9.380746e+02 
