1.000000e-03 2.339399e+03 2.339397e+03 
4.020202e-03 7.818360e+03 7.881221e+03 
7.040404e-03 1.147147e+04 1.154160e+04 
1.006061e-02 1.380292e+04 1.383187e+04 
1.308081e-02 1.518255e+04 1.514926e+04 
1.610101e-02 1.587289e+04 1.576873e+04 
1.912121e-02 1.606748e+04 1.590195e+04 
2.214141e-02 1.591492e+04 1.572271e+04 
2.516162e-02 1.553082e+04 1.536038e+04 
2.818182e-02 1.500517e+04 1.489792e+04 
3.120202e-02 1.440530e+04 1.438384e+04 
3.422222e-02 1.378032e+04 1.384607e+04 
3.724242e-02 1.316299e+04 1.330133e+04 
4.026263e-02 1.257436e+04 1.276011e+04 
4.328283e-02 1.201685e+04 1.222921e+04 
4.630303e-02 1.149733e+04 1.171307e+04 
4.932323e-02 1.102528e+04 1.121453e+04 
5.234343e-02 1.058254e+04 1.073530e+04 
5.536364e-02 1.015608e+04 1.027630e+04 
5.838384e-02 9.744829e+03 9.837868e+03 
6.140404e-02 9.347105e+03 9.419933e+03 
6.442424e-02 8.960360e+03 9.022138e+03 
6.744444e-02 8.581201e+03 8.643928e+03 
7.046465e-02 8.208266e+03 8.284617e+03 
7.348485e-02 7.843212e+03 7.943436e+03 
7.650505e-02 7.489791e+03 7.619572e+03 
7.952525e-02 7.152637e+03 7.312190e+03 
8.254545e-02 6.835672e+03 7.020454e+03 
8.556566e-02 6.541093e+03 6.743542e+03 
8.858586e-02 6.268661e+03 6.480652e+03 
9.160606e-02 6.017008e+03 6.231012e+03 
9.462626e-02 5.784289e+03 5.993881e+03 
9.764646e-02 5.569257e+03 5.768553e+03 
1.006667e-01 5.370591e+03 5.554356e+03 
1.036869e-01 5.186487e+03 5.350656e+03 
1.067071e-01 5.014365e+03 5.156853e+03 
1.097273e-01 4.851111e+03 4.972382e+03 
1.127475e-01 4.693782e+03 4.796711e+03 
1.157677e-01 4.539740e+03 4.629340e+03 
1.187879e-01 4.388024e+03 4.469799e+03 
1.218081e-01 4.238469e+03 4.317648e+03 
1.248283e-01 4.091737e+03 4.172472e+03 
1.278485e-01 3.948919e+03 4.033883e+03 
1.308687e-01 3.810982e+03 3.901518e+03 
1.338889e-01 3.678790e+03 3.775034e+03 
1.369091e-01 3.552943e+03 3.654113e+03 
1.399293e-01 3.433806e+03 3.538452e+03 
1.429495e-01 3.321485e+03 3.427771e+03 
1.459697e-01 3.215812e+03 3.321805e+03 
1.489899e-01 3.116524e+03 3.220306e+03 
1.520101e-01 3.023248e+03 3.123040e+03 
1.550303e-01 2.935530e+03 3.029788e+03 
1.580505e-01 2.852797e+03 2.940345e+03 
1.610707e-01 2.774394e+03 2.854517e+03 
1.640909e-01 2.699512e+03 2.772121e+03 
1.671111e-01 2.627369e+03 2.692987e+03 
1.701313e-01 2.557301e+03 2.616953e+03 
1.731515e-01 2.488787e+03 2.543867e+03 
1.761717e-01 2.421746e+03 2.473587e+03 
1.791919e-01 2.356222e+03 2.405977e+03 
1.822121e-01 2.292374e+03 2.340910e+03 
1.852323e-01 2.230377e+03 2.278266e+03 
1.882525e-01 2.170287e+03 2.217932e+03 
1.912727e-01 2.112122e+03 2.159800e+03 
1.942929e-01 2.055965e+03 2.103770e+03 
1.973131e-01 2.001935e+03 2.049746e+03 
2.003333e-01 1.950163e+03 1.997637e+03 
2.033535e-01 1.900781e+03 1.947357e+03 
2.063737e-01 1.853744e+03 1.898827e+03 
2.093939e-01 1.808866e+03 1.851968e+03 
2.124141e-01 1.765906e+03 1.806708e+03 
2.154343e-01 1.724578e+03 1.762979e+03 
2.184545e-01 1.684666e+03 1.720715e+03 
2.214747e-01 1.646048e+03 1.679853e+03 
2.244949e-01 1.608628e+03 1.640335e+03 
2.275152e-01 1.572343e+03 1.602106e+03 
2.305354e-01 1.537111e+03 1.565111e+03 
2.335556e-01 1.502812e+03 1.529300e+03 
2.365758e-01 1.469351e+03 1.494626e+03 
2.395960e-01 1.436718e+03 1.461042e+03 
2.426162e-01 1.404925e+03 1.428505e+03 
2.456364e-01 1.374014e+03 1.396974e+03 
2.486566e-01 1.344024e+03 1.366409e+03 
2.516768e-01 1.314963e+03 1.336773e+03 
2.546970e-01 1.286825e+03 1.308030e+03 
2.577172e-01 1.259574e+03 1.280145e+03 
2.607374e-01 1.233170e+03 1.253086e+03 
2.637576e-01 1.207600e+03 1.226822e+03 
2.667778e-01 1.182862e+03 1.201324e+03 
2.697980e-01 1.158931e+03 1.176562e+03 
2.728182e-01 1.135767e+03 1.152511e+03 
2.758384e-01 1.113312e+03 1.129143e+03 
2.788586e-01 1.091497e+03 1.106434e+03 
2.818788e-01 1.070262e+03 1.084361e+03 
2.848990e-01 1.049562e+03 1.062901e+03 
2.879192e-01 1.029370e+03 1.042032e+03 
2.909394e-01 1.009680e+03 1.021734e+03 
2.939596e-01 9.904892e+02 1.001986e+03 
2.969798e-01 9.717906e+02 9.827695e+02 
3.000000e-01 9.535746e+02 9.640666e+02 
