1.000000e-03 2.135312e+03 2.135310e+03 
4.020202e-03 7.082441e+03 7.141976e+03 
7.040404e-03 1.037871e+04 1.044638e+04 
1.006061e-02 1.250023e+04 1.252490e+04 
1.308081e-02 1.378765e+04 1.374566e+04 
1.610101e-02 1.447848e+04 1.436476e+04 
1.912121e-02 1.474285e+04 1.457027e+04 
2.214141e-02 1.470716e+04 1.450406e+04 
2.516162e-02 1.446616e+04 1.426645e+04 
2.818182e-02 1.409190e+04 1.392300e+04 
3.120202e-02 1.363808e+04 1.351537e+04 
3.422222e-02 1.314273e+04 1.307053e+04 
3.724242e-02 1.263316e+04 1.260645e+04 
4.026263e-02 1.212604e+04 1.213543e+04 
4.328283e-02 1.162310e+04 1.166596e+04 
4.630303e-02 1.114315e+04 1.120389e+04 
4.932323e-02 1.069229e+04 1.075322e+04 
5.234343e-02 1.025646e+04 1.031655e+04 
5.536364e-02 9.832262e+03 9.895559e+03 
5.838384e-02 9.421098e+03 9.491176e+03 
6.140404e-02 9.026504e+03 9.103835e+03 
6.442424e-02 8.649842e+03 8.733599e+03 
6.744444e-02 8.288312e+03 8.380269e+03 
7.046465e-02 7.940059e+03 8.043464e+03 
7.348485e-02 7.605534e+03 7.722677e+03 
7.650505e-02 7.286066e+03 7.417324e+03 
7.952525e-02 6.984097e+03 7.126768e+03 
8.254545e-02 6.701134e+03 6.850350e+03 
8.556566e-02 6.436865e+03 6.587399e+03 
8.858586e-02 6.189974e+03 6.337251e+03 
9.160606e-02 5.957711e+03 6.099253e+03 
9.462626e-02 5.737835e+03 5.872770e+03 
9.764646e-02 5.529256e+03 5.657192e+03 
1.006667e-01 5.331235e+03 5.451933e+03 
1.036869e-01 5.143450e+03 5.256433e+03 
1.067071e-01 4.965206e+03 5.070160e+03 
1.097273e-01 4.795062e+03 4.892611e+03 
1.127475e-01 4.631643e+03 4.723307e+03 
1.157677e-01 4.473826e+03 4.561798e+03 
1.187879e-01 4.320994e+03 4.407659e+03 
1.218081e-01 4.173403e+03 4.260488e+03 
1.248283e-01 4.031488e+03 4.119907e+03 
1.278485e-01 3.895850e+03 3.985562e+03 
1.308687e-01 3.766862e+03 3.857118e+03 
1.338889e-01 3.644449e+03 3.734260e+03 
1.369091e-01 3.528451e+03 3.616692e+03 
1.399293e-01 3.418419e+03 3.504136e+03 
1.429495e-01 3.313772e+03 3.396330e+03 
1.459697e-01 3.213974e+03 3.293027e+03 
1.489899e-01 3.118584e+03 3.193998e+03 
1.520101e-01 3.027196e+03 3.099022e+03 
1.550303e-01 2.939589e+03 3.007896e+03 
1.580505e-01 2.855630e+03 2.920425e+03 
1.610707e-01 2.775103e+03 2.836429e+03 
1.640909e-01 2.697637e+03 2.755735e+03 
1.671111e-01 2.622867e+03 2.678183e+03 
1.701313e-01 2.550573e+03 2.603619e+03 
1.731515e-01 2.480602e+03 2.531900e+03 
1.761717e-01 2.412913e+03 2.462891e+03 
1.791919e-01 2.347656e+03 2.396464e+03 
1.822121e-01 2.284972e+03 2.332497e+03 
1.852323e-01 2.224789e+03 2.270877e+03 
1.882525e-01 2.166937e+03 2.211496e+03 
1.912727e-01 2.111256e+03 2.154251e+03 
1.942929e-01 2.057595e+03 2.099046e+03 
1.973131e-01 2.005824e+03 2.045791e+03 
2.003333e-01 1.955910e+03 1.994397e+03 
2.033535e-01 1.907869e+03 1.944784e+03 
2.063737e-01 1.861650e+03 1.896873e+03 
2.093939e-01 1.817097e+03 1.850592e+03 
2.124141e-01 1.774048e+03 1.805869e+03 
2.154343e-01 1.732367e+03 1.762640e+03 
2.184545e-01 1.691933e+03 1.720841e+03 
2.214747e-01 1.652680e+03 1.680412e+03 
2.244949e-01 1.614631e+03 1.641296e+03 
2.275152e-01 1.577811e+03 1.603440e+03 
2.305354e-01 1.542188e+03 1.566793e+03 
2.335556e-01 1.507708e+03 1.531305e+03 
2.365758e-01 1.474314e+03 1.496930e+03 
2.395960e-01 1.441948e+03 1.463624e+03 
2.426162e-01 1.410555e+03 1.431345e+03 
2.456364e-01 1.380108e+03 1.400053e+03 
2.486566e-01 1.350597e+03 1.369709e+03 
2.516768e-01 1.321998e+03 1.340277e+03 
2.546970e-01 1.294274e+03 1.311723e+03 
2.577172e-01 1.267384e+03 1.284012e+03 
2.607374e-01 1.241284e+03 1.257114e+03 
2.637576e-01 1.215928e+03 1.230999e+03 
2.667778e-01 1.191280e+03 1.205636e+03 
2.697980e-01 1.167318e+03 1.180999e+03 
2.728182e-01 1.144023e+03 1.157062e+03 
2.758384e-01 1.121376e+03 1.133798e+03 
2.788586e-01 1.099361e+03 1.111185e+03 
2.818788e-01 1.077955e+03 1.089198e+03 
2.848990e-01 1.057132e+03 1.067817e+03 
2.879192e-01 1.036865e+03 1.047019e+03 
2.909394e-01 1.017134e+03 1.026784e+03 
2.939596e-01 9.979205e+02 1.007093e+03 
2.969798e-01 9.792103e+02 9.879277e+02 
3.000000e-01 9.609919e+02 9.692697e+02 
