1.000000e-03 2.880757e+03 2.880755e+03 
4.020202e-03 9.508217e+03 9.584384e+03 
7.040404e-03 1.381907e+04 1.390446e+04 
1.006061e-02 1.648245e+04 1.652698e+04 
1.308081e-02 1.797040e+04 1.795412e+04 
1.610101e-02 1.861342e+04 1.852182e+04 
1.912121e-02 1.865591e+04 1.849170e+04 
2.214141e-02 1.828567e+04 1.808944e+04 
2.516162e-02 1.765112e+04 1.748880e+04 
2.818182e-02 1.686729e+04 1.679966e+04 
3.120202e-02 1.602083e+04 1.608149e+04 
3.422222e-02 1.517362e+04 1.536402e+04 
3.724242e-02 1.436584e+04 1.466200e+04 
4.026263e-02 1.362085e+04 1.398296e+04 
4.328283e-02 1.294560e+04 1.333083e+04 
4.630303e-02 1.233573e+04 1.270760e+04 
4.932323e-02 1.179311e+04 1.211405e+04 
5.234343e-02 1.130454e+04 1.155023e+04 
5.536364e-02 1.084503e+04 1.101567e+04 
5.838384e-02 1.040675e+04 1.050954e+04 
6.140404e-02 9.983766e+03 1.003082e+04 
6.442424e-02 9.566469e+03 9.578316e+03 
6.744444e-02 9.150624e+03 9.150770e+03 
7.046465e-02 8.735716e+03 8.746890e+03 
7.348485e-02 8.323850e+03 8.365377e+03 
7.650505e-02 7.919908e+03 8.004960e+03 
7.952525e-02 7.530375e+03 7.664400e+03 
8.254545e-02 7.161232e+03 7.342510e+03 
8.556566e-02 6.816640e+03 7.038156e+03 
8.858586e-02 6.498675e+03 6.750262e+03 
9.160606e-02 6.208008e+03 6.477811e+03 
9.462626e-02 5.944503e+03 6.219847e+03 
9.764646e-02 5.707338e+03 5.975472e+03 
1.006667e-01 5.494690e+03 5.743844e+03 
1.036869e-01 5.303584e+03 5.524175e+03 
1.067071e-01 5.129398e+03 5.315730e+03 
1.097273e-01 4.967248e+03 5.117821e+03 
1.127475e-01 4.812227e+03 4.929806e+03 
1.157677e-01 4.660368e+03 4.751087e+03 
1.187879e-01 4.509710e+03 4.581105e+03 
1.218081e-01 4.359170e+03 4.419341e+03 
1.248283e-01 4.208883e+03 4.265308e+03 
1.278485e-01 4.059411e+03 4.118553e+03 
1.308687e-01 3.911843e+03 3.978653e+03 
1.338889e-01 3.767505e+03 3.845215e+03 
1.369091e-01 3.628019e+03 3.717868e+03 
1.399293e-01 3.494831e+03 3.596270e+03 
1.429495e-01 3.369069e+03 3.480099e+03 
1.459697e-01 3.251448e+03 3.369054e+03 
1.489899e-01 3.142152e+03 3.262853e+03 
1.520101e-01 3.041074e+03 3.161234e+03 
1.550303e-01 2.947778e+03 3.063950e+03 
1.580505e-01 2.861654e+03 2.970770e+03 
1.610707e-01 2.781902e+03 2.881478e+03 
1.640909e-01 2.707460e+03 2.795871e+03 
1.671111e-01 2.637002e+03 2.713758e+03 
1.701313e-01 2.569293e+03 2.634961e+03 
1.731515e-01 2.503228e+03 2.559312e+03 
1.761717e-01 2.438125e+03 2.486652e+03 
1.791919e-01 2.373702e+03 2.416833e+03 
1.822121e-01 2.309886e+03 2.349717e+03 
1.852323e-01 2.246781e+03 2.285170e+03 
1.882525e-01 2.184575e+03 2.223069e+03 
1.912727e-01 2.123527e+03 2.163297e+03 
1.942929e-01 2.063958e+03 2.105744e+03 
1.973131e-01 2.006237e+03 2.050307e+03 
2.003333e-01 1.950733e+03 1.996886e+03 
2.033535e-01 1.897796e+03 1.945390e+03 
2.063737e-01 1.847579e+03 1.895731e+03 
2.093939e-01 1.800103e+03 1.847825e+03 
2.124141e-01 1.755228e+03 1.801595e+03 
2.154343e-01 1.712730e+03 1.756967e+03 
2.184545e-01 1.672378e+03 1.713870e+03 
2.214747e-01 1.633929e+03 1.672237e+03 
2.244949e-01 1.597081e+03 1.632006e+03 
2.275152e-01 1.561515e+03 1.593117e+03 
2.305354e-01 1.526995e+03 1.555512e+03 
2.335556e-01 1.493328e+03 1.519139e+03 
2.365758e-01 1.460374e+03 1.483946e+03 
2.395960e-01 1.428035e+03 1.449885e+03 
2.426162e-01 1.396310e+03 1.416909e+03 
2.456364e-01 1.365226e+03 1.384974e+03 
2.486566e-01 1.334786e+03 1.354039e+03 
2.516768e-01 1.304993e+03 1.324063e+03 
2.546970e-01 1.275903e+03 1.295010e+03 
2.577172e-01 1.247591e+03 1.266843e+03 
2.607374e-01 1.220169e+03 1.239527e+03 
2.637576e-01 1.193739e+03 1.213030e+03 
2.667778e-01 1.168324e+03 1.187321e+03 
2.697980e-01 1.143917e+03 1.162370e+03 
2.728182e-01 1.120442e+03 1.138148e+03 
2.758384e-01 1.097814e+03 1.114628e+03 
2.788586e-01 1.075942e+03 1.091785e+03 
2.818788e-01 1.054750e+03 1.069593e+03 
2.848990e-01 1.034205e+03 1.048029e+03 
2.879192e-01 1.014270e+03 1.027070e+03 
2.909394e-01 9.948850e+02 1.006695e+03 
2.939596e-01 9.759865e+02 9.868833e+02 
2.969798e-01 9.575155e+02 9.676143e+02 
3.000000e-01 9.394261e+02 9.488694e+02 
