1.000000e-03 5.932042e+03 5.932036e+03 
4.020202e-03 1.965901e+04 1.981555e+04 
7.040404e-03 2.855377e+04 2.878455e+04 
1.006061e-02 3.386777e+04 3.418497e+04 
1.308081e-02 3.649629e+04 3.694160e+04 
1.610101e-02 3.709644e+04 3.758641e+04 
1.912121e-02 3.619794e+04 3.652578e+04 
2.214141e-02 3.425294e+04 3.425694e+04 
2.516162e-02 3.165314e+04 3.136920e+04 
2.818182e-02 2.872812e+04 2.837778e+04 
3.120202e-02 2.574286e+04 2.559870e+04 
3.422222e-02 2.289330e+04 2.315646e+04 
3.724242e-02 2.031123e+04 2.105902e+04 
4.026263e-02 1.807221e+04 1.926520e+04 
4.328283e-02 1.619184e+04 1.772267e+04 
4.630303e-02 1.467155e+04 1.638368e+04 
4.932323e-02 1.349806e+04 1.520931e+04 
5.234343e-02 1.261387e+04 1.416925e+04 
5.536364e-02 1.196382e+04 1.324018e+04 
5.838384e-02 1.149544e+04 1.240418e+04 
6.140404e-02 1.115496e+04 1.164726e+04 
6.442424e-02 1.089033e+04 1.095838e+04 
6.744444e-02 1.065632e+04 1.032869e+04 
7.046465e-02 1.041491e+04 9.750961e+03 
7.348485e-02 1.013512e+04 9.219200e+03 
7.650505e-02 9.796107e+03 8.728385e+03 
7.952525e-02 9.388474e+03 8.274248e+03 
8.254545e-02 8.914151e+03 7.853124e+03 
8.556566e-02 8.385056e+03 7.461836e+03 
8.858586e-02 7.819620e+03 7.097611e+03 
9.160606e-02 7.239744e+03 6.758013e+03 
9.462626e-02 6.668484e+03 6.440884e+03 
9.764646e-02 6.126616e+03 6.144309e+03 
1.006667e-01 5.632124e+03 5.866578e+03 
1.036869e-01 5.197145e+03 5.606161e+03 
1.067071e-01 4.829090e+03 5.361678e+03 
1.097273e-01 4.529288e+03 5.131889e+03 
1.127475e-01 4.295144e+03 4.915671e+03 
1.157677e-01 4.120859e+03 4.712005e+03 
1.187879e-01 3.998221e+03 4.519968e+03 
1.218081e-01 3.917630e+03 4.338718e+03 
1.248283e-01 3.868200e+03 4.167486e+03 
1.278485e-01 3.838573e+03 4.005573e+03 
1.308687e-01 3.817185e+03 3.852335e+03 
1.338889e-01 3.793452e+03 3.707184e+03 
1.369091e-01 3.758038e+03 3.569580e+03 
1.399293e-01 3.704329e+03 3.439027e+03 
1.429495e-01 3.627942e+03 3.315066e+03 
1.459697e-01 3.527346e+03 3.197278e+03 
1.489899e-01 3.403408e+03 3.085271e+03 
1.520101e-01 3.259071e+03 2.978688e+03 
1.550303e-01 3.099324e+03 2.877196e+03 
1.580505e-01 2.930349e+03 2.780486e+03 
1.610707e-01 2.759453e+03 2.688273e+03 
1.640909e-01 2.593623e+03 2.600292e+03 
1.671111e-01 2.439066e+03 2.516297e+03 
1.701313e-01 2.300173e+03 2.436059e+03 
1.731515e-01 2.179863e+03 2.359365e+03 
1.761717e-01 2.079162e+03 2.286016e+03 
1.791919e-01 1.998032e+03 2.215828e+03 
1.822121e-01 1.935383e+03 2.148626e+03 
1.852323e-01 1.889469e+03 2.084251e+03 
1.882525e-01 1.857998e+03 2.022551e+03 
1.912727e-01 1.837992e+03 1.963385e+03 
1.942929e-01 1.826052e+03 1.906620e+03 
1.973131e-01 1.818347e+03 1.852134e+03 
2.003333e-01 1.811142e+03 1.799809e+03 
2.033535e-01 1.800978e+03 1.749537e+03 
2.063737e-01 1.785224e+03 1.701215e+03 
2.093939e-01 1.761964e+03 1.654747e+03 
2.124141e-01 1.730327e+03 1.610043e+03 
2.154343e-01 1.690151e+03 1.567017e+03 
2.184545e-01 1.642063e+03 1.525589e+03 
2.214747e-01 1.587301e+03 1.485684e+03 
2.244949e-01 1.527589e+03 1.447231e+03 
2.275152e-01 1.465070e+03 1.410162e+03 
2.305354e-01 1.402006e+03 1.374413e+03 
2.335556e-01 1.340609e+03 1.339925e+03 
2.365758e-01 1.282809e+03 1.306642e+03 
2.395960e-01 1.230181e+03 1.274509e+03 
2.426162e-01 1.183734e+03 1.243476e+03 
2.456364e-01 1.144056e+03 1.213495e+03 
2.486566e-01 1.111231e+03 1.184520e+03 
2.516768e-01 1.085001e+03 1.156509e+03 
2.546970e-01 1.064744e+03 1.129420e+03 
2.577172e-01 1.049567e+03 1.103215e+03 
2.607374e-01 1.038375e+03 1.077857e+03 
2.637576e-01 1.029898e+03 1.053310e+03 
2.667778e-01 1.022836e+03 1.029543e+03 
2.697980e-01 1.015932e+03 1.006523e+03 
2.728182e-01 1.008079e+03 9.842207e+02 
2.758384e-01 9.983524e+02 9.626070e+02 
2.788586e-01 9.861131e+02 9.416548e+02 
2.818788e-01 9.709552e+02 9.213384e+02 
2.848990e-01 9.527961e+02 9.016331e+02 
2.879192e-01 9.317824e+02 8.825154e+02 
2.909394e-01 9.083113e+02 8.639630e+02 
2.939596e-01 8.829775e+02 8.459545e+02 
2.969798e-01 8.565092e+02 8.284696e+02 
3.000000e-01 8.296984e+02 8.114887e+02 
