1.000000e-03 8.857534e+03 8.857526e+03 
4.020202e-03 2.906181e+04 2.929806e+04 
7.040404e-03 4.196791e+04 4.233593e+04 
1.006061e-02 4.952028e+04 5.007841e+04 
1.308081e-02 5.306180e+04 5.391941e+04 
1.610101e-02 5.356675e+04 5.461958e+04 
1.912121e-02 5.182110e+04 5.270569e+04 
2.214141e-02 4.850093e+04 4.883482e+04 
2.516162e-02 4.419754e+04 4.388046e+04 
2.818182e-02 3.941803e+04 3.870888e+04 
3.120202e-02 3.457184e+04 3.391949e+04 
3.422222e-02 2.996656e+04 2.978006e+04 
3.724242e-02 2.580910e+04 2.632290e+04 
4.026263e-02 2.221682e+04 2.346820e+04 
4.328283e-02 1.921739e+04 2.110555e+04 
4.630303e-02 1.680556e+04 1.913168e+04 
4.932323e-02 1.495053e+04 1.746222e+04 
5.234343e-02 1.357306e+04 1.603205e+04 
5.536364e-02 1.259296e+04 1.479206e+04 
5.838384e-02 1.193079e+04 1.370534e+04 
6.140404e-02 1.150719e+04 1.274403e+04 
6.442424e-02 1.125115e+04 1.188683e+04 
6.744444e-02 1.109927e+04 1.111721e+04 
7.046465e-02 1.099360e+04 1.042221e+04 
7.348485e-02 1.088068e+04 9.791429e+03 
7.650505e-02 1.071501e+04 9.216467e+03 
7.952525e-02 1.046261e+04 8.690409e+03 
8.254545e-02 1.010391e+04 8.207501e+03 
8.556566e-02 9.636461e+03 7.762902e+03 
8.858586e-02 9.072506e+03 7.352497e+03 
9.160606e-02 8.435239e+03 6.972758e+03 
9.462626e-02 7.754644e+03 6.620633e+03 
9.764646e-02 7.062411e+03 6.293468e+03 
1.006667e-01 6.389704e+03 5.988938e+03 
1.036869e-01 5.762294e+03 5.704995e+03 
1.067071e-01 5.200652e+03 5.439828e+03 
1.097273e-01 4.717730e+03 5.191826e+03 
1.127475e-01 4.319710e+03 4.959553e+03 
1.157677e-01 4.006848e+03 4.741723e+03 
1.187879e-01 3.774610e+03 4.537181e+03 
1.218081e-01 3.615638e+03 4.344886e+03 
1.248283e-01 3.519870e+03 4.163899e+03 
1.278485e-01 3.475879e+03 3.993367e+03 
1.308687e-01 3.471043e+03 3.832520e+03 
1.338889e-01 3.492212e+03 3.680655e+03 
1.369091e-01 3.526090e+03 3.537131e+03 
1.399293e-01 3.559926e+03 3.401364e+03 
1.429495e-01 3.581942e+03 3.272821e+03 
1.459697e-01 3.582055e+03 3.151010e+03 
1.489899e-01 3.552543e+03 3.035484e+03 
1.520101e-01 3.488228e+03 2.925829e+03 
1.550303e-01 3.387962e+03 2.821666e+03 
1.580505e-01 3.253644e+03 2.722645e+03 
1.610707e-01 3.091250e+03 2.628441e+03 
1.640909e-01 2.908903e+03 2.538758e+03 
1.671111e-01 2.716552e+03 2.453320e+03 
1.701313e-01 2.523570e+03 2.371870e+03 
1.731515e-01 2.338437e+03 2.294171e+03 
1.761717e-01 2.167562e+03 2.220005e+03 
1.791919e-01 2.015813e+03 2.149166e+03 
1.822121e-01 1.886119e+03 2.081464e+03 
1.852323e-01 1.780110e+03 2.016723e+03 
1.882525e-01 1.698230e+03 1.954778e+03 
1.912727e-01 1.639577e+03 1.895476e+03 
1.942929e-01 1.602311e+03 1.838672e+03 
1.973131e-01 1.583466e+03 1.784232e+03 
2.003333e-01 1.579446e+03 1.732032e+03 
2.033535e-01 1.586062e+03 1.681954e+03 
2.063737e-01 1.598990e+03 1.633889e+03 
2.093939e-01 1.613913e+03 1.587732e+03 
2.124141e-01 1.626827e+03 1.543388e+03 
2.154343e-01 1.634090e+03 1.500766e+03 
2.184545e-01 1.632645e+03 1.459780e+03 
2.214747e-01 1.620235e+03 1.420351e+03 
2.244949e-01 1.595485e+03 1.382403e+03 
2.275152e-01 1.558335e+03 1.345866e+03 
2.305354e-01 1.509678e+03 1.310672e+03 
2.335556e-01 1.451577e+03 1.276758e+03 
2.365758e-01 1.386629e+03 1.244065e+03 
2.395960e-01 1.317854e+03 1.212538e+03 
2.426162e-01 1.248211e+03 1.182122e+03 
2.456364e-01 1.180496e+03 1.152769e+03 
2.486566e-01 1.117030e+03 1.124430e+03 
2.516768e-01 1.059733e+03 1.097061e+03 
2.546970e-01 1.009963e+03 1.070619e+03 
2.577172e-01 9.685446e+02 1.045065e+03 
2.607374e-01 9.357716e+02 1.020360e+03 
2.637576e-01 9.113617e+02 9.964689e+02 
2.667778e-01 8.946546e+02 9.733567e+02 
2.697980e-01 8.845985e+02 9.509912e+02 
2.728182e-01 8.799507e+02 9.293416e+02 
2.758384e-01 8.793002e+02 9.083786e+02 
2.788586e-01 8.811752e+02 8.880744e+02 
2.818788e-01 8.840772e+02 8.684025e+02 
2.848990e-01 8.865388e+02 8.493379e+02 
2.879192e-01 8.871786e+02 8.308565e+02 
2.909394e-01 8.847918e+02 8.129355e+02 
2.939596e-01 8.784815e+02 7.955533e+02 
2.969798e-01 8.677013e+02 7.786890e+02 
3.000000e-01 8.523796e+02 7.623231e+02 
