1.000000e-03 6.387173e+03 6.387167e+03 
4.020202e-03 2.145225e+04 2.162430e+04 
7.040404e-03 3.140832e+04 3.167405e+04 
1.006061e-02 3.748346e+04 3.786875e+04 
1.308081e-02 4.059209e+04 4.116646e+04 
1.610101e-02 4.141941e+04 4.211162e+04 
1.912121e-02 4.052503e+04 4.109112e+04 
2.214141e-02 3.839962e+04 3.858393e+04 
2.516162e-02 3.547326e+04 3.521858e+04 
2.818182e-02 3.211886e+04 3.161600e+04 
3.120202e-02 2.864263e+04 2.821086e+04 
3.422222e-02 2.527956e+04 2.520795e+04 
3.724242e-02 2.219335e+04 2.264735e+04 
4.026263e-02 1.948443e+04 2.048802e+04 
4.328283e-02 1.718704e+04 1.866361e+04 
4.630303e-02 1.530642e+04 1.710916e+04 
4.932323e-02 1.383280e+04 1.577018e+04 
5.234343e-02 1.271597e+04 1.460380e+04 
5.536364e-02 1.189621e+04 1.357713e+04 
5.838384e-02 1.131572e+04 1.266510e+04 
6.140404e-02 1.092061e+04 1.184845e+04 
6.442424e-02 1.065338e+04 1.111226e+04 
6.744444e-02 1.046123e+04 1.044480e+04 
7.046465e-02 1.029893e+04 9.836713e+03 
7.348485e-02 1.012588e+04 9.280396e+03 
7.650505e-02 9.909041e+03 8.769611e+03 
7.952525e-02 9.625166e+03 8.299158e+03 
8.254545e-02 9.262739e+03 7.864656e+03 
8.556566e-02 8.822199e+03 7.462367e+03 
8.858586e-02 8.313720e+03 7.089080e+03 
9.160606e-02 7.755204e+03 6.742009e+03 
9.462626e-02 7.169813e+03 6.418719e+03 
9.764646e-02 6.581687e+03 6.117070e+03 
1.006667e-01 6.014794e+03 5.835171e+03 
1.036869e-01 5.488969e+03 5.571343e+03 
1.067071e-01 5.020042e+03 5.324086e+03 
1.097273e-01 4.616954e+03 5.092058e+03 
1.127475e-01 4.284077e+03 4.874053e+03 
1.157677e-01 4.020429e+03 4.668984e+03 
1.187879e-01 3.821974e+03 4.475868e+03 
1.218081e-01 3.682186e+03 4.293814e+03 
1.248283e-01 3.592638e+03 4.122014e+03 
1.278485e-01 3.543717e+03 3.959730e+03 
1.308687e-01 3.524546e+03 3.806293e+03 
1.338889e-01 3.523849e+03 3.661086e+03 
1.369091e-01 3.530185e+03 3.523549e+03 
1.399293e-01 3.533055e+03 3.393167e+03 
1.429495e-01 3.523069e+03 3.269466e+03 
1.459697e-01 3.493177e+03 3.152011e+03 
1.489899e-01 3.438289e+03 3.040401e+03 
1.520101e-01 3.356156e+03 2.934266e+03 
1.550303e-01 3.246918e+03 2.833266e+03 
1.580505e-01 3.113168e+03 2.737085e+03 
1.610707e-01 2.959951e+03 2.645430e+03 
1.640909e-01 2.793863e+03 2.558031e+03 
1.671111e-01 2.622684e+03 2.474637e+03 
1.701313e-01 2.453985e+03 2.395014e+03 
1.731515e-01 2.294389e+03 2.318946e+03 
1.761717e-01 2.148916e+03 2.246232e+03 
1.791919e-01 2.021059e+03 2.176682e+03 
1.822121e-01 1.912620e+03 2.110122e+03 
1.852323e-01 1.824356e+03 2.046389e+03 
1.882525e-01 1.755907e+03 1.985330e+03 
1.912727e-01 1.706192e+03 1.926802e+03 
1.942929e-01 1.673370e+03 1.870671e+03 
1.973131e-01 1.654851e+03 1.816813e+03 
2.003333e-01 1.647480e+03 1.765111e+03 
2.033535e-01 1.647547e+03 1.715454e+03 
2.063737e-01 1.651218e+03 1.667740e+03 
2.093939e-01 1.654762e+03 1.621872e+03 
2.124141e-01 1.654894e+03 1.577759e+03 
2.154343e-01 1.648869e+03 1.535316e+03 
2.184545e-01 1.634766e+03 1.494461e+03 
2.214747e-01 1.611317e+03 1.455120e+03 
2.244949e-01 1.578163e+03 1.417220e+03 
2.275152e-01 1.535649e+03 1.380694e+03 
2.305354e-01 1.484966e+03 1.345480e+03 
2.335556e-01 1.427904e+03 1.311516e+03 
2.365758e-01 1.366704e+03 1.278746e+03 
2.395960e-01 1.303847e+03 1.247117e+03 
2.426162e-01 1.241784e+03 1.216578e+03 
2.456364e-01 1.182644e+03 1.187082e+03 
2.486566e-01 1.128186e+03 1.158581e+03 
2.516768e-01 1.079727e+03 1.131035e+03 
2.546970e-01 1.038070e+03 1.104401e+03 
2.577172e-01 1.003617e+03 1.078642e+03 
2.607374e-01 9.763096e+02 1.053721e+03 
2.637576e-01 9.557757e+02 1.029602e+03 
2.667778e-01 9.412694e+02 1.006253e+03 
2.697980e-01 9.318100e+02 9.836429e+02 
2.728182e-01 9.262202e+02 9.617413e+02 
2.758384e-01 9.232095e+02 9.405199e+02 
2.788586e-01 9.214544e+02 9.199518e+02 
2.818788e-01 9.196825e+02 9.000113e+02 
2.848990e-01 9.167327e+02 8.806738e+02 
2.879192e-01 9.116141e+02 8.619162e+02 
2.909394e-01 9.035954e+02 8.437161e+02 
2.939596e-01 8.921851e+02 8.260523e+02 
2.969798e-01 8.772194e+02 8.089047e+02 
3.000000e-01 8.587840e+02 7.922540e+02 
