1.000000e-03 3.796470e+03 3.796466e+03 
4.020202e-03 1.276612e+04 1.284825e+04 
7.040404e-03 1.871134e+04 1.880225e+04 
1.006061e-02 2.239104e+04 2.251733e+04 
1.308081e-02 2.437478e+04 2.468667e+04 
1.610101e-02 2.508286e+04 2.579317e+04 
1.912121e-02 2.484964e+04 2.617890e+04 
2.214141e-02 2.395331e+04 2.608805e+04 
2.516162e-02 2.262966e+04 2.568847e+04 
2.818182e-02 2.107488e+04 2.509160e+04 
3.120202e-02 1.944558e+04 2.437129e+04 
3.422222e-02 1.785828e+04 2.357739e+04 
3.724242e-02 1.639205e+04 2.274411e+04 
4.026263e-02 1.509519e+04 2.189521e+04 
4.328283e-02 1.398488e+04 2.104717e+04 
4.630303e-02 1.305517e+04 2.021138e+04 
4.932323e-02 1.230732e+04 1.939556e+04 
5.234343e-02 1.171527e+04 1.860481e+04 
5.536364e-02 1.123538e+04 1.784233e+04 
5.838384e-02 1.084023e+04 1.710996e+04 
6.140404e-02 1.049952e+04 1.640855e+04 
6.442424e-02 1.018274e+04 1.573826e+04 
6.744444e-02 9.865451e+03 1.509873e+04 
7.046465e-02 9.529345e+03 1.448928e+04 
7.348485e-02 9.162891e+03 1.390899e+04 
7.650505e-02 8.762038e+03 1.335679e+04 
7.952525e-02 8.330319e+03 1.283150e+04 
8.254545e-02 7.876602e+03 1.233192e+04 
8.556566e-02 7.413197e+03 1.185682e+04 
8.858586e-02 6.953580e+03 1.140499e+04 
9.160606e-02 6.510546e+03 1.097522e+04 
9.462626e-02 6.095452e+03 1.056635e+04 
9.764646e-02 5.717816e+03 1.017728e+04 
1.006667e-01 5.384397e+03 9.806916e+03 
1.036869e-01 5.098900e+03 9.454252e+03 
1.067071e-01 4.861224e+03 9.118312e+03 
1.097273e-01 4.668454e+03 8.798176e+03 
1.127475e-01 4.514364e+03 8.492974e+03 
1.157677e-01 4.391403e+03 8.201884e+03 
1.187879e-01 4.291273e+03 7.924131e+03 
1.218081e-01 4.205805e+03 7.658986e+03 
1.248283e-01 4.127246e+03 7.405761e+03 
1.278485e-01 4.048710e+03 7.163810e+03 
1.308687e-01 3.964244e+03 6.932525e+03 
1.338889e-01 3.869795e+03 6.711335e+03 
1.369091e-01 3.762775e+03 6.499702e+03 
1.399293e-01 3.642919e+03 6.297120e+03 
1.429495e-01 3.511412e+03 6.103116e+03 
1.459697e-01 3.371243e+03 5.917242e+03 
1.489899e-01 3.225975e+03 5.739079e+03 
1.520101e-01 3.079571e+03 5.568231e+03 
1.550303e-01 2.935981e+03 5.404327e+03 
1.580505e-01 2.799024e+03 5.247017e+03 
1.610707e-01 2.671983e+03 5.095971e+03 
1.640909e-01 2.557523e+03 4.950880e+03 
1.671111e-01 2.457101e+03 4.811450e+03 
1.701313e-01 2.371212e+03 4.677407e+03 
1.731515e-01 2.299176e+03 4.548491e+03 
1.761717e-01 2.239503e+03 4.424456e+03 
1.791919e-01 2.190079e+03 4.305071e+03 
1.822121e-01 2.148584e+03 4.190118e+03 
1.852323e-01 2.112621e+03 4.079391e+03 
1.882525e-01 2.079829e+03 3.972694e+03 
1.912727e-01 2.047962e+03 3.869844e+03 
1.942929e-01 2.015001e+03 3.770666e+03 
1.973131e-01 1.979265e+03 3.674996e+03 
2.003333e-01 1.939493e+03 3.582676e+03 
2.033535e-01 1.895186e+03 3.493560e+03 
2.063737e-01 1.846435e+03 3.407506e+03 
2.093939e-01 1.793955e+03 3.324384e+03 
2.124141e-01 1.738772e+03 3.244065e+03 
2.154343e-01 1.682198e+03 3.166432e+03 
2.184545e-01 1.625580e+03 3.091370e+03 
2.214747e-01 1.570229e+03 3.018773e+03 
2.244949e-01 1.517292e+03 2.948536e+03 
2.275152e-01 1.467747e+03 2.880565e+03 
2.305354e-01 1.422292e+03 2.814765e+03 
2.335556e-01 1.381398e+03 2.751050e+03 
2.365758e-01 1.345138e+03 2.689335e+03 
2.395960e-01 1.313372e+03 2.629541e+03 
2.426162e-01 1.285709e+03 2.571593e+03 
2.456364e-01 1.261587e+03 2.515417e+03 
2.486566e-01 1.240273e+03 2.460945e+03 
2.516768e-01 1.220953e+03 2.408112e+03 
2.546970e-01 1.202780e+03 2.356855e+03 
2.577172e-01 1.184958e+03 2.307115e+03 
2.607374e-01 1.166775e+03 2.258833e+03 
2.637576e-01 1.147708e+03 2.211956e+03 
2.667778e-01 1.127411e+03 2.166433e+03 
2.697980e-01 1.105767e+03 2.122212e+03 
2.728182e-01 1.082835e+03 2.079248e+03 
2.758384e-01 1.058824e+03 2.037494e+03 
2.788586e-01 1.034024e+03 1.996907e+03 
2.818788e-01 1.008780e+03 1.957446e+03 
2.848990e-01 9.835028e+02 1.919070e+03 
2.879192e-01 9.586137e+02 1.881742e+03 
2.909394e-01 9.345148e+02 1.845426e+03 
2.939596e-01 9.115564e+02 1.810086e+03 
2.969798e-01 8.900194e+02 1.775689e+03 
3.000000e-01 8.700701e+02 1.742204e+03 
