1.000000e-03 5.031288e+03 5.031284e+03 
4.020202e-03 1.663379e+04 1.669183e+04 
7.040404e-03 2.422758e+04 2.421725e+04 
1.006061e-02 2.885729e+04 2.883796e+04 
1.308081e-02 3.126006e+04 3.148543e+04 
1.610101e-02 3.197688e+04 3.279442e+04 
1.912121e-02 3.144009e+04 3.320538e+04 
2.214141e-02 3.001640e+04 3.302641e+04 
2.516162e-02 2.802244e+04 3.246676e+04 
2.818182e-02 2.572559e+04 3.166520e+04 
3.120202e-02 2.334140e+04 3.071395e+04 
3.422222e-02 2.103288e+04 2.967538e+04 
3.724242e-02 1.891186e+04 2.859222e+04 
4.026263e-02 1.704699e+04 2.749400e+04 
4.328283e-02 1.545929e+04 2.640104e+04 
4.630303e-02 1.414946e+04 2.532725e+04 
4.932323e-02 1.311715e+04 2.428193e+04 
5.234343e-02 1.232179e+04 2.327109e+04 
5.536364e-02 1.171505e+04 2.229839e+04 
5.838384e-02 1.125497e+04 2.136583e+04 
6.140404e-02 1.090177e+04 2.047418e+04 
6.442424e-02 1.061301e+04 1.962338e+04 
6.744444e-02 1.034902e+04 1.881277e+04 
7.046465e-02 1.007885e+04 1.804127e+04 
7.348485e-02 9.777996e+03 1.730757e+04 
7.650505e-02 9.430554e+03 1.661015e+04 
7.952525e-02 9.030262e+03 1.594742e+04 
8.254545e-02 8.580195e+03 1.531774e+04 
8.556566e-02 8.090508e+03 1.471948e+04 
8.858586e-02 7.576038e+03 1.415101e+04 
9.160606e-02 7.054130e+03 1.361074e+04 
9.462626e-02 6.542456e+03 1.309717e+04 
9.764646e-02 6.057729e+03 1.260882e+04 
1.006667e-01 5.614052e+03 1.214430e+04 
1.036869e-01 5.221961e+03 1.170227e+04 
1.067071e-01 4.887615e+03 1.128149e+04 
1.097273e-01 4.612251e+03 1.088075e+04 
1.127475e-01 4.393498e+03 1.049894e+04 
1.157677e-01 4.225664e+03 1.013500e+04 
1.187879e-01 4.101427e+03 9.787930e+03 
1.218081e-01 4.012013e+03 9.456794e+03 
1.248283e-01 3.948147e+03 9.140712e+03 
1.278485e-01 3.900238e+03 8.838857e+03 
1.308687e-01 3.858905e+03 8.550450e+03 
1.338889e-01 3.815252e+03 8.274763e+03 
1.369091e-01 3.761865e+03 8.011111e+03 
1.399293e-01 3.693042e+03 7.758848e+03 
1.429495e-01 3.605733e+03 7.517372e+03 
1.459697e-01 3.499075e+03 7.286115e+03 
1.489899e-01 3.374252e+03 7.064542e+03 
1.520101e-01 3.234358e+03 6.852152e+03 
1.550303e-01 3.083630e+03 6.648475e+03 
1.580505e-01 2.927271e+03 6.453066e+03 
1.610707e-01 2.770774e+03 6.265509e+03 
1.640909e-01 2.619718e+03 6.085411e+03 
1.671111e-01 2.478868e+03 5.912403e+03 
1.701313e-01 2.352058e+03 5.746136e+03 
1.731515e-01 2.241529e+03 5.586282e+03 
1.761717e-01 2.148380e+03 5.432533e+03 
1.791919e-01 2.072207e+03 5.284596e+03 
1.822121e-01 2.011890e+03 5.142196e+03 
1.852323e-01 1.965640e+03 5.005073e+03 
1.882525e-01 1.931196e+03 4.872983e+03 
1.912727e-01 1.905927e+03 4.745692e+03 
1.942929e-01 1.886901e+03 4.622982e+03 
1.973131e-01 1.871074e+03 4.504645e+03 
2.003333e-01 1.855397e+03 4.390485e+03 
2.033535e-01 1.837145e+03 4.280318e+03 
2.063737e-01 1.814084e+03 4.173965e+03 
2.093939e-01 1.784820e+03 4.071262e+03 
2.124141e-01 1.748646e+03 3.972050e+03 
2.154343e-01 1.705698e+03 3.876179e+03 
2.184545e-01 1.656633e+03 3.783508e+03 
2.214747e-01 1.602726e+03 3.693900e+03 
2.244949e-01 1.545516e+03 3.607229e+03 
2.275152e-01 1.486752e+03 3.523372e+03 
2.305354e-01 1.428234e+03 3.442215e+03 
2.335556e-01 1.371716e+03 3.363646e+03 
2.365758e-01 1.318645e+03 3.287562e+03 
2.395960e-01 1.270202e+03 3.213862e+03 
2.426162e-01 1.227182e+03 3.142453e+03 
2.456364e-01 1.190000e+03 3.073243e+03 
2.486566e-01 1.158693e+03 3.006148e+03 
2.516768e-01 1.132948e+03 2.941085e+03 
2.546970e-01 1.112207e+03 2.877975e+03 
2.577172e-01 1.095610e+03 2.816746e+03 
2.607374e-01 1.082161e+03 2.757324e+03 
2.637576e-01 1.070756e+03 2.699644e+03 
2.667778e-01 1.060316e+03 2.643639e+03 
2.697980e-01 1.049823e+03 2.589248e+03 
2.728182e-01 1.038431e+03 2.536412e+03 
2.758384e-01 1.025449e+03 2.485075e+03 
2.788586e-01 1.010430e+03 2.435181e+03 
2.818788e-01 9.931192e+02 2.386681e+03 
2.848990e-01 9.734864e+02 2.339523e+03 
2.879192e-01 9.517221e+02 2.293662e+03 
2.909394e-01 9.281959e+02 2.249051e+03 
2.939596e-01 9.034353e+02 2.205647e+03 
2.969798e-01 8.780475e+02 2.163409e+03 
3.000000e-01 8.527004e+02 2.122296e+03 
