1.000000e-03 3.508537e+03 3.508534e+03 
4.020202e-03 1.159218e+04 1.168419e+04 
7.040404e-03 1.686681e+04 1.698438e+04 
1.006061e-02 2.010268e+04 2.021271e+04 
1.308081e-02 2.184507e+04 2.194067e+04 
1.610101e-02 2.248504e+04 2.253157e+04 
1.912121e-02 2.232364e+04 2.227541e+04 
2.214141e-02 2.160557e+04 2.146742e+04 
2.516162e-02 2.053215e+04 2.038244e+04 
2.818182e-02 1.926802e+04 1.921747e+04 
3.120202e-02 1.794109e+04 1.807922e+04 
3.422222e-02 1.664596e+04 1.701087e+04 
3.724242e-02 1.544535e+04 1.602275e+04 
4.026263e-02 1.437622e+04 1.511193e+04 
4.328283e-02 1.345353e+04 1.427146e+04 
4.630303e-02 1.266930e+04 1.349403e+04 
4.932323e-02 1.201829e+04 1.277313e+04 
5.234343e-02 1.148567e+04 1.210315e+04 
5.536364e-02 1.103216e+04 1.147936e+04 
5.838384e-02 1.063353e+04 1.089766e+04 
6.140404e-02 1.027003e+04 1.035451e+04 
6.442424e-02 9.916931e+03 9.846779e+03 
6.744444e-02 9.557821e+03 9.371663e+03 
7.046465e-02 9.182291e+03 8.926642e+03 
7.348485e-02 8.784793e+03 8.509431e+03 
7.650505e-02 8.366760e+03 8.117952e+03 
7.952525e-02 7.934477e+03 7.750303e+03 
8.254545e-02 7.497610e+03 7.404745e+03 
8.556566e-02 7.067249e+03 7.079683e+03 
8.858586e-02 6.653658e+03 6.773652e+03 
9.160606e-02 6.265609e+03 6.485306e+03 
9.462626e-02 5.910192e+03 6.213406e+03 
9.764646e-02 5.592367e+03 5.956814e+03 
1.006667e-01 5.315335e+03 5.714478e+03 
1.036869e-01 5.079054e+03 5.485432e+03 
1.067071e-01 4.881307e+03 5.268783e+03 
1.097273e-01 4.716686e+03 5.063707e+03 
1.127475e-01 4.578562e+03 4.869444e+03 
1.157677e-01 4.459385e+03 4.685292e+03 
1.187879e-01 4.351887e+03 4.510601e+03 
1.218081e-01 4.249542e+03 4.344769e+03 
1.248283e-01 4.146957e+03 4.187240e+03 
1.278485e-01 4.039962e+03 4.037497e+03 
1.308687e-01 3.925942e+03 3.895064e+03 
1.338889e-01 3.803527e+03 3.759494e+03 
1.369091e-01 3.673109e+03 3.630378e+03 
1.399293e-01 3.536126e+03 3.507330e+03 
1.429495e-01 3.395351e+03 3.389995e+03 
1.459697e-01 3.253919e+03 3.278042e+03 
1.489899e-01 3.115043e+03 3.171161e+03 
1.520101e-01 2.981666e+03 3.069064e+03 
1.550303e-01 2.856293e+03 2.971484e+03 
1.580505e-01 2.740924e+03 2.878169e+03 
1.610707e-01 2.637043e+03 2.788885e+03 
1.640909e-01 2.545288e+03 2.703413e+03 
1.671111e-01 2.465636e+03 2.621549e+03 
1.701313e-01 2.396997e+03 2.543101e+03 
1.731515e-01 2.337750e+03 2.467889e+03 
1.761717e-01 2.285733e+03 2.395745e+03 
1.791919e-01 2.238760e+03 2.326512e+03 
1.822121e-01 2.194831e+03 2.260041e+03 
1.852323e-01 2.152172e+03 2.196193e+03 
1.882525e-01 2.109292e+03 2.134838e+03 
1.912727e-01 2.065001e+03 2.075852e+03 
1.942929e-01 2.018402e+03 2.019120e+03 
1.973131e-01 1.969118e+03 1.964533e+03 
2.003333e-01 1.917142e+03 1.911988e+03 
2.033535e-01 1.862990e+03 1.861388e+03 
2.063737e-01 1.807446e+03 1.812643e+03 
2.093939e-01 1.751592e+03 1.765667e+03 
2.124141e-01 1.696516e+03 1.720377e+03 
2.154343e-01 1.643203e+03 1.676697e+03 
2.184545e-01 1.592469e+03 1.634555e+03 
2.214747e-01 1.544935e+03 1.593882e+03 
2.244949e-01 1.500991e+03 1.554613e+03 
2.275152e-01 1.460835e+03 1.516687e+03 
2.305354e-01 1.424429e+03 1.480044e+03 
2.335556e-01 1.391575e+03 1.444631e+03 
2.365758e-01 1.361852e+03 1.410394e+03 
2.395960e-01 1.334744e+03 1.377284e+03 
2.426162e-01 1.309653e+03 1.345254e+03 
2.456364e-01 1.285977e+03 1.314259e+03 
2.486566e-01 1.263130e+03 1.284256e+03 
2.516768e-01 1.240579e+03 1.255206e+03 
2.546970e-01 1.217847e+03 1.227069e+03 
2.577172e-01 1.194609e+03 1.199809e+03 
2.607374e-01 1.170664e+03 1.173392e+03 
2.637576e-01 1.146020e+03 1.147783e+03 
2.667778e-01 1.120802e+03 1.122952e+03 
2.697980e-01 1.095265e+03 1.098869e+03 
2.728182e-01 1.069696e+03 1.075504e+03 
2.758384e-01 1.044387e+03 1.052831e+03 
2.788586e-01 1.019610e+03 1.030823e+03 
2.818788e-01 9.956089e+02 1.009456e+03 
2.848990e-01 9.725915e+02 9.887058e+02 
2.879192e-01 9.507260e+02 9.685495e+02 
2.909394e-01 9.301214e+02 9.489655e+02 
2.939596e-01 9.108373e+02 9.299332e+02 
2.969798e-01 8.928424e+02 9.114327e+02 
3.000000e-01 8.760487e+02 8.934450e+02 
