1.000000e-03 4.100336e+03 4.100332e+03 
4.020202e-03 1.370621e+04 1.381380e+04 
7.040404e-03 2.005551e+04 2.020343e+04 
1.006061e-02 2.397469e+04 2.414380e+04 
1.308081e-02 2.607105e+04 2.626797e+04 
1.610101e-02 2.679347e+04 2.696719e+04 
1.912121e-02 2.650004e+04 2.655614e+04 
2.214141e-02 2.549158e+04 2.538912e+04 
2.516162e-02 2.402381e+04 2.383618e+04 
2.818182e-02 2.231055e+04 2.218769e+04 
3.120202e-02 2.052177e+04 2.060950e+04 
3.422222e-02 1.878493e+04 1.916741e+04 
3.724242e-02 1.718564e+04 1.787193e+04 
4.026263e-02 1.577630e+04 1.671096e+04 
4.328283e-02 1.457220e+04 1.566655e+04 
4.630303e-02 1.357030e+04 1.472151e+04 
4.932323e-02 1.277218e+04 1.386134e+04 
5.234343e-02 1.214285e+04 1.307433e+04 
5.536364e-02 1.163896e+04 1.235109e+04 
5.838384e-02 1.122834e+04 1.168406e+04 
6.140404e-02 1.087911e+04 1.106701e+04 
6.442424e-02 1.055906e+04 1.049478e+04 
6.744444e-02 1.023889e+04 9.962970e+03 
7.046465e-02 9.897698e+03 9.467825e+03 
7.348485e-02 9.522473e+03 9.006060e+03 
7.650505e-02 9.108271e+03 8.574791e+03 
7.952525e-02 8.658419e+03 8.171464e+03 
8.254545e-02 8.182745e+03 7.793795e+03 
8.556566e-02 7.694436e+03 7.439739e+03 
8.858586e-02 7.208036e+03 7.107450e+03 
9.160606e-02 6.737642e+03 6.795260e+03 
9.462626e-02 6.295739e+03 6.501656e+03 
9.764646e-02 5.893199e+03 6.225260e+03 
1.006667e-01 5.537540e+03 5.964818e+03 
1.036869e-01 5.233482e+03 5.719186e+03 
1.067071e-01 4.981360e+03 5.487315e+03 
1.097273e-01 4.778183e+03 5.268245e+03 
1.127475e-01 4.617433e+03 5.061098e+03 
1.157677e-01 4.491077e+03 4.865063e+03 
1.187879e-01 4.390212e+03 4.679397e+03 
1.218081e-01 4.306017e+03 4.503417e+03 
1.248283e-01 4.230013e+03 4.336490e+03 
1.278485e-01 4.154597e+03 4.178034e+03 
1.308687e-01 4.073282e+03 4.027512e+03 
1.338889e-01 3.981104e+03 3.884425e+03 
1.369091e-01 3.875206e+03 3.748314e+03 
1.399293e-01 3.754605e+03 3.618753e+03 
1.429495e-01 3.620608e+03 3.495345e+03 
1.459697e-01 3.475856e+03 3.377723e+03 
1.489899e-01 3.324382e+03 3.265548e+03 
1.520101e-01 3.170571e+03 3.158500e+03 
1.550303e-01 3.018926e+03 3.056287e+03 
1.580505e-01 2.873689e+03 2.958631e+03 
1.610707e-01 2.738726e+03 2.865279e+03 
1.640909e-01 2.616889e+03 2.775990e+03 
1.671111e-01 2.510150e+03 2.690541e+03 
1.701313e-01 2.418961e+03 2.608724e+03 
1.731515e-01 2.342873e+03 2.530345e+03 
1.761717e-01 2.280401e+03 2.455220e+03 
1.791919e-01 2.229499e+03 2.383179e+03 
1.822121e-01 2.187673e+03 2.314062e+03 
1.852323e-01 2.152333e+03 2.247718e+03 
1.882525e-01 2.120862e+03 2.184007e+03 
1.912727e-01 2.090714e+03 2.122797e+03 
1.942929e-01 2.059526e+03 2.063964e+03 
1.973131e-01 2.025292e+03 2.007389e+03 
2.003333e-01 1.986630e+03 1.952964e+03 
2.033535e-01 1.942847e+03 1.900585e+03 
2.063737e-01 1.894001e+03 1.850155e+03 
2.093939e-01 1.840664e+03 1.801580e+03 
2.124141e-01 1.783936e+03 1.754776e+03 
2.154343e-01 1.725145e+03 1.709659e+03 
2.184545e-01 1.665802e+03 1.666153e+03 
2.214747e-01 1.607380e+03 1.624184e+03 
2.244949e-01 1.551257e+03 1.583684e+03 
2.275152e-01 1.498590e+03 1.544587e+03 
2.305354e-01 1.450312e+03 1.506832e+03 
2.335556e-01 1.406924e+03 1.470359e+03 
2.365758e-01 1.368646e+03 1.435113e+03 
2.395960e-01 1.335331e+03 1.401043e+03 
2.426162e-01 1.306612e+03 1.368097e+03 
2.456364e-01 1.281900e+03 1.336230e+03 
2.486566e-01 1.260442e+03 1.305395e+03 
2.516768e-01 1.241370e+03 1.275550e+03 
2.546970e-01 1.223740e+03 1.246655e+03 
2.577172e-01 1.206617e+03 1.218671e+03 
2.607374e-01 1.189178e+03 1.191562e+03 
2.637576e-01 1.170761e+03 1.165293e+03 
2.667778e-01 1.150940e+03 1.139830e+03 
2.697980e-01 1.129532e+03 1.115143e+03 
2.728182e-01 1.106563e+03 1.091200e+03 
2.758384e-01 1.082232e+03 1.067974e+03 
2.788586e-01 1.056836e+03 1.045436e+03 
2.818788e-01 1.030751e+03 1.023562e+03 
2.848990e-01 1.004410e+03 1.002325e+03 
2.879192e-01 9.783013e+02 9.817028e+02 
2.909394e-01 9.528942e+02 9.616721e+02 
2.939596e-01 9.286273e+02 9.422113e+02 
2.969798e-01 9.058468e+02 9.232997e+02 
3.000000e-01 8.848099e+02 9.049176e+02 
