1.000000e-03 2.085663e+03 2.085661e+03 
4.020202e-03 6.965719e+03 7.026992e+03 
7.040404e-03 1.021321e+04 1.028488e+04 
1.006061e-02 1.229730e+04 1.232659e+04 
1.308081e-02 1.356163e+04 1.352321e+04 
1.610101e-02 1.424449e+04 1.413347e+04 
1.912121e-02 1.451491e+04 1.434370e+04 
2.214141e-02 1.449584e+04 1.429012e+04 
2.516162e-02 1.427802e+04 1.406741e+04 
2.818182e-02 1.392986e+04 1.373797e+04 
3.120202e-02 1.350127e+04 1.334243e+04 
3.422222e-02 1.302774e+04 1.290777e+04 
3.724242e-02 1.253455e+04 1.245235e+04 
4.026263e-02 1.203926e+04 1.198883e+04 
4.328283e-02 1.154472e+04 1.152599e+04 
4.630303e-02 1.106327e+04 1.106993e+04 
4.932323e-02 1.060900e+04 1.062476e+04 
5.234343e-02 1.016984e+04 1.019322e+04 
5.536364e-02 9.741114e+03 9.777040e+03 
5.838384e-02 9.328211e+03 9.377205e+03 
6.140404e-02 8.933374e+03 8.994181e+03 
6.442424e-02 8.556948e+03 8.628056e+03 
6.744444e-02 8.197735e+03 8.278649e+03 
7.046465e-02 7.854081e+03 7.945591e+03 
7.348485e-02 7.526054e+03 7.628390e+03 
7.650505e-02 7.214746e+03 7.326466e+03 
7.952525e-02 6.920959e+03 7.039194e+03 
8.254545e-02 6.645123e+03 6.765920e+03 
8.556566e-02 6.386814e+03 6.505981e+03 
8.858586e-02 6.143546e+03 6.258717e+03 
9.160606e-02 5.912759e+03 6.023481e+03 
9.462626e-02 5.693163e+03 5.799646e+03 
9.764646e-02 5.483935e+03 5.586604e+03 
1.006667e-01 5.284788e+03 5.383775e+03 
1.036869e-01 5.095792e+03 5.190604e+03 
1.067071e-01 4.916427e+03 5.006563e+03 
1.097273e-01 4.745336e+03 4.831153e+03 
1.127475e-01 4.581301e+03 4.663901e+03 
1.157677e-01 4.423675e+03 4.504360e+03 
1.187879e-01 4.272011e+03 4.352107e+03 
1.218081e-01 4.126477e+03 4.206746e+03 
1.248283e-01 3.987466e+03 4.067903e+03 
1.278485e-01 3.855112e+03 3.935225e+03 
1.308687e-01 3.729334e+03 3.808381e+03 
1.338889e-01 3.609894e+03 3.687060e+03 
1.369091e-01 3.496315e+03 3.570968e+03 
1.399293e-01 3.388099e+03 3.459829e+03 
1.429495e-01 3.284743e+03 3.353386e+03 
1.459697e-01 3.185767e+03 3.251394e+03 
1.489899e-01 3.090870e+03 3.153624e+03 
1.520101e-01 2.999833e+03 3.059859e+03 
1.550303e-01 2.912448e+03 2.969898e+03 
1.580505e-01 2.828542e+03 2.883549e+03 
1.610707e-01 2.747956e+03 2.800632e+03 
1.640909e-01 2.670506e+03 2.720977e+03 
1.671111e-01 2.595958e+03 2.644425e+03 
1.701313e-01 2.524072e+03 2.570825e+03 
1.731515e-01 2.454725e+03 2.500035e+03 
1.761717e-01 2.387962e+03 2.431922e+03 
1.791919e-01 2.323836e+03 2.366357e+03 
1.822121e-01 2.262268e+03 2.303223e+03 
1.852323e-01 2.203069e+03 2.242406e+03 
1.882525e-01 2.146054e+03 2.183799e+03 
1.912727e-01 2.091090e+03 2.127302e+03 
1.942929e-01 2.038073e+03 2.072820e+03 
1.973131e-01 1.986911e+03 2.020261e+03 
2.003333e-01 1.937562e+03 1.969541e+03 
2.033535e-01 1.890002e+03 1.920578e+03 
2.063737e-01 1.844173e+03 1.873296e+03 
2.093939e-01 1.799928e+03 1.827622e+03 
2.124141e-01 1.757110e+03 1.783488e+03 
2.154343e-01 1.715612e+03 1.740827e+03 
2.184545e-01 1.675421e+03 1.699577e+03 
2.214747e-01 1.636530e+03 1.659680e+03 
2.244949e-01 1.598914e+03 1.621079e+03 
2.275152e-01 1.562531e+03 1.583722e+03 
2.305354e-01 1.527338e+03 1.547557e+03 
2.335556e-01 1.493271e+03 1.512536e+03 
2.365758e-01 1.460259e+03 1.478614e+03 
2.395960e-01 1.428236e+03 1.445747e+03 
2.426162e-01 1.397182e+03 1.413893e+03 
2.456364e-01 1.367092e+03 1.383013e+03 
2.486566e-01 1.337949e+03 1.353068e+03 
2.516768e-01 1.309701e+03 1.324024e+03 
2.546970e-01 1.282286e+03 1.295845e+03 
2.577172e-01 1.255656e+03 1.268500e+03 
2.607374e-01 1.229780e+03 1.241955e+03 
2.637576e-01 1.204630e+03 1.216183e+03 
2.667778e-01 1.180188e+03 1.191154e+03 
2.697980e-01 1.156446e+03 1.166841e+03 
2.728182e-01 1.133397e+03 1.143218e+03 
2.758384e-01 1.111011e+03 1.120260e+03 
2.788586e-01 1.089245e+03 1.097943e+03 
2.818788e-01 1.068059e+03 1.076245e+03 
2.848990e-01 1.047434e+03 1.055143e+03 
2.879192e-01 1.027358e+03 1.034618e+03 
2.909394e-01 1.007818e+03 1.014648e+03 
2.939596e-01 9.888032e+02 9.952147e+02 
2.969798e-01 9.703002e+02 9.762998e+02 
3.000000e-01 9.522925e+02 9.578855e+02 
