1.000000e-03 3.776432e+03 3.776429e+03 
4.020202e-03 1.249380e+04 1.259360e+04 
7.040404e-03 1.810931e+04 1.823335e+04 
1.006061e-02 2.148934e+04 2.160044e+04 
1.308081e-02 2.324996e+04 2.333864e+04 
1.610101e-02 2.383017e+04 2.385787e+04 
1.912121e-02 2.356496e+04 2.348819e+04 
2.214141e-02 2.272213e+04 2.255990e+04 
2.516162e-02 2.152194e+04 2.136796e+04 
2.818182e-02 2.014026e+04 2.011351e+04 
3.120202e-02 1.871221e+04 1.889981e+04 
3.422222e-02 1.733523e+04 1.776575e+04 
3.724242e-02 1.607223e+04 1.671883e+04 
4.026263e-02 1.495768e+04 1.575453e+04 
4.328283e-02 1.400292e+04 1.486509e+04 
4.630303e-02 1.319721e+04 1.404276e+04 
4.932323e-02 1.253021e+04 1.328066e+04 
5.234343e-02 1.198207e+04 1.257294e+04 
5.536364e-02 1.151337e+04 1.191458e+04 
5.838384e-02 1.109498e+04 1.130127e+04 
6.140404e-02 1.070329e+04 1.072920e+04 
6.442424e-02 1.031631e+04 1.019500e+04 
6.744444e-02 9.919457e+03 9.695669e+03 
7.046465e-02 9.503962e+03 9.228472e+03 
7.348485e-02 9.066437e+03 8.790941e+03 
7.650505e-02 8.610393e+03 8.380824e+03 
7.952525e-02 8.143977e+03 7.996066e+03 
8.254545e-02 7.678334e+03 7.634784e+03 
8.556566e-02 7.225461e+03 7.295257e+03 
8.858586e-02 6.796124e+03 6.975903e+03 
9.160606e-02 6.399253e+03 6.675271e+03 
9.462626e-02 6.041528e+03 6.392031e+03 
9.764646e-02 5.726685e+03 6.124956e+03 
1.006667e-01 5.456219e+03 5.872922e+03 
1.036869e-01 5.227979e+03 5.634891e+03 
1.067071e-01 5.037684e+03 5.409909e+03 
1.097273e-01 4.878376e+03 5.197097e+03 
1.127475e-01 4.742376e+03 4.995644e+03 
1.157677e-01 4.621738e+03 4.804801e+03 
1.187879e-01 4.509132e+03 4.623876e+03 
1.218081e-01 4.398117e+03 4.452233e+03 
1.248283e-01 4.283683e+03 4.289279e+03 
1.278485e-01 4.162140e+03 4.134468e+03 
1.308687e-01 4.031976e+03 3.987293e+03 
1.338889e-01 3.893117e+03 3.847285e+03 
1.369091e-01 3.747447e+03 3.714009e+03 
1.399293e-01 3.597648e+03 3.587061e+03 
1.429495e-01 3.447077e+03 3.466064e+03 
1.459697e-01 3.299012e+03 3.350669e+03 
1.489899e-01 3.156450e+03 3.240552e+03 
1.520101e-01 3.022028e+03 3.135410e+03 
1.550303e-01 2.898010e+03 3.034960e+03 
1.580505e-01 2.786046e+03 2.938940e+03 
1.610707e-01 2.687209e+03 2.847103e+03 
1.640909e-01 2.601304e+03 2.759221e+03 
1.671111e-01 2.527367e+03 2.675080e+03 
1.701313e-01 2.463354e+03 2.594478e+03 
1.731515e-01 2.406961e+03 2.517228e+03 
1.761717e-01 2.355788e+03 2.443154e+03 
1.791919e-01 2.307708e+03 2.372092e+03 
1.822121e-01 2.260932e+03 2.303886e+03 
1.852323e-01 2.214021e+03 2.238392e+03 
1.882525e-01 2.165799e+03 2.175473e+03 
1.912727e-01 2.115361e+03 2.115002e+03 
1.942929e-01 2.062103e+03 2.056858e+03 
1.973131e-01 2.006128e+03 2.000927e+03 
2.003333e-01 1.947961e+03 1.947103e+03 
2.033535e-01 1.888676e+03 1.895286e+03 
2.063737e-01 1.829440e+03 1.845380e+03 
2.093939e-01 1.771434e+03 1.797296e+03 
2.124141e-01 1.715623e+03 1.750950e+03 
2.154343e-01 1.662770e+03 1.706263e+03 
2.184545e-01 1.613380e+03 1.663158e+03 
2.214747e-01 1.567786e+03 1.621564e+03 
2.244949e-01 1.526104e+03 1.581415e+03 
2.275152e-01 1.488302e+03 1.542647e+03 
2.305354e-01 1.454108e+03 1.505199e+03 
2.335556e-01 1.423090e+03 1.469015e+03 
2.365758e-01 1.394627e+03 1.434039e+03 
2.395960e-01 1.368059e+03 1.400221e+03 
2.426162e-01 1.342712e+03 1.367512e+03 
2.456364e-01 1.317988e+03 1.335865e+03 
2.486566e-01 1.293365e+03 1.305237e+03 
2.516768e-01 1.268471e+03 1.275587e+03 
2.546970e-01 1.243044e+03 1.246873e+03 
2.577172e-01 1.217003e+03 1.219059e+03 
2.607374e-01 1.190380e+03 1.192109e+03 
2.637576e-01 1.163352e+03 1.165988e+03 
2.667778e-01 1.136166e+03 1.140664e+03 
2.697980e-01 1.109133e+03 1.116107e+03 
2.728182e-01 1.082569e+03 1.092285e+03 
2.758384e-01 1.056782e+03 1.069173e+03 
2.788586e-01 1.031996e+03 1.046741e+03 
2.818788e-01 1.008385e+03 1.024965e+03 
2.848990e-01 9.860567e+02 1.003821e+03 
2.879192e-01 9.650675e+02 9.832846e+02 
2.909394e-01 9.453920e+02 9.633340e+02 
2.939596e-01 9.269592e+02 9.439477e+02 
2.969798e-01 9.096488e+02 9.251055e+02 
3.000000e-01 8.932977e+02 9.067877e+02 
