1.000000e-03 2.346373e+03 2.346371e+03 
4.020202e-03 7.957889e+03 8.021258e+03 
7.040404e-03 1.172421e+04 1.179503e+04 
1.006061e-02 1.412705e+04 1.415890e+04 
1.308081e-02 1.553801e+04 1.551113e+04 
1.610101e-02 1.622586e+04 1.612957e+04 
1.912121e-02 1.639256e+04 1.623354e+04 
2.214141e-02 1.619440e+04 1.600949e+04 
2.516162e-02 1.575563e+04 1.559887e+04 
2.818182e-02 1.517274e+04 1.509187e+04 
3.120202e-02 1.451941e+04 1.453962e+04 
3.422222e-02 1.384848e+04 1.397014e+04 
3.724242e-02 1.319506e+04 1.339930e+04 
4.026263e-02 1.257976e+04 1.283659e+04 
4.328283e-02 1.201173e+04 1.228789e+04 
4.630303e-02 1.148966e+04 1.175693e+04 
4.932323e-02 1.101154e+04 1.124598e+04 
5.234343e-02 1.057189e+04 1.075632e+04 
5.536364e-02 1.015422e+04 1.028851e+04 
5.838384e-02 9.749941e+03 9.842620e+03 
6.140404e-02 9.358695e+03 9.418365e+03 
6.442424e-02 8.975143e+03 9.015210e+03 
6.744444e-02 8.594553e+03 8.632457e+03 
7.046465e-02 8.216684e+03 8.269299e+03 
7.348485e-02 7.844109e+03 7.924869e+03 
7.650505e-02 7.481308e+03 7.598268e+03 
7.952525e-02 7.134015e+03 7.288593e+03 
8.254545e-02 6.806936e+03 6.994946e+03 
8.556566e-02 6.502877e+03 6.716453e+03 
8.858586e-02 6.222316e+03 6.452270e+03 
9.160606e-02 5.964569e+03 6.201585e+03 
9.462626e-02 5.728541e+03 5.963625e+03 
9.764646e-02 5.513048e+03 5.737654e+03 
1.006667e-01 5.316653e+03 5.522978e+03 
1.036869e-01 5.136823e+03 5.318939e+03 
1.067071e-01 4.970205e+03 5.124920e+03 
1.097273e-01 4.812661e+03 4.940339e+03 
1.127475e-01 4.660532e+03 4.764650e+03 
1.157677e-01 4.511054e+03 4.597340e+03 
1.187879e-01 4.362570e+03 4.437928e+03 
1.218081e-01 4.215150e+03 4.285965e+03 
1.248283e-01 4.069353e+03 4.141027e+03 
1.278485e-01 3.926300e+03 4.002720e+03 
1.308687e-01 3.787111e+03 3.870673e+03 
1.338889e-01 3.652802e+03 3.744539e+03 
1.369091e-01 3.524313e+03 3.623993e+03 
1.399293e-01 3.402460e+03 3.508729e+03 
1.429495e-01 3.287793e+03 3.398463e+03 
1.459697e-01 3.180380e+03 3.292925e+03 
1.489899e-01 3.080125e+03 3.191866e+03 
1.520101e-01 2.986709e+03 3.095049e+03 
1.550303e-01 2.899676e+03 3.002253e+03 
1.580505e-01 2.818335e+03 2.913270e+03 
1.610707e-01 2.741864e+03 2.827904e+03 
1.640909e-01 2.669223e+03 2.745973e+03 
1.671111e-01 2.599410e+03 2.667302e+03 
1.701313e-01 2.531576e+03 2.591731e+03 
1.731515e-01 2.465086e+03 2.519106e+03 
1.761717e-01 2.399744e+03 2.449283e+03 
1.791919e-01 2.335489e+03 2.382127e+03 
1.822121e-01 2.272441e+03 2.317509e+03 
1.852323e-01 2.210739e+03 2.255309e+03 
1.882525e-01 2.150509e+03 2.195413e+03 
1.912727e-01 2.091913e+03 2.137714e+03 
1.942929e-01 2.035207e+03 2.082110e+03 
1.973131e-01 1.980657e+03 2.028505e+03 
2.003333e-01 1.928503e+03 1.976809e+03 
2.033535e-01 1.878904e+03 1.926936e+03 
2.063737e-01 1.831800e+03 1.878805e+03 
2.093939e-01 1.787052e+03 1.832338e+03 
2.124141e-01 1.744391e+03 1.787463e+03 
2.154343e-01 1.703551e+03 1.744112e+03 
2.184545e-01 1.664336e+03 1.702218e+03 
2.214747e-01 1.626569e+03 1.661719e+03 
2.244949e-01 1.590092e+03 1.622558e+03 
2.275152e-01 1.554744e+03 1.584677e+03 
2.305354e-01 1.520335e+03 1.548024e+03 
2.335556e-01 1.486699e+03 1.512548e+03 
2.365758e-01 1.453770e+03 1.478201e+03 
2.395960e-01 1.421528e+03 1.444938e+03 
2.426162e-01 1.390041e+03 1.412716e+03 
2.456364e-01 1.359381e+03 1.381492e+03 
2.486566e-01 1.329565e+03 1.351228e+03 
2.516768e-01 1.300598e+03 1.321886e+03 
2.546970e-01 1.272481e+03 1.293431e+03 
2.577172e-01 1.245223e+03 1.265827e+03 
2.607374e-01 1.218843e+03 1.239044e+03 
2.637576e-01 1.193364e+03 1.213050e+03 
2.667778e-01 1.168792e+03 1.187815e+03 
2.697980e-01 1.145117e+03 1.163311e+03 
2.728182e-01 1.122266e+03 1.139512e+03 
2.758384e-01 1.100153e+03 1.116390e+03 
2.788586e-01 1.078683e+03 1.093923e+03 
2.818788e-01 1.057775e+03 1.072086e+03 
2.848990e-01 1.037396e+03 1.050856e+03 
2.879192e-01 1.017528e+03 1.030213e+03 
2.909394e-01 9.981635e+02 1.010135e+03 
2.939596e-01 9.792912e+02 9.906028e+02 
2.969798e-01 9.608810e+02 9.715975e+02 
3.000000e-01 9.428996e+02 9.531009e+02 
