1.000000e-03 3.053190e+03 3.053187e+03 
4.020202e-03 1.004053e+04 1.012033e+04 
7.040404e-03 1.457755e+04 1.467122e+04 
1.006061e-02 1.736706e+04 1.743076e+04 
1.308081e-02 1.889960e+04 1.891737e+04 
1.610101e-02 1.952065e+04 1.947134e+04 
1.912121e-02 1.948931e+04 1.936172e+04 
2.214141e-02 1.900856e+04 1.883558e+04 
2.516162e-02 1.824173e+04 1.809599e+04 
2.818182e-02 1.731766e+04 1.727574e+04 
3.120202e-02 1.633448e+04 1.644508e+04 
3.422222e-02 1.536337e+04 1.563570e+04 
3.724242e-02 1.445071e+04 1.486011e+04 
4.026263e-02 1.362426e+04 1.412254e+04 
4.328283e-02 1.288519e+04 1.342375e+04 
4.630303e-02 1.223822e+04 1.276312e+04 
4.932323e-02 1.168647e+04 1.213943e+04 
5.234343e-02 1.119938e+04 1.155117e+04 
5.536364e-02 1.075480e+04 1.099669e+04 
5.838384e-02 1.034086e+04 1.047429e+04 
6.140404e-02 9.943283e+03 9.982238e+03 
6.442424e-02 9.550220e+03 9.518813e+03 
6.744444e-02 9.153653e+03 9.082329e+03 
7.046465e-02 8.749972e+03 8.671155e+03 
7.348485e-02 8.339903e+03 8.283721e+03 
7.650505e-02 7.928131e+03 7.918532e+03 
7.952525e-02 7.522212e+03 7.574170e+03 
8.254545e-02 7.130057e+03 7.249294e+03 
8.556566e-02 6.758741e+03 6.942646e+03 
8.858586e-02 6.413169e+03 6.653046e+03 
9.160606e-02 6.096567e+03 6.379388e+03 
9.462626e-02 5.810734e+03 6.120642e+03 
9.764646e-02 5.556521e+03 5.875847e+03 
1.006667e-01 5.333181e+03 5.644106e+03 
1.036869e-01 5.138098e+03 5.424585e+03 
1.067071e-01 4.966960e+03 5.216511e+03 
1.097273e-01 4.813810e+03 5.019160e+03 
1.127475e-01 4.672742e+03 4.831862e+03 
1.157677e-01 4.538091e+03 4.653995e+03 
1.187879e-01 4.405680e+03 4.484977e+03 
1.218081e-01 4.272473e+03 4.324269e+03 
1.248283e-01 4.137051e+03 4.171370e+03 
1.278485e-01 3.998937e+03 4.025812e+03 
1.308687e-01 3.858605e+03 3.887160e+03 
1.338889e-01 3.717070e+03 3.755010e+03 
1.369091e-01 3.576193e+03 3.628983e+03 
1.399293e-01 3.438087e+03 3.508728e+03 
1.429495e-01 3.304915e+03 3.393916e+03 
1.459697e-01 3.178579e+03 3.284241e+03 
1.489899e-01 3.060296e+03 3.179415e+03 
1.520101e-01 2.950924e+03 3.079173e+03 
1.550303e-01 2.850823e+03 2.983262e+03 
1.580505e-01 2.760005e+03 2.891450e+03 
1.610707e-01 2.678037e+03 2.803517e+03 
1.640909e-01 2.604027e+03 2.719257e+03 
1.671111e-01 2.536593e+03 2.638478e+03 
1.701313e-01 2.474140e+03 2.561001e+03 
1.731515e-01 2.414936e+03 2.486654e+03 
1.761717e-01 2.357590e+03 2.415280e+03 
1.791919e-01 2.301000e+03 2.346728e+03 
1.822121e-01 2.244489e+03 2.280858e+03 
1.852323e-01 2.187651e+03 2.217539e+03 
1.882525e-01 2.130353e+03 2.156645e+03 
1.912727e-01 2.072628e+03 2.098059e+03 
1.942929e-01 2.014767e+03 2.041671e+03 
1.973131e-01 1.957195e+03 1.987377e+03 
2.003333e-01 1.900541e+03 1.935079e+03 
2.033535e-01 1.845463e+03 1.884684e+03 
2.063737e-01 1.792557e+03 1.836104e+03 
2.093939e-01 1.742302e+03 1.789257e+03 
2.124141e-01 1.694932e+03 1.744064e+03 
2.154343e-01 1.650549e+03 1.700452e+03 
2.184545e-01 1.609082e+03 1.658350e+03 
2.214747e-01 1.570362e+03 1.617692e+03 
2.244949e-01 1.534122e+03 1.578416e+03 
2.275152e-01 1.500031e+03 1.540462e+03 
2.305354e-01 1.467705e+03 1.503774e+03 
2.335556e-01 1.436739e+03 1.468297e+03 
2.365758e-01 1.406727e+03 1.433982e+03 
2.395960e-01 1.377385e+03 1.400779e+03 
2.426162e-01 1.348515e+03 1.368644e+03 
2.456364e-01 1.319966e+03 1.337532e+03 
2.486566e-01 1.291622e+03 1.307402e+03 
2.516768e-01 1.263437e+03 1.278215e+03 
2.546970e-01 1.235415e+03 1.249933e+03 
2.577172e-01 1.207665e+03 1.222521e+03 
2.607374e-01 1.180338e+03 1.195944e+03 
2.637576e-01 1.153626e+03 1.170170e+03 
2.667778e-01 1.127714e+03 1.145169e+03 
2.697980e-01 1.102748e+03 1.120910e+03 
2.728182e-01 1.078815e+03 1.097366e+03 
2.758384e-01 1.055907e+03 1.074510e+03 
2.788586e-01 1.033992e+03 1.052316e+03 
2.818788e-01 1.013011e+03 1.030761e+03 
2.848990e-01 9.929125e+02 1.009819e+03 
2.879192e-01 9.736506e+02 9.894702e+02 
2.909394e-01 9.551518e+02 9.696920e+02 
2.939596e-01 9.373185e+02 9.504641e+02 
2.969798e-01 9.200328e+02 9.317672e+02 
3.000000e-01 9.031687e+02 9.135825e+02 
