1.000000e-03 3.717730e+03 3.717727e+03 
4.020202e-03 1.248521e+04 1.258323e+04 
7.040404e-03 1.832943e+04 1.846372e+04 
1.006061e-02 2.197767e+04 2.212665e+04 
1.308081e-02 2.397207e+04 2.413988e+04 
1.610101e-02 2.471616e+04 2.485900e+04 
1.912121e-02 2.453159e+04 2.456953e+04 
2.214141e-02 2.368812e+04 2.358877e+04 
2.516162e-02 2.241658e+04 2.224602e+04 
2.818182e-02 2.090892e+04 2.080025e+04 
3.120202e-02 1.931956e+04 1.940136e+04 
3.422222e-02 1.776428e+04 1.811123e+04 
3.724242e-02 1.632220e+04 1.694257e+04 
4.026263e-02 1.504265e+04 1.588739e+04 
4.328283e-02 1.394305e+04 1.493185e+04 
4.630303e-02 1.302002e+04 1.406221e+04 
4.932323e-02 1.227631e+04 1.326667e+04 
5.234343e-02 1.168547e+04 1.253559e+04 
5.536364e-02 1.120659e+04 1.186116e+04 
5.838384e-02 1.081040e+04 1.123704e+04 
6.140404e-02 1.046967e+04 1.065796e+04 
6.442424e-02 1.015667e+04 1.011949e+04 
6.744444e-02 9.844338e+03 9.617862e+03 
7.046465e-02 9.513868e+03 9.149791e+03 
7.348485e-02 9.153545e+03 8.712405e+03 
7.650505e-02 8.758711e+03 8.303158e+03 
7.952525e-02 8.332786e+03 7.919779e+03 
8.254545e-02 7.884753e+03 7.560226e+03 
8.556566e-02 7.426692e+03 7.222661e+03 
8.858586e-02 6.971617e+03 6.905417e+03 
9.160606e-02 6.531936e+03 6.606979e+03 
9.462626e-02 6.118666e+03 6.325969e+03 
9.764646e-02 5.741237e+03 6.061127e+03 
1.006667e-01 5.406453e+03 5.811304e+03 
1.036869e-01 5.118696e+03 5.575444e+03 
1.067071e-01 4.878281e+03 5.352581e+03 
1.097273e-01 4.682846e+03 5.141827e+03 
1.127475e-01 4.526441e+03 4.942365e+03 
1.157677e-01 4.401747e+03 4.753444e+03 
1.187879e-01 4.300343e+03 4.574371e+03 
1.218081e-01 4.214068e+03 4.404506e+03 
1.248283e-01 4.135191e+03 4.243261e+03 
1.278485e-01 4.056967e+03 4.090088e+03 
1.308687e-01 3.973551e+03 3.944483e+03 
1.338889e-01 3.880796e+03 3.805980e+03 
1.369091e-01 3.775976e+03 3.674144e+03 
1.399293e-01 3.658410e+03 3.548574e+03 
1.429495e-01 3.529061e+03 3.428896e+03 
1.459697e-01 3.390482e+03 3.314765e+03 
1.489899e-01 3.246200e+03 3.205856e+03 
1.520101e-01 3.100258e+03 3.101871e+03 
1.550303e-01 2.956677e+03 3.002529e+03 
1.580505e-01 2.819289e+03 2.907569e+03 
1.610707e-01 2.691481e+03 2.816748e+03 
1.640909e-01 2.575861e+03 2.729840e+03 
1.671111e-01 2.474018e+03 2.646630e+03 
1.701313e-01 2.386449e+03 2.566922e+03 
1.731515e-01 2.312750e+03 2.490529e+03 
1.761717e-01 2.251516e+03 2.417277e+03 
1.791919e-01 2.200850e+03 2.347003e+03 
1.822121e-01 2.158495e+03 2.279554e+03 
1.852323e-01 2.122096e+03 2.214786e+03 
1.882525e-01 2.089249e+03 2.152565e+03 
1.912727e-01 2.057638e+03 2.092764e+03 
1.942929e-01 2.025092e+03 2.035264e+03 
1.973131e-01 1.989928e+03 1.979952e+03 
2.003333e-01 1.950875e+03 1.926724e+03 
2.033535e-01 1.907371e+03 1.875479e+03 
2.063737e-01 1.859372e+03 1.826124e+03 
2.093939e-01 1.807550e+03 1.778571e+03 
2.124141e-01 1.752867e+03 1.732736e+03 
2.154343e-01 1.696517e+03 1.688541e+03 
2.184545e-01 1.639805e+03 1.645910e+03 
2.214747e-01 1.584072e+03 1.604774e+03 
2.244949e-01 1.530537e+03 1.565066e+03 
2.275152e-01 1.480269e+03 1.526723e+03 
2.305354e-01 1.434035e+03 1.489685e+03 
2.335556e-01 1.392332e+03 1.453897e+03 
2.365758e-01 1.355328e+03 1.419303e+03 
2.395960e-01 1.322878e+03 1.385855e+03 
2.426162e-01 1.294590e+03 1.353502e+03 
2.456364e-01 1.269904e+03 1.322201e+03 
2.486566e-01 1.248160e+03 1.291906e+03 
2.516768e-01 1.228586e+03 1.262578e+03 
2.546970e-01 1.210371e+03 1.234176e+03 
2.577172e-01 1.192679e+03 1.206664e+03 
2.607374e-01 1.174772e+03 1.180005e+03 
2.637576e-01 1.156036e+03 1.154167e+03 
2.667778e-01 1.136088e+03 1.129117e+03 
2.697980e-01 1.114725e+03 1.104824e+03 
2.728182e-01 1.092011e+03 1.081260e+03 
2.758384e-01 1.068135e+03 1.058396e+03 
2.788586e-01 1.043402e+03 1.036205e+03 
2.818788e-01 1.018164e+03 1.014664e+03 
2.848990e-01 9.928098e+02 9.937460e+02 
2.879192e-01 9.677401e+02 9.734297e+02 
2.909394e-01 9.433552e+02 9.536925e+02 
2.939596e-01 9.200165e+02 9.345134e+02 
2.969798e-01 8.980392e+02 9.158723e+02 
3.000000e-01 8.776436e+02 8.977499e+02 
