1.000000e-03 2.439871e+03 2.439869e+03 
4.020202e-03 8.159539e+03 8.225962e+03 
7.040404e-03 1.193361e+04 1.200546e+04 
1.006061e-02 1.431111e+04 1.433518e+04 
1.308081e-02 1.569491e+04 1.564844e+04 
1.610101e-02 1.636840e+04 1.624431e+04 
1.912121e-02 1.653704e+04 1.634960e+04 
2.214141e-02 1.635678e+04 1.614439e+04 
2.516162e-02 1.594656e+04 1.575807e+04 
2.818182e-02 1.539745e+04 1.527207e+04 
3.120202e-02 1.477700e+04 1.473412e+04 
3.422222e-02 1.413327e+04 1.417227e+04 
3.724242e-02 1.349776e+04 1.360371e+04 
4.026263e-02 1.288983e+04 1.303940e+04 
4.328283e-02 1.231608e+04 1.248650e+04 
4.630303e-02 1.177621e+04 1.194967e+04 
4.932323e-02 1.127647e+04 1.143184e+04 
5.234343e-02 1.080855e+04 1.093476e+04 
5.536364e-02 1.035640e+04 1.045931e+04 
5.838384e-02 9.919743e+03 1.000578e+04 
6.140404e-02 9.499601e+03 9.573999e+03 
6.442424e-02 9.091560e+03 9.163538e+03 
6.744444e-02 8.693315e+03 8.773748e+03 
7.046465e-02 8.305397e+03 8.403854e+03 
7.348485e-02 7.930285e+03 8.053003e+03 
7.650505e-02 7.571408e+03 7.720301e+03 
7.952525e-02 7.232505e+03 7.404839e+03 
8.254545e-02 6.916085e+03 7.105714e+03 
8.556566e-02 6.622460e+03 6.822040e+03 
8.858586e-02 6.350536e+03 6.552958e+03 
9.160606e-02 6.098311e+03 6.297645e+03 
9.462626e-02 5.864231e+03 6.055313e+03 
9.764646e-02 5.646929e+03 5.825211e+03 
1.006667e-01 5.445022e+03 5.606632e+03 
1.036869e-01 5.256452e+03 5.398905e+03 
1.067071e-01 5.078236e+03 5.201399e+03 
1.097273e-01 4.907373e+03 5.013520e+03 
1.127475e-01 4.741210e+03 4.834710e+03 
1.157677e-01 4.578731e+03 4.664446e+03 
1.187879e-01 4.419566e+03 4.502238e+03 
1.218081e-01 4.264224e+03 4.347624e+03 
1.248283e-01 4.113643e+03 4.200174e+03 
1.278485e-01 3.968637e+03 4.059484e+03 
1.308687e-01 3.829921e+03 3.925176e+03 
1.338889e-01 3.697974e+03 3.796894e+03 
1.369091e-01 3.573024e+03 3.674308e+03 
1.399293e-01 3.455132e+03 3.557105e+03 
1.429495e-01 3.344114e+03 3.444995e+03 
1.459697e-01 3.239658e+03 3.337703e+03 
1.489899e-01 3.141206e+03 3.234974e+03 
1.520101e-01 3.048169e+03 3.136566e+03 
1.550303e-01 2.959978e+03 3.042254e+03 
1.580505e-01 2.876061e+03 2.951825e+03 
1.610707e-01 2.795781e+03 2.865080e+03 
1.640909e-01 2.718495e+03 2.781832e+03 
1.671111e-01 2.643678e+03 2.701905e+03 
1.701313e-01 2.570878e+03 2.625133e+03 
1.731515e-01 2.499931e+03 2.551361e+03 
1.761717e-01 2.430881e+03 2.480440e+03 
1.791919e-01 2.363828e+03 2.412234e+03 
1.822121e-01 2.298921e+03 2.346612e+03 
1.852323e-01 2.236258e+03 2.283450e+03 
1.882525e-01 2.175840e+03 2.222632e+03 
1.912727e-01 2.117681e+03 2.164050e+03 
1.942929e-01 2.061837e+03 2.107600e+03 
1.973131e-01 2.008352e+03 2.053183e+03 
2.003333e-01 1.957202e+03 2.000708e+03 
2.033535e-01 1.908326e+03 1.950087e+03 
2.063737e-01 1.861531e+03 1.901238e+03 
2.093939e-01 1.816581e+03 1.854081e+03 
2.124141e-01 1.773267e+03 1.808544e+03 
2.154343e-01 1.731399e+03 1.764556e+03 
2.184545e-01 1.690869e+03 1.722049e+03 
2.214747e-01 1.651624e+03 1.680961e+03 
2.244949e-01 1.613583e+03 1.641233e+03 
2.275152e-01 1.576628e+03 1.602806e+03 
2.305354e-01 1.540672e+03 1.565627e+03 
2.335556e-01 1.505687e+03 1.529645e+03 
2.365758e-01 1.471671e+03 1.494811e+03 
2.395960e-01 1.438682e+03 1.461077e+03 
2.426162e-01 1.406758e+03 1.428401e+03 
2.456364e-01 1.375858e+03 1.396740e+03 
2.486566e-01 1.345922e+03 1.366055e+03 
2.516768e-01 1.316905e+03 1.336306e+03 
2.546970e-01 1.288770e+03 1.307457e+03 
2.577172e-01 1.261506e+03 1.279475e+03 
2.607374e-01 1.235114e+03 1.252325e+03 
2.637576e-01 1.209577e+03 1.225977e+03 
2.667778e-01 1.184864e+03 1.200399e+03 
2.697980e-01 1.160917e+03 1.175565e+03 
2.728182e-01 1.137652e+03 1.151445e+03 
2.758384e-01 1.115002e+03 1.128015e+03 
2.788586e-01 1.092932e+03 1.105248e+03 
2.818788e-01 1.071423e+03 1.083122e+03 
2.848990e-01 1.050480e+03 1.061612e+03 
2.879192e-01 1.030110e+03 1.040697e+03 
2.909394e-01 1.010298e+03 1.020356e+03 
2.939596e-01 9.910220e+02 1.000570e+03 
2.969798e-01 9.722517e+02 9.813181e+02 
3.000000e-01 9.539547e+02 9.625826e+02 
