1.000000e-03 3.552776e+03 3.552773e+03 
4.020202e-03 1.176605e+04 1.185796e+04 
7.040404e-03 1.717019e+04 1.729043e+04 
1.006061e-02 2.051296e+04 2.063392e+04 
1.308081e-02 2.232801e+04 2.244607e+04 
1.610101e-02 2.300288e+04 2.307938e+04 
1.912121e-02 2.284128e+04 2.281914e+04 
2.214141e-02 2.209426e+04 2.196774e+04 
2.516162e-02 2.097136e+04 2.081721e+04 
2.818182e-02 1.964484e+04 1.958223e+04 
3.120202e-02 1.825078e+04 1.838059e+04 
3.422222e-02 1.689002e+04 1.725960e+04 
3.724242e-02 1.562976e+04 1.622961e+04 
4.026263e-02 1.451081e+04 1.528602e+04 
4.328283e-02 1.354722e+04 1.441994e+04 
4.630303e-02 1.273243e+04 1.362237e+04 
4.932323e-02 1.206681e+04 1.288541e+04 
5.234343e-02 1.152677e+04 1.220248e+04 
5.536364e-02 1.107272e+04 1.156807e+04 
5.838384e-02 1.068055e+04 1.097755e+04 
6.140404e-02 1.032689e+04 1.042697e+04 
6.442424e-02 9.988161e+03 9.912910e+03 
6.744444e-02 9.643598e+03 9.432335e+03 
7.046465e-02 9.279449e+03 8.982561e+03 
7.348485e-02 8.889046e+03 8.561176e+03 
7.650505e-02 8.472695e+03 8.165999e+03 
7.952525e-02 8.037077e+03 7.795054e+03 
8.254545e-02 7.592562e+03 7.446539e+03 
8.556566e-02 7.151149e+03 7.118810e+03 
8.858586e-02 6.724074e+03 6.810362e+03 
9.160606e-02 6.321008e+03 6.519816e+03 
9.462626e-02 5.949920e+03 6.245907e+03 
9.764646e-02 5.617084e+03 5.987471e+03 
1.006667e-01 5.326457e+03 5.743440e+03 
1.036869e-01 5.079362e+03 5.512831e+03 
1.067071e-01 4.873769e+03 5.294737e+03 
1.097273e-01 4.705186e+03 5.088322e+03 
1.127475e-01 4.566525e+03 4.892815e+03 
1.157677e-01 4.449855e+03 4.707506e+03 
1.187879e-01 4.347223e+03 4.531736e+03 
1.218081e-01 4.251379e+03 4.364897e+03 
1.248283e-01 4.156174e+03 4.206426e+03 
1.278485e-01 4.056874e+03 4.055801e+03 
1.308687e-01 3.950042e+03 3.912540e+03 
1.338889e-01 3.833860e+03 3.776194e+03 
1.369091e-01 3.707756e+03 3.646347e+03 
1.399293e-01 3.573147e+03 3.522612e+03 
1.429495e-01 3.432382e+03 3.404630e+03 
1.459697e-01 3.288738e+03 3.292066e+03 
1.489899e-01 3.145722e+03 3.184608e+03 
1.520101e-01 3.006930e+03 3.081966e+03 
1.550303e-01 2.875454e+03 2.983870e+03 
1.580505e-01 2.753936e+03 2.890067e+03 
1.610707e-01 2.644234e+03 2.800321e+03 
1.640909e-01 2.547517e+03 2.714410e+03 
1.671111e-01 2.463770e+03 2.632130e+03 
1.701313e-01 2.392222e+03 2.553287e+03 
1.731515e-01 2.331277e+03 2.477699e+03 
1.761717e-01 2.278968e+03 2.405198e+03 
1.791919e-01 2.233086e+03 2.335625e+03 
1.822121e-01 2.191420e+03 2.268830e+03 
1.852323e-01 2.151842e+03 2.204674e+03 
1.882525e-01 2.112505e+03 2.143024e+03 
1.912727e-01 2.071812e+03 2.083758e+03 
1.942929e-01 2.028527e+03 2.026758e+03 
1.973131e-01 1.981937e+03 1.971914e+03 
2.003333e-01 1.931883e+03 1.919125e+03 
2.033535e-01 1.878799e+03 1.868292e+03 
2.063737e-01 1.823501e+03 1.819323e+03 
2.093939e-01 1.767058e+03 1.772132e+03 
2.124141e-01 1.710612e+03 1.726637e+03 
2.154343e-01 1.655280e+03 1.682761e+03 
2.184545e-01 1.602074e+03 1.640431e+03 
2.214747e-01 1.551853e+03 1.599577e+03 
2.244949e-01 1.505272e+03 1.560135e+03 
2.275152e-01 1.462790e+03 1.522042e+03 
2.305354e-01 1.424521e+03 1.485240e+03 
2.335556e-01 1.390352e+03 1.449673e+03 
2.365758e-01 1.359880e+03 1.415289e+03 
2.395960e-01 1.332577e+03 1.382037e+03 
2.426162e-01 1.307793e+03 1.349870e+03 
2.456364e-01 1.284861e+03 1.318744e+03 
2.486566e-01 1.263108e+03 1.288615e+03 
2.516768e-01 1.241902e+03 1.259443e+03 
2.546970e-01 1.220655e+03 1.231189e+03 
2.577172e-01 1.198889e+03 1.203816e+03 
2.607374e-01 1.176250e+03 1.177290e+03 
2.637576e-01 1.152614e+03 1.151576e+03 
2.667778e-01 1.128025e+03 1.126644e+03 
2.697980e-01 1.102707e+03 1.102463e+03 
2.728182e-01 1.076979e+03 1.079004e+03 
2.758384e-01 1.051212e+03 1.056240e+03 
2.788586e-01 1.025737e+03 1.034145e+03 
2.818788e-01 1.000859e+03 1.012693e+03 
2.848990e-01 9.768543e+02 9.918601e+02 
2.879192e-01 9.539601e+02 9.716245e+02 
2.909394e-01 9.323535e+02 9.519638e+02 
2.939596e-01 9.121609e+02 9.328573e+02 
2.969798e-01 8.934515e+02 9.142850e+02 
3.000000e-01 8.761710e+02 8.962279e+02 
