1.000000e-03 2.953321e+03 2.953318e+03 
4.020202e-03 9.876600e+03 9.954634e+03 
7.040404e-03 1.443095e+04 1.452251e+04 
1.006061e-02 1.725630e+04 1.731903e+04 
1.308081e-02 1.882376e+04 1.884204e+04 
1.610101e-02 1.947245e+04 1.942379e+04 
1.912121e-02 1.946001e+04 1.933274e+04 
2.214141e-02 1.899092e+04 1.881945e+04 
2.516162e-02 1.823078e+04 1.809024e+04 
2.818182e-02 1.731030e+04 1.727932e+04 
3.120202e-02 1.633028e+04 1.645718e+04 
3.422222e-02 1.536281e+04 1.565539e+04 
3.724242e-02 1.445579e+04 1.488640e+04 
4.026263e-02 1.363606e+04 1.415444e+04 
4.328283e-02 1.290382e+04 1.346034e+04 
4.630303e-02 1.226801e+04 1.280359e+04 
4.932323e-02 1.172683e+04 1.218305e+04 
5.234343e-02 1.124764e+04 1.159733e+04 
5.536364e-02 1.081030e+04 1.104486e+04 
5.838384e-02 1.040142e+04 1.052402e+04 
6.140404e-02 1.000696e+04 1.003314e+04 
6.442424e-02 9.614961e+03 9.570556e+03 
6.744444e-02 9.217027e+03 9.134643e+03 
7.046465e-02 8.809839e+03 8.723806e+03 
7.348485e-02 8.395150e+03 8.336514e+03 
7.650505e-02 7.978402e+03 7.971301e+03 
7.952525e-02 7.567793e+03 7.626776e+03 
8.254545e-02 7.171813e+03 7.301622e+03 
8.556566e-02 6.797782e+03 6.994599e+03 
8.858586e-02 6.450659e+03 6.704543e+03 
9.160606e-02 6.133619e+03 6.430363e+03 
9.462626e-02 5.848578e+03 6.171042e+03 
9.764646e-02 5.596284e+03 5.925626e+03 
1.006667e-01 5.375465e+03 5.693230e+03 
1.036869e-01 5.183449e+03 5.473027e+03 
1.067071e-01 5.015082e+03 5.264247e+03 
1.097273e-01 4.864252e+03 5.066176e+03 
1.127475e-01 4.724526e+03 4.878147e+03 
1.157677e-01 4.590072e+03 4.699540e+03 
1.187879e-01 4.456899e+03 4.529779e+03 
1.218081e-01 4.322148e+03 4.368327e+03 
1.248283e-01 4.184536e+03 4.214685e+03 
1.278485e-01 4.043701e+03 4.068387e+03 
1.308687e-01 3.900320e+03 3.929001e+03 
1.338889e-01 3.755817e+03 3.796123e+03 
1.369091e-01 3.612284e+03 3.669377e+03 
1.399293e-01 3.471974e+03 3.548410e+03 
1.429495e-01 3.337177e+03 3.432897e+03 
1.459697e-01 3.209675e+03 3.322530e+03 
1.489899e-01 3.090876e+03 3.217024e+03 
1.520101e-01 2.981495e+03 3.116112e+03 
1.550303e-01 2.881880e+03 3.019544e+03 
1.580505e-01 2.791884e+03 2.927086e+03 
1.610707e-01 2.710986e+03 2.838519e+03 
1.640909e-01 2.637985e+03 2.753637e+03 
1.671111e-01 2.571384e+03 2.672249e+03 
1.701313e-01 2.509350e+03 2.594174e+03 
1.731515e-01 2.450195e+03 2.519242e+03 
1.761717e-01 2.392497e+03 2.447294e+03 
1.791919e-01 2.335230e+03 2.378181e+03 
1.822121e-01 2.277753e+03 2.311761e+03 
1.852323e-01 2.219729e+03 2.247904e+03 
1.882525e-01 2.161053e+03 2.186483e+03 
1.912727e-01 2.101883e+03 2.127382e+03 
1.942929e-01 2.042549e+03 2.070490e+03 
1.973131e-01 1.983653e+03 2.015703e+03 
2.003333e-01 1.925895e+03 1.962922e+03 
2.033535e-01 1.869995e+03 1.912055e+03 
2.063737e-01 1.816579e+03 1.863013e+03 
2.093939e-01 1.766013e+03 1.815714e+03 
2.124141e-01 1.718521e+03 1.770080e+03 
2.154343e-01 1.674138e+03 1.726036e+03 
2.184545e-01 1.632776e+03 1.683511e+03 
2.214747e-01 1.594207e+03 1.642440e+03 
2.244949e-01 1.558126e+03 1.602760e+03 
2.275152e-01 1.524160e+03 1.564410e+03 
2.305354e-01 1.491867e+03 1.527335e+03 
2.335556e-01 1.460776e+03 1.491479e+03 
2.365758e-01 1.430527e+03 1.456793e+03 
2.395960e-01 1.400832e+03 1.423229e+03 
2.426162e-01 1.371502e+03 1.390738e+03 
2.456364e-01 1.342398e+03 1.359280e+03 
2.486566e-01 1.313432e+03 1.328810e+03 
2.516768e-01 1.284572e+03 1.299291e+03 
2.546970e-01 1.255888e+03 1.270684e+03 
2.577172e-01 1.227509e+03 1.242953e+03 
2.607374e-01 1.199636e+03 1.216065e+03 
2.637576e-01 1.172474e+03 1.189986e+03 
2.667778e-01 1.146223e+03 1.164686e+03 
2.697980e-01 1.121010e+03 1.140135e+03 
2.728182e-01 1.096886e+03 1.116304e+03 
2.758384e-01 1.073834e+03 1.093168e+03 
2.788586e-01 1.051792e+03 1.070699e+03 
2.818788e-01 1.030711e+03 1.048874e+03 
2.848990e-01 1.010542e+03 1.027669e+03 
2.879192e-01 9.912101e+02 1.007062e+03 
2.909394e-01 9.726228e+02 9.870307e+02 
2.939596e-01 9.546637e+02 9.675549e+02 
2.969798e-01 9.372085e+02 9.486149e+02 
3.000000e-01 9.201283e+02 9.301921e+02 
