1.000000e-03 2.318980e+03 2.318978e+03 
4.020202e-03 7.660192e+03 7.722517e+03 
7.040404e-03 1.119592e+04 1.126461e+04 
1.006061e-02 1.344963e+04 1.347327e+04 
1.308081e-02 1.479116e+04 1.474707e+04 
1.610101e-02 1.547873e+04 1.536090e+04 
1.912121e-02 1.569884e+04 1.552083e+04 
2.214141e-02 1.559246e+04 1.538787e+04 
2.516162e-02 1.526656e+04 1.507753e+04 
2.818182e-02 1.480355e+04 1.466379e+04 
3.120202e-02 1.426433e+04 1.419162e+04 
3.422222e-02 1.369241e+04 1.368862e+04 
3.724242e-02 1.311848e+04 1.317238e+04 
4.026263e-02 1.255917e+04 1.265454e+04 
4.328283e-02 1.201605e+04 1.214295e+04 
4.630303e-02 1.150863e+04 1.164288e+04 
4.932323e-02 1.103755e+04 1.115781e+04 
5.234343e-02 1.058586e+04 1.068996e+04 
5.536364e-02 1.014842e+04 1.024062e+04 
5.838384e-02 9.724838e+03 9.810440e+03 
6.140404e-02 9.317470e+03 9.399570e+03 
6.442424e-02 8.925577e+03 9.007845e+03 
6.744444e-02 8.545528e+03 8.634862e+03 
7.046465e-02 8.176428e+03 8.280059e+03 
7.348485e-02 7.819357e+03 7.942768e+03 
7.650505e-02 7.477317e+03 7.622262e+03 
7.952525e-02 7.153638e+03 7.317777e+03 
8.254545e-02 6.850845e+03 7.028539e+03 
8.556566e-02 6.569751e+03 6.753777e+03 
8.858586e-02 6.308612e+03 6.492735e+03 
9.160606e-02 6.065236e+03 6.244677e+03 
9.462626e-02 5.837321e+03 6.008895e+03 
9.764646e-02 5.623469e+03 5.784713e+03 
1.006667e-01 5.422730e+03 5.571484e+03 
1.036869e-01 5.233816e+03 5.368595e+03 
1.067071e-01 5.055104e+03 5.175464e+03 
1.097273e-01 4.884357e+03 4.991545e+03 
1.127475e-01 4.719505e+03 4.816318e+03 
1.157677e-01 4.558981e+03 4.649297e+03 
1.187879e-01 4.402248e+03 4.490024e+03 
1.218081e-01 4.249725e+03 4.338067e+03 
1.248283e-01 4.102042e+03 4.193021e+03 
1.278485e-01 3.960147e+03 4.054507e+03 
1.308687e-01 3.824860e+03 3.922166e+03 
1.338889e-01 3.696411e+03 3.795664e+03 
1.369091e-01 3.574853e+03 3.674686e+03 
1.399293e-01 3.459935e+03 3.558936e+03 
1.429495e-01 3.351258e+03 3.448137e+03 
1.459697e-01 3.248362e+03 3.342027e+03 
1.489899e-01 3.150730e+03 3.240362e+03 
1.520101e-01 3.057906e+03 3.142912e+03 
1.550303e-01 2.969531e+03 3.049460e+03 
1.580505e-01 2.885229e+03 2.959803e+03 
1.610707e-01 2.804513e+03 2.873749e+03 
1.640909e-01 2.726878e+03 2.791118e+03 
1.671111e-01 2.651826e+03 2.711740e+03 
1.701313e-01 2.578883e+03 2.635456e+03 
1.731515e-01 2.507887e+03 2.562115e+03 
1.761717e-01 2.438950e+03 2.491575e+03 
1.791919e-01 2.372209e+03 2.423702e+03 
1.822121e-01 2.307828e+03 2.358370e+03 
1.852323e-01 2.245907e+03 2.295459e+03 
1.882525e-01 2.186325e+03 2.234858e+03 
1.912727e-01 2.128932e+03 2.176459e+03 
1.942929e-01 2.073679e+03 2.120162e+03 
1.973131e-01 2.020563e+03 2.065871e+03 
2.003333e-01 1.969583e+03 2.013498e+03 
2.033535e-01 1.920741e+03 1.962956e+03 
2.063737e-01 1.873947e+03 1.914164e+03 
2.093939e-01 1.828966e+03 1.867048e+03 
2.124141e-01 1.785568e+03 1.821532e+03 
2.154343e-01 1.743568e+03 1.777551e+03 
2.184545e-01 1.702810e+03 1.735037e+03 
2.214747e-01 1.663250e+03 1.693929e+03 
2.244949e-01 1.624888e+03 1.654168e+03 
2.275152e-01 1.587704e+03 1.615698e+03 
2.305354e-01 1.551659e+03 1.578467e+03 
2.335556e-01 1.516705e+03 1.542424e+03 
2.365758e-01 1.482780e+03 1.507521e+03 
2.395960e-01 1.449836e+03 1.473712e+03 
2.426162e-01 1.417880e+03 1.440954e+03 
2.456364e-01 1.386925e+03 1.409205e+03 
2.486566e-01 1.356950e+03 1.378427e+03 
2.516768e-01 1.327928e+03 1.348580e+03 
2.546970e-01 1.299819e+03 1.319630e+03 
2.577172e-01 1.272576e+03 1.291543e+03 
2.607374e-01 1.246158e+03 1.264285e+03 
2.637576e-01 1.220527e+03 1.237826e+03 
2.667778e-01 1.195649e+03 1.212136e+03 
2.697980e-01 1.171495e+03 1.187186e+03 
2.728182e-01 1.148034e+03 1.162949e+03 
2.758384e-01 1.125231e+03 1.139401e+03 
2.788586e-01 1.103048e+03 1.116514e+03 
2.818788e-01 1.081458e+03 1.094267e+03 
2.848990e-01 1.060437e+03 1.072636e+03 
2.879192e-01 1.039965e+03 1.051600e+03 
2.909394e-01 1.020025e+03 1.031137e+03 
2.939596e-01 1.000603e+03 1.011228e+03 
2.969798e-01 9.816974e+02 9.918540e+02 
3.000000e-01 9.633038e+02 9.729964e+02 
