1.000000e-03 6.138835e+03 6.138830e+03 
4.020202e-03 2.054628e+04 2.070950e+04 
7.040404e-03 3.008566e+04 3.033624e+04 
1.006061e-02 3.593324e+04 3.629410e+04 
1.308081e-02 3.895467e+04 3.948890e+04 
1.610101e-02 3.979950e+04 4.043579e+04 
1.912121e-02 3.900146e+04 3.950593e+04 
2.214141e-02 3.702397e+04 3.716278e+04 
2.516162e-02 3.427873e+04 3.400935e+04 
2.818182e-02 3.112050e+04 3.063318e+04 
3.120202e-02 2.784072e+04 2.743971e+04 
3.422222e-02 2.466325e+04 2.461729e+04 
3.724242e-02 2.174395e+04 2.220193e+04 
4.026263e-02 1.917843e+04 2.015573e+04 
4.328283e-02 1.699931e+04 1.841813e+04 
4.630303e-02 1.521407e+04 1.693001e+04 
4.932323e-02 1.381240e+04 1.564181e+04 
5.234343e-02 1.274710e+04 1.451453e+04 
5.536364e-02 1.195989e+04 1.351817e+04 
5.838384e-02 1.139602e+04 1.262977e+04 
6.140404e-02 1.100663e+04 1.183168e+04 
6.442424e-02 1.073477e+04 1.111014e+04 
6.744444e-02 1.052924e+04 1.045429e+04 
7.046465e-02 1.034632e+04 9.855412e+03 
7.348485e-02 1.014717e+04 9.306415e+03 
7.650505e-02 9.901844e+03 8.801438e+03 
7.952525e-02 9.590713e+03 8.335580e+03 
8.254545e-02 9.205202e+03 7.904686e+03 
8.556566e-02 8.748096e+03 7.505206e+03 
8.858586e-02 8.230963e+03 7.134073e+03 
9.160606e-02 7.671827e+03 6.788617e+03 
9.462626e-02 7.092812e+03 6.466499e+03 
9.764646e-02 6.516925e+03 6.165658e+03 
1.006667e-01 5.966801e+03 5.884264e+03 
1.036869e-01 5.460809e+03 5.620690e+03 
1.067071e-01 5.013215e+03 5.373480e+03 
1.097273e-01 4.631741e+03 5.141329e+03 
1.127475e-01 4.319284e+03 4.923058e+03 
1.157677e-01 4.073978e+03 4.717608e+03 
1.187879e-01 3.890753e+03 4.524015e+03 
1.218081e-01 3.762491e+03 4.341406e+03 
1.248283e-01 3.680415e+03 4.168988e+03 
1.278485e-01 3.634811e+03 4.006037e+03 
1.308687e-01 3.614994e+03 3.851891e+03 
1.338889e-01 3.609868e+03 3.705947e+03 
1.369091e-01 3.608240e+03 3.567648e+03 
1.399293e-01 3.600078e+03 3.436488e+03 
1.429495e-01 3.576698e+03 3.311997e+03 
1.459697e-01 3.532009e+03 3.193745e+03 
1.489899e-01 3.462152e+03 3.081336e+03 
1.520101e-01 3.365920e+03 2.974403e+03 
1.550303e-01 3.244694e+03 2.872607e+03 
1.580505e-01 3.101916e+03 2.775635e+03 
1.610707e-01 2.943230e+03 2.683198e+03 
1.640909e-01 2.775333e+03 2.595025e+03 
1.671111e-01 2.605714e+03 2.510867e+03 
1.701313e-01 2.441307e+03 2.430492e+03 
1.731515e-01 2.288129e+03 2.353684e+03 
1.761717e-01 2.150469e+03 2.280242e+03 
1.791919e-01 2.031273e+03 2.209978e+03 
1.822121e-01 1.931739e+03 2.142718e+03 
1.852323e-01 1.852081e+03 2.078299e+03 
1.882525e-01 1.791497e+03 2.016568e+03 
1.912727e-01 1.748447e+03 1.957382e+03 
1.942929e-01 1.720753e+03 1.900609e+03 
1.973131e-01 1.705522e+03 1.846122e+03 
2.003333e-01 1.699443e+03 1.793805e+03 
2.033535e-01 1.698798e+03 1.743548e+03 
2.063737e-01 1.699881e+03 1.695248e+03 
2.093939e-01 1.699141e+03 1.648808e+03 
2.124141e-01 1.693621e+03 1.604136e+03 
2.154343e-01 1.680927e+03 1.561148e+03 
2.184545e-01 1.659601e+03 1.519761e+03 
2.214747e-01 1.628879e+03 1.479901e+03 
2.244949e-01 1.588921e+03 1.441494e+03 
2.275152e-01 1.540600e+03 1.404475e+03 
2.305354e-01 1.485453e+03 1.368779e+03 
2.335556e-01 1.425527e+03 1.334345e+03 
2.365758e-01 1.363117e+03 1.301118e+03 
2.395960e-01 1.300589e+03 1.269042e+03 
2.426162e-01 1.240153e+03 1.238067e+03 
2.456364e-01 1.183725e+03 1.208146e+03 
2.486566e-01 1.132762e+03 1.179231e+03 
2.516768e-01 1.088302e+03 1.151280e+03 
2.546970e-01 1.050859e+03 1.124253e+03 
2.577172e-01 1.020584e+03 1.098109e+03 
2.607374e-01 9.971410e+02 1.072813e+03 
2.637576e-01 9.798963e+02 1.048329e+03 
2.667778e-01 9.679243e+02 1.024623e+03 
2.697980e-01 9.601050e+02 1.001665e+03 
2.728182e-01 9.552019e+02 9.794237e+02 
2.758384e-01 9.519272e+02 9.578712e+02 
2.788586e-01 9.490183e+02 9.369799e+02 
2.818788e-01 9.452943e+02 9.167240e+02 
2.848990e-01 9.397321e+02 8.970788e+02 
2.879192e-01 9.314897e+02 8.780207e+02 
2.909394e-01 9.200468e+02 8.595275e+02 
2.939596e-01 9.051352e+02 8.415775e+02 
2.969798e-01 8.868453e+02 8.241505e+02 
3.000000e-01 8.655097e+02 8.072270e+02 
