1.000000e-03 1.221481e+04 1.221480e+04 
4.020202e-03 4.033013e+04 4.066257e+04 
7.040404e-03 5.812931e+04 5.866888e+04 
1.006061e-02 6.830844e+04 6.919341e+04 
1.308081e-02 7.276997e+04 7.420389e+04 
1.610101e-02 7.289830e+04 7.473872e+04 
1.912121e-02 6.982474e+04 7.148635e+04 
2.214141e-02 6.453059e+04 6.534126e+04 
2.516162e-02 5.788700e+04 5.757763e+04 
2.818182e-02 5.064029e+04 4.953279e+04 
3.120202e-02 4.339508e+04 4.217121e+04 
3.422222e-02 3.660001e+04 3.593045e+04 
3.724242e-02 3.054921e+04 3.085212e+04 
4.026263e-02 2.539781e+04 2.678499e+04 
4.328283e-02 2.116851e+04 2.352741e+04 
4.630303e-02 1.783300e+04 2.089409e+04 
4.932323e-02 1.531634e+04 1.873633e+04 
5.234343e-02 1.349348e+04 1.694163e+04 
5.536364e-02 1.224382e+04 1.542691e+04 
5.838384e-02 1.144552e+04 1.413119e+04 
6.140404e-02 1.098661e+04 1.300947e+04 
6.442424e-02 1.078045e+04 1.202820e+04 
6.744444e-02 1.074855e+04 1.116204e+04 
7.046465e-02 1.081508e+04 1.039154e+04 
7.348485e-02 1.090597e+04 9.701566e+03 
7.650505e-02 1.095111e+04 9.080130e+03 
7.952525e-02 1.089218e+04 8.517621e+03 
8.254545e-02 1.068970e+04 8.006221e+03 
8.556566e-02 1.032687e+04 7.539493e+03 
8.858586e-02 9.809080e+03 7.112076e+03 
9.160606e-02 9.160114e+03 6.719460e+03 
9.462626e-02 8.414142e+03 6.357815e+03 
9.764646e-02 7.613349e+03 6.023864e+03 
1.006667e-01 6.800852e+03 5.714778e+03 
1.036869e-01 6.017680e+03 5.428105e+03 
1.067071e-01 5.297179e+03 5.161700e+03 
1.097273e-01 4.664882e+03 4.913683e+03 
1.127475e-01 4.134392e+03 4.682394e+03 
1.157677e-01 3.711250e+03 4.466362e+03 
1.187879e-01 3.391861e+03 4.264281e+03 
1.218081e-01 3.168415e+03 4.074981e+03 
1.248283e-01 3.030117e+03 3.897419e+03 
1.278485e-01 2.965000e+03 3.730655e+03 
1.308687e-01 2.960448e+03 3.573842e+03 
1.338889e-01 3.003244e+03 3.426218e+03 
1.369091e-01 3.079379e+03 3.287090e+03 
1.399293e-01 3.173967e+03 3.155830e+03 
1.429495e-01 3.271352e+03 3.031869e+03 
1.459697e-01 3.355870e+03 2.914686e+03 
1.489899e-01 3.413058e+03 2.803807e+03 
1.520101e-01 3.431096e+03 2.698798e+03 
1.550303e-01 3.401997e+03 2.599261e+03 
1.580505e-01 3.323265e+03 2.504831e+03 
1.610707e-01 3.196954e+03 2.415175e+03 
1.640909e-01 3.030500e+03 2.329984e+03 
1.671111e-01 2.833972e+03 2.248973e+03 
1.701313e-01 2.619573e+03 2.171880e+03 
1.731515e-01 2.399289e+03 2.098465e+03 
1.761717e-01 2.184367e+03 2.028502e+03 
1.791919e-01 1.983872e+03 1.961785e+03 
1.822121e-01 1.804994e+03 1.898121e+03 
1.852323e-01 1.652330e+03 1.837333e+03 
1.882525e-01 1.528427e+03 1.779253e+03 
1.912727e-01 1.433929e+03 1.723729e+03 
1.942929e-01 1.367814e+03 1.670616e+03 
1.973131e-01 1.328028e+03 1.619782e+03 
2.003333e-01 1.311547e+03 1.571100e+03 
2.033535e-01 1.314799e+03 1.524456e+03 
2.063737e-01 1.333706e+03 1.479739e+03 
2.093939e-01 1.363728e+03 1.436849e+03 
2.124141e-01 1.400013e+03 1.395691e+03 
2.154343e-01 1.437423e+03 1.356174e+03 
2.184545e-01 1.470903e+03 1.318215e+03 
2.214747e-01 1.495700e+03 1.281736e+03 
2.244949e-01 1.507983e+03 1.246663e+03 
2.275152e-01 1.504892e+03 1.212927e+03 
2.305354e-01 1.485215e+03 1.180464e+03 
2.335556e-01 1.448994e+03 1.149210e+03 
2.365758e-01 1.397823e+03 1.119110e+03 
2.395960e-01 1.334345e+03 1.090108e+03 
2.426162e-01 1.262031e+03 1.062153e+03 
2.456364e-01 1.184794e+03 1.035198e+03 
2.486566e-01 1.106576e+03 1.009196e+03 
2.516768e-01 1.030999e+03 9.841041e+02 
2.546970e-01 9.610677e+02 9.598819e+02 
2.577172e-01 8.990735e+02 9.364908e+02 
2.607374e-01 8.464394e+02 9.138943e+02 
2.637576e-01 8.039663e+02 8.920579e+02 
2.667778e-01 7.717490e+02 8.709489e+02 
2.697980e-01 7.494666e+02 8.505364e+02 
2.728182e-01 7.363935e+02 8.307909e+02 
2.758384e-01 7.314756e+02 8.116846e+02 
2.788586e-01 7.334080e+02 7.931910e+02 
2.818788e-01 7.406038e+02 7.752849e+02 
2.848990e-01 7.513155e+02 7.579426e+02 
2.879192e-01 7.636441e+02 7.411413e+02 
2.909394e-01 7.756924e+02 7.248593e+02 
2.939596e-01 7.856271e+02 7.090763e+02 
2.969798e-01 7.918833e+02 6.937725e+02 
3.000000e-01 7.931869e+02 6.789295e+02 
