1.000000e-03 4.976063e+03 4.976059e+03 
4.020202e-03 1.640160e+04 1.653104e+04 
7.040404e-03 2.384170e+04 2.402646e+04 
1.006061e-02 2.835024e+04 2.858440e+04 
1.308081e-02 3.066586e+04 3.097221e+04 
1.610101e-02 3.132932e+04 3.164297e+04 
1.912121e-02 3.077090e+04 3.094847e+04 
2.214141e-02 2.935516e+04 2.930124e+04 
2.516162e-02 2.739522e+04 2.716435e+04 
2.818182e-02 2.515307e+04 2.492562e+04 
3.120202e-02 2.283889e+04 2.281683e+04 
3.422222e-02 2.060988e+04 2.093022e+04 
3.724242e-02 1.857167e+04 1.927603e+04 
4.026263e-02 1.678817e+04 1.783018e+04 
4.328283e-02 1.527532e+04 1.656017e+04 
4.630303e-02 1.403370e+04 1.543573e+04 
4.932323e-02 1.306004e+04 1.443182e+04 
5.234343e-02 1.230958e+04 1.352860e+04 
5.536364e-02 1.173484e+04 1.271059e+04 
5.838384e-02 1.129452e+04 1.196560e+04 
6.140404e-02 1.094862e+04 1.128396e+04 
6.442424e-02 1.065502e+04 1.065785e+04 
6.744444e-02 1.037622e+04 1.008088e+04 
7.046465e-02 1.008307e+04 9.547687e+03 
7.348485e-02 9.753908e+03 9.053757e+03 
7.650505e-02 9.376374e+03 8.595221e+03 
7.952525e-02 8.947607e+03 8.168728e+03 
8.254545e-02 8.473829e+03 7.771354e+03 
8.556566e-02 7.967602e+03 7.400525e+03 
8.858586e-02 7.444977e+03 7.053960e+03 
9.160606e-02 6.923526e+03 6.729630e+03 
9.462626e-02 6.420569e+03 6.425717e+03 
9.764646e-02 5.951630e+03 6.140592e+03 
1.006667e-01 5.529426e+03 5.872783e+03 
1.036869e-01 5.162171e+03 5.620962e+03 
1.067071e-01 4.854118e+03 5.383925e+03 
1.097273e-01 4.604403e+03 5.160577e+03 
1.127475e-01 4.409115e+03 4.949923e+03 
1.157677e-01 4.261056e+03 4.751054e+03 
1.187879e-01 4.151802e+03 4.563141e+03 
1.218081e-01 4.072055e+03 4.385423e+03 
1.248283e-01 4.012192e+03 4.217206e+03 
1.278485e-01 3.962567e+03 4.057849e+03 
1.308687e-01 3.914020e+03 3.906764e+03 
1.338889e-01 3.858438e+03 3.763412e+03 
1.369091e-01 3.789472e+03 3.627294e+03 
1.399293e-01 3.703183e+03 3.497949e+03 
1.429495e-01 3.597906e+03 3.374953e+03 
1.459697e-01 3.474485e+03 3.257913e+03 
1.489899e-01 3.335354e+03 3.146465e+03 
1.520101e-01 3.184701e+03 3.040272e+03 
1.550303e-01 3.027450e+03 2.939021e+03 
1.580505e-01 2.869083e+03 2.842422e+03 
1.610707e-01 2.715009e+03 2.750205e+03 
1.640909e-01 2.570326e+03 2.662118e+03 
1.671111e-01 2.438978e+03 2.577928e+03 
1.701313e-01 2.323790e+03 2.497417e+03 
1.731515e-01 2.225880e+03 2.420382e+03 
1.761717e-01 2.145221e+03 2.346632e+03 
1.791919e-01 2.080738e+03 2.275990e+03 
1.822121e-01 2.030591e+03 2.208290e+03 
1.852323e-01 1.992485e+03 2.143378e+03 
1.882525e-01 1.963753e+03 2.081107e+03 
1.912727e-01 1.941521e+03 2.021342e+03 
1.942929e-01 1.922699e+03 1.963954e+03 
1.973131e-01 1.904281e+03 1.908824e+03 
2.003333e-01 1.883448e+03 1.855838e+03 
2.033535e-01 1.858043e+03 1.804892e+03 
2.063737e-01 1.826512e+03 1.755885e+03 
2.093939e-01 1.788275e+03 1.708724e+03 
2.124141e-01 1.743410e+03 1.663321e+03 
2.154343e-01 1.692664e+03 1.619591e+03 
2.184545e-01 1.637301e+03 1.577457e+03 
2.214747e-01 1.578916e+03 1.536845e+03 
2.244949e-01 1.519286e+03 1.497685e+03 
2.275152e-01 1.460193e+03 1.459911e+03 
2.305354e-01 1.403311e+03 1.423461e+03 
2.335556e-01 1.350074e+03 1.388274e+03 
2.365758e-01 1.301634e+03 1.354297e+03 
2.395960e-01 1.258683e+03 1.321475e+03 
2.426162e-01 1.221582e+03 1.289759e+03 
2.456364e-01 1.190288e+03 1.259102e+03 
2.486566e-01 1.164472e+03 1.229458e+03 
2.516768e-01 1.143474e+03 1.200784e+03 
2.546970e-01 1.126412e+03 1.173041e+03 
2.577172e-01 1.112245e+03 1.146190e+03 
2.607374e-01 1.099862e+03 1.120194e+03 
2.637576e-01 1.088166e+03 1.095018e+03 
2.667778e-01 1.076185e+03 1.070630e+03 
2.697980e-01 1.063108e+03 1.046998e+03 
2.728182e-01 1.048329e+03 1.024092e+03 
2.758384e-01 1.031485e+03 1.001884e+03 
2.788586e-01 1.012408e+03 9.803467e+02 
2.818788e-01 9.911659e+02 9.594541e+02 
2.848990e-01 9.679916e+02 9.391817e+02 
2.879192e-01 9.433288e+02 9.195059e+02 
2.909394e-01 9.177317e+02 9.004043e+02 
2.939596e-01 8.918367e+02 8.818557e+02 
2.969798e-01 8.662741e+02 8.638395e+02 
3.000000e-01 8.416366e+02 8.463361e+02 
