1.000000e-03 1.343473e+04 1.343472e+04 
4.020202e-03 4.420295e+04 4.456614e+04 
7.040404e-03 6.357430e+04 6.416771e+04 
1.006061e-02 7.455856e+04 7.554860e+04 
1.308081e-02 7.925531e+04 8.087567e+04 
1.610101e-02 7.919826e+04 8.127889e+04 
1.912121e-02 7.563549e+04 7.750896e+04 
2.214141e-02 6.965740e+04 7.056167e+04 
2.516162e-02 6.223109e+04 6.186563e+04 
2.818182e-02 5.418248e+04 5.291599e+04 
3.120202e-02 4.617874e+04 4.477982e+04 
3.422222e-02 3.871107e+04 3.792802e+04 
3.724242e-02 3.209630e+04 3.238942e+04 
4.026263e-02 2.649416e+04 2.798240e+04 
4.328283e-02 2.194102e+04 2.447437e+04 
4.630303e-02 1.836451e+04 2.165496e+04 
4.932323e-02 1.566642e+04 1.935696e+04 
5.234343e-02 1.374203e+04 1.745483e+04 
5.536364e-02 1.243905e+04 1.585641e+04 
5.838384e-02 1.161732e+04 1.449440e+04 
6.140404e-02 1.116096e+04 1.331940e+04 
6.442424e-02 1.097506e+04 1.229471e+04 
6.744444e-02 1.097564e+04 1.139273e+04 
7.046465e-02 1.108052e+04 1.059238e+04 
7.348485e-02 1.120888e+04 9.877270e+03 
7.650505e-02 1.128480e+04 9.234500e+03 
7.952525e-02 1.124474e+04 8.653748e+03 
8.254545e-02 1.104679e+04 8.126646e+03 
8.556566e-02 1.067314e+04 7.646324e+03 
8.858586e-02 1.012976e+04 7.207078e+03 
9.160606e-02 9.443539e+03 6.804119e+03 
9.462626e-02 8.651873e+03 6.433394e+03 
9.764646e-02 7.801421e+03 6.091441e+03 
1.006667e-01 6.939263e+03 5.775280e+03 
1.036869e-01 6.110380e+03 5.482330e+03 
1.067071e-01 5.351028e+03 5.210343e+03 
1.097273e-01 4.688332e+03 4.957348e+03 
1.127475e-01 4.136138e+03 4.721608e+03 
1.157677e-01 3.698507e+03 4.501589e+03 
1.187879e-01 3.371494e+03 4.295928e+03 
1.218081e-01 3.145925e+03 4.103410e+03 
1.248283e-01 3.010236e+03 3.922947e+03 
1.278485e-01 2.951555e+03 3.753565e+03 
1.308687e-01 2.956531e+03 3.594388e+03 
1.338889e-01 3.011367e+03 3.444622e+03 
1.369091e-01 3.101145e+03 3.303554e+03 
1.399293e-01 3.210047e+03 3.170535e+03 
1.429495e-01 3.321115e+03 3.044975e+03 
1.459697e-01 3.417563e+03 2.926339e+03 
1.489899e-01 3.483455e+03 2.814136e+03 
1.520101e-01 3.506384e+03 2.707922e+03 
1.550303e-01 3.477662e+03 2.607286e+03 
1.580505e-01 3.394991e+03 2.511855e+03 
1.610707e-01 3.261143e+03 2.421283e+03 
1.640909e-01 3.084296e+03 2.335256e+03 
1.671111e-01 2.875844e+03 2.253481e+03 
1.701313e-01 2.648860e+03 2.175690e+03 
1.731515e-01 2.416408e+03 2.101635e+03 
1.761717e-01 2.190410e+03 2.031087e+03 
1.791919e-01 1.980805e+03 1.963834e+03 
1.822121e-01 1.794854e+03 1.899680e+03 
1.852323e-01 1.637502e+03 1.838442e+03 
1.882525e-01 1.511016e+03 1.779951e+03 
1.912727e-01 1.415919e+03 1.724050e+03 
1.942929e-01 1.350866e+03 1.670592e+03 
1.973131e-01 1.313450e+03 1.619441e+03 
2.003333e-01 1.300458e+03 1.570471e+03 
2.033535e-01 1.308046e+03 1.523561e+03 
2.063737e-01 1.331927e+03 1.478602e+03 
2.093939e-01 1.367283e+03 1.435490e+03 
2.124141e-01 1.408902e+03 1.394129e+03 
2.154343e-01 1.451278e+03 1.354426e+03 
2.184545e-01 1.488940e+03 1.316298e+03 
2.214747e-01 1.516806e+03 1.279665e+03 
2.244949e-01 1.530753e+03 1.244452e+03 
2.275152e-01 1.527934e+03 1.210588e+03 
2.305354e-01 1.506950e+03 1.178008e+03 
2.335556e-01 1.468216e+03 1.146649e+03 
2.365758e-01 1.413431e+03 1.116453e+03 
2.395960e-01 1.345692e+03 1.087365e+03 
2.426162e-01 1.268801e+03 1.059333e+03 
2.456364e-01 1.187102e+03 1.032308e+03 
2.486566e-01 1.104827e+03 1.006243e+03 
2.516768e-01 1.025890e+03 9.810954e+02 
2.546970e-01 9.533740e+02 9.568236e+02 
2.577172e-01 8.896104e+02 9.333885e+02 
2.607374e-01 8.360459e+02 9.107535e+02 
2.637576e-01 7.933479e+02 8.888834e+02 
2.667778e-01 7.616035e+02 8.677453e+02 
2.697980e-01 7.403566e+02 8.473079e+02 
2.728182e-01 7.288101e+02 8.275414e+02 
2.758384e-01 7.258074e+02 8.084177e+02 
2.788586e-01 7.299025e+02 7.899101e+02 
2.818788e-01 7.394117e+02 7.719931e+02 
2.848990e-01 7.524064e+02 7.546427e+02 
2.879192e-01 7.668625e+02 7.378360e+02 
2.909394e-01 7.807220e+02 7.215511e+02 
2.939596e-01 7.920711e+02 7.057673e+02 
2.969798e-01 7.991967e+02 6.904649e+02 
3.000000e-01 8.008180e+02 6.756251e+02 
