1.000000e-03 4.650371e+03 4.650367e+03 
4.020202e-03 1.566305e+04 1.578771e+04 
7.040404e-03 2.298985e+04 2.317201e+04 
1.006061e-02 2.752084e+04 2.775608e+04 
1.308081e-02 2.992632e+04 3.024122e+04 
1.610101e-02 3.070872e+04 3.104657e+04 
1.912121e-02 3.027438e+04 3.049252e+04 
2.214141e-02 2.897200e+04 2.895867e+04 
2.516162e-02 2.710430e+04 2.688944e+04 
2.818182e-02 2.492851e+04 2.467703e+04 
3.120202e-02 2.265455e+04 2.257024e+04 
3.422222e-02 2.044197e+04 2.067703e+04 
3.724242e-02 1.840068e+04 1.901678e+04 
4.026263e-02 1.659992e+04 1.756894e+04 
4.328283e-02 1.506322e+04 1.630148e+04 
4.630303e-02 1.379205e+04 1.518336e+04 
4.932323e-02 1.278790e+04 1.418845e+04 
5.234343e-02 1.201405e+04 1.329596e+04 
5.536364e-02 1.142421e+04 1.248961e+04 
5.838384e-02 1.097821e+04 1.175667e+04 
6.140404e-02 1.063738e+04 1.108708e+04 
6.442424e-02 1.036113e+04 1.047275e+04 
6.744444e-02 1.011084e+04 9.907123e+03 
7.046465e-02 9.855885e+03 9.384747e+03 
7.348485e-02 9.572210e+03 8.901053e+03 
7.650505e-02 9.243552e+03 8.452151e+03 
7.952525e-02 8.862743e+03 8.034695e+03 
8.254545e-02 8.432216e+03 7.645773e+03 
8.556566e-02 7.961205e+03 7.282835e+03 
8.858586e-02 7.463706e+03 6.943629e+03 
9.160606e-02 6.956578e+03 6.626156e+03 
9.462626e-02 6.457111e+03 6.328631e+03 
9.764646e-02 5.981899e+03 6.049454e+03 
1.006667e-01 5.544948e+03 5.787186e+03 
1.036869e-01 5.157181e+03 5.540526e+03 
1.067071e-01 4.824874e+03 5.308298e+03 
1.097273e-01 4.550053e+03 5.089434e+03 
1.127475e-01 4.330828e+03 4.882963e+03 
1.157677e-01 4.162101e+03 4.687998e+03 
1.187879e-01 4.036909e+03 4.503730e+03 
1.218081e-01 3.946864e+03 4.329419e+03 
1.248283e-01 3.883037e+03 4.164386e+03 
1.278485e-01 3.836120e+03 4.008008e+03 
1.308687e-01 3.796911e+03 3.859713e+03 
1.338889e-01 3.756525e+03 3.718975e+03 
1.369091e-01 3.707562e+03 3.585306e+03 
1.399293e-01 3.644042e+03 3.458260e+03 
1.429495e-01 3.562684e+03 3.337421e+03 
1.459697e-01 3.462080e+03 3.222407e+03 
1.489899e-01 3.343310e+03 3.112864e+03 
1.520101e-01 3.208975e+03 3.008463e+03 
1.550303e-01 3.063106e+03 2.908898e+03 
1.580505e-01 2.910634e+03 2.813886e+03 
1.610707e-01 2.756976e+03 2.723165e+03 
1.640909e-01 2.607552e+03 2.636489e+03 
1.671111e-01 2.467326e+03 2.553629e+03 
1.701313e-01 2.340172e+03 2.474373e+03 
1.731515e-01 2.228708e+03 2.398523e+03 
1.761717e-01 2.134115e+03 2.325894e+03 
1.791919e-01 2.056336e+03 2.256311e+03 
1.822121e-01 1.994433e+03 2.189613e+03 
1.852323e-01 1.946706e+03 2.125648e+03 
1.882525e-01 1.911057e+03 2.064274e+03 
1.912727e-01 1.884991e+03 2.005359e+03 
1.942929e-01 1.865746e+03 1.948777e+03 
1.973131e-01 1.850291e+03 1.894410e+03 
2.003333e-01 1.835637e+03 1.842149e+03 
2.033535e-01 1.818948e+03 1.791890e+03 
2.063737e-01 1.798001e+03 1.743536e+03 
2.093939e-01 1.771115e+03 1.696994e+03 
2.124141e-01 1.737526e+03 1.652179e+03 
2.154343e-01 1.697101e+03 1.609009e+03 
2.184545e-01 1.650418e+03 1.567407e+03 
2.214747e-01 1.598567e+03 1.527301e+03 
2.244949e-01 1.543021e+03 1.488623e+03 
2.275152e-01 1.485475e+03 1.451307e+03 
2.305354e-01 1.427697e+03 1.415292e+03 
2.335556e-01 1.371404e+03 1.380522e+03 
2.365758e-01 1.318136e+03 1.346940e+03 
2.395960e-01 1.269149e+03 1.314496e+03 
2.426162e-01 1.225319e+03 1.283140e+03 
2.456364e-01 1.187171e+03 1.252825e+03 
2.486566e-01 1.154820e+03 1.223508e+03 
2.516768e-01 1.128097e+03 1.195147e+03 
2.546970e-01 1.106468e+03 1.167702e+03 
2.577172e-01 1.089196e+03 1.141135e+03 
2.607374e-01 1.075319e+03 1.115411e+03 
2.637576e-01 1.063791e+03 1.090495e+03 
2.667778e-01 1.053521e+03 1.066354e+03 
2.697980e-01 1.043497e+03 1.042959e+03 
2.728182e-01 1.032803e+03 1.020280e+03 
2.758384e-01 1.020733e+03 9.982883e+02 
2.788586e-01 1.006745e+03 9.769579e+02 
2.818788e-01 9.905299e+02 9.562633e+02 
2.848990e-01 9.719913e+02 9.361802e+02 
2.879192e-01 9.512459e+02 9.166857e+02 
2.909394e-01 9.286147e+02 8.977576e+02 
2.939596e-01 9.045556e+02 8.793749e+02 
2.969798e-01 8.796716e+02 8.615176e+02 
3.000000e-01 8.545975e+02 8.441664e+02 
