1.000000e-03 5.538261e+03 5.538256e+03 
4.020202e-03 1.829626e+04 1.844229e+04 
7.040404e-03 2.644664e+04 2.665259e+04 
1.006061e-02 3.123244e+04 3.149665e+04 
1.308081e-02 3.353501e+04 3.388010e+04 
1.610101e-02 3.399410e+04 3.433537e+04 
1.912121e-02 3.311530e+04 3.328747e+04 
2.214141e-02 3.132265e+04 3.123655e+04 
2.516162e-02 2.897683e+04 2.872290e+04 
2.818182e-02 2.637463e+04 2.617335e+04 
3.120202e-02 2.374897e+04 2.382319e+04 
3.422222e-02 2.126880e+04 2.175188e+04 
3.724242e-02 1.904201e+04 1.995475e+04 
4.026263e-02 1.712875e+04 1.839589e+04 
4.328283e-02 1.553362e+04 1.703458e+04 
4.630303e-02 1.425218e+04 1.583498e+04 
4.932323e-02 1.327152e+04 1.476831e+04 
5.234343e-02 1.252974e+04 1.381211e+04 
5.536364e-02 1.197578e+04 1.294902e+04 
5.838384e-02 1.156117e+04 1.216544e+04 
6.140404e-02 1.123002e+04 1.145061e+04 
6.442424e-02 1.093956e+04 1.079588e+04 
6.744444e-02 1.065337e+04 1.019413e+04 
7.046465e-02 1.034058e+04 9.639470e+03 
7.348485e-02 9.979341e+03 9.126897e+03 
7.650505e-02 9.558695e+03 8.652155e+03 
7.952525e-02 9.078752e+03 8.211562e+03 
8.254545e-02 8.549835e+03 7.801914e+03 
8.556566e-02 7.989775e+03 7.420398e+03 
8.858586e-02 7.419678e+03 7.064528e+03 
9.160606e-02 6.860951e+03 6.732099e+03 
9.462626e-02 6.333376e+03 6.421141e+03 
9.764646e-02 5.852664e+03 6.129893e+03 
1.006667e-01 5.430458e+03 5.856771e+03 
1.036869e-01 5.072557e+03 5.600347e+03 
1.067071e-01 4.780680e+03 5.359330e+03 
1.097273e-01 4.551430e+03 5.132552e+03 
1.127475e-01 4.378609e+03 4.918950e+03 
1.157677e-01 4.253475e+03 4.717560e+03 
1.187879e-01 4.165674e+03 4.527500e+03 
1.218081e-01 4.103939e+03 4.347967e+03 
1.248283e-01 4.056717e+03 4.178227e+03 
1.278485e-01 4.013004e+03 4.017604e+03 
1.308687e-01 3.963047e+03 3.865482e+03 
1.338889e-01 3.899347e+03 3.721293e+03 
1.369091e-01 3.816719e+03 3.584516e+03 
1.399293e-01 3.713085e+03 3.454668e+03 
1.429495e-01 3.588453e+03 3.331308e+03 
1.459697e-01 3.445262e+03 3.214025e+03 
1.489899e-01 3.287407e+03 3.102442e+03 
1.520101e-01 3.120227e+03 2.996208e+03 
1.550303e-01 2.950085e+03 2.894999e+03 
1.580505e-01 2.783774e+03 2.798515e+03 
1.610707e-01 2.627382e+03 2.706477e+03 
1.640909e-01 2.485836e+03 2.618625e+03 
1.671111e-01 2.362067e+03 2.534718e+03 
1.701313e-01 2.257396e+03 2.454533e+03 
1.731515e-01 2.171675e+03 2.377859e+03 
1.761717e-01 2.103657e+03 2.304502e+03 
1.791919e-01 2.051464e+03 2.234281e+03 
1.822121e-01 2.012723e+03 2.167025e+03 
1.852323e-01 1.984636e+03 2.102575e+03 
1.882525e-01 1.963906e+03 2.040783e+03 
1.912727e-01 1.946946e+03 1.981510e+03 
1.942929e-01 1.930089e+03 1.924625e+03 
1.973131e-01 1.910175e+03 1.870007e+03 
2.003333e-01 1.884688e+03 1.817540e+03 
2.033535e-01 1.852233e+03 1.767117e+03 
2.063737e-01 1.812258e+03 1.718637e+03 
2.093939e-01 1.765028e+03 1.672004e+03 
2.124141e-01 1.711478e+03 1.627129e+03 
2.154343e-01 1.652969e+03 1.583928e+03 
2.184545e-01 1.591227e+03 1.542322e+03 
2.214747e-01 1.528182e+03 1.502235e+03 
2.244949e-01 1.465945e+03 1.463596e+03 
2.275152e-01 1.406448e+03 1.426340e+03 
2.305354e-01 1.351373e+03 1.390403e+03 
2.335556e-01 1.301833e+03 1.355726e+03 
2.365758e-01 1.258535e+03 1.322252e+03 
2.395960e-01 1.221646e+03 1.289929e+03 
2.426162e-01 1.190993e+03 1.258705e+03 
2.456364e-01 1.166069e+03 1.228534e+03 
2.486566e-01 1.146082e+03 1.199370e+03 
2.516768e-01 1.130050e+03 1.171170e+03 
2.546970e-01 1.116812e+03 1.143893e+03 
2.577172e-01 1.105145e+03 1.117502e+03 
2.607374e-01 1.093807e+03 1.091959e+03 
2.637576e-01 1.081731e+03 1.067229e+03 
2.667778e-01 1.068059e+03 1.043280e+03 
2.697980e-01 1.052262e+03 1.020079e+03 
2.728182e-01 1.034042e+03 9.975983e+02 
2.758384e-01 1.013386e+03 9.758079e+02 
2.788586e-01 9.904696e+02 9.546811e+02 
2.818788e-01 9.656587e+02 9.341920e+02 
2.848990e-01 9.394828e+02 9.143162e+02 
2.879192e-01 9.125788e+02 8.950301e+02 
2.909394e-01 8.856485e+02 8.763114e+02 
2.939596e-01 8.593875e+02 8.581388e+02 
2.969798e-01 8.344356e+02 8.404919e+02 
3.000000e-01 8.112778e+02 8.233513e+02 
