1.000000e-03 3.594215e+03 3.594212e+03 
4.020202e-03 1.205786e+04 1.215355e+04 
7.040404e-03 1.763698e+04 1.776171e+04 
1.006061e-02 2.107647e+04 2.120024e+04 
1.308081e-02 2.293053e+04 2.304918e+04 
1.610101e-02 2.360503e+04 2.367869e+04 
1.912121e-02 2.341720e+04 2.338864e+04 
2.214141e-02 2.262787e+04 2.249448e+04 
2.516162e-02 2.145483e+04 2.129816e+04 
2.818182e-02 2.007638e+04 2.001984e+04 
3.120202e-02 1.863300e+04 1.877929e+04 
3.422222e-02 1.722802e+04 1.762395e+04 
3.724242e-02 1.593032e+04 1.656369e+04 
4.026263e-02 1.478072e+04 1.559330e+04 
4.328283e-02 1.379423e+04 1.470337e+04 
4.630303e-02 1.296235e+04 1.388444e+04 
4.932323e-02 1.228242e+04 1.312829e+04 
5.234343e-02 1.173370e+04 1.242805e+04 
5.536364e-02 1.127322e+04 1.177796e+04 
5.838384e-02 1.087682e+04 1.117323e+04 
6.140404e-02 1.051954e+04 1.060973e+04 
6.442424e-02 1.017333e+04 1.008389e+04 
6.744444e-02 9.820110e+03 9.592560e+03 
7.046465e-02 9.447260e+03 9.132948e+03 
7.348485e-02 9.047669e+03 8.702548e+03 
7.650505e-02 8.621972e+03 8.299096e+03 
7.952525e-02 8.176524e+03 7.920543e+03 
8.254545e-02 7.721494e+03 7.565021e+03 
8.556566e-02 7.269236e+03 7.230830e+03 
8.858586e-02 6.831524e+03 6.916411e+03 
9.160606e-02 6.418863e+03 6.620342e+03 
9.462626e-02 6.039974e+03 6.341314e+03 
9.764646e-02 5.701078e+03 6.078130e+03 
1.006667e-01 5.406327e+03 5.829688e+03 
1.036869e-01 5.156258e+03 5.594974e+03 
1.067071e-01 4.948761e+03 5.373055e+03 
1.097273e-01 4.778493e+03 5.163072e+03 
1.127475e-01 4.638515e+03 4.964234e+03 
1.157677e-01 4.520705e+03 4.775808e+03 
1.187879e-01 4.417171e+03 4.597120e+03 
1.218081e-01 4.320432e+03 4.427545e+03 
1.248283e-01 4.224326e+03 4.266507e+03 
1.278485e-01 4.123672e+03 4.113470e+03 
1.308687e-01 4.014888e+03 3.967940e+03 
1.338889e-01 3.895894e+03 3.829457e+03 
1.369091e-01 3.766625e+03 3.697596e+03 
1.399293e-01 3.628581e+03 3.571961e+03 
1.429495e-01 3.484607e+03 3.452184e+03 
1.459697e-01 3.338051e+03 3.337923e+03 
1.489899e-01 3.192477e+03 3.228860e+03 
1.520101e-01 3.051299e+03 3.124697e+03 
1.550303e-01 2.917683e+03 3.025159e+03 
1.580505e-01 2.794218e+03 2.929988e+03 
1.610707e-01 2.682893e+03 2.838942e+03 
1.640909e-01 2.584832e+03 2.751797e+03 
1.671111e-01 2.500177e+03 2.668342e+03 
1.701313e-01 2.428106e+03 2.588380e+03 
1.731515e-01 2.366909e+03 2.511727e+03 
1.761717e-01 2.314365e+03 2.438211e+03 
1.791919e-01 2.268122e+03 2.367668e+03 
1.822121e-01 2.225877e+03 2.299948e+03 
1.852323e-01 2.185604e+03 2.234907e+03 
1.882525e-01 2.145474e+03 2.172412e+03 
1.912727e-01 2.103928e+03 2.112336e+03 
1.942929e-01 2.059789e+03 2.054562e+03 
1.973131e-01 2.012304e+03 1.998976e+03 
2.003333e-01 1.961337e+03 1.945475e+03 
2.033535e-01 1.907218e+03 1.893960e+03 
2.063737e-01 1.850825e+03 1.844336e+03 
2.093939e-01 1.793278e+03 1.796516e+03 
2.124141e-01 1.735835e+03 1.750417e+03 
2.154343e-01 1.679690e+03 1.705960e+03 
2.184545e-01 1.625859e+03 1.663070e+03 
2.214747e-01 1.575156e+03 1.621679e+03 
2.244949e-01 1.528182e+03 1.581718e+03 
2.275152e-01 1.485289e+03 1.543126e+03 
2.305354e-01 1.446631e+03 1.505843e+03 
2.335556e-01 1.412040e+03 1.469812e+03 
2.365758e-01 1.381177e+03 1.434980e+03 
2.395960e-01 1.353511e+03 1.401296e+03 
2.426162e-01 1.328421e+03 1.368713e+03 
2.456364e-01 1.305201e+03 1.337183e+03 
2.486566e-01 1.283138e+03 1.306665e+03 
2.516768e-01 1.261537e+03 1.277116e+03 
2.546970e-01 1.239815e+03 1.248497e+03 
2.577172e-01 1.217498e+03 1.220771e+03 
2.607374e-01 1.194329e+03 1.193903e+03 
2.637576e-01 1.170192e+03 1.167859e+03 
2.667778e-01 1.145180e+03 1.142607e+03 
2.697980e-01 1.119487e+03 1.118115e+03 
2.728182e-01 1.093422e+03 1.094355e+03 
2.758384e-01 1.067313e+03 1.071299e+03 
2.788586e-01 1.041502e+03 1.048920e+03 
2.818788e-01 1.016303e+03 1.027192e+03 
2.848990e-01 9.920075e+02 1.006093e+03 
2.879192e-01 9.688664e+02 9.855976e+02 
2.909394e-01 9.470843e+02 9.656849e+02 
2.939596e-01 9.267523e+02 9.463334e+02 
2.969798e-01 9.078890e+02 9.275230e+02 
3.000000e-01 8.904179e+02 9.092343e+02 
