1.000000e-03 5.336553e+03 5.336548e+03 
4.020202e-03 1.769843e+04 1.783978e+04 
7.040404e-03 2.564910e+04 2.584736e+04 
1.006061e-02 3.036300e+04 3.061085e+04 
1.308081e-02 3.268180e+04 3.299863e+04 
1.610101e-02 3.321872e+04 3.352695e+04 
1.912121e-02 3.245834e+04 3.260696e+04 
2.214141e-02 3.080671e+04 3.071610e+04 
2.516162e-02 2.860752e+04 2.836656e+04 
2.818182e-02 2.614647e+04 2.596320e+04 
3.120202e-02 2.364754e+04 2.373147e+04 
3.422222e-02 2.127405e+04 2.175061e+04 
3.724242e-02 1.913207e+04 2.002026e+04 
4.026263e-02 1.728189e+04 1.850979e+04 
4.328283e-02 1.573197e+04 1.718309e+04 
4.630303e-02 1.447652e+04 1.600797e+04 
4.932323e-02 1.350813e+04 1.495831e+04 
5.234343e-02 1.276969e+04 1.401362e+04 
5.536364e-02 1.220968e+04 1.315792e+04 
5.838384e-02 1.178419e+04 1.237869e+04 
6.140404e-02 1.143969e+04 1.166590e+04 
6.442424e-02 1.113395e+04 1.101146e+04 
6.744444e-02 1.083231e+04 1.040868e+04 
7.046465e-02 1.050529e+04 9.851991e+03 
7.348485e-02 1.013278e+04 9.336635e+03 
7.650505e-02 9.704584e+03 8.858546e+03 
7.952525e-02 9.220778e+03 8.414192e+03 
8.254545e-02 8.691710e+03 8.000481e+03 
8.556566e-02 8.134243e+03 7.614693e+03 
8.858586e-02 7.568393e+03 7.254413e+03 
9.160606e-02 7.014743e+03 6.917493e+03 
9.462626e-02 6.491830e+03 6.602008e+03 
9.764646e-02 6.015027e+03 6.306231e+03 
1.006667e-01 5.595314e+03 6.028607e+03 
1.036869e-01 5.238544e+03 5.767728e+03 
1.067071e-01 4.946236e+03 5.522321e+03 
1.097273e-01 4.715011e+03 5.291231e+03 
1.127475e-01 4.538761e+03 5.073405e+03 
1.157677e-01 4.408680e+03 4.867884e+03 
1.187879e-01 4.314760e+03 4.673795e+03 
1.218081e-01 4.246050e+03 4.490336e+03 
1.248283e-01 4.191425e+03 4.316774e+03 
1.278485e-01 4.140065e+03 4.152437e+03 
1.308687e-01 4.082721e+03 3.996707e+03 
1.338889e-01 4.011956e+03 3.849017e+03 
1.369091e-01 3.923103e+03 3.708842e+03 
1.399293e-01 3.814112e+03 3.575702e+03 
1.429495e-01 3.685345e+03 3.449150e+03 
1.459697e-01 3.539267e+03 3.328775e+03 
1.489899e-01 3.379694e+03 3.214197e+03 
1.520101e-01 3.211911e+03 3.105063e+03 
1.550303e-01 3.041822e+03 3.001046e+03 
1.580505e-01 2.875784e+03 2.901844e+03 
1.610707e-01 2.719534e+03 2.807174e+03 
1.640909e-01 2.577961e+03 2.716774e+03 
1.671111e-01 2.453885e+03 2.630401e+03 
1.701313e-01 2.348719e+03 2.547828e+03 
1.731515e-01 2.262129e+03 2.468843e+03 
1.761717e-01 2.192878e+03 2.393248e+03 
1.791919e-01 2.138934e+03 2.320860e+03 
1.822121e-01 2.097892e+03 2.251506e+03 
1.852323e-01 2.067042e+03 2.185024e+03 
1.882525e-01 2.043201e+03 2.121264e+03 
1.912727e-01 2.022985e+03 2.060084e+03 
1.942929e-01 2.002893e+03 2.001352e+03 
1.973131e-01 1.979877e+03 1.944944e+03 
2.003333e-01 1.951477e+03 1.890743e+03 
2.033535e-01 1.916358e+03 1.838638e+03 
2.063737e-01 1.873982e+03 1.788528e+03 
2.093939e-01 1.824777e+03 1.740315e+03 
2.124141e-01 1.769671e+03 1.693907e+03 
2.154343e-01 1.710068e+03 1.649219e+03 
2.184545e-01 1.647640e+03 1.606170e+03 
2.214747e-01 1.584242e+03 1.564683e+03 
2.244949e-01 1.521798e+03 1.524687e+03 
2.275152e-01 1.462148e+03 1.486112e+03 
2.305354e-01 1.406835e+03 1.448895e+03 
2.335556e-01 1.356995e+03 1.412975e+03 
2.365758e-01 1.313281e+03 1.378294e+03 
2.395960e-01 1.275852e+03 1.344798e+03 
2.426162e-01 1.244505e+03 1.312435e+03 
2.456364e-01 1.218674e+03 1.281156e+03 
2.486566e-01 1.197590e+03 1.250916e+03 
2.516768e-01 1.180268e+03 1.221670e+03 
2.546970e-01 1.165610e+03 1.193376e+03 
2.577172e-01 1.152433e+03 1.165995e+03 
2.607374e-01 1.139587e+03 1.139489e+03 
2.637576e-01 1.126018e+03 1.113823e+03 
2.667778e-01 1.110942e+03 1.088963e+03 
2.697980e-01 1.093815e+03 1.064876e+03 
2.728182e-01 1.074388e+03 1.041532e+03 
2.758384e-01 1.052666e+03 1.018902e+03 
2.788586e-01 1.028861e+03 9.969566e+02 
2.818788e-01 1.003364e+03 9.756708e+02 
2.848990e-01 9.766717e+02 9.550188e+02 
2.879192e-01 9.494018e+02 9.349765e+02 
2.909394e-01 9.221975e+02 9.155210e+02 
2.939596e-01 8.957059e+02 8.966303e+02 
2.969798e-01 8.705040e+02 8.782834e+02 
3.000000e-01 8.470818e+02 8.604604e+02 
