1.000000e-03 4.272317e+03 4.272313e+03 
4.020202e-03 1.437572e+04 1.448956e+04 
7.040404e-03 2.096498e+04 2.111798e+04 
1.006061e-02 2.493590e+04 2.510895e+04 
1.308081e-02 2.696331e+04 2.715999e+04 
1.610101e-02 2.754472e+04 2.770435e+04 
1.912121e-02 2.707501e+04 2.710090e+04 
2.214141e-02 2.588235e+04 2.575162e+04 
2.516162e-02 2.424431e+04 2.405685e+04 
2.818182e-02 2.238768e+04 2.231079e+04 
3.120202e-02 2.049046e+04 2.066822e+04 
3.422222e-02 1.868111e+04 1.918244e+04 
3.724242e-02 1.704264e+04 1.785526e+04 
4.026263e-02 1.562218e+04 1.666971e+04 
4.328283e-02 1.442656e+04 1.560532e+04 
4.630303e-02 1.344867e+04 1.464364e+04 
4.932323e-02 1.268388e+04 1.376951e+04 
5.234343e-02 1.208509e+04 1.297081e+04 
5.536364e-02 1.160751e+04 1.223787e+04 
5.838384e-02 1.121813e+04 1.156287e+04 
6.140404e-02 1.087530e+04 1.093941e+04 
6.442424e-02 1.054632e+04 1.036210e+04 
6.744444e-02 1.020673e+04 9.826409e+03 
7.046465e-02 9.837377e+03 9.328400e+03 
7.348485e-02 9.428319e+03 8.864657e+03 
7.650505e-02 8.978214e+03 8.432173e+03 
7.952525e-02 8.493613e+03 8.028282e+03 
8.254545e-02 7.987859e+03 7.650605e+03 
8.556566e-02 7.476856e+03 7.297012e+03 
8.858586e-02 6.977062e+03 6.965582e+03 
9.160606e-02 6.503966e+03 6.654583e+03 
9.462626e-02 6.070060e+03 6.362446e+03 
9.764646e-02 5.685081e+03 6.087747e+03 
1.006667e-01 5.354368e+03 5.829188e+03 
1.036869e-01 5.079295e+03 5.585589e+03 
1.067071e-01 4.857036e+03 5.355872e+03 
1.097273e-01 4.681607e+03 5.139049e+03 
1.127475e-01 4.544995e+03 4.934218e+03 
1.157677e-01 4.437805e+03 4.740552e+03 
1.187879e-01 4.350333e+03 4.557288e+03 
1.218081e-01 4.273037e+03 4.383730e+03 
1.248283e-01 4.197182e+03 4.219233e+03 
1.278485e-01 4.115103e+03 4.063206e+03 
1.308687e-01 4.021410e+03 3.915101e+03 
1.338889e-01 3.912651e+03 3.774414e+03 
1.369091e-01 3.788420e+03 3.640679e+03 
1.399293e-01 3.650016e+03 3.513464e+03 
1.429495e-01 3.500546e+03 3.392370e+03 
1.459697e-01 3.343993e+03 3.277026e+03 
1.489899e-01 3.184975e+03 3.167088e+03 
1.520101e-01 3.028244e+03 3.062238e+03 
1.550303e-01 2.878465e+03 2.962178e+03 
1.580505e-01 2.739863e+03 2.866633e+03 
1.610707e-01 2.615738e+03 2.775345e+03 
1.640909e-01 2.507990e+03 2.688076e+03 
1.671111e-01 2.416985e+03 2.604601e+03 
1.701313e-01 2.341811e+03 2.524713e+03 
1.731515e-01 2.280497e+03 2.448216e+03 
1.761717e-01 2.230610e+03 2.374928e+03 
1.791919e-01 2.189509e+03 2.304679e+03 
1.822121e-01 2.154505e+03 2.237310e+03 
1.852323e-01 2.122891e+03 2.172670e+03 
1.882525e-01 2.092022e+03 2.110620e+03 
1.912727e-01 2.059391e+03 2.051028e+03 
1.942929e-01 2.022988e+03 1.993772e+03 
1.973131e-01 1.981385e+03 1.938733e+03 
2.003333e-01 1.934184e+03 1.885805e+03 
2.033535e-01 1.881719e+03 1.834883e+03 
2.063737e-01 1.825042e+03 1.785872e+03 
2.093939e-01 1.765539e+03 1.738680e+03 
2.124141e-01 1.704765e+03 1.693221e+03 
2.154343e-01 1.644237e+03 1.649415e+03 
2.184545e-01 1.585410e+03 1.607185e+03 
2.214747e-01 1.529610e+03 1.566459e+03 
2.244949e-01 1.477915e+03 1.527170e+03 
2.275152e-01 1.431120e+03 1.489251e+03 
2.305354e-01 1.389625e+03 1.452644e+03 
2.335556e-01 1.353520e+03 1.417289e+03 
2.365758e-01 1.322453e+03 1.383132e+03 
2.395960e-01 1.295833e+03 1.350122e+03 
2.426162e-01 1.272831e+03 1.318210e+03 
2.456364e-01 1.252525e+03 1.287348e+03 
2.486566e-01 1.233938e+03 1.257494e+03 
2.516768e-01 1.216127e+03 1.228604e+03 
2.546970e-01 1.198218e+03 1.200640e+03 
2.577172e-01 1.179497e+03 1.173563e+03 
2.607374e-01 1.159440e+03 1.147338e+03 
2.637576e-01 1.137786e+03 1.121930e+03 
2.667778e-01 1.114489e+03 1.097308e+03 
2.697980e-01 1.089689e+03 1.073439e+03 
2.728182e-01 1.063728e+03 1.050294e+03 
2.758384e-01 1.037045e+03 1.027846e+03 
2.788586e-01 1.010125e+03 1.006068e+03 
2.818788e-01 9.834632e+02 9.849334e+02 
2.848990e-01 9.575529e+02 9.644189e+02 
2.879192e-01 9.328121e+02 9.445009e+02 
2.909394e-01 9.095861e+02 9.251574e+02 
2.939596e-01 8.881037e+02 9.063671e+02 
2.969798e-01 8.684953e+02 8.881099e+02 
3.000000e-01 8.507400e+02 8.703663e+02 
