1.000000e-03 2.753879e+03 2.753876e+03 
4.020202e-03 9.200038e+03 9.272393e+03 
7.040404e-03 1.350377e+04 1.359242e+04 
1.006061e-02 1.623022e+04 1.629727e+04 
1.308081e-02 1.779343e+04 1.782590e+04 
1.610101e-02 1.849451e+04 1.847098e+04 
1.912121e-02 1.856461e+04 1.846768e+04 
2.214141e-02 1.818984e+04 1.804114e+04 
2.516162e-02 1.752239e+04 1.738656e+04 
2.818182e-02 1.668520e+04 1.663832e+04 
3.120202e-02 1.577499e+04 1.587059e+04 
3.422222e-02 1.486235e+04 1.511782e+04 
3.724242e-02 1.399617e+04 1.439398e+04 
4.026263e-02 1.320634e+04 1.370387e+04 
4.328283e-02 1.249682e+04 1.304855e+04 
4.630303e-02 1.187759e+04 1.242758e+04 
4.932323e-02 1.135096e+04 1.183993e+04 
5.234343e-02 1.089105e+04 1.128432e+04 
5.536364e-02 1.047599e+04 1.075936e+04 
5.838384e-02 1.009077e+04 1.026358e+04 
6.140404e-02 9.726195e+03 9.795515e+03 
6.442424e-02 9.369589e+03 9.353679e+03 
6.744444e-02 9.008979e+03 8.936620e+03 
7.046465e-02 8.638749e+03 8.542919e+03 
7.348485e-02 8.257831e+03 8.171203e+03 
7.650505e-02 7.869114e+03 7.820153e+03 
7.952525e-02 7.479556e+03 7.488512e+03 
8.254545e-02 7.097650e+03 7.175086e+03 
8.556566e-02 6.731591e+03 6.878746e+03 
8.858586e-02 6.387457e+03 6.598429e+03 
9.160606e-02 6.069227e+03 6.333133e+03 
9.462626e-02 5.779415e+03 6.081921e+03 
9.764646e-02 5.519552e+03 5.843916e+03 
1.006667e-01 5.289862e+03 5.618295e+03 
1.036869e-01 5.089517e+03 5.404293e+03 
1.067071e-01 4.915373e+03 5.201193e+03 
1.097273e-01 4.762979e+03 5.008327e+03 
1.127475e-01 4.626464e+03 4.825072e+03 
1.157677e-01 4.499760e+03 4.650848e+03 
1.187879e-01 4.377655e+03 4.485114e+03 
1.218081e-01 4.255894e+03 4.327363e+03 
1.248283e-01 4.132120e+03 4.177126e+03 
1.278485e-01 4.004970e+03 4.033963e+03 
1.308687e-01 3.874336e+03 3.897464e+03 
1.338889e-01 3.740844e+03 3.767247e+03 
1.369091e-01 3.605897e+03 3.642955e+03 
1.399293e-01 3.471238e+03 3.524253e+03 
1.429495e-01 3.338875e+03 3.410830e+03 
1.459697e-01 3.210840e+03 3.302394e+03 
1.489899e-01 3.089104e+03 3.198673e+03 
1.520101e-01 2.975080e+03 3.099411e+03 
1.550303e-01 2.869820e+03 3.004370e+03 
1.580505e-01 2.773873e+03 2.913324e+03 
1.610707e-01 2.687414e+03 2.826065e+03 
1.640909e-01 2.609872e+03 2.742394e+03 
1.671111e-01 2.540286e+03 2.662128e+03 
1.701313e-01 2.477142e+03 2.585092e+03 
1.731515e-01 2.418823e+03 2.511123e+03 
1.761717e-01 2.363701e+03 2.440069e+03 
1.791919e-01 2.310389e+03 2.371784e+03 
1.822121e-01 2.257849e+03 2.306132e+03 
1.852323e-01 2.205292e+03 2.242987e+03 
1.882525e-01 2.152172e+03 2.182228e+03 
1.912727e-01 2.098201e+03 2.123740e+03 
1.942929e-01 2.043303e+03 2.067418e+03 
1.973131e-01 1.987730e+03 2.013159e+03 
2.003333e-01 1.931942e+03 1.960868e+03 
2.033535e-01 1.876659e+03 1.910455e+03 
2.063737e-01 1.822666e+03 1.861835e+03 
2.093939e-01 1.770626e+03 1.814928e+03 
2.124141e-01 1.721077e+03 1.769656e+03 
2.154343e-01 1.674303e+03 1.725949e+03 
2.184545e-01 1.630450e+03 1.683736e+03 
2.214747e-01 1.589495e+03 1.642954e+03 
2.244949e-01 1.551354e+03 1.603542e+03 
2.275152e-01 1.515885e+03 1.565440e+03 
2.305354e-01 1.482817e+03 1.528594e+03 
2.335556e-01 1.451750e+03 1.492951e+03 
2.365758e-01 1.422244e+03 1.458461e+03 
2.395960e-01 1.393843e+03 1.425077e+03 
2.426162e-01 1.366155e+03 1.392754e+03 
2.456364e-01 1.338846e+03 1.361450e+03 
2.486566e-01 1.311738e+03 1.331122e+03 
2.516768e-01 1.284724e+03 1.301734e+03 
2.546970e-01 1.257749e+03 1.273247e+03 
2.577172e-01 1.230800e+03 1.245626e+03 
2.607374e-01 1.203946e+03 1.218839e+03 
2.637576e-01 1.177296e+03 1.192852e+03 
2.667778e-01 1.151016e+03 1.167636e+03 
2.697980e-01 1.125300e+03 1.143162e+03 
2.728182e-01 1.100371e+03 1.119401e+03 
2.758384e-01 1.076390e+03 1.096328e+03 
2.788586e-01 1.053440e+03 1.073916e+03 
2.818788e-01 1.031546e+03 1.052143e+03 
2.848990e-01 1.010683e+03 1.030983e+03 
2.879192e-01 9.907863e+02 1.010417e+03 
2.909394e-01 9.717700e+02 9.904217e+02 
2.939596e-01 9.535612e+02 9.709776e+02 
2.969798e-01 9.360870e+02 9.520653e+02 
3.000000e-01 9.192415e+02 9.336663e+02 
