1.000000e-03 3.112471e+03 3.112468e+03 
4.020202e-03 1.018303e+04 1.026407e+04 
7.040404e-03 1.469736e+04 1.478562e+04 
1.006061e-02 1.742239e+04 1.746669e+04 
1.308081e-02 1.888582e+04 1.886615e+04 
1.610101e-02 1.945274e+04 1.935301e+04 
1.912121e-02 1.939076e+04 1.921574e+04 
2.214141e-02 1.890537e+04 1.870240e+04 
2.516162e-02 1.815667e+04 1.799985e+04 
2.818182e-02 1.726800e+04 1.722221e+04 
3.120202e-02 1.633126e+04 1.642859e+04 
3.422222e-02 1.541049e+04 1.564694e+04 
3.724242e-02 1.454544e+04 1.489020e+04 
4.026263e-02 1.375820e+04 1.416434e+04 
4.328283e-02 1.305065e+04 1.347206e+04 
4.630303e-02 1.241890e+04 1.281431e+04 
4.932323e-02 1.186365e+04 1.219108e+04 
5.234343e-02 1.136163e+04 1.160169e+04 
5.536364e-02 1.088951e+04 1.104511e+04 
5.838384e-02 1.043939e+04 1.052004e+04 
6.140404e-02 1.000157e+04 1.002501e+04 
6.442424e-02 9.567279e+03 9.558501e+03 
6.744444e-02 9.133738e+03 9.118935e+03 
7.046465e-02 8.701291e+03 8.704759e+03 
7.348485e-02 8.272954e+03 8.314452e+03 
7.650505e-02 7.854945e+03 7.946546e+03 
7.952525e-02 7.454006e+03 7.599635e+03 
8.254545e-02 7.076287e+03 7.272384e+03 
8.556566e-02 6.725750e+03 6.963534e+03 
8.858586e-02 6.404552e+03 6.671898e+03 
9.160606e-02 6.113302e+03 6.396364e+03 
9.462626e-02 5.851807e+03 6.135892e+03 
9.764646e-02 5.618765e+03 5.889511e+03 
1.006667e-01 5.411385e+03 5.656315e+03 
1.036869e-01 5.225009e+03 5.435461e+03 
1.067071e-01 5.054236e+03 5.226165e+03 
1.097273e-01 4.893654e+03 5.027696e+03 
1.127475e-01 4.738322e+03 4.839376e+03 
1.157677e-01 4.585239e+03 4.660572e+03 
1.187879e-01 4.432377e+03 4.490698e+03 
1.218081e-01 4.279242e+03 4.329208e+03 
1.248283e-01 4.125977e+03 4.175593e+03 
1.278485e-01 3.973562e+03 4.029381e+03 
1.308687e-01 3.823369e+03 3.890132e+03 
1.338889e-01 3.677292e+03 3.757436e+03 
1.369091e-01 3.537134e+03 3.630910e+03 
1.399293e-01 3.404452e+03 3.510200e+03 
1.429495e-01 3.280241e+03 3.394972e+03 
1.459697e-01 3.164811e+03 3.284917e+03 
1.489899e-01 3.058166e+03 3.179745e+03 
1.520101e-01 2.960033e+03 3.079187e+03 
1.550303e-01 2.869920e+03 2.982989e+03 
1.580505e-01 2.787130e+03 2.890914e+03 
1.610707e-01 2.710518e+03 2.802743e+03 
1.640909e-01 2.638648e+03 2.718266e+03 
1.671111e-01 2.570054e+03 2.637290e+03 
1.701313e-01 2.503340e+03 2.559634e+03 
1.731515e-01 2.437667e+03 2.485125e+03 
1.761717e-01 2.372518e+03 2.413603e+03 
1.791919e-01 2.307858e+03 2.344919e+03 
1.822121e-01 2.243813e+03 2.278930e+03 
1.852323e-01 2.180551e+03 2.215502e+03 
1.882525e-01 2.118284e+03 2.154511e+03 
1.912727e-01 2.057340e+03 2.095839e+03 
1.942929e-01 1.998109e+03 2.039374e+03 
1.973131e-01 1.941086e+03 1.985011e+03 
2.003333e-01 1.886688e+03 1.932651e+03 
2.033535e-01 1.835158e+03 1.882202e+03 
2.063737e-01 1.786583e+03 1.833575e+03 
2.093939e-01 1.740845e+03 1.786686e+03 
2.124141e-01 1.697724e+03 1.741458e+03 
2.154343e-01 1.656892e+03 1.697815e+03 
2.184545e-01 1.618036e+03 1.655688e+03 
2.214747e-01 1.580866e+03 1.615009e+03 
2.244949e-01 1.545087e+03 1.575716e+03 
2.275152e-01 1.510410e+03 1.537748e+03 
2.305354e-01 1.476626e+03 1.501049e+03 
2.335556e-01 1.443580e+03 1.465566e+03 
2.365758e-01 1.411165e+03 1.431246e+03 
2.395960e-01 1.379306e+03 1.398042e+03 
2.426162e-01 1.347994e+03 1.365907e+03 
2.456364e-01 1.317252e+03 1.334798e+03 
2.486566e-01 1.287143e+03 1.304673e+03 
2.516768e-01 1.257752e+03 1.275493e+03 
2.546970e-01 1.229202e+03 1.247220e+03 
2.577172e-01 1.201611e+03 1.219817e+03 
2.607374e-01 1.175048e+03 1.193252e+03 
2.637576e-01 1.149544e+03 1.167491e+03 
2.667778e-01 1.125049e+03 1.142503e+03 
2.697980e-01 1.101499e+03 1.118260e+03 
2.728182e-01 1.078823e+03 1.094731e+03 
2.758384e-01 1.056953e+03 1.071892e+03 
2.788586e-01 1.035831e+03 1.049716e+03 
2.818788e-01 1.015389e+03 1.028178e+03 
2.848990e-01 9.955544e+02 1.007256e+03 
2.879192e-01 9.762515e+02 9.869260e+02 
2.909394e-01 9.574057e+02 9.671675e+02 
2.939596e-01 9.389661e+02 9.479599e+02 
2.969798e-01 9.209027e+02 9.292836e+02 
3.000000e-01 9.032123e+02 9.111199e+02 
