1.000000e-03 3.102868e+03 3.102866e+03 
4.020202e-03 1.043796e+04 1.051988e+04 
7.040404e-03 1.530739e+04 1.540990e+04 
1.006061e-02 1.834380e+04 1.843324e+04 
1.308081e-02 2.002290e+04 2.008971e+04 
1.610101e-02 2.069433e+04 2.070729e+04 
1.912121e-02 2.063009e+04 2.055555e+04 
2.214141e-02 2.005225e+04 1.990712e+04 
2.516162e-02 1.914516e+04 1.900738e+04 
2.818182e-02 1.805752e+04 1.802629e+04 
3.120202e-02 1.690646e+04 1.705431e+04 
3.422222e-02 1.577747e+04 1.612894e+04 
3.724242e-02 1.472719e+04 1.526110e+04 
4.026263e-02 1.378861e+04 1.445086e+04 
4.328283e-02 1.297453e+04 1.369474e+04 
4.630303e-02 1.227789e+04 1.298855e+04 
4.932323e-02 1.169380e+04 1.232826e+04 
5.234343e-02 1.120660e+04 1.171029e+04 
5.536364e-02 1.078017e+04 1.113143e+04 
5.838384e-02 1.039553e+04 1.058882e+04 
6.140404e-02 1.003642e+04 1.007986e+04 
6.442424e-02 9.681178e+03 9.602179e+03 
6.744444e-02 9.316616e+03 9.153594e+03 
7.046465e-02 8.935293e+03 8.732082e+03 
7.348485e-02 8.534611e+03 8.335772e+03 
7.650505e-02 8.118494e+03 7.962925e+03 
7.952525e-02 7.695141e+03 7.611929e+03 
8.254545e-02 7.275047e+03 7.281291e+03 
8.556566e-02 6.868284e+03 6.969621e+03 
8.858586e-02 6.483305e+03 6.675633e+03 
9.160606e-02 6.126843e+03 6.398136e+03 
9.462626e-02 5.803930e+03 6.136023e+03 
9.764646e-02 5.517744e+03 5.888271e+03 
1.006667e-01 5.269956e+03 5.653932e+03 
1.036869e-01 5.059052e+03 5.432127e+03 
1.067071e-01 4.881548e+03 5.222041e+03 
1.097273e-01 4.731136e+03 5.022920e+03 
1.127475e-01 4.600751e+03 4.834065e+03 
1.157677e-01 4.482970e+03 4.654826e+03 
1.187879e-01 4.371285e+03 4.484603e+03 
1.218081e-01 4.260378e+03 4.322837e+03 
1.248283e-01 4.146417e+03 4.169009e+03 
1.278485e-01 4.026797e+03 4.022637e+03 
1.308687e-01 3.900495e+03 3.883275e+03 
1.338889e-01 3.767525e+03 3.750505e+03 
1.369091e-01 3.629369e+03 3.623939e+03 
1.399293e-01 3.488210e+03 3.503218e+03 
1.429495e-01 3.347015e+03 3.388004e+03 
1.459697e-01 3.208754e+03 3.277984e+03 
1.489899e-01 3.076218e+03 3.172866e+03 
1.520101e-01 2.951735e+03 3.072376e+03 
1.550303e-01 2.837157e+03 2.976259e+03 
1.580505e-01 2.733623e+03 2.884277e+03 
1.610707e-01 2.641704e+03 2.796207e+03 
1.640909e-01 2.561011e+03 2.711839e+03 
1.671111e-01 2.490593e+03 2.630979e+03 
1.701313e-01 2.428757e+03 2.553442e+03 
1.731515e-01 2.373563e+03 2.479057e+03 
1.761717e-01 2.322893e+03 2.407662e+03 
1.791919e-01 2.274843e+03 2.339107e+03 
1.822121e-01 2.227786e+03 2.273248e+03 
1.852323e-01 2.180400e+03 2.209952e+03 
1.882525e-01 2.131634e+03 2.149093e+03 
1.912727e-01 2.080898e+03 2.090553e+03 
1.942929e-01 2.027923e+03 2.034219e+03 
1.973131e-01 1.972953e+03 1.979986e+03 
2.003333e-01 1.916520e+03 1.927757e+03 
2.033535e-01 1.859536e+03 1.877436e+03 
2.063737e-01 1.802979e+03 1.828935e+03 
2.093939e-01 1.747841e+03 1.782172e+03 
2.124141e-01 1.694927e+03 1.737067e+03 
2.154343e-01 1.644859e+03 1.693546e+03 
2.184545e-01 1.598088e+03 1.651538e+03 
2.214747e-01 1.554922e+03 1.610976e+03 
2.244949e-01 1.515396e+03 1.571798e+03 
2.275152e-01 1.479386e+03 1.533943e+03 
2.305354e-01 1.446542e+03 1.497355e+03 
2.335556e-01 1.416400e+03 1.461979e+03 
2.365758e-01 1.388372e+03 1.427765e+03 
2.395960e-01 1.361876e+03 1.394665e+03 
2.426162e-01 1.336364e+03 1.362631e+03 
2.456364e-01 1.311377e+03 1.331621e+03 
2.486566e-01 1.286523e+03 1.301593e+03 
2.516768e-01 1.261481e+03 1.272507e+03 
2.546970e-01 1.236002e+03 1.244326e+03 
2.577172e-01 1.210015e+03 1.217014e+03 
2.607374e-01 1.183561e+03 1.190536e+03 
2.637576e-01 1.156849e+03 1.164861e+03 
2.667778e-01 1.130157e+03 1.139956e+03 
2.697980e-01 1.103822e+03 1.115794e+03 
2.728182e-01 1.078123e+03 1.092345e+03 
2.758384e-01 1.053283e+03 1.069583e+03 
2.788586e-01 1.029452e+03 1.047482e+03 
2.818788e-01 1.006738e+03 1.026018e+03 
2.848990e-01 9.852025e+02 1.005166e+03 
2.879192e-01 9.648801e+02 9.849061e+02 
2.909394e-01 9.457694e+02 9.652153e+02 
2.939596e-01 9.278137e+02 9.460736e+02 
2.969798e-01 9.108751e+02 9.274615e+02 
3.000000e-01 8.947758e+02 9.093602e+02 
