1.000000e-03 4.989278e+03 4.989273e+03 
4.020202e-03 1.683021e+04 1.696436e+04 
7.040404e-03 2.466012e+04 2.485546e+04 
1.006061e-02 2.945124e+04 2.970565e+04 
1.308081e-02 3.194058e+04 3.228259e+04 
1.610101e-02 3.268079e+04 3.304387e+04 
1.912121e-02 3.211803e+04 3.234413e+04 
2.214141e-02 3.063320e+04 3.060713e+04 
2.516162e-02 2.855860e+04 2.832311e+04 
2.818182e-02 2.617347e+04 2.591534e+04 
3.120202e-02 2.370368e+04 2.364435e+04 
3.422222e-02 2.131950e+04 2.161735e+04 
3.724242e-02 1.913656e+04 1.984836e+04 
4.026263e-02 1.722511e+04 1.831111e+04 
4.328283e-02 1.560521e+04 1.696898e+04 
4.630303e-02 1.427694e+04 1.578750e+04 
4.932323e-02 1.323856e+04 1.473809e+04 
5.234343e-02 1.244482e+04 1.379817e+04 
5.536364e-02 1.184589e+04 1.295017e+04 
5.838384e-02 1.139879e+04 1.218037e+04 
6.140404e-02 1.105786e+04 1.147796e+04 
6.442424e-02 1.077865e+04 1.083426e+04 
6.744444e-02 1.052160e+04 1.024222e+04 
7.046465e-02 1.025457e+04 9.696021e+03 
7.348485e-02 9.952419e+03 9.190757e+03 
7.650505e-02 9.598895e+03 8.722272e+03 
7.952525e-02 9.187625e+03 8.286987e+03 
8.254545e-02 8.722519e+03 7.881796e+03 
8.556566e-02 8.214877e+03 7.503977e+03 
8.858586e-02 7.681093e+03 7.151132e+03 
9.160606e-02 7.140561e+03 6.821134e+03 
9.462626e-02 6.612465e+03 6.512086e+03 
9.764646e-02 6.114529e+03 6.222289e+03 
1.006667e-01 5.661401e+03 5.950216e+03 
1.036869e-01 5.263533e+03 5.694491e+03 
1.067071e-01 4.926665e+03 5.453868e+03 
1.097273e-01 4.651512e+03 5.227218e+03 
1.127475e-01 4.435282e+03 5.013516e+03 
1.157677e-01 4.271660e+03 4.811827e+03 
1.187879e-01 4.152749e+03 4.621297e+03 
1.218081e-01 4.069324e+03 4.441148e+03 
1.248283e-01 4.011483e+03 4.270666e+03 
1.278485e-01 3.968832e+03 4.109196e+03 
1.308687e-01 3.931293e+03 3.956136e+03 
1.338889e-01 3.889444e+03 3.810934e+03 
1.369091e-01 3.835779e+03 3.673080e+03 
1.399293e-01 3.764717e+03 3.542105e+03 
1.429495e-01 3.673482e+03 3.417575e+03 
1.459697e-01 3.561583e+03 3.299090e+03 
1.489899e-01 3.430624e+03 3.186278e+03 
1.520101e-01 3.284061e+03 3.078797e+03 
1.550303e-01 3.126499e+03 2.976328e+03 
1.580505e-01 2.963650e+03 2.878575e+03 
1.610707e-01 2.801515e+03 2.785264e+03 
1.640909e-01 2.646121e+03 2.696138e+03 
1.671111e-01 2.502459e+03 2.610961e+03 
1.701313e-01 2.374370e+03 2.529511e+03 
1.731515e-01 2.263855e+03 2.451581e+03 
1.761717e-01 2.171692e+03 2.376978e+03 
1.791919e-01 2.097207e+03 2.305523e+03 
1.822121e-01 2.039044e+03 2.237046e+03 
1.852323e-01 1.995213e+03 2.171391e+03 
1.882525e-01 1.963286e+03 2.108410e+03 
1.912727e-01 1.940477e+03 2.047964e+03 
1.942929e-01 1.923609e+03 1.989924e+03 
1.973131e-01 1.909369e+03 1.934169e+03 
2.003333e-01 1.894478e+03 1.880583e+03 
2.033535e-01 1.876082e+03 1.829061e+03 
2.063737e-01 1.851985e+03 1.779500e+03 
2.093939e-01 1.820918e+03 1.731806e+03 
2.124141e-01 1.782384e+03 1.685890e+03 
2.154343e-01 1.736740e+03 1.641666e+03 
2.184545e-01 1.684845e+03 1.599057e+03 
2.214747e-01 1.628122e+03 1.557986e+03 
2.244949e-01 1.568253e+03 1.518384e+03 
2.275152e-01 1.507142e+03 1.480182e+03 
2.305354e-01 1.446695e+03 1.443319e+03 
2.335556e-01 1.388751e+03 1.407734e+03 
2.365758e-01 1.334821e+03 1.373371e+03 
2.395960e-01 1.286112e+03 1.340176e+03 
2.426162e-01 1.243341e+03 1.308099e+03 
2.456364e-01 1.206827e+03 1.277092e+03 
2.486566e-01 1.176474e+03 1.247109e+03 
2.516768e-01 1.151832e+03 1.218108e+03 
2.546970e-01 1.132202e+03 1.190047e+03 
2.577172e-01 1.116632e+03 1.162886e+03 
2.607374e-01 1.104054e+03 1.136591e+03 
2.637576e-01 1.093304e+03 1.111124e+03 
2.667778e-01 1.083248e+03 1.086454e+03 
2.697980e-01 1.072822e+03 1.062547e+03 
2.728182e-01 1.061160e+03 1.039375e+03 
2.758384e-01 1.047572e+03 1.016908e+03 
2.788586e-01 1.031646e+03 9.951181e+02 
2.818788e-01 1.013185e+03 9.739801e+02 
2.848990e-01 9.922767e+02 9.534689e+02 
2.879192e-01 9.692020e+02 9.335606e+02 
2.909394e-01 9.444174e+02 9.142326e+02 
2.939596e-01 9.185174e+02 8.954634e+02 
2.969798e-01 8.921652e+02 8.772322e+02 
3.000000e-01 8.660384e+02 8.595193e+02 
