1.000000e-03 5.122134e+03 5.122129e+03 
4.020202e-03 1.692655e+04 1.706138e+04 
7.040404e-03 2.460463e+04 2.479767e+04 
1.006061e-02 2.924399e+04 2.948955e+04 
1.308081e-02 3.161371e+04 3.193619e+04 
1.610101e-02 3.227523e+04 3.260923e+04 
1.912121e-02 3.167461e+04 3.187158e+04 
2.214141e-02 3.018900e+04 3.014659e+04 
2.516162e-02 2.814282e+04 2.791193e+04 
2.818182e-02 2.580638e+04 2.557121e+04 
3.120202e-02 2.339702e+04 2.336794e+04 
3.422222e-02 2.107744e+04 2.139987e+04 
3.724242e-02 1.895711e+04 1.967807e+04 
4.026263e-02 1.710215e+04 1.817697e+04 
4.328283e-02 1.553017e+04 1.686190e+04 
4.630303e-02 1.423931e+04 1.570049e+04 
4.932323e-02 1.322800e+04 1.466595e+04 
5.234343e-02 1.245113e+04 1.373709e+04 
5.536364e-02 1.185895e+04 1.289738e+04 
5.838384e-02 1.141012e+04 1.213384e+04 
6.140404e-02 1.106062e+04 1.143621e+04 
6.442424e-02 1.076758e+04 1.079619e+04 
6.744444e-02 1.049295e+04 1.020704e+04 
7.046465e-02 1.020622e+04 9.663116e+03 
7.348485e-02 9.884442e+03 9.159678e+03 
7.650505e-02 9.513414e+03 8.692677e+03 
7.952525e-02 9.088570e+03 8.258615e+03 
8.254545e-02 8.615243e+03 7.854447e+03 
8.556566e-02 8.105373e+03 7.477499e+03 
8.858586e-02 7.575149e+03 7.125405e+03 
9.160606e-02 7.042998e+03 6.796065e+03 
9.462626e-02 6.526996e+03 6.487601e+03 
9.764646e-02 6.043744e+03 6.198329e+03 
1.006667e-01 5.606514e+03 5.926736e+03 
1.036869e-01 5.224623e+03 5.671454e+03 
1.067071e-01 4.902683e+03 5.431243e+03 
1.097273e-01 4.640594e+03 5.204982e+03 
1.127475e-01 4.434811e+03 4.991647e+03 
1.157677e-01 4.278639e+03 4.790308e+03 
1.187879e-01 4.163945e+03 4.600116e+03 
1.218081e-01 4.081461e+03 4.420291e+03 
1.248283e-01 4.021438e+03 4.250123e+03 
1.278485e-01 3.973807e+03 4.088958e+03 
1.308687e-01 3.929046e+03 3.936195e+03 
1.338889e-01 3.878423e+03 3.791283e+03 
1.369091e-01 3.815259e+03 3.653713e+03 
1.399293e-01 3.734754e+03 3.523015e+03 
1.429495e-01 3.634930e+03 3.398758e+03 
1.459697e-01 3.515974e+03 3.280540e+03 
1.489899e-01 3.380140e+03 3.167990e+03 
1.520101e-01 3.231105e+03 3.060767e+03 
1.550303e-01 3.073496e+03 2.958551e+03 
1.580505e-01 2.912942e+03 2.861047e+03 
1.610707e-01 2.755193e+03 2.767980e+03 
1.640909e-01 2.605700e+03 2.679095e+03 
1.671111e-01 2.468870e+03 2.594155e+03 
1.701313e-01 2.347920e+03 2.512938e+03 
1.731515e-01 2.244352e+03 2.435237e+03 
1.761717e-01 2.158498e+03 2.360860e+03 
1.791919e-01 2.089380e+03 2.289626e+03 
1.822121e-01 2.035405e+03 2.221368e+03 
1.852323e-01 1.994418e+03 2.155928e+03 
1.882525e-01 1.963908e+03 2.093158e+03 
1.912727e-01 1.941060e+03 2.032920e+03 
1.942929e-01 1.922770e+03 1.975084e+03 
1.973131e-01 1.905868e+03 1.919530e+03 
2.003333e-01 1.887382e+03 1.866143e+03 
2.033535e-01 1.864799e+03 1.814815e+03 
2.063737e-01 1.836331e+03 1.765445e+03 
2.093939e-01 1.801057e+03 1.717940e+03 
2.124141e-01 1.758831e+03 1.672209e+03 
2.154343e-01 1.710276e+03 1.628168e+03 
2.184545e-01 1.656460e+03 1.585737e+03 
2.214747e-01 1.598873e+03 1.544843e+03 
2.244949e-01 1.539203e+03 1.505413e+03 
2.275152e-01 1.479312e+03 1.467382e+03 
2.305354e-01 1.420947e+03 1.430686e+03 
2.335556e-01 1.365707e+03 1.395266e+03 
2.365758e-01 1.314865e+03 1.361065e+03 
2.395960e-01 1.269404e+03 1.328030e+03 
2.426162e-01 1.229808e+03 1.296109e+03 
2.456364e-01 1.196204e+03 1.265256e+03 
2.486566e-01 1.168328e+03 1.235425e+03 
2.516768e-01 1.145626e+03 1.206572e+03 
2.546970e-01 1.127323e+03 1.178658e+03 
2.577172e-01 1.112414e+03 1.151642e+03 
2.607374e-01 1.099808e+03 1.125488e+03 
2.637576e-01 1.088402e+03 1.100161e+03 
2.667778e-01 1.077160e+03 1.075627e+03 
2.697980e-01 1.065161e+03 1.051855e+03 
2.728182e-01 1.051689e+03 1.028816e+03 
2.758384e-01 1.036217e+03 1.006479e+03 
2.788586e-01 1.018490e+03 9.848171e+02 
2.818788e-01 9.984474e+02 9.638053e+02 
2.848990e-01 9.762872e+02 9.434181e+02 
2.879192e-01 9.523634e+02 9.236318e+02 
2.909394e-01 9.271788e+02 9.044239e+02 
2.939596e-01 9.013412e+02 8.857727e+02 
2.969798e-01 8.755054e+02 8.676577e+02 
3.000000e-01 8.502782e+02 8.500591e+02 
