1.000000e-03 3.771202e+03 3.771198e+03 
4.020202e-03 1.255235e+04 1.265165e+04 
7.040404e-03 1.829391e+04 1.842342e+04 
1.006061e-02 2.180405e+04 2.193460e+04 
1.308081e-02 2.366863e+04 2.379670e+04 
1.610101e-02 2.431267e+04 2.439583e+04 
1.912121e-02 2.406790e+04 2.404425e+04 
2.214141e-02 2.320623e+04 2.307166e+04 
2.516162e-02 2.195451e+04 2.179398e+04 
2.818182e-02 2.049807e+04 2.044077e+04 
3.120202e-02 1.898203e+04 1.913570e+04 
3.422222e-02 1.751297e+04 1.792648e+04 
3.724242e-02 1.616132e+04 1.682162e+04 
4.026263e-02 1.496858e+04 1.581425e+04 
4.328283e-02 1.394811e+04 1.489342e+04 
4.630303e-02 1.309093e+04 1.404847e+04 
4.932323e-02 1.239483e+04 1.327022e+04 
5.234343e-02 1.183463e+04 1.255105e+04 
5.536364e-02 1.136641e+04 1.188466e+04 
5.838384e-02 1.096598e+04 1.126580e+04 
6.140404e-02 1.060560e+04 1.068999e+04 
6.442424e-02 1.025639e+04 1.015339e+04 
6.744444e-02 9.899705e+03 9.652615e+03 
7.046465e-02 9.522169e+03 9.184696e+03 
7.348485e-02 9.116538e+03 8.746967e+03 
7.650505e-02 8.683326e+03 8.337035e+03 
7.952525e-02 8.229238e+03 7.952741e+03 
8.254545e-02 7.764887e+03 7.592126e+03 
8.556566e-02 7.303028e+03 7.253409e+03 
8.858586e-02 6.855990e+03 6.934964e+03 
9.160606e-02 6.434728e+03 6.635309e+03 
9.462626e-02 6.048295e+03 6.353086e+03 
9.764646e-02 5.703379e+03 6.087052e+03 
1.006667e-01 5.404127e+03 5.836065e+03 
1.036869e-01 5.151155e+03 5.599080e+03 
1.067071e-01 4.941957e+03 5.375134e+03 
1.097273e-01 4.771198e+03 5.163341e+03 
1.127475e-01 4.631523e+03 4.962886e+03 
1.157677e-01 4.514589e+03 4.773017e+03 
1.187879e-01 4.412287e+03 4.593042e+03 
1.218081e-01 4.316997e+03 4.422319e+03 
1.248283e-01 4.222214e+03 4.260259e+03 
1.278485e-01 4.122580e+03 4.106312e+03 
1.308687e-01 4.014298e+03 3.959974e+03 
1.338889e-01 3.895355e+03 3.820775e+03 
1.369091e-01 3.765449e+03 3.688279e+03 
1.399293e-01 3.626299e+03 3.562084e+03 
1.429495e-01 3.480794e+03 3.441814e+03 
1.459697e-01 3.332441e+03 3.327120e+03 
1.489899e-01 3.184909e+03 3.217678e+03 
1.520101e-01 3.041817e+03 3.113187e+03 
1.550303e-01 2.906426e+03 3.013365e+03 
1.580505e-01 2.781440e+03 2.917950e+03 
1.610707e-01 2.668903e+03 2.826697e+03 
1.640909e-01 2.570163e+03 2.739378e+03 
1.671111e-01 2.485233e+03 2.655779e+03 
1.701313e-01 2.413239e+03 2.575700e+03 
1.731515e-01 2.352353e+03 2.498954e+03 
1.761717e-01 2.300369e+03 2.425367e+03 
1.791919e-01 2.254825e+03 2.354774e+03 
1.822121e-01 2.213382e+03 2.287022e+03 
1.852323e-01 2.173944e+03 2.221965e+03 
1.882525e-01 2.134623e+03 2.159469e+03 
1.912727e-01 2.093745e+03 2.099405e+03 
1.942929e-01 2.050112e+03 2.041655e+03 
1.973131e-01 2.002910e+03 1.986104e+03 
2.003333e-01 1.951997e+03 1.932648e+03 
2.033535e-01 1.897692e+03 1.881186e+03 
2.063737e-01 1.840987e+03 1.831624e+03 
2.093939e-01 1.783052e+03 1.783872e+03 
2.124141e-01 1.725160e+03 1.737847e+03 
2.154343e-01 1.668511e+03 1.693471e+03 
2.184545e-01 1.614207e+03 1.650666e+03 
2.214747e-01 1.563097e+03 1.609364e+03 
2.244949e-01 1.515838e+03 1.569497e+03 
2.275152e-01 1.472778e+03 1.531002e+03 
2.305354e-01 1.434065e+03 1.493819e+03 
2.335556e-01 1.399555e+03 1.457891e+03 
2.365758e-01 1.368907e+03 1.423163e+03 
2.395960e-01 1.341563e+03 1.389586e+03 
2.426162e-01 1.316860e+03 1.357111e+03 
2.456364e-01 1.294064e+03 1.325691e+03 
2.486566e-01 1.272429e+03 1.295283e+03 
2.516768e-01 1.251231e+03 1.265845e+03 
2.546970e-01 1.229868e+03 1.237339e+03 
2.577172e-01 1.207851e+03 1.209726e+03 
2.607374e-01 1.184895e+03 1.182971e+03 
2.637576e-01 1.160894e+03 1.157039e+03 
2.667778e-01 1.135957e+03 1.131900e+03 
2.697980e-01 1.110294e+03 1.107521e+03 
2.728182e-01 1.084196e+03 1.083873e+03 
2.758384e-01 1.058008e+03 1.060929e+03 
2.788586e-01 1.032089e+03 1.038662e+03 
2.818788e-01 1.006776e+03 1.017046e+03 
2.848990e-01 9.823831e+02 9.960574e+02 
2.879192e-01 9.591829e+02 9.756723e+02 
2.909394e-01 9.373769e+02 9.558689e+02 
2.939596e-01 9.170698e+02 9.366258e+02 
2.969798e-01 8.982745e+02 9.179230e+02 
3.000000e-01 8.809237e+02 8.997410e+02 
