1.000000e-03 2.493672e+03 2.493670e+03 
4.020202e-03 8.474135e+03 8.541310e+03 
7.040404e-03 1.248660e+04 1.256321e+04 
1.006061e-02 1.503639e+04 1.507739e+04 
1.308081e-02 1.651633e+04 1.650318e+04 
1.610101e-02 1.721266e+04 1.713102e+04 
1.912121e-02 1.734260e+04 1.719371e+04 
2.214141e-02 1.707642e+04 1.689702e+04 
2.516162e-02 1.655059e+04 1.640229e+04 
2.818182e-02 1.587335e+04 1.581318e+04 
3.120202e-02 1.512662e+04 1.518687e+04 
3.422222e-02 1.437000e+04 1.455275e+04 
3.724242e-02 1.364271e+04 1.392598e+04 
4.026263e-02 1.296855e+04 1.331478e+04 
4.328283e-02 1.235420e+04 1.272379e+04 
4.630303e-02 1.179727e+04 1.215565e+04 
4.932323e-02 1.130275e+04 1.161181e+04 
5.234343e-02 1.085525e+04 1.109285e+04 
5.536364e-02 1.043141e+04 1.059881e+04 
5.838384e-02 1.002686e+04 1.012933e+04 
6.140404e-02 9.635627e+03 9.683783e+03 
6.442424e-02 9.248110e+03 9.261343e+03 
6.744444e-02 8.860136e+03 8.861072e+03 
7.046465e-02 8.470842e+03 8.481963e+03 
7.348485e-02 8.082138e+03 8.122974e+03 
7.650505e-02 7.699301e+03 7.783058e+03 
7.952525e-02 7.328947e+03 7.461181e+03 
8.254545e-02 6.977494e+03 7.156335e+03 
8.556566e-02 6.649146e+03 6.867546e+03 
8.858586e-02 6.346123e+03 6.593882e+03 
9.160606e-02 6.068826e+03 6.334453e+03 
9.462626e-02 5.816992e+03 6.088419e+03 
9.764646e-02 5.589903e+03 5.854983e+03 
1.006667e-01 5.386204e+03 5.633394e+03 
1.036869e-01 5.203138e+03 5.422949e+03 
1.067071e-01 5.036424e+03 5.222983e+03 
1.097273e-01 4.881394e+03 5.032878e+03 
1.127475e-01 4.733134e+03 4.852050e+03 
1.157677e-01 4.587923e+03 4.679955e+03 
1.187879e-01 4.443239e+03 4.516084e+03 
1.218081e-01 4.298110e+03 4.359960e+03 
1.248283e-01 4.152796e+03 4.211136e+03 
1.278485e-01 4.008061e+03 4.069197e+03 
1.308687e-01 3.865020e+03 3.933751e+03 
1.338889e-01 3.725044e+03 3.804434e+03 
1.369091e-01 3.589632e+03 3.680905e+03 
1.399293e-01 3.460096e+03 3.562843e+03 
1.429495e-01 3.337591e+03 3.449949e+03 
1.459697e-01 3.222803e+03 3.341944e+03 
1.489899e-01 3.116134e+03 3.238563e+03 
1.520101e-01 3.017499e+03 3.139562e+03 
1.550303e-01 2.926573e+03 3.044708e+03 
1.580505e-01 2.842738e+03 2.953786e+03 
1.610707e-01 2.765188e+03 2.866592e+03 
1.640909e-01 2.692718e+03 2.782935e+03 
1.671111e-01 2.624041e+03 2.702635e+03 
1.701313e-01 2.557970e+03 2.625524e+03 
1.731515e-01 2.493469e+03 2.551443e+03 
1.761717e-01 2.429912e+03 2.480242e+03 
1.791919e-01 2.366903e+03 2.411780e+03 
1.822121e-01 2.304453e+03 2.345926e+03 
1.852323e-01 2.242647e+03 2.282555e+03 
1.882525e-01 2.181593e+03 2.221547e+03 
1.912727e-01 2.121501e+03 2.162793e+03 
1.942929e-01 2.062767e+03 2.106188e+03 
1.973131e-01 2.005809e+03 2.051632e+03 
2.003333e-01 1.951048e+03 1.999031e+03 
2.033535e-01 1.898813e+03 1.948298e+03 
2.063737e-01 1.849309e+03 1.899347e+03 
2.093939e-01 1.802544e+03 1.852101e+03 
2.124141e-01 1.758300e+03 1.806484e+03 
2.154343e-01 1.716365e+03 1.762425e+03 
2.184545e-01 1.676538e+03 1.719857e+03 
2.214747e-01 1.638586e+03 1.678715e+03 
2.244949e-01 1.602239e+03 1.638939e+03 
2.275152e-01 1.567219e+03 1.600472e+03 
2.305354e-01 1.533243e+03 1.563259e+03 
2.335556e-01 1.500076e+03 1.527248e+03 
2.365758e-01 1.467525e+03 1.492390e+03 
2.395960e-01 1.435525e+03 1.458638e+03 
2.426162e-01 1.404085e+03 1.425947e+03 
2.456364e-01 1.373237e+03 1.394276e+03 
2.486566e-01 1.343019e+03 1.363582e+03 
2.516768e-01 1.313468e+03 1.333830e+03 
2.546970e-01 1.284619e+03 1.304980e+03 
2.577172e-01 1.256531e+03 1.277000e+03 
2.607374e-01 1.229274e+03 1.249855e+03 
2.637576e-01 1.202945e+03 1.223513e+03 
2.667778e-01 1.177629e+03 1.197945e+03 
2.697980e-01 1.153320e+03 1.173121e+03 
2.728182e-01 1.129974e+03 1.149014e+03 
2.758384e-01 1.107499e+03 1.125598e+03 
2.788586e-01 1.085795e+03 1.102847e+03 
2.818788e-01 1.064768e+03 1.080737e+03 
2.848990e-01 1.044341e+03 1.059245e+03 
2.879192e-01 1.024484e+03 1.038350e+03 
2.909394e-01 1.005165e+03 1.018029e+03 
2.939596e-01 9.863351e+02 9.982635e+02 
2.969798e-01 9.679456e+02 9.790333e+02 
3.000000e-01 9.499459e+02 9.603201e+02 
