1.000000e-03 4.594693e+03 4.594689e+03 
4.020202e-03 1.523874e+04 1.535913e+04 
7.040404e-03 2.223024e+04 2.240037e+04 
1.006061e-02 2.651563e+04 2.672322e+04 
1.308081e-02 2.877130e+04 2.903294e+04 
1.610101e-02 2.949429e+04 2.975359e+04 
1.912121e-02 2.908084e+04 2.921576e+04 
2.214141e-02 2.786555e+04 2.779963e+04 
2.516162e-02 2.613389e+04 2.592439e+04 
2.818182e-02 2.412722e+04 2.393789e+04 
3.120202e-02 2.203845e+04 2.204836e+04 
3.422222e-02 2.001286e+04 2.034100e+04 
3.724242e-02 1.814911e+04 1.882877e+04 
4.026263e-02 1.650820e+04 1.749395e+04 
4.328283e-02 1.510867e+04 1.631069e+04 
4.630303e-02 1.394934e+04 1.525435e+04 
4.932323e-02 1.303141e+04 1.430428e+04 
5.234343e-02 1.231719e+04 1.344397e+04 
5.536364e-02 1.176075e+04 1.266041e+04 
5.838384e-02 1.132489e+04 1.194327e+04 
6.140404e-02 1.097330e+04 1.128425e+04 
6.442424e-02 1.066855e+04 1.067659e+04 
6.744444e-02 1.037585e+04 1.011470e+04 
7.046465e-02 1.006867e+04 9.593846e+03 
7.348485e-02 9.728007e+03 9.110013e+03 
7.650505e-02 9.343296e+03 8.659718e+03 
7.952525e-02 8.913036e+03 8.239927e+03 
8.254545e-02 8.443983e+03 7.847970e+03 
8.556566e-02 7.948258e+03 7.481480e+03 
8.858586e-02 7.441061e+03 7.138349e+03 
9.160606e-02 6.938366e+03 6.816689e+03 
9.462626e-02 6.455469e+03 6.514802e+03 
9.764646e-02 6.006467e+03 6.231154e+03 
1.006667e-01 5.602411e+03 5.964360e+03 
1.036869e-01 5.251099e+03 5.713161e+03 
1.067071e-01 4.955527e+03 5.476413e+03 
1.097273e-01 4.714943e+03 5.253071e+03 
1.127475e-01 4.525190e+03 5.042185e+03 
1.157677e-01 4.379257e+03 4.842881e+03 
1.187879e-01 4.268667e+03 4.654363e+03 
1.218081e-01 4.184407e+03 4.475897e+03 
1.248283e-01 4.117362e+03 4.306811e+03 
1.278485e-01 4.058499e+03 4.146487e+03 
1.308687e-01 3.999569e+03 3.994352e+03 
1.338889e-01 3.933302e+03 3.849883e+03 
1.369091e-01 3.854387e+03 3.712593e+03 
1.399293e-01 3.759192e+03 3.582034e+03 
1.429495e-01 3.646906e+03 3.457790e+03 
1.459697e-01 3.518462e+03 3.339477e+03 
1.489899e-01 3.376835e+03 3.226738e+03 
1.520101e-01 3.225988e+03 3.119242e+03 
1.550303e-01 3.070647e+03 3.016682e+03 
1.580505e-01 2.915778e+03 2.918772e+03 
1.610707e-01 2.766322e+03 2.825246e+03 
1.640909e-01 2.626714e+03 2.735856e+03 
1.671111e-01 2.500540e+03 2.650371e+03 
1.701313e-01 2.389969e+03 2.568576e+03 
1.731515e-01 2.295938e+03 2.490269e+03 
1.761717e-01 2.218210e+03 2.415262e+03 
1.791919e-01 2.155480e+03 2.343379e+03 
1.822121e-01 2.105824e+03 2.274456e+03 
1.852323e-01 2.066929e+03 2.208338e+03 
1.882525e-01 2.036236e+03 2.144880e+03 
1.912727e-01 2.010910e+03 2.083948e+03 
1.942929e-01 1.988100e+03 2.025413e+03 
1.973131e-01 1.965021e+03 1.969157e+03 
2.003333e-01 1.939310e+03 1.915066e+03 
2.033535e-01 1.909031e+03 1.863035e+03 
2.063737e-01 1.873084e+03 1.812964e+03 
2.093939e-01 1.830992e+03 1.764760e+03 
2.124141e-01 1.783101e+03 1.718334e+03 
2.154343e-01 1.730253e+03 1.673603e+03 
2.184545e-01 1.673725e+03 1.630488e+03 
2.214747e-01 1.615067e+03 1.588916e+03 
2.244949e-01 1.555947e+03 1.548816e+03 
2.275152e-01 1.497997e+03 1.510121e+03 
2.305354e-01 1.442703e+03 1.472769e+03 
2.335556e-01 1.391279e+03 1.436701e+03 
2.365758e-01 1.344625e+03 1.401861e+03 
2.395960e-01 1.303308e+03 1.368196e+03 
2.426162e-01 1.267493e+03 1.335654e+03 
2.456364e-01 1.237060e+03 1.304189e+03 
2.486566e-01 1.211565e+03 1.273755e+03 
2.516768e-01 1.190363e+03 1.244308e+03 
2.546970e-01 1.172572e+03 1.215809e+03 
2.577172e-01 1.157205e+03 1.188218e+03 
2.607374e-01 1.143203e+03 1.161499e+03 
2.637576e-01 1.129574e+03 1.135616e+03 
2.667778e-01 1.115422e+03 1.110536e+03 
2.697980e-01 1.100077e+03 1.086227e+03 
2.728182e-01 1.083060e+03 1.062659e+03 
2.758384e-01 1.064154e+03 1.039803e+03 
2.788586e-01 1.043317e+03 1.017632e+03 
2.818788e-01 1.020672e+03 9.961197e+02 
2.848990e-01 9.965128e+02 9.752409e+02 
2.879192e-01 9.712484e+02 9.549718e+02 
2.909394e-01 9.454173e+02 9.352897e+02 
2.939596e-01 9.195947e+02 9.161730e+02 
2.969798e-01 8.943601e+02 8.976009e+02 
3.000000e-01 8.702223e+02 8.795536e+02 
