1.000000e-03 6.833706e+03 6.833700e+03 
4.020202e-03 2.232875e+04 2.250759e+04 
7.040404e-03 3.230748e+04 3.257752e+04 
1.006061e-02 3.825450e+04 3.863876e+04 
1.308081e-02 4.118100e+04 4.174331e+04 
1.610101e-02 4.182123e+04 4.248035e+04 
1.912121e-02 4.076176e+04 4.127224e+04 
2.214141e-02 3.850560e+04 3.863217e+04 
2.516162e-02 3.548903e+04 3.520647e+04 
2.818182e-02 3.208523e+04 3.160616e+04 
3.120202e-02 2.859558e+04 2.823887e+04 
3.422222e-02 2.524759e+04 2.528385e+04 
3.724242e-02 2.219668e+04 2.276603e+04 
4.026263e-02 1.953505e+04 2.063862e+04 
4.328283e-02 1.728868e+04 1.883492e+04 
4.630303e-02 1.545909e+04 1.729179e+04 
4.932323e-02 1.403330e+04 1.595704e+04 
5.234343e-02 1.295576e+04 1.478986e+04 
5.536364e-02 1.216494e+04 1.375901e+04 
5.838384e-02 1.160255e+04 1.284061e+04 
6.140404e-02 1.121303e+04 1.201628e+04 
6.442424e-02 1.093830e+04 1.127172e+04 
6.744444e-02 1.072625e+04 1.059560e+04 
7.046465e-02 1.053248e+04 9.978844e+03 
7.348485e-02 1.031809e+04 9.414037e+03 
7.650505e-02 1.005310e+04 8.895056e+03 
7.952525e-02 9.718191e+03 8.416771e+03 
8.254545e-02 9.305849e+03 7.974836e+03 
8.556566e-02 8.820731e+03 7.565533e+03 
8.858586e-02 8.276382e+03 7.185650e+03 
9.160606e-02 7.692819e+03 6.832393e+03 
9.462626e-02 7.094152e+03 6.503312e+03 
9.764646e-02 6.504314e+03 6.196251e+03 
1.006667e-01 5.946000e+03 5.909298e+03 
1.036869e-01 5.436973e+03 5.640752e+03 
1.067071e-01 4.990636e+03 5.389093e+03 
1.097273e-01 4.613306e+03 5.152958e+03 
1.127475e-01 4.306981e+03 4.931122e+03 
1.157677e-01 4.069006e+03 4.722477e+03 
1.187879e-01 3.893757e+03 4.526023e+03 
1.218081e-01 3.773353e+03 4.340852e+03 
1.248283e-01 3.698380e+03 4.166141e+03 
1.278485e-01 3.658461e+03 4.001136e+03 
1.308687e-01 3.642108e+03 3.845154e+03 
1.338889e-01 3.637734e+03 3.697568e+03 
1.369091e-01 3.634001e+03 3.557804e+03 
1.399293e-01 3.621170e+03 3.425336e+03 
1.429495e-01 3.591069e+03 3.299680e+03 
1.459697e-01 3.538223e+03 3.180393e+03 
1.489899e-01 3.459275e+03 3.067065e+03 
1.520101e-01 3.353818e+03 2.959318e+03 
1.550303e-01 3.223695e+03 2.856803e+03 
1.580505e-01 3.072977e+03 2.759200e+03 
1.610707e-01 2.907881e+03 2.666208e+03 
1.640909e-01 2.735763e+03 2.577552e+03 
1.671111e-01 2.564225e+03 2.492974e+03 
1.701313e-01 2.400238e+03 2.412238e+03 
1.731515e-01 2.249455e+03 2.335122e+03 
1.761717e-01 2.115738e+03 2.261419e+03 
1.791919e-01 2.001286e+03 2.190938e+03 
1.822121e-01 1.906893e+03 2.123500e+03 
1.852323e-01 1.832460e+03 2.058938e+03 
1.882525e-01 1.776895e+03 1.997097e+03 
1.912727e-01 1.738462e+03 1.937830e+03 
1.942929e-01 1.714718e+03 1.881002e+03 
1.973131e-01 1.702558e+03 1.826485e+03 
2.003333e-01 1.698386e+03 1.774160e+03 
2.033535e-01 1.698322e+03 1.723914e+03 
2.063737e-01 1.698560e+03 1.675643e+03 
2.093939e-01 1.695744e+03 1.629247e+03 
2.124141e-01 1.687115e+03 1.584635e+03 
2.154343e-01 1.670649e+03 1.541719e+03 
2.184545e-01 1.645214e+03 1.500416e+03 
2.214747e-01 1.610385e+03 1.460650e+03 
2.244949e-01 1.566612e+03 1.422349e+03 
2.275152e-01 1.514950e+03 1.385442e+03 
2.305354e-01 1.457216e+03 1.349866e+03 
2.335556e-01 1.395585e+03 1.315560e+03 
2.365758e-01 1.332492e+03 1.282465e+03 
2.395960e-01 1.270275e+03 1.250527e+03 
2.426162e-01 1.211096e+03 1.219696e+03 
2.456364e-01 1.156664e+03 1.189921e+03 
2.486566e-01 1.108269e+03 1.161157e+03 
2.516768e-01 1.066656e+03 1.133360e+03 
2.546970e-01 1.032148e+03 1.106488e+03 
2.577172e-01 1.004700e+03 1.080503e+03 
2.607374e-01 9.838330e+02 1.055367e+03 
2.637576e-01 9.688012e+02 1.031044e+03 
2.667778e-01 9.585784e+02 1.007502e+03 
2.697980e-01 9.519853e+02 9.847074e+02 
2.728182e-01 9.477031e+02 9.626307e+02 
2.758384e-01 9.444285e+02 9.412430e+02 
2.788586e-01 9.409064e+02 9.205168e+02 
2.818788e-01 9.360413e+02 9.004260e+02 
2.848990e-01 9.289073e+02 8.809457e+02 
2.879192e-01 9.188619e+02 8.620522e+02 
2.909394e-01 9.055243e+02 8.437230e+02 
2.939596e-01 8.887958e+02 8.259366e+02 
2.969798e-01 8.688825e+02 8.086723e+02 
3.000000e-01 8.462132e+02 7.919107e+02 
