1.000000e-03 3.566263e+03 3.566260e+03 
4.020202e-03 1.190294e+04 1.199808e+04 
7.040404e-03 1.734449e+04 1.746462e+04 
1.006061e-02 2.066774e+04 2.077765e+04 
1.308081e-02 2.244107e+04 2.253236e+04 
1.610101e-02 2.307452e+04 2.311059e+04 
1.912121e-02 2.288307e+04 2.281991e+04 
2.214141e-02 2.212235e+04 2.197149e+04 
2.516162e-02 2.100172e+04 2.084959e+04 
2.818182e-02 1.969234e+04 1.965335e+04 
3.120202e-02 1.832542e+04 1.848819e+04 
3.422222e-02 1.699758e+04 1.739562e+04 
3.724242e-02 1.577191e+04 1.638499e+04 
4.026263e-02 1.468482e+04 1.545293e+04 
4.328283e-02 1.374986e+04 1.459236e+04 
4.630303e-02 1.295811e+04 1.379596e+04 
4.932323e-02 1.230131e+04 1.305721e+04 
5.234343e-02 1.176308e+04 1.237052e+04 
5.536364e-02 1.130469e+04 1.173111e+04 
5.838384e-02 1.089853e+04 1.113486e+04 
6.140404e-02 1.052279e+04 1.057818e+04 
6.442424e-02 1.015413e+04 1.005788e+04 
6.744444e-02 9.777243e+03 9.571078e+03 
7.046465e-02 9.382662e+03 9.115206e+03 
7.348485e-02 8.965707e+03 8.687916e+03 
7.650505e-02 8.528907e+03 8.287069e+03 
7.952525e-02 8.079452e+03 7.910709e+03 
8.254545e-02 7.627593e+03 7.557044e+03 
8.556566e-02 7.184923e+03 7.224431e+03 
8.858586e-02 6.762147e+03 6.911362e+03 
9.160606e-02 6.368240e+03 6.616448e+03 
9.462626e-02 6.010236e+03 6.338414e+03 
9.764646e-02 5.692677e+03 6.076086e+03 
1.006667e-01 5.417957e+03 5.828382e+03 
1.036869e-01 5.185011e+03 5.594307e+03 
1.067071e-01 4.990452e+03 5.372942e+03 
1.097273e-01 4.828167e+03 5.163438e+03 
1.127475e-01 4.690983e+03 4.965015e+03 
1.157677e-01 4.571128e+03 4.776949e+03 
1.187879e-01 4.461193e+03 4.598572e+03 
1.218081e-01 4.354670e+03 4.429267e+03 
1.248283e-01 4.246284e+03 4.268461e+03 
1.278485e-01 4.132172e+03 4.115625e+03 
1.308687e-01 4.010047e+03 3.970267e+03 
1.338889e-01 3.878989e+03 3.831931e+03 
1.369091e-01 3.740176e+03 3.700195e+03 
1.399293e-01 3.595913e+03 3.574666e+03 
1.429495e-01 3.449335e+03 3.454977e+03 
1.459697e-01 3.303713e+03 3.340790e+03 
1.489899e-01 3.162089e+03 3.231786e+03 
1.520101e-01 3.027246e+03 3.127672e+03 
1.550303e-01 2.901591e+03 3.028172e+03 
1.580505e-01 2.787001e+03 2.933029e+03 
1.610707e-01 2.684779e+03 2.842004e+03 
1.640909e-01 2.595249e+03 2.754872e+03 
1.671111e-01 2.517965e+03 2.671424e+03 
1.701313e-01 2.451383e+03 2.591463e+03 
1.731515e-01 2.393461e+03 2.514807e+03 
1.761717e-01 2.341850e+03 2.441282e+03 
1.791919e-01 2.294289e+03 2.370727e+03 
1.822121e-01 2.248862e+03 2.302991e+03 
1.852323e-01 2.203945e+03 2.237932e+03 
1.882525e-01 2.158257e+03 2.175415e+03 
1.912727e-01 2.110763e+03 2.115316e+03 
1.942929e-01 2.060677e+03 2.057516e+03 
1.973131e-01 2.007811e+03 2.001903e+03 
2.003333e-01 1.952396e+03 1.948374e+03 
2.033535e-01 1.895201e+03 1.896828e+03 
2.063737e-01 1.837227e+03 1.847173e+03 
2.093939e-01 1.779661e+03 1.799321e+03 
2.124141e-01 1.723616e+03 1.753189e+03 
2.154343e-01 1.670002e+03 1.708699e+03 
2.184545e-01 1.619502e+03 1.665776e+03 
2.214747e-01 1.572548e+03 1.624350e+03 
2.244949e-01 1.529377e+03 1.584355e+03 
2.275152e-01 1.490063e+03 1.545728e+03 
2.305354e-01 1.454464e+03 1.508410e+03 
2.335556e-01 1.422289e+03 1.472344e+03 
2.365758e-01 1.393029e+03 1.437478e+03 
2.395960e-01 1.366093e+03 1.403759e+03 
2.426162e-01 1.340817e+03 1.371141e+03 
2.456364e-01 1.316563e+03 1.339577e+03 
2.486566e-01 1.292756e+03 1.309024e+03 
2.516768e-01 1.268919e+03 1.279441e+03 
2.546970e-01 1.244679e+03 1.250789e+03 
2.577172e-01 1.219839e+03 1.223030e+03 
2.607374e-01 1.194333e+03 1.196129e+03 
2.637576e-01 1.168260e+03 1.170052e+03 
2.667778e-01 1.141809e+03 1.144767e+03 
2.697980e-01 1.115251e+03 1.120243e+03 
2.728182e-01 1.088886e+03 1.096452e+03 
2.758384e-01 1.063024e+03 1.073364e+03 
2.788586e-01 1.037942e+03 1.050954e+03 
2.818788e-01 1.013859e+03 1.029197e+03 
2.848990e-01 9.909410e+02 1.008067e+03 
2.879192e-01 9.693040e+02 9.875427e+02 
2.909394e-01 9.489915e+02 9.676009e+02 
2.939596e-01 9.299935e+02 9.482208e+02 
2.969798e-01 9.122132e+02 9.293822e+02 
3.000000e-01 8.955130e+02 9.110657e+02 
