1.000000e-03 2.921794e+03 2.921791e+03 
4.020202e-03 9.893337e+03 9.971382e+03 
7.040404e-03 1.461523e+04 1.471728e+04 
1.006061e-02 1.763728e+04 1.773087e+04 
1.308081e-02 1.938160e+04 1.945911e+04 
1.610101e-02 2.016187e+04 2.019677e+04 
1.912121e-02 2.022531e+04 2.018043e+04 
2.214141e-02 1.977483e+04 1.965181e+04 
2.516162e-02 1.898214e+04 1.884148e+04 
2.818182e-02 1.798752e+04 1.792186e+04 
3.120202e-02 1.690462e+04 1.699268e+04 
3.422222e-02 1.581873e+04 1.609941e+04 
3.724242e-02 1.478945e+04 1.525767e+04 
4.026263e-02 1.385420e+04 1.446983e+04 
4.328283e-02 1.303226e+04 1.373338e+04 
4.630303e-02 1.232186e+04 1.304455e+04 
4.932323e-02 1.171877e+04 1.239952e+04 
5.234343e-02 1.121785e+04 1.179485e+04 
5.536364e-02 1.078922e+04 1.122746e+04 
5.838384e-02 1.040763e+04 1.069465e+04 
6.140404e-02 1.005867e+04 1.019396e+04 
6.442424e-02 9.725131e+03 9.723169e+03 
6.744444e-02 9.391214e+03 9.280243e+03 
7.046465e-02 9.044872e+03 8.863299e+03 
7.348485e-02 8.680111e+03 8.470593e+03 
7.650505e-02 8.296479e+03 8.100507e+03 
7.952525e-02 7.898473e+03 7.751535e+03 
8.254545e-02 7.494715e+03 7.422277e+03 
8.556566e-02 7.094893e+03 7.111431e+03 
8.858586e-02 6.708347e+03 6.817786e+03 
9.160606e-02 6.342655e+03 6.540217e+03 
9.462626e-02 6.003746e+03 6.277677e+03 
9.764646e-02 5.696033e+03 6.029194e+03 
1.006667e-01 5.422470e+03 5.793865e+03 
1.036869e-01 5.184528e+03 5.570850e+03 
1.067071e-01 4.981318e+03 5.359370e+03 
1.097273e-01 4.809848e+03 5.158701e+03 
1.127475e-01 4.664768e+03 4.968169e+03 
1.157677e-01 4.539717e+03 4.787150e+03 
1.187879e-01 4.427706e+03 4.615061e+03 
1.218081e-01 4.322579e+03 4.451361e+03 
1.248283e-01 4.218935e+03 4.295547e+03 
1.278485e-01 4.113030e+03 4.147151e+03 
1.308687e-01 4.002119e+03 4.005736e+03 
1.338889e-01 3.884952e+03 3.870896e+03 
1.369091e-01 3.761155e+03 3.742251e+03 
1.399293e-01 3.631610e+03 3.619448e+03 
1.429495e-01 3.497945e+03 3.502157e+03 
1.459697e-01 3.362664e+03 3.390069e+03 
1.489899e-01 3.228432e+03 3.282897e+03 
1.520101e-01 3.097982e+03 3.180372e+03 
1.550303e-01 2.973758e+03 3.082242e+03 
1.580505e-01 2.857912e+03 2.988271e+03 
1.610707e-01 2.751894e+03 2.898238e+03 
1.640909e-01 2.656660e+03 2.811936e+03 
1.671111e-01 2.572348e+03 2.729172e+03 
1.701313e-01 2.498558e+03 2.649762e+03 
1.731515e-01 2.434017e+03 2.573537e+03 
1.761717e-01 2.377136e+03 2.500336e+03 
1.791919e-01 2.326031e+03 2.430007e+03 
1.822121e-01 2.278885e+03 2.362408e+03 
1.852323e-01 2.234014e+03 2.297407e+03 
1.882525e-01 2.189946e+03 2.234877e+03 
1.912727e-01 2.145414e+03 2.174699e+03 
1.942929e-01 2.099487e+03 2.116762e+03 
1.973131e-01 2.051497e+03 2.060961e+03 
2.003333e-01 2.001239e+03 2.007196e+03 
2.033535e-01 1.948815e+03 1.955372e+03 
2.063737e-01 1.894857e+03 1.905402e+03 
2.093939e-01 1.840181e+03 1.857202e+03 
2.124141e-01 1.785751e+03 1.810691e+03 
2.154343e-01 1.732467e+03 1.765795e+03 
2.184545e-01 1.681091e+03 1.722444e+03 
2.214747e-01 1.632246e+03 1.680569e+03 
2.244949e-01 1.586409e+03 1.640107e+03 
2.275152e-01 1.543885e+03 1.600997e+03 
2.305354e-01 1.504839e+03 1.563182e+03 
2.335556e-01 1.469224e+03 1.526608e+03 
2.365758e-01 1.436849e+03 1.491223e+03 
2.395960e-01 1.407284e+03 1.456977e+03 
2.426162e-01 1.380009e+03 1.423825e+03 
2.456364e-01 1.354437e+03 1.391721e+03 
2.486566e-01 1.330014e+03 1.360625e+03 
2.516768e-01 1.306274e+03 1.330494e+03 
2.546970e-01 1.282807e+03 1.301292e+03 
2.577172e-01 1.259266e+03 1.272982e+03 
2.607374e-01 1.235399e+03 1.245529e+03 
2.637576e-01 1.211043e+03 1.218900e+03 
2.667778e-01 1.186163e+03 1.193064e+03 
2.697980e-01 1.160819e+03 1.167990e+03 
2.728182e-01 1.135214e+03 1.143651e+03 
2.758384e-01 1.109621e+03 1.120018e+03 
2.788586e-01 1.084356e+03 1.097065e+03 
2.818788e-01 1.059709e+03 1.074768e+03 
2.848990e-01 1.035889e+03 1.053103e+03 
2.879192e-01 1.013055e+03 1.032046e+03 
2.909394e-01 9.913112e+02 1.011576e+03 
2.939596e-01 9.707156e+02 9.916728e+02 
2.969798e-01 9.512799e+02 9.723154e+02 
3.000000e-01 9.329877e+02 9.534850e+02 
