1.000000e-03 4.570861e+03 4.570857e+03 
4.020202e-03 1.488291e+04 1.500216e+04 
7.040404e-03 2.142119e+04 2.157726e+04 
1.006061e-02 2.527820e+04 2.544439e+04 
1.308081e-02 2.719559e+04 2.737249e+04 
1.610101e-02 2.769650e+04 2.782969e+04 
1.912121e-02 2.718140e+04 2.718739e+04 
2.214141e-02 2.597561e+04 2.583947e+04 
2.516162e-02 2.434743e+04 2.416692e+04 
2.818182e-02 2.251526e+04 2.244651e+04 
3.120202e-02 2.064740e+04 2.082378e+04 
3.422222e-02 1.886548e+04 1.934957e+04 
3.724242e-02 1.724769e+04 1.802660e+04 
4.026263e-02 1.583795e+04 1.683977e+04 
4.328283e-02 1.464666e+04 1.577042e+04 
4.630303e-02 1.366082e+04 1.480151e+04 
4.932323e-02 1.287516e+04 1.391888e+04 
5.234343e-02 1.225610e+04 1.311110e+04 
5.536364e-02 1.175373e+04 1.236895e+04 
5.838384e-02 1.133464e+04 1.168488e+04 
6.140404e-02 1.096340e+04 1.105267e+04 
6.442424e-02 1.060788e+04 1.046703e+04 
6.744444e-02 1.024597e+04 9.923476e+03 
7.046465e-02 9.860761e+03 9.418095e+03 
7.348485e-02 9.442410e+03 8.947470e+03 
7.650505e-02 8.989189e+03 8.508580e+03 
7.952525e-02 8.506852e+03 8.098738e+03 
8.254545e-02 8.006877e+03 7.715541e+03 
8.556566e-02 7.504155e+03 7.356832e+03 
8.858586e-02 7.013989e+03 7.020664e+03 
9.160606e-02 6.550274e+03 6.705277e+03 
9.462626e-02 6.124417e+03 6.409077e+03 
9.764646e-02 5.744810e+03 6.130615e+03 
1.006667e-01 5.416297e+03 5.868572e+03 
1.036869e-01 5.140217e+03 5.621744e+03 
1.067071e-01 4.913960e+03 5.389033e+03 
1.097273e-01 4.732351e+03 5.169435e+03 
1.127475e-01 4.587721e+03 4.962030e+03 
1.157677e-01 4.471446e+03 4.765975e+03 
1.187879e-01 4.374309e+03 4.580493e+03 
1.218081e-01 4.287456e+03 4.404875e+03 
1.248283e-01 4.202711e+03 4.238463e+03 
1.278485e-01 4.113267e+03 4.080656e+03 
1.308687e-01 4.013719e+03 3.930895e+03 
1.338889e-01 3.901456e+03 3.788667e+03 
1.369091e-01 3.775680e+03 3.653498e+03 
1.399293e-01 3.637939e+03 3.524947e+03 
1.429495e-01 3.490846e+03 3.402608e+03 
1.459697e-01 3.338069e+03 3.286104e+03 
1.489899e-01 3.183584e+03 3.175085e+03 
1.520101e-01 3.031555e+03 3.069227e+03 
1.550303e-01 2.886009e+03 2.968227e+03 
1.580505e-01 2.750725e+03 2.871804e+03 
1.610707e-01 2.628638e+03 2.779697e+03 
1.640909e-01 2.521774e+03 2.691664e+03 
1.671111e-01 2.430461e+03 2.607475e+03 
1.701313e-01 2.353972e+03 2.526920e+03 
1.731515e-01 2.290436e+03 2.449801e+03 
1.761717e-01 2.237602e+03 2.375932e+03 
1.791919e-01 2.192982e+03 2.305140e+03 
1.822121e-01 2.154145e+03 2.237263e+03 
1.852323e-01 2.118704e+03 2.172150e+03 
1.882525e-01 2.084338e+03 2.109658e+03 
1.912727e-01 2.048885e+03 2.049653e+03 
1.942929e-01 2.010486e+03 1.992010e+03 
1.973131e-01 1.967862e+03 1.936612e+03 
2.003333e-01 1.920432e+03 1.883347e+03 
2.033535e-01 1.868497e+03 1.832112e+03 
2.063737e-01 1.812964e+03 1.782807e+03 
2.093939e-01 1.755101e+03 1.735342e+03 
2.124141e-01 1.696285e+03 1.689629e+03 
2.154343e-01 1.637839e+03 1.645586e+03 
2.184545e-01 1.581010e+03 1.603135e+03 
2.214747e-01 1.526921e+03 1.562204e+03 
2.244949e-01 1.476503e+03 1.522723e+03 
2.275152e-01 1.430480e+03 1.484626e+03 
2.305354e-01 1.389231e+03 1.447853e+03 
2.335556e-01 1.352868e+03 1.412345e+03 
2.365758e-01 1.321093e+03 1.378047e+03 
2.395960e-01 1.293398e+03 1.344905e+03 
2.426162e-01 1.269040e+03 1.312871e+03 
2.456364e-01 1.247215e+03 1.281897e+03 
2.486566e-01 1.227083e+03 1.251939e+03 
2.516768e-01 1.207840e+03 1.222954e+03 
2.546970e-01 1.188727e+03 1.194902e+03 
2.577172e-01 1.169119e+03 1.167745e+03 
2.607374e-01 1.148509e+03 1.141447e+03 
2.637576e-01 1.126633e+03 1.115972e+03 
2.667778e-01 1.103406e+03 1.091288e+03 
2.697980e-01 1.078977e+03 1.067364e+03 
2.728182e-01 1.053626e+03 1.044170e+03 
2.758384e-01 1.027740e+03 1.021677e+03 
2.788586e-01 1.001731e+03 9.998590e+02 
2.818788e-01 9.760169e+02 9.786894e+02 
2.848990e-01 9.509802e+02 9.581439e+02 
2.879192e-01 9.269703e+02 9.381989e+02 
2.909394e-01 9.042732e+02 9.188322e+02 
2.939596e-01 8.831037e+02 9.000222e+02 
2.969798e-01 8.635838e+02 8.817486e+02 
3.000000e-01 8.457245e+02 8.639919e+02 
