1.000000e-03 3.206821e+03 3.206818e+03 
4.020202e-03 1.080095e+04 1.088586e+04 
7.040404e-03 1.587432e+04 1.598509e+04 
1.006061e-02 1.905970e+04 1.916647e+04 
1.308081e-02 2.083445e+04 2.093171e+04 
1.610101e-02 2.155158e+04 2.160572e+04 
1.912121e-02 2.148843e+04 2.145245e+04 
2.214141e-02 2.087423e+04 2.074794e+04 
2.516162e-02 1.990150e+04 1.975621e+04 
2.818182e-02 1.872835e+04 1.867130e+04 
3.120202e-02 1.748031e+04 1.760118e+04 
3.422222e-02 1.625092e+04 1.659129e+04 
3.724242e-02 1.510374e+04 1.565391e+04 
4.026263e-02 1.407739e+04 1.478753e+04 
4.328283e-02 1.318811e+04 1.398619e+04 
4.630303e-02 1.243019e+04 1.324335e+04 
4.932323e-02 1.180203e+04 1.255308e+04 
5.234343e-02 1.128868e+04 1.191026e+04 
5.536364e-02 1.085229e+04 1.131058e+04 
5.838384e-02 1.047047e+04 1.075031e+04 
6.140404e-02 1.012373e+04 1.022622e+04 
6.442424e-02 9.789620e+03 9.735434e+03 
6.744444e-02 9.450456e+03 9.275411e+03 
7.046465e-02 9.094155e+03 8.843838e+03 
7.348485e-02 8.714610e+03 8.438618e+03 
7.650505e-02 8.312438e+03 8.057836e+03 
7.952525e-02 7.893775e+03 7.699736e+03 
8.254545e-02 7.468429e+03 7.362707e+03 
8.556566e-02 7.047456e+03 7.045266e+03 
8.858586e-02 6.640996e+03 6.746047e+03 
9.160606e-02 6.257789e+03 6.463793e+03 
9.462626e-02 5.904889e+03 6.197342e+03 
9.764646e-02 5.587550e+03 5.945623e+03 
1.006667e-01 5.309552e+03 5.707648e+03 
1.036869e-01 5.071666e+03 5.482501e+03 
1.067071e-01 4.872453e+03 5.269339e+03 
1.097273e-01 4.707136e+03 5.067381e+03 
1.127475e-01 4.569442e+03 4.875904e+03 
1.157677e-01 4.451736e+03 4.694239e+03 
1.187879e-01 4.346732e+03 4.521767e+03 
1.218081e-01 4.247664e+03 4.357912e+03 
1.248283e-01 4.149095e+03 4.202143e+03 
1.278485e-01 4.046606e+03 4.053964e+03 
1.308687e-01 3.937455e+03 3.912918e+03 
1.338889e-01 3.819996e+03 3.778576e+03 
1.369091e-01 3.694139e+03 3.650543e+03 
1.399293e-01 3.560988e+03 3.528449e+03 
1.429495e-01 3.423004e+03 3.411950e+03 
1.459697e-01 3.283152e+03 3.300726e+03 
1.489899e-01 3.144704e+03 3.194478e+03 
1.520101e-01 3.010731e+03 3.092927e+03 
1.550303e-01 2.884071e+03 2.995814e+03 
1.580505e-01 2.766976e+03 2.902895e+03 
1.610707e-01 2.661158e+03 2.813943e+03 
1.640909e-01 2.567387e+03 2.728745e+03 
1.671111e-01 2.485712e+03 2.647101e+03 
1.701313e-01 2.415320e+03 2.568826e+03 
1.731515e-01 2.354731e+03 2.493743e+03 
1.761717e-01 2.301955e+03 2.421690e+03 
1.791919e-01 2.254923e+03 2.352512e+03 
1.822121e-01 2.211584e+03 2.286064e+03 
1.852323e-01 2.170082e+03 2.222210e+03 
1.882525e-01 2.128730e+03 2.160822e+03 
1.912727e-01 2.086136e+03 2.101781e+03 
1.942929e-01 2.041261e+03 2.044972e+03 
1.973131e-01 1.993533e+03 1.990290e+03 
2.003333e-01 1.942892e+03 1.937632e+03 
2.033535e-01 1.889725e+03 1.886905e+03 
2.063737e-01 1.834828e+03 1.838018e+03 
2.093939e-01 1.779205e+03 1.790888e+03 
2.124141e-01 1.723922e+03 1.745433e+03 
2.154343e-01 1.669997e+03 1.701579e+03 
2.184545e-01 1.618284e+03 1.659255e+03 
2.214747e-01 1.569500e+03 1.618391e+03 
2.244949e-01 1.524195e+03 1.578925e+03 
2.275152e-01 1.482703e+03 1.540796e+03 
2.305354e-01 1.445145e+03 1.503946e+03 
2.335556e-01 1.411335e+03 1.468320e+03 
2.365758e-01 1.380901e+03 1.433868e+03 
2.395960e-01 1.353309e+03 1.400539e+03 
2.426162e-01 1.327972e+03 1.368288e+03 
2.456364e-01 1.304269e+03 1.337070e+03 
2.486566e-01 1.281598e+03 1.306842e+03 
2.516768e-01 1.259404e+03 1.277566e+03 
2.546970e-01 1.237197e+03 1.249202e+03 
2.577172e-01 1.214564e+03 1.221715e+03 
2.607374e-01 1.191242e+03 1.195070e+03 
2.637576e-01 1.167093e+03 1.169234e+03 
2.667778e-01 1.142198e+03 1.144176e+03 
2.697980e-01 1.116752e+03 1.119866e+03 
2.728182e-01 1.091084e+03 1.096275e+03 
2.758384e-01 1.065525e+03 1.073378e+03 
2.788586e-01 1.040379e+03 1.051146e+03 
2.818788e-01 1.015913e+03 1.029557e+03 
2.848990e-01 9.923539e+02 1.008585e+03 
2.879192e-01 9.698775e+02 9.882097e+02 
2.909394e-01 9.486225e+02 9.684079e+02 
2.939596e-01 9.286771e+02 9.491596e+02 
2.969798e-01 9.100807e+02 9.304449e+02 
3.000000e-01 8.927811e+02 9.122449e+02 
