1.000000e-02 1.712732e+04 1.712731e+04 
1.494949e-02 1.923753e+04 1.914805e+04 
1.989899e-02 1.931061e+04 1.909804e+04 
2.484848e-02 1.826615e+04 1.805201e+04 
2.979798e-02 1.674429e+04 1.673105e+04 
3.474747e-02 1.516199e+04 1.542311e+04 
3.969697e-02 1.374875e+04 1.420288e+04 
4.464646e-02 1.257254e+04 1.308280e+04 
4.959596e-02 1.165367e+04 1.206065e+04 
5.454545e-02 1.090170e+04 1.113061e+04 
5.949495e-02 1.023629e+04 1.028581e+04 
6.444444e-02 9.599152e+03 9.519027e+03 
6.939394e-02 8.947284e+03 8.823147e+03 
7.434343e-02 8.272586e+03 8.191347e+03 
7.929293e-02 7.597055e+03 7.617255e+03 
8.424242e-02 6.957251e+03 7.095019e+03 
8.919192e-02 6.382623e+03 6.619324e+03 
9.414141e-02 5.888961e+03 6.185385e+03 
9.909091e-02 5.482236e+03 5.788917e+03 
1.040404e-01 5.157080e+03 5.426096e+03 
1.089899e-01 4.894437e+03 5.093517e+03 
1.139394e-01 4.666877e+03 4.788153e+03 
1.188889e-01 4.450024e+03 4.507314e+03 
1.238384e-01 4.229604e+03 4.248606e+03 
1.287879e-01 4.000666e+03 4.009904e+03 
1.337374e-01 3.765706e+03 3.789311e+03 
1.386869e-01 3.532236e+03 3.585141e+03 
1.436364e-01 3.310314e+03 3.395887e+03 
1.485859e-01 3.108251e+03 3.220202e+03 
1.535354e-01 2.930952e+03 3.056882e+03 
1.584848e-01 2.779877e+03 2.904848e+03 
1.634343e-01 2.652868e+03 2.763129e+03 
1.683838e-01 2.544289e+03 2.630855e+03 
1.733333e-01 2.446549e+03 2.507239e+03 
1.782828e-01 2.352951e+03 2.391576e+03 
1.832323e-01 2.259488e+03 2.283224e+03 
1.881818e-01 2.164390e+03 2.181606e+03 
1.931313e-01 2.067751e+03 2.086196e+03 
1.980808e-01 1.971374e+03 1.996519e+03 
2.030303e-01 1.878268e+03 1.912143e+03 
2.079798e-01 1.791392e+03 1.832674e+03 
2.129293e-01 1.712367e+03 1.757752e+03 
2.178788e-01 1.641632e+03 1.687050e+03 
2.228283e-01 1.578672e+03 1.620269e+03 
2.277778e-01 1.522099e+03 1.557134e+03 
2.327273e-01 1.470061e+03 1.497395e+03 
2.376768e-01 1.420720e+03 1.440821e+03 
2.426263e-01 1.372720e+03 1.387199e+03 
2.475758e-01 1.325320e+03 1.336337e+03 
2.525253e-01 1.278220e+03 1.288053e+03 
2.574747e-01 1.231584e+03 1.242182e+03 
2.624242e-01 1.186126e+03 1.198573e+03 
2.673737e-01 1.142804e+03 1.157083e+03 
2.723232e-01 1.102241e+03 1.117583e+03 
2.772727e-01 1.064550e+03 1.079951e+03 
2.822222e-01 1.029556e+03 1.044075e+03 
2.871717e-01 9.970112e+02 1.009851e+03 
2.921212e-01 9.665822e+02 9.771837e+02 
2.970707e-01 9.377707e+02 9.459821e+02 
3.020202e-01 9.100227e+02 9.161631e+02 
3.069697e-01 8.829509e+02 8.876488e+02 
3.119192e-01 8.564695e+02 8.603666e+02 
3.168687e-01 8.306541e+02 8.342490e+02 
3.218182e-01 8.055929e+02 8.092327e+02 
3.267677e-01 7.813746e+02 7.852587e+02 
3.317172e-01 7.581412e+02 7.622718e+02 
3.366667e-01 7.360496e+02 7.402202e+02 
3.416162e-01 7.151433e+02 7.190555e+02 
3.465657e-01 6.953484e+02 6.987323e+02 
3.515152e-01 6.764926e+02 6.792080e+02 
3.564646e-01 6.584343e+02 6.604427e+02 
3.614141e-01 6.410667e+02 6.423986e+02 
3.663636e-01 6.242956e+02 6.250406e+02 
3.713131e-01 6.080321e+02 6.083354e+02 
3.762626e-01 5.922132e+02 5.922516e+02 
3.812121e-01 5.768469e+02 5.767599e+02 
3.861616e-01 5.619764e+02 5.618324e+02 
3.911111e-01 5.476247e+02 5.474429e+02 
3.960606e-01 5.338045e+02 5.335666e+02 
4.010101e-01 5.205059e+02 5.201803e+02 
4.059596e-01 5.077302e+02 5.072619e+02 
4.109091e-01 4.954663e+02 4.947904e+02 
4.158586e-01 4.836597e+02 4.827462e+02 
4.208081e-01 4.722540e+02 4.711105e+02 
4.257576e-01 4.612096e+02 4.598657e+02 
4.307071e-01 4.505141e+02 4.489950e+02 
4.356566e-01 4.401445e+02 4.384825e+02 
4.406061e-01 4.300788e+02 4.283131e+02 
4.455556e-01 4.203002e+02 4.184726e+02 
4.505051e-01 4.108129e+02 4.089472e+02 
4.554545e-01 4.016338e+02 3.997242e+02 
4.604040e-01 3.927559e+02 3.907913e+02 
4.653535e-01 3.841570e+02 3.821368e+02 
4.703030e-01 3.758297e+02 3.737495e+02 
4.752525e-01 3.677644e+02 3.656191e+02 
4.802020e-01 3.599545e+02 3.577353e+02 
4.851515e-01 3.523834e+02 3.500887e+02 
4.901010e-01 3.450326e+02 3.426701e+02 
4.950505e-01 3.378821e+02 3.354708e+02 
5.000000e-01 3.309242e+02 3.284825e+02 
