1.000000e-02 2.635169e+04 2.635167e+04 
1.494949e-02 2.916685e+04 2.920226e+04 
1.989899e-02 2.854134e+04 2.838815e+04 
2.484848e-02 2.599205e+04 2.559217e+04 
2.979798e-02 2.266653e+04 2.242274e+04 
3.474747e-02 1.936129e+04 1.964536e+04 
3.969697e-02 1.653386e+04 1.736843e+04 
4.464646e-02 1.434836e+04 1.549927e+04 
4.959596e-02 1.280654e+04 1.393633e+04 
5.454545e-02 1.178471e+04 1.260549e+04 
5.949495e-02 1.109853e+04 1.145611e+04 
6.444444e-02 1.058149e+04 1.045300e+04 
6.939394e-02 1.008360e+04 9.570613e+03 
7.434343e-02 9.505470e+03 8.789646e+03 
7.929293e-02 8.808213e+03 8.094980e+03 
8.424242e-02 8.013445e+03 7.474453e+03 
8.919192e-02 7.181059e+03 6.918089e+03 
9.414141e-02 6.381867e+03 6.417579e+03 
9.909091e-02 5.678302e+03 5.965933e+03 
1.040404e-01 5.111871e+03 5.557217e+03 
1.089899e-01 4.695378e+03 5.186362e+03 
1.139394e-01 4.413072e+03 4.849011e+03 
1.188889e-01 4.231976e+03 4.541403e+03 
1.238384e-01 4.112148e+03 4.260280e+03 
1.287879e-01 4.013346e+03 4.002804e+03 
1.337374e-01 3.900574e+03 3.766500e+03 
1.386869e-01 3.750203e+03 3.549197e+03 
1.436364e-01 3.554791e+03 3.348989e+03 
1.485859e-01 3.322059e+03 3.164197e+03 
1.535354e-01 3.069158e+03 2.993339e+03 
1.584848e-01 2.817490e+03 2.835098e+03 
1.634343e-01 2.588132e+03 2.688309e+03 
1.683838e-01 2.396518e+03 2.551933e+03 
1.733333e-01 2.249180e+03 2.425043e+03 
1.782828e-01 2.143692e+03 2.306812e+03 
1.832323e-01 2.071619e+03 2.196496e+03 
1.881818e-01 2.021995e+03 2.093430e+03 
1.931313e-01 1.982615e+03 1.997015e+03 
1.980808e-01 1.941360e+03 1.906709e+03 
2.030303e-01 1.888829e+03 1.822026e+03 
2.079798e-01 1.820476e+03 1.742524e+03 
2.129293e-01 1.737156e+03 1.667803e+03 
2.178788e-01 1.643739e+03 1.597501e+03 
2.228283e-01 1.546984e+03 1.531288e+03 
2.277778e-01 1.453928e+03 1.468862e+03 
2.327273e-01 1.370549e+03 1.409951e+03 
2.376768e-01 1.300633e+03 1.354304e+03 
2.426263e-01 1.245386e+03 1.301692e+03 
2.475758e-01 1.203664e+03 1.251907e+03 
2.525253e-01 1.172411e+03 1.204755e+03 
2.574747e-01 1.147421e+03 1.160060e+03 
2.624242e-01 1.124228e+03 1.117660e+03 
2.673737e-01 1.099070e+03 1.077405e+03 
2.723232e-01 1.069623e+03 1.039158e+03 
2.772727e-01 1.035096e+03 1.002793e+03 
2.822222e-01 9.960899e+02 9.681905e+02 
2.871717e-01 9.543027e+02 9.352432e+02 
2.921212e-01 9.120607e+02 9.038503e+02 
2.970707e-01 8.718035e+02 8.739187e+02 
3.020202e-01 8.354695e+02 8.453620e+02 
3.069697e-01 8.041115e+02 8.180999e+02 
3.119192e-01 7.779211e+02 7.920579e+02 
3.168687e-01 7.563611e+02 7.671664e+02 
3.218182e-01 7.383116e+02 7.433609e+02 
3.267677e-01 7.223281e+02 7.205810e+02 
3.317172e-01 7.069330e+02 6.987706e+02 
3.366667e-01 6.909133e+02 6.778771e+02 
3.416162e-01 6.735539e+02 6.578515e+02 
3.465657e-01 6.546449e+02 6.386478e+02 
3.515152e-01 6.344418e+02 6.202232e+02 
3.564646e-01 6.135687e+02 6.025373e+02 
3.614141e-01 5.928246e+02 5.855524e+02 
3.663636e-01 5.730036e+02 5.692331e+02 
3.713131e-01 5.546940e+02 5.535462e+02 
3.762626e-01 5.382257e+02 5.384604e+02 
3.812121e-01 5.236520e+02 5.239464e+02 
3.861616e-01 5.108073e+02 5.099765e+02 
3.911111e-01 4.993052e+02 4.965247e+02 
3.960606e-01 4.886350e+02 4.835664e+02 
4.010101e-01 4.782784e+02 4.710787e+02 
4.059596e-01 4.678270e+02 4.590397e+02 
4.109091e-01 4.570655e+02 4.474288e+02 
4.158586e-01 4.459348e+02 4.362266e+02 
4.208081e-01 4.345051e+02 4.254147e+02 
4.257576e-01 4.229576e+02 4.149758e+02 
4.307071e-01 4.115466e+02 4.048935e+02 
4.356566e-01 4.005490e+02 3.951521e+02 
4.406061e-01 3.901750e+02 3.857370e+02 
4.455556e-01 3.805393e+02 3.766342e+02 
4.505051e-01 3.716445e+02 3.678304e+02 
4.554545e-01 3.634245e+02 3.593132e+02 
4.604040e-01 3.557657e+02 3.510706e+02 
4.653535e-01 3.485163e+02 3.430913e+02 
4.703030e-01 3.414902e+02 3.353645e+02 
4.752525e-01 3.345264e+02 3.278801e+02 
4.802020e-01 3.275424e+02 3.206282e+02 
4.851515e-01 3.205254e+02 3.135998e+02 
4.901010e-01 3.134909e+02 3.067859e+02 
4.950505e-01 3.064911e+02 3.001782e+02 
5.000000e-01 2.996039e+02 2.937688e+02 
