1.000000e-02 3.777328e+04 3.777324e+04 
1.494949e-02 4.136287e+04 4.157039e+04 
1.989899e-02 3.981008e+04 3.979411e+04 
2.484848e-02 3.537639e+04 3.476136e+04 
2.979798e-02 2.982315e+04 2.913262e+04 
3.474747e-02 2.439910e+04 2.438364e+04 
3.969697e-02 1.982378e+04 2.072701e+04 
4.464646e-02 1.634715e+04 1.792623e+04 
4.959596e-02 1.396526e+04 1.572769e+04 
5.454545e-02 1.247870e+04 1.395156e+04 
5.949495e-02 1.162142e+04 1.248108e+04 
6.444444e-02 1.113734e+04 1.124022e+04 
6.939394e-02 1.079159e+04 1.017790e+04 
7.434343e-02 1.039991e+04 9.258269e+03 
7.929293e-02 9.839346e+03 8.455191e+03 
8.424242e-02 9.072835e+03 7.748918e+03 
8.919192e-02 8.143369e+03 7.124108e+03 
9.414141e-02 7.145340e+03 6.568564e+03 
9.909091e-02 6.186116e+03 6.072413e+03 
1.040404e-01 5.355877e+03 5.627552e+03 
1.089899e-01 4.707548e+03 5.227248e+03 
1.139394e-01 4.252740e+03 4.865854e+03 
1.188889e-01 3.972784e+03 4.538598e+03 
1.238384e-01 3.830776e+03 4.241418e+03 
1.287879e-01 3.779358e+03 3.970837e+03 
1.337374e-01 3.766059e+03 3.723860e+03 
1.386869e-01 3.741066e+03 3.497900e+03 
1.436364e-01 3.666780e+03 3.290709e+03 
1.485859e-01 3.523528e+03 3.100329e+03 
1.535354e-01 3.310167e+03 2.925043e+03 
1.584848e-01 3.043611e+03 2.763349e+03 
1.634343e-01 2.753889e+03 2.613920e+03 
1.683838e-01 2.474744e+03 2.475585e+03 
1.733333e-01 2.232872e+03 2.347308e+03 
1.782828e-01 2.042791e+03 2.228168e+03 
1.832323e-01 1.908102e+03 2.117344e+03 
1.881818e-01 1.824969e+03 2.014106e+03 
1.931313e-01 1.784081e+03 1.917798e+03 
1.980808e-01 1.771158e+03 1.827834e+03 
2.030303e-01 1.768923e+03 1.743685e+03 
2.079798e-01 1.760852e+03 1.664878e+03 
2.129293e-01 1.734703e+03 1.590984e+03 
2.178788e-01 1.684151e+03 1.521615e+03 
2.228283e-01 1.608847e+03 1.456422e+03 
2.277778e-01 1.513934e+03 1.395086e+03 
2.327273e-01 1.408641e+03 1.337319e+03 
2.376768e-01 1.303821e+03 1.282857e+03 
2.426263e-01 1.209019e+03 1.231462e+03 
2.475758e-01 1.130635e+03 1.182914e+03 
2.525253e-01 1.071584e+03 1.137014e+03 
2.574747e-01 1.031559e+03 1.093578e+03 
2.624242e-01 1.007629e+03 1.052439e+03 
2.673737e-01 9.949004e+02 1.013443e+03 
2.723232e-01 9.875107e+02 9.764477e+02 
2.772727e-01 9.796714e+02 9.413232e+02 
2.822222e-01 9.666511e+02 9.079492e+02 
2.871717e-01 9.454675e+02 8.762150e+02 
2.921212e-01 9.151786e+02 8.460182e+02 
2.970707e-01 8.769375e+02 8.172643e+02 
3.020202e-01 8.335937e+02 7.898655e+02 
3.069697e-01 7.888634e+02 7.637406e+02 
3.119192e-01 7.463948e+02 7.388144e+02 
3.168687e-01 7.090009e+02 7.150169e+02 
3.218182e-01 6.783508e+02 6.922831e+02 
3.267677e-01 6.548832e+02 6.705524e+02 
3.317172e-01 6.380283e+02 6.497685e+02 
3.366667e-01 6.263593e+02 6.298790e+02 
3.416162e-01 6.178528e+02 6.108347e+02 
3.465657e-01 6.102753e+02 5.925900e+02 
3.515152e-01 6.016279e+02 5.751022e+02 
3.564646e-01 5.905321e+02 5.583311e+02 
3.614141e-01 5.763322e+02 5.422394e+02 
3.663636e-01 5.590933e+02 5.267920e+02 
3.713131e-01 5.394772e+02 5.119560e+02 
3.762626e-01 5.186233e+02 4.977005e+02 
3.812121e-01 4.978921e+02 4.839967e+02 
3.861616e-01 4.785277e+02 4.708172e+02 
3.911111e-01 4.614280e+02 4.581366e+02 
3.960606e-01 4.470290e+02 4.459306e+02 
4.010101e-01 4.353452e+02 4.341767e+02 
4.059596e-01 4.260392e+02 4.228535e+02 
4.109091e-01 4.184861e+02 4.119408e+02 
4.158586e-01 4.118943e+02 4.014196e+02 
4.208081e-01 4.054474e+02 3.912721e+02 
4.257576e-01 3.984952e+02 3.814813e+02 
4.307071e-01 3.906227e+02 3.720311e+02 
4.356566e-01 3.816609e+02 3.629065e+02 
4.406061e-01 3.716963e+02 3.540930e+02 
4.455556e-01 3.610415e+02 3.455773e+02 
4.505051e-01 3.501639e+02 3.373464e+02 
4.554545e-01 3.395493e+02 3.293881e+02 
4.604040e-01 3.296023e+02 3.216910e+02 
4.653535e-01 3.206129e+02 3.142440e+02 
4.703030e-01 3.127101e+02 3.070368e+02 
4.752525e-01 3.058731e+02 3.000596e+02 
4.802020e-01 2.999428e+02 2.933029e+02 
4.851515e-01 2.946549e+02 2.867578e+02 
4.901010e-01 2.896986e+02 2.804159e+02 
4.950505e-01 2.847935e+02 2.742691e+02 
5.000000e-01 2.797220e+02 2.683098e+02 
