1.000000e-02 2.870002e+04 2.869999e+04 
1.494949e-02 3.184861e+04 3.193160e+04 
1.989899e-02 3.116842e+04 3.106592e+04 
2.484848e-02 2.830116e+04 2.785106e+04 
2.979798e-02 2.451892e+04 2.413100e+04 
3.474747e-02 2.072603e+04 2.088048e+04 
3.969697e-02 1.745777e+04 1.826244e+04 
4.464646e-02 1.491948e+04 1.616022e+04 
4.959596e-02 1.312738e+04 1.443770e+04 
5.454545e-02 1.195885e+04 1.299497e+04 
5.949495e-02 1.121450e+04 1.176480e+04 
6.444444e-02 1.071297e+04 1.070165e+04 
6.939394e-02 1.027793e+04 9.773527e+03 
7.434343e-02 9.781049e+03 8.956964e+03 
7.929293e-02 9.152339e+03 8.234100e+03 
8.424242e-02 8.389516e+03 7.590904e+03 
8.919192e-02 7.542757e+03 7.016088e+03 
9.414141e-02 6.686917e+03 6.500406e+03 
9.909091e-02 5.897770e+03 6.036176e+03 
1.040404e-01 5.234867e+03 5.616943e+03 
1.089899e-01 4.728240e+03 5.237243e+03 
1.139394e-01 4.376386e+03 4.892412e+03 
1.188889e-01 4.154103e+03 4.578448e+03 
1.238384e-01 4.024190e+03 4.291900e+03 
1.287879e-01 3.944892e+03 4.029777e+03 
1.337374e-01 3.874420e+03 3.789478e+03 
1.386869e-01 3.777694e+03 3.568731e+03 
1.436364e-01 3.633521e+03 3.365546e+03 
1.485859e-01 3.437624e+03 3.178175e+03 
1.535354e-01 3.200330e+03 3.005076e+03 
1.584848e-01 2.941541e+03 2.844887e+03 
1.634343e-01 2.685687e+03 2.696400e+03 
1.683838e-01 2.455588e+03 2.558543e+03 
1.733333e-01 2.266858e+03 2.430359e+03 
1.782828e-01 2.124982e+03 2.310996e+03 
1.832323e-01 2.027018e+03 2.199690e+03 
1.881818e-01 1.964792e+03 2.095757e+03 
1.931313e-01 1.927010e+03 1.998582e+03 
1.980808e-01 1.900416e+03 1.907611e+03 
2.030303e-01 1.871639e+03 1.822345e+03 
2.079798e-01 1.830115e+03 1.742333e+03 
2.129293e-01 1.770466e+03 1.667165e+03 
2.178788e-01 1.692804e+03 1.596472e+03 
2.228283e-01 1.601593e+03 1.529918e+03 
2.277778e-01 1.504009e+03 1.467195e+03 
2.327273e-01 1.408024e+03 1.408025e+03 
2.376768e-01 1.320736e+03 1.352153e+03 
2.426263e-01 1.247134e+03 1.299347e+03 
2.475758e-01 1.189423e+03 1.249394e+03 
2.525253e-01 1.147117e+03 1.202098e+03 
2.574747e-01 1.117533e+03 1.157281e+03 
2.624242e-01 1.096411e+03 1.114777e+03 
2.673737e-01 1.078864e+03 1.074435e+03 
2.723232e-01 1.060428e+03 1.036116e+03 
2.772727e-01 1.037804e+03 9.996906e+02 
2.822222e-01 1.009179e+03 9.650406e+02 
2.871717e-01 9.743495e+02 9.320559e+02 
2.921212e-01 9.346145e+02 9.006348e+02 
2.970707e-01 8.923894e+02 8.706832e+02 
3.020202e-01 8.505370e+02 8.421138e+02 
3.069697e-01 8.116213e+02 8.148453e+02 
3.119192e-01 7.774662e+02 7.888026e+02 
3.168687e-01 7.489711e+02 7.639155e+02 
3.218182e-01 7.261334e+02 7.401188e+02 
3.267677e-01 7.081485e+02 7.173517e+02 
3.317172e-01 6.936109e+02 6.955575e+02 
3.366667e-01 6.808235e+02 6.746833e+02 
3.416162e-01 6.681662e+02 6.546796e+02 
3.465657e-01 6.543761e+02 6.355002e+02 
3.515152e-01 6.386899e+02 6.171018e+02 
3.564646e-01 6.209165e+02 5.994440e+02 
3.614141e-01 6.014302e+02 5.824886e+02 
3.663636e-01 5.810028e+02 5.662001e+02 
3.713131e-01 5.605766e+02 5.505451e+02 
3.762626e-01 5.410660e+02 5.354921e+02 
3.812121e-01 5.231783e+02 5.210116e+02 
3.861616e-01 5.073357e+02 5.070759e+02 
3.911111e-01 4.936705e+02 4.936588e+02 
3.960606e-01 4.819870e+02 4.807356e+02 
4.010101e-01 4.718371e+02 4.682833e+02 
4.059596e-01 4.626076e+02 4.562798e+02 
4.109091e-01 4.537086e+02 4.447045e+02 
4.158586e-01 4.446624e+02 4.335380e+02 
4.208081e-01 4.351503e+02 4.227618e+02 
4.257576e-01 4.250308e+02 4.123585e+02 
4.307071e-01 4.143421e+02 4.023115e+02 
4.356566e-01 4.032848e+02 3.926054e+02 
4.406061e-01 3.921850e+02 3.832253e+02 
4.455556e-01 3.813874e+02 3.741573e+02 
4.505051e-01 3.711689e+02 3.653881e+02 
4.554545e-01 3.617129e+02 3.569051e+02 
4.604040e-01 3.530937e+02 3.486963e+02 
4.653535e-01 3.452972e+02 3.407505e+02 
4.703030e-01 3.382140e+02 3.330569e+02 
4.752525e-01 3.316456e+02 3.256052e+02 
4.802020e-01 3.253637e+02 3.183857e+02 
4.851515e-01 3.191715e+02 3.113892e+02 
4.901010e-01 3.129272e+02 3.046068e+02 
4.950505e-01 3.065665e+02 2.980303e+02 
5.000000e-01 3.000696e+02 2.916515e+02 
