1.000000e-02 2.153018e+04 2.153016e+04 
1.494949e-02 2.391654e+04 2.386440e+04 
1.989899e-02 2.364674e+04 2.343531e+04 
2.484848e-02 2.192561e+04 2.164443e+04 
2.979798e-02 1.962033e+04 1.957579e+04 
3.474747e-02 1.730857e+04 1.767264e+04 
3.969697e-02 1.530946e+04 1.600852e+04 
4.464646e-02 1.373550e+04 1.455661e+04 
4.959596e-02 1.256641e+04 1.328074e+04 
5.454545e-02 1.171405e+04 1.215198e+04 
5.949495e-02 1.103494e+04 1.114827e+04 
6.444444e-02 1.042027e+04 1.025233e+04 
6.939394e-02 9.781679e+03 9.450090e+03 
7.434343e-02 9.079920e+03 8.729801e+03 
7.929293e-02 8.324490e+03 8.081468e+03 
8.424242e-02 7.558819e+03 7.496506e+03 
8.919192e-02 6.834614e+03 6.967498e+03 
9.414141e-02 6.193972e+03 6.488012e+03 
9.909091e-02 5.664582e+03 6.052454e+03 
1.040404e-01 5.255447e+03 5.655948e+03 
1.089899e-01 4.953454e+03 5.294236e+03 
1.139394e-01 4.728068e+03 4.963591e+03 
1.188889e-01 4.543289e+03 4.660746e+03 
1.238384e-01 4.368033e+03 4.382831e+03 
1.287879e-01 4.179967e+03 4.127320e+03 
1.337374e-01 3.967897e+03 3.891983e+03 
1.386869e-01 3.732674e+03 3.674851e+03 
1.436364e-01 3.485242e+03 3.474178e+03 
1.485859e-01 3.240884e+03 3.288415e+03 
1.535354e-01 3.014172e+03 3.116185e+03 
1.584848e-01 2.816347e+03 2.956259e+03 
1.634343e-01 2.653592e+03 2.807543e+03 
1.683838e-01 2.525587e+03 2.669053e+03 
1.733333e-01 2.425700e+03 2.539912e+03 
1.782828e-01 2.343818e+03 2.419330e+03 
1.832323e-01 2.270084e+03 2.306595e+03 
1.881818e-01 2.196323e+03 2.201068e+03 
1.931313e-01 2.116853e+03 2.102169e+03 
1.980808e-01 2.029105e+03 2.009376e+03 
2.030303e-01 1.934268e+03 1.922216e+03 
2.079798e-01 1.836553e+03 1.840256e+03 
2.129293e-01 1.741111e+03 1.763108e+03 
2.178788e-01 1.652428e+03 1.690415e+03 
2.228283e-01 1.573596e+03 1.621853e+03 
2.277778e-01 1.505932e+03 1.557125e+03 
2.327273e-01 1.448967e+03 1.495962e+03 
2.376768e-01 1.400750e+03 1.438114e+03 
2.426263e-01 1.358522e+03 1.383356e+03 
2.475758e-01 1.319317e+03 1.331478e+03 
2.525253e-01 1.280439e+03 1.282288e+03 
2.574747e-01 1.239985e+03 1.235611e+03 
2.624242e-01 1.197308e+03 1.191285e+03 
2.673737e-01 1.153007e+03 1.149158e+03 
2.723232e-01 1.108418e+03 1.109093e+03 
2.772727e-01 1.064967e+03 1.070962e+03 
2.822222e-01 1.023859e+03 1.034647e+03 
2.871717e-01 9.860547e+02 1.000037e+03 
2.921212e-01 9.520986e+02 9.670322e+02 
2.970707e-01 9.219365e+02 9.355369e+02 
3.020202e-01 8.949186e+02 9.054638e+02 
3.069697e-01 8.701052e+02 8.767314e+02 
3.119192e-01 8.465826e+02 8.492636e+02 
3.168687e-01 8.236157e+02 8.229899e+02 
3.218182e-01 8.006496e+02 7.978441e+02 
3.267677e-01 7.774072e+02 7.737648e+02 
3.317172e-01 7.539456e+02 7.506944e+02 
3.366667e-01 7.306032e+02 7.285791e+02 
3.416162e-01 7.078473e+02 7.073687e+02 
3.465657e-01 6.860760e+02 6.870160e+02 
3.515152e-01 6.655681e+02 6.674769e+02 
3.564646e-01 6.464607e+02 6.487100e+02 
3.614141e-01 6.287436e+02 6.306763e+02 
3.663636e-01 6.122626e+02 6.133395e+02 
3.713131e-01 5.967602e+02 5.966652e+02 
3.762626e-01 5.819398e+02 5.806212e+02 
3.812121e-01 5.675590e+02 5.651770e+02 
3.861616e-01 5.534528e+02 5.503042e+02 
3.911111e-01 5.395105e+02 5.359757e+02 
3.960606e-01 5.257027e+02 5.221662e+02 
4.010101e-01 5.121022e+02 5.088516e+02 
4.059596e-01 4.988350e+02 4.960095e+02 
4.109091e-01 4.860315e+02 4.836183e+02 
4.158586e-01 4.737692e+02 4.716578e+02 
4.208081e-01 4.620745e+02 4.601091e+02 
4.257576e-01 4.509480e+02 4.489539e+02 
4.307071e-01 4.403708e+02 4.381752e+02 
4.356566e-01 4.302825e+02 4.277567e+02 
4.406061e-01 4.205790e+02 4.176831e+02 
4.455556e-01 4.111626e+02 4.079398e+02 
4.505051e-01 4.019781e+02 3.985129e+02 
4.554545e-01 3.930012e+02 3.893894e+02 
4.604040e-01 3.842172e+02 3.805568e+02 
4.653535e-01 3.756164e+02 3.720031e+02 
4.703030e-01 3.672169e+02 3.637173e+02 
4.752525e-01 3.590462e+02 3.556884e+02 
4.802020e-01 3.511529e+02 3.479065e+02 
4.851515e-01 3.435476e+02 3.403617e+02 
4.901010e-01 3.362178e+02 3.330448e+02 
4.950505e-01 3.291458e+02 3.259470e+02 
5.000000e-01 3.223188e+02 3.190600e+02 
