1.000000e-02 2.326502e+04 2.326500e+04 
1.494949e-02 2.585227e+04 2.584499e+04 
1.989899e-02 2.546210e+04 2.528738e+04 
2.484848e-02 2.341217e+04 2.308011e+04 
2.979798e-02 2.068002e+04 2.053837e+04 
3.474747e-02 1.793898e+04 1.825992e+04 
3.969697e-02 1.557350e+04 1.633822e+04 
4.464646e-02 1.372732e+04 1.471716e+04 
4.959596e-02 1.239372e+04 1.333055e+04 
5.454545e-02 1.147968e+04 1.212857e+04 
5.949495e-02 1.082330e+04 1.107599e+04 
6.444444e-02 1.028489e+04 1.014729e+04 
6.939394e-02 9.746183e+03 9.323244e+03 
7.434343e-02 9.135184e+03 8.588716e+03 
7.929293e-02 8.432681e+03 7.931478e+03 
8.424242e-02 7.667837e+03 7.341421e+03 
8.919192e-02 6.897047e+03 6.810063e+03 
9.414141e-02 6.179027e+03 6.330215e+03 
9.909091e-02 5.561000e+03 5.895735e+03 
1.040404e-01 5.070624e+03 5.501348e+03 
1.089899e-01 4.710434e+03 5.142499e+03 
1.139394e-01 4.460329e+03 4.815239e+03 
1.188889e-01 4.286795e+03 4.516135e+03 
1.238384e-01 4.152815e+03 4.242193e+03 
1.287879e-01 4.024609e+03 3.990790e+03 
1.337374e-01 3.876043e+03 3.759627e+03 
1.386869e-01 3.693393e+03 3.546678e+03 
1.436364e-01 3.477474e+03 3.350159e+03 
1.485859e-01 3.240025e+03 3.168491e+03 
1.535354e-01 2.998057e+03 3.000273e+03 
1.584848e-01 2.769040e+03 2.844262e+03 
1.634343e-01 2.568376e+03 2.699351e+03 
1.683838e-01 2.405555e+03 2.564552e+03 
1.733333e-01 2.281719e+03 2.438979e+03 
1.782828e-01 2.191071e+03 2.321843e+03 
1.832323e-01 2.123791e+03 2.212430e+03 
1.881818e-01 2.069265e+03 2.110102e+03 
1.931313e-01 2.017421e+03 2.014282e+03 
1.980808e-01 1.959504e+03 1.924448e+03 
2.030303e-01 1.890121e+03 1.840131e+03 
2.079798e-01 1.808485e+03 1.760903e+03 
2.129293e-01 1.718144e+03 1.686378e+03 
2.178788e-01 1.624748e+03 1.616202e+03 
2.228283e-01 1.534156e+03 1.550056e+03 
2.277778e-01 1.451368e+03 1.487648e+03 
2.327273e-01 1.379796e+03 1.428710e+03 
2.376768e-01 1.320845e+03 1.372999e+03 
2.426263e-01 1.273817e+03 1.320291e+03 
2.475758e-01 1.236318e+03 1.270381e+03 
2.525253e-01 1.204931e+03 1.223082e+03 
2.574747e-01 1.175925e+03 1.178220e+03 
2.624242e-01 1.146062e+03 1.135636e+03 
2.673737e-01 1.113247e+03 1.095184e+03 
2.723232e-01 1.076785e+03 1.056729e+03 
2.772727e-01 1.037222e+03 1.020144e+03 
2.822222e-01 9.959256e+02 9.853156e+02 
2.871717e-01 9.546989e+02 9.521358e+02 
2.921212e-01 9.154034e+02 9.205058e+02 
2.970707e-01 8.795360e+02 8.903336e+02 
3.020202e-01 8.479462e+02 8.615338e+02 
3.069697e-01 8.207329e+02 8.340271e+02 
3.119192e-01 7.973693e+02 8.077397e+02 
3.168687e-01 7.769060e+02 7.826029e+02 
3.218182e-01 7.581859e+02 7.585525e+02 
3.267677e-01 7.400573e+02 7.355290e+02 
3.317172e-01 7.216127e+02 7.134764e+02 
3.366667e-01 7.023413e+02 6.923427e+02 
3.416162e-01 6.821488e+02 6.720792e+02 
3.465657e-01 6.612941e+02 6.526401e+02 
3.515152e-01 6.402778e+02 6.339828e+02 
3.564646e-01 6.197154e+02 6.160672e+02 
3.614141e-01 6.001880e+02 5.988557e+02 
3.663636e-01 5.820804e+02 5.823131e+02 
3.713131e-01 5.655565e+02 5.664063e+02 
3.762626e-01 5.505728e+02 5.511040e+02 
3.812121e-01 5.369358e+02 5.363771e+02 
3.861616e-01 5.243330e+02 5.221978e+02 
3.911111e-01 5.123822e+02 5.085403e+02 
3.960606e-01 5.007117e+02 4.953800e+02 
4.010101e-01 4.890333e+02 4.826938e+02 
4.059596e-01 4.772244e+02 4.704599e+02 
4.109091e-01 4.653119e+02 4.586578e+02 
4.158586e-01 4.533889e+02 4.472680e+02 
4.208081e-01 4.416011e+02 4.362721e+02 
4.257576e-01 4.301202e+02 4.256527e+02 
4.307071e-01 4.191181e+02 4.153934e+02 
4.356566e-01 4.087192e+02 4.054785e+02 
4.406061e-01 3.989691e+02 3.958933e+02 
4.455556e-01 3.898259e+02 3.866237e+02 
4.505051e-01 3.812053e+02 3.776566e+02 
4.554545e-01 3.730006e+02 3.689792e+02 
4.604040e-01 3.651064e+02 3.605797e+02 
4.653535e-01 3.574095e+02 3.524466e+02 
4.703030e-01 3.498113e+02 3.445691e+02 
4.752525e-01 3.422707e+02 3.369370e+02 
4.802020e-01 3.347892e+02 3.295406e+02 
4.851515e-01 3.274128e+02 3.223704e+02 
4.901010e-01 3.201850e+02 3.154176e+02 
4.950505e-01 3.131456e+02 3.086739e+02 
5.000000e-01 3.063452e+02 3.021312e+02 
