1.000000e-02 6.311140e+04 6.311134e+04 
1.494949e-02 6.988422e+04 7.068114e+04 
1.989899e-02 6.735999e+04 6.827229e+04 
2.484848e-02 5.920070e+04 5.866174e+04 
2.979798e-02 4.852086e+04 4.652172e+04 
3.474747e-02 3.773628e+04 3.587008e+04 
3.969697e-02 2.838732e+04 2.798203e+04 
4.464646e-02 2.114974e+04 2.244870e+04 
4.959596e-02 1.605919e+04 1.853851e+04 
5.454545e-02 1.282739e+04 1.568502e+04 
5.949495e-02 1.099119e+04 1.352364e+04 
6.444444e-02 1.013433e+04 1.182998e+04 
6.939394e-02 9.896760e+03 1.046484e+04 
7.434343e-02 9.974807e+03 9.339402e+03 
7.929293e-02 1.009682e+04 8.394840e+03 
8.424242e-02 1.003490e+04 7.590744e+03 
8.919192e-02 9.644387e+03 6.898350e+03 
9.414141e-02 8.892900e+03 6.296531e+03 
9.909091e-02 7.853339e+03 5.769338e+03 
1.040404e-01 6.670277e+03 5.304444e+03 
1.089899e-01 5.506419e+03 4.892134e+03 
1.139394e-01 4.491977e+03 4.524623e+03 
1.188889e-01 3.700191e+03 4.195579e+03 
1.238384e-01 3.150535e+03 3.899795e+03 
1.287879e-01 2.826189e+03 3.632941e+03 
1.337374e-01 2.692189e+03 3.391386e+03 
1.386869e-01 2.704671e+03 3.172061e+03 
1.436364e-01 2.814013e+03 2.972355e+03 
1.485859e-01 2.965961e+03 2.790029e+03 
1.535354e-01 3.103959e+03 2.623160e+03 
1.584848e-01 3.175326e+03 2.470082e+03 
1.634343e-01 3.141775e+03 2.329345e+03 
1.683838e-01 2.990944e+03 2.199688e+03 
1.733333e-01 2.740468e+03 2.080003e+03 
1.782828e-01 2.429474e+03 1.969318e+03 
1.832323e-01 2.103190e+03 1.866773e+03 
1.881818e-01 1.800822e+03 1.771610e+03 
1.931313e-01 1.549641e+03 1.683154e+03 
1.980808e-01 1.364150e+03 1.600806e+03 
2.030303e-01 1.247581e+03 1.524031e+03 
2.079798e-01 1.194409e+03 1.452351e+03 
2.129293e-01 1.193486e+03 1.385337e+03 
2.178788e-01 1.230309e+03 1.322602e+03 
2.228283e-01 1.288047e+03 1.263801e+03 
2.277778e-01 1.348160e+03 1.208621e+03 
2.327273e-01 1.391994e+03 1.156778e+03 
2.376768e-01 1.404120e+03 1.108015e+03 
2.426263e-01 1.376089e+03 1.062102e+03 
2.475758e-01 1.308504e+03 1.018825e+03 
2.525253e-01 1.210102e+03 9.779926e+02 
2.574747e-01 1.094641e+03 9.394295e+02 
2.624242e-01 9.769737e+02 9.029752e+02 
2.673737e-01 8.700399e+02 8.684830e+02 
2.723232e-01 7.827738e+02 8.358187e+02 
2.772727e-01 7.196966e+02 8.048589e+02 
2.822222e-01 6.814267e+02 7.754907e+02 
2.871717e-01 6.657941e+02 7.476098e+02 
2.921212e-01 6.686656e+02 7.211203e+02 
2.970707e-01 6.843961e+02 6.959339e+02 
3.020202e-01 7.061914e+02 6.719689e+02 
3.069697e-01 7.267065e+02 6.491500e+02 
3.119192e-01 7.391150e+02 6.274073e+02 
3.168687e-01 7.383975e+02 6.066760e+02 
3.218182e-01 7.223429e+02 5.868964e+02 
3.267677e-01 6.918076e+02 5.680127e+02 
3.317172e-01 6.502146e+02 5.499732e+02 
3.366667e-01 6.025376e+02 5.327297e+02 
3.416162e-01 5.541604e+02 5.162376e+02 
3.465657e-01 5.099035e+02 5.004550e+02 
3.515152e-01 4.732735e+02 4.853430e+02 
3.564646e-01 4.461606e+02 4.708653e+02 
3.614141e-01 4.289658e+02 4.569879e+02 
3.663636e-01 4.208788e+02 4.436790e+02 
3.713131e-01 4.201931e+02 4.309090e+02 
3.762626e-01 4.245753e+02 4.186499e+02 
3.812121e-01 4.312337e+02 4.068758e+02 
3.861616e-01 4.372170e+02 3.955621e+02 
3.911111e-01 4.398688e+02 3.846858e+02 
3.960606e-01 4.373025e+02 3.742253e+02 
4.010101e-01 4.287202e+02 3.641604e+02 
4.059596e-01 4.144478e+02 3.544719e+02 
4.109091e-01 3.957186e+02 3.451419e+02 
4.158586e-01 3.744066e+02 3.361534e+02 
4.208081e-01 3.525924e+02 3.274904e+02 
4.257576e-01 3.322275e+02 3.191379e+02 
4.307071e-01 3.148098e+02 3.110817e+02 
4.356566e-01 3.012193e+02 3.033084e+02 
4.406061e-01 2.917452e+02 2.958052e+02 
4.455556e-01 2.861664e+02 2.885601e+02 
4.505051e-01 2.838358e+02 2.815619e+02 
4.554545e-01 2.837696e+02 2.747997e+02 
4.604040e-01 2.847743e+02 2.682634e+02 
4.653535e-01 2.856224e+02 2.619434e+02 
4.703030e-01 2.852407e+02 2.558304e+02 
4.752525e-01 2.828564e+02 2.499159e+02 
4.802020e-01 2.780845e+02 2.441915e+02 
4.851515e-01 2.709647e+02 2.386495e+02 
4.901010e-01 2.619218e+02 2.332825e+02 
4.950505e-01 2.516746e+02 2.280834e+02 
5.000000e-01 2.410674e+02 2.230454e+02 
