1.000000e-02 2.473502e+04 2.473500e+04 
1.494949e-02 2.731150e+04 2.730637e+04 
1.989899e-02 2.670604e+04 2.651125e+04 
2.484848e-02 2.436478e+04 2.401250e+04 
2.979798e-02 2.135641e+04 2.123954e+04 
3.474747e-02 1.840257e+04 1.879948e+04 
3.969697e-02 1.590183e+04 1.676328e+04 
4.464646e-02 1.398381e+04 1.505741e+04 
4.959596e-02 1.263154e+04 1.360562e+04 
5.454545e-02 1.171634e+04 1.235233e+04 
5.949495e-02 1.106477e+04 1.125869e+04 
6.444444e-02 1.051631e+04 1.029679e+04 
6.939394e-02 9.950164e+03 9.445664e+03 
7.434343e-02 9.295323e+03 8.688921e+03 
7.929293e-02 8.539895e+03 8.013362e+03 
8.424242e-02 7.723712e+03 7.408131e+03 
8.919192e-02 6.912612e+03 6.864158e+03 
9.414141e-02 6.171502e+03 6.373790e+03 
9.909091e-02 5.549060e+03 5.930513e+03 
1.040404e-01 5.068986e+03 5.528751e+03 
1.089899e-01 4.726524e+03 5.163708e+03 
1.139394e-01 4.494688e+03 4.831238e+03 
1.188889e-01 4.334893e+03 4.527747e+03 
1.238384e-01 4.206700e+03 4.250106e+03 
1.287879e-01 4.074224e+03 3.995585e+03 
1.337374e-01 3.912007e+03 3.761792e+03 
1.386869e-01 3.710392e+03 3.546628e+03 
1.436364e-01 3.475176e+03 3.348243e+03 
1.485859e-01 3.221841e+03 3.165007e+03 
1.535354e-01 2.969753e+03 2.995474e+03 
1.584848e-01 2.738064e+03 2.838365e+03 
1.634343e-01 2.542412e+03 2.692539e+03 
1.683838e-01 2.389667e+03 2.556982e+03 
1.733333e-01 2.277260e+03 2.430788e+03 
1.782828e-01 2.196332e+03 2.313144e+03 
1.832323e-01 2.135725e+03 2.203323e+03 
1.881818e-01 2.084043e+03 2.100672e+03 
1.931313e-01 2.030439e+03 2.004601e+03 
1.980808e-01 1.966392e+03 1.914580e+03 
2.030303e-01 1.888328e+03 1.830128e+03 
2.079798e-01 1.798182e+03 1.750812e+03 
2.129293e-01 1.701350e+03 1.676237e+03 
2.178788e-01 1.604371e+03 1.606045e+03 
2.228283e-01 1.513256e+03 1.539912e+03 
2.277778e-01 1.432735e+03 1.477541e+03 
2.327273e-01 1.365599e+03 1.418661e+03 
2.376768e-01 1.312103e+03 1.363025e+03 
2.426263e-01 1.270202e+03 1.310408e+03 
2.475758e-01 1.236423e+03 1.260601e+03 
2.525253e-01 1.206718e+03 1.213414e+03 
2.574747e-01 1.177274e+03 1.168673e+03 
2.624242e-01 1.145216e+03 1.126218e+03 
2.673737e-01 1.109139e+03 1.085900e+03 
2.723232e-01 1.069185e+03 1.047582e+03 
2.772727e-01 1.026639e+03 1.011140e+03 
2.822222e-01 9.834378e+02 9.764551e+02 
2.871717e-01 9.416799e+02 9.434212e+02 
2.921212e-01 9.031497e+02 9.119381e+02 
2.970707e-01 8.690380e+02 8.819134e+02 
3.020202e-01 8.397238e+02 8.532610e+02 
3.069697e-01 8.148268e+02 8.259014e+02 
3.119192e-01 7.933729e+02 7.997602e+02 
3.168687e-01 7.740488e+02 7.747686e+02 
3.218182e-01 7.555727e+02 7.508621e+02 
3.267677e-01 7.369163e+02 7.279809e+02 
3.317172e-01 7.174059e+02 7.060689e+02 
3.366667e-01 6.968038e+02 6.850738e+02 
3.416162e-01 6.753134e+02 6.649469e+02 
3.465657e-01 6.534931e+02 6.456423e+02 
3.515152e-01 6.320609e+02 6.271173e+02 
3.564646e-01 6.116530e+02 6.093317e+02 
3.614141e-01 5.927081e+02 5.922480e+02 
3.663636e-01 5.754269e+02 5.758307e+02 
3.713131e-01 5.598390e+02 5.600468e+02 
3.762626e-01 5.457647e+02 5.448652e+02 
3.812121e-01 5.328472e+02 5.302564e+02 
3.861616e-01 5.206218e+02 5.161929e+02 
3.911111e-01 5.086697e+02 5.026487e+02 
3.960606e-01 4.967156e+02 4.895995e+02 
4.010101e-01 4.846257e+02 4.770220e+02 
4.059596e-01 4.723787e+02 4.648945e+02 
4.109091e-01 4.600672e+02 4.531964e+02 
4.158586e-01 4.478748e+02 4.419084e+02 
4.208081e-01 4.360177e+02 4.310121e+02 
4.257576e-01 4.246876e+02 4.204901e+02 
4.307071e-01 4.139965e+02 4.103260e+02 
4.356566e-01 4.039818e+02 4.005042e+02 
4.406061e-01 3.946194e+02 3.910101e+02 
4.455556e-01 3.858228e+02 3.818296e+02 
4.505051e-01 3.774682e+02 3.729494e+02 
4.554545e-01 3.694181e+02 3.643572e+02 
4.604040e-01 3.615391e+02 3.560408e+02 
4.653535e-01 3.537503e+02 3.479890e+02 
4.703030e-01 3.460188e+02 3.401910e+02 
4.752525e-01 3.383489e+02 3.326367e+02 
4.802020e-01 3.307718e+02 3.253161e+02 
4.851515e-01 3.233429e+02 3.182202e+02 
4.901010e-01 3.161349e+02 3.113401e+02 
4.950505e-01 3.091980e+02 3.046674e+02 
5.000000e-01 3.025514e+02 2.981940e+02 
