1.000000e-02 1.492033e+04 1.492032e+04 
1.494949e-02 1.689812e+04 1.679245e+04 
1.989899e-02 1.718491e+04 1.697383e+04 
2.484848e-02 1.653366e+04 1.632998e+04 
2.979798e-02 1.545000e+04 1.539214e+04 
3.474747e-02 1.425791e+04 1.438524e+04 
3.969697e-02 1.313619e+04 1.339107e+04 
4.464646e-02 1.215370e+04 1.244187e+04 
4.959596e-02 1.131208e+04 1.155136e+04 
5.454545e-02 1.058170e+04 1.072459e+04 
5.949495e-02 9.900980e+03 9.962004e+03 
6.444444e-02 9.252522e+03 9.261424e+03 
6.939394e-02 8.612314e+03 8.619305e+03 
7.434343e-02 7.978966e+03 8.031452e+03 
7.929293e-02 7.371222e+03 7.493470e+03 
8.424242e-02 6.814665e+03 7.001019e+03 
8.919192e-02 6.323197e+03 6.549967e+03 
9.414141e-02 5.897202e+03 6.136463e+03 
9.909091e-02 5.531926e+03 5.756964e+03 
1.040404e-01 5.220187e+03 5.408247e+03 
1.089899e-01 4.948026e+03 5.087392e+03 
1.139394e-01 4.697180e+03 4.791769e+03 
1.188889e-01 4.452796e+03 4.519013e+03 
1.238384e-01 4.209816e+03 4.266998e+03 
1.287879e-01 3.970557e+03 4.033819e+03 
1.337374e-01 3.740079e+03 3.817767e+03 
1.386869e-01 3.523665e+03 3.617307e+03 
1.436364e-01 3.325367e+03 3.431061e+03 
1.485859e-01 3.147143e+03 3.257791e+03 
1.535354e-01 2.988879e+03 3.096384e+03 
1.584848e-01 2.848963e+03 2.945836e+03 
1.634343e-01 2.723908e+03 2.805242e+03 
1.683838e-01 2.608845e+03 2.673787e+03 
1.733333e-01 2.499198e+03 2.550731e+03 
1.782828e-01 2.392446e+03 2.435408e+03 
1.832323e-01 2.288248e+03 2.327211e+03 
1.881818e-01 2.187044e+03 2.225591e+03 
1.931313e-01 2.089494e+03 2.130047e+03 
1.980808e-01 1.996691e+03 2.040125e+03 
2.030303e-01 1.910103e+03 1.955412e+03 
2.079798e-01 1.830674e+03 1.875527e+03 
2.129293e-01 1.757941e+03 1.800126e+03 
2.178788e-01 1.690740e+03 1.728893e+03 
2.228283e-01 1.628033e+03 1.661538e+03 
2.277778e-01 1.569016e+03 1.597796e+03 
2.327273e-01 1.512832e+03 1.537422e+03 
2.376768e-01 1.458624e+03 1.480191e+03 
2.426263e-01 1.406136e+03 1.425899e+03 
2.475758e-01 1.355474e+03 1.374354e+03 
2.525253e-01 1.306862e+03 1.325381e+03 
2.574747e-01 1.260487e+03 1.278818e+03 
2.624242e-01 1.216459e+03 1.234514e+03 
2.673737e-01 1.174896e+03 1.192333e+03 
2.723232e-01 1.135817e+03 1.152143e+03 
2.772727e-01 1.099013e+03 1.113828e+03 
2.822222e-01 1.064111e+03 1.077276e+03 
2.871717e-01 1.030758e+03 1.042384e+03 
2.921212e-01 9.987575e+02 1.009056e+03 
2.970707e-01 9.680170e+02 9.772048e+02 
3.020202e-01 9.384404e+02 9.467464e+02 
3.069697e-01 9.099385e+02 9.176036e+02 
3.119192e-01 8.824865e+02 8.897044e+02 
3.168687e-01 8.561297e+02 8.629814e+02 
3.218182e-01 8.309121e+02 8.373716e+02 
3.267677e-01 8.068229e+02 8.128162e+02 
3.317172e-01 7.837970e+02 7.892601e+02 
3.366667e-01 7.617484e+02 7.666514e+02 
3.416162e-01 7.406028e+02 7.449419e+02 
3.465657e-01 7.203078e+02 7.240860e+02 
3.515152e-01 7.008083e+02 7.040410e+02 
3.564646e-01 6.820041e+02 6.847668e+02 
3.614141e-01 6.638344e+02 6.662258e+02 
3.663636e-01 6.462888e+02 6.483824e+02 
3.713131e-01 6.293770e+02 6.312032e+02 
3.762626e-01 6.130979e+02 6.146567e+02 
3.812121e-01 5.974057e+02 5.987133e+02 
3.861616e-01 5.822733e+02 5.833449e+02 
3.911111e-01 5.676834e+02 5.685252e+02 
3.960606e-01 5.536211e+02 5.542291e+02 
4.010101e-01 5.400704e+02 5.404331e+02 
4.059596e-01 5.269958e+02 5.271150e+02 
4.109091e-01 5.143452e+02 5.142535e+02 
4.158586e-01 5.020988e+02 5.018287e+02 
4.208081e-01 4.902555e+02 4.898217e+02 
4.257576e-01 4.788081e+02 4.782147e+02 
4.307071e-01 4.677338e+02 4.669905e+02 
4.356566e-01 4.569990e+02 4.561331e+02 
4.406061e-01 4.466041e+02 4.456272e+02 
4.455556e-01 4.365493e+02 4.354582e+02 
4.505051e-01 4.268211e+02 4.256125e+02 
4.554545e-01 4.173990e+02 4.160767e+02 
4.604040e-01 4.082629e+02 4.068386e+02 
4.653535e-01 3.993973e+02 3.978862e+02 
4.703030e-01 3.908050e+02 3.892082e+02 
4.752525e-01 3.824794e+02 3.807939e+02 
4.802020e-01 3.744006e+02 3.726331e+02 
4.851515e-01 3.665494e+02 3.647160e+02 
4.901010e-01 3.589178e+02 3.570333e+02 
4.950505e-01 3.515168e+02 3.495761e+02 
5.000000e-01 3.443355e+02 3.423360e+02 
