1.000000e-02 3.219484e+04 3.219481e+04 
1.494949e-02 3.542316e+04 3.554873e+04 
1.989899e-02 3.441981e+04 3.437373e+04 
2.484848e-02 3.101919e+04 3.054624e+04 
2.979798e-02 2.662716e+04 2.612637e+04 
3.474747e-02 2.224350e+04 2.228559e+04 
3.969697e-02 1.846262e+04 1.923957e+04 
4.464646e-02 1.552148e+04 1.684244e+04 
4.959596e-02 1.343063e+04 1.491689e+04 
5.454545e-02 1.207254e+04 1.333179e+04 
5.949495e-02 1.123188e+04 1.199946e+04 
6.444444e-02 1.070497e+04 1.086142e+04 
6.939394e-02 1.030150e+04 9.877386e+03 
7.434343e-02 9.873123e+03 9.018498e+03 
7.929293e-02 9.321979e+03 8.263249e+03 
8.424242e-02 8.615804e+03 7.595088e+03 
8.919192e-02 7.786521e+03 7.000941e+03 
9.414141e-02 6.906231e+03 6.470261e+03 
9.909091e-02 6.058480e+03 5.994403e+03 
1.040404e-01 5.315115e+03 5.566192e+03 
1.089899e-01 4.721325e+03 5.179607e+03 
1.139394e-01 4.290019e+03 4.829559e+03 
1.188889e-01 4.007525e+03 4.511712e+03 
1.238384e-01 3.843558e+03 4.222351e+03 
1.287879e-01 3.758773e+03 3.958276e+03 
1.337374e-01 3.710047e+03 3.716720e+03 
1.386869e-01 3.656227e+03 3.495276e+03 
1.436364e-01 3.565864e+03 3.291846e+03 
1.485859e-01 3.422731e+03 3.104593e+03 
1.535354e-01 3.226026e+03 2.931905e+03 
1.584848e-01 2.988067e+03 2.772359e+03 
1.634343e-01 2.730629e+03 2.624702e+03 
1.683838e-01 2.479707e+03 2.487820e+03 
1.733333e-01 2.258090e+03 2.360725e+03 
1.782828e-01 2.079399e+03 2.242538e+03 
1.832323e-01 1.947346e+03 2.132474e+03 
1.881818e-01 1.858618e+03 2.029829e+03 
1.931313e-01 1.805611e+03 1.933974e+03 
1.980808e-01 1.777457e+03 1.844344e+03 
2.030303e-01 1.760707e+03 1.760429e+03 
2.079798e-01 1.741593e+03 1.681768e+03 
2.129293e-01 1.709381e+03 1.607948e+03 
2.178788e-01 1.658534e+03 1.538592e+03 
2.228283e-01 1.588705e+03 1.473359e+03 
2.277778e-01 1.503621e+03 1.411940e+03 
2.327273e-01 1.409908e+03 1.354053e+03 
2.376768e-01 1.315675e+03 1.299440e+03 
2.426263e-01 1.228631e+03 1.247868e+03 
2.475758e-01 1.154444e+03 1.199123e+03 
2.525253e-01 1.095911e+03 1.153008e+03 
2.574747e-01 1.053118e+03 1.109343e+03 
2.624242e-01 1.023997e+03 1.067964e+03 
2.673737e-01 1.004883e+03 1.028719e+03 
2.723232e-01 9.911853e+02 9.914683e+02 
2.772727e-01 9.781985e+02 9.560837e+02 
2.822222e-01 9.619808e+02 9.224465e+02 
2.871717e-01 9.399929e+02 8.904472e+02 
2.921212e-01 9.113226e+02 8.599846e+02 
2.970707e-01 8.766041e+02 8.309649e+02 
3.020202e-01 8.377361e+02 8.033015e+02 
3.069697e-01 7.973886e+02 7.769138e+02 
3.119192e-01 7.583821e+02 7.517271e+02 
3.168687e-01 7.230968e+02 7.276718e+02 
3.218182e-01 6.930593e+02 7.046834e+02 
3.267677e-01 6.687897e+02 6.827018e+02 
3.317172e-01 6.499401e+02 6.616708e+02 
3.366667e-01 6.355213e+02 6.415383e+02 
3.416162e-01 6.240900e+02 6.222552e+02 
3.465657e-01 6.139946e+02 6.037761e+02 
3.515152e-01 6.036252e+02 5.860583e+02 
3.564646e-01 5.917327e+02 5.690618e+02 
3.614141e-01 5.776755e+02 5.527494e+02 
3.663636e-01 5.614300e+02 5.370858e+02 
3.713131e-01 5.434360e+02 5.220383e+02 
3.762626e-01 5.244445e+02 5.075759e+02 
3.812121e-01 5.053754e+02 4.936698e+02 
3.861616e-01 4.871623e+02 4.802925e+02 
3.911111e-01 4.705764e+02 4.674186e+02 
3.960606e-01 4.560769e+02 4.550238e+02 
4.010101e-01 4.437557e+02 4.430855e+02 
4.059596e-01 4.333917e+02 4.315822e+02 
4.109091e-01 4.245562e+02 4.204936e+02 
4.158586e-01 4.167077e+02 4.098008e+02 
4.208081e-01 4.092602e+02 3.994856e+02 
4.257576e-01 4.016728e+02 3.895312e+02 
4.307071e-01 3.935674e+02 3.799214e+02 
4.356566e-01 3.847666e+02 3.706409e+02 
4.406061e-01 3.752987e+02 3.616754e+02 
4.455556e-01 3.653474e+02 3.530112e+02 
4.505051e-01 3.551863e+02 3.446355e+02 
4.554545e-01 3.451556e+02 3.365359e+02 
4.604040e-01 3.355822e+02 3.287008e+02 
4.653535e-01 3.267064e+02 3.211192e+02 
4.703030e-01 3.186573e+02 3.137807e+02 
4.752525e-01 3.114461e+02 3.066752e+02 
4.802020e-01 3.049853e+02 2.997934e+02 
4.851515e-01 2.991148e+02 2.931262e+02 
4.901010e-01 2.936309e+02 2.866650e+02 
4.950505e-01 2.883232e+02 2.804019e+02 
5.000000e-01 2.829942e+02 2.743289e+02 
