1.000000e-02 1.883581e+04 1.883579e+04 
1.494949e-02 2.097857e+04 2.105540e+04 
1.989899e-02 2.086434e+04 2.142182e+04 
2.484848e-02 1.952946e+04 2.087560e+04 
2.979798e-02 1.769808e+04 1.990265e+04 
3.474747e-02 1.584229e+04 1.874947e+04 
3.969697e-02 1.421720e+04 1.754488e+04 
4.464646e-02 1.291152e+04 1.635720e+04 
4.959596e-02 1.190149e+04 1.522177e+04 
5.454545e-02 1.111803e+04 1.415548e+04 
5.949495e-02 1.044640e+04 1.316475e+04 
6.444444e-02 9.810550e+03 1.225016e+04 
6.939394e-02 9.153548e+03 1.140906e+04 
7.434343e-02 8.459925e+03 1.063719e+04 
7.929293e-02 7.749502e+03 9.929524e+03 
8.424242e-02 7.062692e+03 9.280863e+03 
8.919192e-02 6.437391e+03 8.686089e+03 
9.414141e-02 5.898516e+03 8.140349e+03 
9.909091e-02 5.458340e+03 7.639128e+03 
1.040404e-01 5.114456e+03 7.178281e+03 
1.089899e-01 4.847385e+03 6.754036e+03 
1.139394e-01 4.627105e+03 6.362976e+03 
1.188889e-01 4.424753e+03 6.002021e+03 
1.238384e-01 4.220065e+03 5.668396e+03 
1.287879e-01 4.002675e+03 5.359609e+03 
1.337374e-01 3.771590e+03 5.073417e+03 
1.386869e-01 3.534003e+03 4.807809e+03 
1.436364e-01 3.301650e+03 4.560974e+03 
1.485859e-01 3.086022e+03 4.331283e+03 
1.535354e-01 2.894933e+03 4.117272e+03 
1.584848e-01 2.732647e+03 3.917619e+03 
1.634343e-01 2.599249e+03 3.731133e+03 
1.683838e-01 2.489881e+03 3.556736e+03 
1.733333e-01 2.396193e+03 3.393456e+03 
1.782828e-01 2.309673e+03 3.240411e+03 
1.832323e-01 2.224114e+03 3.096801e+03 
1.881818e-01 2.135905e+03 2.961900e+03 
1.931313e-01 2.043703e+03 2.835048e+03 
1.980808e-01 1.948569e+03 2.715645e+03 
2.030303e-01 1.853637e+03 2.603142e+03 
2.079798e-01 1.762844e+03 2.497039e+03 
2.129293e-01 1.679330e+03 2.396879e+03 
2.178788e-01 1.604712e+03 2.302245e+03 
2.228283e-01 1.539213e+03 2.212752e+03 
2.277778e-01 1.481919e+03 2.128050e+03 
2.327273e-01 1.431011e+03 2.047815e+03 
2.376768e-01 1.384270e+03 1.971751e+03 
2.426263e-01 1.339645e+03 1.899584e+03 
2.475758e-01 1.295563e+03 1.831062e+03 
2.525253e-01 1.251036e+03 1.765953e+03 
2.574747e-01 1.205904e+03 1.704042e+03 
2.624242e-01 1.160860e+03 1.645131e+03 
2.673737e-01 1.117013e+03 1.589035e+03 
2.723232e-01 1.075353e+03 1.535585e+03 
2.772727e-01 1.036474e+03 1.484623e+03 
2.822222e-01 1.000622e+03 1.436002e+03 
2.871717e-01 9.678066e+02 1.389585e+03 
2.921212e-01 9.377449e+02 1.345247e+03 
2.970707e-01 9.098371e+02 1.302869e+03 
3.020202e-01 8.833532e+02 1.262341e+03 
3.069697e-01 8.577101e+02 1.223561e+03 
3.119192e-01 8.325807e+02 1.186433e+03 
3.168687e-01 8.078152e+02 1.150867e+03 
3.218182e-01 7.833903e+02 1.116781e+03 
3.267677e-01 7.594449e+02 1.084096e+03 
3.317172e-01 7.362397e+02 1.052739e+03 
3.366667e-01 7.140555e+02 1.022642e+03 
3.416162e-01 6.930470e+02 9.937392e+02 
3.465657e-01 6.732423e+02 9.659713e+02 
3.515152e-01 6.545818e+02 9.392814e+02 
3.564646e-01 6.369396e+02 9.136163e+02 
3.614141e-01 6.201463e+02 8.889260e+02 
3.663636e-01 6.040175e+02 8.651632e+02 
3.713131e-01 5.883889e+02 8.422836e+02 
3.762626e-01 5.731626e+02 8.202455e+02 
3.812121e-01 5.583106e+02 7.990093e+02 
3.861616e-01 5.438341e+02 7.785380e+02 
3.911111e-01 5.297463e+02 7.587963e+02 
3.960606e-01 5.160933e+02 7.397513e+02 
4.010101e-01 5.029439e+02 7.213715e+02 
4.059596e-01 4.903464e+02 7.036272e+02 
4.109091e-01 4.782911e+02 6.864906e+02 
4.158586e-01 4.667281e+02 6.699350e+02 
4.208081e-01 4.556160e+02 6.539353e+02 
4.257576e-01 4.449148e+02 6.384677e+02 
4.307071e-01 4.345883e+02 6.235097e+02 
4.356566e-01 4.245778e+02 6.090397e+02 
4.406061e-01 4.148342e+02 5.950375e+02 
4.455556e-01 4.053435e+02 5.814837e+02 
4.505051e-01 3.961257e+02 5.683601e+02 
4.554545e-01 3.871848e+02 5.556492e+02 
4.604040e-01 3.785029e+02 5.433344e+02 
4.653535e-01 3.700892e+02 5.313999e+02 
4.703030e-01 3.619426e+02 5.198308e+02 
4.752525e-01 3.540861e+02 5.086127e+02 
4.802020e-01 3.464937e+02 4.977321e+02 
4.851515e-01 3.391451e+02 4.871760e+02 
4.901010e-01 3.320122e+02 4.769319e+02 
4.950505e-01 3.250877e+02 4.669882e+02 
5.000000e-01 3.183711e+02 4.573335e+02 
