1.000000e-02 1.467191e+04 1.467190e+04 
1.494949e-02 1.660952e+04 1.649189e+04 
1.989899e-02 1.690910e+04 1.668724e+04 
2.484848e-02 1.631086e+04 1.610196e+04 
2.979798e-02 1.529902e+04 1.522380e+04 
3.474747e-02 1.417673e+04 1.426075e+04 
3.969697e-02 1.310848e+04 1.329601e+04 
4.464646e-02 1.214328e+04 1.236658e+04 
4.959596e-02 1.131467e+04 1.148979e+04 
5.454545e-02 1.056347e+04 1.067298e+04 
5.949495e-02 9.859036e+03 9.917917e+03 
6.444444e-02 9.186851e+03 9.223233e+03 
6.939394e-02 8.533321e+03 8.585874e+03 
7.434343e-02 7.901927e+03 8.001959e+03 
7.929293e-02 7.311700e+03 7.467296e+03 
8.424242e-02 6.781287e+03 6.977686e+03 
8.919192e-02 6.315014e+03 6.529094e+03 
9.414141e-02 5.907686e+03 6.117739e+03 
9.909091e-02 5.553024e+03 5.740133e+03 
1.040404e-01 5.242789e+03 5.393093e+03 
1.089899e-01 4.962553e+03 5.073732e+03 
1.139394e-01 4.696962e+03 4.779445e+03 
1.188889e-01 4.437980e+03 4.507887e+03 
1.238384e-01 4.185592e+03 4.256952e+03 
1.287879e-01 3.944024e+03 4.024747e+03 
1.337374e-01 3.717607e+03 3.809577e+03 
1.386869e-01 3.509407e+03 3.609915e+03 
1.436364e-01 3.320871e+03 3.424395e+03 
1.485859e-01 3.151580e+03 3.251786e+03 
1.535354e-01 2.999463e+03 3.090980e+03 
1.584848e-01 2.861846e+03 2.940980e+03 
1.634343e-01 2.735027e+03 2.800888e+03 
1.683838e-01 2.615211e+03 2.669892e+03 
1.733333e-01 2.499887e+03 2.547256e+03 
1.782828e-01 2.388557e+03 2.432318e+03 
1.832323e-01 2.281800e+03 2.324474e+03 
1.881818e-01 2.180095e+03 2.223177e+03 
1.931313e-01 2.083963e+03 2.127932e+03 
1.980808e-01 1.994146e+03 2.038284e+03 
2.030303e-01 1.911194e+03 1.953822e+03 
2.079798e-01 1.834613e+03 1.874169e+03 
2.129293e-01 1.763293e+03 1.798982e+03 
2.178788e-01 1.696237e+03 1.727945e+03 
2.228283e-01 1.632815e+03 1.660771e+03 
2.277778e-01 1.572456e+03 1.597196e+03 
2.327273e-01 1.514573e+03 1.536976e+03 
2.376768e-01 1.458988e+03 1.479888e+03 
2.426263e-01 1.405834e+03 1.425726e+03 
2.475758e-01 1.355240e+03 1.374302e+03 
2.525253e-01 1.307170e+03 1.325441e+03 
2.574747e-01 1.261542e+03 1.278980e+03 
2.624242e-01 1.218362e+03 1.234772e+03 
2.673737e-01 1.177595e+03 1.192678e+03 
2.723232e-01 1.139006e+03 1.152569e+03 
2.772727e-01 1.102201e+03 1.114328e+03 
2.822222e-01 1.066944e+03 1.077845e+03 
2.871717e-01 1.033150e+03 1.043016e+03 
2.921212e-01 1.000788e+03 1.009747e+03 
2.970707e-01 9.697876e+02 9.779491e+02 
3.020202e-01 9.400157e+02 9.475399e+02 
3.069697e-01 9.114488e+02 9.184424e+02 
3.119192e-01 8.841088e+02 8.905847e+02 
3.168687e-01 8.579881e+02 8.638998e+02 
3.218182e-01 8.330152e+02 8.383250e+02 
3.267677e-01 8.090637e+02 8.138015e+02 
3.317172e-01 7.860688e+02 7.902745e+02 
3.366667e-01 7.640028e+02 7.676924e+02 
3.416162e-01 7.428224e+02 7.460070e+02 
3.465657e-01 7.224511e+02 7.251730e+02 
3.515152e-01 7.028185e+02 7.051478e+02 
3.564646e-01 6.838825e+02 6.858915e+02 
3.614141e-01 6.656486e+02 6.673666e+02 
3.663636e-01 6.481245e+02 6.495376e+02 
3.713131e-01 6.312587e+02 6.323712e+02 
3.762626e-01 6.149947e+02 6.158360e+02 
3.812121e-01 5.993049e+02 5.999026e+02 
3.861616e-01 5.841822e+02 5.845430e+02 
3.911111e-01 5.696125e+02 5.697308e+02 
3.960606e-01 5.555556e+02 5.554411e+02 
4.010101e-01 5.419666e+02 5.416505e+02 
4.059596e-01 5.288256e+02 5.283368e+02 
4.109091e-01 5.161334e+02 5.154788e+02 
4.158586e-01 5.038799e+02 5.030568e+02 
4.208081e-01 4.920228e+02 4.910517e+02 
4.257576e-01 4.805487e+02 4.794459e+02 
4.307071e-01 4.694479e+02 4.682222e+02 
4.356566e-01 4.587101e+02 4.573647e+02 
4.406061e-01 4.483240e+02 4.468582e+02 
4.455556e-01 4.382654e+02 4.366880e+02 
4.505051e-01 4.285159e+02 4.268405e+02 
4.554545e-01 4.190652e+02 4.173025e+02 
4.604040e-01 4.099096e+02 4.080617e+02 
4.653535e-01 4.010412e+02 3.991063e+02 
4.703030e-01 3.924346e+02 3.904249e+02 
4.752525e-01 3.840787e+02 3.820068e+02 
4.802020e-01 3.759713e+02 3.738419e+02 
4.851515e-01 3.681074e+02 3.659204e+02 
4.901010e-01 3.604753e+02 3.582330e+02 
4.950505e-01 3.530622e+02 3.507709e+02 
5.000000e-01 3.458579e+02 3.435256e+02 
