1.000000e-02 2.293835e+04 2.293833e+04 
1.494949e-02 2.530808e+04 2.616480e+04 
1.989899e-02 2.478757e+04 2.703659e+04 
2.484848e-02 2.272775e+04 2.667969e+04 
2.979798e-02 2.009914e+04 2.570818e+04 
3.474747e-02 1.753767e+04 2.444428e+04 
3.969697e-02 1.538017e+04 2.306236e+04 
4.464646e-02 1.372621e+04 2.165953e+04 
4.959596e-02 1.253964e+04 2.028976e+04 
5.454545e-02 1.170133e+04 1.898200e+04 
5.949495e-02 1.104301e+04 1.775042e+04 
6.444444e-02 1.043398e+04 1.660047e+04 
6.939394e-02 9.785670e+03 1.553250e+04 
7.434343e-02 9.058447e+03 1.454395e+04 
7.929293e-02 8.266002e+03 1.363066e+04 
8.424242e-02 7.460017e+03 1.278772e+04 
8.919192e-02 6.702963e+03 1.200995e+04 
9.414141e-02 6.045171e+03 1.129221e+04 
9.909091e-02 5.516005e+03 1.062954e+04 
1.040404e-01 5.119462e+03 1.001728e+04 
1.089899e-01 4.835900e+03 9.451092e+03 
1.139394e-01 4.630038e+03 8.926991e+03 
1.188889e-01 4.462455e+03 8.441324e+03 
1.238384e-01 4.298299e+03 7.990766e+03 
1.287879e-01 4.112385e+03 7.572295e+03 
1.337374e-01 3.894788e+03 7.183168e+03 
1.386869e-01 3.650730e+03 6.820902e+03 
1.436364e-01 3.394618e+03 6.483247e+03 
1.485859e-01 3.143577e+03 6.168163e+03 
1.535354e-01 2.913650e+03 5.873804e+03 
1.584848e-01 2.717967e+03 5.598495e+03 
1.634343e-01 2.562763e+03 5.340718e+03 
1.683838e-01 2.444888e+03 5.099093e+03 
1.733333e-01 2.354658e+03 4.872368e+03 
1.782828e-01 2.280726e+03 4.659402e+03 
1.832323e-01 2.212910e+03 4.459158e+03 
1.881818e-01 2.142570e+03 4.270689e+03 
1.931313e-01 2.063281e+03 4.093131e+03 
1.980808e-01 1.973058e+03 3.925695e+03 
2.030303e-01 1.875090e+03 3.767660e+03 
2.079798e-01 1.775220e+03 3.618364e+03 
2.129293e-01 1.679203e+03 3.477203e+03 
2.178788e-01 1.591502e+03 3.343619e+03 
2.228283e-01 1.515072e+03 3.217102e+03 
2.277778e-01 1.451139e+03 3.097181e+03 
2.327273e-01 1.398710e+03 2.983424e+03 
2.376768e-01 1.354974e+03 2.875432e+03 
2.426263e-01 1.316383e+03 2.772837e+03 
2.475758e-01 1.279536e+03 2.675298e+03 
2.525253e-01 1.241748e+03 2.582501e+03 
2.574747e-01 1.201437e+03 2.494155e+03 
2.624242e-01 1.158344e+03 2.409990e+03 
2.673737e-01 1.113485e+03 2.329757e+03 
2.723232e-01 1.068594e+03 2.253222e+03 
2.772727e-01 1.025356e+03 2.180169e+03 
2.822222e-01 9.851493e+02 2.110399e+03 
2.871717e-01 9.488644e+02 2.043725e+03 
2.921212e-01 9.168030e+02 1.979972e+03 
2.970707e-01 8.886761e+02 1.918978e+03 
3.020202e-01 8.636021e+02 1.860591e+03 
3.069697e-01 8.404276e+02 1.804671e+03 
3.119192e-01 8.180827e+02 1.751085e+03 
3.168687e-01 7.958080e+02 1.699708e+03 
3.218182e-01 7.731959e+02 1.650427e+03 
3.267677e-01 7.501153e+02 1.603131e+03 
3.317172e-01 7.267501e+02 1.557720e+03 
3.366667e-01 7.035837e+02 1.514097e+03 
3.416162e-01 6.811955e+02 1.472173e+03 
3.465657e-01 6.600601e+02 1.431865e+03 
3.515152e-01 6.403994e+02 1.393092e+03 
3.564646e-01 6.222265e+02 1.355780e+03 
3.614141e-01 6.054633e+02 1.319860e+03 
3.663636e-01 5.899057e+02 1.285265e+03 
3.713131e-01 5.752380e+02 1.251932e+03 
3.762626e-01 5.611122e+02 1.219804e+03 
3.812121e-01 5.472365e+02 1.188824e+03 
3.861616e-01 5.334728e+02 1.158941e+03 
3.911111e-01 5.198037e+02 1.130105e+03 
3.960606e-01 5.062524e+02 1.102268e+03 
4.010101e-01 4.929379e+02 1.075388e+03 
4.059596e-01 4.800032e+02 1.049421e+03 
4.109091e-01 4.675986e+02 1.024329e+03 
4.158586e-01 4.557976e+02 1.000073e+03 
4.208081e-01 4.446088e+02 9.766191e+02 
4.257576e-01 4.340078e+02 9.539321e+02 
4.307071e-01 4.239400e+02 9.319804e+02 
4.356566e-01 4.143109e+02 9.107335e+02 
4.406061e-01 4.050143e+02 8.901626e+02 
4.455556e-01 3.959517e+02 8.702401e+02 
4.505051e-01 3.870704e+02 8.509401e+02 
4.554545e-01 3.783617e+02 8.322375e+02 
4.604040e-01 3.698183e+02 8.141087e+02 
4.653535e-01 3.614560e+02 7.965314e+02 
4.703030e-01 3.533027e+02 7.794839e+02 
4.752525e-01 3.454154e+02 7.629460e+02 
4.802020e-01 3.378206e+02 7.468980e+02 
4.851515e-01 3.305206e+02 7.313215e+02 
4.901010e-01 3.234933e+02 7.161988e+02 
4.950505e-01 3.167187e+02 7.015128e+02 
5.000000e-01 3.101831e+02 6.872476e+02 
