1.000000e-02 1.402531e+04 1.402530e+04 
1.494949e-02 1.590785e+04 1.578279e+04 
1.989899e-02 1.628064e+04 1.615880e+04 
2.484848e-02 1.582932e+04 1.583232e+04 
2.979798e-02 1.498193e+04 1.516024e+04 
3.474747e-02 1.399727e+04 1.433218e+04 
3.969697e-02 1.301618e+04 1.345082e+04 
4.464646e-02 1.209127e+04 1.257191e+04 
4.959596e-02 1.125102e+04 1.172513e+04 
5.454545e-02 1.047513e+04 1.092530e+04 
5.949495e-02 9.743054e+03 1.017876e+04 
6.444444e-02 9.057561e+03 9.486992e+03 
6.939394e-02 8.411741e+03 8.848793e+03 
7.434343e-02 7.809464e+03 8.261503e+03 
7.929293e-02 7.259846e+03 7.721761e+03 
8.424242e-02 6.768562e+03 7.225948e+03 
8.919192e-02 6.330604e+03 6.770433e+03 
9.414141e-02 5.937077e+03 6.351725e+03 
9.909091e-02 5.582406e+03 5.966544e+03 
1.040404e-01 5.261054e+03 5.611855e+03 
1.089899e-01 4.964105e+03 5.284877e+03 
1.139394e-01 4.683263e+03 4.983081e+03 
1.188889e-01 4.415963e+03 4.704177e+03 
1.238384e-01 4.164446e+03 4.446093e+03 
1.287879e-01 3.930856e+03 4.206963e+03 
1.337374e-01 3.716113e+03 3.985105e+03 
1.386869e-01 3.519900e+03 3.779002e+03 
1.436364e-01 3.340798e+03 3.587290e+03 
1.485859e-01 3.176409e+03 3.408736e+03 
1.535354e-01 3.024225e+03 3.242232e+03 
1.584848e-01 2.882499e+03 3.086774e+03 
1.634343e-01 2.749591e+03 2.941457e+03 
1.683838e-01 2.624059e+03 2.805462e+03 
1.733333e-01 2.504965e+03 2.678045e+03 
1.782828e-01 2.392431e+03 2.558534e+03 
1.832323e-01 2.286640e+03 2.446318e+03 
1.881818e-01 2.187494e+03 2.340841e+03 
1.931313e-01 2.094640e+03 2.241597e+03 
1.980808e-01 2.007768e+03 2.148127e+03 
2.030303e-01 1.926452e+03 2.060008e+03 
2.079798e-01 1.849987e+03 1.976857e+03 
2.129293e-01 1.777705e+03 1.898322e+03 
2.178788e-01 1.709179e+03 1.824082e+03 
2.228283e-01 1.644193e+03 1.753841e+03 
2.277778e-01 1.582432e+03 1.687328e+03 
2.327273e-01 1.523702e+03 1.624293e+03 
2.376768e-01 1.467958e+03 1.564508e+03 
2.426263e-01 1.415212e+03 1.507761e+03 
2.475758e-01 1.365200e+03 1.453858e+03 
2.525253e-01 1.317614e+03 1.402617e+03 
2.574747e-01 1.272312e+03 1.353874e+03 
2.624242e-01 1.229279e+03 1.307475e+03 
2.673737e-01 1.188378e+03 1.263276e+03 
2.723232e-01 1.149344e+03 1.221146e+03 
2.772727e-01 1.111986e+03 1.180962e+03 
2.822222e-01 1.076260e+03 1.142610e+03 
2.871717e-01 1.042166e+03 1.105984e+03 
2.921212e-01 1.009628e+03 1.070987e+03 
2.970707e-01 9.784826e+02 1.037525e+03 
3.020202e-01 9.486238e+02 1.005514e+03 
3.069697e-01 9.200510e+02 9.748740e+02 
3.119192e-01 8.927336e+02 9.455300e+02 
3.168687e-01 8.665673e+02 9.174126e+02 
3.218182e-01 8.414277e+02 8.904566e+02 
3.267677e-01 8.172780e+02 8.646011e+02 
3.317172e-01 7.941051e+02 8.397889e+02 
3.366667e-01 7.718744e+02 8.159665e+02 
3.416162e-01 7.505095e+02 7.930838e+02 
3.465657e-01 7.299408e+02 7.710934e+02 
3.515152e-01 7.101430e+02 7.499512e+02 
3.564646e-01 6.911193e+02 7.296155e+02 
3.614141e-01 6.728207e+02 7.100472e+02 
3.663636e-01 6.551902e+02 6.912092e+02 
3.713131e-01 6.381869e+02 6.730670e+02 
3.762626e-01 6.217968e+02 6.555878e+02 
3.812121e-01 6.060069e+02 6.387407e+02 
3.861616e-01 5.907855e+02 6.224965e+02 
3.911111e-01 5.760833e+02 6.068277e+02 
3.960606e-01 5.618823e+02 5.917085e+02 
4.010101e-01 5.481749e+02 5.771140e+02 
4.059596e-01 5.349474e+02 5.630213e+02 
4.109091e-01 5.221642e+02 5.494081e+02 
4.158586e-01 5.097969e+02 5.362538e+02 
4.208081e-01 4.978331e+02 5.235385e+02 
4.257576e-01 4.862727e+02 5.112435e+02 
4.307071e-01 4.750947e+02 4.993512e+02 
4.356566e-01 4.642714e+02 4.878446e+02 
4.406061e-01 4.537831e+02 4.767079e+02 
4.455556e-01 4.436271e+02 4.659257e+02 
4.505051e-01 4.337961e+02 4.554837e+02 
4.554545e-01 4.242730e+02 4.453682e+02 
4.604040e-01 4.150365e+02 4.355662e+02 
4.653535e-01 4.060748e+02 4.260651e+02 
4.703030e-01 3.973845e+02 4.168532e+02 
4.752525e-01 3.889637e+02 4.079193e+02 
4.802020e-01 3.807924e+02 3.992526e+02 
4.851515e-01 3.728537e+02 3.908429e+02 
4.901010e-01 3.651424e+02 3.826805e+02 
4.950505e-01 3.576593e+02 3.747560e+02 
5.000000e-01 3.503938e+02 3.670606e+02 
