1.000000e-02 3.132878e+04 3.132875e+04 
1.494949e-02 3.462357e+04 3.474448e+04 
1.989899e-02 3.372631e+04 3.366018e+04 
2.484848e-02 3.043905e+04 2.994981e+04 
2.979798e-02 2.616115e+04 2.567286e+04 
3.474747e-02 2.189125e+04 2.196567e+04 
3.969697e-02 1.822090e+04 1.902296e+04 
4.464646e-02 1.537733e+04 1.669947e+04 
4.959596e-02 1.337666e+04 1.482538e+04 
5.454545e-02 1.208495e+04 1.327645e+04 
5.949495e-02 1.128716e+04 1.196994e+04 
6.444444e-02 1.078310e+04 1.085059e+04 
6.939394e-02 1.037921e+04 9.880255e+03 
7.434343e-02 9.928750e+03 9.031487e+03 
7.929293e-02 9.341628e+03 8.283743e+03 
8.424242e-02 8.598923e+03 7.621144e+03 
8.919192e-02 7.743112e+03 7.031093e+03 
9.414141e-02 6.851304e+03 6.503394e+03 
9.909091e-02 6.008079e+03 6.029658e+03 
1.040404e-01 5.283778e+03 5.602903e+03 
1.089899e-01 4.718666e+03 5.217258e+03 
1.139394e-01 4.319221e+03 4.867746e+03 
1.188889e-01 4.065532e+03 4.550118e+03 
1.238384e-01 3.922879e+03 4.260730e+03 
1.287879e-01 3.849156e+03 3.996436e+03 
1.337374e-01 3.799860e+03 3.754510e+03 
1.386869e-01 3.734310e+03 3.532581e+03 
1.436364e-01 3.623854e+03 3.328578e+03 
1.485859e-01 3.456654e+03 3.140686e+03 
1.535354e-01 3.237165e+03 2.967310e+03 
1.584848e-01 2.982489e+03 2.807042e+03 
1.634343e-01 2.717452e+03 2.658639e+03 
1.683838e-01 2.468584e+03 2.520997e+03 
1.733333e-01 2.256433e+03 2.393135e+03 
1.782828e-01 2.091556e+03 2.274180e+03 
1.832323e-01 1.974525e+03 2.163350e+03 
1.881818e-01 1.899714e+03 2.059948e+03 
1.931313e-01 1.857373e+03 1.963345e+03 
1.980808e-01 1.834694e+03 1.872979e+03 
2.030303e-01 1.817131e+03 1.788342e+03 
2.079798e-01 1.791422e+03 1.708975e+03 
2.129293e-01 1.748606e+03 1.634465e+03 
2.178788e-01 1.685448e+03 1.564436e+03 
2.228283e-01 1.603907e+03 1.498547e+03 
2.277778e-01 1.509816e+03 1.436489e+03 
2.327273e-01 1.411241e+03 1.377980e+03 
2.376768e-01 1.316674e+03 1.322764e+03 
2.426263e-01 1.233171e+03 1.270606e+03 
2.475758e-01 1.165081e+03 1.221291e+03 
2.525253e-01 1.113817e+03 1.174624e+03 
2.574747e-01 1.078087e+03 1.130424e+03 
2.624242e-01 1.054555e+03 1.088525e+03 
2.673737e-01 1.038537e+03 1.048777e+03 
2.723232e-01 1.025028e+03 1.011038e+03 
2.772727e-01 1.009521e+03 9.751802e+02 
2.822222e-01 9.887506e+02 9.410844e+02 
2.871717e-01 9.610576e+02 9.086406e+02 
2.921212e-01 9.265369e+02 8.777472e+02 
2.970707e-01 8.868801e+02 8.483101e+02 
3.020202e-01 8.448228e+02 8.202420e+02 
3.069697e-01 8.033858e+02 7.934620e+02 
3.119192e-01 7.652145e+02 7.678950e+02 
3.168687e-01 7.321934e+02 7.434710e+02 
3.218182e-01 7.052271e+02 7.201252e+02 
3.267677e-01 6.842083e+02 6.977969e+02 
3.317172e-01 6.681974e+02 6.764297e+02 
3.366667e-01 6.556780e+02 6.559710e+02 
3.416162e-01 6.448805e+02 6.363715e+02 
3.465657e-01 6.341099e+02 6.175854e+02 
3.515152e-01 6.219740e+02 5.995696e+02 
3.564646e-01 6.076150e+02 5.822840e+02 
3.614141e-01 5.908486e+02 5.656907e+02 
3.663636e-01 5.721040e+02 5.497545e+02 
3.713131e-01 5.521845e+02 5.344422e+02 
3.762626e-01 5.321002e+02 5.197227e+02 
3.812121e-01 5.128145e+02 5.055667e+02 
3.861616e-01 4.951564e+02 4.919468e+02 
3.911111e-01 4.796791e+02 4.788369e+02 
3.960606e-01 4.665449e+02 4.662128e+02 
4.010101e-01 4.555488e+02 4.540515e+02 
4.059596e-01 4.462047e+02 4.423313e+02 
4.109091e-01 4.379061e+02 4.310319e+02 
4.158586e-01 4.300402e+02 4.201340e+02 
4.208081e-01 4.220478e+02 4.096193e+02 
4.257576e-01 4.135182e+02 3.994706e+02 
4.307071e-01 4.042305e+02 3.896717e+02 
4.356566e-01 3.942086e+02 3.802072e+02 
4.406061e-01 3.836575e+02 3.710625e+02 
4.455556e-01 3.729247e+02 3.622239e+02 
4.505051e-01 3.623575e+02 3.536781e+02 
4.554545e-01 3.522907e+02 3.454130e+02 
4.604040e-01 3.429665e+02 3.374165e+02 
4.653535e-01 3.345369e+02 3.296777e+02 
4.703030e-01 3.270165e+02 3.221859e+02 
4.752525e-01 3.202938e+02 3.149310e+02 
4.802020e-01 3.141706e+02 3.079035e+02 
4.851515e-01 3.084123e+02 3.010942e+02 
4.901010e-01 3.027997e+02 2.944945e+02 
4.950505e-01 2.971579e+02 2.880962e+02 
5.000000e-01 2.913540e+02 2.818913e+02 
