1.000000e-02 2.552092e+04 2.552089e+04 
1.494949e-02 2.821526e+04 2.822448e+04 
1.989899e-02 2.759239e+04 2.740654e+04 
2.484848e-02 2.514508e+04 2.476961e+04 
2.979798e-02 2.198720e+04 2.183130e+04 
3.474747e-02 1.887900e+04 1.925550e+04 
3.969697e-02 1.624459e+04 1.712163e+04 
4.464646e-02 1.422405e+04 1.534702e+04 
4.959596e-02 1.280716e+04 1.384583e+04 
5.454545e-02 1.185838e+04 1.255577e+04 
5.949495e-02 1.119899e+04 1.143385e+04 
6.444444e-02 1.066150e+04 1.044953e+04 
6.939394e-02 1.011275e+04 9.580203e+03 
7.434343e-02 9.471659e+03 8.808396e+03 
7.929293e-02 8.719285e+03 8.120177e+03 
8.424242e-02 7.892948e+03 7.504173e+03 
8.919192e-02 7.059428e+03 6.950940e+03 
9.414141e-02 6.287503e+03 6.452544e+03 
9.909091e-02 5.632067e+03 6.002257e+03 
1.040404e-01 5.122453e+03 5.594337e+03 
1.089899e-01 4.758382e+03 5.223854e+03 
1.139394e-01 4.514355e+03 4.886556e+03 
1.188889e-01 4.352126e+03 4.578760e+03 
1.238384e-01 4.229907e+03 4.297268e+03 
1.287879e-01 4.109107e+03 4.039287e+03 
1.337374e-01 3.960481e+03 3.802377e+03 
1.386869e-01 3.769928e+03 3.584395e+03 
1.436364e-01 3.540152e+03 3.383457e+03 
1.485859e-01 3.285765e+03 3.197900e+03 
1.535354e-01 3.026687e+03 3.026253e+03 
1.584848e-01 2.783887e+03 2.867212e+03 
1.634343e-01 2.575208e+03 2.719619e+03 
1.683838e-01 2.410131e+03 2.582441e+03 
1.733333e-01 2.288481e+03 2.454756e+03 
1.782828e-01 2.202450e+03 2.335741e+03 
1.832323e-01 2.140973e+03 2.224654e+03 
1.881818e-01 2.092083e+03 2.120833e+03 
1.931313e-01 2.043850e+03 2.023679e+03 
1.980808e-01 1.986296e+03 1.932654e+03 
2.030303e-01 1.914042e+03 1.847269e+03 
2.079798e-01 1.827379e+03 1.767086e+03 
2.129293e-01 1.731057e+03 1.691703e+03 
2.178788e-01 1.631791e+03 1.620758e+03 
2.228283e-01 1.536353e+03 1.553922e+03 
2.277778e-01 1.450510e+03 1.490893e+03 
2.327273e-01 1.377981e+03 1.431398e+03 
2.376768e-01 1.319959e+03 1.375185e+03 
2.426263e-01 1.275174e+03 1.322026e+03 
2.475758e-01 1.240431e+03 1.271710e+03 
2.525253e-01 1.211548e+03 1.224046e+03 
2.574747e-01 1.184214e+03 1.178855e+03 
2.624242e-01 1.154851e+03 1.135975e+03 
2.673737e-01 1.121392e+03 1.095257e+03 
2.723232e-01 1.083331e+03 1.056562e+03 
2.772727e-01 1.041553e+03 1.019762e+03 
2.822222e-01 9.978950e+02 9.847405e+02 
2.871717e-01 9.546286e+02 9.513872e+02 
2.921212e-01 9.139571e+02 9.196015e+02 
2.970707e-01 8.775066e+02 8.892899e+02 
3.020202e-01 8.460689e+02 8.603653e+02 
3.069697e-01 8.195986e+02 8.327473e+02 
3.119192e-01 7.973080e+02 8.063606e+02 
3.168687e-01 7.779486e+02 7.811354e+02 
3.218182e-01 7.600943e+02 7.570068e+02 
3.267677e-01 7.424274e+02 7.339140e+02 
3.317172e-01 7.239716e+02 7.118004e+02 
3.366667e-01 7.042773e+02 6.906131e+02 
3.416162e-01 6.833268e+02 6.703028e+02 
3.465657e-01 6.615595e+02 6.508232e+02 
3.515152e-01 6.396972e+02 6.321310e+02 
3.564646e-01 6.184948e+02 6.141856e+02 
3.614141e-01 5.985947e+02 5.969490e+02 
3.663636e-01 5.803847e+02 5.803856e+02 
3.713131e-01 5.639986e+02 5.644617e+02 
3.762626e-01 5.493637e+02 5.491459e+02 
3.812121e-01 5.361847e+02 5.344087e+02 
3.861616e-01 5.240204e+02 5.202220e+02 
3.911111e-01 5.123561e+02 5.065597e+02 
3.960606e-01 5.007768e+02 4.933970e+02 
4.010101e-01 4.890451e+02 4.807106e+02 
4.059596e-01 4.770626e+02 4.684784e+02 
4.109091e-01 4.648637e+02 4.566799e+02 
4.158586e-01 4.526089e+02 4.452952e+02 
4.208081e-01 4.405046e+02 4.343059e+02 
4.257576e-01 4.287985e+02 4.236944e+02 
4.307071e-01 4.177026e+02 4.134442e+02 
4.356566e-01 4.073109e+02 4.035394e+02 
4.406061e-01 3.976406e+02 3.939653e+02 
4.455556e-01 3.886368e+02 3.847078e+02 
4.505051e-01 3.801844e+02 3.757534e+02 
4.554545e-01 3.721525e+02 3.670895e+02 
4.604040e-01 3.643707e+02 3.587040e+02 
4.653535e-01 3.566987e+02 3.505855e+02 
4.703030e-01 3.490676e+02 3.427231e+02 
4.752525e-01 3.414527e+02 3.351065e+02 
4.802020e-01 3.338789e+02 3.277258e+02 
4.851515e-01 3.263910e+02 3.205718e+02 
4.901010e-01 3.190494e+02 3.136354e+02 
4.950505e-01 3.119377e+02 3.069084e+02 
5.000000e-01 3.051189e+02 3.003824e+02 
