1.000000e-02 1.488895e+04 1.488894e+04 
1.494949e-02 1.703722e+04 1.696141e+04 
1.989899e-02 1.740557e+04 1.722311e+04 
2.484848e-02 1.673988e+04 1.653766e+04 
2.979798e-02 1.557758e+04 1.552582e+04 
3.474747e-02 1.428459e+04 1.446451e+04 
3.969697e-02 1.307786e+04 1.344067e+04 
4.464646e-02 1.204030e+04 1.247841e+04 
4.959596e-02 1.120295e+04 1.158404e+04 
5.454545e-02 1.051574e+04 1.075797e+04 
5.949495e-02 9.903512e+03 9.998052e+03 
6.444444e-02 9.326097e+03 9.300751e+03 
6.939394e-02 8.747615e+03 8.661846e+03 
7.434343e-02 8.146566e+03 8.076834e+03 
7.929293e-02 7.533264e+03 7.541199e+03 
8.424242e-02 6.939365e+03 7.050586e+03 
8.919192e-02 6.396462e+03 6.600891e+03 
9.414141e-02 5.921142e+03 6.188311e+03 
9.909091e-02 5.518248e+03 5.809364e+03 
1.040404e-01 5.185919e+03 5.460879e+03 
1.089899e-01 4.914826e+03 5.139991e+03 
1.139394e-01 4.686485e+03 4.844113e+03 
1.188889e-01 4.477958e+03 4.570922e+03 
1.238384e-01 4.270911e+03 4.318327e+03 
1.287879e-01 4.057228e+03 4.084452e+03 
1.337374e-01 3.837089e+03 3.867612e+03 
1.386869e-01 3.616128e+03 3.666293e+03 
1.436364e-01 3.401946e+03 3.479135e+03 
1.485859e-01 3.201569e+03 3.304914e+03 
1.535354e-01 3.020624e+03 3.142529e+03 
1.584848e-01 2.862331e+03 2.990986e+03 
1.634343e-01 2.727170e+03 2.849389e+03 
1.683838e-01 2.612202e+03 2.716928e+03 
1.733333e-01 2.511346e+03 2.592870e+03 
1.782828e-01 2.417766e+03 2.476553e+03 
1.832323e-01 2.326516e+03 2.367373e+03 
1.881818e-01 2.235241e+03 2.264784e+03 
1.931313e-01 2.143102e+03 2.168288e+03 
1.980808e-01 2.050234e+03 2.077433e+03 
2.030303e-01 1.958193e+03 1.991804e+03 
2.079798e-01 1.869730e+03 1.911026e+03 
2.129293e-01 1.787568e+03 1.834753e+03 
2.178788e-01 1.713061e+03 1.762669e+03 
2.228283e-01 1.646048e+03 1.694485e+03 
2.277778e-01 1.585698e+03 1.629936e+03 
2.327273e-01 1.530853e+03 1.568776e+03 
2.376768e-01 1.480109e+03 1.510783e+03 
2.426263e-01 1.431930e+03 1.455748e+03 
2.475758e-01 1.384944e+03 1.403483e+03 
2.525253e-01 1.338409e+03 1.353810e+03 
2.574747e-01 1.292250e+03 1.306567e+03 
2.624242e-01 1.246785e+03 1.261604e+03 
2.673737e-01 1.202607e+03 1.218781e+03 
2.723232e-01 1.160357e+03 1.177971e+03 
2.772727e-01 1.120544e+03 1.139052e+03 
2.822222e-01 1.083426e+03 1.101915e+03 
2.871717e-01 1.048943e+03 1.066455e+03 
2.921212e-01 1.016816e+03 1.032577e+03 
2.970707e-01 9.866528e+02 1.000191e+03 
3.020202e-01 9.579894e+02 9.692136e+02 
3.069697e-01 9.303979e+02 9.395674e+02 
3.119192e-01 9.035784e+02 9.111796e+02 
3.168687e-01 8.773884e+02 8.839824e+02 
3.218182e-01 8.518066e+02 8.579123e+02 
3.267677e-01 8.269037e+02 8.329100e+02 
3.317172e-01 8.027998e+02 8.089199e+02 
3.366667e-01 7.796336e+02 7.858899e+02 
3.416162e-01 7.575429e+02 7.637712e+02 
3.465657e-01 7.365586e+02 7.425178e+02 
3.515152e-01 7.166303e+02 7.220867e+02 
3.564646e-01 6.976534e+02 7.024373e+02 
3.614141e-01 6.794964e+02 6.835317e+02 
3.663636e-01 6.620458e+02 6.653340e+02 
3.713131e-01 6.452002e+02 6.478103e+02 
3.762626e-01 6.288510e+02 6.309290e+02 
3.812121e-01 6.129550e+02 6.146599e+02 
3.861616e-01 5.975048e+02 5.989749e+02 
3.911111e-01 5.825199e+02 5.838471e+02 
3.960606e-01 5.680292e+02 5.692513e+02 
4.010101e-01 5.540420e+02 5.551637e+02 
4.059596e-01 5.405548e+02 5.415617e+02 
4.109091e-01 5.275733e+02 5.284239e+02 
4.158586e-01 5.150966e+02 5.157302e+02 
4.208081e-01 5.030944e+02 5.034614e+02 
4.257576e-01 4.915141e+02 4.915993e+02 
4.307071e-01 4.803011e+02 4.801267e+02 
4.356566e-01 4.694210e+02 4.690272e+02 
4.406061e-01 4.588675e+02 4.582855e+02 
4.455556e-01 4.486340e+02 4.478868e+02 
4.505051e-01 4.386918e+02 4.378170e+02 
4.554545e-01 4.290302e+02 4.280629e+02 
4.604040e-01 4.196461e+02 4.186118e+02 
4.653535e-01 4.105550e+02 4.094517e+02 
4.703030e-01 4.017588e+02 4.005712e+02 
4.752525e-01 3.932400e+02 3.919594e+02 
4.802020e-01 3.849790e+02 3.836058e+02 
4.851515e-01 3.769647e+02 3.755006e+02 
4.901010e-01 3.691923e+02 3.676343e+02 
4.950505e-01 3.616534e+02 3.599979e+02 
5.000000e-01 3.543290e+02 3.525829e+02 
