1.000000e-02 2.067636e+04 2.067634e+04 
1.494949e-02 2.320329e+04 2.317958e+04 
1.989899e-02 2.311188e+04 2.294104e+04 
2.484848e-02 2.152650e+04 2.123488e+04 
2.979798e-02 1.928811e+04 1.916902e+04 
3.474747e-02 1.698108e+04 1.725706e+04 
3.969697e-02 1.494791e+04 1.559924e+04 
4.464646e-02 1.332841e+04 1.416780e+04 
4.959596e-02 1.212449e+04 1.292011e+04 
5.454545e-02 1.127066e+04 1.182220e+04 
5.949495e-02 1.062454e+04 1.084908e+04 
6.444444e-02 1.007944e+04 9.981978e+03 
6.939394e-02 9.534997e+03 9.206198e+03 
7.434343e-02 8.928746e+03 8.509812e+03 
7.929293e-02 8.248876e+03 7.882890e+03 
8.424242e-02 7.526265e+03 7.317020e+03 
8.919192e-02 6.811110e+03 6.805000e+03 
9.414141e-02 6.150843e+03 6.340622e+03 
9.909091e-02 5.581711e+03 5.918506e+03 
1.040404e-01 5.125819e+03 5.533972e+03 
1.089899e-01 4.785267e+03 5.182939e+03 
1.139394e-01 4.541037e+03 4.861837e+03 
1.188889e-01 4.361319e+03 4.567536e+03 
1.238384e-01 4.211888e+03 4.297286e+03 
1.287879e-01 4.064644e+03 4.048665e+03 
1.337374e-01 3.899487e+03 3.819534e+03 
1.386869e-01 3.706941e+03 3.608003e+03 
1.436364e-01 3.488974e+03 3.412396e+03 
1.485859e-01 3.256478e+03 3.231224e+03 
1.535354e-01 3.024894e+03 3.063162e+03 
1.584848e-01 2.809537e+03 2.907028e+03 
1.634343e-01 2.622362e+03 2.761767e+03 
1.683838e-01 2.469785e+03 2.626432e+03 
1.733333e-01 2.351426e+03 2.500175e+03 
1.782828e-01 2.261377e+03 2.382235e+03 
1.832323e-01 2.190596e+03 2.271924e+03 
1.881818e-01 2.129408e+03 2.168624e+03 
1.931313e-01 2.068975e+03 2.071775e+03 
1.980808e-01 2.002406e+03 1.980871e+03 
2.030303e-01 1.926209e+03 1.895453e+03 
2.079798e-01 1.840852e+03 1.815105e+03 
2.129293e-01 1.749970e+03 1.739448e+03 
2.178788e-01 1.658544e+03 1.668136e+03 
2.228283e-01 1.571456e+03 1.600856e+03 
2.277778e-01 1.492769e+03 1.537318e+03 
2.327273e-01 1.424975e+03 1.477261e+03 
2.376768e-01 1.368614e+03 1.420444e+03 
2.426263e-01 1.322341e+03 1.366646e+03 
2.475758e-01 1.283598e+03 1.315663e+03 
2.525253e-01 1.249433e+03 1.267311e+03 
2.574747e-01 1.216843e+03 1.221416e+03 
2.624242e-01 1.183216e+03 1.177821e+03 
2.673737e-01 1.146920e+03 1.136379e+03 
2.723232e-01 1.107717e+03 1.096957e+03 
2.772727e-01 1.066582e+03 1.059429e+03 
2.822222e-01 1.025007e+03 1.023680e+03 
2.871717e-01 9.844764e+02 9.896022e+02 
2.921212e-01 9.463159e+02 9.570975e+02 
2.970707e-01 9.115794e+02 9.260733e+02 
3.020202e-01 8.808705e+02 8.964440e+02 
3.069697e-01 8.540808e+02 8.681300e+02 
3.119192e-01 8.304838e+02 8.410571e+02 
3.168687e-01 8.090677e+02 8.151561e+02 
3.218182e-01 7.888188e+02 7.903625e+02 
3.267677e-01 7.689178e+02 7.666161e+02 
3.317172e-01 7.487719e+02 7.438607e+02 
3.366667e-01 7.280294e+02 7.220437e+02 
3.416162e-01 7.066845e+02 7.011157e+02 
3.465657e-01 6.850883e+02 6.810308e+02 
3.515152e-01 6.637838e+02 6.617456e+02 
3.564646e-01 6.433012e+02 6.432196e+02 
3.614141e-01 6.239977e+02 6.254148e+02 
3.663636e-01 6.060740e+02 6.082954e+02 
3.713131e-01 5.895912e+02 5.918277e+02 
3.762626e-01 5.744724e+02 5.759801e+02 
3.812121e-01 5.604815e+02 5.607229e+02 
3.861616e-01 5.472804e+02 5.460280e+02 
3.911111e-01 5.345349e+02 5.318691e+02 
3.960606e-01 5.219860e+02 5.182211e+02 
4.010101e-01 5.094849e+02 5.050606e+02 
4.059596e-01 4.969854e+02 4.923653e+02 
4.109091e-01 4.845096e+02 4.801142e+02 
4.158586e-01 4.721634e+02 4.682876e+02 
4.208081e-01 4.600977e+02 4.568667e+02 
4.257576e-01 4.484735e+02 4.458336e+02 
4.307071e-01 4.374013e+02 4.351716e+02 
4.356566e-01 4.269141e+02 4.248647e+02 
4.406061e-01 4.170010e+02 4.148979e+02 
4.455556e-01 4.076221e+02 4.052567e+02 
4.505051e-01 3.987006e+02 3.959277e+02 
4.554545e-01 3.901307e+02 3.868978e+02 
4.604040e-01 3.818038e+02 3.781549e+02 
4.653535e-01 3.736403e+02 3.696873e+02 
4.703030e-01 3.655983e+02 3.614839e+02 
4.752525e-01 3.576730e+02 3.535342e+02 
4.802020e-01 3.498715e+02 3.458281e+02 
4.851515e-01 3.422211e+02 3.383561e+02 
4.901010e-01 3.347622e+02 3.311091e+02 
4.950505e-01 3.275404e+02 3.240785e+02 
5.000000e-01 3.205888e+02 3.172559e+02 
