1.000000e-02 2.308629e+04 2.308627e+04 
1.494949e-02 2.569917e+04 2.569412e+04 
1.989899e-02 2.533202e+04 2.515700e+04 
2.484848e-02 2.329709e+04 2.296426e+04 
2.979798e-02 2.057651e+04 2.043788e+04 
3.474747e-02 1.784701e+04 1.817508e+04 
3.969697e-02 1.549549e+04 1.626744e+04 
4.464646e-02 1.366407e+04 1.465827e+04 
4.959596e-02 1.234818e+04 1.328153e+04 
5.454545e-02 1.144835e+04 1.208770e+04 
5.949495e-02 1.080333e+04 1.104187e+04 
6.444444e-02 1.027254e+04 1.011881e+04 
6.939394e-02 9.736748e+03 9.299458e+03 
7.434343e-02 9.123884e+03 8.568881e+03 
7.929293e-02 8.417014e+03 7.914977e+03 
8.424242e-02 7.648310e+03 7.327743e+03 
8.919192e-02 6.875395e+03 6.798785e+03 
9.414141e-02 6.157770e+03 6.320982e+03 
9.909091e-02 5.542878e+03 5.888251e+03 
1.040404e-01 5.057837e+03 5.495363e+03 
1.089899e-01 4.704173e+03 5.137800e+03 
1.139394e-01 4.460309e+03 4.811648e+03 
1.188889e-01 4.291465e+03 4.513499e+03 
1.238384e-01 4.160108e+03 4.240380e+03 
1.287879e-01 4.032285e+03 3.989689e+03 
1.337374e-01 3.882071e+03 3.759140e+03 
1.386869e-01 3.696423e+03 3.546724e+03 
1.436364e-01 3.477030e+03 3.350665e+03 
1.485859e-01 3.236598e+03 3.169394e+03 
1.535354e-01 2.992813e+03 3.001520e+03 
1.584848e-01 2.763629e+03 2.845806e+03 
1.634343e-01 2.564437e+03 2.701151e+03 
1.683838e-01 2.404168e+03 2.566572e+03 
1.733333e-01 2.283295e+03 2.441188e+03 
1.782828e-01 2.195354e+03 2.324213e+03 
1.832323e-01 2.130161e+03 2.214938e+03 
1.881818e-01 2.076814e+03 2.112726e+03 
1.931313e-01 2.025014e+03 2.017004e+03 
1.980808e-01 1.966020e+03 1.927252e+03 
2.030303e-01 1.894848e+03 1.843002e+03 
2.079798e-01 1.811323e+03 1.763829e+03 
2.129293e-01 1.719386e+03 1.689347e+03 
2.178788e-01 1.624894e+03 1.619205e+03 
2.228283e-01 1.533904e+03 1.553085e+03 
2.277778e-01 1.451460e+03 1.490694e+03 
2.327273e-01 1.380833e+03 1.431767e+03 
2.376768e-01 1.323148e+03 1.376061e+03 
2.426263e-01 1.277386e+03 1.323353e+03 
2.475758e-01 1.240927e+03 1.273439e+03 
2.525253e-01 1.210187e+03 1.226131e+03 
2.574747e-01 1.181316e+03 1.181256e+03 
2.624242e-01 1.151086e+03 1.138657e+03 
2.673737e-01 1.117548e+03 1.098187e+03 
2.723232e-01 1.080215e+03 1.059711e+03 
2.772727e-01 1.039832e+03 1.023105e+03 
2.822222e-01 9.979065e+02 9.882519e+02 
2.871717e-01 9.563048e+02 9.550466e+02 
2.921212e-01 9.169616e+02 9.233897e+02 
2.970707e-01 8.813484e+02 8.931895e+02 
3.020202e-01 8.502112e+02 8.643609e+02 
3.069697e-01 8.235187e+02 8.368245e+02 
3.119192e-01 8.006173e+02 8.105069e+02 
3.168687e-01 7.804830e+02 7.853393e+02 
3.218182e-01 7.619155e+02 7.612578e+02 
3.267677e-01 7.437395e+02 7.382028e+02 
3.317172e-01 7.250614e+02 7.161185e+02 
3.366667e-01 7.054331e+02 6.949530e+02 
3.416162e-01 6.848477e+02 6.746575e+02 
3.465657e-01 6.636528e+02 6.551865e+02 
3.515152e-01 6.424024e+02 6.364974e+02 
3.564646e-01 6.217233e+02 6.185500e+02 
3.614141e-01 6.021964e+02 6.013069e+02 
3.663636e-01 5.841893e+02 5.847329e+02 
3.713131e-01 5.678286e+02 5.687948e+02 
3.762626e-01 5.530305e+02 5.534616e+02 
3.812121e-01 5.395520e+02 5.387038e+02 
3.861616e-01 5.270441e+02 5.244941e+02 
3.911111e-01 5.151114e+02 5.108064e+02 
3.960606e-01 5.033779e+02 4.976162e+02 
4.010101e-01 4.915765e+02 4.849005e+02 
4.059596e-01 4.796171e+02 4.726375e+02 
4.109091e-01 4.675360e+02 4.608066e+02 
4.158586e-01 4.554750e+02 4.493883e+02 
4.208081e-01 4.435898e+02 4.383643e+02 
4.257576e-01 4.320543e+02 4.277171e+02 
4.307071e-01 4.210431e+02 4.174304e+02 
4.356566e-01 4.106745e+02 4.074885e+02 
4.406061e-01 4.009779e+02 3.978767e+02 
4.455556e-01 3.918884e+02 3.885809e+02 
4.505051e-01 3.833032e+02 3.795880e+02 
4.554545e-01 3.751154e+02 3.708851e+02 
4.604040e-01 3.672090e+02 3.624605e+02 
4.653535e-01 3.594740e+02 3.543027e+02 
4.703030e-01 3.518183e+02 3.464009e+02 
4.752525e-01 3.441975e+02 3.387449e+02 
4.802020e-01 3.366448e+02 3.313248e+02 
4.851515e-01 3.292055e+02 3.241314e+02 
4.901010e-01 3.219304e+02 3.171559e+02 
4.950505e-01 3.148618e+02 3.103896e+02 
5.000000e-01 3.080474e+02 3.038248e+02 
