1.000000e-02 3.754998e+04 3.754994e+04 
1.494949e-02 4.049704e+04 4.062866e+04 
1.989899e-02 3.850758e+04 3.836354e+04 
2.484848e-02 3.392763e+04 3.334032e+04 
2.979798e-02 2.849361e+04 2.808789e+04 
3.474747e-02 2.336854e+04 2.375343e+04 
3.969697e-02 1.917101e+04 2.039838e+04 
4.464646e-02 1.606516e+04 1.778407e+04 
4.959596e-02 1.399676e+04 1.569273e+04 
5.454545e-02 1.273690e+04 1.397560e+04 
5.949495e-02 1.199513e+04 1.253604e+04 
6.444444e-02 1.150805e+04 1.131005e+04 
6.939394e-02 1.107059e+04 1.025345e+04 
7.434343e-02 1.052193e+04 9.334426e+03 
7.929293e-02 9.777274e+03 8.529158e+03 
8.424242e-02 8.848649e+03 7.819246e+03 
8.919192e-02 7.824765e+03 7.190131e+03 
9.414141e-02 6.816874e+03 6.630071e+03 
9.909091e-02 5.921192e+03 6.129450e+03 
1.040404e-01 5.200429e+03 5.680305e+03 
1.089899e-01 4.678585e+03 5.275975e+03 
1.139394e-01 4.344234e+03 4.910844e+03 
1.188889e-01 4.159476e+03 4.580145e+03 
1.238384e-01 4.072033e+03 4.279808e+03 
1.287879e-01 4.025431e+03 4.006341e+03 
1.337374e-01 3.968892e+03 3.756731e+03 
1.386869e-01 3.865420e+03 3.528370e+03 
1.436364e-01 3.695848e+03 3.318989e+03 
1.485859e-01 3.460357e+03 3.126611e+03 
1.535354e-01 3.177506e+03 2.949503e+03 
1.584848e-01 2.878867e+03 2.786143e+03 
1.634343e-01 2.598035e+03 2.635191e+03 
1.683838e-01 2.359750e+03 2.495461e+03 
1.733333e-01 2.175853e+03 2.365906e+03 
1.782828e-01 2.047443e+03 2.245592e+03 
1.832323e-01 1.968402e+03 2.133689e+03 
1.881818e-01 1.927018e+03 2.029458e+03 
1.931313e-01 1.906952e+03 1.932235e+03 
1.980808e-01 1.890306e+03 1.841425e+03 
2.030303e-01 1.862158e+03 1.756496e+03 
2.079798e-01 1.813426e+03 1.676966e+03 
2.129293e-01 1.741233e+03 1.602402e+03 
2.178788e-01 1.648482e+03 1.532412e+03 
2.228283e-01 1.542896e+03 1.466642e+03 
2.277778e-01 1.434901e+03 1.404769e+03 
2.327273e-01 1.334433e+03 1.346502e+03 
2.376768e-01 1.248545e+03 1.291575e+03 
2.426263e-01 1.180947e+03 1.239744e+03 
2.475758e-01 1.132231e+03 1.190790e+03 
2.525253e-01 1.100047e+03 1.144509e+03 
2.574747e-01 1.079616e+03 1.100718e+03 
2.624242e-01 1.064958e+03 1.059245e+03 
2.673737e-01 1.050387e+03 1.019935e+03 
2.723232e-01 1.031513e+03 9.826456e+02 
2.772727e-01 1.005600e+03 9.472443e+02 
2.822222e-01 9.717219e+02 9.136100e+02 
2.871717e-01 9.310037e+02 8.816306e+02 
2.921212e-01 8.862763e+02 8.512026e+02 
2.970707e-01 8.410987e+02 8.222306e+02 
3.020202e-01 7.987347e+02 7.946258e+02 
3.069697e-01 7.615514e+02 7.683063e+02 
3.119192e-01 7.308741e+02 7.431960e+02 
3.168687e-01 7.068888e+02 7.192242e+02 
3.218182e-01 6.887621e+02 6.963252e+02 
3.267677e-01 6.748658e+02 6.744381e+02 
3.317172e-01 6.631928e+02 6.535057e+02 
3.366667e-01 6.517787e+02 6.334753e+02 
3.416162e-01 6.390375e+02 6.142971e+02 
3.465657e-01 6.239679e+02 5.959252e+02 
3.515152e-01 6.062921e+02 5.783163e+02 
3.564646e-01 5.864480e+02 5.614300e+02 
3.614141e-01 5.653363e+02 5.452285e+02 
3.663636e-01 5.440529e+02 5.296765e+02 
3.713131e-01 5.236976e+02 5.147408e+02 
3.762626e-01 5.051634e+02 5.003903e+02 
3.812121e-01 4.890173e+02 4.865956e+02 
3.861616e-01 4.753915e+02 4.733294e+02 
3.911111e-01 4.639848e+02 4.605659e+02 
3.960606e-01 4.542395e+02 4.482807e+02 
4.010101e-01 4.455045e+02 4.364510e+02 
4.059596e-01 4.371012e+02 4.250552e+02 
4.109091e-01 4.284491e+02 4.140730e+02 
4.158586e-01 4.191410e+02 4.034853e+02 
4.208081e-01 4.090377e+02 3.932740e+02 
4.257576e-01 3.982568e+02 3.834219e+02 
4.307071e-01 3.870596e+02 3.739131e+02 
4.356566e-01 3.758087e+02 3.647321e+02 
4.406061e-01 3.648885e+02 3.558646e+02 
4.455556e-01 3.546387e+02 3.472969e+02 
4.505051e-01 3.452805e+02 3.390160e+02 
4.554545e-01 3.368764e+02 3.310098e+02 
4.604040e-01 3.293676e+02 3.232665e+02 
4.653535e-01 3.225920e+02 3.157751e+02 
4.703030e-01 3.163204e+02 3.085251e+02 
4.752525e-01 3.103067e+02 3.015067e+02 
4.802020e-01 3.043236e+02 2.947104e+02 
4.851515e-01 2.982232e+02 2.881271e+02 
4.901010e-01 2.919330e+02 2.817484e+02 
4.950505e-01 2.854735e+02 2.755661e+02 
5.000000e-01 2.788950e+02 2.695724e+02 
