1.000000e-02 2.297403e+04 2.297401e+04 
1.494949e-02 2.543637e+04 2.540921e+04 
1.989899e-02 2.496507e+04 2.475930e+04 
2.484848e-02 2.289860e+04 2.258429e+04 
2.979798e-02 2.021730e+04 2.015564e+04 
3.474747e-02 1.757822e+04 1.799000e+04 
3.969697e-02 1.534010e+04 1.615097e+04 
4.464646e-02 1.361759e+04 1.458462e+04 
4.959596e-02 1.239004e+04 1.323348e+04 
5.454545e-02 1.153669e+04 1.205479e+04 
5.949495e-02 1.089757e+04 1.101795e+04 
6.444444e-02 1.033100e+04 1.010025e+04 
6.939394e-02 9.733676e+03 9.284160e+03 
7.434343e-02 9.052664e+03 8.555589e+03 
7.929293e-02 8.290965e+03 7.902951e+03 
8.424242e-02 7.494780e+03 7.316545e+03 
8.919192e-02 6.726153e+03 6.788156e+03 
9.414141e-02 6.040796e+03 6.310772e+03 
9.909091e-02 5.476978e+03 5.878374e+03 
1.040404e-01 5.048726e+03 5.485770e+03 
1.089899e-01 4.743764e+03 5.128467e+03 
1.139394e-01 4.530585e+03 4.802561e+03 
1.188889e-01 4.370401e+03 4.504654e+03 
1.238384e-01 4.226190e+03 4.231774e+03 
1.287879e-01 4.068089e+03 3.981321e+03 
1.337374e-01 3.878511e+03 3.751010e+03 
1.386869e-01 3.655414e+03 3.538831e+03 
1.436364e-01 3.409632e+03 3.343008e+03 
1.485859e-01 3.158202e+03 3.161972e+03 
1.535354e-01 2.919106e+03 2.994329e+03 
1.584848e-01 2.708036e+03 2.838842e+03 
1.634343e-01 2.535524e+03 2.694410e+03 
1.683838e-01 2.403437e+03 2.560049e+03 
1.733333e-01 2.305527e+03 2.434879e+03 
1.782828e-01 2.231067e+03 2.318111e+03 
1.832323e-01 2.168929e+03 2.209038e+03 
1.881818e-01 2.108911e+03 2.107021e+03 
1.931313e-01 2.042581e+03 2.011489e+03 
1.980808e-01 1.964858e+03 1.921920e+03 
2.030303e-01 1.875658e+03 1.837848e+03 
2.079798e-01 1.779318e+03 1.758846e+03 
2.129293e-01 1.681921e+03 1.684529e+03 
2.178788e-01 1.589363e+03 1.614547e+03 
2.228283e-01 1.506163e+03 1.548580e+03 
2.277778e-01 1.435077e+03 1.486337e+03 
2.327273e-01 1.376798e+03 1.427553e+03 
2.376768e-01 1.329872e+03 1.371984e+03 
2.426263e-01 1.291277e+03 1.319408e+03 
2.475758e-01 1.257289e+03 1.269621e+03 
2.525253e-01 1.224265e+03 1.222435e+03 
2.574747e-01 1.189437e+03 1.177678e+03 
2.624242e-01 1.151387e+03 1.135193e+03 
2.673737e-01 1.110149e+03 1.094832e+03 
2.723232e-01 1.066843e+03 1.056460e+03 
2.772727e-01 1.023183e+03 1.019955e+03 
2.822222e-01 9.810417e+02 9.851989e+02 
2.871717e-01 9.420132e+02 9.520870e+02 
2.921212e-01 9.071327e+02 9.205200e+02 
2.970707e-01 8.767187e+02 8.904064e+02 
3.020202e-01 8.503604e+02 8.616610e+02 
3.069697e-01 8.271680e+02 8.342049e+02 
3.119192e-01 8.059794e+02 8.079645e+02 
3.168687e-01 7.856358e+02 7.828713e+02 
3.218182e-01 7.651930e+02 7.588615e+02 
3.267677e-01 7.441243e+02 7.358756e+02 
3.317172e-01 7.223020e+02 7.138579e+02 
3.366667e-01 6.999664e+02 6.927566e+02 
3.416162e-01 6.776004e+02 6.725230e+02 
3.465657e-01 6.558033e+02 6.531117e+02 
3.515152e-01 6.351420e+02 6.344801e+02 
3.564646e-01 6.159706e+02 6.165883e+02 
3.614141e-01 5.984065e+02 5.993988e+02 
3.663636e-01 5.823598e+02 5.828765e+02 
3.713131e-01 5.676089e+02 5.669884e+02 
3.762626e-01 5.538565e+02 5.517034e+02 
3.812121e-01 5.407164e+02 5.369923e+02 
3.861616e-01 5.278302e+02 5.228276e+02 
3.911111e-01 5.149694e+02 5.091834e+02 
3.960606e-01 5.020596e+02 4.960353e+02 
4.010101e-01 4.891495e+02 4.833602e+02 
4.059596e-01 4.763599e+02 4.711365e+02 
4.109091e-01 4.638405e+02 4.593436e+02 
4.158586e-01 4.517478e+02 4.479621e+02 
4.208081e-01 4.402227e+02 4.369737e+02 
4.257576e-01 4.293469e+02 4.263610e+02 
4.307071e-01 4.191159e+02 4.161077e+02 
4.356566e-01 4.094579e+02 4.061981e+02 
4.406061e-01 4.002756e+02 3.966175e+02 
4.455556e-01 3.914714e+02 3.873521e+02 
4.505051e-01 3.829294e+02 3.783885e+02 
4.554545e-01 3.745613e+02 3.697141e+02 
4.604040e-01 3.662964e+02 3.613171e+02 
4.653535e-01 3.581408e+02 3.531860e+02 
4.703030e-01 3.501148e+02 3.453102e+02 
4.752525e-01 3.422601e+02 3.376793e+02 
4.802020e-01 3.346157e+02 3.302837e+02 
4.851515e-01 3.272242e+02 3.231140e+02 
4.901010e-01 3.201199e+02 3.161614e+02 
4.950505e-01 3.133135e+02 3.094175e+02 
5.000000e-01 3.067888e+02 3.028743e+02 
