1.000000e-02 1.282252e+04 1.282251e+04 
1.494949e-02 1.464056e+04 1.451777e+04 
1.989899e-02 1.508294e+04 1.486062e+04 
2.484848e-02 1.476275e+04 1.452875e+04 
2.979798e-02 1.406076e+04 1.389230e+04 
3.474747e-02 1.320878e+04 1.312842e+04 
3.969697e-02 1.233605e+04 1.232443e+04 
4.464646e-02 1.148729e+04 1.152623e+04 
4.959596e-02 1.071600e+04 1.075824e+04 
5.454545e-02 9.986561e+03 1.003277e+04 
5.949495e-02 9.298570e+03 9.355126e+03 
6.444444e-02 8.656176e+03 8.726566e+03 
6.939394e-02 8.054719e+03 8.146023e+03 
7.434343e-02 7.495002e+03 7.611177e+03 
7.929293e-02 6.984281e+03 7.119080e+03 
8.424242e-02 6.526714e+03 6.666544e+03 
8.919192e-02 6.116338e+03 6.250362e+03 
9.414141e-02 5.743369e+03 5.867437e+03 
9.909091e-02 5.403100e+03 5.514850e+03 
1.040404e-01 5.092342e+03 5.189892e+03 
1.089899e-01 4.805204e+03 4.890078e+03 
1.139394e-01 4.534846e+03 4.613141e+03 
1.188889e-01 4.279005e+03 4.357022e+03 
1.238384e-01 4.039481e+03 4.119859e+03 
1.287879e-01 3.818100e+03 3.899969e+03 
1.337374e-01 3.614917e+03 3.695835e+03 
1.386869e-01 3.428631e+03 3.506085e+03 
1.436364e-01 3.257231e+03 3.329484e+03 
1.485859e-01 3.098676e+03 3.164917e+03 
1.535354e-01 2.951165e+03 3.011377e+03 
1.584848e-01 2.813383e+03 2.867952e+03 
1.634343e-01 2.684039e+03 2.733821e+03 
1.683838e-01 2.561940e+03 2.608237e+03 
1.733333e-01 2.446637e+03 2.490525e+03 
1.782828e-01 2.338120e+03 2.380071e+03 
1.832323e-01 2.236479e+03 2.276317e+03 
1.881818e-01 2.141123e+03 2.178757e+03 
1.931313e-01 2.051543e+03 2.086929e+03 
1.980808e-01 1.967495e+03 2.000412e+03 
2.030303e-01 1.888591e+03 1.918821e+03 
2.079798e-01 1.814237e+03 1.841804e+03 
2.129293e-01 1.743744e+03 1.769040e+03 
2.178788e-01 1.676884e+03 1.700233e+03 
2.228283e-01 1.613530e+03 1.635113e+03 
2.277778e-01 1.553481e+03 1.573432e+03 
2.327273e-01 1.496446e+03 1.514960e+03 
2.376768e-01 1.442260e+03 1.459488e+03 
2.426263e-01 1.390934e+03 1.406821e+03 
2.475758e-01 1.342267e+03 1.356780e+03 
2.525253e-01 1.295984e+03 1.309199e+03 
2.574747e-01 1.251846e+03 1.263927e+03 
2.624242e-01 1.209791e+03 1.220821e+03 
2.673737e-01 1.169766e+03 1.179750e+03 
2.723232e-01 1.131622e+03 1.140593e+03 
2.772727e-01 1.095161e+03 1.103237e+03 
2.822222e-01 1.060256e+03 1.067576e+03 
2.871717e-01 1.026914e+03 1.033514e+03 
2.921212e-01 9.950787e+02 1.000959e+03 
2.970707e-01 9.646453e+02 9.698275e+02 
3.020202e-01 9.354866e+02 9.400395e+02 
3.069697e-01 9.075301e+02 9.115217e+02 
3.119192e-01 8.807403e+02 8.842055e+02 
3.168687e-01 8.550914e+02 8.580265e+02 
3.218182e-01 8.304900e+02 8.329245e+02 
3.267677e-01 8.068389e+02 8.088432e+02 
3.317172e-01 7.841097e+02 7.857299e+02 
3.366667e-01 7.622844e+02 7.635351e+02 
3.416162e-01 7.413306e+02 7.422123e+02 
3.465657e-01 7.211808e+02 7.217180e+02 
3.515152e-01 7.017751e+02 7.020111e+02 
3.564646e-01 6.830788e+02 6.830532e+02 
3.614141e-01 6.650972e+02 6.648079e+02 
3.663636e-01 6.477934e+02 6.472413e+02 
3.713131e-01 6.311081e+02 6.303210e+02 
3.762626e-01 6.150077e+02 6.140169e+02 
3.812121e-01 5.994768e+02 5.983002e+02 
3.861616e-01 5.845046e+02 5.831441e+02 
3.911111e-01 5.700637e+02 5.685230e+02 
3.960606e-01 5.561173e+02 5.544129e+02 
4.010101e-01 5.426331e+02 5.407909e+02 
4.059596e-01 5.296072e+02 5.276355e+02 
4.109091e-01 5.170285e+02 5.149263e+02 
4.158586e-01 5.048733e+02 5.026440e+02 
4.208081e-01 4.931103e+02 4.907703e+02 
4.257576e-01 4.817218e+02 4.792878e+02 
4.307071e-01 4.707026e+02 4.681801e+02 
4.356566e-01 4.600451e+02 4.574315e+02 
4.406061e-01 4.497310e+02 4.470273e+02 
4.455556e-01 4.397346e+02 4.369533e+02 
4.505051e-01 4.300405e+02 4.271961e+02 
4.554545e-01 4.206458e+02 4.177430e+02 
4.604040e-01 4.115515e+02 4.085818e+02 
4.653535e-01 4.027300e+02 3.997012e+02 
4.703030e-01 3.941631e+02 3.910900e+02 
4.752525e-01 3.858501e+02 3.827378e+02 
4.802020e-01 3.777871e+02 3.746347e+02 
4.851515e-01 3.699635e+02 3.667711e+02 
4.901010e-01 3.623637e+02 3.591380e+02 
4.950505e-01 3.549761e+02 3.517268e+02 
5.000000e-01 3.477971e+02 3.445292e+02 
