1.000000e-03 3.232184e+03 3.232147e+03 
4.020202e-03 1.077677e+04 1.086037e+04 
7.040404e-03 1.570155e+04 1.579528e+04 
1.006061e-02 1.872519e+04 1.878252e+04 
1.308081e-02 2.037064e+04 2.037231e+04 
1.610101e-02 2.101149e+04 2.092607e+04 
1.912121e-02 2.093162e+04 2.073640e+04 
2.214141e-02 2.035649e+04 2.008297e+04 
2.516162e-02 1.946920e+04 1.920139e+04 
2.818182e-02 1.841551e+04 1.824613e+04 
3.120202e-02 1.730716e+04 1.729673e+04 
3.422222e-02 1.622426e+04 1.638631e+04 
3.724242e-02 1.522033e+04 1.552555e+04 
4.026263e-02 1.432317e+04 1.471597e+04 
4.328283e-02 1.353296e+04 1.395583e+04 
4.630303e-02 1.286346e+04 1.324248e+04 
4.932323e-02 1.230496e+04 1.257307e+04 
5.234343e-02 1.182118e+04 1.194486e+04 
5.536364e-02 1.139077e+04 1.135523e+04 
5.838384e-02 1.099477e+04 1.080173e+04 
6.140404e-02 1.061385e+04 1.028203e+04 
6.442424e-02 1.023290e+04 9.793905e+03 
6.744444e-02 9.841739e+03 9.335285e+03 
7.046465e-02 9.435307e+03 8.904204e+03 
7.348485e-02 9.014249e+03 8.498818e+03 
7.650505e-02 8.583897e+03 8.117396e+03 
7.952525e-02 8.152988e+03 7.758321e+03 
8.254545e-02 7.731783e+03 7.420081e+03 
8.556566e-02 7.329533e+03 7.101271e+03 
8.858586e-02 6.953803e+03 6.800579e+03 
9.160606e-02 6.610022e+03 6.516790e+03 
9.462626e-02 6.302023e+03 6.248774e+03 
9.764646e-02 6.031759e+03 5.995483e+03 
1.006667e-01 5.798609e+03 5.755944e+03 
1.036869e-01 5.599830e+03 5.529256e+03 
1.067071e-01 5.429808e+03 5.314584e+03 
1.097273e-01 5.281743e+03 5.111153e+03 
1.127475e-01 5.147891e+03 4.918245e+03 
1.157677e-01 5.021466e+03 4.735192e+03 
1.187879e-01 4.896639e+03 4.561378e+03 
1.218081e-01 4.769459e+03 4.396228e+03 
1.248283e-01 4.637174e+03 4.239210e+03 
1.278485e-01 4.498567e+03 4.089829e+03 
1.308687e-01 4.353476e+03 3.947625e+03 
1.338889e-01 4.203586e+03 3.812171e+03 
1.369091e-01 4.051304e+03 3.683068e+03 
1.399293e-01 3.899750e+03 3.559946e+03 
1.429495e-01 3.751938e+03 3.442459e+03 
1.459697e-01 3.610568e+03 3.330286e+03 
1.489899e-01 3.477778e+03 3.223127e+03 
1.520101e-01 3.355143e+03 3.120701e+03 
1.550303e-01 3.243644e+03 3.022747e+03 
1.580505e-01 3.143782e+03 2.929020e+03 
1.610707e-01 3.055262e+03 2.839291e+03 
1.640909e-01 2.977223e+03 2.753346e+03 
1.671111e-01 2.907810e+03 2.670985e+03 
1.701313e-01 2.844845e+03 2.592019e+03 
1.731515e-01 2.786019e+03 2.516273e+03 
1.761717e-01 2.729264e+03 2.443582e+03 
1.791919e-01 2.673011e+03 2.373789e+03 
1.822121e-01 2.616123e+03 2.306750e+03 
1.852323e-01 2.557937e+03 2.242327e+03 
1.882525e-01 2.498067e+03 2.180391e+03 
1.912727e-01 2.436383e+03 2.120821e+03 
1.942929e-01 2.373175e+03 2.063503e+03 
1.973131e-01 2.309028e+03 2.008330e+03 
2.003333e-01 2.244888e+03 1.955199e+03 
2.033535e-01 2.181814e+03 1.904015e+03 
2.063737e-01 2.120798e+03 1.854689e+03 
2.093939e-01 2.062686e+03 1.807133e+03 
2.124141e-01 2.008004e+03 1.761268e+03 
2.154343e-01 1.957052e+03 1.717018e+03 
2.184545e-01 1.909838e+03 1.674311e+03 
2.214747e-01 1.866234e+03 1.633077e+03 
2.244949e-01 1.825982e+03 1.593254e+03 
2.275152e-01 1.788658e+03 1.554779e+03 
2.305354e-01 1.753725e+03 1.517595e+03 
2.335556e-01 1.720628e+03 1.481646e+03 
2.365758e-01 1.688813e+03 1.446881e+03 
2.395960e-01 1.657777e+03 1.413249e+03 
2.426162e-01 1.627067e+03 1.380705e+03 
2.456364e-01 1.596359e+03 1.349203e+03 
2.486566e-01 1.565419e+03 1.318700e+03 
2.516768e-01 1.534165e+03 1.289157e+03 
2.546970e-01 1.502627e+03 1.260535e+03 
2.577172e-01 1.470973e+03 1.232797e+03 
2.607374e-01 1.439460e+03 1.205910e+03 
2.637576e-01 1.408413e+03 1.179838e+03 
2.667778e-01 1.378104e+03 1.154552e+03 
2.697980e-01 1.348763e+03 1.130020e+03 
2.728182e-01 1.320545e+03 1.106215e+03 
2.758384e-01 1.293560e+03 1.083108e+03 
2.788586e-01 1.267842e+03 1.060674e+03 
2.818788e-01 1.243398e+03 1.038887e+03 
2.848990e-01 1.220204e+03 1.017724e+03 
2.879192e-01 1.198187e+03 9.971626e+02 
2.909394e-01 1.177196e+03 9.771801e+02 
2.939596e-01 1.157060e+03 9.577560e+02 
2.969798e-01 1.137591e+03 9.388703e+02 
3.000000e-01 1.118622e+03 9.205041e+02 
