1.000000e-03 2.463942e+03 2.463917e+03 
4.020202e-03 8.377522e+03 8.442243e+03 
7.040404e-03 1.239984e+04 1.247426e+04 
1.006061e-02 1.500030e+04 1.504116e+04 
1.308081e-02 1.654387e+04 1.653246e+04 
1.610101e-02 1.730037e+04 1.721603e+04 
1.912121e-02 1.747716e+04 1.730828e+04 
2.214141e-02 1.724141e+04 1.701165e+04 
2.516162e-02 1.672931e+04 1.649739e+04 
2.818182e-02 1.605082e+04 1.588239e+04 
3.120202e-02 1.529283e+04 1.523246e+04 
3.422222e-02 1.451965e+04 1.458030e+04 
3.724242e-02 1.377528e+04 1.394127e+04 
4.026263e-02 1.308863e+04 1.332253e+04 
4.328283e-02 1.246591e+04 1.272749e+04 
4.630303e-02 1.191103e+04 1.215772e+04 
4.932323e-02 1.143287e+04 1.161382e+04 
5.234343e-02 1.101121e+04 1.109581e+04 
5.536364e-02 1.062389e+04 1.060329e+04 
5.838384e-02 1.025873e+04 1.013563e+04 
6.140404e-02 9.908388e+03 9.692018e+03 
6.442424e-02 9.565056e+03 9.271507e+03 
6.744444e-02 9.218406e+03 8.873085e+03 
7.046465e-02 8.863384e+03 8.495700e+03 
7.348485e-02 8.499397e+03 8.138288e+03 
7.650505e-02 8.129813e+03 7.799790e+03 
7.952525e-02 7.761269e+03 7.479172e+03 
8.254545e-02 7.401861e+03 7.175428e+03 
8.556566e-02 7.059022e+03 6.887593e+03 
8.858586e-02 6.737907e+03 6.614744e+03 
9.160606e-02 6.441583e+03 6.356003e+03 
9.462626e-02 6.171490e+03 6.110539e+03 
9.764646e-02 5.928269e+03 5.877567e+03 
1.006667e-01 5.711804e+03 5.656345e+03 
1.036869e-01 5.520735e+03 5.446180e+03 
1.067071e-01 5.352654e+03 5.246418e+03 
1.097273e-01 5.202880e+03 5.056446e+03 
1.127475e-01 5.066139e+03 4.875691e+03 
1.157677e-01 4.936837e+03 4.703614e+03 
1.187879e-01 4.810091e+03 4.539712e+03 
1.218081e-01 4.682579e+03 4.383515e+03 
1.248283e-01 4.552227e+03 4.234582e+03 
1.278485e-01 4.418684e+03 4.092500e+03 
1.308687e-01 4.282329e+03 3.956883e+03 
1.338889e-01 4.144300e+03 3.827370e+03 
1.369091e-01 4.006146e+03 3.703624e+03 
1.399293e-01 3.869789e+03 3.585327e+03 
1.429495e-01 3.737057e+03 3.472183e+03 
1.459697e-01 3.609664e+03 3.363913e+03 
1.489899e-01 3.489045e+03 3.260258e+03 
1.520101e-01 3.376395e+03 3.160973e+03 
1.550303e-01 3.272404e+03 3.065829e+03 
1.580505e-01 3.177404e+03 2.974610e+03 
1.610707e-01 3.091137e+03 2.887115e+03 
1.640909e-01 3.012980e+03 2.803153e+03 
1.671111e-01 2.941717e+03 2.722546e+03 
1.701313e-01 2.875872e+03 2.645127e+03 
1.731515e-01 2.813763e+03 2.570737e+03 
1.761717e-01 2.753786e+03 2.499228e+03 
1.791919e-01 2.694851e+03 2.430459e+03 
1.822121e-01 2.636124e+03 2.364299e+03 
1.852323e-01 2.577194e+03 2.300624e+03 
1.882525e-01 2.517800e+03 2.239315e+03 
1.912727e-01 2.457859e+03 2.180262e+03 
1.942929e-01 2.397448e+03 2.123361e+03 
1.973131e-01 2.336893e+03 2.068512e+03 
2.003333e-01 2.276710e+03 2.015623e+03 
2.033535e-01 2.217651e+03 1.964604e+03 
2.063737e-01 2.160430e+03 1.915373e+03 
2.093939e-01 2.105687e+03 1.867850e+03 
2.124141e-01 2.053803e+03 1.821960e+03 
2.154343e-01 2.004912e+03 1.777633e+03 
2.184545e-01 1.958965e+03 1.734800e+03 
2.214747e-01 1.915777e+03 1.693398e+03 
2.244949e-01 1.875145e+03 1.653367e+03 
2.275152e-01 1.836850e+03 1.614649e+03 
2.305354e-01 1.800597e+03 1.577189e+03 
2.335556e-01 1.766040e+03 1.540936e+03 
2.365758e-01 1.732749e+03 1.505840e+03 
2.395960e-01 1.700285e+03 1.471855e+03 
2.426162e-01 1.668329e+03 1.438935e+03 
2.456364e-01 1.636639e+03 1.407039e+03 
2.486566e-01 1.605124e+03 1.376125e+03 
2.516768e-01 1.573756e+03 1.346156e+03 
2.546970e-01 1.542585e+03 1.317095e+03 
2.577172e-01 1.511685e+03 1.288907e+03 
2.607374e-01 1.481150e+03 1.261558e+03 
2.637576e-01 1.451098e+03 1.235017e+03 
2.667778e-01 1.421689e+03 1.209253e+03 
2.697980e-01 1.393081e+03 1.184237e+03 
2.728182e-01 1.365431e+03 1.159943e+03 
2.758384e-01 1.338848e+03 1.136342e+03 
2.788586e-01 1.313380e+03 1.113410e+03 
2.818788e-01 1.289011e+03 1.091124e+03 
2.848990e-01 1.265661e+03 1.069459e+03 
2.879192e-01 1.243229e+03 1.048393e+03 
2.909394e-01 1.221606e+03 1.027906e+03 
2.939596e-01 1.200694e+03 1.007977e+03 
2.969798e-01 1.180406e+03 9.885874e+02 
3.000000e-01 1.160653e+03 9.697177e+02 
