1.000000e-03 2.658114e+03 2.658085e+03 
4.020202e-03 8.951029e+03 9.020143e+03 
7.040404e-03 1.313213e+04 1.320548e+04 
1.006061e-02 1.576497e+04 1.579302e+04 
1.308081e-02 1.727341e+04 1.723368e+04 
1.610101e-02 1.796246e+04 1.783564e+04 
1.912121e-02 1.806171e+04 1.784615e+04 
2.214141e-02 1.775219e+04 1.748507e+04 
2.516162e-02 1.717735e+04 1.692472e+04 
2.818182e-02 1.645087e+04 1.627478e+04 
3.120202e-02 1.565952e+04 1.559448e+04 
3.422222e-02 1.486522e+04 1.491320e+04 
3.724242e-02 1.410873e+04 1.424537e+04 
4.026263e-02 1.341459e+04 1.359834e+04 
4.328283e-02 1.278658e+04 1.297597e+04 
4.630303e-02 1.222450e+04 1.238023e+04 
4.932323e-02 1.173331e+04 1.181200e+04 
5.234343e-02 1.129004e+04 1.127144e+04 
5.536364e-02 1.087252e+04 1.075821e+04 
5.838384e-02 1.047583e+04 1.027164e+04 
6.140404e-02 1.009049e+04 9.810836e+03 
6.442424e-02 9.706553e+03 9.374747e+03 
6.744444e-02 9.319269e+03 8.962248e+03 
7.046465e-02 8.927487e+03 8.572165e+03 
7.348485e-02 8.533391e+03 8.203315e+03 
7.650505e-02 8.143187e+03 7.854527e+03 
7.952525e-02 7.764315e+03 7.524656e+03 
8.254545e-02 7.404008e+03 7.212600e+03 
8.556566e-02 7.067121e+03 6.917300e+03 
8.858586e-02 6.756436e+03 6.637753e+03 
9.160606e-02 6.473005e+03 6.373002e+03 
9.462626e-02 6.217000e+03 6.122150e+03 
9.764646e-02 5.987929e+03 5.884349e+03 
1.006667e-01 5.784405e+03 5.658803e+03 
1.036869e-01 5.602970e+03 5.444767e+03 
1.067071e-01 5.439131e+03 5.241543e+03 
1.097273e-01 5.287134e+03 5.048479e+03 
1.127475e-01 5.141264e+03 4.864962e+03 
1.157677e-01 4.997513e+03 4.690424e+03 
1.187879e-01 4.852933e+03 4.524332e+03 
1.218081e-01 4.706652e+03 4.366189e+03 
1.248283e-01 4.558607e+03 4.215529e+03 
1.278485e-01 4.409766e+03 4.071919e+03 
1.308687e-01 4.261429e+03 3.934955e+03 
1.338889e-01 4.115238e+03 3.804257e+03 
1.369091e-01 3.972943e+03 3.679473e+03 
1.399293e-01 3.836381e+03 3.560270e+03 
1.429495e-01 3.707069e+03 3.446340e+03 
1.459697e-01 3.586037e+03 3.337393e+03 
1.489899e-01 3.473843e+03 3.233159e+03 
1.520101e-01 3.370526e+03 3.133384e+03 
1.550303e-01 3.275785e+03 3.037829e+03 
1.580505e-01 3.188992e+03 2.946273e+03 
1.610707e-01 3.109118e+03 2.858506e+03 
1.640909e-01 3.034803e+03 2.774331e+03 
1.671111e-01 2.964522e+03 2.693566e+03 
1.701313e-01 2.896689e+03 2.616036e+03 
1.731515e-01 2.830179e+03 2.541579e+03 
1.761717e-01 2.764175e+03 2.470042e+03 
1.791919e-01 2.698317e+03 2.401282e+03 
1.822121e-01 2.632481e+03 2.335162e+03 
1.852323e-01 2.566752e+03 2.271555e+03 
1.882525e-01 2.501325e+03 2.210340e+03 
1.912727e-01 2.436544e+03 2.151405e+03 
1.942929e-01 2.372855e+03 2.094643e+03 
1.973131e-01 2.310890e+03 2.039951e+03 
2.003333e-01 2.251264e+03 1.987235e+03 
2.033535e-01 2.194399e+03 1.936405e+03 
2.063737e-01 2.140560e+03 1.887375e+03 
2.093939e-01 2.089710e+03 1.840064e+03 
2.124141e-01 2.041722e+03 1.794397e+03 
2.154343e-01 1.996378e+03 1.750301e+03 
2.184545e-01 1.953426e+03 1.707708e+03 
2.214747e-01 1.912589e+03 1.666553e+03 
2.244949e-01 1.873536e+03 1.626774e+03 
2.275152e-01 1.835876e+03 1.588313e+03 
2.305354e-01 1.799251e+03 1.551114e+03 
2.335556e-01 1.763343e+03 1.515125e+03 
2.365758e-01 1.727962e+03 1.480296e+03 
2.395960e-01 1.693032e+03 1.446580e+03 
2.426162e-01 1.658552e+03 1.413931e+03 
2.456364e-01 1.624573e+03 1.382307e+03 
2.486566e-01 1.591129e+03 1.351666e+03 
2.516768e-01 1.558245e+03 1.321970e+03 
2.546970e-01 1.526007e+03 1.293182e+03 
2.577172e-01 1.494536e+03 1.265266e+03 
2.607374e-01 1.463984e+03 1.238189e+03 
2.637576e-01 1.434504e+03 1.211919e+03 
2.667778e-01 1.406162e+03 1.186424e+03 
2.697980e-01 1.378978e+03 1.161677e+03 
2.728182e-01 1.352871e+03 1.137648e+03 
2.758384e-01 1.327732e+03 1.114312e+03 
2.788586e-01 1.303443e+03 1.091643e+03 
2.818788e-01 1.279900e+03 1.069617e+03 
2.848990e-01 1.257051e+03 1.048210e+03 
2.879192e-01 1.234845e+03 1.027401e+03 
2.909394e-01 1.213217e+03 1.007167e+03 
2.939596e-01 1.192092e+03 9.874893e+02 
2.969798e-01 1.171389e+03 9.683478e+02 
3.000000e-01 1.151048e+03 9.497238e+02 
