1.000000e-03 2.634179e+03 2.634154e+03 
4.020202e-03 8.892414e+03 8.962026e+03 
7.040404e-03 1.306357e+04 1.313921e+04 
1.006061e-02 1.570085e+04 1.573226e+04 
1.308081e-02 1.722292e+04 1.718792e+04 
1.610101e-02 1.793169e+04 1.781221e+04 
1.912121e-02 1.805429e+04 1.784847e+04 
2.214141e-02 1.776798e+04 1.751179e+04 
2.516162e-02 1.721511e+04 1.697164e+04 
2.818182e-02 1.650690e+04 1.633722e+04 
3.120202e-02 1.572910e+04 1.566846e+04 
3.422222e-02 1.494339e+04 1.499565e+04 
3.724242e-02 1.419055e+04 1.433397e+04 
4.026263e-02 1.349567e+04 1.369131e+04 
4.328283e-02 1.286570e+04 1.307195e+04 
4.630303e-02 1.229770e+04 1.247815e+04 
4.932323e-02 1.179709e+04 1.191102e+04 
5.234343e-02 1.134800e+04 1.137089e+04 
5.536364e-02 1.092510e+04 1.085756e+04 
5.838384e-02 1.052292e+04 1.037047e+04 
6.140404e-02 1.013459e+04 9.908792e+03 
6.442424e-02 9.749128e+03 9.471571e+03 
6.744444e-02 9.361773e+03 9.057728e+03 
7.046465e-02 8.971318e+03 8.666139e+03 
7.348485e-02 8.579369e+03 8.295658e+03 
7.650505e-02 8.191165e+03 7.945144e+03 
7.952525e-02 7.813585e+03 7.613482e+03 
8.254545e-02 7.453515e+03 7.299588e+03 
8.556566e-02 7.115840e+03 7.002423e+03 
8.858586e-02 6.803521e+03 6.720995e+03 
9.160606e-02 6.517632e+03 6.454362e+03 
9.462626e-02 6.258387e+03 6.201635e+03 
9.764646e-02 6.025362e+03 5.961974e+03 
1.006667e-01 5.817349e+03 5.734590e+03 
1.036869e-01 5.631654e+03 5.518742e+03 
1.067071e-01 5.463856e+03 5.313736e+03 
1.097273e-01 5.308916e+03 5.118923e+03 
1.127475e-01 5.161273e+03 4.933694e+03 
1.157677e-01 5.016639e+03 4.757481e+03 
1.187879e-01 4.872135e+03 4.589752e+03 
1.218081e-01 4.726387e+03 4.430011e+03 
1.248283e-01 4.579343e+03 4.277794e+03 
1.278485e-01 4.431615e+03 4.132668e+03 
1.308687e-01 4.284320e+03 3.994227e+03 
1.338889e-01 4.138938e+03 3.862092e+03 
1.369091e-01 3.997179e+03 3.735909e+03 
1.399293e-01 3.860704e+03 3.615348e+03 
1.429495e-01 3.731080e+03 3.500097e+03 
1.459697e-01 3.609292e+03 3.389867e+03 
1.489899e-01 3.495959e+03 3.284386e+03 
1.520101e-01 3.391165e+03 3.183400e+03 
1.550303e-01 3.294706e+03 3.086670e+03 
1.580505e-01 3.206036e+03 2.993972e+03 
1.610707e-01 3.124389e+03 2.905096e+03 
1.640909e-01 3.048545e+03 2.819845e+03 
1.671111e-01 2.977122e+03 2.738035e+03 
1.701313e-01 2.908689e+03 2.659490e+03 
1.731515e-01 2.841924e+03 2.584048e+03 
1.761717e-01 2.775999e+03 2.511555e+03 
1.791919e-01 2.710344e+03 2.441865e+03 
1.822121e-01 2.644864e+03 2.374843e+03 
1.852323e-01 2.579602e+03 2.310361e+03 
1.882525e-01 2.514716e+03 2.248296e+03 
1.912727e-01 2.450448e+03 2.188534e+03 
1.942929e-01 2.387196e+03 2.130969e+03 
1.973131e-01 2.325432e+03 2.075497e+03 
2.003333e-01 2.265739e+03 2.022023e+03 
2.033535e-01 2.208594e+03 1.970457e+03 
2.063737e-01 2.154263e+03 1.920711e+03 
2.093939e-01 2.102853e+03 1.872705e+03 
2.124141e-01 2.054252e+03 1.826362e+03 
2.154343e-01 2.008293e+03 1.781608e+03 
2.184545e-01 1.964750e+03 1.738375e+03 
2.214747e-01 1.923353e+03 1.696598e+03 
2.244949e-01 1.883788e+03 1.656214e+03 
2.275152e-01 1.845728e+03 1.617164e+03 
2.305354e-01 1.808834e+03 1.579393e+03 
2.335556e-01 1.772809e+03 1.542846e+03 
2.365758e-01 1.737403e+03 1.507475e+03 
2.395960e-01 1.702509e+03 1.473231e+03 
2.426162e-01 1.668126e+03 1.440068e+03 
2.456364e-01 1.634264e+03 1.407943e+03 
2.486566e-01 1.600935e+03 1.376814e+03 
2.516768e-01 1.568174e+03 1.346643e+03 
2.546970e-01 1.536034e+03 1.317392e+03 
2.577172e-01 1.504602e+03 1.289025e+03 
2.607374e-01 1.473990e+03 1.261508e+03 
2.637576e-01 1.444336e+03 1.234809e+03 
2.667778e-01 1.415775e+03 1.208897e+03 
2.697980e-01 1.388330e+03 1.183743e+03 
2.728182e-01 1.361969e+03 1.159317e+03 
2.758384e-01 1.336591e+03 1.135594e+03 
2.788586e-01 1.312081e+03 1.112547e+03 
2.818788e-01 1.288348e+03 1.090152e+03 
2.848990e-01 1.265315e+03 1.068386e+03 
2.879192e-01 1.242934e+03 1.047225e+03 
2.909394e-01 1.221155e+03 1.026649e+03 
2.939596e-01 1.199918e+03 1.006637e+03 
2.969798e-01 1.179154e+03 9.871688e+02 
3.000000e-01 1.158791e+03 9.682260e+02 
