1.000000e-03 2.532908e+03 2.532883e+03 
4.020202e-03 8.530870e+03 8.596909e+03 
7.040404e-03 1.253347e+04 1.260338e+04 
1.006061e-02 1.507280e+04 1.509677e+04 
1.308081e-02 1.654901e+04 1.650443e+04 
1.610101e-02 1.725005e+04 1.712099e+04 
1.912121e-02 1.739274e+04 1.718124e+04 
2.214141e-02 1.714660e+04 1.688967e+04 
2.516162e-02 1.664564e+04 1.640388e+04 
2.818182e-02 1.599619e+04 1.582409e+04 
3.120202e-02 1.527815e+04 1.520560e+04 
3.422222e-02 1.454959e+04 1.457731e+04 
3.724242e-02 1.384858e+04 1.395453e+04 
4.026263e-02 1.319781e+04 1.334585e+04 
4.328283e-02 1.260422e+04 1.275628e+04 
4.630303e-02 1.206519e+04 1.218878e+04 
4.932323e-02 1.158427e+04 1.164501e+04 
5.234343e-02 1.114736e+04 1.112572e+04 
5.536364e-02 1.073145e+04 1.063109e+04 
5.838384e-02 1.033281e+04 1.016084e+04 
6.140404e-02 9.946899e+03 9.714396e+03 
6.442424e-02 9.564413e+03 9.290987e+03 
6.744444e-02 9.180986e+03 8.889704e+03 
7.046465e-02 8.795855e+03 8.509564e+03 
7.348485e-02 8.411509e+03 8.149543e+03 
7.650505e-02 8.033594e+03 7.808605e+03 
7.952525e-02 7.669065e+03 7.485724e+03 
8.254545e-02 7.324263e+03 7.179897e+03 
8.556566e-02 7.003081e+03 6.890155e+03 
8.858586e-02 6.707161e+03 6.615568e+03 
9.160606e-02 6.436509e+03 6.355249e+03 
9.462626e-02 6.190590e+03 6.108358e+03 
9.764646e-02 5.968539e+03 5.874097e+03 
1.006667e-01 5.768749e+03 5.651717e+03 
1.036869e-01 5.588420e+03 5.440511e+03 
1.067071e-01 5.423210e+03 5.239818e+03 
1.097273e-01 5.268396e+03 5.049015e+03 
1.127475e-01 5.118961e+03 4.867520e+03 
1.157677e-01 4.971197e+03 4.694786e+03 
1.187879e-01 4.823106e+03 4.530304e+03 
1.218081e-01 4.673996e+03 4.373595e+03 
1.248283e-01 4.524508e+03 4.224212e+03 
1.278485e-01 4.375740e+03 4.081738e+03 
1.308687e-01 4.229165e+03 3.945781e+03 
1.338889e-01 4.086245e+03 3.815975e+03 
1.369091e-01 3.948405e+03 3.691978e+03 
1.399293e-01 3.816894e+03 3.573468e+03 
1.429495e-01 3.692785e+03 3.460146e+03 
1.459697e-01 3.576639e+03 3.351731e+03 
1.489899e-01 3.468651e+03 3.247958e+03 
1.520101e-01 3.368713e+03 3.148582e+03 
1.550303e-01 3.276495e+03 3.053369e+03 
1.580505e-01 3.191223e+03 2.962103e+03 
1.610707e-01 3.111859e+03 2.874580e+03 
1.640909e-01 3.037082e+03 2.790607e+03 
1.671111e-01 2.965489e+03 2.710005e+03 
1.701313e-01 2.895933e+03 2.632604e+03 
1.731515e-01 2.827463e+03 2.558245e+03 
1.761717e-01 2.759658e+03 2.486778e+03 
1.791919e-01 2.692326e+03 2.418062e+03 
1.822121e-01 2.625546e+03 2.351963e+03 
1.852323e-01 2.559474e+03 2.288357e+03 
1.882525e-01 2.494269e+03 2.227124e+03 
1.912727e-01 2.430164e+03 2.168154e+03 
1.942929e-01 2.367627e+03 2.111341e+03 
1.973131e-01 2.307155e+03 2.056585e+03 
2.003333e-01 2.249191e+03 2.003794e+03 
2.033535e-01 2.194062e+03 1.952876e+03 
2.063737e-01 2.141838e+03 1.903750e+03 
2.093939e-01 2.092440e+03 1.856334e+03 
2.124141e-01 2.045555e+03 1.810554e+03 
2.154343e-01 2.000888e+03 1.766338e+03 
2.184545e-01 1.958234e+03 1.723619e+03 
2.214747e-01 1.917362e+03 1.682332e+03 
2.244949e-01 1.877994e+03 1.642417e+03 
2.275152e-01 1.839846e+03 1.603816e+03 
2.305354e-01 1.802634e+03 1.566473e+03 
2.335556e-01 1.766138e+03 1.530338e+03 
2.365758e-01 1.730220e+03 1.495361e+03 
2.395960e-01 1.694835e+03 1.461493e+03 
2.426162e-01 1.660028e+03 1.428692e+03 
2.456364e-01 1.625872e+03 1.396913e+03 
2.486566e-01 1.592453e+03 1.366117e+03 
2.516768e-01 1.559821e+03 1.336265e+03 
2.546970e-01 1.527994e+03 1.307320e+03 
2.577172e-01 1.497035e+03 1.279248e+03 
2.607374e-01 1.467036e+03 1.252014e+03 
2.637576e-01 1.438069e+03 1.225587e+03 
2.667778e-01 1.410180e+03 1.199936e+03 
2.697980e-01 1.383352e+03 1.175033e+03 
2.728182e-01 1.357521e+03 1.150849e+03 
2.758384e-01 1.332572e+03 1.127359e+03 
2.788586e-01 1.308370e+03 1.104536e+03 
2.818788e-01 1.284830e+03 1.082357e+03 
2.848990e-01 1.261891e+03 1.060799e+03 
2.879192e-01 1.239518e+03 1.039839e+03 
2.909394e-01 1.217678e+03 1.019456e+03 
2.939596e-01 1.196331e+03 9.996309e+02 
2.969798e-01 1.175436e+03 9.803428e+02 
3.000000e-01 1.154956e+03 9.615738e+02 
