1.000000e-03 3.540292e+03 3.540256e+03 
4.020202e-03 1.146004e+04 1.154940e+04 
7.040404e-03 1.640878e+04 1.649867e+04 
1.006061e-02 1.931782e+04 1.935022e+04 
1.308081e-02 2.080847e+04 2.075893e+04 
1.610101e-02 2.130437e+04 2.114938e+04 
1.912121e-02 2.111237e+04 2.085452e+04 
2.214141e-02 2.046686e+04 2.016179e+04 
2.516162e-02 1.954970e+04 1.928488e+04 
2.818182e-02 1.849948e+04 1.835018e+04 
3.120202e-02 1.741866e+04 1.741947e+04 
3.422222e-02 1.637641e+04 1.651932e+04 
3.724242e-02 1.541475e+04 1.566010e+04 
4.026263e-02 1.455496e+04 1.484530e+04 
4.328283e-02 1.379269e+04 1.407546e+04 
4.630303e-02 1.312742e+04 1.334982e+04 
4.932323e-02 1.255407e+04 1.266691e+04 
5.234343e-02 1.203817e+04 1.202491e+04 
5.536364e-02 1.155672e+04 1.142182e+04 
5.838384e-02 1.109666e+04 1.085552e+04 
6.140404e-02 1.064489e+04 1.032388e+04 
6.442424e-02 1.019371e+04 9.824784e+03 
6.744444e-02 9.740167e+03 9.356168e+03 
7.046465e-02 9.284287e+03 8.916051e+03 
7.348485e-02 8.830225e+03 8.502543e+03 
7.650505e-02 8.385240e+03 8.113859e+03 
7.952525e-02 7.957633e+03 7.748313e+03 
8.254545e-02 7.554789e+03 7.404331e+03 
8.556566e-02 7.182454e+03 7.080440e+03 
8.858586e-02 6.843845e+03 6.775269e+03 
9.160606e-02 6.540356e+03 6.487543e+03 
9.462626e-02 6.271721e+03 6.216078e+03 
9.764646e-02 6.035786e+03 5.959776e+03 
1.006667e-01 5.828353e+03 5.717621e+03 
1.036869e-01 5.643609e+03 5.488670e+03 
1.067071e-01 5.475079e+03 5.272052e+03 
1.097273e-01 5.316033e+03 5.066956e+03 
1.127475e-01 5.161388e+03 4.872637e+03 
1.157677e-01 5.007193e+03 4.688400e+03 
1.187879e-01 4.851250e+03 4.513602e+03 
1.218081e-01 4.692403e+03 4.347650e+03 
1.248283e-01 4.531179e+03 4.189990e+03 
1.278485e-01 4.368933e+03 4.040110e+03 
1.308687e-01 4.208171e+03 3.897536e+03 
1.338889e-01 4.051529e+03 3.761824e+03 
1.369091e-01 3.901383e+03 3.632566e+03 
1.399293e-01 3.759583e+03 3.509377e+03 
1.429495e-01 3.627117e+03 3.391905e+03 
1.459697e-01 3.504566e+03 3.279817e+03 
1.489899e-01 3.392086e+03 3.172805e+03 
1.520101e-01 3.289595e+03 3.070582e+03 
1.550303e-01 3.196749e+03 2.972880e+03 
1.580505e-01 3.112434e+03 2.879447e+03 
1.610707e-01 3.034940e+03 2.790050e+03 
1.640909e-01 2.962216e+03 2.704471e+03 
1.671111e-01 2.892136e+03 2.622503e+03 
1.701313e-01 2.823274e+03 2.543957e+03 
1.731515e-01 2.754646e+03 2.468651e+03 
1.761717e-01 2.686022e+03 2.396418e+03 
1.791919e-01 2.617398e+03 2.327099e+03 
1.822121e-01 2.548803e+03 2.260547e+03 
1.852323e-01 2.480365e+03 2.196623e+03 
1.882525e-01 2.412440e+03 2.135194e+03 
1.912727e-01 2.345551e+03 2.076139e+03 
1.942929e-01 2.280463e+03 2.019341e+03 
1.973131e-01 2.217920e+03 1.964691e+03 
2.003333e-01 2.158591e+03 1.912087e+03 
2.033535e-01 2.102783e+03 1.861432e+03 
2.063737e-01 2.050436e+03 1.812634e+03 
2.093939e-01 2.001319e+03 1.765607e+03 
2.124141e-01 1.955084e+03 1.720270e+03 
2.154343e-01 1.911398e+03 1.676545e+03 
2.184545e-01 1.869928e+03 1.634361e+03 
2.214747e-01 1.830309e+03 1.593648e+03 
2.244949e-01 1.792160e+03 1.554341e+03 
2.275152e-01 1.755107e+03 1.516379e+03 
2.305354e-01 1.718805e+03 1.479702e+03 
2.335556e-01 1.683009e+03 1.444257e+03 
2.365758e-01 1.647559e+03 1.409990e+03 
2.395960e-01 1.612456e+03 1.376852e+03 
2.426162e-01 1.577752e+03 1.344795e+03 
2.456364e-01 1.543544e+03 1.313775e+03 
2.486566e-01 1.509962e+03 1.283749e+03 
2.516768e-01 1.477164e+03 1.254676e+03 
2.546970e-01 1.445302e+03 1.226519e+03 
2.577172e-01 1.414513e+03 1.199239e+03 
2.607374e-01 1.384891e+03 1.172803e+03 
2.637576e-01 1.356488e+03 1.147177e+03 
2.667778e-01 1.329279e+03 1.122330e+03 
2.697980e-01 1.303190e+03 1.098232e+03 
2.728182e-01 1.278122e+03 1.074853e+03 
2.758384e-01 1.253969e+03 1.052166e+03 
2.788586e-01 1.230620e+03 1.030146e+03 
2.818788e-01 1.207971e+03 1.008768e+03 
2.848990e-01 1.185933e+03 9.880066e+02 
2.879192e-01 1.164428e+03 9.678403e+02 
2.909394e-01 1.143377e+03 9.482470e+02 
2.939596e-01 1.122717e+03 9.292061e+02 
2.969798e-01 1.102413e+03 9.106977e+02 
3.000000e-01 1.082451e+03 8.927028e+02 
