1.000000e-03 5.369037e+03 5.368980e+03 
4.020202e-03 1.795488e+04 1.809548e+04 
7.040404e-03 2.612457e+04 2.631811e+04 
1.006061e-02 3.100934e+04 3.124893e+04 
1.308081e-02 3.344058e+04 3.374663e+04 
1.610101e-02 3.402987e+04 3.431744e+04 
1.912121e-02 3.326611e+04 3.336169e+04 
2.214141e-02 3.156378e+04 3.135890e+04 
2.516162e-02 2.927859e+04 2.884628e+04 
2.818182e-02 2.670740e+04 2.626597e+04 
3.120202e-02 2.408696e+04 2.387330e+04 
3.422222e-02 2.159111e+04 2.176155e+04 
3.724242e-02 1.933554e+04 1.993207e+04 
4.026263e-02 1.738657e+04 1.834995e+04 
4.328283e-02 1.575547e+04 1.697326e+04 
4.630303e-02 1.444128e+04 1.576438e+04 
4.932323e-02 1.343562e+04 1.469287e+04 
5.234343e-02 1.268060e+04 1.373495e+04 
5.536364e-02 1.212574e+04 1.287223e+04 
5.838384e-02 1.172388e+04 1.209042e+04 
6.140404e-02 1.141929e+04 1.137823e+04 
6.442424e-02 1.116647e+04 1.072666e+04 
6.744444e-02 1.092593e+04 1.012836e+04 
7.046465e-02 1.066337e+04 9.577247e+03 
7.348485e-02 1.035311e+04 9.068228e+03 
7.650505e-02 9.979881e+03 8.596968e+03 
7.952525e-02 9.539534e+03 8.159739e+03 
8.254545e-02 9.039024e+03 7.753308e+03 
8.556566e-02 8.494123e+03 7.374847e+03 
8.858586e-02 7.925526e+03 7.021864e+03 
9.160606e-02 7.355819e+03 6.692151e+03 
9.462626e-02 6.806952e+03 6.383744e+03 
9.764646e-02 6.297718e+03 6.094885e+03 
1.006667e-01 5.843091e+03 5.823997e+03 
1.036869e-01 5.452072e+03 5.569661e+03 
1.067071e-01 5.129211e+03 5.330595e+03 
1.097273e-01 4.873253e+03 5.105637e+03 
1.127475e-01 4.679738e+03 4.893736e+03 
1.157677e-01 4.540911e+03 4.693932e+03 
1.187879e-01 4.447071e+03 4.505354e+03 
1.218081e-01 4.387037e+03 4.327205e+03 
1.248283e-01 4.348806e+03 4.158756e+03 
1.278485e-01 4.320268e+03 3.999341e+03 
1.308687e-01 4.290018e+03 3.848348e+03 
1.338889e-01 4.248326e+03 3.705215e+03 
1.369091e-01 4.187850e+03 3.569424e+03 
1.399293e-01 4.104254e+03 3.440501e+03 
1.429495e-01 3.995694e+03 3.318007e+03 
1.459697e-01 3.863273e+03 3.201535e+03 
1.489899e-01 3.709931e+03 3.090712e+03 
1.520101e-01 3.540731e+03 2.985192e+03 
1.550303e-01 3.362093e+03 2.884653e+03 
1.580505e-01 3.181597e+03 2.788797e+03 
1.610707e-01 3.006607e+03 2.697349e+03 
1.640909e-01 2.843846e+03 2.610052e+03 
1.671111e-01 2.698003e+03 2.526668e+03 
1.701313e-01 2.572160e+03 2.446973e+03 
1.731515e-01 2.467285e+03 2.370762e+03 
1.761717e-01 2.383072e+03 2.297840e+03 
1.791919e-01 2.318152e+03 2.228029e+03 
1.822121e-01 2.270435e+03 2.161159e+03 
1.852323e-01 2.237304e+03 2.097074e+03 
1.882525e-01 2.215432e+03 2.035625e+03 
1.912727e-01 2.201038e+03 1.976677e+03 
1.942929e-01 2.189890e+03 1.920098e+03 
1.973131e-01 2.177957e+03 1.865769e+03 
2.003333e-01 2.161580e+03 1.813575e+03 
2.033535e-01 2.138206e+03 1.763411e+03 
2.063737e-01 2.106134e+03 1.715175e+03 
2.093939e-01 2.064881e+03 1.668773e+03 
2.124141e-01 2.014736e+03 1.624117e+03 
2.154343e-01 1.956762e+03 1.581122e+03 
2.184545e-01 1.892579e+03 1.539712e+03 
2.214747e-01 1.824212e+03 1.499810e+03 
2.244949e-01 1.754064e+03 1.461347e+03 
2.275152e-01 1.684604e+03 1.424257e+03 
2.305354e-01 1.618170e+03 1.388478e+03 
2.335556e-01 1.556691e+03 1.353950e+03 
2.365758e-01 1.501610e+03 1.320618e+03 
2.395960e-01 1.453724e+03 1.288430e+03 
2.426162e-01 1.413364e+03 1.257334e+03 
2.456364e-01 1.380332e+03 1.227283e+03 
2.486566e-01 1.354099e+03 1.198234e+03 
2.516768e-01 1.333770e+03 1.170143e+03 
2.546970e-01 1.318185e+03 1.142970e+03 
2.577172e-01 1.305972e+03 1.116676e+03 
2.607374e-01 1.295658e+03 1.091226e+03 
2.637576e-01 1.285780e+03 1.066585e+03 
2.667778e-01 1.275031e+03 1.042720e+03 
2.697980e-01 1.262345e+03 1.019600e+03 
2.728182e-01 1.246972e+03 9.971946e+02 
2.758384e-01 1.228499e+03 9.754764e+02 
2.788586e-01 1.206791e+03 9.544181e+02 
2.818788e-01 1.182038e+03 9.339942e+02 
2.848990e-01 1.154631e+03 9.141802e+02 
2.879192e-01 1.125198e+03 8.949529e+02 
2.909394e-01 1.094503e+03 8.762901e+02 
2.939596e-01 1.063430e+03 8.581706e+02 
2.969798e-01 1.032859e+03 8.405742e+02 
3.000000e-01 1.003616e+03 8.234815e+02 
