1.000000e-03 2.391233e+03 2.391210e+03 
4.020202e-03 8.020945e+03 8.083731e+03 
7.040404e-03 1.177983e+04 1.184556e+04 
1.006061e-02 1.417824e+04 1.419543e+04 
1.308081e-02 1.559419e+04 1.553928e+04 
1.610101e-02 1.629799e+04 1.615854e+04 
1.912121e-02 1.648916e+04 1.627261e+04 
2.214141e-02 1.632255e+04 1.606443e+04 
2.516162e-02 1.591910e+04 1.567070e+04 
2.818182e-02 1.537213e+04 1.517841e+04 
3.120202e-02 1.475321e+04 1.463749e+04 
3.422222e-02 1.411312e+04 1.407601e+04 
3.724242e-02 1.348678e+04 1.351040e+04 
4.026263e-02 1.289370e+04 1.295074e+04 
4.328283e-02 1.233431e+04 1.240347e+04 
4.630303e-02 1.182429e+04 1.187273e+04 
4.932323e-02 1.136402e+04 1.136111e+04 
5.234343e-02 1.093115e+04 1.087012e+04 
5.536364e-02 1.051597e+04 1.040051e+04 
5.838384e-02 1.011476e+04 9.952484e+03 
6.140404e-02 9.726073e+03 9.525849e+03 
6.442424e-02 9.346098e+03 9.120152e+03 
6.744444e-02 8.970038e+03 8.734750e+03 
7.046465e-02 8.597357e+03 8.368882e+03 
7.348485e-02 8.230220e+03 8.021716e+03 
7.650505e-02 7.873264e+03 7.692377e+03 
7.952525e-02 7.531932e+03 7.379981e+03 
8.254545e-02 7.211234e+03 7.083648e+03 
8.556566e-02 6.913293e+03 6.802515e+03 
8.858586e-02 6.638409e+03 6.535744e+03 
9.160606e-02 6.385310e+03 6.282531e+03 
9.462626e-02 6.152590e+03 6.042108e+03 
9.764646e-02 5.938853e+03 5.813741e+03 
1.006667e-01 5.742729e+03 5.596738e+03 
1.036869e-01 5.562021e+03 5.390442e+03 
1.067071e-01 5.393544e+03 5.194237e+03 
1.097273e-01 5.233514e+03 5.007540e+03 
1.127475e-01 5.078097e+03 4.829803e+03 
1.157677e-01 4.924936e+03 4.660514e+03 
1.187879e-01 4.772542e+03 4.499191e+03 
1.218081e-01 4.621062e+03 4.345380e+03 
1.248283e-01 4.471488e+03 4.198660e+03 
1.278485e-01 4.324975e+03 4.058632e+03 
1.308687e-01 4.182750e+03 3.924923e+03 
1.338889e-01 4.045855e+03 3.797186e+03 
1.369091e-01 3.915191e+03 3.675093e+03 
1.399293e-01 3.791352e+03 3.558336e+03 
1.429495e-01 3.674700e+03 3.446630e+03 
1.459697e-01 3.565219e+03 3.339703e+03 
1.489899e-01 3.462615e+03 3.237303e+03 
1.520101e-01 3.366532e+03 3.139192e+03 
1.550303e-01 3.276551e+03 3.045147e+03 
1.580505e-01 3.192005e+03 2.954958e+03 
1.610707e-01 3.112001e+03 2.868429e+03 
1.640909e-01 3.035548e+03 2.785375e+03 
1.671111e-01 2.961571e+03 2.705620e+03 
1.701313e-01 2.889286e+03 2.629001e+03 
1.731515e-01 2.818233e+03 2.555365e+03 
1.761717e-01 2.748243e+03 2.484564e+03 
1.791919e-01 2.679478e+03 2.416464e+03 
1.822121e-01 2.612113e+03 2.350933e+03 
1.852323e-01 2.546320e+03 2.287852e+03 
1.882525e-01 2.482234e+03 2.227103e+03 
1.912727e-01 2.419939e+03 2.168580e+03 
1.942929e-01 2.359600e+03 2.112179e+03 
1.973131e-01 2.301519e+03 2.057803e+03 
2.003333e-01 2.245941e+03 2.005361e+03 
2.033535e-01 2.192999e+03 1.954766e+03 
2.063737e-01 2.142674e+03 1.905936e+03 
2.093939e-01 2.094682e+03 1.858793e+03 
2.124141e-01 2.048719e+03 1.813264e+03 
2.154343e-01 2.004493e+03 1.769278e+03 
2.184545e-01 1.961763e+03 1.726770e+03 
2.214747e-01 1.920391e+03 1.685676e+03 
2.244949e-01 1.880254e+03 1.645938e+03 
2.275152e-01 1.841228e+03 1.607499e+03 
2.305354e-01 1.803184e+03 1.570304e+03 
2.335556e-01 1.765985e+03 1.534303e+03 
2.365758e-01 1.729530e+03 1.499447e+03 
2.395960e-01 1.693836e+03 1.465690e+03 
2.426162e-01 1.658953e+03 1.432988e+03 
2.456364e-01 1.624956e+03 1.401299e+03 
2.486566e-01 1.591912e+03 1.370584e+03 
2.516768e-01 1.559826e+03 1.340804e+03 
2.546970e-01 1.528688e+03 1.311923e+03 
2.577172e-01 1.498484e+03 1.283907e+03 
2.607374e-01 1.469204e+03 1.256722e+03 
2.637576e-01 1.440855e+03 1.230338e+03 
2.667778e-01 1.413440e+03 1.204725e+03 
2.697980e-01 1.386919e+03 1.179853e+03 
2.728182e-01 1.361234e+03 1.155696e+03 
2.758384e-01 1.336299e+03 1.132227e+03 
2.788586e-01 1.312023e+03 1.109421e+03 
2.818788e-01 1.288346e+03 1.087255e+03 
2.848990e-01 1.265225e+03 1.065706e+03 
2.879192e-01 1.242634e+03 1.044752e+03 
2.909394e-01 1.220558e+03 1.024371e+03 
2.939596e-01 1.198997e+03 1.004545e+03 
2.969798e-01 1.177951e+03 9.852527e+02 
3.000000e-01 1.157400e+03 9.664771e+02 
