1.000000e-03 3.869712e+03 3.869678e+03 
4.020202e-03 1.313894e+04 1.324158e+04 
7.040404e-03 1.928005e+04 1.941289e+04 
1.006061e-02 2.306002e+04 2.319556e+04 
1.308081e-02 2.507372e+04 2.520953e+04 
1.610101e-02 2.576385e+04 2.584627e+04 
1.912121e-02 2.548190e+04 2.542715e+04 
2.214141e-02 2.452106e+04 2.430782e+04 
2.516162e-02 2.312961e+04 2.284462e+04 
2.818182e-02 2.151257e+04 2.130476e+04 
3.120202e-02 1.983249e+04 1.983426e+04 
3.422222e-02 1.820913e+04 1.848822e+04 
3.724242e-02 1.672223e+04 1.727398e+04 
4.026263e-02 1.541938e+04 1.618024e+04 
4.328283e-02 1.431404e+04 1.519125e+04 
4.630303e-02 1.339912e+04 1.429217e+04 
4.932323e-02 1.267502e+04 1.347053e+04 
5.234343e-02 1.210729e+04 1.271625e+04 
5.536364e-02 1.165078e+04 1.202117e+04 
5.838384e-02 1.127816e+04 1.137864e+04 
6.140404e-02 1.095341e+04 1.078316e+04 
6.442424e-02 1.064379e+04 1.023009e+04 
6.744444e-02 1.032622e+04 9.715448e+03 
7.046465e-02 9.982454e+03 9.235782e+03 
7.348485e-02 9.601860e+03 8.788062e+03 
7.650505e-02 9.181971e+03 8.369603e+03 
7.952525e-02 8.728209e+03 7.978008e+03 
8.254545e-02 8.251888e+03 7.611128e+03 
8.556566e-02 7.767362e+03 7.267024e+03 
8.858586e-02 7.289765e+03 6.943942e+03 
9.160606e-02 6.833506e+03 6.640291e+03 
9.462626e-02 6.410926e+03 6.354625e+03 
9.764646e-02 6.032104e+03 6.085623e+03 
1.006667e-01 5.703108e+03 5.832081e+03 
1.036869e-01 5.426836e+03 5.592898e+03 
1.067071e-01 5.201550e+03 5.367064e+03 
1.097273e-01 5.022786e+03 5.153655e+03 
1.127475e-01 4.882767e+03 4.951819e+03 
1.157677e-01 4.772773e+03 4.760777e+03 
1.187879e-01 4.683511e+03 4.579808e+03 
1.218081e-01 4.605863e+03 4.408251e+03 
1.248283e-01 4.531079e+03 4.245494e+03 
1.278485e-01 4.451808e+03 4.090974e+03 
1.308687e-01 4.361974e+03 3.944168e+03 
1.338889e-01 4.257897e+03 3.804595e+03 
1.369091e-01 4.137933e+03 3.671809e+03 
1.399293e-01 4.003155e+03 3.545395e+03 
1.429495e-01 3.856173e+03 3.424969e+03 
1.459697e-01 3.700860e+03 3.310176e+03 
1.489899e-01 3.541616e+03 3.200684e+03 
1.520101e-01 3.383097e+03 3.096185e+03 
1.550303e-01 3.229938e+03 2.996392e+03 
1.580505e-01 3.086436e+03 2.901039e+03 
1.610707e-01 2.956106e+03 2.809877e+03 
1.640909e-01 2.841379e+03 2.722672e+03 
1.671111e-01 2.743384e+03 2.639210e+03 
1.701313e-01 2.661684e+03 2.559285e+03 
1.731515e-01 2.594717e+03 2.482710e+03 
1.761717e-01 2.540134e+03 2.409307e+03 
1.791919e-01 2.495260e+03 2.338909e+03 
1.822121e-01 2.457274e+03 2.271362e+03 
1.852323e-01 2.423401e+03 2.206518e+03 
1.882525e-01 2.390984e+03 2.144241e+03 
1.912727e-01 2.357543e+03 2.084401e+03 
1.942929e-01 2.320820e+03 2.026879e+03 
1.973131e-01 2.279237e+03 1.971561e+03 
2.003333e-01 2.231818e+03 1.918339e+03 
2.033535e-01 2.178710e+03 1.867112e+03 
2.063737e-01 2.120629e+03 1.817785e+03 
2.093939e-01 2.058894e+03 1.770270e+03 
2.124141e-01 1.995060e+03 1.724481e+03 
2.154343e-01 1.930840e+03 1.680339e+03 
2.184545e-01 1.867802e+03 1.637769e+03 
2.214747e-01 1.807370e+03 1.596699e+03 
2.244949e-01 1.750712e+03 1.557062e+03 
2.275152e-01 1.698779e+03 1.518795e+03 
2.305354e-01 1.652160e+03 1.481837e+03 
2.335556e-01 1.611101e+03 1.446131e+03 
2.365758e-01 1.575432e+03 1.411624e+03 
2.395960e-01 1.544676e+03 1.378264e+03 
2.426162e-01 1.518116e+03 1.346002e+03 
2.456364e-01 1.494821e+03 1.314793e+03 
2.486566e-01 1.473767e+03 1.284592e+03 
2.516768e-01 1.453930e+03 1.255359e+03 
2.546970e-01 1.434344e+03 1.227053e+03 
2.577172e-01 1.414164e+03 1.199637e+03 
2.607374e-01 1.392753e+03 1.173076e+03 
2.637576e-01 1.369698e+03 1.147335e+03 
2.667778e-01 1.344877e+03 1.122382e+03 
2.697980e-01 1.318364e+03 1.098187e+03 
2.728182e-01 1.290421e+03 1.074720e+03 
2.758384e-01 1.261424e+03 1.051952e+03 
2.788586e-01 1.231887e+03 1.029858e+03 
2.818788e-01 1.202341e+03 1.008412e+03 
2.848990e-01 1.173316e+03 9.875896e+02 
2.879192e-01 1.145302e+03 9.673677e+02 
2.909394e-01 1.118739e+03 9.477241e+02 
2.939596e-01 1.093919e+03 9.286378e+02 
2.969798e-01 1.071034e+03 9.100884e+02 
3.000000e-01 1.050129e+03 8.920568e+02 
