1.000000e-03 5.752271e+03 5.752216e+03 
4.020202e-03 1.923027e+04 1.938124e+04 
7.040404e-03 2.796019e+04 2.817169e+04 
1.006061e-02 3.315577e+04 3.342770e+04 
1.308081e-02 3.570848e+04 3.606797e+04 
1.610101e-02 3.627588e+04 3.662905e+04 
1.912121e-02 3.538479e+04 3.553507e+04 
2.214141e-02 3.348536e+04 3.330251e+04 
2.516162e-02 3.096191e+04 3.051880e+04 
2.818182e-02 2.813865e+04 2.767196e+04 
3.120202e-02 2.527213e+04 2.504467e+04 
3.422222e-02 2.255088e+04 2.273891e+04 
3.724242e-02 2.009942e+04 2.075370e+04 
4.026263e-02 1.798779e+04 1.904768e+04 
4.328283e-02 1.622602e+04 1.757206e+04 
4.630303e-02 1.481437e+04 1.628343e+04 
4.932323e-02 1.373902e+04 1.514682e+04 
5.234343e-02 1.293679e+04 1.413507e+04 
5.536364e-02 1.235486e+04 1.322730e+04 
5.838384e-02 1.194025e+04 1.240735e+04 
6.140404e-02 1.163339e+04 1.166255e+04 
6.442424e-02 1.138530e+04 1.098285e+04 
6.744444e-02 1.115288e+04 1.036009e+04 
7.046465e-02 1.089893e+04 9.787578e+03 
7.348485e-02 1.059461e+04 9.259719e+03 
7.650505e-02 1.022209e+04 8.771786e+03 
7.952525e-02 9.775962e+03 8.319736e+03 
8.254545e-02 9.262729e+03 7.900076e+03 
8.556566e-02 8.698702e+03 7.509762e+03 
8.858586e-02 8.105978e+03 7.146124e+03 
9.160606e-02 7.508795e+03 6.806805e+03 
9.462626e-02 6.931195e+03 6.489712e+03 
9.764646e-02 6.393617e+03 6.192981e+03 
1.006667e-01 5.912772e+03 5.914942e+03 
1.036869e-01 5.498581e+03 5.654094e+03 
1.067071e-01 5.156206e+03 5.409087e+03 
1.097273e-01 4.885158e+03 5.178699e+03 
1.127475e-01 4.680958e+03 4.961824e+03 
1.157677e-01 4.535886e+03 4.757459e+03 
1.187879e-01 4.439811e+03 4.564690e+03 
1.218081e-01 4.381238e+03 4.382684e+03 
1.248283e-01 4.347481e+03 4.210681e+03 
1.278485e-01 4.325777e+03 4.047987e+03 
1.308687e-01 4.303719e+03 3.893963e+03 
1.338889e-01 4.270907e+03 3.748027e+03 
1.369091e-01 4.218897e+03 3.609640e+03 
1.399293e-01 4.142603e+03 3.478308e+03 
1.429495e-01 4.039446e+03 3.353578e+03 
1.459697e-01 3.909856e+03 3.235028e+03 
1.489899e-01 3.756711e+03 3.122272e+03 
1.520101e-01 3.584935e+03 3.014951e+03 
1.550303e-01 3.401517e+03 2.912733e+03 
1.580505e-01 3.214333e+03 2.815311e+03 
1.610707e-01 3.031631e+03 2.722400e+03 
1.640909e-01 2.860545e+03 2.633736e+03 
1.671111e-01 2.706668e+03 2.549071e+03 
1.701313e-01 2.573238e+03 2.468178e+03 
1.731515e-01 2.461840e+03 2.390844e+03 
1.761717e-01 2.372260e+03 2.316870e+03 
1.791919e-01 2.303397e+03 2.246070e+03 
1.822121e-01 2.253329e+03 2.178272e+03 
1.852323e-01 2.219395e+03 2.113314e+03 
1.882525e-01 2.198298e+03 2.051045e+03 
1.912727e-01 2.185959e+03 1.991323e+03 
1.942929e-01 2.177997e+03 1.934017e+03 
1.973131e-01 2.169939e+03 1.879002e+03 
2.003333e-01 2.157911e+03 1.826162e+03 
2.033535e-01 2.138811e+03 1.775387e+03 
2.063737e-01 2.110785e+03 1.726575e+03 
2.093939e-01 2.072881e+03 1.679628e+03 
2.124141e-01 2.025215e+03 1.634457e+03 
2.154343e-01 1.968606e+03 1.590977e+03 
2.184545e-01 1.904608e+03 1.549105e+03 
2.214747e-01 1.835357e+03 1.508767e+03 
2.244949e-01 1.763374e+03 1.469891e+03 
2.275152e-01 1.691374e+03 1.432410e+03 
2.305354e-01 1.621939e+03 1.396259e+03 
2.335556e-01 1.557264e+03 1.361379e+03 
2.365758e-01 1.498982e+03 1.327713e+03 
2.395960e-01 1.448164e+03 1.295207e+03 
2.426162e-01 1.405229e+03 1.263809e+03 
2.456364e-01 1.370173e+03 1.233472e+03 
2.486566e-01 1.342523e+03 1.204150e+03 
2.516768e-01 1.321469e+03 1.175800e+03 
2.546970e-01 1.305856e+03 1.148380e+03 
2.577172e-01 1.294263e+03 1.121852e+03 
2.607374e-01 1.285120e+03 1.096178e+03 
2.637576e-01 1.276843e+03 1.071324e+03 
2.667778e-01 1.267971e+03 1.047255e+03 
2.697980e-01 1.257287e+03 1.023941e+03 
2.728182e-01 1.243904e+03 1.001351e+03 
2.758384e-01 1.227246e+03 9.794568e+02 
2.788586e-01 1.207079e+03 9.582302e+02 
2.818788e-01 1.183424e+03 9.376457e+02 
2.848990e-01 1.156653e+03 9.176783e+02 
2.879192e-01 1.127358e+03 8.983044e+02 
2.909394e-01 1.096341e+03 8.795015e+02 
2.939596e-01 1.064540e+03 8.612480e+02 
2.969798e-01 1.032943e+03 8.435235e+02 
3.000000e-01 1.002463e+03 8.263083e+02 
