1.000000e-03 3.251500e+03 3.251467e+03 
4.020202e-03 1.075971e+04 1.084338e+04 
7.040404e-03 1.564500e+04 1.573989e+04 
1.006061e-02 1.864288e+04 1.870294e+04 
1.308081e-02 2.027550e+04 2.028263e+04 
1.610101e-02 2.091406e+04 2.083777e+04 
1.912121e-02 2.083855e+04 2.065604e+04 
2.214141e-02 2.027232e+04 2.001162e+04 
2.516162e-02 1.939468e+04 1.913716e+04 
2.818182e-02 1.834972e+04 1.818687e+04 
3.120202e-02 1.724795e+04 1.724109e+04 
3.422222e-02 1.616874e+04 1.633366e+04 
3.724242e-02 1.516541e+04 1.547564e+04 
4.026263e-02 1.426686e+04 1.466869e+04 
4.328283e-02 1.347348e+04 1.391113e+04 
4.630303e-02 1.279815e+04 1.320026e+04 
4.932323e-02 1.223459e+04 1.253323e+04 
5.234343e-02 1.174737e+04 1.190728e+04 
5.536364e-02 1.131425e+04 1.131979e+04 
5.838384e-02 1.091702e+04 1.076829e+04 
6.140404e-02 1.053748e+04 1.025044e+04 
6.442424e-02 1.016011e+04 9.764053e+03 
6.744444e-02 9.773962e+03 9.307039e+03 
7.046465e-02 9.373541e+03 8.877446e+03 
7.348485e-02 8.958778e+03 8.473438e+03 
7.650505e-02 8.534267e+03 8.093291e+03 
7.952525e-02 8.108374e+03 7.735395e+03 
8.254545e-02 7.690958e+03 7.398249e+03 
8.556566e-02 7.291136e+03 7.080452e+03 
8.858586e-02 6.916429e+03 6.780700e+03 
9.160606e-02 6.572291e+03 6.497784e+03 
9.462626e-02 6.262594e+03 6.230579e+03 
9.764646e-02 5.989521e+03 5.978043e+03 
1.006667e-01 5.752905e+03 5.739208e+03 
1.036869e-01 5.550744e+03 5.513177e+03 
1.067071e-01 5.377864e+03 5.299118e+03 
1.097273e-01 5.227916e+03 5.096261e+03 
1.127475e-01 5.093439e+03 4.903890e+03 
1.157677e-01 4.967584e+03 4.721342e+03 
1.187879e-01 4.844436e+03 4.548001e+03 
1.218081e-01 4.719726e+03 4.383296e+03 
1.248283e-01 4.590604e+03 4.226698e+03 
1.278485e-01 4.455682e+03 4.077712e+03 
1.308687e-01 4.314605e+03 3.935881e+03 
1.338889e-01 4.168532e+03 3.800779e+03 
1.369091e-01 4.019438e+03 3.672010e+03 
1.399293e-01 3.870282e+03 3.549204e+03 
1.429495e-01 3.724119e+03 3.432017e+03 
1.459697e-01 3.583600e+03 3.320129e+03 
1.489899e-01 3.450975e+03 3.213241e+03 
1.520101e-01 3.327871e+03 3.111072e+03 
1.550303e-01 3.215428e+03 3.013364e+03 
1.580505e-01 3.114231e+03 2.919871e+03 
1.610707e-01 3.024211e+03 2.830365e+03 
1.640909e-01 2.944693e+03 2.744634e+03 
1.671111e-01 2.874165e+03 2.662477e+03 
1.701313e-01 2.810610e+03 2.583707e+03 
1.731515e-01 2.751816e+03 2.508148e+03 
1.761717e-01 2.695629e+03 2.435636e+03 
1.791919e-01 2.640447e+03 2.366016e+03 
1.822121e-01 2.584992e+03 2.299142e+03 
1.852323e-01 2.528496e+03 2.234878e+03 
1.882525e-01 2.470448e+03 2.173096e+03 
1.912727e-01 2.410658e+03 2.113674e+03 
1.942929e-01 2.349257e+03 2.056498e+03 
1.973131e-01 2.286746e+03 2.001462e+03 
2.003333e-01 2.223909e+03 1.948463e+03 
2.033535e-01 2.161750e+03 1.897408e+03 
2.063737e-01 2.101241e+03 1.848204e+03 
2.093939e-01 2.043286e+03 1.800768e+03 
2.124141e-01 1.988468e+03 1.755019e+03 
2.154343e-01 1.937183e+03 1.710880e+03 
2.184545e-01 1.889540e+03 1.668281e+03 
2.214747e-01 1.845505e+03 1.627153e+03 
2.244949e-01 1.804852e+03 1.587431e+03 
2.275152e-01 1.767236e+03 1.549054e+03 
2.305354e-01 1.732162e+03 1.511966e+03 
2.335556e-01 1.699103e+03 1.476110e+03 
2.365758e-01 1.667510e+03 1.441435e+03 
2.395960e-01 1.636880e+03 1.407891e+03 
2.426162e-01 1.606756e+03 1.375432e+03 
2.456364e-01 1.576785e+03 1.344013e+03 
2.486566e-01 1.546697e+03 1.313591e+03 
2.516768e-01 1.516345e+03 1.284127e+03 
2.546970e-01 1.485670e+03 1.255581e+03 
2.577172e-01 1.454795e+03 1.227919e+03 
2.607374e-01 1.423921e+03 1.201103e+03 
2.637576e-01 1.393346e+03 1.175103e+03 
2.667778e-01 1.363364e+03 1.149886e+03 
2.697980e-01 1.334227e+03 1.125421e+03 
2.728182e-01 1.306127e+03 1.101682e+03 
2.758384e-01 1.279177e+03 1.078639e+03 
2.788586e-01 1.253443e+03 1.056268e+03 
2.818788e-01 1.228946e+03 1.034543e+03 
2.848990e-01 1.205673e+03 1.013440e+03 
2.879192e-01 1.183583e+03 9.929364e+02 
2.909394e-01 1.162575e+03 9.730111e+02 
2.939596e-01 1.142508e+03 9.536429e+02 
2.969798e-01 1.123199e+03 9.348120e+02 
3.000000e-01 1.104459e+03 9.164994e+02 
