1.000000e-03 3.631399e+03 3.631362e+03 
4.020202e-03 1.208385e+04 1.217812e+04 
7.040404e-03 1.760684e+04 1.772208e+04 
1.006061e-02 2.098839e+04 2.108766e+04 
1.308081e-02 2.279786e+04 2.287084e+04 
1.610101e-02 2.344631e+04 2.345031e+04 
1.912121e-02 2.325170e+04 2.313163e+04 
2.214141e-02 2.247152e+04 2.223109e+04 
2.516162e-02 2.132139e+04 2.104509e+04 
2.818182e-02 1.997517e+04 1.978540e+04 
3.120202e-02 1.856946e+04 1.856515e+04 
3.422222e-02 1.720459e+04 1.742831e+04 
3.724242e-02 1.594702e+04 1.638366e+04 
4.026263e-02 1.483556e+04 1.542606e+04 
4.328283e-02 1.388440e+04 1.454659e+04 
4.630303e-02 1.308457e+04 1.373634e+04 
4.932323e-02 1.243177e+04 1.298752e+04 
5.234343e-02 1.190623e+04 1.229361e+04 
5.536364e-02 1.146569e+04 1.164913e+04 
5.838384e-02 1.108477e+04 1.104944e+04 
6.140404e-02 1.073903e+04 1.049055e+04 
6.442424e-02 1.040129e+04 9.968979e+03 
6.744444e-02 1.005405e+04 9.481644e+03 
7.046465e-02 9.685355e+03 9.025796e+03 
7.348485e-02 9.288649e+03 8.598961e+03 
7.650505e-02 8.865386e+03 8.198902e+03 
7.952525e-02 8.422519e+03 7.823585e+03 
8.254545e-02 7.970640e+03 7.471159e+03 
8.556566e-02 7.522308e+03 7.139931e+03 
8.858586e-02 7.089505e+03 6.828356e+03 
9.160606e-02 6.682831e+03 6.535014e+03 
9.462626e-02 6.310888e+03 6.258606e+03 
9.764646e-02 5.979805e+03 5.997938e+03 
1.006667e-01 5.693675e+03 5.751914e+03 
1.036869e-01 5.452530e+03 5.519526e+03 
1.067071e-01 5.253818e+03 5.299843e+03 
1.097273e-01 5.091552e+03 5.092011e+03 
1.127475e-01 4.958353e+03 4.895242e+03 
1.157677e-01 4.845704e+03 4.708808e+03 
1.187879e-01 4.745551e+03 4.532036e+03 
1.218081e-01 4.650383e+03 4.364306e+03 
1.248283e-01 4.553926e+03 4.205044e+03 
1.278485e-01 4.450930e+03 4.053718e+03 
1.308687e-01 4.338181e+03 3.909836e+03 
1.338889e-01 4.213930e+03 3.772941e+03 
1.369091e-01 4.078645e+03 3.642610e+03 
1.399293e-01 3.934231e+03 3.518450e+03 
1.429495e-01 3.784129e+03 3.400095e+03 
1.459697e-01 3.632048e+03 3.287205e+03 
1.489899e-01 3.481795e+03 3.179464e+03 
1.520101e-01 3.336866e+03 3.076578e+03 
1.550303e-01 3.200479e+03 2.978271e+03 
1.580505e-01 3.075257e+03 2.884289e+03 
1.610707e-01 2.963245e+03 2.794391e+03 
1.640909e-01 2.865374e+03 2.708354e+03 
1.671111e-01 2.781599e+03 2.625970e+03 
1.701313e-01 2.710604e+03 2.547043e+03 
1.731515e-01 2.650385e+03 2.471391e+03 
1.761717e-01 2.598393e+03 2.398841e+03 
1.791919e-01 2.552091e+03 2.329234e+03 
1.822121e-01 2.509023e+03 2.262418e+03 
1.852323e-01 2.467100e+03 2.198253e+03 
1.882525e-01 2.424463e+03 2.136605e+03 
1.912727e-01 2.379597e+03 2.077349e+03 
1.942929e-01 2.331357e+03 2.020369e+03 
1.973131e-01 2.279164e+03 1.965552e+03 
2.003333e-01 2.223038e+03 1.912797e+03 
2.033535e-01 2.163620e+03 1.862003e+03 
2.063737e-01 2.102028e+03 1.813079e+03 
2.093939e-01 2.039669e+03 1.765938e+03 
2.124141e-01 1.977891e+03 1.720497e+03 
2.154343e-01 1.917955e+03 1.676678e+03 
2.184545e-01 1.860895e+03 1.634408e+03 
2.214747e-01 1.807544e+03 1.593618e+03 
2.244949e-01 1.758430e+03 1.554241e+03 
2.275152e-01 1.713838e+03 1.516215e+03 
2.305354e-01 1.673782e+03 1.479482e+03 
2.335556e-01 1.638012e+03 1.443986e+03 
2.365758e-01 1.606067e+03 1.409673e+03 
2.395960e-01 1.577287e+03 1.376494e+03 
2.426162e-01 1.550914e+03 1.344401e+03 
2.456364e-01 1.526139e+03 1.313348e+03 
2.486566e-01 1.502171e+03 1.283293e+03 
2.516768e-01 1.478306e+03 1.254195e+03 
2.546970e-01 1.453954e+03 1.226015e+03 
2.577172e-01 1.428690e+03 1.198717e+03 
2.607374e-01 1.402319e+03 1.172265e+03 
2.637576e-01 1.374850e+03 1.146625e+03 
2.667778e-01 1.346468e+03 1.121766e+03 
2.697980e-01 1.317457e+03 1.097658e+03 
2.728182e-01 1.288186e+03 1.074272e+03 
2.758384e-01 1.259047e+03 1.051580e+03 
2.788586e-01 1.230421e+03 1.029555e+03 
2.818788e-01 1.202662e+03 1.008174e+03 
2.848990e-01 1.176079e+03 9.874114e+02 
2.879192e-01 1.150909e+03 9.672449e+02 
2.909394e-01 1.127314e+03 9.476526e+02 
2.939596e-01 1.105346e+03 9.286137e+02 
2.969798e-01 1.084976e+03 9.101081e+02 
3.000000e-01 1.066061e+03 8.921169e+02 
