1.000000e-03 5.112131e+03 5.112083e+03 
4.020202e-03 1.689577e+04 1.702811e+04 
7.040404e-03 2.443225e+04 2.460608e+04 
1.006061e-02 2.888077e+04 2.907699e+04 
1.308081e-02 3.106317e+04 3.128737e+04 
1.610101e-02 3.157203e+04 3.174542e+04 
1.912121e-02 3.087080e+04 3.086232e+04 
2.214141e-02 2.934463e+04 2.910510e+04 
2.516162e-02 2.731732e+04 2.695289e+04 
2.818182e-02 2.505416e+04 2.476670e+04 
3.120202e-02 2.276271e+04 2.273817e+04 
3.422222e-02 2.059282e+04 2.093054e+04 
3.724242e-02 1.864030e+04 1.934076e+04 
4.026263e-02 1.695900e+04 1.794190e+04 
4.328283e-02 1.555475e+04 1.670338e+04 
4.630303e-02 1.442050e+04 1.559824e+04 
4.932323e-02 1.354870e+04 1.460463e+04 
5.234343e-02 1.288377e+04 1.370539e+04 
5.536364e-02 1.237512e+04 1.288700e+04 
5.838384e-02 1.198047e+04 1.213875e+04 
6.140404e-02 1.164979e+04 1.145201e+04 
6.442424e-02 1.134397e+04 1.081968e+04 
6.744444e-02 1.103153e+04 1.023587e+04 
7.046465e-02 1.068659e+04 9.695570e+03 
7.348485e-02 1.029288e+04 9.194492e+03 
7.650505e-02 9.844285e+03 8.728923e+03 
7.952525e-02 9.344694e+03 8.295611e+03 
8.254545e-02 8.807216e+03 7.891693e+03 
8.556566e-02 8.250255e+03 7.514629e+03 
8.858586e-02 7.694140e+03 7.162155e+03 
9.160606e-02 7.158654e+03 6.832246e+03 
9.462626e-02 6.660814e+03 6.523081e+03 
9.764646e-02 6.214224e+03 6.233018e+03 
1.006667e-01 5.827726e+03 5.960575e+03 
1.036869e-01 5.505027e+03 5.704407e+03 
1.067071e-01 5.245478e+03 5.463294e+03 
1.097273e-01 5.044040e+03 5.236127e+03 
1.127475e-01 4.893151e+03 5.021892e+03 
1.157677e-01 4.782756e+03 4.819666e+03 
1.187879e-01 4.701859e+03 4.628604e+03 
1.218081e-01 4.638840e+03 4.447933e+03 
1.248283e-01 4.582513e+03 4.276941e+03 
1.278485e-01 4.522440e+03 4.114978e+03 
1.308687e-01 4.450433e+03 3.961445e+03 
1.338889e-01 4.360501e+03 3.815788e+03 
1.369091e-01 4.250107e+03 3.677501e+03 
1.399293e-01 4.119087e+03 3.546113e+03 
1.429495e-01 3.969528e+03 3.421191e+03 
1.459697e-01 3.805319e+03 3.302333e+03 
1.489899e-01 3.631512e+03 3.189169e+03 
1.520101e-01 3.454152e+03 3.081355e+03 
1.550303e-01 3.279573e+03 2.978571e+03 
1.580505e-01 3.114119e+03 2.880521e+03 
1.610707e-01 2.962989e+03 2.786929e+03 
1.640909e-01 2.830037e+03 2.697540e+03 
1.671111e-01 2.716823e+03 2.612115e+03 
1.701313e-01 2.623439e+03 2.530431e+03 
1.731515e-01 2.548424e+03 2.452281e+03 
1.761717e-01 2.489636e+03 2.377472e+03 
1.791919e-01 2.444364e+03 2.305823e+03 
1.822121e-01 2.409603e+03 2.237164e+03 
1.852323e-01 2.382105e+03 2.171338e+03 
1.882525e-01 2.358275e+03 2.108196e+03 
1.912727e-01 2.334483e+03 2.047600e+03 
1.942929e-01 2.307367e+03 1.989419e+03 
1.973131e-01 2.274349e+03 1.933532e+03 
2.003333e-01 2.233886e+03 1.879823e+03 
2.033535e-01 2.185612e+03 1.828184e+03 
2.063737e-01 2.130017e+03 1.778515e+03 
2.093939e-01 2.068360e+03 1.730720e+03 
2.124141e-01 2.002254e+03 1.684709e+03 
2.154343e-01 1.933591e+03 1.640397e+03 
2.184545e-01 1.864349e+03 1.597705e+03 
2.214747e-01 1.796547e+03 1.556557e+03 
2.244949e-01 1.732081e+03 1.516882e+03 
2.275152e-01 1.672634e+03 1.478614e+03 
2.305354e-01 1.619286e+03 1.441688e+03 
2.335556e-01 1.572673e+03 1.406045e+03 
2.365758e-01 1.532870e+03 1.371628e+03 
2.395960e-01 1.499511e+03 1.338383e+03 
2.426162e-01 1.471870e+03 1.306260e+03 
2.456364e-01 1.448980e+03 1.275210e+03 
2.486566e-01 1.429734e+03 1.245188e+03 
2.516768e-01 1.412876e+03 1.216150e+03 
2.546970e-01 1.397125e+03 1.188054e+03 
2.577172e-01 1.381222e+03 1.160863e+03 
2.607374e-01 1.364136e+03 1.134539e+03 
2.637576e-01 1.345065e+03 1.109047e+03 
2.667778e-01 1.323582e+03 1.084352e+03 
2.697980e-01 1.299524e+03 1.060424e+03 
2.728182e-01 1.273077e+03 1.037232e+03 
2.758384e-01 1.244606e+03 1.014747e+03 
2.788586e-01 1.214638e+03 9.929418e+02 
2.818788e-01 1.183786e+03 9.717897e+02 
2.848990e-01 1.152724e+03 9.512658e+02 
2.879192e-01 1.122161e+03 9.313465e+02 
2.909394e-01 1.092774e+03 9.120089e+02 
2.939596e-01 1.065140e+03 8.932314e+02 
2.969798e-01 1.039683e+03 8.749931e+02 
3.000000e-01 1.016660e+03 8.572745e+02 
