1.000000e-03 5.131421e+03 5.131372e+03 
4.020202e-03 1.691897e+04 1.705168e+04 
7.040404e-03 2.444149e+04 2.461615e+04 
1.006061e-02 2.887358e+04 2.907096e+04 
1.308081e-02 3.104094e+04 3.126725e+04 
1.610101e-02 3.153660e+04 3.171426e+04 
1.912121e-02 3.082533e+04 3.082172e+04 
2.214141e-02 2.929033e+04 2.905438e+04 
2.516162e-02 2.725608e+04 2.689069e+04 
2.818182e-02 2.498648e+04 2.469293e+04 
3.120202e-02 2.268889e+04 2.265441e+04 
3.422222e-02 2.051286e+04 2.083923e+04 
3.724242e-02 1.855458e+04 1.924443e+04 
4.026263e-02 1.686790e+04 1.784274e+04 
4.328283e-02 1.545896e+04 1.660308e+04 
4.630303e-02 1.432002e+04 1.549807e+04 
4.932323e-02 1.344448e+04 1.450550e+04 
5.234343e-02 1.277784e+04 1.360794e+04 
5.536364e-02 1.226866e+04 1.279166e+04 
5.838384e-02 1.187490e+04 1.204581e+04 
6.140404e-02 1.154680e+04 1.136164e+04 
6.442424e-02 1.124511e+04 1.073199e+04 
6.744444e-02 1.093846e+04 1.015089e+04 
7.046465e-02 1.060074e+04 9.613300e+03 
7.348485e-02 1.021501e+04 9.114911e+03 
7.650505e-02 9.774416e+03 8.651981e+03 
7.952525e-02 9.282182e+03 8.221248e+03 
8.254545e-02 8.751090e+03 7.819837e+03 
8.556566e-02 8.199092e+03 7.445202e+03 
8.858586e-02 7.646378e+03 7.095077e+03 
9.160606e-02 7.112951e+03 6.767433e+03 
9.462626e-02 6.615756e+03 6.460449e+03 
9.764646e-02 6.168565e+03 6.172485e+03 
1.006667e-01 5.780449e+03 5.902058e+03 
1.036869e-01 5.455585e+03 5.647828e+03 
1.067071e-01 5.193606e+03 5.408575e+03 
1.097273e-01 4.989883e+03 5.183192e+03 
1.127475e-01 4.837163e+03 4.970670e+03 
1.157677e-01 4.725624e+03 4.770087e+03 
1.187879e-01 4.644451e+03 4.580601e+03 
1.218081e-01 4.582147e+03 4.401441e+03 
1.248283e-01 4.527512e+03 4.231900e+03 
1.278485e-01 4.469984e+03 4.071329e+03 
1.308687e-01 4.401301e+03 3.919131e+03 
1.338889e-01 4.315256e+03 3.774756e+03 
1.369091e-01 4.209021e+03 3.637699e+03 
1.399293e-01 4.082090e+03 3.507493e+03 
1.429495e-01 3.936411e+03 3.383706e+03 
1.459697e-01 3.775601e+03 3.265939e+03 
1.489899e-01 3.604496e+03 3.153823e+03 
1.520101e-01 3.428987e+03 3.047016e+03 
1.550303e-01 3.255375e+03 2.945200e+03 
1.580505e-01 3.090065e+03 2.848082e+03 
1.610707e-01 2.938429e+03 2.755387e+03 
1.640909e-01 2.804417e+03 2.666861e+03 
1.671111e-01 2.689858e+03 2.582267e+03 
1.701313e-01 2.595041e+03 2.501383e+03 
1.731515e-01 2.518650e+03 2.424005e+03 
1.761717e-01 2.458666e+03 2.349938e+03 
1.791919e-01 2.412517e+03 2.279005e+03 
1.822121e-01 2.377300e+03 2.211038e+03 
1.852323e-01 2.349814e+03 2.145878e+03 
1.882525e-01 2.326505e+03 2.083379e+03 
1.912727e-01 2.303724e+03 2.023403e+03 
1.942929e-01 2.278107e+03 1.965822e+03 
1.973131e-01 2.246937e+03 1.910513e+03 
2.003333e-01 2.208551e+03 1.857363e+03 
2.033535e-01 2.162375e+03 1.806265e+03 
2.063737e-01 2.108777e+03 1.757119e+03 
2.093939e-01 2.048905e+03 1.709829e+03 
2.124141e-01 1.984304e+03 1.664306e+03 
2.154343e-01 1.916780e+03 1.620467e+03 
2.184545e-01 1.848274e+03 1.578233e+03 
2.214747e-01 1.780840e+03 1.537528e+03 
2.244949e-01 1.716384e+03 1.498282e+03 
2.275152e-01 1.656612e+03 1.460430e+03 
2.305354e-01 1.602720e+03 1.423907e+03 
2.335556e-01 1.555474e+03 1.388654e+03 
2.365758e-01 1.514981e+03 1.354615e+03 
2.395960e-01 1.480962e+03 1.321737e+03 
2.426162e-01 1.452771e+03 1.289970e+03 
2.456364e-01 1.429507e+03 1.259265e+03 
2.486566e-01 1.410089e+03 1.229578e+03 
2.516768e-01 1.393296e+03 1.200865e+03 
2.546970e-01 1.377865e+03 1.173085e+03 
2.577172e-01 1.362534e+03 1.146201e+03 
2.607374e-01 1.346215e+03 1.120175e+03 
2.637576e-01 1.328043e+03 1.094972e+03 
2.667778e-01 1.307528e+03 1.070559e+03 
2.697980e-01 1.284459e+03 1.046904e+03 
2.728182e-01 1.258959e+03 1.023978e+03 
2.758384e-01 1.231338e+03 1.001751e+03 
2.788586e-01 1.202095e+03 9.801970e+02 
2.818788e-01 1.171817e+03 9.592895e+02 
2.848990e-01 1.141153e+03 9.390036e+02 
2.879192e-01 1.110806e+03 9.193160e+02 
2.909394e-01 1.081471e+03 9.002039e+02 
2.939596e-01 1.053747e+03 8.816460e+02 
2.969798e-01 1.028105e+03 8.636216e+02 
3.000000e-01 1.004829e+03 8.461113e+02 
