1.000000e-03 3.688843e+03 3.688809e+03 
4.020202e-03 1.256046e+04 1.265754e+04 
7.040404e-03 1.855980e+04 1.869107e+04 
1.006061e-02 2.235407e+04 2.249726e+04 
1.308081e-02 2.446563e+04 2.462512e+04 
1.610101e-02 2.529069e+04 2.541849e+04 
1.912121e-02 2.514926e+04 2.515224e+04 
2.214141e-02 2.431443e+04 2.414107e+04 
2.516162e-02 2.302131e+04 2.272699e+04 
2.818182e-02 2.146934e+04 2.119136e+04 
3.120202e-02 1.982028e+04 1.970369e+04 
3.422222e-02 1.819774e+04 1.833663e+04 
3.724242e-02 1.668759e+04 1.710602e+04 
4.026263e-02 1.534502e+04 1.600293e+04 
4.328283e-02 1.419106e+04 1.501110e+04 
4.630303e-02 1.322562e+04 1.411421e+04 
4.932323e-02 1.245388e+04 1.329829e+04 
5.234343e-02 1.184962e+04 1.255196e+04 
5.536364e-02 1.137242e+04 1.186613e+04 
5.838384e-02 1.099075e+04 1.123346e+04 
6.140404e-02 1.067615e+04 1.064798e+04 
6.442424e-02 1.039858e+04 1.010474e+04 
6.744444e-02 1.012728e+04 9.599565e+03 
7.046465e-02 9.839649e+03 9.128896e+03 
7.348485e-02 9.519953e+03 8.689638e+03 
7.650505e-02 9.159766e+03 8.279079e+03 
7.952525e-02 8.759476e+03 7.894822e+03 
8.254545e-02 8.326318e+03 7.534732e+03 
8.556566e-02 7.871823e+03 7.196893e+03 
8.858586e-02 7.409778e+03 6.879581e+03 
9.160606e-02 6.954131e+03 6.581236e+03 
9.462626e-02 6.517994e+03 6.300445e+03 
9.764646e-02 6.113373e+03 6.035919e+03 
1.006667e-01 5.749586e+03 5.786486e+03 
1.036869e-01 5.433578e+03 5.551074e+03 
1.067071e-01 5.168019e+03 5.328700e+03 
1.097273e-01 4.952503e+03 5.118467e+03 
1.127475e-01 4.782409e+03 4.919547e+03 
1.157677e-01 4.651065e+03 4.731182e+03 
1.187879e-01 4.550062e+03 4.552673e+03 
1.218081e-01 4.470679e+03 4.383376e+03 
1.248283e-01 4.404180e+03 4.222698e+03 
1.278485e-01 4.342502e+03 4.070089e+03 
1.308687e-01 4.278275e+03 3.925042e+03 
1.338889e-01 4.205409e+03 3.787089e+03 
1.369091e-01 4.119370e+03 3.655794e+03 
1.399293e-01 4.017566e+03 3.530754e+03 
1.429495e-01 3.899688e+03 3.411595e+03 
1.459697e-01 3.767225e+03 3.297970e+03 
1.489899e-01 3.623423e+03 3.189555e+03 
1.520101e-01 3.472380e+03 3.086051e+03 
1.550303e-01 3.318826e+03 2.987177e+03 
1.580505e-01 3.167533e+03 2.892673e+03 
1.610707e-01 3.023120e+03 2.802294e+03 
1.640909e-01 2.889439e+03 2.715814e+03 
1.671111e-01 2.769545e+03 2.633022e+03 
1.701313e-01 2.665103e+03 2.553717e+03 
1.731515e-01 2.576792e+03 2.477715e+03 
1.761717e-01 2.503890e+03 2.404842e+03 
1.791919e-01 2.444975e+03 2.334936e+03 
1.822121e-01 2.397920e+03 2.267842e+03 
1.852323e-01 2.360266e+03 2.203419e+03 
1.882525e-01 2.329297e+03 2.141532e+03 
1.912727e-01 2.302174e+03 2.082053e+03 
1.942929e-01 2.276071e+03 2.024866e+03 
1.973131e-01 2.248439e+03 1.969856e+03 
2.003333e-01 2.217126e+03 1.916921e+03 
2.033535e-01 2.180639e+03 1.865959e+03 
2.063737e-01 2.138209e+03 1.816879e+03 
2.093939e-01 2.089806e+03 1.769591e+03 
2.124141e-01 2.036072e+03 1.724013e+03 
2.154343e-01 1.978084e+03 1.680066e+03 
2.184545e-01 1.917287e+03 1.637676e+03 
2.214747e-01 1.855271e+03 1.596773e+03 
2.244949e-01 1.793724e+03 1.557290e+03 
2.275152e-01 1.734218e+03 1.519166e+03 
2.305354e-01 1.678151e+03 1.482339e+03 
2.335556e-01 1.626582e+03 1.446755e+03 
2.365758e-01 1.580273e+03 1.412360e+03 
2.395960e-01 1.539500e+03 1.379104e+03 
2.426162e-01 1.504243e+03 1.346937e+03 
2.456364e-01 1.474122e+03 1.315816e+03 
2.486566e-01 1.448562e+03 1.285696e+03 
2.516768e-01 1.426792e+03 1.256536e+03 
2.546970e-01 1.407890e+03 1.228298e+03 
2.577172e-01 1.390826e+03 1.200945e+03 
2.607374e-01 1.374545e+03 1.174441e+03 
2.637576e-01 1.358042e+03 1.148752e+03 
2.667778e-01 1.340498e+03 1.123846e+03 
2.697980e-01 1.321313e+03 1.099694e+03 
2.728182e-01 1.300177e+03 1.076266e+03 
2.758384e-01 1.277043e+03 1.053533e+03 
2.788586e-01 1.252067e+03 1.031471e+03 
2.818788e-01 1.225547e+03 1.010054e+03 
2.848990e-01 1.197868e+03 9.892566e+02 
2.879192e-01 1.169522e+03 9.690572e+02 
2.909394e-01 1.141044e+03 9.494336e+02 
2.939596e-01 1.112992e+03 9.303648e+02 
2.969798e-01 1.085909e+03 9.118306e+02 
3.000000e-01 1.060299e+03 8.938121e+02 
