1.000000e-03 5.608442e+03 5.608383e+03 
4.020202e-03 1.885638e+04 1.900238e+04 
7.040404e-03 2.776543e+04 2.798244e+04 
1.006061e-02 3.335188e+04 3.364761e+04 
1.308081e-02 3.637074e+04 3.679600e+04 
1.610101e-02 3.739163e+04 3.788592e+04 
1.912121e-02 3.688516e+04 3.724043e+04 
2.214141e-02 3.526179e+04 3.525723e+04 
2.516162e-02 3.288878e+04 3.246572e+04 
2.818182e-02 3.008681e+04 2.940168e+04 
3.120202e-02 2.712394e+04 2.645333e+04 
3.422222e-02 2.420974e+04 2.381546e+04 
3.724242e-02 2.149545e+04 2.153848e+04 
4.026263e-02 1.907897e+04 1.959790e+04 
4.328283e-02 1.700205e+04 1.794302e+04 
4.630303e-02 1.527833e+04 1.652142e+04 
4.932323e-02 1.390606e+04 1.528793e+04 
5.234343e-02 1.285038e+04 1.420643e+04 
5.536364e-02 1.206272e+04 1.324891e+04 
5.838384e-02 1.149272e+04 1.239382e+04 
6.140404e-02 1.109460e+04 1.162451e+04 
6.442424e-02 1.082104e+04 1.092800e+04 
6.744444e-02 1.062463e+04 1.029401e+04 
7.046465e-02 1.046052e+04 9.714316e+03 
7.348485e-02 1.029019e+04 9.182196e+03 
7.650505e-02 1.008264e+04 8.692112e+03 
7.952525e-02 9.815937e+03 8.239425e+03 
8.254545e-02 9.478892e+03 7.820206e+03 
8.556566e-02 9.070805e+03 7.431092e+03 
8.858586e-02 8.599397e+03 7.069178e+03 
9.160606e-02 8.079125e+03 6.731932e+03 
9.462626e-02 7.529141e+03 6.417137e+03 
9.764646e-02 6.970423e+03 6.122834e+03 
1.006667e-01 6.425083e+03 5.847283e+03 
1.036869e-01 5.912616e+03 5.588937e+03 
1.067071e-01 5.449603e+03 5.346409e+03 
1.097273e-01 5.046681e+03 5.118451e+03 
1.127475e-01 4.710052e+03 4.903942e+03 
1.157677e-01 4.439929e+03 4.701865e+03 
1.187879e-01 4.233239e+03 4.511299e+03 
1.218081e-01 4.084036e+03 4.331409e+03 
1.248283e-01 3.984645e+03 4.161432e+03 
1.278485e-01 3.926251e+03 4.000673e+03 
1.308687e-01 3.898959e+03 3.848496e+03 
1.338889e-01 3.892283e+03 3.704319e+03 
1.369091e-01 3.895219e+03 3.567607e+03 
1.399293e-01 3.897173e+03 3.437871e+03 
1.429495e-01 3.888274e+03 3.314657e+03 
1.459697e-01 3.860866e+03 3.197551e+03 
1.489899e-01 3.809179e+03 3.086167e+03 
1.520101e-01 3.730467e+03 2.980151e+03 
1.550303e-01 3.624329e+03 2.879175e+03 
1.580505e-01 3.493122e+03 2.782934e+03 
1.610707e-01 3.341270e+03 2.691148e+03 
1.640909e-01 3.174786e+03 2.603553e+03 
1.671111e-01 3.000896e+03 2.519908e+03 
1.701313e-01 2.827016e+03 2.439987e+03 
1.731515e-01 2.659907e+03 2.363578e+03 
1.761717e-01 2.505250e+03 2.290486e+03 
1.791919e-01 2.367345e+03 2.220528e+03 
1.822121e-01 2.248777e+03 2.153533e+03 
1.852323e-01 2.150840e+03 2.089342e+03 
1.882525e-01 2.073501e+03 2.027806e+03 
1.912727e-01 2.015915e+03 1.968786e+03 
1.942929e-01 1.976293e+03 1.912149e+03 
1.973131e-01 1.952161e+03 1.857775e+03 
2.003333e-01 1.940404e+03 1.805548e+03 
2.033535e-01 1.937424e+03 1.755361e+03 
2.063737e-01 1.939381e+03 1.707112e+03 
2.093939e-01 1.942406e+03 1.660705e+03 
2.124141e-01 1.942891e+03 1.616052e+03 
2.154343e-01 1.937735e+03 1.573068e+03 
2.184545e-01 1.924547e+03 1.531673e+03 
2.214747e-01 1.901658e+03 1.491793e+03 
2.244949e-01 1.868433e+03 1.453358e+03 
2.275152e-01 1.824988e+03 1.416300e+03 
2.305354e-01 1.772422e+03 1.380556e+03 
2.335556e-01 1.712428e+03 1.346068e+03 
2.365758e-01 1.647288e+03 1.312779e+03 
2.395960e-01 1.579489e+03 1.280636e+03 
2.426162e-01 1.511585e+03 1.249588e+03 
2.456364e-01 1.445881e+03 1.219589e+03 
2.486566e-01 1.384422e+03 1.190592e+03 
2.516768e-01 1.328810e+03 1.162556e+03 
2.546970e-01 1.280209e+03 1.135439e+03 
2.577172e-01 1.239290e+03 1.109203e+03 
2.607374e-01 1.206217e+03 1.083812e+03 
2.637576e-01 1.180762e+03 1.059231e+03 
2.667778e-01 1.162198e+03 1.035427e+03 
2.697980e-01 1.149535e+03 1.012368e+03 
2.728182e-01 1.141517e+03 9.900252e+02 
2.758384e-01 1.136780e+03 9.683697e+02 
2.788586e-01 1.133893e+03 9.473746e+02 
2.818788e-01 1.131477e+03 9.270142e+02 
2.848990e-01 1.128230e+03 9.072640e+02 
2.879192e-01 1.123024e+03 8.881005e+02 
2.909394e-01 1.114908e+03 8.695016e+02 
2.939596e-01 1.103184e+03 8.514460e+02 
2.969798e-01 1.087506e+03 8.339133e+02 
3.000000e-01 1.067852e+03 8.168843e+02 
