1.000000e-03 3.881296e+03 3.881256e+03 
4.020202e-03 1.294288e+04 1.304300e+04 
7.040404e-03 1.884189e+04 1.896481e+04 
1.006061e-02 2.242185e+04 2.253352e+04 
1.308081e-02 2.429765e+04 2.438868e+04 
1.610101e-02 2.491437e+04 2.493425e+04 
1.912121e-02 2.461982e+04 2.450244e+04 
2.214141e-02 2.369835e+04 2.344554e+04 
2.516162e-02 2.238576e+04 2.209507e+04 
2.818182e-02 2.087517e+04 2.068495e+04 
3.120202e-02 1.931607e+04 1.933648e+04 
3.422222e-02 1.781737e+04 1.809347e+04 
3.724242e-02 1.644972e+04 1.696141e+04 
4.026263e-02 1.525372e+04 1.593147e+04 
4.328283e-02 1.423924e+04 1.499152e+04 
4.630303e-02 1.339664e+04 1.413016e+04 
4.932323e-02 1.272297e+04 1.333771e+04 
5.234343e-02 1.218510e+04 1.260622e+04 
5.536364e-02 1.173893e+04 1.192911e+04 
5.838384e-02 1.135851e+04 1.130091e+04 
6.140404e-02 1.101207e+04 1.071698e+04 
6.442424e-02 1.067090e+04 1.017330e+04 
6.744444e-02 1.031594e+04 9.666370e+03 
7.046465e-02 9.933733e+03 9.193095e+03 
7.348485e-02 9.518372e+03 8.750711e+03 
7.650505e-02 9.071683e+03 8.336739e+03 
7.952525e-02 8.602066e+03 7.948943e+03 
8.254545e-02 8.122144e+03 7.585298e+03 
8.556566e-02 7.646205e+03 7.243963e+03 
8.858586e-02 7.187912e+03 6.923265e+03 
9.160606e-02 6.759246e+03 6.621674e+03 
9.462626e-02 6.369828e+03 6.337794e+03 
9.764646e-02 6.026870e+03 6.070349e+03 
1.006667e-01 5.733646e+03 5.818167e+03 
1.036869e-01 5.490168e+03 5.580177e+03 
1.067071e-01 5.292306e+03 5.355391e+03 
1.097273e-01 5.133624e+03 5.142905e+03 
1.127475e-01 5.005272e+03 4.941886e+03 
1.157677e-01 4.898070e+03 4.751566e+03 
1.187879e-01 4.803089e+03 4.571240e+03 
1.218081e-01 4.712151e+03 4.400253e+03 
1.248283e-01 4.617957e+03 4.238005e+03 
1.278485e-01 4.515159e+03 4.083938e+03 
1.308687e-01 4.399975e+03 3.937538e+03 
1.338889e-01 4.271255e+03 3.798329e+03 
1.369091e-01 4.129591e+03 3.665868e+03 
1.399293e-01 3.977862e+03 3.539747e+03 
1.429495e-01 3.819783e+03 3.419584e+03 
1.459697e-01 3.659691e+03 3.305028e+03 
1.489899e-01 3.501840e+03 3.195750e+03 
1.520101e-01 3.350319e+03 3.091445e+03 
1.550303e-01 3.208713e+03 2.991827e+03 
1.580505e-01 3.080085e+03 2.896633e+03 
1.610707e-01 2.966466e+03 2.805614e+03 
1.640909e-01 2.868770e+03 2.718541e+03 
1.671111e-01 2.786425e+03 2.635197e+03 
1.701313e-01 2.717747e+03 2.555381e+03 
1.731515e-01 2.660193e+03 2.478905e+03 
1.761717e-01 2.610987e+03 2.405593e+03 
1.791919e-01 2.567317e+03 2.335278e+03 
1.822121e-01 2.526626e+03 2.267806e+03 
1.852323e-01 2.486535e+03 2.203032e+03 
1.882525e-01 2.444928e+03 2.140820e+03 
1.912727e-01 2.400098e+03 2.081040e+03 
1.942929e-01 2.350832e+03 2.023573e+03 
1.973131e-01 2.296718e+03 1.968305e+03 
2.003333e-01 2.237967e+03 1.915130e+03 
2.033535e-01 2.175595e+03 1.863948e+03 
2.063737e-01 2.110968e+03 1.814662e+03 
2.093939e-01 2.045709e+03 1.767185e+03 
2.124141e-01 1.981365e+03 1.721433e+03 
2.154343e-01 1.919292e+03 1.677324e+03 
2.184545e-01 1.860612e+03 1.634786e+03 
2.214747e-01 1.806222e+03 1.593746e+03 
2.244949e-01 1.756655e+03 1.554137e+03 
2.275152e-01 1.712195e+03 1.515897e+03 
2.305354e-01 1.672778e+03 1.478965e+03 
2.335556e-01 1.638079e+03 1.443284e+03 
2.365758e-01 1.607423e+03 1.408800e+03 
2.395960e-01 1.580011e+03 1.375462e+03 
2.426162e-01 1.554945e+03 1.343222e+03 
2.456364e-01 1.531285e+03 1.312033e+03 
2.486566e-01 1.508103e+03 1.281853e+03 
2.516768e-01 1.484641e+03 1.252639e+03 
2.546970e-01 1.460287e+03 1.224352e+03 
2.577172e-01 1.434675e+03 1.196954e+03 
2.607374e-01 1.407647e+03 1.170411e+03 
2.637576e-01 1.379294e+03 1.144687e+03 
2.667778e-01 1.349869e+03 1.119752e+03 
2.697980e-01 1.319749e+03 1.095573e+03 
2.728182e-01 1.289369e+03 1.072122e+03 
2.758384e-01 1.259190e+03 1.049370e+03 
2.788586e-01 1.229670e+03 1.027292e+03 
2.818788e-01 1.201226e+03 1.005861e+03 
2.848990e-01 1.174203e+03 9.850539e+02 
2.879192e-01 1.148847e+03 9.648469e+02 
2.909394e-01 1.125299e+03 9.452182e+02 
2.939596e-01 1.103569e+03 9.261465e+02 
2.969798e-01 1.083578e+03 9.076117e+02 
3.000000e-01 1.065134e+03 8.895944e+02 
