1.000000e-03 2.535893e+03 2.535865e+03 
4.020202e-03 8.470187e+03 8.536153e+03 
7.040404e-03 1.240251e+04 1.247163e+04 
1.006061e-02 1.488639e+04 1.490748e+04 
1.308081e-02 1.632697e+04 1.627633e+04 
1.610101e-02 1.701109e+04 1.687413e+04 
1.912121e-02 1.715313e+04 1.693293e+04 
2.214141e-02 1.691786e+04 1.665096e+04 
2.516162e-02 1.643586e+04 1.617936e+04 
2.818182e-02 1.580850e+04 1.561426e+04 
3.120202e-02 1.511319e+04 1.500924e+04 
3.422222e-02 1.440520e+04 1.439279e+04 
3.724242e-02 1.372116e+04 1.378039e+04 
4.026263e-02 1.308262e+04 1.318087e+04 
4.328283e-02 1.249818e+04 1.259951e+04 
4.630303e-02 1.196496e+04 1.203946e+04 
4.932323e-02 1.148315e+04 1.150252e+04 
5.234343e-02 1.104512e+04 1.098957e+04 
5.536364e-02 1.062954e+04 1.050083e+04 
5.838384e-02 1.022900e+04 1.003610e+04 
6.140404e-02 9.842004e+03 9.594836e+03 
6.442424e-02 9.460783e+03 9.176307e+03 
6.744444e-02 9.080390e+03 8.779628e+03 
7.046465e-02 8.700197e+03 8.403838e+03 
7.348485e-02 8.322817e+03 8.047931e+03 
7.650505e-02 7.952956e+03 7.710889e+03 
7.952525e-02 7.596987e+03 7.391701e+03 
8.254545e-02 7.260322e+03 7.089377e+03 
8.556566e-02 6.946793e+03 6.802959e+03 
8.858586e-02 6.657499e+03 6.531530e+03 
9.160606e-02 6.392314e+03 6.274211e+03 
9.462626e-02 6.150378e+03 6.030172e+03 
9.764646e-02 5.930759e+03 5.798626e+03 
1.006667e-01 5.731969e+03 5.578830e+03 
1.036869e-01 5.551515e+03 5.370086e+03 
1.067071e-01 5.385472e+03 5.171739e+03 
1.097273e-01 5.229202e+03 4.983173e+03 
1.127475e-01 5.078570e+03 4.803812e+03 
1.157677e-01 4.929926e+03 4.633116e+03 
1.187879e-01 4.781554e+03 4.470580e+03 
1.218081e-01 4.632845e+03 4.315731e+03 
1.248283e-01 4.484361e+03 4.168127e+03 
1.278485e-01 4.337240e+03 4.027354e+03 
1.308687e-01 4.192750e+03 3.893025e+03 
1.338889e-01 4.052219e+03 3.764779e+03 
1.369091e-01 3.916950e+03 3.642276e+03 
1.399293e-01 3.788164e+03 3.525199e+03 
1.429495e-01 3.666572e+03 3.413251e+03 
1.459697e-01 3.552620e+03 3.306154e+03 
1.489899e-01 3.446381e+03 3.203647e+03 
1.520101e-01 3.347728e+03 3.105485e+03 
1.550303e-01 3.256179e+03 3.011441e+03 
1.580505e-01 3.171070e+03 2.921298e+03 
1.610707e-01 3.091441e+03 2.834854e+03 
1.640909e-01 3.016203e+03 2.751921e+03 
1.671111e-01 2.944144e+03 2.672319e+03 
1.701313e-01 2.874093e+03 2.595881e+03 
1.731515e-01 2.805301e+03 2.522450e+03 
1.761717e-01 2.737247e+03 2.451877e+03 
1.791919e-01 2.669891e+03 2.384023e+03 
1.822121e-01 2.603335e+03 2.318756e+03 
1.852323e-01 2.537709e+03 2.255952e+03 
1.882525e-01 2.473175e+03 2.195494e+03 
1.912727e-01 2.410000e+03 2.137272e+03 
1.942929e-01 2.348498e+03 2.081181e+03 
1.973131e-01 2.289051e+03 2.027124e+03 
2.003333e-01 2.232028e+03 1.975007e+03 
2.033535e-01 2.177678e+03 1.924743e+03 
2.063737e-01 2.126136e+03 1.876247e+03 
2.093939e-01 2.077232e+03 1.829443e+03 
2.124141e-01 2.030722e+03 1.784254e+03 
2.154343e-01 1.986333e+03 1.740611e+03 
2.184545e-01 1.943800e+03 1.698446e+03 
2.214747e-01 1.902916e+03 1.657697e+03 
2.244949e-01 1.863470e+03 1.618303e+03 
2.275152e-01 1.825216e+03 1.580207e+03 
2.305354e-01 1.787918e+03 1.543354e+03 
2.335556e-01 1.751388e+03 1.507694e+03 
2.365758e-01 1.715489e+03 1.473177e+03 
2.395960e-01 1.680218e+03 1.439757e+03 
2.426162e-01 1.645605e+03 1.407390e+03 
2.456364e-01 1.611723e+03 1.376034e+03 
2.486566e-01 1.578633e+03 1.345647e+03 
2.516768e-01 1.546361e+03 1.316194e+03 
2.546970e-01 1.514928e+03 1.287636e+03 
2.577172e-01 1.484366e+03 1.259939e+03 
2.607374e-01 1.454720e+03 1.233071e+03 
2.637576e-01 1.426066e+03 1.207000e+03 
2.667778e-01 1.398451e+03 1.181695e+03 
2.697980e-01 1.371844e+03 1.157129e+03 
2.728182e-01 1.346182e+03 1.133273e+03 
2.758384e-01 1.321360e+03 1.110102e+03 
2.788586e-01 1.297269e+03 1.087590e+03 
2.818788e-01 1.273814e+03 1.065713e+03 
2.848990e-01 1.250929e+03 1.044450e+03 
2.879192e-01 1.228602e+03 1.023777e+03 
2.909394e-01 1.206816e+03 1.003675e+03 
2.939596e-01 1.185538e+03 9.841221e+02 
2.969798e-01 1.164734e+03 9.651001e+02 
3.000000e-01 1.144369e+03 9.465905e+02 
