1.000000e-03 2.605010e+03 2.604980e+03 
4.020202e-03 8.691771e+03 8.758579e+03 
7.040404e-03 1.277291e+04 1.284869e+04 
1.006061e-02 1.538359e+04 1.542398e+04 
1.308081e-02 1.691295e+04 1.689870e+04 
1.610101e-02 1.764201e+04 1.755201e+04 
1.912121e-02 1.778499e+04 1.760681e+04 
2.214141e-02 1.751356e+04 1.727043e+04 
2.516162e-02 1.696617e+04 1.671785e+04 
2.818182e-02 1.625495e+04 1.606809e+04 
3.120202e-02 1.546711e+04 1.538769e+04 
3.422222e-02 1.466763e+04 1.470925e+04 
3.724242e-02 1.390080e+04 1.404766e+04 
4.026263e-02 1.319530e+04 1.340955e+04 
4.328283e-02 1.255661e+04 1.279785e+04 
4.630303e-02 1.198962e+04 1.221371e+04 
4.932323e-02 1.150221e+04 1.165737e+04 
5.234343e-02 1.107283e+04 1.112858e+04 
5.536364e-02 1.067964e+04 1.062669e+04 
5.838384e-02 1.030960e+04 1.015089e+04 
6.140404e-02 9.955534e+03 9.700185e+03 
6.442424e-02 9.609162e+03 9.273494e+03 
6.744444e-02 9.259643e+03 8.869684e+03 
7.046465e-02 8.901741e+03 8.487604e+03 
7.348485e-02 8.534656e+03 8.126100e+03 
7.650505e-02 8.161602e+03 7.784041e+03 
7.952525e-02 7.789363e+03 7.460325e+03 
8.254545e-02 7.426048e+03 7.153892e+03 
8.556566e-02 7.079295e+03 6.863727e+03 
8.858586e-02 6.754348e+03 6.588865e+03 
9.160606e-02 6.454466e+03 6.328391e+03 
9.462626e-02 6.181202e+03 6.081440e+03 
9.764646e-02 5.935201e+03 5.847199e+03 
1.006667e-01 5.716284e+03 5.624904e+03 
1.036869e-01 5.523256e+03 5.413835e+03 
1.067071e-01 5.353674e+03 5.213320e+03 
1.097273e-01 5.202878e+03 5.022731e+03 
1.127475e-01 5.065588e+03 4.841477e+03 
1.157677e-01 4.936003e+03 4.669007e+03 
1.187879e-01 4.809247e+03 4.504807e+03 
1.218081e-01 4.681788e+03 4.348394e+03 
1.248283e-01 4.551550e+03 4.199318e+03 
1.278485e-01 4.417943e+03 4.057159e+03 
1.308687e-01 4.281333e+03 3.921523e+03 
1.338889e-01 4.142870e+03 3.792043e+03 
1.369091e-01 4.004130e+03 3.668374e+03 
1.399293e-01 3.866964e+03 3.550194e+03 
1.429495e-01 3.733257e+03 3.437203e+03 
1.459697e-01 3.604853e+03 3.329117e+03 
1.489899e-01 3.483208e+03 3.225672e+03 
1.520101e-01 3.369524e+03 3.126622e+03 
1.550303e-01 3.264501e+03 3.031733e+03 
1.580505e-01 3.168538e+03 2.940787e+03 
1.610707e-01 3.081486e+03 2.853581e+03 
1.640909e-01 3.002810e+03 2.769921e+03 
1.671111e-01 2.931201e+03 2.689628e+03 
1.701313e-01 2.865127e+03 2.612532e+03 
1.731515e-01 2.802887e+03 2.538474e+03 
1.761717e-01 2.742940e+03 2.467303e+03 
1.791919e-01 2.684123e+03 2.398878e+03 
1.822121e-01 2.625569e+03 2.333066e+03 
1.852323e-01 2.566817e+03 2.269742e+03 
1.882525e-01 2.507571e+03 2.208786e+03 
1.912727e-01 2.447707e+03 2.150089e+03 
1.942929e-01 2.387315e+03 2.093544e+03 
1.973131e-01 2.326699e+03 2.039052e+03 
2.003333e-01 2.266385e+03 1.986518e+03 
2.033535e-01 2.207077e+03 1.935855e+03 
2.063737e-01 2.149518e+03 1.886977e+03 
2.093939e-01 2.094434e+03 1.839806e+03 
2.124141e-01 2.042209e+03 1.794267e+03 
2.154343e-01 1.993015e+03 1.750287e+03 
2.184545e-01 1.946792e+03 1.707799e+03 
2.214747e-01 1.903378e+03 1.666739e+03 
2.244949e-01 1.862584e+03 1.627047e+03 
2.275152e-01 1.824190e+03 1.588664e+03 
2.305354e-01 1.787893e+03 1.551537e+03 
2.335556e-01 1.753341e+03 1.515612e+03 
2.365758e-01 1.720096e+03 1.480841e+03 
2.395960e-01 1.687735e+03 1.447177e+03 
2.426162e-01 1.655913e+03 1.414574e+03 
2.456364e-01 1.624370e+03 1.382991e+03 
2.486566e-01 1.592988e+03 1.352387e+03 
2.516768e-01 1.561727e+03 1.322723e+03 
2.546970e-01 1.530637e+03 1.293963e+03 
2.577172e-01 1.499791e+03 1.266071e+03 
2.607374e-01 1.469279e+03 1.239015e+03 
2.637576e-01 1.439225e+03 1.212763e+03 
2.667778e-01 1.409787e+03 1.187283e+03 
2.697980e-01 1.381135e+03 1.162548e+03 
2.728182e-01 1.353436e+03 1.138530e+03 
2.758384e-01 1.326798e+03 1.115201e+03 
2.788586e-01 1.301280e+03 1.092538e+03 
2.818788e-01 1.276865e+03 1.070515e+03 
2.848990e-01 1.253492e+03 1.049111e+03 
2.879192e-01 1.231067e+03 1.028301e+03 
2.909394e-01 1.209484e+03 1.008067e+03 
2.939596e-01 1.188634e+03 9.883865e+02 
2.969798e-01 1.168414e+03 9.692412e+02 
3.000000e-01 1.148735e+03 9.506124e+02 
