1.000000e-03 3.164385e+03 3.164354e+03 
4.020202e-03 1.060826e+04 1.069021e+04 
7.040404e-03 1.552233e+04 1.561868e+04 
1.006061e-02 1.857200e+04 1.864300e+04 
1.308081e-02 2.025113e+04 2.028167e+04 
1.610101e-02 2.091817e+04 2.087423e+04 
1.912121e-02 2.084982e+04 2.069857e+04 
2.214141e-02 2.027069e+04 2.003203e+04 
2.516162e-02 1.936564e+04 1.912030e+04 
2.818182e-02 1.828380e+04 1.813107e+04 
3.120202e-02 1.714121e+04 1.715256e+04 
3.422222e-02 1.602281e+04 1.622100e+04 
3.724242e-02 1.498464e+04 1.534689e+04 
4.026263e-02 1.405902e+04 1.453029e+04 
4.328283e-02 1.325834e+04 1.376785e+04 
4.630303e-02 1.257547e+04 1.305550e+04 
4.932323e-02 1.200372e+04 1.238934e+04 
5.234343e-02 1.152788e+04 1.176583e+04 
5.536364e-02 1.111271e+04 1.118182e+04 
5.838384e-02 1.073697e+04 1.063445e+04 
6.140404e-02 1.038410e+04 1.012111e+04 
6.442424e-02 1.003319e+04 9.639430e+03 
6.744444e-02 9.671100e+03 9.187191e+03 
7.046465e-02 9.290727e+03 8.762350e+03 
7.348485e-02 8.890043e+03 8.363012e+03 
7.650505e-02 8.473319e+03 7.987413e+03 
7.952525e-02 8.048989e+03 7.633918e+03 
8.254545e-02 7.627880e+03 7.301008e+03 
8.556566e-02 7.220248e+03 6.987276e+03 
8.858586e-02 6.834880e+03 6.691416e+03 
9.160606e-02 6.478842e+03 6.412216e+03 
9.462626e-02 6.157351e+03 6.148557e+03 
9.764646e-02 5.873598e+03 5.899399e+03 
1.006667e-01 5.629091e+03 5.663782e+03 
1.036869e-01 5.422085e+03 5.440813e+03 
1.067071e-01 5.248657e+03 5.229668e+03 
1.097273e-01 5.102002e+03 5.029583e+03 
1.127475e-01 4.974485e+03 4.839850e+03 
1.157677e-01 4.858585e+03 4.659811e+03 
1.187879e-01 4.747542e+03 4.488859e+03 
1.218081e-01 4.635963e+03 4.326428e+03 
1.248283e-01 4.519878e+03 4.171994e+03 
1.278485e-01 4.396855e+03 4.025070e+03 
1.308687e-01 4.265947e+03 3.885203e+03 
1.338889e-01 4.127423e+03 3.751973e+03 
1.369091e-01 3.983136e+03 3.624988e+03 
1.399293e-01 3.835773e+03 3.503884e+03 
1.429495e-01 3.688598e+03 3.388321e+03 
1.459697e-01 3.544889e+03 3.277983e+03 
1.489899e-01 3.407547e+03 3.172575e+03 
1.520101e-01 3.279026e+03 3.071820e+03 
1.550303e-01 3.161131e+03 2.975463e+03 
1.580505e-01 3.055019e+03 2.883262e+03 
1.610707e-01 2.961176e+03 2.794992e+03 
1.640909e-01 2.879169e+03 2.710442e+03 
1.671111e-01 2.807865e+03 2.629417e+03 
1.701313e-01 2.745283e+03 2.551731e+03 
1.731515e-01 2.689111e+03 2.477210e+03 
1.761717e-01 2.637081e+03 2.405693e+03 
1.791919e-01 2.587109e+03 2.337027e+03 
1.822121e-01 2.537532e+03 2.271069e+03 
1.852323e-01 2.487002e+03 2.207683e+03 
1.882525e-01 2.434568e+03 2.146743e+03 
1.912727e-01 2.379664e+03 2.088130e+03 
1.942929e-01 2.322115e+03 2.031732e+03 
1.973131e-01 2.262286e+03 1.977442e+03 
2.003333e-01 2.200909e+03 1.925162e+03 
2.033535e-01 2.139032e+03 1.874797e+03 
2.063737e-01 2.077798e+03 1.826257e+03 
2.093939e-01 2.018270e+03 1.779460e+03 
2.124141e-01 1.961377e+03 1.734326e+03 
2.154343e-01 1.907783e+03 1.690780e+03 
2.184545e-01 1.857940e+03 1.648751e+03 
2.214747e-01 1.812047e+03 1.608173e+03 
2.244949e-01 1.770094e+03 1.568981e+03 
2.275152e-01 1.731877e+03 1.531116e+03 
2.305354e-01 1.696949e+03 1.494520e+03 
2.335556e-01 1.664723e+03 1.459139e+03 
2.365758e-01 1.634570e+03 1.424923e+03 
2.395960e-01 1.605861e+03 1.391822e+03 
2.426162e-01 1.578011e+03 1.359791e+03 
2.456364e-01 1.550494e+03 1.328784e+03 
2.486566e-01 1.522877e+03 1.298762e+03 
2.516768e-01 1.494837e+03 1.269683e+03 
2.546970e-01 1.466181e+03 1.241510e+03 
2.577172e-01 1.436885e+03 1.214208e+03 
2.607374e-01 1.407073e+03 1.187741e+03 
2.637576e-01 1.377036e+03 1.162078e+03 
2.667778e-01 1.347140e+03 1.137187e+03 
2.697980e-01 1.317728e+03 1.113038e+03 
2.728182e-01 1.289104e+03 1.089605e+03 
2.758384e-01 1.261487e+03 1.066858e+03 
2.788586e-01 1.235042e+03 1.044773e+03 
2.818788e-01 1.209870e+03 1.023326e+03 
2.848990e-01 1.186039e+03 1.002493e+03 
2.879192e-01 1.163582e+03 9.822503e+02 
2.909394e-01 1.142456e+03 9.625780e+02 
2.939596e-01 1.122549e+03 9.434552e+02 
2.969798e-01 1.103680e+03 9.248623e+02 
3.000000e-01 1.085630e+03 9.067806e+02 
