1.000000e-03 4.433670e+03 4.433627e+03 
4.020202e-03 1.502576e+04 1.514320e+04 
7.040404e-03 2.202723e+04 2.218507e+04 
1.006061e-02 2.631302e+04 2.649191e+04 
1.308081e-02 2.855664e+04 2.876403e+04 
1.610101e-02 2.926053e+04 2.943102e+04 
1.912121e-02 2.882772e+04 2.883945e+04 
2.214141e-02 2.759828e+04 2.739055e+04 
2.516162e-02 2.586325e+04 2.551432e+04 
2.818182e-02 2.386602e+04 2.355313e+04 
3.120202e-02 2.180084e+04 2.170221e+04 
3.422222e-02 1.981199e+04 2.003580e+04 
3.724242e-02 1.799621e+04 1.856098e+04 
4.026263e-02 1.641172e+04 1.725802e+04 
4.328283e-02 1.507305e+04 1.610108e+04 
4.630303e-02 1.397699e+04 1.506628e+04 
4.932323e-02 1.312386e+04 1.413391e+04 
5.234343e-02 1.246927e+04 1.328832e+04 
5.536364e-02 1.196640e+04 1.251713e+04 
5.838384e-02 1.157990e+04 1.181057e+04 
6.140404e-02 1.126525e+04 1.116072e+04 
6.442424e-02 1.098369e+04 1.056112e+04 
6.744444e-02 1.070370e+04 1.000639e+04 
7.046465e-02 1.039921e+04 9.491981e+03 
7.348485e-02 1.005255e+04 9.013986e+03 
7.650505e-02 9.655069e+03 8.569026e+03 
7.952525e-02 9.207322e+03 8.154139e+03 
8.254545e-02 8.718654e+03 7.766714e+03 
8.556566e-02 8.203843e+03 7.404430e+03 
8.858586e-02 7.680622e+03 7.065218e+03 
9.160606e-02 7.167379e+03 6.747218e+03 
9.462626e-02 6.680796e+03 6.448759e+03 
9.764646e-02 6.235521e+03 6.168330e+03 
1.006667e-01 5.842047e+03 5.904562e+03 
1.036869e-01 5.506851e+03 5.656213e+03 
1.067071e-01 5.231337e+03 5.422152e+03 
1.097273e-01 5.012870e+03 5.201348e+03 
1.127475e-01 4.845646e+03 4.992859e+03 
1.157677e-01 4.721310e+03 4.795824e+03 
1.187879e-01 4.630295e+03 4.609453e+03 
1.218081e-01 4.562295e+03 4.433022e+03 
1.248283e-01 4.506956e+03 4.265866e+03 
1.278485e-01 4.454156e+03 4.107371e+03 
1.308687e-01 4.395074e+03 3.956974e+03 
1.338889e-01 4.322334e+03 3.814155e+03 
1.369091e-01 4.231620e+03 3.678433e+03 
1.399293e-01 4.120794e+03 3.549364e+03 
1.429495e-01 3.990678e+03 3.426538e+03 
1.459697e-01 3.843764e+03 3.309574e+03 
1.489899e-01 3.684155e+03 3.198119e+03 
1.520101e-01 3.516917e+03 3.091847e+03 
1.550303e-01 3.347732e+03 2.990453e+03 
1.580505e-01 3.182506e+03 2.893653e+03 
1.610707e-01 3.026827e+03 2.801187e+03 
1.640909e-01 2.885310e+03 2.712807e+03 
1.671111e-01 2.761127e+03 2.628286e+03 
1.701313e-01 2.655757e+03 2.547411e+03 
1.731515e-01 2.569025e+03 2.469983e+03 
1.761717e-01 2.499624e+03 2.395815e+03 
1.791919e-01 2.445348e+03 2.324735e+03 
1.822121e-01 2.403598e+03 2.256578e+03 
1.852323e-01 2.371473e+03 2.191193e+03 
1.882525e-01 2.345838e+03 2.128437e+03 
1.912727e-01 2.323348e+03 2.068175e+03 
1.942929e-01 2.300706e+03 2.010282e+03 
1.973131e-01 2.274822e+03 1.954640e+03 
2.003333e-01 2.243356e+03 1.901137e+03 
2.033535e-01 2.204737e+03 1.849669e+03 
2.063737e-01 2.158568e+03 1.800138e+03 
2.093939e-01 2.105268e+03 1.752451e+03 
2.124141e-01 2.045983e+03 1.706521e+03 
2.154343e-01 1.982276e+03 1.662266e+03 
2.184545e-01 1.915949e+03 1.619607e+03 
2.214747e-01 1.848953e+03 1.578472e+03 
2.244949e-01 1.783209e+03 1.538791e+03 
2.275152e-01 1.720491e+03 1.500499e+03 
2.305354e-01 1.662294e+03 1.463534e+03 
2.335556e-01 1.609793e+03 1.427838e+03 
2.365758e-01 1.563626e+03 1.393354e+03 
2.395960e-01 1.524033e+03 1.360031e+03 
2.426162e-01 1.490739e+03 1.327818e+03 
2.456364e-01 1.463164e+03 1.296670e+03 
2.486566e-01 1.440405e+03 1.266539e+03 
2.516768e-01 1.421385e+03 1.237385e+03 
2.546970e-01 1.404896e+03 1.209167e+03 
2.577172e-01 1.389713e+03 1.181847e+03 
2.607374e-01 1.374654e+03 1.155387e+03 
2.637576e-01 1.358710e+03 1.129755e+03 
2.667778e-01 1.341065e+03 1.104915e+03 
2.697980e-01 1.321178e+03 1.080838e+03 
2.728182e-01 1.298812e+03 1.057494e+03 
2.758384e-01 1.273996e+03 1.034853e+03 
2.788586e-01 1.247012e+03 1.012889e+03 
2.818788e-01 1.218297e+03 9.915755e+02 
2.848990e-01 1.188456e+03 9.708886e+02 
2.879192e-01 1.158152e+03 9.508046e+02 
2.909394e-01 1.128076e+03 9.313008e+02 
2.939596e-01 1.098880e+03 9.123559e+02 
2.969798e-01 1.071154e+03 8.939495e+02 
3.000000e-01 1.045343e+03 8.760619e+02 
