1.000000e-03 3.779842e+03 3.779803e+03 
4.020202e-03 1.270493e+04 1.280348e+04 
7.040404e-03 1.852055e+04 1.863990e+04 
1.006061e-02 2.204135e+04 2.214629e+04 
1.308081e-02 2.387681e+04 2.395622e+04 
1.610101e-02 2.447106e+04 2.447437e+04 
1.912121e-02 2.417024e+04 2.403749e+04 
2.214141e-02 2.325661e+04 2.299963e+04 
2.516162e-02 2.196524e+04 2.168615e+04 
2.818182e-02 2.048570e+04 2.032051e+04 
3.120202e-02 1.896483e+04 1.901559e+04 
3.422222e-02 1.750837e+04 1.781105e+04 
3.724242e-02 1.618405e+04 1.671134e+04 
4.026263e-02 1.502966e+04 1.570813e+04 
4.328283e-02 1.405303e+04 1.479025e+04 
4.630303e-02 1.324361e+04 1.394727e+04 
4.932323e-02 1.259622e+04 1.317032e+04 
5.234343e-02 1.207728e+04 1.245206e+04 
5.536364e-02 1.164341e+04 1.178642e+04 
5.838384e-02 1.126711e+04 1.116827e+04 
6.140404e-02 1.091788e+04 1.059323e+04 
6.442424e-02 1.056941e+04 1.005751e+04 
6.744444e-02 1.020441e+04 9.557748e+03 
7.046465e-02 9.811388e+03 9.090972e+03 
7.348485e-02 9.386259e+03 8.654517e+03 
7.650505e-02 8.932358e+03 8.245978e+03 
7.952525e-02 8.459257e+03 7.863181e+03 
8.254545e-02 7.980235e+03 7.504151e+03 
8.556566e-02 7.509667e+03 7.167090e+03 
8.858586e-02 7.060882e+03 6.850359e+03 
9.160606e-02 6.645381e+03 6.552460e+03 
9.462626e-02 6.271835e+03 6.272024e+03 
9.764646e-02 5.946055e+03 6.007795e+03 
1.006667e-01 5.669955e+03 5.758623e+03 
1.036869e-01 5.442337e+03 5.523452e+03 
1.067071e-01 5.257830e+03 5.301313e+03 
1.097273e-01 5.109076e+03 5.091314e+03 
1.127475e-01 4.987038e+03 4.892633e+03 
1.157677e-01 4.882577e+03 4.704516e+03 
1.187879e-01 4.786857e+03 4.526265e+03 
1.218081e-01 4.692078e+03 4.357237e+03 
1.248283e-01 4.591524e+03 4.196838e+03 
1.278485e-01 4.480688e+03 4.044519e+03 
1.308687e-01 4.356809e+03 3.899773e+03 
1.338889e-01 4.219923e+03 3.762130e+03 
1.369091e-01 4.071738e+03 3.631152e+03 
1.399293e-01 3.915769e+03 3.506437e+03 
1.429495e-01 3.755993e+03 3.387609e+03 
1.459697e-01 3.596631e+03 3.274320e+03 
1.489899e-01 3.441724e+03 3.166246e+03 
1.520101e-01 3.295108e+03 3.063084e+03 
1.550303e-01 3.160103e+03 2.964555e+03 
1.580505e-01 3.039299e+03 2.870396e+03 
1.610707e-01 2.934082e+03 2.780364e+03 
1.640909e-01 2.844533e+03 2.694230e+03 
1.671111e-01 2.769450e+03 2.611782e+03 
1.701313e-01 2.706520e+03 2.532821e+03 
1.731515e-01 2.652882e+03 2.457161e+03 
1.761717e-01 2.605722e+03 2.384627e+03 
1.791919e-01 2.562378e+03 2.315056e+03 
1.822121e-01 2.520499e+03 2.248296e+03 
1.852323e-01 2.477969e+03 2.184202e+03 
1.882525e-01 2.432939e+03 2.122639e+03 
1.912727e-01 2.384057e+03 2.063482e+03 
1.942929e-01 2.330461e+03 2.006611e+03 
1.973131e-01 2.272270e+03 1.951914e+03 
2.003333e-01 2.210192e+03 1.899286e+03 
2.033535e-01 2.145630e+03 1.848628e+03 
2.063737e-01 2.080143e+03 1.799845e+03 
2.093939e-01 2.015326e+03 1.752851e+03 
2.124141e-01 1.952533e+03 1.707561e+03 
2.154343e-01 1.892896e+03 1.663898e+03 
2.184545e-01 1.837269e+03 1.621786e+03 
2.214747e-01 1.786299e+03 1.581156e+03 
2.244949e-01 1.740320e+03 1.541942e+03 
2.275152e-01 1.699379e+03 1.504081e+03 
2.305354e-01 1.663158e+03 1.467514e+03 
2.335556e-01 1.631076e+03 1.432183e+03 
2.365758e-01 1.602342e+03 1.398037e+03 
2.395960e-01 1.576051e+03 1.365024e+03 
2.426162e-01 1.551267e+03 1.333097e+03 
2.456364e-01 1.527110e+03 1.302210e+03 
2.486566e-01 1.502811e+03 1.272320e+03 
2.516768e-01 1.477790e+03 1.243386e+03 
2.546970e-01 1.451656e+03 1.215369e+03 
2.577172e-01 1.424211e+03 1.188232e+03 
2.607374e-01 1.395511e+03 1.161940e+03 
2.637576e-01 1.365778e+03 1.136459e+03 
2.667778e-01 1.335382e+03 1.111757e+03 
2.697980e-01 1.304755e+03 1.087805e+03 
2.728182e-01 1.274377e+03 1.064572e+03 
2.758384e-01 1.244698e+03 1.042031e+03 
2.788586e-01 1.216117e+03 1.020157e+03 
2.818788e-01 1.188936e+03 9.989228e+02 
2.848990e-01 1.163379e+03 9.783059e+02 
2.879192e-01 1.139563e+03 9.582830e+02 
2.909394e-01 1.117524e+03 9.388323e+02 
2.939596e-01 1.097174e+03 9.199328e+02 
2.969798e-01 1.078351e+03 9.015646e+02 
3.000000e-01 1.060812e+03 8.837086e+02 
