1.000000e-03 3.194653e+03 3.194626e+03 
4.020202e-03 1.078607e+04 1.086996e+04 
7.040404e-03 1.583410e+04 1.593615e+04 
1.006061e-02 1.898506e+04 1.906791e+04 
1.308081e-02 2.073035e+04 2.078153e+04 
1.610101e-02 2.143076e+04 2.141482e+04 
1.912121e-02 2.136694e+04 2.124410e+04 
2.214141e-02 2.076815e+04 2.055092e+04 
2.516162e-02 1.982591e+04 1.959275e+04 
2.818182e-02 1.869452e+04 1.855071e+04 
3.120202e-02 1.749613e+04 1.752210e+04 
3.422222e-02 1.632043e+04 1.654705e+04 
3.724242e-02 1.522746e+04 1.563667e+04 
4.026263e-02 1.425251e+04 1.479022e+04 
4.328283e-02 1.341015e+04 1.400313e+04 
4.630303e-02 1.269354e+04 1.327025e+04 
4.932323e-02 1.209766e+04 1.258674e+04 
5.234343e-02 1.160769e+04 1.194839e+04 
5.536364e-02 1.118606e+04 1.135151e+04 
5.838384e-02 1.081078e+04 1.079285e+04 
6.140404e-02 1.046390e+04 1.026951e+04 
6.442424e-02 1.012205e+04 9.778883e+03 
6.744444e-02 9.770257e+03 9.318582e+03 
7.046465e-02 9.399530e+03 8.886430e+03 
7.348485e-02 9.005768e+03 8.480424e+03 
7.650505e-02 8.591942e+03 8.098717e+03 
7.952525e-02 8.165665e+03 7.739603e+03 
8.254545e-02 7.737465e+03 7.401506e+03 
8.556566e-02 7.318433e+03 7.082970e+03 
8.858586e-02 6.918397e+03 6.782649e+03 
9.160606e-02 6.545492e+03 6.499298e+03 
9.462626e-02 6.206148e+03 6.231766e+03 
9.764646e-02 5.904751e+03 5.978989e+03 
1.006667e-01 5.643983e+03 5.739982e+03 
1.036869e-01 5.423055e+03 5.513834e+03 
1.067071e-01 5.238942e+03 5.299704e+03 
1.097273e-01 5.085534e+03 5.096811e+03 
1.127475e-01 4.955598e+03 4.904432e+03 
1.157677e-01 4.841116e+03 4.721899e+03 
1.187879e-01 4.734722e+03 4.548592e+03 
1.218081e-01 4.630233e+03 4.383935e+03 
1.248283e-01 4.522822e+03 4.227395e+03 
1.278485e-01 4.408959e+03 4.078475e+03 
1.308687e-01 4.286717e+03 3.936717e+03 
1.338889e-01 4.155389e+03 3.801693e+03 
1.369091e-01 4.016205e+03 3.673003e+03 
1.399293e-01 3.871373e+03 3.550279e+03 
1.429495e-01 3.724136e+03 3.433175e+03 
1.459697e-01 3.577906e+03 3.321369e+03 
1.489899e-01 3.436007e+03 3.214562e+03 
1.520101e-01 3.301334e+03 3.112475e+03 
1.550303e-01 3.176259e+03 3.014845e+03 
1.580505e-01 3.062524e+03 2.921429e+03 
1.610707e-01 2.961297e+03 2.831998e+03 
1.640909e-01 2.872709e+03 2.746339e+03 
1.671111e-01 2.796181e+03 2.664252e+03 
1.701313e-01 2.730077e+03 2.585550e+03 
1.731515e-01 2.672340e+03 2.510056e+03 
1.761717e-01 2.620579e+03 2.437606e+03 
1.791919e-01 2.572505e+03 2.368045e+03 
1.822121e-01 2.526078e+03 2.301228e+03 
1.852323e-01 2.479593e+03 2.237018e+03 
1.882525e-01 2.431683e+03 2.175287e+03 
1.912727e-01 2.381390e+03 2.115913e+03 
1.942929e-01 2.328098e+03 2.058784e+03 
1.973131e-01 2.271808e+03 2.003791e+03 
2.003333e-01 2.212902e+03 1.950833e+03 
2.033535e-01 2.152309e+03 1.899816e+03 
2.063737e-01 2.091122e+03 1.850649e+03 
2.093939e-01 2.030534e+03 1.803247e+03 
2.124141e-01 1.971640e+03 1.757529e+03 
2.154343e-01 1.915388e+03 1.713421e+03 
2.184545e-01 1.862498e+03 1.670849e+03 
2.214747e-01 1.813491e+03 1.629747e+03 
2.244949e-01 1.768586e+03 1.590049e+03 
2.275152e-01 1.727800e+03 1.551695e+03 
2.305354e-01 1.690859e+03 1.514627e+03 
2.335556e-01 1.657337e+03 1.478790e+03 
2.365758e-01 1.626631e+03 1.444132e+03 
2.395960e-01 1.598094e+03 1.410604e+03 
2.426162e-01 1.571056e+03 1.378159e+03 
2.456364e-01 1.544887e+03 1.346752e+03 
2.486566e-01 1.519005e+03 1.316342e+03 
2.516768e-01 1.492928e+03 1.286888e+03 
2.546970e-01 1.466262e+03 1.258351e+03 
2.577172e-01 1.438812e+03 1.230696e+03 
2.607374e-01 1.410521e+03 1.203887e+03 
2.637576e-01 1.381567e+03 1.177893e+03 
2.667778e-01 1.352228e+03 1.152680e+03 
2.697980e-01 1.322884e+03 1.128219e+03 
2.728182e-01 1.293893e+03 1.104482e+03 
2.758384e-01 1.265564e+03 1.081441e+03 
2.788586e-01 1.238157e+03 1.059071e+03 
2.818788e-01 1.211882e+03 1.037346e+03 
2.848990e-01 1.186890e+03 1.016242e+03 
2.879192e-01 1.163290e+03 9.957376e+02 
2.909394e-01 1.141130e+03 9.758102e+02 
2.939596e-01 1.120401e+03 9.564393e+02 
2.969798e-01 1.100981e+03 9.376050e+02 
3.000000e-01 1.082692e+03 9.192884e+02 
