1.000000e-03 2.884356e+03 2.884326e+03 
4.020202e-03 9.593132e+03 9.667745e+03 
7.040404e-03 1.399197e+04 1.407301e+04 
1.006061e-02 1.672470e+04 1.676266e+04 
1.308081e-02 1.825572e+04 1.822918e+04 
1.610101e-02 1.891498e+04 1.880183e+04 
1.912121e-02 1.894922e+04 1.874262e+04 
2.214141e-02 1.855214e+04 1.828812e+04 
2.516162e-02 1.787875e+04 1.762770e+04 
2.818182e-02 1.705098e+04 1.688306e+04 
3.120202e-02 1.616188e+04 1.611887e+04 
3.422222e-02 1.527818e+04 1.536550e+04 
3.724242e-02 1.444390e+04 1.463636e+04 
4.026263e-02 1.368515e+04 1.393718e+04 
4.328283e-02 1.300407e+04 1.327025e+04 
4.630303e-02 1.240276e+04 1.263623e+04 
4.932323e-02 1.188589e+04 1.203491e+04 
5.234343e-02 1.142528e+04 1.146559e+04 
5.536364e-02 1.099860e+04 1.092726e+04 
5.838384e-02 1.059782e+04 1.041869e+04 
6.140404e-02 1.020991e+04 9.938524e+03 
6.442424e-02 9.823576e+03 9.485364e+03 
6.744444e-02 9.432795e+03 9.057768e+03 
7.046465e-02 9.035243e+03 8.654307e+03 
7.348485e-02 8.632466e+03 8.273578e+03 
7.650505e-02 8.230270e+03 7.914227e+03 
7.952525e-02 7.836270e+03 7.574950e+03 
8.254545e-02 7.458138e+03 7.254507e+03 
8.556566e-02 7.102187e+03 6.951724e+03 
8.858586e-02 6.772473e+03 6.665491e+03 
9.160606e-02 6.471394e+03 6.394766e+03 
9.462626e-02 6.200110e+03 6.138570e+03 
9.764646e-02 5.958833e+03 5.895988e+03 
1.006667e-01 5.746445e+03 5.666164e+03 
1.036869e-01 5.559623e+03 5.448300e+03 
1.067071e-01 5.393861e+03 5.241649e+03 
1.097273e-01 5.242967e+03 5.045518e+03 
1.127475e-01 5.100960e+03 4.859260e+03 
1.157677e-01 4.962624e+03 4.682270e+03 
1.187879e-01 4.824226e+03 4.513987e+03 
1.218081e-01 4.683945e+03 4.353889e+03 
1.248283e-01 4.540983e+03 4.201486e+03 
1.278485e-01 4.395528e+03 4.056326e+03 
1.308687e-01 4.248501e+03 3.917983e+03 
1.338889e-01 4.101448e+03 3.786062e+03 
1.369091e-01 3.956426e+03 3.660195e+03 
1.399293e-01 3.815780e+03 3.540038e+03 
1.429495e-01 3.681405e+03 3.425269e+03 
1.459697e-01 3.554877e+03 3.315588e+03 
1.489899e-01 3.437141e+03 3.210714e+03 
1.520101e-01 3.328770e+03 3.110384e+03 
1.550303e-01 3.229733e+03 3.014352e+03 
1.580505e-01 3.139694e+03 2.922389e+03 
1.610707e-01 3.057863e+03 2.834279e+03 
1.640909e-01 2.983141e+03 2.749819e+03 
1.671111e-01 2.913838e+03 2.668820e+03 
1.701313e-01 2.848216e+03 2.591105e+03 
1.731515e-01 2.784713e+03 2.516505e+03 
1.761717e-01 2.722075e+03 2.444865e+03 
1.791919e-01 2.659587e+03 2.376036e+03 
1.822121e-01 2.596798e+03 2.309879e+03 
1.852323e-01 2.533576e+03 2.246264e+03 
1.882525e-01 2.469993e+03 2.185068e+03 
1.912727e-01 2.406340e+03 2.126175e+03 
1.942929e-01 2.343056e+03 2.069476e+03 
1.973131e-01 2.280715e+03 2.014866e+03 
2.003333e-01 2.219985e+03 1.962250e+03 
2.033535e-01 2.161581e+03 1.911535e+03 
2.063737e-01 2.105957e+03 1.862633e+03 
2.093939e-01 2.053385e+03 1.815464e+03 
2.124141e-01 2.003924e+03 1.769950e+03 
2.154343e-01 1.957512e+03 1.726017e+03 
2.184545e-01 1.913946e+03 1.683595e+03 
2.214747e-01 1.872954e+03 1.642618e+03 
2.244949e-01 1.834167e+03 1.603025e+03 
2.275152e-01 1.797184e+03 1.564756e+03 
2.305354e-01 1.761581e+03 1.527754e+03 
2.335556e-01 1.726964e+03 1.491967e+03 
2.365758e-01 1.693037e+03 1.457344e+03 
2.395960e-01 1.659577e+03 1.423837e+03 
2.426162e-01 1.626482e+03 1.391400e+03 
2.456364e-01 1.593685e+03 1.359989e+03 
2.486566e-01 1.561153e+03 1.329564e+03 
2.516768e-01 1.528906e+03 1.300085e+03 
2.546970e-01 1.497033e+03 1.271515e+03 
2.577172e-01 1.465677e+03 1.243818e+03 
2.607374e-01 1.435031e+03 1.216961e+03 
2.637576e-01 1.405291e+03 1.190910e+03 
2.667778e-01 1.376639e+03 1.165635e+03 
2.697980e-01 1.349142e+03 1.141106e+03 
2.728182e-01 1.322785e+03 1.117296e+03 
2.758384e-01 1.297498e+03 1.094178e+03 
2.788586e-01 1.273188e+03 1.071725e+03 
2.818788e-01 1.249787e+03 1.049915e+03 
2.848990e-01 1.227236e+03 1.028722e+03 
2.879192e-01 1.205454e+03 1.008126e+03 
2.909394e-01 1.184352e+03 9.881040e+02 
2.939596e-01 1.163826e+03 9.686362e+02 
2.969798e-01 1.143768e+03 9.497030e+02 
3.000000e-01 1.124070e+03 9.312856e+02 
