1.000000e-03 5.098401e+03 5.098342e+03 
4.020202e-03 1.713955e+04 1.727343e+04 
7.040404e-03 2.510161e+04 2.528860e+04 
1.006061e-02 2.998637e+04 3.021756e+04 
1.308081e-02 3.254272e+04 3.284134e+04 
1.610101e-02 3.332645e+04 3.362246e+04 
1.912121e-02 3.278713e+04 3.291450e+04 
2.214141e-02 3.130687e+04 3.113960e+04 
2.516162e-02 2.921904e+04 2.879307e+04 
2.818182e-02 2.680646e+04 2.631045e+04 
3.120202e-02 2.429828e+04 2.396508e+04 
3.422222e-02 2.186896e+04 2.187223e+04 
3.724242e-02 1.963833e+04 2.004877e+04 
4.026263e-02 1.768054e+04 1.846813e+04 
4.328283e-02 1.601903e+04 1.709197e+04 
4.630303e-02 1.465568e+04 1.588394e+04 
4.932323e-02 1.359086e+04 1.481376e+04 
5.234343e-02 1.278133e+04 1.385749e+04 
5.536364e-02 1.217695e+04 1.299652e+04 
5.838384e-02 1.173397e+04 1.221633e+04 
6.140404e-02 1.140678e+04 1.150553e+04 
6.442424e-02 1.114961e+04 1.085501e+04 
6.744444e-02 1.092037e+04 1.025739e+04 
7.046465e-02 1.068418e+04 9.706576e+03 
7.348485e-02 1.041319e+04 9.197487e+03 
7.650505e-02 1.008831e+04 8.725815e+03 
7.952525e-02 9.700389e+03 8.287863e+03 
8.254545e-02 9.251031e+03 7.880435e+03 
8.556566e-02 8.750378e+03 7.500735e+03 
8.858586e-02 8.214558e+03 7.146307e+03 
9.160606e-02 7.663310e+03 6.814975e+03 
9.462626e-02 7.117248e+03 6.504803e+03 
9.764646e-02 6.596131e+03 6.214062e+03 
1.006667e-01 6.116801e+03 5.941196e+03 
1.036869e-01 5.692060e+03 5.684808e+03 
1.067071e-01 5.329650e+03 5.443634e+03 
1.097273e-01 5.032063e+03 5.216529e+03 
1.127475e-01 4.797765e+03 5.002454e+03 
1.157677e-01 4.621253e+03 4.800463e+03 
1.187879e-01 4.494988e+03 4.609693e+03 
1.218081e-01 4.409592e+03 4.429358e+03 
1.248283e-01 4.354818e+03 4.258735e+03 
1.278485e-01 4.319693e+03 4.097164e+03 
1.308687e-01 4.293173e+03 3.944039e+03 
1.338889e-01 4.264520e+03 3.798801e+03 
1.369091e-01 4.224770e+03 3.660938e+03 
1.399293e-01 4.166745e+03 3.529977e+03 
1.429495e-01 4.086337e+03 3.405481e+03 
1.459697e-01 3.981840e+03 3.287047e+03 
1.489899e-01 3.854106e+03 3.174301e+03 
1.520101e-01 3.706150e+03 3.066898e+03 
1.550303e-01 3.542568e+03 2.964518e+03 
1.580505e-01 3.369484e+03 2.866864e+03 
1.610707e-01 3.193620e+03 2.773659e+03 
1.640909e-01 3.021938e+03 2.684647e+03 
1.671111e-01 2.860627e+03 2.599589e+03 
1.701313e-01 2.714730e+03 2.518263e+03 
1.731515e-01 2.587374e+03 2.440461e+03 
1.761717e-01 2.480188e+03 2.365989e+03 
1.791919e-01 2.393050e+03 2.294667e+03 
1.822121e-01 2.324961e+03 2.226326e+03 
1.852323e-01 2.274077e+03 2.160808e+03 
1.882525e-01 2.238001e+03 2.097964e+03 
1.912727e-01 2.213779e+03 2.037657e+03 
1.942929e-01 2.197959e+03 1.979756e+03 
1.973131e-01 2.186782e+03 1.924139e+03 
2.003333e-01 2.176395e+03 1.870692e+03 
2.033535e-01 2.163205e+03 1.819308e+03 
2.063737e-01 2.144292e+03 1.769884e+03 
2.093939e-01 2.117602e+03 1.722327e+03 
2.124141e-01 2.082054e+03 1.676545e+03 
2.154343e-01 2.037560e+03 1.632456e+03 
2.184545e-01 1.984743e+03 1.589979e+03 
2.214747e-01 1.924971e+03 1.549040e+03 
2.244949e-01 1.860003e+03 1.509567e+03 
2.275152e-01 1.791983e+03 1.471494e+03 
2.305354e-01 1.723184e+03 1.434757e+03 
2.335556e-01 1.655932e+03 1.399297e+03 
2.365758e-01 1.592240e+03 1.365057e+03 
2.395960e-01 1.533814e+03 1.331983e+03 
2.426162e-01 1.481803e+03 1.300026e+03 
2.456364e-01 1.436941e+03 1.269137e+03 
2.486566e-01 1.399401e+03 1.239270e+03 
2.516768e-01 1.368946e+03 1.210383e+03 
2.546970e-01 1.344944e+03 1.182434e+03 
2.577172e-01 1.326434e+03 1.155384e+03 
2.607374e-01 1.312247e+03 1.129197e+03 
2.637576e-01 1.301037e+03 1.103838e+03 
2.667778e-01 1.291430e+03 1.079273e+03 
2.697980e-01 1.282079e+03 1.055470e+03 
2.728182e-01 1.271792e+03 1.032399e+03 
2.758384e-01 1.259563e+03 1.010031e+03 
2.788586e-01 1.244692e+03 9.883401e+02 
2.818788e-01 1.226724e+03 9.672986e+02 
2.848990e-01 1.205547e+03 9.468822e+02 
2.879192e-01 1.181293e+03 9.270671e+02 
2.909394e-01 1.154395e+03 9.078307e+02 
2.939596e-01 1.125473e+03 8.891514e+02 
2.969798e-01 1.095301e+03 8.710085e+02 
3.000000e-01 1.064709e+03 8.533825e+02 
