1.000000e-03 1.110462e+04 1.110450e+04 
4.020202e-03 3.714605e+04 3.744310e+04 
7.040404e-03 5.408590e+04 5.455627e+04 
1.006061e-02 6.414033e+04 6.488842e+04 
1.308081e-02 6.892856e+04 7.014343e+04 
1.610101e-02 6.965626e+04 7.123084e+04 
1.912121e-02 6.731674e+04 6.873151e+04 
2.214141e-02 6.279065e+04 6.339172e+04 
2.516162e-02 5.686511e+04 5.632539e+04 
2.818182e-02 5.023180e+04 4.877592e+04 
3.120202e-02 4.346339e+04 4.170962e+04 
3.422222e-02 3.699990e+04 3.562120e+04 
3.724242e-02 3.114555e+04 3.061358e+04 
4.026263e-02 2.607710e+04 2.657809e+04 
4.328283e-02 2.184964e+04 2.333644e+04 
4.630303e-02 1.845556e+04 2.071421e+04 
4.932323e-02 1.584155e+04 1.856692e+04 
5.234343e-02 1.391006e+04 1.678334e+04 
5.536364e-02 1.254936e+04 1.528043e+04 
5.838384e-02 1.165087e+04 1.399686e+04 
6.140404e-02 1.111479e+04 1.288725e+04 
6.442424e-02 1.085085e+04 1.191776e+04 
6.744444e-02 1.078191e+04 1.106282e+04 
7.046465e-02 1.083658e+04 1.030285e+04 
7.348485e-02 1.094474e+04 9.622649e+03 
7.650505e-02 1.103884e+04 9.010206e+03 
7.952525e-02 1.105880e+04 8.455920e+03 
8.254545e-02 1.095773e+04 7.952003e+03 
8.556566e-02 1.070700e+04 7.492060e+03 
8.858586e-02 1.029880e+04 7.070777e+03 
9.160606e-02 9.745278e+03 6.683696e+03 
9.462626e-02 9.072039e+03 6.327036e+03 
9.764646e-02 8.316605e+03 5.997570e+03 
1.006667e-01 7.520801e+03 5.692515e+03 
1.036869e-01 6.727008e+03 5.409462e+03 
1.067071e-01 5.972385e+03 5.146307e+03 
1.097273e-01 5.287338e+03 4.901204e+03 
1.127475e-01 4.691862e+03 4.672529e+03 
1.157677e-01 4.198081e+03 4.458839e+03 
1.187879e-01 3.808034e+03 4.258856e+03 
1.218081e-01 3.518674e+03 4.071435e+03 
1.248283e-01 3.322415e+03 3.895554e+03 
1.278485e-01 3.209161e+03 3.730293e+03 
1.308687e-01 3.167202e+03 3.574825e+03 
1.338889e-01 3.183963e+03 3.428401e+03 
1.369091e-01 3.246116e+03 3.290344e+03 
1.399293e-01 3.339368e+03 3.160039e+03 
1.429495e-01 3.448605e+03 3.036927e+03 
1.459697e-01 3.558101e+03 2.920499e+03 
1.489899e-01 3.652239e+03 2.810289e+03 
1.520101e-01 3.716364e+03 2.705872e+03 
1.550303e-01 3.738435e+03 2.606858e+03 
1.580505e-01 3.710433e+03 2.512890e+03 
1.610707e-01 3.629265e+03 2.423638e+03 
1.640909e-01 3.497918e+03 2.338799e+03 
1.671111e-01 3.323609e+03 2.258096e+03 
1.701313e-01 3.117430e+03 2.181269e+03 
1.731515e-01 2.891714e+03 2.108082e+03 
1.761717e-01 2.659222e+03 2.038313e+03 
1.791919e-01 2.431246e+03 1.971760e+03 
1.822121e-01 2.217522e+03 1.908232e+03 
1.852323e-01 2.025460e+03 1.847554e+03 
1.882525e-01 1.860600e+03 1.789563e+03 
1.912727e-01 1.725930e+03 1.734107e+03 
1.942929e-01 1.622600e+03 1.681044e+03 
1.973131e-01 1.550048e+03 1.630243e+03 
2.003333e-01 1.506196e+03 1.581580e+03 
2.033535e-01 1.488056e+03 1.534941e+03 
2.063737e-01 1.491887e+03 1.490217e+03 
2.093939e-01 1.513491e+03 1.447309e+03 
2.124141e-01 1.548212e+03 1.406122e+03 
2.154343e-01 1.590969e+03 1.366569e+03 
2.184545e-01 1.636377e+03 1.328566e+03 
2.214747e-01 1.678867e+03 1.292035e+03 
2.244949e-01 1.713095e+03 1.256905e+03 
2.275152e-01 1.734326e+03 1.223106e+03 
2.305354e-01 1.739078e+03 1.190574e+03 
2.335556e-01 1.725210e+03 1.159248e+03 
2.365758e-01 1.692532e+03 1.129071e+03 
2.395960e-01 1.642169e+03 1.099989e+03 
2.426162e-01 1.576744e+03 1.071952e+03 
2.456364e-01 1.499714e+03 1.044911e+03 
2.486566e-01 1.415243e+03 1.018822e+03 
2.516768e-01 1.327611e+03 9.936405e+02 
2.546970e-01 1.241009e+03 9.693274e+02 
2.577172e-01 1.159130e+03 9.458440e+02 
2.607374e-01 1.085012e+03 9.231541e+02 
2.637576e-01 1.020758e+03 9.012234e+02 
2.667778e-01 9.676246e+02 8.800195e+02 
2.697980e-01 9.261603e+02 8.595116e+02 
2.728182e-01 8.961828e+02 8.396704e+02 
2.758384e-01 8.771097e+02 8.204682e+02 
2.788586e-01 8.679865e+02 8.018786e+02 
2.818788e-01 8.675583e+02 7.838767e+02 
2.848990e-01 8.742773e+02 7.664388e+02 
2.879192e-01 8.863010e+02 7.495421e+02 
2.909394e-01 9.015928e+02 7.331652e+02 
2.939596e-01 9.179298e+02 7.172876e+02 
2.969798e-01 9.331139e+02 7.018899e+02 
3.000000e-01 9.450675e+02 6.869534e+02 
