1.000000e-03 3.193286e+03 3.193254e+03 
4.020202e-03 1.072940e+04 1.081253e+04 
7.040404e-03 1.572872e+04 1.582851e+04 
1.006061e-02 1.884799e+04 1.892570e+04 
1.308081e-02 2.057785e+04 2.061987e+04 
1.610101e-02 2.127605e+04 2.124747e+04 
1.912121e-02 2.122046e+04 2.108242e+04 
2.214141e-02 2.063776e+04 2.040220e+04 
2.516162e-02 1.971483e+04 1.945987e+04 
2.818182e-02 1.860490e+04 1.843337e+04 
3.120202e-02 1.742730e+04 1.741852e+04 
3.422222e-02 1.627057e+04 1.645514e+04 
3.724242e-02 1.519375e+04 1.555450e+04 
4.026263e-02 1.423212e+04 1.471620e+04 
4.328283e-02 1.340009e+04 1.393600e+04 
4.630303e-02 1.269113e+04 1.320898e+04 
4.932323e-02 1.210036e+04 1.253055e+04 
5.234343e-02 1.161389e+04 1.189662e+04 
5.536364e-02 1.119469e+04 1.130363e+04 
5.838384e-02 1.082093e+04 1.074842e+04 
6.140404e-02 1.047547e+04 1.022816e+04 
6.442424e-02 1.013532e+04 9.740293e+03 
6.744444e-02 9.785455e+03 9.282481e+03 
7.046465e-02 9.416975e+03 8.852583e+03 
7.348485e-02 9.025940e+03 8.448625e+03 
7.650505e-02 8.615158e+03 8.068783e+03 
7.952525e-02 8.192073e+03 7.711374e+03 
8.254545e-02 7.767145e+03 7.374840e+03 
8.556566e-02 7.351291e+03 7.057739e+03 
8.858586e-02 6.954206e+03 6.758739e+03 
9.160606e-02 6.583874e+03 6.476607e+03 
9.462626e-02 6.246537e+03 6.210202e+03 
9.764646e-02 5.946489e+03 5.958468e+03 
1.006667e-01 5.686363e+03 5.720428e+03 
1.036869e-01 5.465580e+03 5.495180e+03 
1.067071e-01 5.281310e+03 5.281887e+03 
1.097273e-01 5.127453e+03 5.079774e+03 
1.127475e-01 4.996755e+03 4.888123e+03 
1.157677e-01 4.881423e+03 4.706271e+03 
1.187879e-01 4.774169e+03 4.533601e+03 
1.218081e-01 4.668758e+03 4.369541e+03 
1.248283e-01 4.560356e+03 4.213562e+03 
1.278485e-01 4.445580e+03 4.065169e+03 
1.308687e-01 4.322605e+03 3.923907e+03 
1.338889e-01 4.190823e+03 3.789349e+03 
1.369091e-01 4.051374e+03 3.661100e+03 
1.399293e-01 3.906364e+03 3.538792e+03 
1.429495e-01 3.758975e+03 3.422080e+03 
1.459697e-01 3.612601e+03 3.310646e+03 
1.489899e-01 3.470537e+03 3.204192e+03 
1.520101e-01 3.335685e+03 3.102438e+03 
1.550303e-01 3.210411e+03 3.005124e+03 
1.580505e-01 3.096407e+03 2.912009e+03 
1.610707e-01 2.994752e+03 2.822864e+03 
1.640909e-01 2.905607e+03 2.737478e+03 
1.671111e-01 2.828454e+03 2.655650e+03 
1.701313e-01 2.761649e+03 2.577194e+03 
1.731515e-01 2.703121e+03 2.501936e+03 
1.761717e-01 2.650525e+03 2.429710e+03 
1.791919e-01 2.601607e+03 2.360364e+03 
1.822121e-01 2.554351e+03 2.293752e+03 
1.852323e-01 2.507072e+03 2.229739e+03 
1.882525e-01 2.458430e+03 2.168196e+03 
1.912727e-01 2.407467e+03 2.109003e+03 
1.942929e-01 2.353555e+03 2.052046e+03 
1.973131e-01 2.296714e+03 1.997219e+03 
2.003333e-01 2.237345e+03 1.944420e+03 
2.033535e-01 2.176355e+03 1.893556e+03 
2.063737e-01 2.114808e+03 1.844536e+03 
2.093939e-01 2.053866e+03 1.797275e+03 
2.124141e-01 1.994620e+03 1.751694e+03 
2.154343e-01 1.938040e+03 1.707716e+03 
2.184545e-01 1.884830e+03 1.665271e+03 
2.214747e-01 1.835461e+03 1.624290e+03 
2.244949e-01 1.790152e+03 1.584710e+03 
2.275152e-01 1.748937e+03 1.546469e+03 
2.305354e-01 1.711553e+03 1.509510e+03 
2.335556e-01 1.677584e+03 1.473779e+03 
2.365758e-01 1.646416e+03 1.439223e+03 
2.395960e-01 1.617395e+03 1.405794e+03 
2.426162e-01 1.589853e+03 1.373444e+03 
2.456364e-01 1.563179e+03 1.342130e+03 
2.486566e-01 1.536820e+03 1.311810e+03 
2.516768e-01 1.510307e+03 1.282442e+03 
2.546970e-01 1.483246e+03 1.253989e+03 
2.577172e-01 1.455430e+03 1.226416e+03 
2.607374e-01 1.426795e+03 1.199686e+03 
2.637576e-01 1.397522e+03 1.173768e+03 
2.667778e-01 1.367891e+03 1.148629e+03 
2.697980e-01 1.338266e+03 1.124241e+03 
2.728182e-01 1.309004e+03 1.100574e+03 
2.758384e-01 1.280432e+03 1.077601e+03 
2.788586e-01 1.252804e+03 1.055297e+03 
2.818788e-01 1.226308e+03 1.033636e+03 
2.848990e-01 1.201083e+03 1.012595e+03 
2.879192e-01 1.177232e+03 9.921515e+02 
2.909394e-01 1.154810e+03 9.722833e+02 
2.939596e-01 1.133813e+03 9.529701e+02 
2.969798e-01 1.114122e+03 9.341920e+02 
3.000000e-01 1.095558e+03 9.159301e+02 
