1.000000e-03 2.934217e+03 2.934189e+03 
4.020202e-03 9.830984e+03 9.906700e+03 
7.040404e-03 1.438036e+04 1.446480e+04 
1.006061e-02 1.721153e+04 1.725961e+04 
1.308081e-02 1.878982e+04 1.878256e+04 
1.610101e-02 1.945100e+04 1.936212e+04 
1.912121e-02 1.945156e+04 1.926607e+04 
2.214141e-02 1.899492e+04 1.874665e+04 
2.516162e-02 1.824654e+04 1.801217e+04 
2.818182e-02 1.733816e+04 1.719781e+04 
3.120202e-02 1.637109e+04 1.637408e+04 
3.422222e-02 1.541771e+04 1.557217e+04 
3.724242e-02 1.452650e+04 1.480415e+04 
4.026263e-02 1.372344e+04 1.407387e+04 
4.328283e-02 1.300908e+04 1.338192e+04 
4.630303e-02 1.239527e+04 1.272759e+04 
4.932323e-02 1.187577e+04 1.210964e+04 
5.234343e-02 1.141774e+04 1.152655e+04 
5.536364e-02 1.100154e+04 1.097673e+04 
5.838384e-02 1.061253e+04 1.045850e+04 
6.140404e-02 1.023692e+04 9.970180e+03 
6.442424e-02 9.861494e+03 9.510081e+03 
6.744444e-02 9.477173e+03 9.076563e+03 
7.046465e-02 9.080408e+03 8.668029e+03 
7.348485e-02 8.673122e+03 8.282945e+03 
7.650505e-02 8.261272e+03 7.919846e+03 
7.952525e-02 7.853675e+03 7.577340e+03 
8.254545e-02 7.459623e+03 7.254114e+03 
8.556566e-02 7.086817e+03 6.948929e+03 
8.858586e-02 6.740808e+03 6.660626e+03 
9.160606e-02 6.425182e+03 6.388117e+03 
9.462626e-02 6.142271e+03 6.130387e+03 
9.764646e-02 5.893063e+03 5.886488e+03 
1.006667e-01 5.676421e+03 5.655537e+03 
1.036869e-01 5.489560e+03 5.436710e+03 
1.067071e-01 5.326959e+03 5.229244e+03 
1.097273e-01 5.182173e+03 5.032424e+03 
1.127475e-01 5.047999e+03 4.845588e+03 
1.157677e-01 4.918427e+03 4.668120e+03 
1.187879e-01 4.788899e+03 4.499445e+03 
1.218081e-01 4.656535e+03 4.339031e+03 
1.248283e-01 4.519772e+03 4.186379e+03 
1.278485e-01 4.378425e+03 4.041029e+03 
1.308687e-01 4.233166e+03 3.902547e+03 
1.338889e-01 4.085729e+03 3.770534e+03 
1.369091e-01 3.938337e+03 3.644615e+03 
1.399293e-01 3.793689e+03 3.524441e+03 
1.429495e-01 3.654364e+03 3.409685e+03 
1.459697e-01 3.522463e+03 3.300044e+03 
1.489899e-01 3.399608e+03 3.195234e+03 
1.520101e-01 3.286800e+03 3.094989e+03 
1.550303e-01 3.184505e+03 2.999061e+03 
1.580505e-01 3.092657e+03 2.907216e+03 
1.610707e-01 3.010523e+03 2.819238e+03 
1.640909e-01 2.936864e+03 2.734922e+03 
1.671111e-01 2.869858e+03 2.654077e+03 
1.701313e-01 2.807468e+03 2.576523e+03 
1.731515e-01 2.747837e+03 2.502093e+03 
1.761717e-01 2.689338e+03 2.430627e+03 
1.791919e-01 2.630873e+03 2.361978e+03 
1.822121e-01 2.571658e+03 2.296005e+03 
1.852323e-01 2.511333e+03 2.232577e+03 
1.882525e-01 2.449788e+03 2.171571e+03 
1.912727e-01 2.387187e+03 2.112869e+03 
1.942929e-01 2.324012e+03 2.056361e+03 
1.973131e-01 2.261020e+03 2.001945e+03 
2.003333e-01 2.199077e+03 1.949521e+03 
2.033535e-01 2.139079e+03 1.898999e+03 
2.063737e-01 2.081701e+03 1.850290e+03 
2.093939e-01 2.027459e+03 1.803312e+03 
2.124141e-01 1.976583e+03 1.757988e+03 
2.154343e-01 1.929153e+03 1.714243e+03 
2.184545e-01 1.885057e+03 1.672008e+03 
2.214747e-01 1.844070e+03 1.631217e+03 
2.244949e-01 1.805827e+03 1.591807e+03 
2.275152e-01 1.769871e+03 1.553719e+03 
2.305354e-01 1.735653e+03 1.516897e+03 
2.335556e-01 1.702664e+03 1.481286e+03 
2.365758e-01 1.670441e+03 1.446838e+03 
2.395960e-01 1.638657e+03 1.413502e+03 
2.426162e-01 1.607072e+03 1.381234e+03 
2.456364e-01 1.575542e+03 1.349991e+03 
2.486566e-01 1.543979e+03 1.319730e+03 
2.516768e-01 1.512377e+03 1.290413e+03 
2.546970e-01 1.480802e+03 1.262002e+03 
2.577172e-01 1.449450e+03 1.234462e+03 
2.607374e-01 1.418569e+03 1.207758e+03 
2.637576e-01 1.388453e+03 1.181858e+03 
2.667778e-01 1.359338e+03 1.156732e+03 
2.697980e-01 1.331385e+03 1.132350e+03 
2.728182e-01 1.304653e+03 1.108683e+03 
2.758384e-01 1.279116e+03 1.085706e+03 
2.788586e-01 1.254725e+03 1.063392e+03 
2.818788e-01 1.231415e+03 1.041717e+03 
2.848990e-01 1.209118e+03 1.020658e+03 
2.879192e-01 1.187755e+03 1.000192e+03 
2.909394e-01 1.167207e+03 9.802989e+02 
2.939596e-01 1.147335e+03 9.609572e+02 
2.969798e-01 1.127968e+03 9.421478e+02 
3.000000e-01 1.108960e+03 9.238518e+02 
