1.000000e-03 3.127550e+03 3.127520e+03 
4.020202e-03 1.052744e+04 1.060832e+04 
7.040404e-03 1.547841e+04 1.557845e+04 
1.006061e-02 1.859742e+04 1.868256e+04 
1.308081e-02 2.034835e+04 2.040824e+04 
1.610101e-02 2.107320e+04 2.107211e+04 
1.912121e-02 2.104124e+04 2.093274e+04 
2.214141e-02 2.047425e+04 2.026005e+04 
2.516162e-02 1.955754e+04 1.931003e+04 
2.818182e-02 1.844541e+04 1.826912e+04 
3.120202e-02 1.725858e+04 1.724039e+04 
3.422222e-02 1.608805e+04 1.626718e+04 
3.724242e-02 1.499546e+04 1.536150e+04 
4.026263e-02 1.401859e+04 1.452231e+04 
4.328283e-02 1.317303e+04 1.374437e+04 
4.630303e-02 1.245341e+04 1.302181e+04 
4.932323e-02 1.185923e+04 1.234926e+04 
5.234343e-02 1.137480e+04 1.172206e+04 
5.536364e-02 1.096309e+04 1.113625e+04 
5.838384e-02 1.060238e+04 1.058838e+04 
6.140404e-02 1.027353e+04 1.007542e+04 
6.442424e-02 9.955446e+03 9.594706e+03 
6.744444e-02 9.630220e+03 9.143813e+03 
7.046465e-02 9.285741e+03 8.720553e+03 
7.348485e-02 8.916288e+03 8.322926e+03 
7.650505e-02 8.522775e+03 7.949099e+03 
7.952525e-02 8.112015e+03 7.597386e+03 
8.254545e-02 7.694304e+03 7.266236e+03 
8.556566e-02 7.280842e+03 6.954217e+03 
8.858586e-02 6.881891e+03 6.660010e+03 
9.160606e-02 6.506281e+03 6.382395e+03 
9.462626e-02 6.161071e+03 6.120247e+03 
9.764646e-02 5.851490e+03 5.872524e+03 
1.006667e-01 5.581249e+03 5.638266e+03 
1.036869e-01 5.351124e+03 5.416582e+03 
1.067071e-01 5.159508e+03 5.206651e+03 
1.097273e-01 5.001526e+03 5.007710e+03 
1.127475e-01 4.870574e+03 4.819054e+03 
1.157677e-01 4.758639e+03 4.640030e+03 
1.187879e-01 4.658113e+03 4.470034e+03 
1.218081e-01 4.561954e+03 4.308502e+03 
1.248283e-01 4.464761e+03 4.154915e+03 
1.278485e-01 4.362211e+03 4.008788e+03 
1.308687e-01 4.251612e+03 3.869672e+03 
1.338889e-01 4.131514e+03 3.737150e+03 
1.369091e-01 4.002167e+03 3.610832e+03 
1.399293e-01 3.865048e+03 3.490357e+03 
1.429495e-01 3.722790e+03 3.375387e+03 
1.459697e-01 3.578638e+03 3.265609e+03 
1.489899e-01 3.436146e+03 3.160730e+03 
1.520101e-01 3.298621e+03 3.060475e+03 
1.550303e-01 3.169087e+03 2.964590e+03 
1.580505e-01 3.049918e+03 2.872835e+03 
1.610707e-01 2.942821e+03 2.784988e+03 
1.640909e-01 2.848516e+03 2.700839e+03 
1.671111e-01 2.766850e+03 2.620193e+03 
1.701313e-01 2.696804e+03 2.542867e+03 
1.731515e-01 2.636627e+03 2.468687e+03 
1.761717e-01 2.584132e+03 2.397494e+03 
1.791919e-01 2.537089e+03 2.329135e+03 
1.822121e-01 2.493302e+03 2.263469e+03 
1.852323e-01 2.450759e+03 2.200361e+03 
1.882525e-01 2.407679e+03 2.139685e+03 
1.912727e-01 2.362658e+03 2.081324e+03 
1.942929e-01 2.314696e+03 2.025165e+03 
1.973131e-01 2.263237e+03 1.971103e+03 
2.003333e-01 2.208389e+03 1.919040e+03 
2.033535e-01 2.150744e+03 1.868882e+03 
2.063737e-01 2.091335e+03 1.820541e+03 
2.093939e-01 2.031345e+03 1.773933e+03 
2.124141e-01 1.971937e+03 1.728979e+03 
2.154343e-01 1.914197e+03 1.685606e+03 
2.184545e-01 1.859068e+03 1.643742e+03 
2.214747e-01 1.807311e+03 1.603321e+03 
2.244949e-01 1.759480e+03 1.564280e+03 
2.275152e-01 1.715866e+03 1.526559e+03 
2.305354e-01 1.676537e+03 1.490102e+03 
2.335556e-01 1.641222e+03 1.454854e+03 
2.365758e-01 1.609463e+03 1.420765e+03 
2.395960e-01 1.580590e+03 1.387787e+03 
2.426162e-01 1.553894e+03 1.355872e+03 
2.456364e-01 1.528667e+03 1.324978e+03 
2.486566e-01 1.504258e+03 1.295064e+03 
2.516768e-01 1.480083e+03 1.266089e+03 
2.546970e-01 1.455633e+03 1.238016e+03 
2.577172e-01 1.430481e+03 1.210809e+03 
2.607374e-01 1.404399e+03 1.184435e+03 
2.637576e-01 1.377303e+03 1.158860e+03 
2.667778e-01 1.349336e+03 1.134054e+03 
2.697980e-01 1.320769e+03 1.109988e+03 
2.728182e-01 1.292016e+03 1.086634e+03 
2.758384e-01 1.263480e+03 1.063964e+03 
2.788586e-01 1.235528e+03 1.041953e+03 
2.818788e-01 1.208448e+03 1.020577e+03 
2.848990e-01 1.182472e+03 9.998116e+02 
2.879192e-01 1.157774e+03 9.796355e+02 
2.909394e-01 1.134489e+03 9.600271e+02 
2.939596e-01 1.112689e+03 9.409660e+02 
2.969798e-01 1.092383e+03 9.224327e+02 
3.000000e-01 1.073481e+03 9.044085e+02 
