1.000000e-03 4.858148e+03 4.858100e+03 
4.020202e-03 1.619877e+04 1.641885e+04 
7.040404e-03 2.363894e+04 2.410208e+04 
1.006061e-02 2.817438e+04 2.896545e+04 
1.308081e-02 3.052920e+04 3.186311e+04 
1.610101e-02 3.123733e+04 3.339492e+04 
1.912121e-02 3.072501e+04 3.398989e+04 
2.214141e-02 2.935356e+04 3.395813e+04 
2.516162e-02 2.743464e+04 3.351538e+04 
2.818182e-02 2.522947e+04 3.280626e+04 
3.120202e-02 2.294790e+04 3.192723e+04 
3.422222e-02 2.074764e+04 3.094378e+04 
3.724242e-02 1.873516e+04 2.990122e+04 
4.026263e-02 1.697508e+04 2.883126e+04 
4.328283e-02 1.548443e+04 2.775619e+04 
4.630303e-02 1.426404e+04 2.669158e+04 
4.932323e-02 1.331253e+04 2.564821e+04 
5.234343e-02 1.258511e+04 2.463336e+04 
5.536364e-02 1.203412e+04 2.365177e+04 
5.838384e-02 1.161854e+04 2.270634e+04 
6.140404e-02 1.129620e+04 2.179862e+04 
6.442424e-02 1.102442e+04 2.092919e+04 
6.744444e-02 1.076527e+04 2.009795e+04 
7.046465e-02 1.048890e+04 1.930428e+04 
7.348485e-02 1.017282e+04 1.854723e+04 
7.650505e-02 9.803888e+03 1.782562e+04 
7.952525e-02 9.378790e+03 1.713813e+04 
8.254545e-02 8.903921e+03 1.648332e+04 
8.556566e-02 8.392318e+03 1.585975e+04 
8.858586e-02 7.861017e+03 1.526594e+04 
9.160606e-02 7.328952e+03 1.470044e+04 
9.462626e-02 6.814595e+03 1.416181e+04 
9.764646e-02 6.334710e+03 1.364869e+04 
1.006667e-01 5.902951e+03 1.315974e+04 
1.036869e-01 5.528392e+03 1.269368e+04 
1.067071e-01 5.215593e+03 1.224929e+04 
1.097273e-01 4.963842e+03 1.182543e+04 
1.127475e-01 4.769157e+03 1.142098e+04 
1.157677e-01 4.624264e+03 1.103491e+04 
1.187879e-01 4.520396e+03 1.066622e+04 
1.218081e-01 4.447503e+03 1.031400e+04 
1.248283e-01 4.395178e+03 9.977366e+03 
1.278485e-01 4.352897e+03 9.655486e+03 
1.308687e-01 4.310676e+03 9.347582e+03 
1.338889e-01 4.259500e+03 9.052920e+03 
1.369091e-01 4.192634e+03 8.770807e+03 
1.399293e-01 4.105652e+03 8.500593e+03 
1.429495e-01 3.996957e+03 8.241665e+03 
1.459697e-01 3.867458e+03 7.993443e+03 
1.489899e-01 3.719998e+03 7.755384e+03 
1.520101e-01 3.559191e+03 7.526976e+03 
1.550303e-01 3.390513e+03 7.307735e+03 
1.580505e-01 3.220094e+03 7.097207e+03 
1.610707e-01 3.054087e+03 6.894962e+03 
1.640909e-01 2.898400e+03 6.700597e+03 
1.671111e-01 2.757491e+03 6.513729e+03 
1.701313e-01 2.634517e+03 6.333999e+03 
1.731515e-01 2.530685e+03 6.161068e+03 
1.761717e-01 2.446023e+03 5.994613e+03 
1.791919e-01 2.379205e+03 5.834332e+03 
1.822121e-01 2.328221e+03 5.679939e+03 
1.852323e-01 2.290478e+03 5.531163e+03 
1.882525e-01 2.262998e+03 5.387748e+03 
1.912727e-01 2.242531e+03 5.249452e+03 
1.942929e-01 2.225514e+03 5.116045e+03 
1.973131e-01 2.208447e+03 4.987311e+03 
2.003333e-01 2.188142e+03 4.863043e+03 
2.033535e-01 2.162098e+03 4.743046e+03 
2.063737e-01 2.128577e+03 4.627137e+03 
2.093939e-01 2.086962e+03 4.515138e+03 
2.124141e-01 2.037410e+03 4.406885e+03 
2.154343e-01 1.980956e+03 4.302219e+03 
2.184545e-01 1.919060e+03 4.200990e+03 
2.214747e-01 1.853585e+03 4.103056e+03 
2.244949e-01 1.786579e+03 4.008281e+03 
2.275152e-01 1.720186e+03 3.916536e+03 
2.305354e-01 1.656333e+03 3.827699e+03 
2.335556e-01 1.596729e+03 3.741653e+03 
2.365758e-01 1.542668e+03 3.658288e+03 
2.395960e-01 1.495045e+03 3.577497e+03 
2.426162e-01 1.454238e+03 3.499180e+03 
2.456364e-01 1.420174e+03 3.423241e+03 
2.486566e-01 1.392407e+03 3.349589e+03 
2.516768e-01 1.370125e+03 3.278135e+03 
2.546970e-01 1.352294e+03 3.208798e+03 
2.577172e-01 1.337659e+03 3.141496e+03 
2.607374e-01 1.324917e+03 3.076155e+03 
2.637576e-01 1.312778e+03 3.012702e+03 
2.667778e-01 1.300105e+03 2.951068e+03 
2.697980e-01 1.285923e+03 2.891186e+03 
2.728182e-01 1.269552e+03 2.832993e+03 
2.758384e-01 1.250537e+03 2.776429e+03 
2.788586e-01 1.228738e+03 2.721435e+03 
2.818788e-01 1.204255e+03 2.667956e+03 
2.848990e-01 1.177423e+03 2.615940e+03 
2.879192e-01 1.148797e+03 2.565335e+03 
2.909394e-01 1.119064e+03 2.516092e+03 
2.939596e-01 1.088993e+03 2.468165e+03 
2.969798e-01 1.059347e+03 2.421509e+03 
3.000000e-01 1.030827e+03 2.376081e+03 
