1.000000e-03 6.739529e+03 6.739468e+03 
4.020202e-03 2.258651e+04 2.276419e+04 
7.040404e-03 3.300329e+04 3.326867e+04 
1.006061e-02 3.931144e+04 3.968954e+04 
1.308081e-02 4.248829e+04 4.304492e+04 
1.610101e-02 4.326343e+04 4.390823e+04 
1.912121e-02 4.223455e+04 4.269454e+04 
2.214141e-02 3.992262e+04 3.993014e+04 
2.516162e-02 3.678573e+04 3.630095e+04 
2.818182e-02 3.322120e+04 3.246986e+04 
3.120202e-02 2.955131e+04 2.888632e+04 
3.422222e-02 2.602316e+04 2.575076e+04 
3.724242e-02 2.280567e+04 2.309238e+04 
4.026263e-02 1.999991e+04 2.085981e+04 
4.328283e-02 1.763629e+04 1.897907e+04 
4.630303e-02 1.572057e+04 1.738009e+04 
4.932323e-02 1.423612e+04 1.600501e+04 
5.234343e-02 1.312576e+04 1.480876e+04 
5.536364e-02 1.232546e+04 1.375699e+04 
5.838384e-02 1.177392e+04 1.282358e+04 
6.140404e-02 1.141205e+04 1.198856e+04 
6.442424e-02 1.117741e+04 1.123646e+04 
6.744444e-02 1.101474e+04 1.055514e+04 
7.046465e-02 1.087515e+04 9.934899e+03 
7.348485e-02 1.071473e+04 9.367899e+03 
7.650505e-02 1.049851e+04 8.847685e+03 
7.952525e-02 1.020283e+04 8.368885e+03 
8.254545e-02 9.816721e+03 7.926972e+03 
8.556566e-02 9.342719e+03 7.518089e+03 
8.858586e-02 8.794350e+03 7.138921e+03 
9.160606e-02 8.193207e+03 6.786595e+03 
9.462626e-02 7.565742e+03 6.458600e+03 
9.764646e-02 6.939490e+03 6.152734e+03 
1.006667e-01 6.340898e+03 5.867048e+03 
1.036869e-01 5.791285e+03 5.599813e+03 
1.067071e-01 5.306677e+03 5.349489e+03 
1.097273e-01 4.896441e+03 5.114696e+03 
1.127475e-01 4.563687e+03 4.894195e+03 
1.157677e-01 4.306866e+03 4.686870e+03 
1.187879e-01 4.120591e+03 4.491714e+03 
1.218081e-01 3.997230e+03 4.307814e+03 
1.248283e-01 3.926851e+03 4.134341e+03 
1.278485e-01 3.898140e+03 3.970541e+03 
1.308687e-01 3.898650e+03 3.815726e+03 
1.338889e-01 3.915241e+03 3.669270e+03 
1.369091e-01 3.934881e+03 3.530598e+03 
1.399293e-01 3.945774e+03 3.399184e+03 
1.429495e-01 3.937931e+03 3.274544e+03 
1.459697e-01 3.903697e+03 3.156236e+03 
1.489899e-01 3.838473e+03 3.043849e+03 
1.520101e-01 3.740223e+03 2.937008e+03 
1.550303e-01 3.610393e+03 2.835364e+03 
1.580505e-01 3.453010e+03 2.738597e+03 
1.610707e-01 3.275195e+03 2.646409e+03 
1.640909e-01 3.085477e+03 2.558524e+03 
1.671111e-01 2.893166e+03 2.474688e+03 
1.701313e-01 2.706833e+03 2.394663e+03 
1.731515e-01 2.533843e+03 2.318229e+03 
1.761717e-01 2.379155e+03 2.245182e+03 
1.791919e-01 2.246062e+03 2.175330e+03 
1.822121e-01 2.136210e+03 2.108495e+03 
1.852323e-01 2.049872e+03 2.044513e+03 
1.882525e-01 1.986358e+03 1.983228e+03 
1.912727e-01 1.943946e+03 1.924495e+03 
1.942929e-01 1.920087e+03 1.868179e+03 
1.973131e-01 1.911240e+03 1.814154e+03 
2.003333e-01 1.913212e+03 1.762301e+03 
2.033535e-01 1.921391e+03 1.712509e+03 
2.063737e-01 1.931157e+03 1.664674e+03 
2.093939e-01 1.938185e+03 1.618697e+03 
2.124141e-01 1.938854e+03 1.574486e+03 
2.154343e-01 1.930340e+03 1.531956e+03 
2.184545e-01 1.910679e+03 1.491025e+03 
2.214747e-01 1.878975e+03 1.451616e+03 
2.244949e-01 1.835191e+03 1.413657e+03 
2.275152e-01 1.780488e+03 1.377080e+03 
2.305354e-01 1.716779e+03 1.341820e+03 
2.335556e-01 1.646726e+03 1.307819e+03 
2.365758e-01 1.573349e+03 1.275017e+03 
2.395960e-01 1.499787e+03 1.243362e+03 
2.426162e-01 1.428825e+03 1.212801e+03 
2.456364e-01 1.362871e+03 1.183287e+03 
2.486566e-01 1.303751e+03 1.154775e+03 
2.516768e-01 1.252700e+03 1.127219e+03 
2.546970e-01 1.210384e+03 1.100581e+03 
2.577172e-01 1.176907e+03 1.074820e+03 
2.607374e-01 1.151965e+03 1.049899e+03 
2.637576e-01 1.134734e+03 1.025785e+03 
2.667778e-01 1.124083e+03 1.002443e+03 
2.697980e-01 1.118587e+03 9.798413e+02 
2.728182e-01 1.116641e+03 9.579507e+02 
2.758384e-01 1.116557e+03 9.367423e+02 
2.788586e-01 1.116705e+03 9.161889e+02 
2.818788e-01 1.115570e+03 8.962647e+02 
2.848990e-01 1.111838e+03 8.769451e+02 
2.879192e-01 1.104491e+03 8.582066e+02 
2.909394e-01 1.092812e+03 8.400268e+02 
2.939596e-01 1.076523e+03 8.223845e+02 
2.969798e-01 1.055670e+03 8.052594e+02 
3.000000e-01 1.030736e+03 7.886320e+02 
