1.000000e-03 3.194494e+03 3.194461e+03 
4.020202e-03 1.063399e+04 1.071627e+04 
7.040404e-03 1.552100e+04 1.561640e+04 
1.006061e-02 1.854852e+04 1.861374e+04 
1.308081e-02 2.021769e+04 2.023619e+04 
1.610101e-02 2.088925e+04 2.082903e+04 
1.912121e-02 2.083777e+04 2.067142e+04 
2.214141e-02 2.028582e+04 2.003566e+04 
2.516162e-02 1.941311e+04 1.915889e+04 
2.818182e-02 1.836536e+04 1.820174e+04 
3.120202e-02 1.725541e+04 1.724901e+04 
3.422222e-02 1.616542e+04 1.633645e+04 
3.724242e-02 1.514993e+04 1.547546e+04 
4.026263e-02 1.424021e+04 1.466734e+04 
4.328283e-02 1.344886e+04 1.390990e+04 
4.630303e-02 1.277021e+04 1.319998e+04 
4.932323e-02 1.219540e+04 1.253440e+04 
5.234343e-02 1.171134e+04 1.191014e+04 
5.536364e-02 1.128655e+04 1.132443e+04 
5.838384e-02 1.089806e+04 1.077467e+04 
6.140404e-02 1.053136e+04 1.025849e+04 
6.442424e-02 1.016788e+04 9.773635e+03 
6.744444e-02 9.794652e+03 9.318015e+03 
7.046465e-02 9.405175e+03 8.889668e+03 
7.348485e-02 8.998277e+03 8.486760e+03 
7.650505e-02 8.578212e+03 8.107573e+03 
7.952525e-02 8.153181e+03 7.750506e+03 
8.254545e-02 7.733509e+03 7.414067e+03 
8.556566e-02 7.328887e+03 7.096865e+03 
8.858586e-02 6.947519e+03 6.797610e+03 
9.160606e-02 6.595502e+03 6.515099e+03 
9.462626e-02 6.277381e+03 6.248218e+03 
9.764646e-02 5.996003e+03 5.995934e+03 
1.006667e-01 5.752253e+03 5.757287e+03 
1.036869e-01 5.544582e+03 5.531387e+03 
1.067071e-01 5.368626e+03 5.317408e+03 
1.097273e-01 5.218127e+03 5.114587e+03 
1.127475e-01 5.085469e+03 4.922213e+03 
1.157677e-01 4.963445e+03 4.739628e+03 
1.187879e-01 4.845423e+03 4.566220e+03 
1.218081e-01 4.726730e+03 4.401422e+03 
1.248283e-01 4.603816e+03 4.244708e+03 
1.278485e-01 4.474759e+03 4.095587e+03 
1.308687e-01 4.338699e+03 3.953604e+03 
1.338889e-01 4.196372e+03 3.818336e+03 
1.369091e-01 4.049471e+03 3.689388e+03 
1.399293e-01 3.900762e+03 3.566393e+03 
1.429495e-01 3.753252e+03 3.449009e+03 
1.459697e-01 3.610045e+03 3.336916e+03 
1.489899e-01 3.473710e+03 3.229817e+03 
1.520101e-01 3.346379e+03 3.127433e+03 
1.550303e-01 3.229558e+03 3.029506e+03 
1.580505e-01 3.124289e+03 2.935791e+03 
1.610707e-01 3.030721e+03 2.846062e+03 
1.640909e-01 2.948419e+03 2.760106e+03 
1.671111e-01 2.876012e+03 2.677724e+03 
1.701313e-01 2.811702e+03 2.598729e+03 
1.731515e-01 2.753245e+03 2.522945e+03 
1.761717e-01 2.698480e+03 2.450209e+03 
1.791919e-01 2.645431e+03 2.380367e+03 
1.822121e-01 2.592591e+03 2.313272e+03 
1.852323e-01 2.538845e+03 2.248789e+03 
1.882525e-01 2.483453e+03 2.186790e+03 
1.912727e-01 2.425943e+03 2.127153e+03 
1.942929e-01 2.366307e+03 2.069765e+03 
1.973131e-01 2.304847e+03 2.014519e+03 
2.003333e-01 2.242386e+03 1.961314e+03 
2.033535e-01 2.179902e+03 1.910054e+03 
2.063737e-01 2.118476e+03 1.860650e+03 
2.093939e-01 2.059064e+03 1.813016e+03 
2.124141e-01 2.002426e+03 1.767071e+03 
2.154343e-01 1.949120e+03 1.722741e+03 
2.184545e-01 1.899512e+03 1.679953e+03 
2.214747e-01 1.853717e+03 1.638639e+03 
2.244949e-01 1.811667e+03 1.598735e+03 
2.275152e-01 1.773056e+03 1.560179e+03 
2.305354e-01 1.737450e+03 1.522915e+03 
2.335556e-01 1.704285e+03 1.486886e+03 
2.365758e-01 1.672966e+03 1.452041e+03 
2.395960e-01 1.642911e+03 1.418331e+03 
2.426162e-01 1.613594e+03 1.385708e+03 
2.456364e-01 1.584578e+03 1.354128e+03 
2.486566e-01 1.555513e+03 1.323548e+03 
2.516768e-01 1.526135e+03 1.293929e+03 
2.546970e-01 1.496316e+03 1.265231e+03 
2.577172e-01 1.466039e+03 1.237419e+03 
2.607374e-01 1.435465e+03 1.210458e+03 
2.637576e-01 1.404853e+03 1.184314e+03 
2.667778e-01 1.374552e+03 1.158956e+03 
2.697980e-01 1.344904e+03 1.134354e+03 
2.728182e-01 1.316155e+03 1.110479e+03 
2.758384e-01 1.288491e+03 1.087303e+03 
2.788586e-01 1.262009e+03 1.064801e+03 
2.818788e-01 1.236777e+03 1.042948e+03 
2.848990e-01 1.212830e+03 1.021720e+03 
2.879192e-01 1.190162e+03 1.001094e+03 
2.909394e-01 1.168727e+03 9.810480e+02 
2.939596e-01 1.148404e+03 9.615615e+02 
2.969798e-01 1.129024e+03 9.426146e+02 
3.000000e-01 1.110386e+03 9.241881e+02 
