1.000000e-03 4.140150e+03 4.140113e+03 
4.020202e-03 1.385224e+04 1.395933e+04 
7.040404e-03 2.030489e+04 2.045027e+04 
1.006061e-02 2.431400e+04 2.447844e+04 
1.308081e-02 2.647928e+04 2.667053e+04 
1.610101e-02 2.724504e+04 2.740901e+04 
1.912121e-02 2.696810e+04 2.699581e+04 
2.214141e-02 2.594904e+04 2.577793e+04 
2.516162e-02 2.444727e+04 2.413489e+04 
2.818182e-02 2.268145e+04 2.237937e+04 
3.120202e-02 2.082758e+04 2.069825e+04 
3.422222e-02 1.901908e+04 1.916903e+04 
3.724242e-02 1.734759e+04 1.780539e+04 
4.026263e-02 1.587088e+04 1.659373e+04 
4.328283e-02 1.460787e+04 1.551295e+04 
4.630303e-02 1.355908e+04 1.454260e+04 
4.932323e-02 1.272770e+04 1.366543e+04 
5.234343e-02 1.208055e+04 1.286758e+04 
5.536364e-02 1.157523e+04 1.213802e+04 
5.838384e-02 1.117706e+04 1.146796e+04 
6.140404e-02 1.085453e+04 1.085031e+04 
6.442424e-02 1.057342e+04 1.027922e+04 
6.744444e-02 1.030046e+04 9.749839e+03 
7.046465e-02 1.001090e+04 9.258031e+03 
7.348485e-02 9.687180e+03 8.800249e+03 
7.650505e-02 9.319861e+03 8.373412e+03 
7.952525e-02 8.908425e+03 7.974811e+03 
8.254545e-02 8.460101e+03 7.602055e+03 
8.556566e-02 7.986904e+03 7.253009e+03 
8.858586e-02 7.503507e+03 6.925765e+03 
9.160606e-02 7.025158e+03 6.618607e+03 
9.462626e-02 6.566257e+03 6.329985e+03 
9.764646e-02 6.140080e+03 6.058496e+03 
1.006667e-01 5.757081e+03 5.802865e+03 
1.036869e-01 5.424842e+03 5.561933e+03 
1.067071e-01 5.146474e+03 5.334644e+03 
1.097273e-01 4.921247e+03 5.120030e+03 
1.127475e-01 4.744737e+03 4.917207e+03 
1.157677e-01 4.609923e+03 4.725365e+03 
1.187879e-01 4.508306e+03 4.543760e+03 
1.218081e-01 4.430718e+03 4.371708e+03 
1.248283e-01 4.368002e+03 4.208579e+03 
1.278485e-01 4.311457e+03 4.053793e+03 
1.308687e-01 4.253099e+03 3.906815e+03 
1.338889e-01 4.185876e+03 3.767152e+03 
1.369091e-01 4.104815e+03 3.634346e+03 
1.399293e-01 4.006703e+03 3.507973e+03 
1.429495e-01 3.891078e+03 3.387643e+03 
1.459697e-01 3.759163e+03 3.272992e+03 
1.489899e-01 3.614207e+03 3.163683e+03 
1.520101e-01 3.460443e+03 3.059402e+03 
1.550303e-01 3.302921e+03 2.959858e+03 
1.580505e-01 3.146786e+03 2.864779e+03 
1.610707e-01 2.997067e+03 2.773914e+03 
1.640909e-01 2.858031e+03 2.687026e+03 
1.671111e-01 2.733121e+03 2.603897e+03 
1.701313e-01 2.624339e+03 2.524319e+03 
1.731515e-01 2.532489e+03 2.448103e+03 
1.761717e-01 2.457090e+03 2.375068e+03 
1.791919e-01 2.396707e+03 2.305046e+03 
1.822121e-01 2.349253e+03 2.237880e+03 
1.852323e-01 2.312193e+03 2.173423e+03 
1.882525e-01 2.282743e+03 2.111537e+03 
1.912727e-01 2.257886e+03 2.052091e+03 
1.942929e-01 2.234628e+03 1.994963e+03 
1.973131e-01 2.210100e+03 1.940040e+03 
2.003333e-01 2.181965e+03 1.887213e+03 
2.033535e-01 2.148403e+03 1.836380e+03 
2.063737e-01 2.108523e+03 1.787447e+03 
2.093939e-01 2.062064e+03 1.740323e+03 
2.124141e-01 2.009597e+03 1.694923e+03 
2.154343e-01 1.952152e+03 1.651167e+03 
2.184545e-01 1.891201e+03 1.608980e+03 
2.214747e-01 1.828434e+03 1.568290e+03 
2.244949e-01 1.765662e+03 1.529029e+03 
2.275152e-01 1.704610e+03 1.491134e+03 
2.305354e-01 1.646846e+03 1.454544e+03 
2.335556e-01 1.593584e+03 1.419203e+03 
2.365758e-01 1.545682e+03 1.385055e+03 
2.395960e-01 1.503564e+03 1.352050e+03 
2.426162e-01 1.467281e+03 1.320139e+03 
2.456364e-01 1.436583e+03 1.289275e+03 
2.486566e-01 1.410903e+03 1.259416e+03 
2.516768e-01 1.389478e+03 1.230519e+03 
2.546970e-01 1.371319e+03 1.202545e+03 
2.577172e-01 1.355338e+03 1.175456e+03 
2.607374e-01 1.340370e+03 1.149217e+03 
2.637576e-01 1.325345e+03 1.123793e+03 
2.667778e-01 1.309325e+03 1.099153e+03 
2.697980e-01 1.291671e+03 1.075265e+03 
2.728182e-01 1.271959e+03 1.052101e+03 
2.758384e-01 1.250076e+03 1.029632e+03 
2.788586e-01 1.226089e+03 1.007832e+03 
2.818788e-01 1.200256e+03 9.866747e+02 
2.848990e-01 1.172956e+03 9.661367e+02 
2.879192e-01 1.144667e+03 9.461948e+02 
2.909394e-01 1.115986e+03 9.268267e+02 
2.939596e-01 1.087554e+03 9.080114e+02 
2.969798e-01 1.059989e+03 8.897288e+02 
3.000000e-01 1.033835e+03 8.719595e+02 
