1.000000e-03 3.543015e+03 3.542979e+03 
4.020202e-03 1.172406e+04 1.181487e+04 
7.040404e-03 1.706848e+04 1.717801e+04 
1.006061e-02 2.035264e+04 2.044216e+04 
1.308081e-02 2.212789e+04 2.218500e+04 
1.610101e-02 2.278986e+04 2.277536e+04 
1.912121e-02 2.264376e+04 2.251083e+04 
2.214141e-02 2.193639e+04 2.169452e+04 
2.516162e-02 2.087236e+04 2.060499e+04 
2.818182e-02 1.961710e+04 1.943842e+04 
3.120202e-02 1.830046e+04 1.829929e+04 
3.422222e-02 1.701715e+04 1.722920e+04 
3.724242e-02 1.583022e+04 1.623794e+04 
4.026263e-02 1.477678e+04 1.532260e+04 
4.328283e-02 1.387037e+04 1.447656e+04 
4.630303e-02 1.310283e+04 1.369282e+04 
4.932323e-02 1.247001e+04 1.296516e+04 
5.234343e-02 1.195364e+04 1.228821e+04 
5.536364e-02 1.151278e+04 1.165739e+04 
5.838384e-02 1.112511e+04 1.106873e+04 
6.140404e-02 1.076947e+04 1.051876e+04 
6.442424e-02 1.042006e+04 1.000441e+04 
6.744444e-02 1.006078e+04 9.522908e+03 
7.046465e-02 9.681427e+03 9.071750e+03 
7.348485e-02 9.276983e+03 8.648662e+03 
7.650505e-02 8.849749e+03 8.251568e+03 
7.952525e-02 8.407450e+03 7.878563e+03 
8.254545e-02 7.961093e+03 7.527903e+03 
8.556566e-02 7.522446e+03 7.197985e+03 
8.858586e-02 7.102189e+03 6.887334e+03 
9.160606e-02 6.709469e+03 6.594593e+03 
9.462626e-02 6.351531e+03 6.318515e+03 
9.764646e-02 6.033466e+03 6.057949e+03 
1.006667e-01 5.758523e+03 5.811834e+03 
1.036869e-01 5.526100e+03 5.579192e+03 
1.067071e-01 5.333241e+03 5.359122e+03 
1.097273e-01 5.173882e+03 5.150791e+03 
1.127475e-01 5.040572e+03 4.953428e+03 
1.157677e-01 4.924690e+03 4.766322e+03 
1.187879e-01 4.818499e+03 4.588817e+03 
1.218081e-01 4.715180e+03 4.420302e+03 
1.248283e-01 4.609421e+03 4.260214e+03 
1.278485e-01 4.497001e+03 4.108030e+03 
1.308687e-01 4.375472e+03 3.963265e+03 
1.338889e-01 4.243765e+03 3.825469e+03 
1.369091e-01 4.102898e+03 3.694224e+03 
1.399293e-01 3.955066e+03 3.569142e+03 
1.429495e-01 3.803620e+03 3.449862e+03 
1.459697e-01 3.652146e+03 3.336047e+03 
1.489899e-01 3.504289e+03 3.227383e+03 
1.520101e-01 3.363221e+03 3.123579e+03 
1.550303e-01 3.231730e+03 3.024362e+03 
1.580505e-01 3.111865e+03 2.929478e+03 
1.610707e-01 3.005049e+03 2.838689e+03 
1.640909e-01 2.911703e+03 2.751774e+03 
1.671111e-01 2.831339e+03 2.668523e+03 
1.701313e-01 2.762449e+03 2.588744e+03 
1.731515e-01 2.702941e+03 2.512253e+03 
1.761717e-01 2.650335e+03 2.438880e+03 
1.791919e-01 2.602195e+03 2.368464e+03 
1.822121e-01 2.556214e+03 2.300856e+03 
1.852323e-01 2.510533e+03 2.235913e+03 
1.882525e-01 2.463576e+03 2.173503e+03 
1.912727e-01 2.414168e+03 2.113502e+03 
1.942929e-01 2.361553e+03 2.055792e+03 
1.973131e-01 2.305484e+03 2.000261e+03 
2.003333e-01 2.246297e+03 1.946807e+03 
2.033535e-01 2.184794e+03 1.895331e+03 
2.063737e-01 2.122146e+03 1.845739e+03 
2.093939e-01 2.059657e+03 1.797946e+03 
2.124141e-01 1.998535e+03 1.751867e+03 
2.154343e-01 1.939868e+03 1.707425e+03 
2.184545e-01 1.884519e+03 1.664547e+03 
2.214747e-01 1.833115e+03 1.623162e+03 
2.244949e-01 1.786003e+03 1.583205e+03 
2.275152e-01 1.743252e+03 1.544613e+03 
2.305354e-01 1.704704e+03 1.507327e+03 
2.335556e-01 1.669949e+03 1.471290e+03 
2.365758e-01 1.638428e+03 1.436450e+03 
2.395960e-01 1.609451e+03 1.402756e+03 
2.426162e-01 1.582296e+03 1.370159e+03 
2.456364e-01 1.556260e+03 1.338616e+03 
2.486566e-01 1.530684e+03 1.308082e+03 
2.516768e-01 1.504967e+03 1.278516e+03 
2.546970e-01 1.478664e+03 1.249879e+03 
2.577172e-01 1.451471e+03 1.222135e+03 
2.607374e-01 1.423316e+03 1.195247e+03 
2.637576e-01 1.394283e+03 1.169182e+03 
2.667778e-01 1.364676e+03 1.143908e+03 
2.697980e-01 1.334857e+03 1.119394e+03 
2.728182e-01 1.305202e+03 1.095612e+03 
2.758384e-01 1.276058e+03 1.072533e+03 
2.788586e-01 1.247733e+03 1.050130e+03 
2.818788e-01 1.220482e+03 1.028380e+03 
2.848990e-01 1.194520e+03 1.007257e+03 
2.879192e-01 1.170001e+03 9.867379e+02 
2.909394e-01 1.147029e+03 9.668015e+02 
2.939596e-01 1.125595e+03 9.474262e+02 
2.969798e-01 1.105616e+03 9.285920e+02 
3.000000e-01 1.086903e+03 9.102796e+02 
