1.000000e-03 4.377583e+03 4.377539e+03 
4.020202e-03 1.466458e+04 1.477828e+04 
7.040404e-03 2.147781e+04 2.163270e+04 
1.006061e-02 2.568477e+04 2.586419e+04 
1.308081e-02 2.792676e+04 2.814134e+04 
1.610101e-02 2.867783e+04 2.886840e+04 
1.912121e-02 2.831884e+04 2.836234e+04 
2.214141e-02 2.717191e+04 2.699157e+04 
2.516162e-02 2.551572e+04 2.516602e+04 
2.818182e-02 2.358400e+04 2.322812e+04 
3.120202e-02 2.156609e+04 2.138404e+04 
3.422222e-02 1.960500e+04 1.971861e+04 
3.724242e-02 1.779894e+04 1.824501e+04 
4.026263e-02 1.620879e+04 1.694584e+04 
4.328283e-02 1.485391e+04 1.579554e+04 
4.630303e-02 1.373490e+04 1.476971e+04 
4.932323e-02 1.285393e+04 1.384791e+04 
5.234343e-02 1.217453e+04 1.301384e+04 
5.536364e-02 1.165219e+04 1.225462e+04 
5.838384e-02 1.125036e+04 1.156008e+04 
6.140404e-02 1.093290e+04 1.092208e+04 
6.442424e-02 1.066228e+04 1.033397e+04 
6.744444e-02 1.040334e+04 9.790279e+03 
7.046465e-02 1.012874e+04 9.286385e+03 
7.348485e-02 9.818595e+03 8.818365e+03 
7.650505e-02 9.461350e+03 8.382829e+03 
7.952525e-02 9.054514e+03 7.976827e+03 
8.254545e-02 8.604339e+03 7.597763e+03 
8.556566e-02 8.122740e+03 7.243340e+03 
8.858586e-02 7.625026e+03 6.911514e+03 
9.160606e-02 7.127768e+03 6.600453e+03 
9.462626e-02 6.647190e+03 6.308513e+03 
9.764646e-02 6.198446e+03 6.034210e+03 
1.006667e-01 5.793555e+03 5.776201e+03 
1.036869e-01 5.441230e+03 5.533269e+03 
1.067071e-01 5.145417e+03 5.304306e+03 
1.097273e-01 4.905987e+03 5.088304e+03 
1.127475e-01 4.719165e+03 4.884340e+03 
1.157677e-01 4.578048e+03 4.691573e+03 
1.187879e-01 4.474139e+03 4.509231e+03 
1.218081e-01 4.398234e+03 4.336606e+03 
1.248283e-01 4.340863e+03 4.173048e+03 
1.278485e-01 4.292434e+03 4.017958e+03 
1.308687e-01 4.244020e+03 3.870785e+03 
1.338889e-01 4.187565e+03 3.731021e+03 
1.369091e-01 4.117065e+03 3.598197e+03 
1.399293e-01 4.028313e+03 3.471879e+03 
1.429495e-01 3.920200e+03 3.351667e+03 
1.459697e-01 3.793475e+03 3.237187e+03 
1.489899e-01 3.650978e+03 3.128096e+03 
1.520101e-01 3.496854e+03 3.024074e+03 
1.550303e-01 3.336278e+03 2.924824e+03 
1.580505e-01 3.174795e+03 2.830069e+03 
1.610707e-01 3.017952e+03 2.739553e+03 
1.640909e-01 2.870724e+03 2.653036e+03 
1.671111e-01 2.737228e+03 2.570294e+03 
1.701313e-01 2.620239e+03 2.491120e+03 
1.731515e-01 2.521043e+03 2.415319e+03 
1.761717e-01 2.439573e+03 2.342709e+03 
1.791919e-01 2.374596e+03 2.273121e+03 
1.822121e-01 2.324198e+03 2.206394e+03 
1.852323e-01 2.285856e+03 2.142380e+03 
1.882525e-01 2.256765e+03 2.080939e+03 
1.912727e-01 2.233863e+03 2.021940e+03 
1.942929e-01 2.213988e+03 1.965260e+03 
1.973131e-01 2.193956e+03 1.910784e+03 
2.003333e-01 2.170981e+03 1.858402e+03 
2.033535e-01 2.142729e+03 1.808013e+03 
2.063737e-01 2.107827e+03 1.759520e+03 
2.093939e-01 2.065630e+03 1.712832e+03 
2.124141e-01 2.016413e+03 1.667865e+03 
2.154343e-01 1.961051e+03 1.624538e+03 
2.184545e-01 1.900927e+03 1.582774e+03 
2.214747e-01 1.837788e+03 1.542502e+03 
2.244949e-01 1.773544e+03 1.503655e+03 
2.275152e-01 1.710115e+03 1.466167e+03 
2.305354e-01 1.649270e+03 1.429979e+03 
2.335556e-01 1.592500e+03 1.395034e+03 
2.365758e-01 1.540921e+03 1.361276e+03 
2.395960e-01 1.495285e+03 1.328655e+03 
2.426162e-01 1.455878e+03 1.297122e+03 
2.456364e-01 1.422663e+03 1.266630e+03 
2.486566e-01 1.395184e+03 1.237136e+03 
2.516768e-01 1.372736e+03 1.208599e+03 
2.546970e-01 1.354335e+03 1.180978e+03 
2.577172e-01 1.338850e+03 1.154236e+03 
2.607374e-01 1.325047e+03 1.128337e+03 
2.637576e-01 1.311743e+03 1.103249e+03 
2.667778e-01 1.297855e+03 1.078937e+03 
2.697980e-01 1.282568e+03 1.055372e+03 
2.728182e-01 1.265278e+03 1.032524e+03 
2.758384e-01 1.245656e+03 1.010366e+03 
2.788586e-01 1.223596e+03 9.888710e+02 
2.818788e-01 1.199200e+03 9.680133e+02 
2.848990e-01 1.172793e+03 9.477691e+02 
2.879192e-01 1.144849e+03 9.281153e+02 
2.909394e-01 1.116004e+03 9.090299e+02 
2.939596e-01 1.086944e+03 8.904920e+02 
2.969798e-01 1.058375e+03 8.724814e+02 
3.000000e-01 1.030928e+03 8.549791e+02 
