1.000000e-03 4.343692e+03 4.343652e+03 
4.020202e-03 1.438821e+04 1.449950e+04 
7.040404e-03 2.100422e+04 2.115447e+04 
1.006061e-02 2.508432e+04 2.525404e+04 
1.308081e-02 2.726282e+04 2.746033e+04 
1.610101e-02 2.800474e+04 2.817357e+04 
1.912121e-02 2.767944e+04 2.770738e+04 
2.214141e-02 2.659846e+04 2.642026e+04 
2.516162e-02 2.502845e+04 2.470313e+04 
2.818182e-02 2.319351e+04 2.287726e+04 
3.120202e-02 2.127395e+04 2.113390e+04 
3.422222e-02 1.940586e+04 1.955154e+04 
3.724242e-02 1.768242e+04 1.814312e+04 
4.026263e-02 1.616182e+04 1.689372e+04 
4.328283e-02 1.486261e+04 1.578091e+04 
4.630303e-02 1.378490e+04 1.478317e+04 
4.932323e-02 1.293126e+04 1.388234e+04 
5.234343e-02 1.226708e+04 1.306389e+04 
5.536364e-02 1.174879e+04 1.231625e+04 
5.838384e-02 1.134086e+04 1.163025e+04 
6.140404e-02 1.101100e+04 1.099843e+04 
6.442424e-02 1.072388e+04 1.041472e+04 
6.744444e-02 1.044534e+04 9.874036e+03 
7.046465e-02 1.015025e+04 9.372070e+03 
7.348485e-02 9.820625e+03 8.905132e+03 
7.650505e-02 9.446691e+03 8.470018e+03 
7.952525e-02 9.027765e+03 8.063917e+03 
8.254545e-02 8.571325e+03 7.684347e+03 
8.556566e-02 8.089588e+03 7.329101e+03 
8.858586e-02 7.597372e+03 6.996202e+03 
9.160606e-02 7.110232e+03 6.683877e+03 
9.462626e-02 6.642901e+03 6.390526e+03 
9.764646e-02 6.208933e+03 6.114701e+03 
1.006667e-01 5.818929e+03 5.855090e+03 
1.036869e-01 5.480580e+03 5.610500e+03 
1.067071e-01 5.197212e+03 5.379841e+03 
1.097273e-01 4.968069e+03 5.162122e+03 
1.127475e-01 4.788546e+03 4.956432e+03 
1.157677e-01 4.651474e+03 4.761942e+03 
1.187879e-01 4.548262e+03 4.577886e+03 
1.218081e-01 4.469653e+03 4.403564e+03 
1.248283e-01 4.406349e+03 4.238331e+03 
1.278485e-01 4.349390e+03 4.081593e+03 
1.308687e-01 4.290647e+03 3.932802e+03 
1.338889e-01 4.223035e+03 3.791452e+03 
1.369091e-01 4.141448e+03 3.657076e+03 
1.399293e-01 4.042498e+03 3.529242e+03 
1.429495e-01 3.925693e+03 3.407549e+03 
1.459697e-01 3.792292e+03 3.291627e+03 
1.489899e-01 3.645615e+03 3.181130e+03 
1.520101e-01 3.489935e+03 3.075740e+03 
1.550303e-01 3.330293e+03 2.975159e+03 
1.580505e-01 3.171939e+03 2.879111e+03 
1.610707e-01 3.020046e+03 2.787337e+03 
1.640909e-01 2.878979e+03 2.699599e+03 
1.671111e-01 2.752229e+03 2.615671e+03 
1.701313e-01 2.641812e+03 2.535346e+03 
1.731515e-01 2.548548e+03 2.458427e+03 
1.761717e-01 2.472018e+03 2.384732e+03 
1.791919e-01 2.410773e+03 2.314091e+03 
1.822121e-01 2.362693e+03 2.246342e+03 
1.852323e-01 2.325211e+03 2.181337e+03 
1.882525e-01 2.295506e+03 2.118935e+03 
1.912727e-01 2.270493e+03 2.059004e+03 
1.942929e-01 2.247147e+03 2.001419e+03 
1.973131e-01 2.222598e+03 1.946065e+03 
2.003333e-01 2.194459e+03 1.892831e+03 
2.033535e-01 2.160829e+03 1.841616e+03 
2.063737e-01 2.120793e+03 1.792321e+03 
2.093939e-01 2.074078e+03 1.744856e+03 
2.124141e-01 2.021234e+03 1.699134e+03 
2.154343e-01 1.963295e+03 1.655074e+03 
2.184545e-01 1.901754e+03 1.612599e+03 
2.214747e-01 1.838331e+03 1.571638e+03 
2.244949e-01 1.774860e+03 1.532120e+03 
2.275152e-01 1.713097e+03 1.493982e+03 
2.305354e-01 1.654632e+03 1.457163e+03 
2.335556e-01 1.600698e+03 1.421604e+03 
2.365758e-01 1.552174e+03 1.387251e+03 
2.395960e-01 1.509520e+03 1.354051e+03 
2.426162e-01 1.472788e+03 1.321956e+03 
2.456364e-01 1.441720e+03 1.290918e+03 
2.486566e-01 1.415754e+03 1.260893e+03 
2.516768e-01 1.394132e+03 1.231840e+03 
2.546970e-01 1.375844e+03 1.203717e+03 
2.577172e-01 1.359785e+03 1.176488e+03 
2.607374e-01 1.344779e+03 1.150116e+03 
2.637576e-01 1.329744e+03 1.124566e+03 
2.667778e-01 1.313723e+03 1.099806e+03 
2.697980e-01 1.296061e+03 1.075805e+03 
2.728182e-01 1.276318e+03 1.052533e+03 
2.758384e-01 1.254374e+03 1.029962e+03 
2.788586e-01 1.230286e+03 1.008065e+03 
2.818788e-01 1.204305e+03 9.868164e+02 
2.848990e-01 1.176814e+03 9.661916e+02 
2.879192e-01 1.148304e+03 9.461672e+02 
2.909394e-01 1.119377e+03 9.267209e+02 
2.939596e-01 1.090678e+03 9.078315e+02 
2.969798e-01 1.062849e+03 8.894787e+02 
3.000000e-01 1.036443e+03 8.716428e+02 
