1.000000e-03 3.730935e+03 3.730902e+03 
4.020202e-03 1.230711e+04 1.240274e+04 
7.040404e-03 1.788235e+04 1.799900e+04 
1.006061e-02 2.128595e+04 2.138646e+04 
1.308081e-02 2.310221e+04 2.317558e+04 
1.610101e-02 2.374893e+04 2.375301e+04 
1.912121e-02 2.354789e+04 2.343076e+04 
2.214141e-02 2.276101e+04 2.252934e+04 
2.516162e-02 2.160414e+04 2.134543e+04 
2.818182e-02 2.025237e+04 2.008843e+04 
3.120202e-02 1.884230e+04 1.886917e+04 
3.422222e-02 1.747400e+04 1.773064e+04 
3.724242e-02 1.621335e+04 1.668165e+04 
4.026263e-02 1.509867e+04 1.571757e+04 
4.328283e-02 1.414317e+04 1.483009e+04 
4.630303e-02 1.333770e+04 1.401083e+04 
4.932323e-02 1.267823e+04 1.325244e+04 
5.234343e-02 1.214305e+04 1.254869e+04 
5.536364e-02 1.168935e+04 1.189432e+04 
5.838384e-02 1.129377e+04 1.128487e+04 
6.140404e-02 1.093228e+04 1.071642e+04 
6.442424e-02 1.057784e+04 1.018558e+04 
6.744444e-02 1.021317e+04 9.689305e+03 
7.046465e-02 9.826913e+03 9.224865e+03 
7.348485e-02 9.413615e+03 8.789799e+03 
7.650505e-02 8.975651e+03 8.381872e+03 
7.952525e-02 8.520788e+03 7.999048e+03 
8.254545e-02 8.060121e+03 7.639465e+03 
8.556566e-02 7.606300e+03 7.301423e+03 
8.858586e-02 7.170710e+03 6.983360e+03 
9.160606e-02 6.763234e+03 6.683845e+03 
9.462626e-02 6.391975e+03 6.401565e+03 
9.764646e-02 6.062502e+03 6.135311e+03 
1.006667e-01 5.778232e+03 5.883973e+03 
1.036869e-01 5.538835e+03 5.646528e+03 
1.067071e-01 5.341202e+03 5.422033e+03 
1.097273e-01 5.178966e+03 5.209621e+03 
1.127475e-01 5.044356e+03 5.008491e+03 
1.157677e-01 4.928689e+03 4.817902e+03 
1.187879e-01 4.823929e+03 4.637172e+03 
1.218081e-01 4.722712e+03 4.465670e+03 
1.248283e-01 4.619256e+03 4.302810e+03 
1.278485e-01 4.508914e+03 4.148052e+03 
1.308687e-01 4.388802e+03 4.000895e+03 
1.338889e-01 4.257711e+03 3.860873e+03 
1.369091e-01 4.116473e+03 3.727556e+03 
1.399293e-01 3.967357e+03 3.600542e+03 
1.429495e-01 3.813728e+03 3.479458e+03 
1.459697e-01 3.659391e+03 3.363959e+03 
1.489899e-01 3.508220e+03 3.253722e+03 
1.520101e-01 3.363573e+03 3.148447e+03 
1.550303e-01 3.228426e+03 3.047852e+03 
1.580505e-01 3.105161e+03 2.951678e+03 
1.610707e-01 2.995395e+03 2.859679e+03 
1.640909e-01 2.899781e+03 2.771629e+03 
1.671111e-01 2.817840e+03 2.687313e+03 
1.701313e-01 2.748156e+03 2.606532e+03 
1.731515e-01 2.688488e+03 2.529100e+03 
1.761717e-01 2.636252e+03 2.454842e+03 
1.791919e-01 2.588942e+03 2.383593e+03 
1.822121e-01 2.544201e+03 2.315200e+03 
1.852323e-01 2.499987e+03 2.249518e+03 
1.882525e-01 2.454565e+03 2.186411e+03 
1.912727e-01 2.406571e+03 2.125752e+03 
1.942929e-01 2.355149e+03 2.067420e+03 
1.973131e-01 2.299901e+03 2.011304e+03 
2.003333e-01 2.241151e+03 1.957295e+03 
2.033535e-01 2.179653e+03 1.905294e+03 
2.063737e-01 2.116635e+03 1.855207e+03 
2.093939e-01 2.053440e+03 1.806945e+03 
2.124141e-01 1.991402e+03 1.760422e+03 
2.154343e-01 1.931683e+03 1.715559e+03 
2.184545e-01 1.875222e+03 1.672282e+03 
2.214747e-01 1.822721e+03 1.630519e+03 
2.244949e-01 1.774670e+03 1.590204e+03 
2.275152e-01 1.731172e+03 1.551271e+03 
2.305354e-01 1.692105e+03 1.513662e+03 
2.335556e-01 1.657084e+03 1.477318e+03 
2.365758e-01 1.625571e+03 1.442187e+03 
2.395960e-01 1.596854e+03 1.408215e+03 
2.426162e-01 1.570181e+03 1.375356e+03 
2.456364e-01 1.544785e+03 1.343562e+03 
2.486566e-01 1.519937e+03 1.312789e+03 
2.516768e-01 1.494958e+03 1.282997e+03 
2.546970e-01 1.469347e+03 1.254144e+03 
2.577172e-01 1.442750e+03 1.226194e+03 
2.607374e-01 1.415081e+03 1.199110e+03 
2.637576e-01 1.386412e+03 1.172858e+03 
2.667778e-01 1.357020e+03 1.147406e+03 
2.697980e-01 1.327251e+03 1.122723e+03 
2.728182e-01 1.297505e+03 1.098779e+03 
2.758384e-01 1.268148e+03 1.075545e+03 
2.788586e-01 1.239515e+03 1.052996e+03 
2.818788e-01 1.211908e+03 1.031104e+03 
2.848990e-01 1.185594e+03 1.009847e+03 
2.879192e-01 1.160768e+03 9.891997e+02 
2.909394e-01 1.137555e+03 9.691406e+02 
2.939596e-01 1.115975e+03 9.496482e+02 
2.969798e-01 1.095938e+03 9.307020e+02 
3.000000e-01 1.077250e+03 9.122826e+02 
