1.000000e-03 6.027706e+03 6.027650e+03 
4.020202e-03 1.975122e+04 1.990815e+04 
7.040404e-03 2.842462e+04 2.863911e+04 
1.006061e-02 3.346250e+04 3.372767e+04 
1.308081e-02 3.584086e+04 3.617778e+04 
1.610101e-02 3.625535e+04 3.657200e+04 
1.912121e-02 3.525107e+04 3.536419e+04 
2.214141e-02 3.327955e+04 3.308332e+04 
2.516162e-02 3.072513e+04 3.030698e+04 
2.818182e-02 2.790314e+04 2.749906e+04 
3.120202e-02 2.506185e+04 2.491930e+04 
3.422222e-02 2.238085e+04 2.265617e+04 
3.724242e-02 1.997567e+04 2.070382e+04 
4.026263e-02 1.791089e+04 1.902080e+04 
4.328283e-02 1.619397e+04 1.756012e+04 
4.630303e-02 1.481576e+04 1.628044e+04 
4.932323e-02 1.376634e+04 1.514857e+04 
5.234343e-02 1.298467e+04 1.413874e+04 
5.536364e-02 1.241129e+04 1.323104e+04 
5.838384e-02 1.199408e+04 1.241002e+04 
6.140404e-02 1.167497e+04 1.166348e+04 
6.442424e-02 1.140728e+04 1.098168e+04 
6.744444e-02 1.115134e+04 1.035667e+04 
7.046465e-02 1.087186e+04 9.781905e+03 
7.348485e-02 1.054216e+04 9.251867e+03 
7.650505e-02 1.014618e+04 8.761882e+03 
7.952525e-02 9.679868e+03 8.307935e+03 
8.254545e-02 9.151994e+03 7.886546e+03 
8.556566e-02 8.580431e+03 7.494674e+03 
8.858586e-02 7.987783e+03 7.129646e+03 
9.160606e-02 7.398047e+03 6.789097e+03 
9.462626e-02 6.833329e+03 6.470925e+03 
9.764646e-02 6.312528e+03 6.173255e+03 
1.006667e-01 5.849730e+03 5.894405e+03 
1.036869e-01 5.453610e+03 5.632864e+03 
1.067071e-01 5.128048e+03 5.387271e+03 
1.097273e-01 4.871600e+03 5.156395e+03 
1.127475e-01 4.679473e+03 4.939119e+03 
1.157677e-01 4.543060e+03 4.734431e+03 
1.187879e-01 4.451917e+03 4.541409e+03 
1.218081e-01 4.393960e+03 4.359214e+03 
1.248283e-01 4.356608e+03 4.187079e+03 
1.278485e-01 4.327254e+03 4.024302e+03 
1.308687e-01 4.294704e+03 3.870241e+03 
1.338889e-01 4.249357e+03 3.724306e+03 
1.369091e-01 4.184494e+03 3.585956e+03 
1.399293e-01 4.095871e+03 3.454693e+03 
1.429495e-01 3.981962e+03 3.330058e+03 
1.459697e-01 3.843962e+03 3.211628e+03 
1.489899e-01 3.685130e+03 3.099012e+03 
1.520101e-01 3.511049e+03 2.991851e+03 
1.550303e-01 3.328529e+03 2.889808e+03 
1.580505e-01 3.145546e+03 2.792576e+03 
1.610707e-01 2.969594e+03 2.699867e+03 
1.640909e-01 2.807246e+03 2.611414e+03 
1.671111e-01 2.662822e+03 2.526971e+03 
1.701313e-01 2.538962e+03 2.446306e+03 
1.731515e-01 2.436251e+03 2.369206e+03 
1.761717e-01 2.354255e+03 2.295472e+03 
1.791919e-01 2.291543e+03 2.224915e+03 
1.822121e-01 2.245986e+03 2.157364e+03 
1.852323e-01 2.214791e+03 2.092656e+03 
1.882525e-01 2.194384e+03 2.030638e+03 
1.912727e-01 2.180737e+03 1.971169e+03 
1.942929e-01 2.169518e+03 1.914116e+03 
1.973131e-01 2.156682e+03 1.859354e+03 
2.003333e-01 2.138837e+03 1.806766e+03 
2.033535e-01 2.113627e+03 1.756243e+03 
2.063737e-01 2.079659e+03 1.707681e+03 
2.093939e-01 2.036582e+03 1.660984e+03 
2.124141e-01 1.984731e+03 1.616061e+03 
2.154343e-01 1.925269e+03 1.572826e+03 
2.184545e-01 1.859878e+03 1.531198e+03 
2.214747e-01 1.790768e+03 1.491101e+03 
2.244949e-01 1.720407e+03 1.452464e+03 
2.275152e-01 1.651360e+03 1.415219e+03 
2.305354e-01 1.585855e+03 1.379302e+03 
2.335556e-01 1.525743e+03 1.344653e+03 
2.365758e-01 1.472189e+03 1.311214e+03 
2.395960e-01 1.425884e+03 1.278933e+03 
2.426162e-01 1.387024e+03 1.247757e+03 
2.456364e-01 1.355391e+03 1.217639e+03 
2.486566e-01 1.330442e+03 1.188533e+03 
2.516768e-01 1.311204e+03 1.160396e+03 
2.546970e-01 1.296457e+03 1.133186e+03 
2.577172e-01 1.284726e+03 1.106864e+03 
2.607374e-01 1.274509e+03 1.081394e+03 
2.637576e-01 1.264343e+03 1.056740e+03 
2.667778e-01 1.253034e+03 1.032869e+03 
2.697980e-01 1.239622e+03 1.009750e+03 
2.728182e-01 1.223509e+03 9.873510e+02 
2.758384e-01 1.204334e+03 9.656447e+02 
2.788586e-01 1.182024e+03 9.446035e+02 
2.818788e-01 1.156759e+03 9.242012e+02 
2.848990e-01 1.128965e+03 9.044131e+02 
2.879192e-01 1.099325e+03 8.852157e+02 
2.909394e-01 1.068669e+03 8.665863e+02 
2.939596e-01 1.037909e+03 8.485036e+02 
2.969798e-01 1.007918e+03 8.309470e+02 
3.000000e-01 9.794599e+02 8.138969e+02 
