1.000000e-03 4.119347e+03 4.119303e+03 
4.020202e-03 1.385110e+04 1.395926e+04 
7.040404e-03 2.023205e+04 2.037099e+04 
1.006061e-02 2.411896e+04 2.426095e+04 
1.308081e-02 2.615354e+04 2.629648e+04 
1.610101e-02 2.680643e+04 2.689283e+04 
1.912121e-02 2.644878e+04 2.638721e+04 
2.214141e-02 2.538976e+04 2.515260e+04 
2.516162e-02 2.388824e+04 2.356482e+04 
2.818182e-02 2.215956e+04 2.190694e+04 
3.120202e-02 2.037302e+04 2.033342e+04 
3.422222e-02 1.865328e+04 1.890142e+04 
3.724242e-02 1.708310e+04 1.761685e+04 
4.026263e-02 1.571114e+04 1.646581e+04 
4.328283e-02 1.455038e+04 1.542996e+04 
4.630303e-02 1.359329e+04 1.449227e+04 
4.932323e-02 1.283951e+04 1.363856e+04 
5.234343e-02 1.225275e+04 1.285739e+04 
5.536364e-02 1.178616e+04 1.213960e+04 
5.838384e-02 1.140962e+04 1.147776e+04 
6.140404e-02 1.108508e+04 1.086577e+04 
6.442424e-02 1.077834e+04 1.029851e+04 
6.744444e-02 1.046475e+04 9.771613e+03 
7.046465e-02 1.012475e+04 9.281336e+03 
7.348485e-02 9.746405e+03 8.824400e+03 
7.650505e-02 9.326003e+03 8.397915e+03 
7.952525e-02 8.868070e+03 7.999319e+03 
8.254545e-02 8.383748e+03 7.626321e+03 
8.556566e-02 7.887896e+03 7.276865e+03 
8.858586e-02 7.396738e+03 6.949097e+03 
9.160606e-02 6.925675e+03 6.641341e+03 
9.462626e-02 6.487958e+03 6.352077e+03 
9.764646e-02 6.094587e+03 6.079923e+03 
1.006667e-01 5.752309e+03 5.823621e+03 
1.036869e-01 5.464590e+03 5.582022e+03 
1.067071e-01 5.230026e+03 5.354077e+03 
1.097273e-01 5.044397e+03 5.138825e+03 
1.127475e-01 4.900136e+03 4.935384e+03 
1.157677e-01 4.788519e+03 4.742947e+03 
1.187879e-01 4.699989e+03 4.560771e+03 
1.218081e-01 4.625011e+03 4.388172e+03 
1.248283e-01 4.554307e+03 4.224522e+03 
1.278485e-01 4.479858e+03 4.069238e+03 
1.308687e-01 4.394928e+03 3.921786e+03 
1.338889e-01 4.295265e+03 3.781671e+03 
1.369091e-01 4.178808e+03 3.648435e+03 
1.399293e-01 4.046247e+03 3.521653e+03 
1.429495e-01 3.899992e+03 3.400933e+03 
1.459697e-01 3.743803e+03 3.285912e+03 
1.489899e-01 3.582193e+03 3.176249e+03 
1.520101e-01 3.420013e+03 3.071632e+03 
1.550303e-01 3.262120e+03 2.971767e+03 
1.580505e-01 3.113131e+03 2.876383e+03 
1.610707e-01 2.977136e+03 2.785227e+03 
1.640909e-01 2.856988e+03 2.698061e+03 
1.671111e-01 2.754143e+03 2.614665e+03 
1.701313e-01 2.668353e+03 2.534833e+03 
1.731515e-01 2.598241e+03 2.458374e+03 
1.761717e-01 2.541492e+03 2.385106e+03 
1.791919e-01 2.495448e+03 2.314861e+03 
1.822121e-01 2.457301e+03 2.247481e+03 
1.852323e-01 2.424220e+03 2.182819e+03 
1.882525e-01 2.393389e+03 2.120735e+03 
1.912727e-01 2.362085e+03 2.061100e+03 
1.942929e-01 2.327762e+03 2.003791e+03 
1.973131e-01 2.288573e+03 1.948692e+03 
2.003333e-01 2.243298e+03 1.895696e+03 
2.033535e-01 2.191845e+03 1.844701e+03 
2.063737e-01 2.134786e+03 1.795611e+03 
2.093939e-01 2.073432e+03 1.748336e+03 
2.124141e-01 2.009340e+03 1.702790e+03 
2.154343e-01 1.944215e+03 1.658893e+03 
2.184545e-01 1.879694e+03 1.616569e+03 
2.214747e-01 1.817328e+03 1.575747e+03 
2.244949e-01 1.758469e+03 1.536358e+03 
2.275152e-01 1.704240e+03 1.498339e+03 
2.305354e-01 1.655378e+03 1.461630e+03 
2.335556e-01 1.612262e+03 1.426172e+03 
2.365758e-01 1.574886e+03 1.391911e+03 
2.395960e-01 1.542832e+03 1.358797e+03 
2.426162e-01 1.515396e+03 1.326779e+03 
2.456364e-01 1.491655e+03 1.295813e+03 
2.486566e-01 1.470591e+03 1.265853e+03 
2.516768e-01 1.451124e+03 1.236858e+03 
2.546970e-01 1.432227e+03 1.208789e+03 
2.577172e-01 1.412972e+03 1.181608e+03 
2.607374e-01 1.392625e+03 1.155279e+03 
2.637576e-01 1.370644e+03 1.129767e+03 
2.667778e-01 1.346788e+03 1.105042e+03 
2.697980e-01 1.321020e+03 1.081071e+03 
2.728182e-01 1.293565e+03 1.057825e+03 
2.758384e-01 1.264783e+03 1.035277e+03 
2.788586e-01 1.235186e+03 1.013399e+03 
2.818788e-01 1.205325e+03 9.921662e+02 
2.848990e-01 1.175771e+03 9.715545e+02 
2.879192e-01 1.147044e+03 9.515403e+02 
2.909394e-01 1.119615e+03 9.321017e+02 
2.939596e-01 1.093857e+03 9.132175e+02 
2.969798e-01 1.070042e+03 8.948675e+02 
3.000000e-01 1.048282e+03 8.770323e+02 
