1.000000e-03 4.638217e+03 4.638160e+03 
4.020202e-03 1.539257e+04 1.551211e+04 
7.040404e-03 2.242623e+04 2.258529e+04 
1.006061e-02 2.671535e+04 2.689246e+04 
1.308081e-02 2.895770e+04 2.916078e+04 
1.610101e-02 2.966172e+04 2.982799e+04 
1.912121e-02 2.923050e+04 2.923630e+04 
2.214141e-02 2.800114e+04 2.777620e+04 
2.516162e-02 2.626144e+04 2.587192e+04 
2.818182e-02 2.425270e+04 2.386987e+04 
3.120202e-02 2.216785e+04 2.197367e+04 
3.422222e-02 2.015153e+04 2.026422e+04 
3.724242e-02 1.830164e+04 1.875182e+04 
4.026263e-02 1.667851e+04 1.741746e+04 
4.328283e-02 1.530020e+04 1.623477e+04 
4.630303e-02 1.416386e+04 1.517896e+04 
4.932323e-02 1.327138e+04 1.422941e+04 
5.234343e-02 1.258434e+04 1.336965e+04 
5.536364e-02 1.205522e+04 1.258669e+04 
5.838384e-02 1.164772e+04 1.187024e+04 
6.140404e-02 1.132166e+04 1.121201e+04 
6.442424e-02 1.103814e+04 1.060526e+04 
6.744444e-02 1.076297e+04 1.004436e+04 
7.046465e-02 1.046934e+04 9.524608e+03 
7.348485e-02 1.013794e+04 9.041949e+03 
7.650505e-02 9.757807e+03 8.592894e+03 
7.952525e-02 9.327432e+03 8.174398e+03 
8.254545e-02 8.853993e+03 7.783777e+03 
8.556566e-02 8.350438e+03 7.418655e+03 
8.858586e-02 7.833249e+03 7.076911e+03 
9.160606e-02 7.319931e+03 6.756650e+03 
9.462626e-02 6.827153e+03 6.456164e+03 
9.764646e-02 6.370242e+03 6.173916e+03 
1.006667e-01 5.960683e+03 5.908513e+03 
1.036869e-01 5.606672e+03 5.658691e+03 
1.067071e-01 5.311146e+03 5.423301e+03 
1.097273e-01 5.073282e+03 5.201299e+03 
1.127475e-01 4.888307e+03 4.991727e+03 
1.157677e-01 4.748919e+03 4.793713e+03 
1.187879e-01 4.646138e+03 4.606458e+03 
1.218081e-01 4.570241e+03 4.429227e+03 
1.248283e-01 4.511236e+03 4.261346e+03 
1.278485e-01 4.459166e+03 4.102197e+03 
1.308687e-01 4.404862e+03 3.951208e+03 
1.338889e-01 4.340431e+03 3.807854e+03 
1.369091e-01 4.260263e+03 3.671649e+03 
1.399293e-01 4.160863e+03 3.542144e+03 
1.429495e-01 4.041832e+03 3.418925e+03 
1.459697e-01 3.904603e+03 3.301608e+03 
1.489899e-01 3.752620e+03 3.189836e+03 
1.520101e-01 3.590316e+03 3.083279e+03 
1.550303e-01 3.423070e+03 2.981630e+03 
1.580505e-01 3.256528e+03 2.884604e+03 
1.610707e-01 3.096379e+03 2.791936e+03 
1.640909e-01 2.947537e+03 2.703378e+03 
1.671111e-01 2.814062e+03 2.618700e+03 
1.701313e-01 2.698230e+03 2.537687e+03 
1.731515e-01 2.601002e+03 2.460138e+03 
1.761717e-01 2.521687e+03 2.385867e+03 
1.791919e-01 2.458712e+03 2.314698e+03 
1.822121e-01 2.409797e+03 2.246466e+03 
1.852323e-01 2.372258e+03 2.181019e+03 
1.882525e-01 2.343156e+03 2.118213e+03 
1.912727e-01 2.319313e+03 2.057912e+03 
1.942929e-01 2.297499e+03 1.999989e+03 
1.973131e-01 2.274533e+03 1.944326e+03 
2.003333e-01 2.247697e+03 1.890812e+03 
2.033535e-01 2.214846e+03 1.839340e+03 
2.063737e-01 2.174883e+03 1.789811e+03 
2.093939e-01 2.127478e+03 1.742134e+03 
2.124141e-01 2.073279e+03 1.696219e+03 
2.154343e-01 2.013435e+03 1.651984e+03 
2.184545e-01 1.949615e+03 1.609351e+03 
2.214747e-01 1.883636e+03 1.568246e+03 
2.244949e-01 1.817401e+03 1.528599e+03 
2.275152e-01 1.752754e+03 1.490346e+03 
2.305354e-01 1.691422e+03 1.453423e+03 
2.335556e-01 1.634765e+03 1.417771e+03 
2.365758e-01 1.583823e+03 1.383335e+03 
2.395960e-01 1.539143e+03 1.350063e+03 
2.426162e-01 1.500883e+03 1.317903e+03 
2.456364e-01 1.468788e+03 1.286809e+03 
2.486566e-01 1.442237e+03 1.256736e+03 
2.516768e-01 1.420352e+03 1.227641e+03 
2.546970e-01 1.402037e+03 1.199484e+03 
2.577172e-01 1.386107e+03 1.172225e+03 
2.607374e-01 1.371341e+03 1.145829e+03 
2.637576e-01 1.356604e+03 1.120260e+03 
2.667778e-01 1.340910e+03 1.095486e+03 
2.697980e-01 1.323522e+03 1.071475e+03 
2.728182e-01 1.303926e+03 1.048198e+03 
2.758384e-01 1.281915e+03 1.025624e+03 
2.788586e-01 1.257485e+03 1.003728e+03 
2.818788e-01 1.230898e+03 9.824839e+02 
2.848990e-01 1.202572e+03 9.618660e+02 
2.879192e-01 1.173085e+03 9.418512e+02 
2.909394e-01 1.143102e+03 9.224170e+02 
2.939596e-01 1.113332e+03 9.035418e+02 
2.969798e-01 1.084420e+03 8.852051e+02 
3.000000e-01 1.056940e+03 8.673873e+02 
