1.000000e-03 2.443001e+03 2.442980e+03 
4.020202e-03 8.142554e+03 8.206786e+03 
7.040404e-03 1.192215e+04 1.198987e+04 
1.006061e-02 1.431977e+04 1.433872e+04 
1.308081e-02 1.572560e+04 1.567212e+04 
1.610101e-02 1.641555e+04 1.627802e+04 
1.912121e-02 1.659297e+04 1.637861e+04 
2.214141e-02 1.641296e+04 1.615758e+04 
2.516162e-02 1.599675e+04 1.575176e+04 
2.818182e-02 1.543870e+04 1.524821e+04 
3.120202e-02 1.480909e+04 1.469694e+04 
3.422222e-02 1.415903e+04 1.412608e+04 
3.724242e-02 1.352264e+04 1.355204e+04 
4.026263e-02 1.292059e+04 1.298487e+04 
4.328283e-02 1.235303e+04 1.243094e+04 
4.630303e-02 1.183227e+04 1.189431e+04 
4.932323e-02 1.136315e+04 1.137750e+04 
5.234343e-02 1.092308e+04 1.088195e+04 
5.536364e-02 1.050126e+04 1.040833e+04 
5.838384e-02 1.009494e+04 9.956794e+03 
6.140404e-02 9.701422e+03 9.527084e+03 
6.442424e-02 9.317208e+03 9.118697e+03 
6.744444e-02 8.938187e+03 8.730947e+03 
7.046465e-02 8.563617e+03 8.363032e+03 
7.348485e-02 8.195392e+03 8.014082e+03 
7.650505e-02 7.837997e+03 7.683195e+03 
7.952525e-02 7.496430e+03 7.369458e+03 
8.254545e-02 7.175377e+03 7.071966e+03 
8.556566e-02 6.876915e+03 6.789835e+03 
8.858586e-02 6.601309e+03 6.522209e+03 
9.160606e-02 6.347307e+03 6.268266e+03 
9.462626e-02 6.113536e+03 6.027224e+03 
9.764646e-02 5.898762e+03 5.798338e+03 
1.006667e-01 5.701500e+03 5.580901e+03 
1.036869e-01 5.519723e+03 5.374250e+03 
1.067071e-01 5.350236e+03 5.177756e+03 
1.097273e-01 5.189473e+03 4.990831e+03 
1.127475e-01 5.033708e+03 4.812920e+03 
1.157677e-01 4.880360e+03 4.643503e+03 
1.187879e-01 4.728360e+03 4.482094e+03 
1.218081e-01 4.577484e+03 4.328235e+03 
1.248283e-01 4.428634e+03 4.181497e+03 
1.278485e-01 4.282894e+03 4.041481e+03 
1.308687e-01 4.141490e+03 3.907810e+03 
1.338889e-01 4.005494e+03 3.780131e+03 
1.369091e-01 3.875620e+03 3.658117e+03 
1.399293e-01 3.752440e+03 3.541456e+03 
1.429495e-01 3.636274e+03 3.429859e+03 
1.459697e-01 3.527258e+03 3.323056e+03 
1.489899e-01 3.425087e+03 3.220790e+03 
1.520101e-01 3.329352e+03 3.122823e+03 
1.550303e-01 3.239545e+03 3.028931e+03 
1.580505e-01 3.155078e+03 2.938901e+03 
1.610707e-01 3.075124e+03 2.852538e+03 
1.640909e-01 2.998785e+03 2.769653e+03 
1.671111e-01 2.925121e+03 2.690073e+03 
1.701313e-01 2.853251e+03 2.613632e+03 
1.731515e-01 2.782742e+03 2.540176e+03 
1.761717e-01 2.713365e+03 2.469558e+03 
1.791919e-01 2.645203e+03 2.401642e+03 
1.822121e-01 2.578467e+03 2.336297e+03 
1.852323e-01 2.513308e+03 2.273400e+03 
1.882525e-01 2.449847e+03 2.212838e+03 
1.912727e-01 2.388216e+03 2.154500e+03 
1.942929e-01 2.328555e+03 2.098284e+03 
1.973131e-01 2.271086e+03 2.044093e+03 
2.003333e-01 2.216075e+03 1.991835e+03 
2.033535e-01 2.163618e+03 1.941422e+03 
2.063737e-01 2.113661e+03 1.892773e+03 
2.093939e-01 2.066014e+03 1.845810e+03 
2.124141e-01 2.020361e+03 1.800458e+03 
2.154343e-01 1.976442e+03 1.756648e+03 
2.184545e-01 1.934058e+03 1.714315e+03 
2.214747e-01 1.893049e+03 1.673393e+03 
2.244949e-01 1.853300e+03 1.633826e+03 
2.275152e-01 1.814675e+03 1.595554e+03 
2.305354e-01 1.777019e+03 1.558525e+03 
2.335556e-01 1.740202e+03 1.522688e+03 
2.365758e-01 1.704156e+03 1.487994e+03 
2.395960e-01 1.668865e+03 1.454396e+03 
2.426162e-01 1.634407e+03 1.421851e+03 
2.456364e-01 1.600855e+03 1.390317e+03 
2.486566e-01 1.568236e+03 1.359754e+03 
2.516768e-01 1.536562e+03 1.330124e+03 
2.546970e-01 1.505810e+03 1.301391e+03 
2.577172e-01 1.475960e+03 1.273521e+03 
2.607374e-01 1.447016e+03 1.246480e+03 
2.637576e-01 1.418984e+03 1.220237e+03 
2.667778e-01 1.391863e+03 1.194762e+03 
2.697980e-01 1.365637e+03 1.170027e+03 
2.728182e-01 1.340243e+03 1.146004e+03 
2.758384e-01 1.315600e+03 1.122667e+03 
2.788586e-01 1.291622e+03 1.099992e+03 
2.818788e-01 1.268224e+03 1.077954e+03 
2.848990e-01 1.245369e+03 1.056530e+03 
2.879192e-01 1.223043e+03 1.035700e+03 
2.909394e-01 1.201241e+03 1.015441e+03 
2.939596e-01 1.179965e+03 9.957336e+02 
2.969798e-01 1.159201e+03 9.765593e+02 
3.000000e-01 1.138928e+03 9.578993e+02 
