1.000000e-03 3.397552e+03 3.397519e+03 
4.020202e-03 1.134620e+04 1.143427e+04 
7.040404e-03 1.653751e+04 1.664018e+04 
1.006061e-02 1.971707e+04 1.979163e+04 
1.308081e-02 2.142987e+04 2.146040e+04 
1.610101e-02 2.206832e+04 2.201846e+04 
1.912121e-02 2.193268e+04 2.176915e+04 
2.214141e-02 2.126544e+04 2.101232e+04 
2.516162e-02 2.026338e+04 2.000965e+04 
2.818182e-02 1.908551e+04 1.893663e+04 
3.120202e-02 1.785422e+04 1.788353e+04 
3.422222e-02 1.665782e+04 1.688615e+04 
3.724242e-02 1.555386e+04 1.595385e+04 
4.026263e-02 1.457453e+04 1.508556e+04 
4.328283e-02 1.373100e+04 1.427699e+04 
4.630303e-02 1.301481e+04 1.352328e+04 
4.932323e-02 1.241650e+04 1.281993e+04 
5.234343e-02 1.191866e+04 1.216288e+04 
5.536364e-02 1.148553e+04 1.154854e+04 
5.838384e-02 1.109253e+04 1.097369e+04 
6.140404e-02 1.072052e+04 1.043542e+04 
6.442424e-02 1.034920e+04 9.931055e+03 
6.744444e-02 9.965660e+03 9.458153e+03 
7.046465e-02 9.563144e+03 9.014460e+03 
7.348485e-02 9.140266e+03 8.597891e+03 
7.650505e-02 8.701852e+03 8.206522e+03 
7.952525e-02 8.256782e+03 7.838571e+03 
8.254545e-02 7.816309e+03 7.492392e+03 
8.556566e-02 7.391277e+03 7.166462e+03 
8.858586e-02 6.990953e+03 6.859372e+03 
9.160606e-02 6.622703e+03 6.569822e+03 
9.462626e-02 6.292010e+03 6.296610e+03 
9.764646e-02 6.001920e+03 6.038623e+03 
1.006667e-01 5.753386e+03 5.794837e+03 
1.036869e-01 5.543752e+03 5.564300e+03 
1.067071e-01 5.368108e+03 5.346136e+03 
1.097273e-01 5.219217e+03 5.139533e+03 
1.127475e-01 5.089164e+03 4.943740e+03 
1.157677e-01 4.970064e+03 4.758062e+03 
1.187879e-01 4.855033e+03 4.581856e+03 
1.218081e-01 4.738851e+03 4.414525e+03 
1.248283e-01 4.617541e+03 4.255517e+03 
1.278485e-01 4.488389e+03 4.104319e+03 
1.308687e-01 4.350701e+03 3.960454e+03 
1.338889e-01 4.205228e+03 3.823481e+03 
1.369091e-01 4.054296e+03 3.692988e+03 
1.399293e-01 3.900947e+03 3.568594e+03 
1.429495e-01 3.748751e+03 3.449942e+03 
1.459697e-01 3.601059e+03 3.336703e+03 
1.489899e-01 3.460574e+03 3.228565e+03 
1.520101e-01 3.329600e+03 3.125243e+03 
1.550303e-01 3.210005e+03 3.026467e+03 
1.580505e-01 3.102905e+03 2.931986e+03 
1.610707e-01 3.008734e+03 2.841566e+03 
1.640909e-01 2.926768e+03 2.754987e+03 
1.671111e-01 2.855575e+03 2.672044e+03 
1.701313e-01 2.792904e+03 2.592546e+03 
1.731515e-01 2.736295e+03 2.516311e+03 
1.761717e-01 2.683323e+03 2.443171e+03 
1.791919e-01 2.631911e+03 2.372968e+03 
1.822121e-01 2.580496e+03 2.305552e+03 
1.852323e-01 2.527860e+03 2.240785e+03 
1.882525e-01 2.473104e+03 2.178534e+03 
1.912727e-01 2.415778e+03 2.118676e+03 
1.942929e-01 2.355779e+03 2.061095e+03 
1.973131e-01 2.293565e+03 2.005681e+03 
2.003333e-01 2.229926e+03 1.952331e+03 
2.033535e-01 2.166105e+03 1.900947e+03 
2.063737e-01 2.103338e+03 1.851439e+03 
2.093939e-01 2.042713e+03 1.803718e+03 
2.124141e-01 1.985095e+03 1.757704e+03 
2.154343e-01 1.931115e+03 1.713319e+03 
2.184545e-01 1.881105e+03 1.670489e+03 
2.214747e-01 1.835182e+03 1.629146e+03 
2.244949e-01 1.793227e+03 1.589224e+03 
2.275152e-01 1.754976e+03 1.550661e+03 
2.305354e-01 1.719939e+03 1.513398e+03 
2.335556e-01 1.687534e+03 1.477380e+03 
2.365758e-01 1.657083e+03 1.442553e+03 
2.395960e-01 1.627932e+03 1.408868e+03 
2.426162e-01 1.599476e+03 1.376277e+03 
2.456364e-01 1.571185e+03 1.344735e+03 
2.486566e-01 1.542611e+03 1.314199e+03 
2.516768e-01 1.513498e+03 1.284627e+03 
2.546970e-01 1.483726e+03 1.255982e+03 
2.577172e-01 1.453376e+03 1.228226e+03 
2.607374e-01 1.422639e+03 1.201325e+03 
2.637576e-01 1.391847e+03 1.175244e+03 
2.667778e-01 1.361339e+03 1.149951e+03 
2.697980e-01 1.331430e+03 1.125417e+03 
2.728182e-01 1.302396e+03 1.101613e+03 
2.758384e-01 1.274468e+03 1.078510e+03 
2.788586e-01 1.247807e+03 1.056082e+03 
2.818788e-01 1.222520e+03 1.034305e+03 
2.848990e-01 1.198653e+03 1.013153e+03 
2.879192e-01 1.176204e+03 9.926051e+02 
2.909394e-01 1.155070e+03 9.726381e+02 
2.939596e-01 1.135097e+03 9.532314e+02 
2.969798e-01 1.116065e+03 9.343648e+02 
3.000000e-01 1.097765e+03 9.160192e+02 
