1.000000e-03 2.758355e+03 2.758328e+03 
4.020202e-03 9.126715e+03 9.196728e+03 
7.040404e-03 1.337488e+04 1.345583e+04 
1.006061e-02 1.608121e+04 1.612966e+04 
1.308081e-02 1.765469e+04 1.765288e+04 
1.610101e-02 1.839007e+04 1.831490e+04 
1.912121e-02 1.851076e+04 1.834647e+04 
2.214141e-02 1.819731e+04 1.796515e+04 
2.516162e-02 1.759547e+04 1.735751e+04 
2.818182e-02 1.682319e+04 1.665173e+04 
3.120202e-02 1.597351e+04 1.591930e+04 
3.422222e-02 1.511475e+04 1.519449e+04 
3.724242e-02 1.429438e+04 1.449218e+04 
4.026263e-02 1.354230e+04 1.381835e+04 
4.328283e-02 1.286349e+04 1.317516e+04 
4.630303e-02 1.226620e+04 1.256307e+04 
4.932323e-02 1.175593e+04 1.198176e+04 
5.234343e-02 1.130893e+04 1.143049e+04 
5.536364e-02 1.090343e+04 1.090829e+04 
5.838384e-02 1.052460e+04 1.041404e+04 
6.140404e-02 1.016415e+04 9.946506e+03 
6.442424e-02 9.811912e+03 9.504418e+03 
6.744444e-02 9.456772e+03 9.086482e+03 
7.046465e-02 9.092286e+03 8.691408e+03 
7.348485e-02 8.716759e+03 8.317926e+03 
7.650505e-02 8.332955e+03 7.964802e+03 
7.952525e-02 7.947853e+03 7.630848e+03 
8.254545e-02 7.569965e+03 7.314927e+03 
8.556566e-02 7.207796e+03 7.015954e+03 
8.858586e-02 6.867438e+03 6.732904e+03 
9.160606e-02 6.552801e+03 6.464809e+03 
9.462626e-02 6.265954e+03 6.210755e+03 
9.764646e-02 6.008014e+03 5.969886e+03 
1.006667e-01 5.779053e+03 5.741398e+03 
1.036869e-01 5.578126e+03 5.524538e+03 
1.067071e-01 5.402573e+03 5.318601e+03 
1.097273e-01 5.248208e+03 5.122930e+03 
1.127475e-01 5.109457e+03 4.936909e+03 
1.157677e-01 4.980029e+03 4.759962e+03 
1.187879e-01 4.854657e+03 4.591554e+03 
1.218081e-01 4.728925e+03 4.431183e+03 
1.248283e-01 4.600481e+03 4.278381e+03 
1.278485e-01 4.468040e+03 4.132710e+03 
1.308687e-01 4.331785e+03 3.993762e+03 
1.338889e-01 4.192554e+03 3.861155e+03 
1.369091e-01 4.052008e+03 3.734533e+03 
1.399293e-01 3.912041e+03 3.613562e+03 
1.429495e-01 3.774717e+03 3.497929e+03 
1.459697e-01 3.642003e+03 3.387343e+03 
1.489899e-01 3.515674e+03 3.281530e+03 
1.520101e-01 3.397174e+03 3.180234e+03 
1.550303e-01 3.287569e+03 3.083215e+03 
1.580505e-01 3.187446e+03 2.990248e+03 
1.610707e-01 3.096948e+03 2.901121e+03 
1.640909e-01 3.015544e+03 2.815637e+03 
1.671111e-01 2.942216e+03 2.733608e+03 
1.701313e-01 2.875349e+03 2.654861e+03 
1.731515e-01 2.813095e+03 2.579230e+03 
1.761717e-01 2.753784e+03 2.506562e+03 
1.791919e-01 2.695937e+03 2.436709e+03 
1.822121e-01 2.638581e+03 2.369536e+03 
1.852323e-01 2.580983e+03 2.304913e+03 
1.882525e-01 2.522751e+03 2.242718e+03 
1.912727e-01 2.463649e+03 2.182836e+03 
1.942929e-01 2.403651e+03 2.125160e+03 
1.973131e-01 2.342955e+03 2.069586e+03 
2.003333e-01 2.282063e+03 2.016018e+03 
2.033535e-01 2.221689e+03 1.964364e+03 
2.063737e-01 2.162740e+03 1.914539e+03 
2.093939e-01 2.105965e+03 1.866460e+03 
2.124141e-01 2.051947e+03 1.820051e+03 
2.154343e-01 2.000997e+03 1.775237e+03 
2.184545e-01 1.953230e+03 1.731950e+03 
2.214747e-01 1.908535e+03 1.690123e+03 
2.244949e-01 1.866699e+03 1.649695e+03 
2.275152e-01 1.827519e+03 1.610606e+03 
2.305354e-01 1.790757e+03 1.572800e+03 
2.335556e-01 1.756028e+03 1.536223e+03 
2.365758e-01 1.722895e+03 1.500825e+03 
2.395960e-01 1.690880e+03 1.466558e+03 
2.426162e-01 1.659544e+03 1.433376e+03 
2.456364e-01 1.628546e+03 1.401235e+03 
2.486566e-01 1.597659e+03 1.370094e+03 
2.516768e-01 1.566803e+03 1.339913e+03 
2.546970e-01 1.535964e+03 1.310655e+03 
2.577172e-01 1.505189e+03 1.282284e+03 
2.607374e-01 1.474576e+03 1.254766e+03 
2.637576e-01 1.444268e+03 1.228068e+03 
2.667778e-01 1.414443e+03 1.202159e+03 
2.697980e-01 1.385301e+03 1.177009e+03 
2.728182e-01 1.357019e+03 1.152591e+03 
2.758384e-01 1.329756e+03 1.128876e+03 
2.788586e-01 1.303608e+03 1.105840e+03 
2.818788e-01 1.278630e+03 1.083458e+03 
2.848990e-01 1.254789e+03 1.061705e+03 
2.879192e-01 1.232014e+03 1.040560e+03 
2.909394e-01 1.210197e+03 1.020000e+03 
2.939596e-01 1.189221e+03 1.000006e+03 
2.969798e-01 1.168980e+03 9.805574e+02 
3.000000e-01 1.149362e+03 9.616349e+02 
