1.000000e-03 4.042642e+03 4.042604e+03 
4.020202e-03 1.347884e+04 1.358323e+04 
7.040404e-03 1.976946e+04 1.991148e+04 
1.006061e-02 2.370962e+04 2.386719e+04 
1.308081e-02 2.587445e+04 2.605506e+04 
1.610101e-02 2.668948e+04 2.684474e+04 
1.912121e-02 2.649271e+04 2.652209e+04 
2.214141e-02 2.557157e+04 2.541002e+04 
2.516162e-02 2.417127e+04 2.386513e+04 
2.818182e-02 2.250022e+04 2.218844e+04 
3.120202e-02 2.072767e+04 2.056609e+04 
3.422222e-02 1.898304e+04 1.907980e+04 
3.724242e-02 1.735717e+04 1.774787e+04 
4.026263e-02 1.590837e+04 1.656025e+04 
4.328283e-02 1.466049e+04 1.549816e+04 
4.630303e-02 1.361368e+04 1.454267e+04 
4.932323e-02 1.277289e+04 1.367748e+04 
5.234343e-02 1.211440e+04 1.288936e+04 
5.536364e-02 1.159694e+04 1.216776e+04 
5.838384e-02 1.118636e+04 1.150421e+04 
6.140404e-02 1.085344e+04 1.089186e+04 
6.442424e-02 1.056778e+04 1.032508e+04 
6.744444e-02 1.029641e+04 9.799156e+03 
7.046465e-02 1.001443e+04 9.310101e+03 
7.348485e-02 9.703749e+03 8.854472e+03 
7.650505e-02 9.353134e+03 8.429278e+03 
7.952525e-02 8.960383e+03 8.031891e+03 
8.254545e-02 8.530773e+03 7.659981e+03 
8.556566e-02 8.074746e+03 7.311471e+03 
8.858586e-02 7.605576e+03 6.984502e+03 
9.160606e-02 7.137559e+03 6.677395e+03 
9.462626e-02 6.684461e+03 6.388637e+03 
9.764646e-02 6.258799e+03 6.116854e+03 
1.006667e-01 5.871129e+03 5.860798e+03 
1.036869e-01 5.529941e+03 5.619331e+03 
1.067071e-01 5.239307e+03 5.391414e+03 
1.097273e-01 5.000256e+03 5.176097e+03 
1.127475e-01 4.809560e+03 4.972510e+03 
1.157677e-01 4.661713e+03 4.779855e+03 
1.187879e-01 4.548744e+03 4.597398e+03 
1.218081e-01 4.462137e+03 4.424463e+03 
1.248283e-01 4.393121e+03 4.260428e+03 
1.278485e-01 4.333308e+03 4.104721e+03 
1.308687e-01 4.274750e+03 3.956811e+03 
1.338889e-01 4.210660e+03 3.816209e+03 
1.369091e-01 4.135404e+03 3.682462e+03 
1.399293e-01 4.045340e+03 3.555150e+03 
1.429495e-01 3.938703e+03 3.433885e+03 
1.459697e-01 3.815865e+03 3.318306e+03 
1.489899e-01 3.679115e+03 3.208078e+03 
1.520101e-01 3.532104e+03 3.102889e+03 
1.550303e-01 3.379280e+03 3.002448e+03 
1.580505e-01 3.225419e+03 2.906487e+03 
1.610707e-01 3.075380e+03 2.814752e+03 
1.640909e-01 2.933595e+03 2.727011e+03 
1.671111e-01 2.803712e+03 2.643042e+03 
1.701313e-01 2.688285e+03 2.562642e+03 
1.731515e-01 2.588795e+03 2.485620e+03 
1.761717e-01 2.505358e+03 2.411795e+03 
1.791919e-01 2.437213e+03 2.341000e+03 
1.822121e-01 2.382647e+03 2.273078e+03 
1.852323e-01 2.339516e+03 2.207881e+03 
1.882525e-01 2.305272e+03 2.145271e+03 
1.912727e-01 2.277200e+03 2.085119e+03 
1.942929e-01 2.252450e+03 2.027301e+03 
1.973131e-01 2.228246e+03 1.971704e+03 
2.003333e-01 2.201973e+03 1.918218e+03 
2.033535e-01 2.171647e+03 1.866744e+03 
2.063737e-01 2.135813e+03 1.817183e+03 
2.093939e-01 2.093891e+03 1.769447e+03 
2.124141e-01 2.045895e+03 1.723451e+03 
2.154343e-01 1.992511e+03 1.679112e+03 
2.184545e-01 1.934857e+03 1.636357e+03 
2.214747e-01 1.874383e+03 1.595112e+03 
2.244949e-01 1.812701e+03 1.555311e+03 
2.275152e-01 1.751480e+03 1.516889e+03 
2.305354e-01 1.692339e+03 1.479785e+03 
2.335556e-01 1.636700e+03 1.443941e+03 
2.365758e-01 1.585627e+03 1.409305e+03 
2.395960e-01 1.539818e+03 1.375822e+03 
2.426162e-01 1.499597e+03 1.343446e+03 
2.456364e-01 1.464914e+03 1.312128e+03 
2.486566e-01 1.435456e+03 1.281826e+03 
2.516768e-01 1.410629e+03 1.252497e+03 
2.546970e-01 1.389684e+03 1.224102e+03 
2.577172e-01 1.371694e+03 1.196602e+03 
2.607374e-01 1.355642e+03 1.169962e+03 
2.637576e-01 1.340438e+03 1.144147e+03 
2.667778e-01 1.325087e+03 1.119125e+03 
2.697980e-01 1.308711e+03 1.094864e+03 
2.728182e-01 1.290730e+03 1.071336e+03 
2.758384e-01 1.270766e+03 1.048512e+03 
2.788586e-01 1.248734e+03 1.026366e+03 
2.818788e-01 1.224726e+03 1.004870e+03 
2.848990e-01 1.199038e+03 9.840022e+02 
2.879192e-01 1.172050e+03 9.637378e+02 
2.909394e-01 1.144212e+03 9.440550e+02 
2.939596e-01 1.116064e+03 9.249323e+02 
2.969798e-01 1.088191e+03 9.063494e+02 
3.000000e-01 1.061159e+03 8.882870e+02 
