1.000000e-03 4.457261e+03 4.457213e+03 
4.020202e-03 1.463754e+04 1.475130e+04 
7.040404e-03 2.117892e+04 2.132227e+04 
1.006061e-02 2.509701e+04 2.523955e+04 
1.308081e-02 2.709728e+04 2.723501e+04 
1.610101e-02 2.768381e+04 2.775710e+04 
1.912121e-02 2.724734e+04 2.716664e+04 
2.214141e-02 2.610854e+04 2.585451e+04 
2.516162e-02 2.453401e+04 2.420436e+04 
2.818182e-02 2.274282e+04 2.249775e+04 
3.120202e-02 2.090503e+04 2.088418e+04 
3.422222e-02 1.914515e+04 1.941676e+04 
3.724242e-02 1.754407e+04 1.809927e+04 
4.026263e-02 1.614860e+04 1.691703e+04 
4.328283e-02 1.496937e+04 1.585151e+04 
4.630303e-02 1.399721e+04 1.488573e+04 
4.932323e-02 1.322990e+04 1.400557e+04 
5.234343e-02 1.262790e+04 1.319965e+04 
5.536364e-02 1.214365e+04 1.245879e+04 
5.838384e-02 1.174715e+04 1.177553e+04 
6.140404e-02 1.139973e+04 1.114368e+04 
6.442424e-02 1.106742e+04 1.055803e+04 
6.744444e-02 1.072597e+04 1.001414e+04 
7.046465e-02 1.035669e+04 9.508151e+03 
7.348485e-02 9.949133e+03 9.036691e+03 
7.650505e-02 9.501334e+03 8.596777e+03 
7.952525e-02 9.019461e+03 8.185758e+03 
8.254545e-02 8.515913e+03 7.801261e+03 
8.556566e-02 8.005988e+03 7.441154e+03 
8.858586e-02 7.505613e+03 7.103512e+03 
9.160606e-02 7.029714e+03 6.786595e+03 
9.462626e-02 6.590866e+03 6.488824e+03 
9.764646e-02 6.199318e+03 6.208763e+03 
1.006667e-01 5.860858e+03 5.945105e+03 
1.036869e-01 5.577952e+03 5.696656e+03 
1.067071e-01 5.348104e+03 5.462327e+03 
1.097273e-01 5.166043e+03 5.241118e+03 
1.127475e-01 5.023443e+03 5.032117e+03 
1.157677e-01 4.911084e+03 4.834482e+03 
1.187879e-01 4.819206e+03 4.647444e+03 
1.218081e-01 4.738234e+03 4.470294e+03 
1.248283e-01 4.659060e+03 4.302378e+03 
1.278485e-01 4.574179e+03 4.143095e+03 
1.308687e-01 4.477606e+03 3.991889e+03 
1.338889e-01 4.365805e+03 3.848248e+03 
1.369091e-01 4.237634e+03 3.711697e+03 
1.399293e-01 4.094469e+03 3.581797e+03 
1.429495e-01 3.939386e+03 3.458142e+03 
1.459697e-01 3.776519e+03 3.340355e+03 
1.489899e-01 3.610508e+03 3.228085e+03 
1.520101e-01 3.446168e+03 3.121008e+03 
1.550303e-01 3.288330e+03 3.018821e+03 
1.580505e-01 3.141336e+03 2.921243e+03 
1.610707e-01 3.008767e+03 2.828013e+03 
1.640909e-01 2.892777e+03 2.738885e+03 
1.671111e-01 2.794260e+03 2.653633e+03 
1.701313e-01 2.712408e+03 2.572043e+03 
1.731515e-01 2.645474e+03 2.493917e+03 
1.761717e-01 2.590800e+03 2.419070e+03 
1.791919e-01 2.545546e+03 2.347327e+03 
1.822121e-01 2.506870e+03 2.278525e+03 
1.852323e-01 2.471939e+03 2.212512e+03 
1.882525e-01 2.437963e+03 2.149146e+03 
1.912727e-01 2.402388e+03 2.088291e+03 
1.942929e-01 2.362973e+03 2.029821e+03 
1.973131e-01 2.318262e+03 1.973619e+03 
2.003333e-01 2.267516e+03 1.919573e+03 
2.033535e-01 2.211030e+03 1.867577e+03 
2.063737e-01 2.149738e+03 1.817533e+03 
2.093939e-01 2.085116e+03 1.769349e+03 
2.124141e-01 2.018827e+03 1.722937e+03 
2.154343e-01 1.952590e+03 1.678213e+03 
2.184545e-01 1.887975e+03 1.635100e+03 
2.214747e-01 1.826405e+03 1.593525e+03 
2.244949e-01 1.769050e+03 1.553416e+03 
2.275152e-01 1.716786e+03 1.514710e+03 
2.305354e-01 1.670147e+03 1.477343e+03 
2.335556e-01 1.629231e+03 1.441257e+03 
2.365758e-01 1.593799e+03 1.406395e+03 
2.395960e-01 1.563242e+03 1.372705e+03 
2.426162e-01 1.536756e+03 1.340137e+03 
2.456364e-01 1.513337e+03 1.308643e+03 
2.486566e-01 1.491932e+03 1.278179e+03 
2.516768e-01 1.471473e+03 1.248700e+03 
2.546970e-01 1.451014e+03 1.220167e+03 
2.577172e-01 1.429741e+03 1.192542e+03 
2.607374e-01 1.407085e+03 1.165786e+03 
2.637576e-01 1.382678e+03 1.139866e+03 
2.667778e-01 1.356474e+03 1.114748e+03 
2.697980e-01 1.328608e+03 1.090400e+03 
2.728182e-01 1.299412e+03 1.066793e+03 
2.758384e-01 1.269323e+03 1.043897e+03 
2.788586e-01 1.238862e+03 1.021686e+03 
2.818788e-01 1.208589e+03 1.000133e+03 
2.848990e-01 1.179057e+03 9.792130e+02 
2.879192e-01 1.150731e+03 9.589028e+02 
2.909394e-01 1.124000e+03 9.391795e+02 
2.939596e-01 1.099147e+03 9.200214e+02 
2.969798e-01 1.076319e+03 9.014079e+02 
3.000000e-01 1.055525e+03 8.833193e+02 
