1.000000e-03 2.901872e+03 2.901841e+03 
4.020202e-03 9.734103e+03 9.809492e+03 
7.040404e-03 1.425063e+04 1.433465e+04 
1.006061e-02 1.707098e+04 1.711723e+04 
1.308081e-02 1.865478e+04 1.864362e+04 
1.610101e-02 1.933339e+04 1.923927e+04 
1.912121e-02 1.935834e+04 1.916698e+04 
2.214141e-02 1.892995e+04 1.867270e+04 
2.516162e-02 1.820995e+04 1.796039e+04 
2.818182e-02 1.732744e+04 1.716391e+04 
3.120202e-02 1.638163e+04 1.635419e+04 
3.422222e-02 1.544461e+04 1.556326e+04 
3.724242e-02 1.456416e+04 1.480392e+04 
4.026263e-02 1.376830e+04 1.408059e+04 
4.328283e-02 1.305807e+04 1.339424e+04 
4.630303e-02 1.244225e+04 1.274445e+04 
4.932323e-02 1.192091e+04 1.213017e+04 
5.234343e-02 1.146202e+04 1.155006e+04 
5.536364e-02 1.104488e+04 1.100264e+04 
5.838384e-02 1.065613e+04 1.048633e+04 
6.140404e-02 1.028153e+04 9.999526e+03 
6.442424e-02 9.908660e+03 9.540607e+03 
6.744444e-02 9.528381e+03 9.107985e+03 
7.046465e-02 9.136718e+03 8.700108e+03 
7.348485e-02 8.734899e+03 8.315479e+03 
7.650505e-02 8.328141e+03 7.952665e+03 
7.952525e-02 7.924711e+03 7.610301e+03 
8.254545e-02 7.533335e+03 7.287095e+03 
8.556566e-02 7.161831e+03 6.981830e+03 
8.858586e-02 6.815727e+03 6.693362e+03 
9.160606e-02 6.498781e+03 6.420617e+03 
9.462626e-02 6.213405e+03 6.162591e+03 
9.764646e-02 5.960794e+03 5.918348e+03 
1.006667e-01 5.740131e+03 5.687013e+03 
1.036869e-01 5.549075e+03 5.467770e+03 
1.067071e-01 5.382700e+03 5.259861e+03 
1.097273e-01 5.234801e+03 5.062577e+03 
1.127475e-01 5.098690e+03 4.875262e+03 
1.157677e-01 4.968035e+03 4.697303e+03 
1.187879e-01 4.838418e+03 4.528128e+03 
1.218081e-01 4.706530e+03 4.367208e+03 
1.248283e-01 4.570835e+03 4.214048e+03 
1.278485e-01 4.430726e+03 4.068188e+03 
1.308687e-01 4.286822e+03 3.929198e+03 
1.338889e-01 4.140473e+03 3.796679e+03 
1.369091e-01 3.993837e+03 3.670257e+03 
1.399293e-01 3.849352e+03 3.549585e+03 
1.429495e-01 3.709637e+03 3.434337e+03 
1.459697e-01 3.576785e+03 3.324211e+03 
1.489899e-01 3.452448e+03 3.218922e+03 
1.520101e-01 3.337660e+03 3.118206e+03 
1.550303e-01 3.233044e+03 3.021814e+03 
1.580505e-01 3.138595e+03 2.929515e+03 
1.610707e-01 3.053899e+03 2.841090e+03 
1.640909e-01 2.977788e+03 2.756336e+03 
1.671111e-01 2.908745e+03 2.675061e+03 
1.701313e-01 2.844808e+03 2.597088e+03 
1.731515e-01 2.784076e+03 2.522246e+03 
1.761717e-01 2.724942e+03 2.450377e+03 
1.791919e-01 2.666148e+03 2.381334e+03 
1.822121e-01 2.606907e+03 2.314977e+03 
1.852323e-01 2.546744e+03 2.251172e+03 
1.882525e-01 2.485493e+03 2.189798e+03 
1.912727e-01 2.423256e+03 2.130736e+03 
1.942929e-01 2.360365e+03 2.073878e+03 
1.973131e-01 2.297462e+03 2.019118e+03 
2.003333e-01 2.235364e+03 1.966360e+03 
2.033535e-01 2.174886e+03 1.915510e+03 
2.063737e-01 2.116789e+03 1.866482e+03 
2.093939e-01 2.061589e+03 1.819193e+03 
2.124141e-01 2.009644e+03 1.773564e+03 
2.154343e-01 1.961037e+03 1.729523e+03 
2.184545e-01 1.915733e+03 1.686998e+03 
2.214747e-01 1.873549e+03 1.645924e+03 
2.244949e-01 1.834191e+03 1.606238e+03 
2.275152e-01 1.797215e+03 1.567880e+03 
2.305354e-01 1.762137e+03 1.530794e+03 
2.335556e-01 1.728453e+03 1.494927e+03 
2.365758e-01 1.695721e+03 1.460227e+03 
2.395960e-01 1.663570e+03 1.426647e+03 
2.426162e-01 1.631743e+03 1.394140e+03 
2.456364e-01 1.600067e+03 1.362663e+03 
2.486566e-01 1.568435e+03 1.332175e+03 
2.516768e-01 1.536789e+03 1.302635e+03 
2.546970e-01 1.505181e+03 1.274007e+03 
2.577172e-01 1.473727e+03 1.246254e+03 
2.607374e-01 1.442662e+03 1.219343e+03 
2.637576e-01 1.412243e+03 1.193240e+03 
2.667778e-01 1.382720e+03 1.167916e+03 
2.697980e-01 1.354284e+03 1.143341e+03 
2.728182e-01 1.327015e+03 1.119485e+03 
2.758384e-01 1.300928e+03 1.096323e+03 
2.788586e-01 1.275978e+03 1.073829e+03 
2.818788e-01 1.252108e+03 1.051978e+03 
2.848990e-01 1.229262e+03 1.030747e+03 
2.879192e-01 1.207365e+03 1.010113e+03 
2.909394e-01 1.186332e+03 9.900547e+02 
2.939596e-01 1.166031e+03 9.705521e+02 
2.969798e-01 1.146314e+03 9.515852e+02 
3.000000e-01 1.127031e+03 9.331354e+02 
