1.000000e-03 2.964022e+03 2.963997e+03 
4.020202e-03 9.994440e+03 1.007165e+04 
7.040404e-03 1.469120e+04 1.478296e+04 
1.006061e-02 1.765007e+04 1.771679e+04 
1.308081e-02 1.932163e+04 1.934858e+04 
1.610101e-02 2.003686e+04 1.999386e+04 
1.912121e-02 2.005187e+04 1.991076e+04 
2.214141e-02 1.957576e+04 1.935534e+04 
2.516162e-02 1.878016e+04 1.855470e+04 
2.818182e-02 1.780528e+04 1.766559e+04 
3.120202e-02 1.676028e+04 1.677252e+04 
3.422222e-02 1.572575e+04 1.591221e+04 
3.724242e-02 1.475722e+04 1.509713e+04 
4.026263e-02 1.388454e+04 1.432956e+04 
4.328283e-02 1.311304e+04 1.360804e+04 
4.630303e-02 1.245847e+04 1.293005e+04 
4.932323e-02 1.191237e+04 1.229290e+04 
5.234343e-02 1.144536e+04 1.169399e+04 
5.536364e-02 1.103291e+04 1.113092e+04 
5.838384e-02 1.065794e+04 1.060142e+04 
6.140404e-02 1.030591e+04 1.010337e+04 
6.442424e-02 9.957837e+03 9.634767e+03 
6.744444e-02 9.600673e+03 9.193736e+03 
7.046465e-02 9.227430e+03 8.778498e+03 
7.348485e-02 8.836034e+03 8.387380e+03 
7.650505e-02 8.430337e+03 8.018810e+03 
7.952525e-02 8.018316e+03 7.671313e+03 
8.254545e-02 7.610238e+03 7.343508e+03 
8.556566e-02 7.215754e+03 7.034104e+03 
8.858586e-02 6.842921e+03 6.741896e+03 
9.160606e-02 6.497638e+03 6.465762e+03 
9.462626e-02 6.184373e+03 6.204656e+03 
9.764646e-02 5.906072e+03 5.957604e+03 
1.006667e-01 5.664091e+03 5.723701e+03 
1.036869e-01 5.457319e+03 5.502105e+03 
1.067071e-01 5.282206e+03 5.292036e+03 
1.097273e-01 5.132934e+03 5.092766e+03 
1.127475e-01 5.002307e+03 4.903619e+03 
1.157677e-01 4.883140e+03 4.723969e+03 
1.187879e-01 4.768699e+03 4.553231e+03 
1.218081e-01 4.654142e+03 4.390862e+03 
1.248283e-01 4.535764e+03 4.236359e+03 
1.278485e-01 4.411591e+03 4.089252e+03 
1.308687e-01 4.280708e+03 3.949102e+03 
1.338889e-01 4.143548e+03 3.815502e+03 
1.369091e-01 4.001529e+03 3.688074e+03 
1.399293e-01 3.857045e+03 3.566462e+03 
1.429495e-01 3.712924e+03 3.450337e+03 
1.459697e-01 3.572224e+03 3.339390e+03 
1.489899e-01 3.437593e+03 3.233333e+03 
1.520101e-01 3.311355e+03 3.131896e+03 
1.550303e-01 3.195157e+03 3.034830e+03 
1.580505e-01 3.090161e+03 2.941896e+03 
1.610707e-01 2.996641e+03 2.852876e+03 
1.640909e-01 2.914275e+03 2.767562e+03 
1.671111e-01 2.841877e+03 2.685761e+03 
1.701313e-01 2.777779e+03 2.607291e+03 
1.731515e-01 2.719822e+03 2.531982e+03 
1.761717e-01 2.665950e+03 2.459673e+03 
1.791919e-01 2.614260e+03 2.390214e+03 
1.822121e-01 2.563210e+03 2.323463e+03 
1.852323e-01 2.511521e+03 2.259287e+03 
1.882525e-01 2.458297e+03 2.197561e+03 
1.912727e-01 2.402924e+03 2.138167e+03 
1.942929e-01 2.345323e+03 2.080994e+03 
1.973131e-01 2.285741e+03 2.025936e+03 
2.003333e-01 2.224902e+03 1.972895e+03 
2.033535e-01 2.163724e+03 1.921778e+03 
2.063737e-01 2.103305e+03 1.872495e+03 
2.093939e-01 2.044609e+03 1.824964e+03 
2.124141e-01 1.988429e+03 1.779106e+03 
2.154343e-01 1.935335e+03 1.734846e+03 
2.184545e-01 1.885726e+03 1.692113e+03 
2.214747e-01 1.839796e+03 1.650842e+03 
2.244949e-01 1.797597e+03 1.610967e+03 
2.275152e-01 1.758922e+03 1.572430e+03 
2.305354e-01 1.723418e+03 1.535174e+03 
2.335556e-01 1.690528e+03 1.499144e+03 
2.365758e-01 1.659645e+03 1.464289e+03 
2.395960e-01 1.630143e+03 1.430560e+03 
2.426162e-01 1.601474e+03 1.397912e+03 
2.456364e-01 1.573187e+03 1.366300e+03 
2.486566e-01 1.544932e+03 1.335682e+03 
2.516768e-01 1.516439e+03 1.306019e+03 
2.546970e-01 1.487543e+03 1.277273e+03 
2.577172e-01 1.458165e+03 1.249407e+03 
2.607374e-01 1.428393e+03 1.222388e+03 
2.637576e-01 1.398418e+03 1.196182e+03 
2.667778e-01 1.368575e+03 1.170758e+03 
2.697980e-01 1.339211e+03 1.146088e+03 
2.728182e-01 1.310632e+03 1.122141e+03 
2.758384e-01 1.283073e+03 1.098892e+03 
2.788586e-01 1.256677e+03 1.076314e+03 
2.818788e-01 1.231518e+03 1.054383e+03 
2.848990e-01 1.207612e+03 1.033074e+03 
2.879192e-01 1.184953e+03 1.012366e+03 
2.909394e-01 1.163514e+03 9.922370e+02 
2.939596e-01 1.143214e+03 9.726660e+02 
2.969798e-01 1.123935e+03 9.536334e+02 
3.000000e-01 1.105490e+03 9.351204e+02 
