1.000000e-03 3.188437e+03 3.188407e+03 
4.020202e-03 1.081943e+04 1.090281e+04 
7.040404e-03 1.593881e+04 1.604326e+04 
1.006061e-02 1.915948e+04 1.925258e+04 
1.308081e-02 2.095585e+04 2.102875e+04 
1.610101e-02 2.168112e+04 2.169506e+04 
1.912121e-02 2.161580e+04 2.151753e+04 
2.214141e-02 2.099136e+04 2.077912e+04 
2.516162e-02 2.000405e+04 1.975216e+04 
2.818182e-02 1.881514e+04 1.863641e+04 
3.120202e-02 1.755319e+04 1.754195e+04 
3.422222e-02 1.631394e+04 1.651403e+04 
3.724242e-02 1.516214e+04 1.556386e+04 
4.026263e-02 1.413720e+04 1.468871e+04 
4.328283e-02 1.325465e+04 1.388162e+04 
4.630303e-02 1.250865e+04 1.313526e+04 
4.932323e-02 1.189945e+04 1.244311e+04 
5.234343e-02 1.140746e+04 1.179964e+04 
5.536364e-02 1.099411e+04 1.120020e+04 
5.838384e-02 1.063743e+04 1.064083e+04 
6.140404e-02 1.031514e+04 1.011814e+04 
6.442424e-02 1.000338e+04 9.629121e+03 
6.744444e-02 9.683318e+03 9.171126e+03 
7.046465e-02 9.342101e+03 8.741768e+03 
7.348485e-02 8.973261e+03 8.338892e+03 
7.650505e-02 8.577378e+03 7.960537e+03 
7.952525e-02 8.161227e+03 7.604913e+03 
8.254545e-02 7.735127e+03 7.270381e+03 
8.556566e-02 7.310957e+03 6.955437e+03 
8.858586e-02 6.899910e+03 6.658699e+03 
9.160606e-02 6.511798e+03 6.378895e+03 
9.462626e-02 6.154721e+03 6.114856e+03 
9.764646e-02 5.834820e+03 5.865502e+03 
1.006667e-01 5.556320e+03 5.629838e+03 
1.036869e-01 5.320523e+03 5.406948e+03 
1.067071e-01 5.125611e+03 5.195984e+03 
1.097273e-01 4.966623e+03 4.996163e+03 
1.127475e-01 4.836570e+03 4.806761e+03 
1.157677e-01 4.727325e+03 4.627110e+03 
1.187879e-01 4.630928e+03 4.456589e+03 
1.218081e-01 4.539944e+03 4.294625e+03 
1.248283e-01 4.448400e+03 4.140685e+03 
1.278485e-01 4.351420e+03 3.994277e+03 
1.308687e-01 4.245596e+03 3.854943e+03 
1.338889e-01 4.129148e+03 3.722257e+03 
1.369091e-01 4.001909e+03 3.595823e+03 
1.399293e-01 3.865423e+03 3.475275e+03 
1.429495e-01 3.722344e+03 3.360271e+03 
1.459697e-01 3.576236e+03 3.250490e+03 
1.489899e-01 3.430894e+03 3.145637e+03 
1.520101e-01 3.289951e+03 3.045435e+03 
1.550303e-01 3.156686e+03 2.949623e+03 
1.580505e-01 3.033835e+03 2.857962e+03 
1.610707e-01 2.923318e+03 2.770225e+03 
1.640909e-01 2.826244e+03 2.686201e+03 
1.671111e-01 2.742586e+03 2.605692e+03 
1.701313e-01 2.671529e+03 2.528513e+03 
1.731515e-01 2.611252e+03 2.454490e+03 
1.761717e-01 2.559560e+03 2.383462e+03 
1.791919e-01 2.514041e+03 2.315274e+03 
1.822121e-01 2.472340e+03 2.249784e+03 
1.852323e-01 2.432249e+03 2.186857e+03 
1.882525e-01 2.391816e+03 2.126366e+03 
1.912727e-01 2.349358e+03 2.068191e+03 
1.942929e-01 2.303714e+03 2.012222e+03 
1.973131e-01 2.254156e+03 1.958351e+03 
2.003333e-01 2.200734e+03 1.906479e+03 
2.033535e-01 2.143929e+03 1.856513e+03 
2.063737e-01 2.084729e+03 1.808363e+03 
2.093939e-01 2.024318e+03 1.761946e+03 
2.124141e-01 1.964031e+03 1.717183e+03 
2.154343e-01 1.905090e+03 1.673999e+03 
2.184545e-01 1.848605e+03 1.632323e+03 
2.214747e-01 1.795455e+03 1.592089e+03 
2.244949e-01 1.746345e+03 1.553232e+03 
2.275152e-01 1.701659e+03 1.515694e+03 
2.305354e-01 1.661530e+03 1.479418e+03 
2.335556e-01 1.625723e+03 1.444349e+03 
2.365758e-01 1.593796e+03 1.410436e+03 
2.395960e-01 1.565108e+03 1.377631e+03 
2.426162e-01 1.538952e+03 1.345888e+03 
2.456364e-01 1.514580e+03 1.315164e+03 
2.486566e-01 1.491255e+03 1.285415e+03 
2.516768e-01 1.468267e+03 1.256604e+03 
2.546970e-01 1.444996e+03 1.228692e+03 
2.577172e-01 1.420935e+03 1.201644e+03 
2.607374e-01 1.395766e+03 1.175426e+03 
2.637576e-01 1.369390e+03 1.150005e+03 
2.667778e-01 1.341934e+03 1.125350e+03 
2.697980e-01 1.313690e+03 1.101432e+03 
2.728182e-01 1.285046e+03 1.078223e+03 
2.758384e-01 1.256411e+03 1.055696e+03 
2.788586e-01 1.228180e+03 1.033825e+03 
2.818788e-01 1.200676e+03 1.012586e+03 
2.848990e-01 1.174189e+03 9.919566e+02 
2.879192e-01 1.148974e+03 9.719131e+02 
2.909394e-01 1.125231e+03 9.524348e+02 
2.939596e-01 1.103093e+03 9.335014e+02 
2.969798e-01 1.082580e+03 9.150934e+02 
3.000000e-01 1.063620e+03 8.971921e+02 
