1.000000e-03 3.601832e+03 3.601798e+03 
4.020202e-03 1.194619e+04 1.203879e+04 
7.040404e-03 1.740859e+04 1.752218e+04 
1.006061e-02 2.076814e+04 2.086598e+04 
1.308081e-02 2.258192e+04 2.265360e+04 
1.610101e-02 2.325181e+04 2.325612e+04 
1.912121e-02 2.308905e+04 2.297303e+04 
2.214141e-02 2.234672e+04 2.211395e+04 
2.516162e-02 2.123499e+04 2.096889e+04 
2.818182e-02 1.992572e+04 1.974537e+04 
3.120202e-02 1.855327e+04 1.855488e+04 
3.422222e-02 1.721648e+04 1.744157e+04 
3.724242e-02 1.598116e+04 1.641512e+04 
4.026263e-02 1.488625e+04 1.547146e+04 
4.328283e-02 1.394606e+04 1.460259e+04 
4.630303e-02 1.315247e+04 1.380034e+04 
4.932323e-02 1.250252e+04 1.305750e+04 
5.234343e-02 1.197629e+04 1.236798e+04 
5.536364e-02 1.153151e+04 1.172665e+04 
5.838384e-02 1.114547e+04 1.112912e+04 
6.140404e-02 1.079502e+04 1.057160e+04 
6.442424e-02 1.045292e+04 1.005076e+04 
6.744444e-02 1.010167e+04 9.563660e+03 
7.046465e-02 9.729459e+03 9.107640e+03 
7.348485e-02 9.330059e+03 8.680309e+03 
7.650505e-02 8.905097e+03 8.279494e+03 
7.952525e-02 8.461813e+03 7.903216e+03 
8.254545e-02 8.010918e+03 7.549666e+03 
8.556566e-02 7.564671e+03 7.217188e+03 
8.858586e-02 7.134564e+03 6.904264e+03 
9.160606e-02 6.730633e+03 6.609501e+03 
9.462626e-02 6.360976e+03 6.331618e+03 
9.764646e-02 6.031427e+03 6.069440e+03 
1.006667e-01 5.745904e+03 5.821883e+03 
1.036869e-01 5.504678e+03 5.587949e+03 
1.067071e-01 5.305327e+03 5.366719e+03 
1.097273e-01 5.141941e+03 5.157345e+03 
1.127475e-01 5.007119e+03 4.959045e+03 
1.157677e-01 4.892334e+03 4.771097e+03 
1.187879e-01 4.789512e+03 4.592831e+03 
1.218081e-01 4.691154e+03 4.423632e+03 
1.248283e-01 4.591419e+03 4.262926e+03 
1.278485e-01 4.485539e+03 4.110185e+03 
1.308687e-01 4.370357e+03 3.964918e+03 
1.338889e-01 4.244216e+03 3.826668e+03 
1.369091e-01 4.107608e+03 3.695014e+03 
1.399293e-01 3.962426e+03 3.569563e+03 
1.429495e-01 3.811839e+03 3.449949e+03 
1.459697e-01 3.659533e+03 3.335833e+03 
1.489899e-01 3.509402e+03 3.226898e+03 
1.520101e-01 3.364897e+03 3.122850e+03 
1.550303e-01 3.229123e+03 3.023413e+03 
1.580505e-01 3.104579e+03 2.928331e+03 
1.610707e-01 2.993106e+03 2.837364e+03 
1.640909e-01 2.895537e+03 2.750289e+03 
1.671111e-01 2.811687e+03 2.666896e+03 
1.701313e-01 2.740333e+03 2.586988e+03 
1.731515e-01 2.679500e+03 2.510383e+03 
1.761717e-01 2.626743e+03 2.436908e+03 
1.791919e-01 2.579534e+03 2.366402e+03 
1.822121e-01 2.535428e+03 2.298714e+03 
1.852323e-01 2.492356e+03 2.233701e+03 
1.882525e-01 2.448491e+03 2.171230e+03 
1.912727e-01 2.402336e+03 2.111175e+03 
1.942929e-01 2.352875e+03 2.053418e+03 
1.973131e-01 2.299629e+03 1.997848e+03 
2.003333e-01 2.242721e+03 1.944359e+03 
2.033535e-01 2.182735e+03 1.892855e+03 
2.063737e-01 2.120797e+03 1.843240e+03 
2.093939e-01 2.058236e+03 1.795427e+03 
2.124141e-01 1.996360e+03 1.749334e+03 
2.154343e-01 1.936386e+03 1.704881e+03 
2.184545e-01 1.879353e+03 1.661995e+03 
2.214747e-01 1.826060e+03 1.620606e+03 
2.244949e-01 1.777028e+03 1.580647e+03 
2.275152e-01 1.732502e+03 1.542056e+03 
2.305354e-01 1.692489e+03 1.504774e+03 
2.335556e-01 1.656664e+03 1.468743e+03 
2.365758e-01 1.624522e+03 1.433910e+03 
2.395960e-01 1.595404e+03 1.400225e+03 
2.426162e-01 1.568592e+03 1.367640e+03 
2.456364e-01 1.543310e+03 1.336109e+03 
2.486566e-01 1.518816e+03 1.305588e+03 
2.516768e-01 1.494422e+03 1.276037e+03 
2.546970e-01 1.469565e+03 1.247417e+03 
2.577172e-01 1.443808e+03 1.219689e+03 
2.607374e-01 1.416970e+03 1.192819e+03 
2.637576e-01 1.389044e+03 1.166772e+03 
2.667778e-01 1.360249e+03 1.141517e+03 
2.697980e-01 1.330898e+03 1.117024e+03 
2.728182e-01 1.301387e+03 1.093261e+03 
2.758384e-01 1.272101e+03 1.070203e+03 
2.788586e-01 1.243398e+03 1.047822e+03 
2.818788e-01 1.215591e+03 1.026093e+03 
2.848990e-01 1.188954e+03 1.004991e+03 
2.879192e-01 1.163714e+03 9.844943e+02 
2.909394e-01 1.140043e+03 9.645799e+02 
2.939596e-01 1.117996e+03 9.452269e+02 
2.969798e-01 1.097541e+03 9.264151e+02 
3.000000e-01 1.078533e+03 9.081251e+02 
