1.000000e-03 2.818294e+03 2.818265e+03 
4.020202e-03 9.446786e+03 9.521588e+03 
7.040404e-03 1.376726e+04 1.384442e+04 
1.006061e-02 1.642805e+04 1.645184e+04 
1.308081e-02 1.790744e+04 1.785316e+04 
1.610101e-02 1.854192e+04 1.839273e+04 
1.912121e-02 1.857919e+04 1.833970e+04 
2.214141e-02 1.820981e+04 1.792333e+04 
2.516162e-02 1.758215e+04 1.731607e+04 
2.818182e-02 1.681103e+04 1.662473e+04 
3.120202e-02 1.598246e+04 1.590637e+04 
3.422222e-02 1.515700e+04 1.518953e+04 
3.724242e-02 1.437333e+04 1.448853e+04 
4.026263e-02 1.365304e+04 1.381081e+04 
4.328283e-02 1.300278e+04 1.316031e+04 
4.630303e-02 1.241784e+04 1.253902e+04 
4.932323e-02 1.189512e+04 1.194773e+04 
5.234343e-02 1.142305e+04 1.138647e+04 
5.536364e-02 1.098026e+04 1.085474e+04 
5.838384e-02 1.055484e+04 1.035167e+04 
6.140404e-02 1.013949e+04 9.876194e+03 
6.442424e-02 9.728312e+03 9.427082e+03 
6.744444e-02 9.318417e+03 9.003038e+03 
7.046465e-02 8.909708e+03 8.602734e+03 
7.348485e-02 8.505191e+03 8.224844e+03 
7.650505e-02 8.109868e+03 7.868068e+03 
7.952525e-02 7.730044e+03 7.531148e+03 
8.254545e-02 7.371198e+03 7.212877e+03 
8.556566e-02 7.037368e+03 6.912105e+03 
8.858586e-02 6.730543e+03 6.627745e+03 
9.160606e-02 6.451356e+03 6.358769e+03 
9.462626e-02 6.199491e+03 6.104213e+03 
9.764646e-02 5.973764e+03 5.863173e+03 
1.006667e-01 5.771602e+03 5.634802e+03 
1.036869e-01 5.589040e+03 5.418309e+03 
1.067071e-01 5.420936e+03 5.212956e+03 
1.097273e-01 5.262035e+03 5.018053e+03 
1.127475e-01 5.108221e+03 4.832959e+03 
1.157677e-01 4.956102e+03 4.657075e+03 
1.187879e-01 4.804135e+03 4.489843e+03 
1.218081e-01 4.651547e+03 4.330744e+03 
1.248283e-01 4.498723e+03 4.179292e+03 
1.278485e-01 4.346529e+03 4.035037e+03 
1.308687e-01 4.196540e+03 3.897557e+03 
1.338889e-01 4.050527e+03 3.766459e+03 
1.369091e-01 3.910275e+03 3.641377e+03 
1.399293e-01 3.777373e+03 3.521969e+03 
1.429495e-01 3.652615e+03 3.407915e+03 
1.459697e-01 3.536428e+03 3.298917e+03 
1.489899e-01 3.428580e+03 3.194696e+03 
1.520101e-01 3.328681e+03 3.094990e+03 
1.550303e-01 3.236319e+03 2.999555e+03 
1.580505e-01 3.150933e+03 2.908163e+03 
1.610707e-01 3.071491e+03 2.820599e+03 
1.640909e-01 2.996759e+03 2.736663e+03 
1.671111e-01 2.925188e+03 2.656165e+03 
1.701313e-01 2.855345e+03 2.578930e+03 
1.731515e-01 2.786394e+03 2.504791e+03 
1.761717e-01 2.717818e+03 2.433591e+03 
1.791919e-01 2.649723e+03 2.365185e+03 
1.822121e-01 2.582325e+03 2.299434e+03 
1.852323e-01 2.515810e+03 2.236208e+03 
1.882525e-01 2.450388e+03 2.175385e+03 
1.912727e-01 2.386347e+03 2.116850e+03 
1.942929e-01 2.324029e+03 2.060495e+03 
1.973131e-01 2.263877e+03 2.006216e+03 
2.003333e-01 2.206303e+03 1.953917e+03 
2.033535e-01 2.151580e+03 1.903507e+03 
2.063737e-01 2.099843e+03 1.854899e+03 
2.093939e-01 2.050942e+03 1.808012e+03 
2.124141e-01 2.004632e+03 1.762768e+03 
2.154343e-01 1.960562e+03 1.719095e+03 
2.184545e-01 1.918388e+03 1.676924e+03 
2.214747e-01 1.877834e+03 1.636189e+03 
2.244949e-01 1.838642e+03 1.596828e+03 
2.275152e-01 1.800572e+03 1.558782e+03 
2.305354e-01 1.763416e+03 1.521996e+03 
2.335556e-01 1.727035e+03 1.486416e+03 
2.365758e-01 1.691321e+03 1.451992e+03 
2.395960e-01 1.656223e+03 1.418677e+03 
2.426162e-01 1.621718e+03 1.386426e+03 
2.456364e-01 1.587842e+03 1.355194e+03 
2.486566e-01 1.554659e+03 1.324941e+03 
2.516768e-01 1.522268e+03 1.295628e+03 
2.546970e-01 1.490770e+03 1.267218e+03 
2.577172e-01 1.460255e+03 1.239676e+03 
2.607374e-01 1.430787e+03 1.212967e+03 
2.637576e-01 1.402379e+03 1.187060e+03 
2.667778e-01 1.375015e+03 1.161923e+03 
2.697980e-01 1.348632e+03 1.137529e+03 
2.728182e-01 1.323160e+03 1.113848e+03 
2.758384e-01 1.298515e+03 1.090854e+03 
2.788586e-01 1.274623e+03 1.068523e+03 
2.818788e-01 1.251420e+03 1.046828e+03 
2.848990e-01 1.228839e+03 1.025748e+03 
2.879192e-01 1.206813e+03 1.005261e+03 
2.909394e-01 1.185282e+03 9.853436e+02 
2.939596e-01 1.164200e+03 9.659772e+02 
2.969798e-01 1.143539e+03 9.471420e+02 
3.000000e-01 1.123306e+03 9.288194e+02 
