1.000000e-03 2.835835e+03 2.835808e+03 
4.020202e-03 9.624240e+03 9.698156e+03 
7.040404e-03 1.422561e+04 1.431667e+04 
1.006061e-02 1.717210e+04 1.724426e+04 
1.308081e-02 1.887534e+04 1.891613e+04 
1.610101e-02 1.964159e+04 1.962113e+04 
1.912121e-02 1.971264e+04 1.959519e+04 
2.214141e-02 1.928724e+04 1.907969e+04 
2.516162e-02 1.853293e+04 1.830007e+04 
2.818182e-02 1.758664e+04 1.742020e+04 
3.120202e-02 1.655840e+04 1.653233e+04 
3.422222e-02 1.553050e+04 1.567768e+04 
3.724242e-02 1.456002e+04 1.487031e+04 
4.026263e-02 1.368227e+04 1.411247e+04 
4.328283e-02 1.291427e+04 1.340215e+04 
4.630303e-02 1.225277e+04 1.273618e+04 
4.932323e-02 1.169510e+04 1.211134e+04 
5.234343e-02 1.123301e+04 1.152464e+04 
5.536364e-02 1.083439e+04 1.097339e+04 
5.838384e-02 1.047725e+04 1.045518e+04 
6.140404e-02 1.014733e+04 9.967798e+03 
6.442424e-02 9.827735e+03 9.509193e+03 
6.744444e-02 9.503185e+03 9.077475e+03 
7.046465e-02 9.162475e+03 8.670882e+03 
7.348485e-02 8.800814e+03 8.287766e+03 
7.650505e-02 8.419574e+03 7.926590e+03 
7.952525e-02 8.024898e+03 7.585917e+03 
8.254545e-02 7.626560e+03 7.264404e+03 
8.556566e-02 7.234759e+03 6.960800e+03 
8.858586e-02 6.858658e+03 6.673939e+03 
9.160606e-02 6.505572e+03 6.402732e+03 
9.462626e-02 6.180964e+03 6.146169e+03 
9.764646e-02 5.888836e+03 5.903307e+03 
1.006667e-01 5.631978e+03 5.673270e+03 
1.036869e-01 5.410949e+03 5.455244e+03 
1.067071e-01 5.224271e+03 5.248472e+03 
1.097273e-01 5.067625e+03 5.052250e+03 
1.127475e-01 4.935021e+03 4.865923e+03 
1.157677e-01 4.819189e+03 4.688882e+03 
1.187879e-01 4.712855e+03 4.520560e+03 
1.218081e-01 4.609990e+03 4.360432e+03 
1.248283e-01 4.505617e+03 4.208006e+03 
1.278485e-01 4.396360e+03 4.062826e+03 
1.308687e-01 4.280163e+03 3.924467e+03 
1.338889e-01 4.156418e+03 3.792531e+03 
1.369091e-01 4.025640e+03 3.666650e+03 
1.399293e-01 3.889265e+03 3.546478e+03 
1.429495e-01 3.749674e+03 3.431693e+03 
1.459697e-01 3.609731e+03 3.321995e+03 
1.489899e-01 3.472409e+03 3.217102e+03 
1.520101e-01 3.340584e+03 3.116752e+03 
1.550303e-01 3.216711e+03 3.020699e+03 
1.580505e-01 3.102796e+03 2.928712e+03 
1.610707e-01 3.000130e+03 2.840577e+03 
1.640909e-01 2.909210e+03 2.756090e+03 
1.671111e-01 2.829642e+03 2.675062e+03 
1.701313e-01 2.760304e+03 2.597316e+03 
1.731515e-01 2.699515e+03 2.522684e+03 
1.761717e-01 2.645268e+03 2.451010e+03 
1.791919e-01 2.595451e+03 2.382146e+03 
1.822121e-01 2.548201e+03 2.315953e+03 
1.852323e-01 2.501827e+03 2.252300e+03 
1.882525e-01 2.454958e+03 2.191066e+03 
1.912727e-01 2.406461e+03 2.132133e+03 
1.942929e-01 2.355556e+03 2.075392e+03 
1.973131e-01 2.301889e+03 2.020741e+03 
2.003333e-01 2.245590e+03 1.968082e+03 
2.033535e-01 2.187279e+03 1.917323e+03 
2.063737e-01 2.127933e+03 1.868379e+03 
2.093939e-01 2.068668e+03 1.821165e+03 
2.124141e-01 2.010599e+03 1.775606e+03 
2.154343e-01 1.954579e+03 1.731627e+03 
2.184545e-01 1.901315e+03 1.689160e+03 
2.214747e-01 1.851306e+03 1.648137e+03 
2.244949e-01 1.804918e+03 1.608498e+03 
2.275152e-01 1.762336e+03 1.570182e+03 
2.305354e-01 1.723543e+03 1.533134e+03 
2.335556e-01 1.688303e+03 1.497301e+03 
2.365758e-01 1.656151e+03 1.462631e+03 
2.395960e-01 1.626454e+03 1.429077e+03 
2.426162e-01 1.598549e+03 1.396594e+03 
2.456364e-01 1.571779e+03 1.365137e+03 
2.486566e-01 1.545607e+03 1.334666e+03 
2.516768e-01 1.519567e+03 1.305141e+03 
2.546970e-01 1.493301e+03 1.276525e+03 
2.577172e-01 1.466544e+03 1.248782e+03 
2.607374e-01 1.439151e+03 1.221878e+03 
2.637576e-01 1.411104e+03 1.195782e+03 
2.667778e-01 1.382511e+03 1.170462e+03 
2.697980e-01 1.353624e+03 1.145889e+03 
2.728182e-01 1.324793e+03 1.122034e+03 
2.758384e-01 1.296367e+03 1.098871e+03 
2.788586e-01 1.268678e+03 1.076375e+03 
2.818788e-01 1.241977e+03 1.054521e+03 
2.848990e-01 1.216458e+03 1.033285e+03 
2.879192e-01 1.192207e+03 1.012645e+03 
2.909394e-01 1.169268e+03 9.925809e+02 
2.939596e-01 1.147638e+03 9.730708e+02 
2.969798e-01 1.127274e+03 9.540957e+02 
3.000000e-01 1.108092e+03 9.356367e+02 
