1.000000e-03 4.477829e+03 4.477791e+03 
4.020202e-03 1.499280e+04 1.510989e+04 
7.040404e-03 2.196889e+04 2.213169e+04 
1.006061e-02 2.628781e+04 2.648151e+04 
1.308081e-02 2.859863e+04 2.883851e+04 
1.610101e-02 2.938158e+04 2.961114e+04 
1.912121e-02 2.902292e+04 2.911353e+04 
2.214141e-02 2.785029e+04 2.771068e+04 
2.516162e-02 2.614660e+04 2.581829e+04 
2.818182e-02 2.415151e+04 2.379450e+04 
3.120202e-02 2.205984e+04 2.186220e+04 
3.422222e-02 2.002002e+04 2.011696e+04 
3.724242e-02 1.813463e+04 1.857615e+04 
4.026263e-02 1.646854e+04 1.722241e+04 
4.328283e-02 1.504495e+04 1.602848e+04 
4.630303e-02 1.386441e+04 1.496784e+04 
4.932323e-02 1.293032e+04 1.401815e+04 
5.234343e-02 1.220976e+04 1.316151e+04 
5.536364e-02 1.165754e+04 1.238385e+04 
5.838384e-02 1.123589e+04 1.167406e+04 
6.140404e-02 1.090866e+04 1.102330e+04 
6.442424e-02 1.063799e+04 1.042442e+04 
6.744444e-02 1.038704e+04 9.871538e+03 
7.046465e-02 1.012694e+04 9.359735e+03 
7.348485e-02 9.835611e+03 8.884851e+03 
7.650505e-02 9.498678e+03 8.443319e+03 
7.952525e-02 9.110965e+03 8.032043e+03 
8.254545e-02 8.676344e+03 7.648314e+03 
8.556566e-02 8.204918e+03 7.289744e+03 
8.858586e-02 7.711048e+03 6.954213e+03 
9.160606e-02 7.211322e+03 6.639830e+03 
9.462626e-02 6.722257e+03 6.344899e+03 
9.764646e-02 6.259616e+03 6.067893e+03 
1.006667e-01 5.836571e+03 5.807436e+03 
1.036869e-01 5.463573e+03 5.562278e+03 
1.067071e-01 5.145997e+03 5.331288e+03 
1.097273e-01 4.885456e+03 5.113434e+03 
1.127475e-01 4.679315e+03 4.907775e+03 
1.157677e-01 4.522035e+03 4.713454e+03 
1.187879e-01 4.405974e+03 4.529683e+03 
1.218081e-01 4.322401e+03 4.355743e+03 
1.248283e-01 4.262068e+03 4.190972e+03 
1.278485e-01 4.215462e+03 4.034762e+03 
1.308687e-01 4.173344e+03 3.886553e+03 
1.338889e-01 4.127097e+03 3.745830e+03 
1.369091e-01 4.069682e+03 3.612116e+03 
1.399293e-01 3.995706e+03 3.484972e+03 
1.429495e-01 3.902612e+03 3.363991e+03 
1.459697e-01 3.789781e+03 3.248796e+03 
1.489899e-01 3.659126e+03 3.139038e+03 
1.520101e-01 3.513898e+03 3.034395e+03 
1.550303e-01 3.358747e+03 2.934564e+03 
1.580505e-01 3.198924e+03 2.839267e+03 
1.610707e-01 3.040076e+03 2.748243e+03 
1.640909e-01 2.887564e+03 2.661250e+03 
1.671111e-01 2.746260e+03 2.578064e+03 
1.701313e-01 2.619655e+03 2.498472e+03 
1.731515e-01 2.510082e+03 2.422279e+03 
1.761717e-01 2.418236e+03 2.349301e+03 
1.791919e-01 2.343717e+03 2.279366e+03 
1.822121e-01 2.285132e+03 2.212313e+03 
1.852323e-01 2.240414e+03 2.147992e+03 
1.882525e-01 2.207074e+03 2.086263e+03 
1.912727e-01 2.182265e+03 2.026992e+03 
1.942929e-01 2.162946e+03 1.970055e+03 
1.973131e-01 2.145875e+03 1.915336e+03 
2.003333e-01 2.127986e+03 1.862726e+03 
2.033535e-01 2.106505e+03 1.812120e+03 
2.063737e-01 2.079417e+03 1.763423e+03 
2.093939e-01 2.045353e+03 1.716542e+03 
2.124141e-01 2.003945e+03 1.671392e+03 
2.154343e-01 1.955445e+03 1.627891e+03 
2.184545e-01 1.900862e+03 1.585963e+03 
2.214747e-01 1.841604e+03 1.545536e+03 
2.244949e-01 1.779440e+03 1.506541e+03 
2.275152e-01 1.716261e+03 1.468914e+03 
2.305354e-01 1.653983e+03 1.432593e+03 
2.335556e-01 1.594322e+03 1.397521e+03 
2.365758e-01 1.538779e+03 1.363644e+03 
2.395960e-01 1.488456e+03 1.330909e+03 
2.426162e-01 1.444085e+03 1.299267e+03 
2.456364e-01 1.405963e+03 1.268673e+03 
2.486566e-01 1.373999e+03 1.239081e+03 
2.516768e-01 1.347785e+03 1.210450e+03 
2.546970e-01 1.326583e+03 1.182740e+03 
2.577172e-01 1.309455e+03 1.155914e+03 
2.607374e-01 1.295235e+03 1.129935e+03 
2.637576e-01 1.282724e+03 1.104770e+03 
2.667778e-01 1.270741e+03 1.080385e+03 
2.697980e-01 1.258250e+03 1.056750e+03 
2.728182e-01 1.244375e+03 1.033836e+03 
2.758384e-01 1.228520e+03 1.011614e+03 
2.788586e-01 1.210287e+03 9.900583e+02 
2.818788e-01 1.189547e+03 9.691427e+02 
2.848990e-01 1.166362e+03 9.488432e+02 
2.879192e-01 1.141021e+03 9.291366e+02 
2.909394e-01 1.113996e+03 9.100007e+02 
2.939596e-01 1.085907e+03 8.914146e+02 
2.969798e-01 1.057448e+03 8.733579e+02 
3.000000e-01 1.029330e+03 8.558114e+02 
