1.000000e-03 4.171827e+03 4.171781e+03 
4.020202e-03 1.422774e+04 1.433850e+04 
7.040404e-03 2.095380e+04 2.110232e+04 
1.006061e-02 2.513276e+04 2.529755e+04 
1.308081e-02 2.738234e+04 2.756918e+04 
1.610101e-02 2.816673e+04 2.831670e+04 
1.912121e-02 2.786017e+04 2.786008e+04 
2.214141e-02 2.678041e+04 2.656869e+04 
2.516162e-02 2.520011e+04 2.484356e+04 
2.818182e-02 2.334935e+04 2.301120e+04 
3.120202e-02 2.141305e+04 2.126375e+04 
3.422222e-02 1.953086e+04 1.967889e+04 
3.724242e-02 1.779798e+04 1.826861e+04 
4.026263e-02 1.627372e+04 1.701744e+04 
4.328283e-02 1.497719e+04 1.590269e+04 
4.630303e-02 1.390614e+04 1.490276e+04 
4.932323e-02 1.306377e+04 1.399953e+04 
5.234343e-02 1.241443e+04 1.317851e+04 
5.536364e-02 1.191216e+04 1.242820e+04 
5.838384e-02 1.152310e+04 1.173945e+04 
6.140404e-02 1.120835e+04 1.110488e+04 
6.442424e-02 1.093071e+04 1.051841e+04 
6.744444e-02 1.065823e+04 9.975000e+03 
7.046465e-02 1.036535e+04 9.470357e+03 
7.348485e-02 1.003417e+04 9.000803e+03 
7.650505e-02 9.655125e+03 8.563139e+03 
7.952525e-02 9.227684e+03 8.154563e+03 
8.254545e-02 8.759697e+03 7.772593e+03 
8.556566e-02 8.264259e+03 7.415023e+03 
8.858586e-02 7.757545e+03 7.079877e+03 
9.160606e-02 7.256749e+03 6.765382e+03 
9.462626e-02 6.777909e+03 6.469936e+03 
9.764646e-02 6.335513e+03 6.192090e+03 
1.006667e-01 5.940355e+03 5.930529e+03 
1.036869e-01 5.600070e+03 5.684056e+03 
1.067071e-01 5.316944e+03 5.451582e+03 
1.097273e-01 5.089744e+03 5.232111e+03 
1.127475e-01 4.913316e+03 5.024732e+03 
1.157677e-01 4.780238e+03 4.828610e+03 
1.187879e-01 4.681449e+03 4.642979e+03 
1.218081e-01 4.607253e+03 4.467137e+03 
1.248283e-01 4.547774e+03 4.300435e+03 
1.278485e-01 4.493436e+03 4.142278e+03 
1.308687e-01 4.435457e+03 3.992115e+03 
1.338889e-01 4.366400e+03 3.849440e+03 
1.369091e-01 4.281155e+03 3.713782e+03 
1.399293e-01 4.176888e+03 3.584708e+03 
1.429495e-01 4.053619e+03 3.461815e+03 
1.459697e-01 3.913168e+03 3.344731e+03 
1.489899e-01 3.759294e+03 3.233110e+03 
1.520101e-01 3.596600e+03 3.126630e+03 
1.550303e-01 3.430415e+03 3.024993e+03 
1.580505e-01 3.266215e+03 2.927922e+03 
1.610707e-01 3.109442e+03 2.835156e+03 
1.640909e-01 2.964740e+03 2.746455e+03 
1.671111e-01 2.835882e+03 2.661594e+03 
1.701313e-01 2.724744e+03 2.580362e+03 
1.731515e-01 2.631939e+03 2.502564e+03 
1.761717e-01 2.556492e+03 2.428015e+03 
1.791919e-01 2.496654e+03 2.356543e+03 
1.822121e-01 2.450031e+03 2.287989e+03 
1.852323e-01 2.413846e+03 2.222200e+03 
1.882525e-01 2.385093e+03 2.159037e+03 
1.912727e-01 2.360636e+03 2.098364e+03 
1.942929e-01 2.337335e+03 2.040059e+03 
1.973131e-01 2.312148e+03 1.984004e+03 
2.003333e-01 2.282554e+03 1.930088e+03 
2.033535e-01 2.246695e+03 1.878209e+03 
2.063737e-01 2.203722e+03 1.828268e+03 
2.093939e-01 2.153555e+03 1.780173e+03 
2.124141e-01 2.097039e+03 1.733837e+03 
2.154343e-01 2.035479e+03 1.689179e+03 
2.184545e-01 1.970614e+03 1.646122e+03 
2.214747e-01 1.904284e+03 1.604592e+03 
2.244949e-01 1.838371e+03 1.564521e+03 
2.275152e-01 1.774620e+03 1.525843e+03 
2.305354e-01 1.714619e+03 1.488497e+03 
2.335556e-01 1.659598e+03 1.452424e+03 
2.365758e-01 1.610470e+03 1.417569e+03 
2.395960e-01 1.567615e+03 1.383880e+03 
2.426162e-01 1.531041e+03 1.351307e+03 
2.456364e-01 1.500355e+03 1.319802e+03 
2.486566e-01 1.474858e+03 1.289322e+03 
2.516768e-01 1.453624e+03 1.259823e+03 
2.546970e-01 1.435513e+03 1.231266e+03 
2.577172e-01 1.419321e+03 1.203612e+03 
2.607374e-01 1.403860e+03 1.176824e+03 
2.637576e-01 1.388058e+03 1.150868e+03 
2.667778e-01 1.371024e+03 1.125711e+03 
2.697980e-01 1.352127e+03 1.101322e+03 
2.728182e-01 1.330975e+03 1.077670e+03 
2.758384e-01 1.307458e+03 1.054728e+03 
2.788586e-01 1.281662e+03 1.032468e+03 
2.818788e-01 1.253937e+03 1.010863e+03 
2.848990e-01 1.224761e+03 9.898905e+02 
2.879192e-01 1.194736e+03 9.695255e+02 
2.909394e-01 1.164525e+03 9.497459e+02 
2.939596e-01 1.134814e+03 9.305300e+02 
2.969798e-01 1.106205e+03 9.118574e+02 
3.000000e-01 1.079219e+03 8.937085e+02 
