1.000000e-03 5.178603e+03 5.178552e+03 
4.020202e-03 1.743488e+04 1.757248e+04 
7.040404e-03 2.552407e+04 2.571837e+04 
1.006061e-02 3.046845e+04 3.071254e+04 
1.308081e-02 3.303622e+04 3.335612e+04 
1.610101e-02 3.379712e+04 3.412296e+04 
1.912121e-02 3.321090e+04 3.337331e+04 
2.214141e-02 3.166874e+04 3.153630e+04 
2.516162e-02 2.951215e+04 2.911701e+04 
2.818182e-02 2.702864e+04 2.656163e+04 
3.120202e-02 2.445287e+04 2.415127e+04 
3.422222e-02 2.196198e+04 2.200462e+04 
3.724242e-02 1.967758e+04 2.013860e+04 
4.026263e-02 1.767496e+04 1.852508e+04 
4.328283e-02 1.597791e+04 1.712381e+04 
4.630303e-02 1.458623e+04 1.589665e+04 
4.932323e-02 1.350035e+04 1.481189e+04 
5.234343e-02 1.267687e+04 1.384448e+04 
5.536364e-02 1.206418e+04 1.297499e+04 
5.838384e-02 1.161849e+04 1.218830e+04 
6.140404e-02 1.129136e+04 1.147254e+04 
6.442424e-02 1.103639e+04 1.081826e+04 
6.744444e-02 1.081202e+04 1.021782e+04 
7.046465e-02 1.058287e+04 9.664937e+03 
7.348485e-02 1.032052e+04 9.154372e+03 
7.650505e-02 1.000470e+04 8.681697e+03 
7.952525e-02 9.624861e+03 8.243124e+03 
8.254545e-02 9.181928e+03 7.835377e+03 
8.556566e-02 8.685462e+03 7.455606e+03 
8.858586e-02 8.151412e+03 7.101304e+03 
9.160606e-02 7.599894e+03 6.770257e+03 
9.462626e-02 7.051967e+03 6.460499e+03 
9.764646e-02 6.527927e+03 6.170271e+03 
1.006667e-01 6.044644e+03 5.898000e+03 
1.036869e-01 5.615287e+03 5.642270e+03 
1.067071e-01 5.247836e+03 5.401802e+03 
1.097273e-01 4.945317e+03 5.175441e+03 
1.127475e-01 4.706466e+03 4.962136e+03 
1.157677e-01 4.526245e+03 4.760933e+03 
1.187879e-01 4.397450e+03 4.570965e+03 
1.218081e-01 4.310921e+03 4.391436e+03 
1.248283e-01 4.256501e+03 4.221623e+03 
1.278485e-01 4.223113e+03 4.060859e+03 
1.308687e-01 4.199620e+03 3.908536e+03 
1.338889e-01 4.175154e+03 3.764093e+03 
1.369091e-01 4.140556e+03 3.627015e+03 
1.399293e-01 4.088352e+03 3.496828e+03 
1.429495e-01 4.014190e+03 3.373092e+03 
1.459697e-01 3.915950e+03 3.255405e+03 
1.489899e-01 3.794112e+03 3.143391e+03 
1.520101e-01 3.651249e+03 3.036706e+03 
1.550303e-01 3.491650e+03 2.935027e+03 
1.580505e-01 3.321277e+03 2.838058e+03 
1.610707e-01 3.146862e+03 2.745523e+03 
1.640909e-01 2.975499e+03 2.657165e+03 
1.671111e-01 2.813629e+03 2.572744e+03 
1.701313e-01 2.666530e+03 2.492039e+03 
1.731515e-01 2.537548e+03 2.414842e+03 
1.761717e-01 2.428421e+03 2.340960e+03 
1.791919e-01 2.339258e+03 2.270212e+03 
1.822121e-01 2.269272e+03 2.202430e+03 
1.852323e-01 2.216788e+03 2.137456e+03 
1.882525e-01 2.179587e+03 2.075142e+03 
1.912727e-01 2.154881e+03 2.015350e+03 
1.942929e-01 2.139326e+03 1.957950e+03 
1.973131e-01 2.129190e+03 1.902820e+03 
2.003333e-01 2.120569e+03 1.849848e+03 
2.033535e-01 2.109752e+03 1.798924e+03 
2.063737e-01 2.093703e+03 1.749949e+03 
2.093939e-01 2.070194e+03 1.702828e+03 
2.124141e-01 2.037983e+03 1.657471e+03 
2.154343e-01 1.996792e+03 1.613794e+03 
2.184545e-01 1.947081e+03 1.571719e+03 
2.214747e-01 1.890036e+03 1.531170e+03 
2.244949e-01 1.827263e+03 1.492076e+03 
2.275152e-01 1.760838e+03 1.454373e+03 
2.305354e-01 1.693012e+03 1.417995e+03 
2.335556e-01 1.626142e+03 1.382885e+03 
2.365758e-01 1.562336e+03 1.348985e+03 
2.395960e-01 1.503426e+03 1.316243e+03 
2.426162e-01 1.450681e+03 1.284608e+03 
2.456364e-01 1.404941e+03 1.254033e+03 
2.486566e-01 1.366437e+03 1.224472e+03 
2.516768e-01 1.335029e+03 1.195882e+03 
2.546970e-01 1.310207e+03 1.168222e+03 
2.577172e-01 1.291122e+03 1.141455e+03 
2.607374e-01 1.276684e+03 1.115542e+03 
2.637576e-01 1.265602e+03 1.090450e+03 
2.667778e-01 1.256512e+03 1.066146e+03 
2.697980e-01 1.248038e+03 1.042597e+03 
2.728182e-01 1.238927e+03 1.019773e+03 
2.758384e-01 1.228099e+03 9.976467e+02 
2.788586e-01 1.214784e+03 9.761903e+02 
2.818788e-01 1.198459e+03 9.553778e+02 
2.848990e-01 1.178939e+03 9.351846e+02 
2.879192e-01 1.156276e+03 9.155872e+02 
2.909394e-01 1.130824e+03 8.965631e+02 
2.939596e-01 1.103123e+03 8.780908e+02 
2.969798e-01 1.073881e+03 8.601500e+02 
3.000000e-01 1.043912e+03 8.427209e+02 
