1.000000e-03 6.084975e+03 6.084924e+03 
4.020202e-03 2.061585e+04 2.077751e+04 
7.040404e-03 3.038963e+04 3.063565e+04 
1.006061e-02 3.648616e+04 3.683550e+04 
1.308081e-02 3.973075e+04 4.025132e+04 
1.610101e-02 4.075532e+04 4.138137e+04 
1.912121e-02 4.008007e+04 4.057258e+04 
2.214141e-02 3.816682e+04 3.825862e+04 
2.516162e-02 3.542676e+04 3.503156e+04 
2.818182e-02 3.222082e+04 3.150309e+04 
3.120202e-02 2.885067e+04 2.812315e+04 
3.422222e-02 2.555204e+04 2.511891e+04 
3.724242e-02 2.249350e+04 2.254763e+04 
4.026263e-02 1.978281e+04 2.037749e+04 
4.328283e-02 1.746424e+04 1.854576e+04 
4.630303e-02 1.555044e+04 1.698810e+04 
4.932323e-02 1.403526e+04 1.564946e+04 
5.234343e-02 1.287837e+04 1.448607e+04 
5.536364e-02 1.202424e+04 1.346418e+04 
5.838384e-02 1.141679e+04 1.255801e+04 
6.140404e-02 1.100661e+04 1.174783e+04 
6.442424e-02 1.073868e+04 1.101834e+04 
6.744444e-02 1.056024e+04 1.035756e+04 
7.046465e-02 1.042410e+04 9.755973e+03 
7.348485e-02 1.028789e+04 9.205875e+03 
7.650505e-02 1.011611e+04 8.700971e+03 
7.952525e-02 9.882372e+03 8.236033e+03 
8.254545e-02 9.571267e+03 7.806670e+03 
8.556566e-02 9.178898e+03 7.409149e+03 
8.858586e-02 8.711295e+03 7.040271e+03 
9.160606e-02 8.182890e+03 6.697266e+03 
9.462626e-02 7.614480e+03 6.377722e+03 
9.764646e-02 7.029402e+03 6.079518e+03 
1.006667e-01 6.452481e+03 5.800786e+03 
1.036869e-01 5.905889e+03 5.539867e+03 
1.067071e-01 5.408649e+03 5.295282e+03 
1.097273e-01 4.973142e+03 5.065708e+03 
1.127475e-01 4.606842e+03 4.849956e+03 
1.157677e-01 4.311295e+03 4.646957e+03 
1.187879e-01 4.084151e+03 4.455743e+03 
1.218081e-01 3.920037e+03 4.275437e+03 
1.248283e-01 3.811639e+03 4.105245e+03 
1.278485e-01 3.750348e+03 3.944440e+03 
1.308687e-01 3.726025e+03 3.792363e+03 
1.338889e-01 3.727677e+03 3.648409e+03 
1.369091e-01 3.743582e+03 3.512026e+03 
1.399293e-01 3.762238e+03 3.382707e+03 
1.429495e-01 3.772714e+03 3.259986e+03 
1.459697e-01 3.766031e+03 3.143435e+03 
1.489899e-01 3.735074e+03 3.032659e+03 
1.520101e-01 3.675563e+03 2.927295e+03 
1.550303e-01 3.585878e+03 2.827006e+03 
1.580505e-01 3.467055e+03 2.731481e+03 
1.610707e-01 3.322890e+03 2.640434e+03 
1.640909e-01 3.159041e+03 2.553596e+03 
1.671111e-01 2.983142e+03 2.470721e+03 
1.701313e-01 2.803257e+03 2.391578e+03 
1.731515e-01 2.627348e+03 2.315954e+03 
1.761717e-01 2.462059e+03 2.243651e+03 
1.791919e-01 2.312677e+03 2.174482e+03 
1.822121e-01 2.182499e+03 2.108274e+03 
1.852323e-01 2.073535e+03 2.044867e+03 
1.882525e-01 1.986291e+03 1.984110e+03 
1.912727e-01 1.920363e+03 1.925862e+03 
1.942929e-01 1.874446e+03 1.869990e+03 
1.973131e-01 1.846378e+03 1.816372e+03 
2.003333e-01 1.833340e+03 1.764892e+03 
2.033535e-01 1.831762e+03 1.715441e+03 
2.063737e-01 1.837726e+03 1.667918e+03 
2.093939e-01 1.847055e+03 1.622226e+03 
2.124141e-01 1.855752e+03 1.578277e+03 
2.154343e-01 1.860120e+03 1.535984e+03 
2.184545e-01 1.857201e+03 1.495269e+03 
2.214747e-01 1.844677e+03 1.456057e+03 
2.244949e-01 1.821258e+03 1.418276e+03 
2.275152e-01 1.786483e+03 1.381861e+03 
2.305354e-01 1.740892e+03 1.346748e+03 
2.335556e-01 1.685861e+03 1.312878e+03 
2.365758e-01 1.623421e+03 1.280195e+03 
2.395960e-01 1.556130e+03 1.248646e+03 
2.426162e-01 1.486727e+03 1.218180e+03 
2.456364e-01 1.417936e+03 1.188750e+03 
2.486566e-01 1.352208e+03 1.160312e+03 
2.516768e-01 1.291616e+03 1.132822e+03 
2.546970e-01 1.237694e+03 1.106240e+03 
2.577172e-01 1.191529e+03 1.080528e+03 
2.607374e-01 1.153577e+03 1.055649e+03 
2.637576e-01 1.123868e+03 1.031570e+03 
2.667778e-01 1.101933e+03 1.008256e+03 
2.697980e-01 1.086972e+03 9.856778e+02 
2.728182e-01 1.077903e+03 9.638049e+02 
2.758384e-01 1.073416e+03 9.426093e+02 
2.788586e-01 1.072083e+03 9.220642e+02 
2.818788e-01 1.072406e+03 9.021440e+02 
2.848990e-01 1.072910e+03 8.828245e+02 
2.879192e-01 1.072186e+03 8.640825e+02 
2.909394e-01 1.069017e+03 8.458959e+02 
2.939596e-01 1.062393e+03 8.282438e+02 
2.969798e-01 1.051694e+03 8.111059e+02 
3.000000e-01 1.036606e+03 7.944632e+02 
