1.000000e-03 2.529447e+03 2.529424e+03 
4.020202e-03 8.464973e+03 8.531245e+03 
7.040404e-03 1.240106e+04 1.247107e+04 
1.006061e-02 1.488839e+04 1.491062e+04 
1.308081e-02 1.633184e+04 1.628311e+04 
1.610101e-02 1.701958e+04 1.688572e+04 
1.912121e-02 1.716519e+04 1.695112e+04 
2.214141e-02 1.693438e+04 1.667691e+04 
2.516162e-02 1.645663e+04 1.621291e+04 
2.818182e-02 1.583382e+04 1.565424e+04 
3.120202e-02 1.514224e+04 1.505411e+04 
3.422222e-02 1.443700e+04 1.444109e+04 
3.724242e-02 1.375448e+04 1.383090e+04 
4.026263e-02 1.311589e+04 1.323265e+04 
4.328283e-02 1.253027e+04 1.265185e+04 
4.630303e-02 1.199516e+04 1.209184e+04 
4.932323e-02 1.150906e+04 1.155456e+04 
5.234343e-02 1.106544e+04 1.104099e+04 
5.536364e-02 1.064503e+04 1.055144e+04 
5.838384e-02 1.023910e+04 1.008575e+04 
6.140404e-02 9.846574e+03 9.643432e+03 
6.442424e-02 9.460641e+03 9.223785e+03 
6.744444e-02 9.076299e+03 8.825950e+03 
7.046465e-02 8.693222e+03 8.448982e+03 
7.348485e-02 8.314053e+03 8.091890e+03 
7.650505e-02 7.943425e+03 7.753667e+03 
7.952525e-02 7.587641e+03 7.433309e+03 
8.254545e-02 7.251851e+03 7.129832e+03 
8.556566e-02 6.939447e+03 6.842284e+03 
8.858586e-02 6.651224e+03 6.569749e+03 
9.160606e-02 6.386865e+03 6.311352e+03 
9.462626e-02 6.145468e+03 6.066264e+03 
9.764646e-02 5.925978e+03 5.833698e+03 
1.006667e-01 5.726914e+03 5.612912e+03 
1.036869e-01 5.545702e+03 5.403209e+03 
1.067071e-01 5.378585e+03 5.203933e+03 
1.097273e-01 5.220841e+03 5.014469e+03 
1.127475e-01 5.068407e+03 4.834239e+03 
1.157677e-01 4.917990e+03 4.662703e+03 
1.187879e-01 4.767861e+03 4.499354e+03 
1.218081e-01 4.617920e+03 4.343721e+03 
1.248283e-01 4.468679e+03 4.195359e+03 
1.278485e-01 4.321238e+03 4.053854e+03 
1.308687e-01 4.176831e+03 3.918818e+03 
1.338889e-01 4.036801e+03 3.789889e+03 
1.369091e-01 3.902340e+03 3.666726e+03 
1.399293e-01 3.774435e+03 3.549012e+03 
1.429495e-01 3.653802e+03 3.436449e+03 
1.459697e-01 3.540827e+03 3.328757e+03 
1.489899e-01 3.435564e+03 3.225676e+03 
1.520101e-01 3.337676e+03 3.126960e+03 
1.550303e-01 3.246661e+03 3.032379e+03 
1.580505e-01 3.161832e+03 2.941717e+03 
1.610707e-01 3.082298e+03 2.854773e+03 
1.640909e-01 3.006910e+03 2.771354e+03 
1.671111e-01 2.934539e+03 2.691283e+03 
1.701313e-01 2.864118e+03 2.614392e+03 
1.731515e-01 2.794889e+03 2.540522e+03 
1.761717e-01 2.726546e+03 2.469525e+03 
1.791919e-01 2.658978e+03 2.401260e+03 
1.822121e-01 2.592311e+03 2.335594e+03 
1.852323e-01 2.526705e+03 2.272405e+03 
1.882525e-01 2.462350e+03 2.211574e+03 
1.912727e-01 2.399478e+03 2.152990e+03 
1.942929e-01 2.338385e+03 2.096549e+03 
1.973131e-01 2.279407e+03 2.042152e+03 
2.003333e-01 2.222926e+03 1.989705e+03 
2.033535e-01 2.169174e+03 1.939121e+03 
2.063737e-01 2.118117e+03 1.890316e+03 
2.093939e-01 2.069621e+03 1.843211e+03 
2.124141e-01 2.023420e+03 1.797730e+03 
2.154343e-01 1.979255e+03 1.753804e+03 
2.184545e-01 1.936896e+03 1.711365e+03 
2.214747e-01 1.896124e+03 1.670348e+03 
2.244949e-01 1.856720e+03 1.630695e+03 
2.275152e-01 1.818470e+03 1.592347e+03 
2.305354e-01 1.781161e+03 1.555250e+03 
2.335556e-01 1.744614e+03 1.519352e+03 
2.365758e-01 1.708728e+03 1.484604e+03 
2.395960e-01 1.673468e+03 1.450959e+03 
2.426162e-01 1.638930e+03 1.418373e+03 
2.456364e-01 1.605194e+03 1.386804e+03 
2.486566e-01 1.572281e+03 1.356210e+03 
2.516768e-01 1.540202e+03 1.326555e+03 
2.546970e-01 1.508975e+03 1.297801e+03 
2.577172e-01 1.478628e+03 1.269914e+03 
2.607374e-01 1.449217e+03 1.242860e+03 
2.637576e-01 1.420793e+03 1.216608e+03 
2.667778e-01 1.393382e+03 1.191127e+03 
2.697980e-01 1.366974e+03 1.166389e+03 
2.728182e-01 1.341476e+03 1.142366e+03 
2.758384e-01 1.316783e+03 1.119031e+03 
2.788586e-01 1.292787e+03 1.096360e+03 
2.818788e-01 1.269399e+03 1.074329e+03 
2.848990e-01 1.246584e+03 1.052915e+03 
2.879192e-01 1.224316e+03 1.032095e+03 
2.909394e-01 1.202583e+03 1.011848e+03 
2.939596e-01 1.181367e+03 9.921553e+02 
2.969798e-01 1.160630e+03 9.729965e+02 
3.000000e-01 1.140332e+03 9.543533e+02 
