1.000000e-03 5.038908e+03 5.038853e+03 
4.020202e-03 1.671084e+04 1.684183e+04 
7.040404e-03 2.425297e+04 2.442976e+04 
1.006061e-02 2.876181e+04 2.897037e+04 
1.308081e-02 3.102155e+04 3.127519e+04 
1.610101e-02 3.160142e+04 3.182585e+04 
1.912121e-02 3.095110e+04 3.100101e+04 
2.214141e-02 2.944905e+04 2.924037e+04 
2.516162e-02 2.741531e+04 2.702356e+04 
2.818182e-02 2.511804e+04 2.473853e+04 
3.120202e-02 2.276921e+04 2.260747e+04 
3.422222e-02 2.052545e+04 2.071234e+04 
3.724242e-02 1.849044e+04 1.905641e+04 
4.026263e-02 1.672498e+04 1.761180e+04 
4.328283e-02 1.524167e+04 1.634428e+04 
4.630303e-02 1.403636e+04 1.522285e+04 
4.932323e-02 1.310586e+04 1.422220e+04 
5.234343e-02 1.239995e+04 1.332245e+04 
5.536364e-02 1.186939e+04 1.250808e+04 
5.838384e-02 1.147427e+04 1.176690e+04 
6.140404e-02 1.116392e+04 1.108924e+04 
6.442424e-02 1.089632e+04 1.046727e+04 
6.744444e-02 1.063702e+04 9.894544e+03 
7.046465e-02 1.035624e+04 9.365698e+03 
7.348485e-02 1.003238e+04 8.876182e+03 
7.650505e-02 9.653144e+03 8.422098e+03 
7.952525e-02 9.216154e+03 8.000073e+03 
8.254545e-02 8.729268e+03 7.607158e+03 
8.556566e-02 8.207297e+03 7.240758e+03 
8.858586e-02 7.669032e+03 6.898577e+03 
9.160606e-02 7.134702e+03 6.578570e+03 
9.462626e-02 6.623218e+03 6.278909e+03 
9.764646e-02 6.151227e+03 5.997952e+03 
1.006667e-01 5.731094e+03 5.734223e+03 
1.036869e-01 5.370663e+03 5.486386e+03 
1.067071e-01 5.072977e+03 5.253233e+03 
1.097273e-01 4.836411e+03 5.033666e+03 
1.127475e-01 4.656180e+03 4.826689e+03 
1.157677e-01 4.524439e+03 4.631391e+03 
1.187879e-01 4.431903e+03 4.446943e+03 
1.218081e-01 4.368031e+03 4.272586e+03 
1.248283e-01 4.321851e+03 4.107624e+03 
1.278485e-01 4.282254e+03 3.951420e+03 
1.308687e-01 4.239294e+03 3.803387e+03 
1.338889e-01 4.184360e+03 3.662988e+03 
1.369091e-01 4.111704e+03 3.529725e+03 
1.399293e-01 4.017881e+03 3.403142e+03 
1.429495e-01 3.902369e+03 3.282816e+03 
1.459697e-01 3.766722e+03 3.168357e+03 
1.489899e-01 3.614246e+03 3.059403e+03 
1.520101e-01 3.449880e+03 2.955621e+03 
1.550303e-01 3.279467e+03 2.856700e+03 
1.580505e-01 3.109570e+03 2.762352e+03 
1.610707e-01 2.946551e+03 2.672310e+03 
1.640909e-01 2.796146e+03 2.586326e+03 
1.671111e-01 2.662336e+03 2.504168e+03 
1.701313e-01 2.547518e+03 2.425621e+03 
1.731515e-01 2.452120e+03 2.350484e+03 
1.761717e-01 2.375481e+03 2.278569e+03 
1.791919e-01 2.315884e+03 2.209701e+03 
1.822121e-01 2.271110e+03 2.143717e+03 
1.852323e-01 2.238483e+03 2.080463e+03 
1.882525e-01 2.214902e+03 2.019797e+03 
1.912727e-01 2.196944e+03 1.961583e+03 
1.942929e-01 2.180880e+03 1.905697e+03 
1.973131e-01 2.163126e+03 1.852020e+03 
2.003333e-01 2.140667e+03 1.800441e+03 
2.033535e-01 2.111368e+03 1.750856e+03 
2.063737e-01 2.074093e+03 1.703167e+03 
2.093939e-01 2.028760e+03 1.657282e+03 
2.124141e-01 1.975995e+03 1.613114e+03 
2.154343e-01 1.917076e+03 1.570582e+03 
2.184545e-01 1.853615e+03 1.529608e+03 
2.214747e-01 1.787553e+03 1.490120e+03 
2.244949e-01 1.720965e+03 1.452049e+03 
2.275152e-01 1.655993e+03 1.415331e+03 
2.305354e-01 1.594526e+03 1.379905e+03 
2.335556e-01 1.538172e+03 1.345712e+03 
2.365758e-01 1.487967e+03 1.312697e+03 
2.395960e-01 1.444514e+03 1.280810e+03 
2.426162e-01 1.407875e+03 1.250001e+03 
2.456364e-01 1.377708e+03 1.220224e+03 
2.486566e-01 1.353331e+03 1.191434e+03 
2.516768e-01 1.333807e+03 1.163590e+03 
2.546970e-01 1.318035e+03 1.136653e+03 
2.577172e-01 1.304733e+03 1.110584e+03 
2.607374e-01 1.292603e+03 1.085348e+03 
2.637576e-01 1.280383e+03 1.060910e+03 
2.667778e-01 1.267004e+03 1.037240e+03 
2.697980e-01 1.251599e+03 1.014306e+03 
2.728182e-01 1.233676e+03 9.920780e+02 
2.758384e-01 1.212993e+03 9.705294e+02 
2.788586e-01 1.189624e+03 9.496333e+02 
2.818788e-01 1.163843e+03 9.293645e+02 
2.848990e-01 1.136123e+03 9.096989e+02 
2.879192e-01 1.107082e+03 8.906137e+02 
2.909394e-01 1.077431e+03 8.720869e+02 
2.939596e-01 1.047922e+03 8.540977e+02 
2.969798e-01 1.019285e+03 8.366261e+02 
3.000000e-01 9.921638e+02 8.196532e+02 
