1.000000e-03 5.531728e+03 5.531674e+03 
4.020202e-03 1.848481e+04 1.862795e+04 
7.040404e-03 2.706435e+04 2.727149e+04 
1.006061e-02 3.234415e+04 3.261858e+04 
1.308081e-02 3.510903e+04 3.548855e+04 
1.610101e-02 3.594343e+04 3.635493e+04 
1.912121e-02 3.532551e+04 3.557084e+04 
2.214141e-02 3.366809e+04 3.357191e+04 
2.516162e-02 3.133346e+04 3.089867e+04 
2.818182e-02 2.863248e+04 2.805177e+04 
3.120202e-02 2.582039e+04 2.536051e+04 
3.422222e-02 2.309192e+04 2.297051e+04 
3.724242e-02 2.058258e+04 2.090633e+04 
4.026263e-02 1.837641e+04 1.913655e+04 
4.328283e-02 1.650071e+04 1.761370e+04 
4.630303e-02 1.496383e+04 1.629210e+04 
4.932323e-02 1.375998e+04 1.513360e+04 
5.234343e-02 1.284522e+04 1.410814e+04 
5.536364e-02 1.216682e+04 1.319247e+04 
5.838384e-02 1.167619e+04 1.236864e+04 
6.140404e-02 1.132974e+04 1.162270e+04 
6.442424e-02 1.107518e+04 1.094366e+04 
6.744444e-02 1.086552e+04 1.032271e+04 
7.046465e-02 1.066133e+04 9.752703e+03 
7.348485e-02 1.042863e+04 9.227724e+03 
7.650505e-02 1.014321e+04 8.742838e+03 
7.952525e-02 9.791474e+03 8.293858e+03 
8.254545e-02 9.370529e+03 7.877197e+03 
8.556566e-02 8.887715e+03 7.489753e+03 
8.858586e-02 8.357350e+03 7.128820e+03 
9.160606e-02 7.798388e+03 6.792024e+03 
9.462626e-02 7.232423e+03 6.477264e+03 
9.764646e-02 6.680868e+03 6.182675e+03 
1.006667e-01 6.164026e+03 5.906593e+03 
1.036869e-01 5.697568e+03 5.647525e+03 
1.067071e-01 5.293001e+03 5.404131e+03 
1.097273e-01 4.955408e+03 5.175201e+03 
1.127475e-01 4.685308e+03 4.959639e+03 
1.157677e-01 4.478824e+03 4.756454e+03 
1.187879e-01 4.329378e+03 4.564742e+03 
1.218081e-01 4.228629e+03 4.383682e+03 
1.248283e-01 4.166668e+03 4.212522e+03 
1.278485e-01 4.132853e+03 4.050578e+03 
1.308687e-01 4.115973e+03 3.897220e+03 
1.338889e-01 4.104811e+03 3.751872e+03 
1.369091e-01 4.088492e+03 3.614005e+03 
1.399293e-01 4.058098e+03 3.483130e+03 
1.429495e-01 4.006565e+03 3.358798e+03 
1.459697e-01 3.929964e+03 3.240597e+03 
1.489899e-01 3.826859e+03 3.128142e+03 
1.520101e-01 3.698565e+03 3.021080e+03 
1.550303e-01 3.548708e+03 2.919084e+03 
1.580505e-01 3.382596e+03 2.821850e+03 
1.610707e-01 3.207065e+03 2.729096e+03 
1.640909e-01 3.029396e+03 2.640560e+03 
1.671111e-01 2.856824e+03 2.556001e+03 
1.701313e-01 2.695583e+03 2.475190e+03 
1.731515e-01 2.550672e+03 2.397918e+03 
1.761717e-01 2.425037e+03 2.323987e+03 
1.791919e-01 2.320226e+03 2.253215e+03 
1.822121e-01 2.236236e+03 2.185431e+03 
1.852323e-01 2.172165e+03 2.120473e+03 
1.882525e-01 2.126184e+03 2.058194e+03 
1.912727e-01 2.095766e+03 1.998451e+03 
1.942929e-01 2.077818e+03 1.941115e+03 
1.973131e-01 2.068661e+03 1.886062e+03 
2.003333e-01 2.064371e+03 1.833176e+03 
2.033535e-01 2.060925e+03 1.782350e+03 
2.063737e-01 2.054659e+03 1.733480e+03 
2.093939e-01 2.042429e+03 1.686472e+03 
2.124141e-01 2.022040e+03 1.641235e+03 
2.154343e-01 1.992073e+03 1.597684e+03 
2.184545e-01 1.952191e+03 1.555739e+03 
2.214747e-01 1.902816e+03 1.515325e+03 
2.244949e-01 1.845267e+03 1.476371e+03 
2.275152e-01 1.781424e+03 1.438810e+03 
2.305354e-01 1.713592e+03 1.402578e+03 
2.335556e-01 1.644277e+03 1.367615e+03 
2.365758e-01 1.575965e+03 1.333865e+03 
2.395960e-01 1.510878e+03 1.301274e+03 
2.426162e-01 1.450868e+03 1.269791e+03 
2.456364e-01 1.397330e+03 1.239369e+03 
2.486566e-01 1.351141e+03 1.209961e+03 
2.516768e-01 1.312748e+03 1.181525e+03 
2.546970e-01 1.282018e+03 1.154020e+03 
2.577172e-01 1.258446e+03 1.127406e+03 
2.607374e-01 1.241095e+03 1.101648e+03 
2.637576e-01 1.228776e+03 1.076709e+03 
2.667778e-01 1.220104e+03 1.052557e+03 
2.697980e-01 1.213625e+03 1.029160e+03 
2.728182e-01 1.207897e+03 1.006488e+03 
2.758384e-01 1.201609e+03 9.845123e+02 
2.788586e-01 1.193608e+03 9.632051e+02 
2.818788e-01 1.182957e+03 9.425409e+02 
2.848990e-01 1.169006e+03 9.224947e+02 
2.879192e-01 1.151374e+03 9.030430e+02 
2.909394e-01 1.130073e+03 8.841633e+02 
2.939596e-01 1.105386e+03 8.658341e+02 
2.969798e-01 1.077939e+03 8.480349e+02 
3.000000e-01 1.048517e+03 8.307460e+02 
