1.000000e-03 8.624775e+03 8.624700e+03 
4.020202e-03 2.903607e+04 2.926579e+04 
7.040404e-03 4.258578e+04 4.294820e+04 
1.006061e-02 5.086852e+04 5.142727e+04 
1.308081e-02 5.507469e+04 5.596443e+04 
1.610101e-02 5.610623e+04 5.724887e+04 
1.912121e-02 5.471268e+04 5.572790e+04 
2.214141e-02 5.155912e+04 5.197106e+04 
2.516162e-02 4.724585e+04 4.681923e+04 
2.818182e-02 4.230242e+04 4.120814e+04 
3.120202e-02 3.717250e+04 3.587044e+04 
3.422222e-02 3.220177e+04 3.119399e+04 
3.724242e-02 2.763565e+04 2.727819e+04 
4.026263e-02 2.362567e+04 2.406272e+04 
4.328283e-02 2.023119e+04 2.143020e+04 
4.630303e-02 1.746071e+04 1.926071e+04 
4.932323e-02 1.528746e+04 1.745242e+04 
5.234343e-02 1.364946e+04 1.592541e+04 
5.536364e-02 1.246235e+04 1.461906e+04 
5.838384e-02 1.164603e+04 1.348791e+04 
6.140404e-02 1.112893e+04 1.249787e+04 
6.442424e-02 1.083409e+04 1.162315e+04 
6.744444e-02 1.069386e+04 1.084404e+04 
7.046465e-02 1.064724e+04 1.014523e+04 
7.348485e-02 1.063630e+04 9.514678e+03 
7.650505e-02 1.060811e+04 8.942782e+03 
7.952525e-02 1.051777e+04 8.421754e+03 
8.254545e-02 1.033174e+04 7.945209e+03 
8.556566e-02 1.003118e+04 7.507847e+03 
8.858586e-02 9.611908e+03 7.105218e+03 
9.160606e-02 9.084391e+03 6.733549e+03 
9.462626e-02 8.469929e+03 6.389613e+03 
9.764646e-02 7.798619e+03 6.070627e+03 
1.006667e-01 7.104093e+03 5.774175e+03 
1.036869e-01 6.419541e+03 5.498145e+03 
1.067071e-01 5.774176e+03 5.240681e+03 
1.097273e-01 5.191260e+03 5.000143e+03 
1.127475e-01 4.685466e+03 4.775077e+03 
1.157677e-01 4.264879e+03 4.564186e+03 
1.187879e-01 3.930835e+03 4.366312e+03 
1.218081e-01 3.680841e+03 4.180414e+03 
1.248283e-01 3.508499e+03 4.005555e+03 
1.278485e-01 3.405463e+03 3.840891e+03 
1.308687e-01 3.361792e+03 3.685656e+03 
1.338889e-01 3.365953e+03 3.539157e+03 
1.369091e-01 3.405416e+03 3.400763e+03 
1.399293e-01 3.466705e+03 3.269899e+03 
1.429495e-01 3.536299e+03 3.146040e+03 
1.459697e-01 3.600941e+03 3.028706e+03 
1.489899e-01 3.648509e+03 2.917458e+03 
1.520101e-01 3.668220e+03 2.811892e+03 
1.550303e-01 3.652181e+03 2.711637e+03 
1.580505e-01 3.595360e+03 2.616352e+03 
1.610707e-01 3.496769e+03 2.525724e+03 
1.640909e-01 3.359544e+03 2.439460e+03 
1.671111e-01 3.190382e+03 2.357293e+03 
1.701313e-01 2.998777e+03 2.278975e+03 
1.731515e-01 2.795258e+03 2.204275e+03 
1.761717e-01 2.590274e+03 2.132981e+03 
1.791919e-01 2.392904e+03 2.064895e+03 
1.822121e-01 2.210401e+03 1.999832e+03 
1.852323e-01 2.048063e+03 1.937621e+03 
1.882525e-01 1.909677e+03 1.878102e+03 
1.912727e-01 1.797119e+03 1.821128e+03 
1.942929e-01 1.711075e+03 1.766559e+03 
1.973131e-01 1.650911e+03 1.714266e+03 
2.003333e-01 1.614813e+03 1.664128e+03 
2.033535e-01 1.599982e+03 1.616031e+03 
2.063737e-01 1.602774e+03 1.569870e+03 
2.093939e-01 1.619056e+03 1.525544e+03 
2.124141e-01 1.644251e+03 1.482962e+03 
2.154343e-01 1.673695e+03 1.442035e+03 
2.184545e-01 1.702736e+03 1.402681e+03 
2.214747e-01 1.726981e+03 1.364824e+03 
2.244949e-01 1.742391e+03 1.328390e+03 
2.275152e-01 1.745760e+03 1.293311e+03 
2.305354e-01 1.734782e+03 1.259523e+03 
2.335556e-01 1.708398e+03 1.226966e+03 
2.365758e-01 1.666956e+03 1.195581e+03 
2.395960e-01 1.611990e+03 1.165315e+03 
2.426162e-01 1.546147e+03 1.136117e+03 
2.456364e-01 1.472635e+03 1.107940e+03 
2.486566e-01 1.395089e+03 1.080736e+03 
2.516768e-01 1.317004e+03 1.054464e+03 
2.546970e-01 1.241593e+03 1.029083e+03 
2.577172e-01 1.171538e+03 1.004554e+03 
2.607374e-01 1.109033e+03 9.808397e+02 
2.637576e-01 1.055501e+03 9.579067e+02 
2.667778e-01 1.011804e+03 9.357216e+02 
2.697980e-01 9.781726e+02 9.142532e+02 
2.728182e-01 9.543229e+02 8.934721e+02 
2.758384e-01 9.395605e+02 8.733500e+02 
2.788586e-01 9.327842e+02 8.538602e+02 
2.818788e-01 9.326532e+02 8.349773e+02 
2.848990e-01 9.375811e+02 8.166771e+02 
2.879192e-01 9.458506e+02 7.989367e+02 
2.909394e-01 9.556437e+02 7.817341e+02 
2.939596e-01 9.651402e+02 7.650485e+02 
2.969798e-01 9.725861e+02 7.488599e+02 
3.000000e-01 9.764537e+02 7.331495e+02 
