1.000000e-03 3.758060e+03 3.758026e+03 
4.020202e-03 1.267522e+04 1.277396e+04 
7.040404e-03 1.859897e+04 1.872730e+04 
1.006061e-02 2.227503e+04 2.240480e+04 
1.308081e-02 2.426774e+04 2.439675e+04 
1.610101e-02 2.499550e+04 2.507484e+04 
1.912121e-02 2.478826e+04 2.473926e+04 
2.214141e-02 2.392334e+04 2.371986e+04 
2.516162e-02 2.263384e+04 2.235157e+04 
2.818182e-02 2.111454e+04 2.089156e+04 
3.120202e-02 1.952043e+04 1.948499e+04 
3.422222e-02 1.796717e+04 1.818988e+04 
3.724242e-02 1.653325e+04 1.701681e+04 
4.026263e-02 1.526669e+04 1.595704e+04 
4.328283e-02 1.418429e+04 1.499656e+04 
4.630303e-02 1.328043e+04 1.412176e+04 
4.932323e-02 1.255712e+04 1.332102e+04 
5.234343e-02 1.198723e+04 1.258485e+04 
5.536364e-02 1.152703e+04 1.190556e+04 
5.838384e-02 1.114936e+04 1.127686e+04 
6.140404e-02 1.082342e+04 1.069352e+04 
6.442424e-02 1.051846e+04 1.015114e+04 
6.744444e-02 1.020999e+04 9.645928e+03 
7.046465e-02 9.879609e+03 9.174602e+03 
7.348485e-02 9.515957e+03 8.734267e+03 
7.650505e-02 9.115400e+03 8.322357e+03 
7.952525e-02 8.682111e+03 7.936578e+03 
8.254545e-02 8.225646e+03 7.574868e+03 
8.556566e-02 7.758918e+03 7.235364e+03 
8.858586e-02 7.296009e+03 6.916381e+03 
9.160606e-02 6.850255e+03 6.616384e+03 
9.462626e-02 6.433436e+03 6.333977e+03 
9.764646e-02 6.055425e+03 6.067886e+03 
1.006667e-01 5.723126e+03 5.816944e+03 
1.036869e-01 5.440396e+03 5.580084e+03 
1.067071e-01 5.206895e+03 5.356328e+03 
1.097273e-01 5.019381e+03 5.144776e+03 
1.127475e-01 4.871077e+03 4.944602e+03 
1.157677e-01 4.753927e+03 4.755046e+03 
1.187879e-01 4.659152e+03 4.575407e+03 
1.218081e-01 4.578083e+03 4.405039e+03 
1.248283e-01 4.502408e+03 4.243346e+03 
1.278485e-01 4.424956e+03 4.089776e+03 
1.308687e-01 4.339629e+03 3.943819e+03 
1.338889e-01 4.242284e+03 3.805004e+03 
1.369091e-01 4.130376e+03 3.672893e+03 
1.399293e-01 4.004064e+03 3.547080e+03 
1.429495e-01 3.865044e+03 3.427190e+03 
1.459697e-01 3.716681e+03 3.312872e+03 
1.489899e-01 3.563002e+03 3.203802e+03 
1.520101e-01 3.408470e+03 3.099675e+03 
1.550303e-01 3.257453e+03 3.000211e+03 
1.580505e-01 3.114098e+03 2.905147e+03 
1.610707e-01 2.981849e+03 2.814238e+03 
1.640909e-01 2.863447e+03 2.727255e+03 
1.671111e-01 2.760505e+03 2.643984e+03 
1.701313e-01 2.673357e+03 2.564225e+03 
1.731515e-01 2.600987e+03 2.487791e+03 
1.761717e-01 2.541572e+03 2.414508e+03 
1.791919e-01 2.492767e+03 2.344211e+03 
1.822121e-01 2.451895e+03 2.276746e+03 
1.852323e-01 2.416226e+03 2.211969e+03 
1.882525e-01 2.383190e+03 2.149745e+03 
1.912727e-01 2.350343e+03 2.089946e+03 
1.942929e-01 2.315428e+03 2.032452e+03 
1.973131e-01 2.276710e+03 1.977151e+03 
2.003333e-01 2.232990e+03 1.923937e+03 
2.033535e-01 2.183903e+03 1.872710e+03 
2.063737e-01 2.129665e+03 1.823376e+03 
2.093939e-01 2.071272e+03 1.775847e+03 
2.124141e-01 2.010030e+03 1.730037e+03 
2.154343e-01 1.947490e+03 1.685869e+03 
2.184545e-01 1.885201e+03 1.643267e+03 
2.214747e-01 1.824659e+03 1.602162e+03 
2.244949e-01 1.767129e+03 1.562486e+03 
2.275152e-01 1.713671e+03 1.524176e+03 
2.305354e-01 1.664975e+03 1.487172e+03 
2.335556e-01 1.621470e+03 1.451418e+03 
2.365758e-01 1.583188e+03 1.416860e+03 
2.395960e-01 1.549887e+03 1.383447e+03 
2.426162e-01 1.521016e+03 1.351131e+03 
2.456364e-01 1.495849e+03 1.319866e+03 
2.486566e-01 1.473522e+03 1.289608e+03 
2.516768e-01 1.453071e+03 1.260316e+03 
2.546970e-01 1.433514e+03 1.231951e+03 
2.577172e-01 1.413952e+03 1.204476e+03 
2.607374e-01 1.393619e+03 1.177854e+03 
2.637576e-01 1.371966e+03 1.152052e+03 
2.667778e-01 1.348698e+03 1.127038e+03 
2.697980e-01 1.323767e+03 1.102782e+03 
2.728182e-01 1.297324e+03 1.079253e+03 
2.758384e-01 1.269650e+03 1.056424e+03 
2.788586e-01 1.241147e+03 1.034269e+03 
2.818788e-01 1.212268e+03 1.012762e+03 
2.848990e-01 1.183496e+03 9.918786e+02 
2.879192e-01 1.155314e+03 9.715962e+02 
2.909394e-01 1.128199e+03 9.518926e+02 
2.939596e-01 1.102538e+03 9.327466e+02 
2.969798e-01 1.078626e+03 9.141381e+02 
3.000000e-01 1.056597e+03 8.960479e+02 
