1.000000e-03 4.158815e+03 4.158772e+03 
4.020202e-03 1.386314e+04 1.397116e+04 
7.040404e-03 2.011686e+04 2.024935e+04 
1.006061e-02 2.385300e+04 2.397659e+04 
1.308081e-02 2.575107e+04 2.585678e+04 
1.610101e-02 2.630076e+04 2.633117e+04 
1.912121e-02 2.588159e+04 2.576350e+04 
2.214141e-02 2.480373e+04 2.454052e+04 
2.516162e-02 2.332417e+04 2.302398e+04 
2.818182e-02 2.165012e+04 2.146553e+04 
3.120202e-02 1.994261e+04 1.999203e+04 
3.422222e-02 1.831666e+04 1.864610e+04 
3.724242e-02 1.684551e+04 1.742966e+04 
4.026263e-02 1.556959e+04 1.633017e+04 
4.328283e-02 1.449612e+04 1.533240e+04 
4.630303e-02 1.361329e+04 1.442250e+04 
4.932323e-02 1.291506e+04 1.358897e+04 
5.234343e-02 1.236389e+04 1.282244e+04 
5.536364e-02 1.191274e+04 1.211527e+04 
5.838384e-02 1.152891e+04 1.146113e+04 
6.140404e-02 1.117819e+04 1.085472e+04 
6.442424e-02 1.083178e+04 1.029148e+04 
6.744444e-02 1.046949e+04 9.767497e+03 
7.046465e-02 1.007700e+04 9.279298e+03 
7.348485e-02 9.648060e+03 8.823830e+03 
7.650505e-02 9.184345e+03 8.398365e+03 
7.952525e-02 8.694624e+03 8.000456e+03 
8.254545e-02 8.193089e+03 7.627901e+03 
8.556566e-02 7.695703e+03 7.278708e+03 
8.858586e-02 7.217625e+03 6.951070e+03 
9.160606e-02 6.772406e+03 6.643349e+03 
9.462626e-02 6.370343e+03 6.354050e+03 
9.764646e-02 6.018625e+03 6.081812e+03 
1.006667e-01 5.720092e+03 5.825391e+03 
1.036869e-01 5.474362e+03 5.583651e+03 
1.067071e-01 5.276528e+03 5.355551e+03 
1.097273e-01 5.119559e+03 5.140135e+03 
1.127475e-01 4.994419e+03 4.936528e+03 
1.157677e-01 4.891478e+03 4.743925e+03 
1.187879e-01 4.800840e+03 4.561585e+03 
1.218081e-01 4.713607e+03 4.388827e+03 
1.248283e-01 4.621890e+03 4.225024e+03 
1.278485e-01 4.519870e+03 4.069594e+03 
1.308687e-01 4.403669e+03 3.922003e+03 
1.338889e-01 4.272532e+03 3.781756e+03 
1.369091e-01 4.127656e+03 3.648395e+03 
1.399293e-01 3.972115e+03 3.521496e+03 
1.429495e-01 3.809824e+03 3.400668e+03 
1.459697e-01 3.645198e+03 3.285543e+03 
1.489899e-01 3.482812e+03 3.175786e+03 
1.520101e-01 3.327152e+03 3.071080e+03 
1.550303e-01 3.182287e+03 2.971133e+03 
1.580505e-01 3.051562e+03 2.875673e+03 
1.610707e-01 2.937301e+03 2.784445e+03 
1.640909e-01 2.840054e+03 2.697214e+03 
1.671111e-01 2.758938e+03 2.613758e+03 
1.701313e-01 2.691826e+03 2.533871e+03 
1.731515e-01 2.636049e+03 2.457361e+03 
1.761717e-01 2.588691e+03 2.384046e+03 
1.791919e-01 2.546914e+03 2.313758e+03 
1.822121e-01 2.508078e+03 2.246340e+03 
1.852323e-01 2.469684e+03 2.181642e+03 
1.882525e-01 2.429394e+03 2.119526e+03 
1.912727e-01 2.385281e+03 2.059862e+03 
1.942929e-01 2.335934e+03 2.002526e+03 
1.973131e-01 2.281114e+03 1.947404e+03 
2.003333e-01 2.221281e+03 1.894387e+03 
2.033535e-01 2.157685e+03 1.843373e+03 
2.063737e-01 2.091873e+03 1.794266e+03 
2.093939e-01 2.025565e+03 1.746975e+03 
2.124141e-01 1.960290e+03 1.701416e+03 
2.154343e-01 1.897420e+03 1.657508e+03 
2.184545e-01 1.838096e+03 1.615175e+03 
2.214747e-01 1.783273e+03 1.574344e+03 
2.244949e-01 1.733637e+03 1.534949e+03 
2.275152e-01 1.689497e+03 1.496925e+03 
2.305354e-01 1.650756e+03 1.460211e+03 
2.335556e-01 1.616930e+03 1.424750e+03 
2.365758e-01 1.587288e+03 1.390487e+03 
2.395960e-01 1.560874e+03 1.357371e+03 
2.426162e-01 1.536691e+03 1.325354e+03 
2.456364e-01 1.513779e+03 1.294388e+03 
2.486566e-01 1.491248e+03 1.264429e+03 
2.516768e-01 1.468304e+03 1.235437e+03 
2.546970e-01 1.444334e+03 1.207370e+03 
2.577172e-01 1.418897e+03 1.180192e+03 
2.607374e-01 1.391879e+03 1.153867e+03 
2.637576e-01 1.363359e+03 1.128360e+03 
2.667778e-01 1.333656e+03 1.103639e+03 
2.697980e-01 1.303201e+03 1.079674e+03 
2.728182e-01 1.272529e+03 1.056434e+03 
2.758384e-01 1.242140e+03 1.033892e+03 
2.788586e-01 1.212496e+03 1.012020e+03 
2.818788e-01 1.184005e+03 9.907943e+02 
2.848990e-01 1.157013e+03 9.701896e+02 
2.879192e-01 1.131767e+03 9.501827e+02 
2.909394e-01 1.108413e+03 9.307517e+02 
2.939596e-01 1.086983e+03 9.118752e+02 
2.969798e-01 1.067381e+03 8.935331e+02 
3.000000e-01 1.049405e+03 8.757061e+02 
