1.000000e-03 5.748161e+03 5.748100e+03 
4.020202e-03 1.912170e+04 1.927064e+04 
7.040404e-03 2.786960e+04 2.808213e+04 
1.006061e-02 3.316632e+04 3.344523e+04 
1.308081e-02 3.585807e+04 3.623918e+04 
1.610101e-02 3.656984e+04 3.697067e+04 
1.912121e-02 3.580620e+04 3.602289e+04 
2.214141e-02 3.400142e+04 3.386632e+04 
2.516162e-02 3.153132e+04 3.106921e+04 
2.818182e-02 2.871759e+04 2.814042e+04 
3.120202e-02 2.581965e+04 2.540125e+04 
3.422222e-02 2.303330e+04 2.298472e+04 
3.724242e-02 2.049193e+04 2.090536e+04 
4.026263e-02 1.827538e+04 1.912584e+04 
4.328283e-02 1.640498e+04 1.759570e+04 
4.630303e-02 1.488583e+04 1.626797e+04 
4.932323e-02 1.370878e+04 1.510402e+04 
5.234343e-02 1.282214e+04 1.407364e+04 
5.536364e-02 1.217195e+04 1.315354e+04 
5.838384e-02 1.170767e+04 1.232579e+04 
6.140404e-02 1.137955e+04 1.157644e+04 
6.442424e-02 1.113489e+04 1.089448e+04 
6.744444e-02 1.092691e+04 1.027108e+04 
7.046465e-02 1.071606e+04 9.699056e+03 
7.348485e-02 1.046945e+04 9.172467e+03 
7.650505e-02 1.016401e+04 8.686334e+03 
7.952525e-02 9.787860e+03 8.236430e+03 
8.254545e-02 9.340493e+03 7.819132e+03 
8.556566e-02 8.831540e+03 7.431303e+03 
8.858586e-02 8.277991e+03 7.070205e+03 
9.160606e-02 7.701186e+03 6.733432e+03 
9.462626e-02 7.124335e+03 6.418858e+03 
9.764646e-02 6.569497e+03 6.124595e+03 
1.006667e-01 6.056750e+03 5.848958e+03 
1.036869e-01 5.600475e+03 5.590435e+03 
1.067071e-01 5.210479e+03 5.347670e+03 
1.097273e-01 4.890140e+03 5.119438e+03 
1.127475e-01 4.638386e+03 4.904632e+03 
1.157677e-01 4.450067e+03 4.702248e+03 
1.187879e-01 4.317643e+03 4.511374e+03 
1.218081e-01 4.231973e+03 4.331181e+03 
1.248283e-01 4.182246e+03 4.160911e+03 
1.278485e-01 4.156941e+03 3.999871e+03 
1.308687e-01 4.144054e+03 3.847428e+03 
1.338889e-01 4.132023e+03 3.703000e+03 
1.369091e-01 4.110105e+03 3.566054e+03 
1.399293e-01 4.070212e+03 3.436100e+03 
1.429495e-01 4.006415e+03 3.312685e+03 
1.459697e-01 3.915974e+03 3.195393e+03 
1.489899e-01 3.798672e+03 3.083840e+03 
1.520101e-01 3.656966e+03 2.977669e+03 
1.550303e-01 3.495457e+03 2.876552e+03 
1.580505e-01 3.320280e+03 2.780184e+03 
1.610707e-01 3.139079e+03 2.688282e+03 
1.640909e-01 2.959640e+03 2.600584e+03 
1.671111e-01 2.789160e+03 2.516847e+03 
1.701313e-01 2.633370e+03 2.436844e+03 
1.731515e-01 2.496418e+03 2.360362e+03 
1.761717e-01 2.380297e+03 2.287207e+03 
1.791919e-01 2.285662e+03 2.217194e+03 
1.822121e-01 2.211844e+03 2.150152e+03 
1.852323e-01 2.157403e+03 2.085921e+03 
1.882525e-01 2.120112e+03 2.024351e+03 
1.912727e-01 2.097017e+03 1.965302e+03 
1.942929e-01 2.084594e+03 1.908644e+03 
1.973131e-01 2.078781e+03 1.854252e+03 
2.003333e-01 2.075384e+03 1.802013e+03 
2.033535e-01 2.070323e+03 1.751817e+03 
2.063737e-01 2.060158e+03 1.703564e+03 
2.093939e-01 2.042228e+03 1.657156e+03 
2.124141e-01 2.014945e+03 1.612506e+03 
2.154343e-01 1.977545e+03 1.569527e+03 
2.184545e-01 1.930360e+03 1.528141e+03 
2.214747e-01 1.874390e+03 1.488272e+03 
2.244949e-01 1.811353e+03 1.449850e+03 
2.275152e-01 1.743471e+03 1.412807e+03 
2.305354e-01 1.673310e+03 1.377080e+03 
2.335556e-01 1.603435e+03 1.342611e+03 
2.365758e-01 1.536278e+03 1.309342e+03 
2.395960e-01 1.473909e+03 1.277221e+03 
2.426162e-01 1.417915e+03 1.246196e+03 
2.456364e-01 1.369301e+03 1.216221e+03 
2.486566e-01 1.328530e+03 1.187249e+03 
2.516768e-01 1.295639e+03 1.159239e+03 
2.546970e-01 1.270113e+03 1.132148e+03 
2.577172e-01 1.251123e+03 1.105940e+03 
2.607374e-01 1.237504e+03 1.080577e+03 
2.637576e-01 1.227901e+03 1.056024e+03 
2.667778e-01 1.220824e+03 1.032249e+03 
2.697980e-01 1.214796e+03 1.009219e+03 
2.728182e-01 1.208406e+03 9.869059e+02 
2.758384e-01 1.200425e+03 9.652802e+02 
2.788586e-01 1.189848e+03 9.443151e+02 
2.818788e-01 1.175970e+03 9.239848e+02 
2.848990e-01 1.158431e+03 9.042647e+02 
2.879192e-01 1.137167e+03 8.851315e+02 
2.909394e-01 1.112508e+03 8.665629e+02 
2.939596e-01 1.085006e+03 8.485376e+02 
2.969798e-01 1.055451e+03 8.310352e+02 
3.000000e-01 1.024734e+03 8.140364e+02 
