1.000000e-03 7.054870e+03 7.054815e+03 
4.020202e-03 2.368445e+04 2.387075e+04 
7.040404e-03 3.472332e+04 3.500976e+04 
1.006061e-02 4.149563e+04 4.191681e+04 
1.308081e-02 4.498223e+04 4.562440e+04 
1.610101e-02 4.592262e+04 4.670832e+04 
1.912121e-02 4.492759e+04 4.556460e+04 
2.214141e-02 4.253332e+04 4.269503e+04 
2.516162e-02 3.922146e+04 3.879391e+04 
2.818182e-02 3.541005e+04 3.458239e+04 
3.120202e-02 3.144721e+04 3.058920e+04 
3.422222e-02 2.760300e+04 2.707596e+04 
3.724242e-02 2.406729e+04 2.410095e+04 
4.026263e-02 2.095790e+04 2.161735e+04 
4.328283e-02 1.831882e+04 1.954356e+04 
4.630303e-02 1.615969e+04 1.779822e+04 
4.932323e-02 1.446490e+04 1.631270e+04 
5.234343e-02 1.318368e+04 1.503302e+04 
5.536364e-02 1.224902e+04 1.391795e+04 
5.838384e-02 1.159748e+04 1.293623e+04 
6.140404e-02 1.117199e+04 1.206412e+04 
6.442424e-02 1.090730e+04 1.128337e+04 
6.744444e-02 1.074519e+04 1.057980e+04 
7.046465e-02 1.063395e+04 9.942199e+03 
7.348485e-02 1.052556e+04 9.361609e+03 
7.650505e-02 1.037928e+04 8.830734e+03 
7.952525e-02 1.016426e+04 8.343566e+03 
8.254545e-02 9.861273e+03 7.895093e+03 
8.556566e-02 9.464285e+03 7.481087e+03 
8.858586e-02 8.979165e+03 7.097941e+03 
9.160606e-02 8.421863e+03 6.742556e+03 
9.462626e-02 7.815396e+03 6.412246e+03 
9.764646e-02 7.186876e+03 6.104663e+03 
1.006667e-01 6.564615e+03 5.817749e+03 
1.036869e-01 5.974040e+03 5.549684e+03 
1.067071e-01 5.436133e+03 5.298853e+03 
1.097273e-01 4.965346e+03 5.063818e+03 
1.127475e-01 4.569476e+03 4.843292e+03 
1.157677e-01 4.250902e+03 4.636118e+03 
1.187879e-01 4.007142e+03 4.441257e+03 
1.218081e-01 3.832992e+03 4.257769e+03 
1.248283e-01 3.720615e+03 4.084802e+03 
1.278485e-01 3.660706e+03 3.921584e+03 
1.308687e-01 3.642635e+03 3.767413e+03 
1.338889e-01 3.654435e+03 3.621648e+03 
1.369091e-01 3.683467e+03 3.483703e+03 
1.399293e-01 3.717061e+03 3.353045e+03 
1.429495e-01 3.743394e+03 3.229182e+03 
1.459697e-01 3.752126e+03 3.111664e+03 
1.489899e-01 3.735249e+03 3.000077e+03 
1.520101e-01 3.686982e+03 2.894040e+03 
1.550303e-01 3.604983e+03 2.793202e+03 
1.580505e-01 3.489529e+03 2.697238e+03 
1.610707e-01 3.344325e+03 2.605848e+03 
1.640909e-01 3.175607e+03 2.518755e+03 
1.671111e-01 2.991784e+03 2.435702e+03 
1.701313e-01 2.802009e+03 2.356450e+03 
1.731515e-01 2.615257e+03 2.280778e+03 
1.761717e-01 2.438899e+03 2.208480e+03 
1.791919e-01 2.278777e+03 2.139365e+03 
1.822121e-01 2.138855e+03 2.073255e+03 
1.852323e-01 2.021400e+03 2.009983e+03 
1.882525e-01 1.927396e+03 1.949393e+03 
1.912727e-01 1.856605e+03 1.891342e+03 
1.942929e-01 1.807925e+03 1.835694e+03 
1.973131e-01 1.779171e+03 1.782322e+03 
2.003333e-01 1.767365e+03 1.731107e+03 
2.033535e-01 1.768824e+03 1.681940e+03 
2.063737e-01 1.779294e+03 1.634714e+03 
2.093939e-01 1.794307e+03 1.589333e+03 
2.124141e-01 1.809481e+03 1.545705e+03 
2.154343e-01 1.820795e+03 1.503743e+03 
2.184545e-01 1.824773e+03 1.463367e+03 
2.214747e-01 1.818766e+03 1.424500e+03 
2.244949e-01 1.800887e+03 1.387070e+03 
2.275152e-01 1.770430e+03 1.351009e+03 
2.305354e-01 1.727577e+03 1.316254e+03 
2.335556e-01 1.673629e+03 1.282743e+03 
2.365758e-01 1.610696e+03 1.250422e+03 
2.395960e-01 1.541542e+03 1.219234e+03 
2.426162e-01 1.469234e+03 1.189131e+03 
2.456364e-01 1.396851e+03 1.160063e+03 
2.486566e-01 1.327164e+03 1.131985e+03 
2.516768e-01 1.262529e+03 1.104854e+03 
2.546970e-01 1.204789e+03 1.078630e+03 
2.577172e-01 1.155150e+03 1.053273e+03 
2.607374e-01 1.114314e+03 1.028747e+03 
2.637576e-01 1.082369e+03 1.005018e+03 
2.667778e-01 1.059003e+03 9.820514e+02 
2.697980e-01 1.043449e+03 9.598169e+02 
2.728182e-01 1.034629e+03 9.382845e+02 
2.758384e-01 1.031212e+03 9.174258e+02 
2.788586e-01 1.031681e+03 8.972139e+02 
2.818788e-01 1.034425e+03 8.776231e+02 
2.848990e-01 1.037791e+03 8.586291e+02 
2.879192e-01 1.040206e+03 8.402086e+02 
2.909394e-01 1.040238e+03 8.223395e+02 
2.939596e-01 1.036747e+03 8.050006e+02 
2.969798e-01 1.028869e+03 7.881719e+02 
3.000000e-01 1.016191e+03 7.718342e+02 
