1.000000e-03 3.471149e+03 3.471111e+03 
4.020202e-03 1.158388e+04 1.167347e+04 
7.040404e-03 1.685933e+04 1.696273e+04 
1.006061e-02 2.006900e+04 2.014383e+04 
1.308081e-02 2.177581e+04 2.180588e+04 
1.610101e-02 2.238466e+04 2.233076e+04 
1.912121e-02 2.220493e+04 2.203165e+04 
2.214141e-02 2.148661e+04 2.121963e+04 
2.516162e-02 2.043246e+04 2.016537e+04 
2.818182e-02 1.920624e+04 1.904853e+04 
3.120202e-02 1.793292e+04 1.795991e+04 
3.422222e-02 1.670277e+04 1.693423e+04 
3.724242e-02 1.557371e+04 1.597942e+04 
4.026263e-02 1.457739e+04 1.509317e+04 
4.328283e-02 1.372369e+04 1.427018e+04 
4.630303e-02 1.300271e+04 1.350486e+04 
4.932323e-02 1.240488e+04 1.279213e+04 
5.234343e-02 1.190975e+04 1.212751e+04 
5.536364e-02 1.148015e+04 1.150706e+04 
5.838384e-02 1.109098e+04 1.092731e+04 
6.140404e-02 1.072107e+04 1.038513e+04 
6.442424e-02 1.034989e+04 9.877684e+03 
6.744444e-02 9.964877e+03 9.402391e+03 
7.046465e-02 9.559299e+03 8.956880e+03 
7.348485e-02 9.131911e+03 8.538978e+03 
7.650505e-02 8.688048e+03 8.146679e+03 
7.952525e-02 8.237206e+03 7.778138e+03 
8.254545e-02 7.791017e+03 7.431653e+03 
8.556566e-02 7.360951e+03 7.105655e+03 
8.858586e-02 6.956692e+03 6.798698e+03 
9.160606e-02 6.586031e+03 6.509448e+03 
9.462626e-02 6.254710e+03 6.236673e+03 
9.764646e-02 5.965599e+03 5.979240e+03 
1.006667e-01 5.719414e+03 5.736101e+03 
1.036869e-01 5.512969e+03 5.506290e+03 
1.067071e-01 5.340974e+03 5.288914e+03 
1.097273e-01 5.195595e+03 5.083149e+03 
1.127475e-01 5.068678e+03 4.888234e+03 
1.157677e-01 4.952208e+03 4.703465e+03 
1.187879e-01 4.839352e+03 4.528189e+03 
1.218081e-01 4.724442e+03 4.361805e+03 
1.248283e-01 4.603466e+03 4.203754e+03 
1.278485e-01 4.473712e+03 4.053517e+03 
1.308687e-01 4.334748e+03 3.910616e+03 
1.338889e-01 4.187500e+03 3.774604e+03 
1.369091e-01 4.034711e+03 3.645067e+03 
1.399293e-01 3.879667e+03 3.521622e+03 
1.429495e-01 3.726016e+03 3.403909e+03 
1.459697e-01 3.577102e+03 3.291597e+03 
1.489899e-01 3.435904e+03 3.184375e+03 
1.520101e-01 3.304746e+03 3.081954e+03 
1.550303e-01 3.185474e+03 2.984064e+03 
1.580505e-01 3.079241e+03 2.890454e+03 
1.610707e-01 2.986485e+03 2.800889e+03 
1.640909e-01 2.906291e+03 2.715148e+03 
1.671111e-01 2.836966e+03 2.633027e+03 
1.701313e-01 2.775963e+03 2.554333e+03 
1.731515e-01 2.720725e+03 2.478886e+03 
1.761717e-01 2.668798e+03 2.406516e+03 
1.791919e-01 2.618197e+03 2.337067e+03 
1.822121e-01 2.567278e+03 2.270387e+03 
1.852323e-01 2.514844e+03 2.206340e+03 
1.882525e-01 2.459988e+03 2.144792e+03 
1.912727e-01 2.402250e+03 2.085620e+03 
1.942929e-01 2.341594e+03 2.028710e+03 
1.973131e-01 2.278574e+03 1.973950e+03 
2.003333e-01 2.214186e+03 1.921239e+03 
2.033535e-01 2.149793e+03 1.870479e+03 
2.063737e-01 2.086653e+03 1.821579e+03 
2.093939e-01 2.025897e+03 1.774452e+03 
2.124141e-01 1.968354e+03 1.729017e+03 
2.154343e-01 1.914643e+03 1.685196e+03 
2.184545e-01 1.865049e+03 1.642918e+03 
2.214747e-01 1.819669e+03 1.602113e+03 
2.244949e-01 1.778371e+03 1.562715e+03 
2.275152e-01 1.740828e+03 1.524664e+03 
2.305354e-01 1.706519e+03 1.487901e+03 
2.335556e-01 1.674811e+03 1.452370e+03 
2.365758e-01 1.645000e+03 1.418018e+03 
2.395960e-01 1.616371e+03 1.384797e+03 
2.426162e-01 1.588249e+03 1.352659e+03 
2.456364e-01 1.560114e+03 1.321558e+03 
2.486566e-01 1.531562e+03 1.291452e+03 
2.516768e-01 1.502355e+03 1.262301e+03 
2.546970e-01 1.472423e+03 1.234067e+03 
2.577172e-01 1.441875e+03 1.206711e+03 
2.607374e-01 1.410961e+03 1.180201e+03 
2.637576e-01 1.380024e+03 1.154501e+03 
2.667778e-01 1.349406e+03 1.129581e+03 
2.697980e-01 1.319441e+03 1.105411e+03 
2.728182e-01 1.290416e+03 1.081962e+03 
2.758384e-01 1.262577e+03 1.059206e+03 
2.788586e-01 1.236091e+03 1.037117e+03 
2.818788e-01 1.211060e+03 1.015670e+03 
2.848990e-01 1.187510e+03 9.948423e+02 
2.879192e-01 1.165390e+03 9.746099e+02 
2.909394e-01 1.144588e+03 9.549514e+02 
2.939596e-01 1.124925e+03 9.358461e+02 
2.969798e-01 1.106188e+03 9.172741e+02 
3.000000e-01 1.088149e+03 8.992164e+02 
