1.000000e-03 2.637996e+03 2.637969e+03 
4.020202e-03 8.683470e+03 8.749959e+03 
7.040404e-03 1.271070e+04 1.278545e+04 
1.006061e-02 1.528396e+04 1.532104e+04 
1.308081e-02 1.679564e+04 1.677517e+04 
1.610101e-02 1.752610e+04 1.742889e+04 
1.912121e-02 1.768629e+04 1.750458e+04 
2.214141e-02 1.744333e+04 1.720397e+04 
2.516162e-02 1.693213e+04 1.669296e+04 
2.818182e-02 1.626012e+04 1.608280e+04 
3.120202e-02 1.551106e+04 1.543598e+04 
3.422222e-02 1.474683e+04 1.478415e+04 
3.724242e-02 1.400956e+04 1.414279e+04 
4.026263e-02 1.332641e+04 1.351967e+04 
4.328283e-02 1.270372e+04 1.291883e+04 
4.630303e-02 1.214374e+04 1.234234e+04 
4.932323e-02 1.165510e+04 1.179121e+04 
5.234343e-02 1.121982e+04 1.126571e+04 
5.536364e-02 1.081577e+04 1.076567e+04 
5.838384e-02 1.043129e+04 1.029059e+04 
6.140404e-02 1.006099e+04 9.839731e+03 
6.442424e-02 9.699719e+03 9.412206e+03 
6.744444e-02 9.337872e+03 9.007038e+03 
7.046465e-02 8.970436e+03 8.623193e+03 
7.348485e-02 8.596993e+03 8.259613e+03 
7.650505e-02 8.220992e+03 7.915242e+03 
7.952525e-02 7.848907e+03 7.589038e+03 
8.254545e-02 7.488792e+03 7.279991e+03 
8.556566e-02 7.147502e+03 6.987124e+03 
8.858586e-02 6.829606e+03 6.709503e+03 
9.160606e-02 6.537270e+03 6.446238e+03 
9.462626e-02 6.270921e+03 6.196486e+03 
9.764646e-02 6.030293e+03 5.959450e+03 
1.006667e-01 5.814674e+03 5.734378e+03 
1.036869e-01 5.622304e+03 5.520563e+03 
1.067071e-01 5.450668e+03 5.317341e+03 
1.097273e-01 5.295517e+03 5.124088e+03 
1.127475e-01 5.151994e+03 4.940220e+03 
1.157677e-01 5.015024e+03 4.765191e+03 
1.187879e-01 4.880046e+03 4.598488e+03 
1.218081e-01 4.744339e+03 4.439631e+03 
1.248283e-01 4.606223e+03 4.288172e+03 
1.278485e-01 4.465750e+03 4.143691e+03 
1.308687e-01 4.323659e+03 4.005794e+03 
1.338889e-01 4.181536e+03 3.874114e+03 
1.369091e-01 4.041069e+03 3.748306e+03 
1.399293e-01 3.903943e+03 3.628047e+03 
1.429495e-01 3.771720e+03 3.513037e+03 
1.459697e-01 3.645783e+03 3.402990e+03 
1.489899e-01 3.527159e+03 3.297643e+03 
1.520101e-01 3.416482e+03 3.196745e+03 
1.550303e-01 3.314144e+03 3.100064e+03 
1.580505e-01 3.220294e+03 3.007380e+03 
1.610707e-01 3.134570e+03 2.918487e+03 
1.640909e-01 3.056189e+03 2.833192e+03 
1.671111e-01 2.983901e+03 2.751313e+03 
1.701313e-01 2.916170e+03 2.672679e+03 
1.731515e-01 2.851455e+03 2.597128e+03 
1.761717e-01 2.788301e+03 2.524511e+03 
1.791919e-01 2.725839e+03 2.454683e+03 
1.822121e-01 2.663516e+03 2.387510e+03 
1.852323e-01 2.601190e+03 2.322866e+03 
1.882525e-01 2.538861e+03 2.260630e+03 
1.912727e-01 2.476575e+03 2.200691e+03 
1.942929e-01 2.414452e+03 2.142941e+03 
1.973131e-01 2.352819e+03 2.087280e+03 
2.003333e-01 2.292125e+03 2.033613e+03 
2.033535e-01 2.233005e+03 1.981849e+03 
2.063737e-01 2.176083e+03 1.931904e+03 
2.093939e-01 2.121869e+03 1.883696e+03 
2.124141e-01 2.070671e+03 1.837150e+03 
2.154343e-01 2.022463e+03 1.792193e+03 
2.184545e-01 1.977086e+03 1.748756e+03 
2.214747e-01 1.934242e+03 1.706776e+03 
2.244949e-01 1.893634e+03 1.666189e+03 
2.275152e-01 1.854984e+03 1.626937e+03 
2.305354e-01 1.818008e+03 1.588965e+03 
2.335556e-01 1.782412e+03 1.552220e+03 
2.365758e-01 1.747889e+03 1.516652e+03 
2.395960e-01 1.714125e+03 1.482212e+03 
2.426162e-01 1.680872e+03 1.448856e+03 
2.456364e-01 1.647938e+03 1.416541e+03 
2.486566e-01 1.615261e+03 1.385224e+03 
2.516768e-01 1.582858e+03 1.354868e+03 
2.546970e-01 1.550813e+03 1.325434e+03 
2.577172e-01 1.519239e+03 1.296887e+03 
2.607374e-01 1.488256e+03 1.269193e+03 
2.637576e-01 1.457986e+03 1.242320e+03 
2.667778e-01 1.428554e+03 1.216236e+03 
2.697980e-01 1.400077e+03 1.190913e+03 
2.728182e-01 1.372618e+03 1.166322e+03 
2.758384e-01 1.346213e+03 1.142437e+03 
2.788586e-01 1.320849e+03 1.119230e+03 
2.818788e-01 1.296490e+03 1.096679e+03 
2.848990e-01 1.273062e+03 1.074759e+03 
2.879192e-01 1.250476e+03 1.053448e+03 
2.909394e-01 1.228623e+03 1.032725e+03 
2.939596e-01 1.207404e+03 1.012568e+03 
2.969798e-01 1.186733e+03 9.929581e+02 
3.000000e-01 1.166530e+03 9.738765e+02 
