1.000000e-03 3.463277e+03 3.463244e+03 
4.020202e-03 1.154346e+04 1.163289e+04 
7.040404e-03 1.683747e+04 1.694390e+04 
1.006061e-02 2.009333e+04 2.017695e+04 
1.308081e-02 2.185512e+04 2.190213e+04 
1.610101e-02 2.251565e+04 2.248751e+04 
1.912121e-02 2.237854e+04 2.223343e+04 
2.214141e-02 2.168949e+04 2.144361e+04 
2.516162e-02 2.065060e+04 2.039143e+04 
2.818182e-02 1.942625e+04 1.926514e+04 
3.120202e-02 1.814352e+04 1.816324e+04 
3.422222e-02 1.689549e+04 1.712466e+04 
3.724242e-02 1.574304e+04 1.615887e+04 
4.026263e-02 1.472120e+04 1.526370e+04 
4.328283e-02 1.384247e+04 1.443350e+04 
4.630303e-02 1.309824e+04 1.366224e+04 
4.932323e-02 1.248284e+04 1.294445e+04 
5.234343e-02 1.197693e+04 1.227536e+04 
5.536364e-02 1.154092e+04 1.165083e+04 
5.838384e-02 1.115248e+04 1.106727e+04 
6.140404e-02 1.079079e+04 1.052143e+04 
6.442424e-02 1.043187e+04 1.001045e+04 
6.744444e-02 1.006099e+04 9.531711e+03 
7.046465e-02 9.669452e+03 9.082818e+03 
7.348485e-02 9.254028e+03 8.661590e+03 
7.650505e-02 8.818442e+03 8.266022e+03 
7.952525e-02 8.371332e+03 7.894267e+03 
8.254545e-02 7.924081e+03 7.544627e+03 
8.556566e-02 7.488410e+03 7.215535e+03 
8.858586e-02 7.074427e+03 6.905547e+03 
9.160606e-02 6.690543e+03 6.613332e+03 
9.462626e-02 6.343372e+03 6.337663e+03 
9.764646e-02 6.037108e+03 6.077407e+03 
1.006667e-01 5.773990e+03 5.831517e+03 
1.036869e-01 5.552425e+03 5.599029e+03 
1.067071e-01 5.368483e+03 5.379050e+03 
1.097273e-01 5.215173e+03 5.170757e+03 
1.127475e-01 5.084621e+03 4.973387e+03 
1.157677e-01 4.968409e+03 4.786237e+03 
1.187879e-01 4.859115e+03 4.608653e+03 
1.218081e-01 4.750323e+03 4.440031e+03 
1.248283e-01 4.637367e+03 4.279812e+03 
1.278485e-01 4.516791e+03 4.127477e+03 
1.308687e-01 4.386968e+03 3.982544e+03 
1.338889e-01 4.247606e+03 3.844565e+03 
1.369091e-01 4.100451e+03 3.713126e+03 
1.399293e-01 3.948232e+03 3.587839e+03 
1.429495e-01 3.794613e+03 3.468345e+03 
1.459697e-01 3.643159e+03 3.354310e+03 
1.489899e-01 3.497227e+03 3.245421e+03 
1.520101e-01 3.359659e+03 3.141388e+03 
1.550303e-01 3.232870e+03 3.041938e+03 
1.580505e-01 3.118472e+03 2.946820e+03 
1.610707e-01 3.017434e+03 2.855795e+03 
1.640909e-01 2.929620e+03 2.768642e+03 
1.671111e-01 2.854060e+03 2.685155e+03 
1.701313e-01 2.788760e+03 2.605139e+03 
1.731515e-01 2.731368e+03 2.528413e+03 
1.761717e-01 2.679305e+03 2.454805e+03 
1.791919e-01 2.630258e+03 2.384157e+03 
1.822121e-01 2.582155e+03 2.316317e+03 
1.852323e-01 2.533418e+03 2.251146e+03 
1.882525e-01 2.482762e+03 2.188510e+03 
1.912727e-01 2.429312e+03 2.128285e+03 
1.942929e-01 2.372624e+03 2.070354e+03 
1.973131e-01 2.312872e+03 2.014606e+03 
2.003333e-01 2.250705e+03 1.960936e+03 
2.033535e-01 2.187207e+03 1.909248e+03 
2.063737e-01 2.123592e+03 1.859447e+03 
2.093939e-01 2.061118e+03 1.811448e+03 
2.124141e-01 2.000899e+03 1.765166e+03 
2.154343e-01 1.943889e+03 1.720525e+03 
2.184545e-01 1.890680e+03 1.677451e+03 
2.214747e-01 1.841659e+03 1.635873e+03 
2.244949e-01 1.796964e+03 1.595726e+03 
2.275152e-01 1.756486e+03 1.556947e+03 
2.305354e-01 1.719859e+03 1.519477e+03 
2.335556e-01 1.686539e+03 1.483260e+03 
2.365758e-01 1.655859e+03 1.448243e+03 
2.395960e-01 1.627118e+03 1.414375e+03 
2.426162e-01 1.599616e+03 1.381608e+03 
2.456364e-01 1.572703e+03 1.349897e+03 
2.486566e-01 1.545795e+03 1.319198e+03 
2.516768e-01 1.518426e+03 1.289470e+03 
2.546970e-01 1.490294e+03 1.260675e+03 
2.577172e-01 1.461295e+03 1.232774e+03 
2.607374e-01 1.431515e+03 1.205733e+03 
2.637576e-01 1.401194e+03 1.179518e+03 
2.667778e-01 1.370685e+03 1.154096e+03 
2.697980e-01 1.340383e+03 1.129438e+03 
2.728182e-01 1.310629e+03 1.105513e+03 
2.758384e-01 1.281722e+03 1.082294e+03 
2.788586e-01 1.253901e+03 1.059755e+03 
2.818788e-01 1.227366e+03 1.037870e+03 
2.848990e-01 1.202273e+03 1.016615e+03 
2.879192e-01 1.178699e+03 9.959663e+02 
2.909394e-01 1.156642e+03 9.759026e+02 
2.939596e-01 1.136000e+03 9.564024e+02 
2.969798e-01 1.116608e+03 9.374455e+02 
3.000000e-01 1.098234e+03 9.190127e+02 
