1.000000e-03 7.389954e+03 7.389875e+03 
4.020202e-03 2.451503e+04 2.470839e+04 
7.040404e-03 3.567234e+04 3.596193e+04 
1.006061e-02 4.237501e+04 4.279155e+04 
1.308081e-02 4.570015e+04 4.632321e+04 
1.610101e-02 4.644206e+04 4.718146e+04 
1.912121e-02 4.524531e+04 4.580210e+04 
2.214141e-02 4.266992e+04 4.272986e+04 
2.516162e-02 3.920755e+04 3.869172e+04 
2.818182e-02 3.528536e+04 3.441416e+04 
3.120202e-02 3.125224e+04 3.040751e+04 
3.422222e-02 2.737482e+04 2.690877e+04 
3.724242e-02 2.383719e+04 2.395780e+04 
4.026263e-02 2.074979e+04 2.149790e+04 
4.328283e-02 1.814762e+04 1.944365e+04 
4.630303e-02 1.603497e+04 1.771299e+04 
4.932323e-02 1.439386e+04 1.623787e+04 
5.234343e-02 1.316499e+04 1.496528e+04 
5.536364e-02 1.228059e+04 1.385486e+04 
5.838384e-02 1.167466e+04 1.287611e+04 
6.140404e-02 1.128411e+04 1.200581e+04 
6.442424e-02 1.104409e+04 1.122614e+04 
6.744444e-02 1.089621e+04 1.052318e+04 
7.046465e-02 1.078857e+04 9.885935e+03 
7.348485e-02 1.067367e+04 9.305557e+03 
7.650505e-02 1.051097e+04 8.774845e+03 
7.952525e-02 1.027062e+04 8.287844e+03 
8.254545e-02 9.935635e+03 7.839576e+03 
8.556566e-02 9.503071e+03 7.425832e+03 
8.858586e-02 8.982604e+03 7.043014e+03 
9.160606e-02 8.393903e+03 6.688025e+03 
9.462626e-02 7.763358e+03 6.358177e+03 
9.764646e-02 7.119652e+03 6.051120e+03 
1.006667e-01 6.491726e+03 5.764788e+03 
1.036869e-01 5.903936e+03 5.497356e+03 
1.067071e-01 5.375952e+03 5.247201e+03 
1.097273e-01 4.920281e+03 5.012880e+03 
1.127475e-01 4.543235e+03 4.793099e+03 
1.157677e-01 4.245487e+03 4.586697e+03 
1.187879e-01 4.023405e+03 4.392627e+03 
1.218081e-01 3.870678e+03 4.209945e+03 
1.248283e-01 3.778333e+03 4.037796e+03 
1.278485e-01 3.735847e+03 3.875404e+03 
1.308687e-01 3.731205e+03 3.722061e+03 
1.338889e-01 3.751528e+03 3.577126e+03 
1.369091e-01 3.783558e+03 3.440010e+03 
1.399293e-01 3.814631e+03 3.310176e+03 
1.429495e-01 3.833165e+03 3.187132e+03 
1.459697e-01 3.829543e+03 3.070424e+03 
1.489899e-01 3.796629e+03 2.959639e+03 
1.520101e-01 3.729865e+03 2.854394e+03 
1.550303e-01 3.628160e+03 2.754336e+03 
1.580505e-01 3.493202e+03 2.659140e+03 
1.610707e-01 3.330619e+03 2.568506e+03 
1.640909e-01 3.148113e+03 2.482156e+03 
1.671111e-01 2.955167e+03 2.399832e+03 
1.701313e-01 2.761167e+03 2.321295e+03 
1.731515e-01 2.574892e+03 2.246325e+03 
1.761717e-01 2.402950e+03 2.174714e+03 
1.791919e-01 2.250310e+03 2.106271e+03 
1.822121e-01 2.119854e+03 2.040819e+03 
1.852323e-01 2.013140e+03 1.978191e+03 
1.882525e-01 1.930558e+03 1.918231e+03 
1.912727e-01 1.871281e+03 1.860796e+03 
1.942929e-01 1.833602e+03 1.805749e+03 
1.973131e-01 1.814681e+03 1.752965e+03 
2.003333e-01 1.810918e+03 1.702325e+03 
2.033535e-01 1.817965e+03 1.653718e+03 
2.063737e-01 1.831221e+03 1.607040e+03 
2.093939e-01 1.846052e+03 1.562194e+03 
2.124141e-01 1.858239e+03 1.519088e+03 
2.154343e-01 1.864038e+03 1.477636e+03 
2.184545e-01 1.860458e+03 1.437758e+03 
2.214747e-01 1.845376e+03 1.399376e+03 
2.244949e-01 1.817551e+03 1.362420e+03 
2.275152e-01 1.776956e+03 1.326822e+03 
2.305354e-01 1.724471e+03 1.292519e+03 
2.335556e-01 1.662178e+03 1.259450e+03 
2.365758e-01 1.592769e+03 1.227558e+03 
2.395960e-01 1.519444e+03 1.196791e+03 
2.426162e-01 1.445338e+03 1.167098e+03 
2.456364e-01 1.373417e+03 1.138430e+03 
2.486566e-01 1.306148e+03 1.110743e+03 
2.516768e-01 1.245537e+03 1.083994e+03 
2.546970e-01 1.192928e+03 1.058143e+03 
2.577172e-01 1.149131e+03 1.033150e+03 
2.607374e-01 1.114459e+03 1.008979e+03 
2.637576e-01 1.088646e+03 9.855967e+02 
2.667778e-01 1.071034e+03 9.629692e+02 
2.697980e-01 1.060511e+03 9.410658e+02 
2.728182e-01 1.055716e+03 9.198567e+02 
2.758384e-01 1.055069e+03 8.993138e+02 
2.788586e-01 1.056910e+03 8.794105e+02 
2.818788e-01 1.059563e+03 8.601212e+02 
2.848990e-01 1.061451e+03 8.414218e+02 
2.879192e-01 1.061138e+03 8.232893e+02 
2.909394e-01 1.057424e+03 8.057015e+02 
2.939596e-01 1.049424e+03 7.886378e+02 
2.969798e-01 1.036582e+03 7.720779e+02 
3.000000e-01 1.018831e+03 7.560031e+02 
