1.000000e-03 2.126780e+03 2.126760e+03 
4.020202e-03 7.144024e+03 7.202854e+03 
7.040404e-03 1.051566e+04 1.057869e+04 
1.006061e-02 1.269899e+04 1.271123e+04 
1.308081e-02 1.403400e+04 1.396845e+04 
1.610101e-02 1.476014e+04 1.460935e+04 
1.912121e-02 1.505025e+04 1.482587e+04 
2.214141e-02 1.503342e+04 1.476369e+04 
2.516162e-02 1.480668e+04 1.452584e+04 
2.818182e-02 1.444339e+04 1.417949e+04 
3.120202e-02 1.399890e+04 1.376725e+04 
3.422222e-02 1.351244e+04 1.331666e+04 
3.724242e-02 1.301119e+04 1.284610e+04 
4.026263e-02 1.251261e+04 1.236812e+04 
4.328283e-02 1.202682e+04 1.189144e+04 
4.630303e-02 1.155671e+04 1.142205e+04 
4.932323e-02 1.110635e+04 1.096405e+04 
5.234343e-02 1.067767e+04 1.052015e+04 
5.536364e-02 1.026199e+04 1.009206e+04 
5.838384e-02 9.856572e+03 9.680755e+03 
6.140404e-02 9.467477e+03 9.286702e+03 
6.442424e-02 9.095564e+03 8.909978e+03 
6.744444e-02 8.737070e+03 8.550395e+03 
7.046465e-02 8.390672e+03 8.207576e+03 
7.348485e-02 8.057166e+03 7.881016e+03 
7.650505e-02 7.738565e+03 7.570126e+03 
7.952525e-02 7.437628e+03 7.274266e+03 
8.254545e-02 7.155582e+03 6.992769e+03 
8.556566e-02 6.892435e+03 6.724958e+03 
8.858586e-02 6.646362e+03 6.470161e+03 
9.160606e-02 6.414460e+03 6.227717e+03 
9.462626e-02 6.194823e+03 5.996982e+03 
9.764646e-02 5.986225e+03 5.777337e+03 
1.006667e-01 5.788110e+03 5.568188e+03 
1.036869e-01 5.600202e+03 5.368966e+03 
1.067071e-01 5.421357e+03 5.179133e+03 
1.097273e-01 5.249988e+03 4.998175e+03 
1.127475e-01 5.084657e+03 4.825609e+03 
1.157677e-01 4.924131e+03 4.660975e+03 
1.187879e-01 4.768158e+03 4.503843e+03 
1.218081e-01 4.617010e+03 4.353803e+03 
1.248283e-01 4.471405e+03 4.210473e+03 
1.278485e-01 4.332170e+03 4.073490e+03 
1.308687e-01 4.199557e+03 3.942516e+03 
1.338889e-01 4.073581e+03 3.817229e+03 
1.369091e-01 3.954043e+03 3.697330e+03 
1.399293e-01 3.840441e+03 3.582534e+03 
1.429495e-01 3.732240e+03 3.472576e+03 
1.459697e-01 3.628897e+03 3.367206e+03 
1.489899e-01 3.529863e+03 3.266187e+03 
1.520101e-01 3.434779e+03 3.169297e+03 
1.550303e-01 3.343516e+03 3.076329e+03 
1.580505e-01 3.255918e+03 2.987086e+03 
1.610707e-01 3.171636e+03 2.901381e+03 
1.640909e-01 3.090263e+03 2.819042e+03 
1.671111e-01 3.011470e+03 2.739903e+03 
1.701313e-01 2.935008e+03 2.663809e+03 
1.731515e-01 2.860710e+03 2.590615e+03 
1.761717e-01 2.788728e+03 2.520182e+03 
1.791919e-01 2.719286e+03 2.452381e+03 
1.822121e-01 2.652442e+03 2.387087e+03 
1.852323e-01 2.588096e+03 2.324185e+03 
1.882525e-01 2.526127e+03 2.263564e+03 
1.912727e-01 2.466349e+03 2.205122e+03 
1.942929e-01 2.408575e+03 2.148759e+03 
1.973131e-01 2.352740e+03 2.094383e+03 
2.003333e-01 2.298887e+03 2.041906e+03 
2.033535e-01 2.247012e+03 1.991243e+03 
2.063737e-01 2.196973e+03 1.942317e+03 
2.093939e-01 2.148605e+03 1.895052e+03 
2.124141e-01 2.101743e+03 1.849376e+03 
2.154343e-01 2.056227e+03 1.805223e+03 
2.184545e-01 2.011943e+03 1.762528e+03 
2.214747e-01 1.968903e+03 1.721231e+03 
2.244949e-01 1.927134e+03 1.681273e+03 
2.275152e-01 1.886629e+03 1.642600e+03 
2.305354e-01 1.847360e+03 1.605160e+03 
2.335556e-01 1.809281e+03 1.568902e+03 
2.365758e-01 1.772312e+03 1.533779e+03 
2.395960e-01 1.736371e+03 1.499747e+03 
2.426162e-01 1.701442e+03 1.466763e+03 
2.456364e-01 1.667540e+03 1.434785e+03 
2.486566e-01 1.634654e+03 1.403775e+03 
2.516768e-01 1.602730e+03 1.373695e+03 
2.546970e-01 1.571708e+03 1.344511e+03 
2.577172e-01 1.541546e+03 1.316187e+03 
2.607374e-01 1.512206e+03 1.288693e+03 
2.637576e-01 1.483654e+03 1.261997e+03 
2.667778e-01 1.455862e+03 1.236069e+03 
2.697980e-01 1.428802e+03 1.210882e+03 
2.728182e-01 1.402452e+03 1.186409e+03 
2.758384e-01 1.376792e+03 1.162624e+03 
2.788586e-01 1.351798e+03 1.139502e+03 
2.818788e-01 1.327447e+03 1.117021e+03 
2.848990e-01 1.303714e+03 1.095156e+03 
2.879192e-01 1.280576e+03 1.073887e+03 
2.909394e-01 1.258012e+03 1.053194e+03 
2.939596e-01 1.236004e+03 1.033055e+03 
2.969798e-01 1.214543e+03 1.013453e+03 
3.000000e-01 1.193621e+03 9.943693e+02 
