1.000000e-03 2.431807e+03 2.431783e+03 
4.020202e-03 8.118605e+03 8.181898e+03 
7.040404e-03 1.190047e+04 1.196678e+04 
1.006061e-02 1.430428e+04 1.432276e+04 
1.308081e-02 1.571456e+04 1.566177e+04 
1.610101e-02 1.640436e+04 1.626734e+04 
1.912121e-02 1.657656e+04 1.636086e+04 
2.214141e-02 1.638761e+04 1.612867e+04 
2.516162e-02 1.596037e+04 1.571120e+04 
2.818182e-02 1.539070e+04 1.519785e+04 
3.120202e-02 1.475089e+04 1.463936e+04 
3.422222e-02 1.409281e+04 1.406373e+04 
3.724242e-02 1.345252e+04 1.348686e+04 
4.026263e-02 1.284810e+04 1.291831e+04 
4.328283e-02 1.228107e+04 1.236405e+04 
4.630303e-02 1.176983e+04 1.182783e+04 
4.932323e-02 1.130959e+04 1.131193e+04 
5.234343e-02 1.087881e+04 1.081764e+04 
5.536364e-02 1.046725e+04 1.034552e+04 
5.838384e-02 1.007020e+04 9.895623e+03 
6.140404e-02 9.686037e+03 9.467641e+03 
6.442424e-02 9.309499e+03 9.061025e+03 
6.744444e-02 8.935693e+03 8.675059e+03 
7.046465e-02 8.563937e+03 8.308920e+03 
7.348485e-02 8.196537e+03 7.961721e+03 
7.650505e-02 7.838039e+03 7.632550e+03 
7.952525e-02 7.494299e+03 7.320485e+03 
8.254545e-02 7.170357e+03 7.024618e+03 
8.556566e-02 6.869227e+03 6.744059e+03 
8.858586e-02 6.591473e+03 6.477954e+03 
9.160606e-02 6.336232e+03 6.225478e+03 
9.462626e-02 6.102231e+03 5.985849e+03 
9.764646e-02 5.888175e+03 5.758323e+03 
1.006667e-01 5.692679e+03 5.542195e+03 
1.036869e-01 5.513449e+03 5.336801e+03 
1.067071e-01 5.347330e+03 5.141516e+03 
1.097273e-01 5.190109e+03 4.955751e+03 
1.127475e-01 5.037909e+03 4.778955e+03 
1.157677e-01 4.887937e+03 4.610609e+03 
1.187879e-01 4.738357e+03 4.450228e+03 
1.218081e-01 4.589252e+03 4.297356e+03 
1.248283e-01 4.441236e+03 4.151566e+03 
1.278485e-01 4.295561e+03 4.012461e+03 
1.308687e-01 4.153534e+03 3.879664e+03 
1.338889e-01 4.016342e+03 3.752827e+03 
1.369091e-01 3.885036e+03 3.631620e+03 
1.399293e-01 3.760328e+03 3.515736e+03 
1.429495e-01 3.642742e+03 3.404886e+03 
1.459697e-01 3.532410e+03 3.298801e+03 
1.489899e-01 3.429295e+03 3.197226e+03 
1.520101e-01 3.333064e+03 3.099923e+03 
1.550303e-01 3.243253e+03 3.006671e+03 
1.580505e-01 3.159170e+03 2.917257e+03 
1.610707e-01 3.079996e+03 2.831487e+03 
1.640909e-01 3.004650e+03 2.749174e+03 
1.671111e-01 2.932043e+03 2.670144e+03 
1.701313e-01 2.861262e+03 2.594235e+03 
1.731515e-01 2.791584e+03 2.521290e+03 
1.761717e-01 2.722856e+03 2.451166e+03 
1.791919e-01 2.655103e+03 2.383726e+03 
1.822121e-01 2.588500e+03 2.318840e+03 
1.852323e-01 2.523245e+03 2.256388e+03 
1.882525e-01 2.459458e+03 2.196254e+03 
1.912727e-01 2.397268e+03 2.138330e+03 
1.942929e-01 2.336934e+03 2.082514e+03 
1.973131e-01 2.278749e+03 2.028709e+03 
2.003333e-01 2.223017e+03 1.976825e+03 
2.033535e-01 2.169978e+03 1.926773e+03 
2.063737e-01 2.119570e+03 1.878474e+03 
2.093939e-01 2.071615e+03 1.831848e+03 
2.124141e-01 2.025829e+03 1.786824e+03 
2.154343e-01 1.981911e+03 1.743331e+03 
2.184545e-01 1.939626e+03 1.701304e+03 
2.214747e-01 1.898772e+03 1.660680e+03 
2.244949e-01 1.859199e+03 1.621400e+03 
2.275152e-01 1.820768e+03 1.583407e+03 
2.305354e-01 1.783298e+03 1.546649e+03 
2.335556e-01 1.746611e+03 1.511074e+03 
2.365758e-01 1.710640e+03 1.476634e+03 
2.395960e-01 1.675369e+03 1.443283e+03 
2.426162e-01 1.640838e+03 1.410977e+03 
2.456364e-01 1.607111e+03 1.379675e+03 
2.486566e-01 1.574249e+03 1.349338e+03 
2.516768e-01 1.542308e+03 1.319927e+03 
2.546970e-01 1.511292e+03 1.291406e+03 
2.577172e-01 1.481188e+03 1.263742e+03 
2.607374e-01 1.452008e+03 1.236902e+03 
2.637576e-01 1.423772e+03 1.210854e+03 
2.667778e-01 1.396484e+03 1.185569e+03 
2.697980e-01 1.370129e+03 1.161018e+03 
2.728182e-01 1.344646e+03 1.137174e+03 
2.758384e-01 1.319952e+03 1.114012e+03 
2.788586e-01 1.295952e+03 1.091506e+03 
2.818788e-01 1.272556e+03 1.069633e+03 
2.848990e-01 1.249711e+03 1.048370e+03 
2.879192e-01 1.227389e+03 1.027695e+03 
2.909394e-01 1.205577e+03 1.007589e+03 
2.939596e-01 1.184272e+03 9.880297e+02 
2.969798e-01 1.163459e+03 9.689997e+02 
3.000000e-01 1.143117e+03 9.504803e+02 
