1.000000e-03 4.013887e+03 4.013842e+03 
4.020202e-03 1.335189e+04 1.345578e+04 
7.040404e-03 1.941809e+04 1.954652e+04 
1.006061e-02 2.309340e+04 2.321174e+04 
1.308081e-02 2.501363e+04 2.511390e+04 
1.610101e-02 2.563803e+04 2.566815e+04 
1.912121e-02 2.532268e+04 2.521131e+04 
2.214141e-02 2.436001e+04 2.410131e+04 
2.516162e-02 2.299262e+04 2.268081e+04 
2.818182e-02 2.141819e+04 2.119671e+04 
3.120202e-02 1.979182e+04 1.977945e+04 
3.422222e-02 1.822638e+04 1.847686e+04 
3.724242e-02 1.679587e+04 1.729488e+04 
4.026263e-02 1.554315e+04 1.622360e+04 
4.328283e-02 1.448037e+04 1.524939e+04 
4.630303e-02 1.359749e+04 1.435942e+04 
4.932323e-02 1.289201e+04 1.354286e+04 
5.234343e-02 1.233341e+04 1.279082e+04 
5.536364e-02 1.187539e+04 1.209604e+04 
5.838384e-02 1.148977e+04 1.145251e+04 
6.140404e-02 1.114432e+04 1.085517e+04 
6.442424e-02 1.080852e+04 1.029967e+04 
6.744444e-02 1.046176e+04 9.782275e+03 
7.046465e-02 1.008893e+04 9.299673e+03 
7.348485e-02 9.682019e+03 8.848941e+03 
7.650505e-02 9.241012e+03 8.427468e+03 
7.952525e-02 8.772813e+03 8.032906e+03 
8.254545e-02 8.289264e+03 7.663138e+03 
8.556566e-02 7.804922e+03 7.316247e+03 
8.858586e-02 7.334208e+03 6.990492e+03 
9.160606e-02 6.890081e+03 6.684289e+03 
9.462626e-02 6.483296e+03 6.396194e+03 
9.764646e-02 6.122024e+03 6.124887e+03 
1.006667e-01 5.810866e+03 5.869160e+03 
1.036869e-01 5.550773e+03 5.627910e+03 
1.067071e-01 5.338735e+03 5.400123e+03 
1.097273e-01 5.169081e+03 5.184868e+03 
1.127475e-01 5.033530e+03 4.981291e+03 
1.157677e-01 4.922979e+03 4.788604e+03 
1.187879e-01 4.828251e+03 4.606085e+03 
1.218081e-01 4.740680e+03 4.433064e+03 
1.248283e-01 4.652423e+03 4.268927e+03 
1.278485e-01 4.557154e+03 4.113104e+03 
1.308687e-01 4.450051e+03 3.965069e+03 
1.338889e-01 4.329033e+03 3.824336e+03 
1.369091e-01 4.193847e+03 3.690453e+03 
1.399293e-01 4.046677e+03 3.563005e+03 
1.429495e-01 3.890783e+03 3.441602e+03 
1.459697e-01 3.730433e+03 3.325885e+03 
1.489899e-01 3.569954e+03 3.215519e+03 
1.520101e-01 3.413585e+03 3.110195e+03 
1.550303e-01 3.265315e+03 3.009621e+03 
1.580505e-01 3.128796e+03 2.913529e+03 
1.610707e-01 3.006651e+03 2.821667e+03 
1.640909e-01 2.900568e+03 2.733801e+03 
1.671111e-01 2.810538e+03 2.649711e+03 
1.701313e-01 2.735492e+03 2.569192e+03 
1.731515e-01 2.673169e+03 2.492054e+03 
1.761717e-01 2.620928e+03 2.418117e+03 
1.791919e-01 2.575913e+03 2.347213e+03 
1.822121e-01 2.535457e+03 2.279184e+03 
1.852323e-01 2.497040e+03 2.213884e+03 
1.882525e-01 2.458356e+03 2.151174e+03 
1.912727e-01 2.417335e+03 2.090924e+03 
1.942929e-01 2.372326e+03 2.033012e+03 
1.973131e-01 2.322327e+03 1.977322e+03 
2.003333e-01 2.267123e+03 1.923748e+03 
2.033535e-01 2.207341e+03 1.872186e+03 
2.063737e-01 2.144208e+03 1.822541e+03 
2.093939e-01 2.079244e+03 1.774722e+03 
2.124141e-01 2.014049e+03 1.728645e+03 
2.154343e-01 1.950121e+03 1.684229e+03 
2.184545e-01 1.888789e+03 1.641398e+03 
2.214747e-01 1.831109e+03 1.600079e+03 
2.244949e-01 1.777900e+03 1.560206e+03 
2.275152e-01 1.729738e+03 1.521713e+03 
2.305354e-01 1.686806e+03 1.484540e+03 
2.335556e-01 1.649005e+03 1.448630e+03 
2.365758e-01 1.615872e+03 1.413928e+03 
2.395960e-01 1.586745e+03 1.380382e+03 
2.426162e-01 1.560719e+03 1.347943e+03 
2.456364e-01 1.536843e+03 1.316565e+03 
2.486566e-01 1.514154e+03 1.286204e+03 
2.516768e-01 1.491780e+03 1.256817e+03 
2.546970e-01 1.468944e+03 1.228365e+03 
2.577172e-01 1.445100e+03 1.200810e+03 
2.607374e-01 1.419871e+03 1.174115e+03 
2.637576e-01 1.393159e+03 1.148247e+03 
2.667778e-01 1.365038e+03 1.123173e+03 
2.697980e-01 1.335790e+03 1.098862e+03 
2.728182e-01 1.305799e+03 1.075285e+03 
2.758384e-01 1.275530e+03 1.052412e+03 
2.788586e-01 1.245473e+03 1.030217e+03 
2.818788e-01 1.216113e+03 1.008675e+03 
2.848990e-01 1.187858e+03 9.877615e+02 
2.879192e-01 1.161052e+03 9.674522e+02 
2.909394e-01 1.135934e+03 9.477253e+02 
2.939596e-01 1.112649e+03 9.285594e+02 
2.969798e-01 1.091220e+03 9.099342e+02 
3.000000e-01 1.071558e+03 8.918301e+02 
