1.000000e-03 4.527634e+03 4.527585e+03 
4.020202e-03 1.485884e+04 1.497525e+04 
7.040404e-03 2.150487e+04 2.165532e+04 
1.006061e-02 2.549131e+04 2.564871e+04 
1.308081e-02 2.752753e+04 2.769300e+04 
1.610101e-02 2.812026e+04 2.823469e+04 
1.912121e-02 2.766380e+04 2.762548e+04 
2.214141e-02 2.648085e+04 2.625110e+04 
2.516162e-02 2.484416e+04 2.450581e+04 
2.818182e-02 2.297668e+04 2.269263e+04 
3.120202e-02 2.105485e+04 2.097978e+04 
3.422222e-02 1.920849e+04 1.942980e+04 
3.724242e-02 1.752357e+04 1.804828e+04 
4.026263e-02 1.605092e+04 1.681850e+04 
4.328283e-02 1.480484e+04 1.571873e+04 
4.630303e-02 1.377668e+04 1.472889e+04 
4.932323e-02 1.296600e+04 1.383231e+04 
5.234343e-02 1.233724e+04 1.301563e+04 
5.536364e-02 1.184145e+04 1.226818e+04 
5.838384e-02 1.144736e+04 1.158141e+04 
6.140404e-02 1.111548e+04 1.094831e+04 
6.442424e-02 1.080921e+04 1.036308e+04 
6.744444e-02 1.050205e+04 9.820833e+03 
7.046465e-02 1.017215e+04 9.317384e+03 
7.348485e-02 9.805114e+03 8.849111e+03 
7.650505e-02 9.394903e+03 8.412846e+03 
7.952525e-02 8.943976e+03 8.005796e+03 
8.254545e-02 8.461940e+03 7.625479e+03 
8.556566e-02 7.962961e+03 7.269683e+03 
8.858586e-02 7.463314e+03 6.936419e+03 
9.160606e-02 6.978993e+03 6.623900e+03 
9.462626e-02 6.524265e+03 6.330510e+03 
9.764646e-02 6.111288e+03 6.054786e+03 
1.006667e-01 5.748232e+03 5.795399e+03 
1.036869e-01 5.439901e+03 5.551142e+03 
1.067071e-01 5.186129e+03 5.320911e+03 
1.097273e-01 4.983847e+03 5.103702e+03 
1.127475e-01 4.826539e+03 4.898593e+03 
1.157677e-01 4.706169e+03 4.704744e+03 
1.187879e-01 4.613311e+03 4.521380e+03 
1.218081e-01 4.538407e+03 4.347792e+03 
1.248283e-01 4.471983e+03 4.183327e+03 
1.278485e-01 4.405386e+03 4.027386e+03 
1.308687e-01 4.330916e+03 3.879414e+03 
1.338889e-01 4.243259e+03 3.738900e+03 
1.369091e-01 4.139043e+03 3.605372e+03 
1.399293e-01 4.017871e+03 3.478395e+03 
1.429495e-01 3.881114e+03 3.357564e+03 
1.459697e-01 3.731895e+03 3.242505e+03 
1.489899e-01 3.574284e+03 3.132872e+03 
1.520101e-01 3.412981e+03 3.028342e+03 
1.550303e-01 3.252956e+03 2.928616e+03 
1.580505e-01 3.099168e+03 2.833416e+03 
1.610707e-01 2.956187e+03 2.742483e+03 
1.640909e-01 2.827674e+03 2.655575e+03 
1.671111e-01 2.715801e+03 2.572468e+03 
1.701313e-01 2.621263e+03 2.492952e+03 
1.731515e-01 2.543367e+03 2.416830e+03 
1.761717e-01 2.480349e+03 2.343921e+03 
1.791919e-01 2.429839e+03 2.274051e+03 
1.822121e-01 2.389180e+03 2.207061e+03 
1.852323e-01 2.355613e+03 2.142801e+03 
1.882525e-01 2.326328e+03 2.081130e+03 
1.912727e-01 2.298481e+03 2.021916e+03 
1.942929e-01 2.269234e+03 1.965034e+03 
1.973131e-01 2.236277e+03 1.910369e+03 
2.003333e-01 2.197836e+03 1.857811e+03 
2.033535e-01 2.153130e+03 1.807256e+03 
2.063737e-01 2.102078e+03 1.758609e+03 
2.093939e-01 2.045617e+03 1.711777e+03 
2.124141e-01 1.985056e+03 1.666675e+03 
2.154343e-01 1.921985e+03 1.623222e+03 
2.184545e-01 1.858048e+03 1.581341e+03 
2.214747e-01 1.794900e+03 1.540959e+03 
2.244949e-01 1.734063e+03 1.502009e+03 
2.275152e-01 1.676913e+03 1.464426e+03 
2.305354e-01 1.624495e+03 1.428149e+03 
2.335556e-01 1.577574e+03 1.393121e+03 
2.365758e-01 1.536450e+03 1.359286e+03 
2.395960e-01 1.501063e+03 1.326593e+03 
2.426162e-01 1.470938e+03 1.294994e+03 
2.456364e-01 1.445350e+03 1.264440e+03 
2.486566e-01 1.423384e+03 1.234889e+03 
2.516768e-01 1.404007e+03 1.206298e+03 
2.546970e-01 1.386150e+03 1.178628e+03 
2.577172e-01 1.368792e+03 1.151841e+03 
2.607374e-01 1.351011e+03 1.125901e+03 
2.637576e-01 1.332063e+03 1.100774e+03 
2.667778e-01 1.311424e+03 1.076427e+03 
2.697980e-01 1.288816e+03 1.052830e+03 
2.728182e-01 1.264235e+03 1.029953e+03 
2.758384e-01 1.237878e+03 1.007768e+03 
2.788586e-01 1.210122e+03 9.862487e+02 
2.818788e-01 1.181443e+03 9.653691e+02 
2.848990e-01 1.152410e+03 9.451051e+02 
2.879192e-01 1.123595e+03 9.254337e+02 
2.909394e-01 1.095543e+03 9.063327e+02 
2.939596e-01 1.068731e+03 8.877809e+02 
2.969798e-01 1.043559e+03 8.697583e+02 
3.000000e-01 1.020296e+03 8.522456e+02 
