1.000000e-03 2.354257e+03 2.354234e+03 
4.020202e-03 7.934247e+03 7.997989e+03 
7.040404e-03 1.164409e+04 1.170965e+04 
1.006061e-02 1.399980e+04 1.401112e+04 
1.308081e-02 1.538886e+04 1.531984e+04 
1.610101e-02 1.608511e+04 1.592623e+04 
1.912121e-02 1.628781e+04 1.605084e+04 
2.214141e-02 1.614798e+04 1.586874e+04 
2.516162e-02 1.578087e+04 1.550599e+04 
2.818182e-02 1.527504e+04 1.504232e+04 
3.120202e-02 1.469614e+04 1.452489e+04 
3.422222e-02 1.409124e+04 1.398166e+04 
3.724242e-02 1.349126e+04 1.342993e+04 
4.026263e-02 1.291523e+04 1.288081e+04 
4.328283e-02 1.237130e+04 1.234164e+04 
4.630303e-02 1.185891e+04 1.181721e+04 
4.932323e-02 1.138215e+04 1.131061e+04 
5.234343e-02 1.093623e+04 1.082371e+04 
5.536364e-02 1.050611e+04 1.035749e+04 
5.838384e-02 1.008912e+04 9.912332e+03 
6.140404e-02 9.686970e+03 9.488174e+03 
6.442424e-02 9.296277e+03 9.084648e+03 
6.744444e-02 8.914309e+03 8.701178e+03 
7.046465e-02 8.541458e+03 8.337049e+03 
7.348485e-02 8.180021e+03 7.991464e+03 
7.650505e-02 7.833708e+03 7.663578e+03 
7.952525e-02 7.506025e+03 7.352524e+03 
8.254545e-02 7.199695e+03 7.057438e+03 
8.556566e-02 6.915008e+03 6.777470e+03 
8.858586e-02 6.651079e+03 6.511792e+03 
9.160606e-02 6.405922e+03 6.259607e+03 
9.462626e-02 6.177963e+03 6.020154e+03 
9.764646e-02 5.966082e+03 5.792705e+03 
1.006667e-01 5.768886e+03 5.576570e+03 
1.036869e-01 5.584530e+03 5.371100e+03 
1.067071e-01 5.410025e+03 5.175678e+03 
1.097273e-01 5.242330e+03 4.989725e+03 
1.127475e-01 5.078880e+03 4.812699e+03 
1.157677e-01 4.918379e+03 4.644086e+03 
1.187879e-01 4.760722e+03 4.483407e+03 
1.218081e-01 4.606287e+03 4.330212e+03 
1.248283e-01 4.456103e+03 4.184079e+03 
1.278485e-01 4.311136e+03 4.044611e+03 
1.308687e-01 4.172060e+03 3.911439e+03 
1.338889e-01 4.039443e+03 3.784215e+03 
1.369091e-01 3.913594e+03 3.662612e+03 
1.399293e-01 3.794700e+03 3.546325e+03 
1.429495e-01 3.682554e+03 3.435068e+03 
1.459697e-01 3.576776e+03 3.328572e+03 
1.489899e-01 3.476870e+03 3.226584e+03 
1.520101e-01 3.382259e+03 3.128868e+03 
1.550303e-01 3.292374e+03 3.035202e+03 
1.580505e-01 3.206651e+03 2.945376e+03 
1.610707e-01 3.124482e+03 2.859196e+03 
1.640909e-01 3.045192e+03 2.776475e+03 
1.671111e-01 2.968187e+03 2.697041e+03 
1.701313e-01 2.893114e+03 2.620730e+03 
1.731515e-01 2.819729e+03 2.547389e+03 
1.761717e-01 2.748106e+03 2.476873e+03 
1.791919e-01 2.678399e+03 2.409045e+03 
1.822121e-01 2.610740e+03 2.343777e+03 
1.852323e-01 2.545245e+03 2.280947e+03 
1.882525e-01 2.481970e+03 2.220440e+03 
1.912727e-01 2.420925e+03 2.162150e+03 
1.942929e-01 2.362159e+03 2.105973e+03 
1.973131e-01 2.305756e+03 2.051813e+03 
2.003333e-01 2.251734e+03 1.999578e+03 
2.033535e-01 2.199987e+03 1.949183e+03 
2.063737e-01 2.150360e+03 1.900545e+03 
2.093939e-01 2.102593e+03 1.853587e+03 
2.124141e-01 2.056428e+03 1.808235e+03 
2.154343e-01 2.011722e+03 1.764421e+03 
2.184545e-01 1.968366e+03 1.722079e+03 
2.214747e-01 1.926281e+03 1.681145e+03 
2.244949e-01 1.885398e+03 1.641560e+03 
2.275152e-01 1.845620e+03 1.603269e+03 
2.305354e-01 1.806830e+03 1.566217e+03 
2.335556e-01 1.768990e+03 1.530353e+03 
2.365758e-01 1.732147e+03 1.495630e+03 
2.395960e-01 1.696343e+03 1.462002e+03 
2.426162e-01 1.661598e+03 1.429424e+03 
2.456364e-01 1.627913e+03 1.397854e+03 
2.486566e-01 1.595235e+03 1.367254e+03 
2.516768e-01 1.563508e+03 1.337586e+03 
2.546970e-01 1.532690e+03 1.308812e+03 
2.577172e-01 1.502751e+03 1.280900e+03 
2.607374e-01 1.473693e+03 1.253816e+03 
2.637576e-01 1.445539e+03 1.227529e+03 
2.667778e-01 1.418255e+03 1.202009e+03 
2.697980e-01 1.391766e+03 1.177228e+03 
2.728182e-01 1.365994e+03 1.153159e+03 
2.758384e-01 1.340856e+03 1.129774e+03 
2.788586e-01 1.316300e+03 1.107051e+03 
2.818788e-01 1.292330e+03 1.084964e+03 
2.848990e-01 1.268957e+03 1.063491e+03 
2.879192e-01 1.246185e+03 1.042611e+03 
2.909394e-01 1.224009e+03 1.022302e+03 
2.939596e-01 1.202395e+03 1.002545e+03 
2.969798e-01 1.181305e+03 9.833204e+02 
3.000000e-01 1.160715e+03 9.646099e+02 
