1.000000e-03 2.730004e+03 2.729982e+03 
4.020202e-03 9.128285e+03 9.199704e+03 
7.040404e-03 1.335378e+04 1.343138e+04 
1.006061e-02 1.600206e+04 1.603622e+04 
1.308081e-02 1.751057e+04 1.747957e+04 
1.610101e-02 1.819094e+04 1.807671e+04 
1.912121e-02 1.827691e+04 1.807766e+04 
2.214141e-02 1.795120e+04 1.770352e+04 
2.516162e-02 1.735870e+04 1.712805e+04 
2.818182e-02 1.661361e+04 1.646248e+04 
3.120202e-02 1.580285e+04 1.576709e+04 
3.422222e-02 1.498911e+04 1.507180e+04 
3.724242e-02 1.421337e+04 1.439118e+04 
4.026263e-02 1.350044e+04 1.373256e+04 
4.328283e-02 1.285550e+04 1.309969e+04 
4.630303e-02 1.227668e+04 1.249444e+04 
4.932323e-02 1.176938e+04 1.191759e+04 
5.234343e-02 1.131392e+04 1.136920e+04 
5.536364e-02 1.088580e+04 1.084884e+04 
5.838384e-02 1.047996e+04 1.035576e+04 
6.140404e-02 1.008780e+04 9.889008e+03 
6.442424e-02 9.698313e+03 9.447478e+03 
6.744444e-02 9.306837e+03 9.029992e+03 
7.046465e-02 8.912092e+03 8.635330e+03 
7.348485e-02 8.515696e+03 8.262270e+03 
7.650505e-02 8.123241e+03 7.909606e+03 
7.952525e-02 7.741764e+03 7.576163e+03 
8.254545e-02 7.378395e+03 7.260809e+03 
8.556566e-02 7.037993e+03 6.962463e+03 
8.858586e-02 6.723526e+03 6.680096e+03 
9.160606e-02 6.436146e+03 6.412734e+03 
9.462626e-02 6.176125e+03 6.159460e+03 
9.764646e-02 5.943052e+03 5.919410e+03 
1.006667e-01 5.735658e+03 5.691775e+03 
1.036869e-01 5.550871e+03 5.475795e+03 
1.067071e-01 5.384273e+03 5.270761e+03 
1.097273e-01 5.230538e+03 5.076009e+03 
1.127475e-01 5.083962e+03 4.890919e+03 
1.157677e-01 4.940416e+03 4.714911e+03 
1.187879e-01 4.796841e+03 4.547445e+03 
1.218081e-01 4.652008e+03 4.388016e+03 
1.248283e-01 4.505645e+03 4.236153e+03 
1.278485e-01 4.358463e+03 4.091416e+03 
1.308687e-01 4.211611e+03 3.953394e+03 
1.338889e-01 4.066652e+03 3.821705e+03 
1.369091e-01 3.925295e+03 3.695988e+03 
1.399293e-01 3.789315e+03 3.575909e+03 
1.429495e-01 3.660306e+03 3.461156e+03 
1.459697e-01 3.539208e+03 3.351434e+03 
1.489899e-01 3.426647e+03 3.246470e+03 
1.520101e-01 3.322754e+03 3.146007e+03 
1.550303e-01 3.227381e+03 3.049804e+03 
1.580505e-01 3.139949e+03 2.957636e+03 
1.610707e-01 3.059597e+03 2.869291e+03 
1.640909e-01 2.985059e+03 2.784571e+03 
1.671111e-01 2.914929e+03 2.703289e+03 
1.701313e-01 2.847667e+03 2.625272e+03 
1.731515e-01 2.782025e+03 2.550353e+03 
1.761717e-01 2.717150e+03 2.478380e+03 
1.791919e-01 2.652539e+03 2.409205e+03 
1.822121e-01 2.588040e+03 2.342693e+03 
1.852323e-01 2.523660e+03 2.278714e+03 
1.882525e-01 2.459545e+03 2.217147e+03 
1.912727e-01 2.395995e+03 2.157878e+03 
1.942929e-01 2.333435e+03 2.100797e+03 
1.973131e-01 2.272392e+03 2.045804e+03 
2.003333e-01 2.213443e+03 1.992801e+03 
2.033535e-01 2.157022e+03 1.941699e+03 
2.063737e-01 2.103454e+03 1.892410e+03 
2.093939e-01 2.052805e+03 1.844853e+03 
2.124141e-01 2.005007e+03 1.798951e+03 
2.154343e-01 1.959876e+03 1.754632e+03 
2.184545e-01 1.917173e+03 1.711826e+03 
2.214747e-01 1.876618e+03 1.670468e+03 
2.244949e-01 1.837899e+03 1.630496e+03 
2.275152e-01 1.800666e+03 1.591851e+03 
2.305354e-01 1.764567e+03 1.554477e+03 
2.335556e-01 1.729304e+03 1.518321e+03 
2.365758e-01 1.694640e+03 1.483332e+03 
2.395960e-01 1.660476e+03 1.449464e+03 
2.426162e-01 1.626768e+03 1.416669e+03 
2.456364e-01 1.593537e+03 1.384906e+03 
2.486566e-01 1.560810e+03 1.354132e+03 
2.516768e-01 1.528613e+03 1.324310e+03 
2.546970e-01 1.497003e+03 1.295400e+03 
2.577172e-01 1.466093e+03 1.267368e+03 
2.607374e-01 1.436017e+03 1.240180e+03 
2.637576e-01 1.406928e+03 1.213804e+03 
2.667778e-01 1.378922e+03 1.188208e+03 
2.697980e-01 1.352030e+03 1.163363e+03 
2.728182e-01 1.326213e+03 1.139242e+03 
2.758384e-01 1.301372e+03 1.115817e+03 
2.788586e-01 1.277402e+03 1.093063e+03 
2.818788e-01 1.254198e+03 1.070955e+03 
2.848990e-01 1.231694e+03 1.049470e+03 
2.879192e-01 1.209845e+03 1.028586e+03 
2.909394e-01 1.188589e+03 1.008281e+03 
2.939596e-01 1.167858e+03 9.885345e+02 
2.969798e-01 1.147577e+03 9.693271e+02 
3.000000e-01 1.127673e+03 9.506400e+02 
