1.000000e-03 3.172461e+03 3.172425e+03 
4.020202e-03 1.045774e+04 1.053868e+04 
7.040404e-03 1.518669e+04 1.527472e+04 
1.006061e-02 1.809061e+04 1.813576e+04 
1.308081e-02 1.968322e+04 1.966419e+04 
1.610101e-02 2.032665e+04 2.021712e+04 
1.912121e-02 2.029211e+04 2.007985e+04 
2.214141e-02 1.979331e+04 1.951474e+04 
2.516162e-02 1.899990e+04 1.873454e+04 
2.818182e-02 1.804780e+04 1.787582e+04 
3.120202e-02 1.703907e+04 1.700946e+04 
3.422222e-02 1.604699e+04 1.616686e+04 
3.724242e-02 1.511970e+04 1.536024e+04 
4.026263e-02 1.428438e+04 1.459362e+04 
4.328283e-02 1.354039e+04 1.386763e+04 
4.630303e-02 1.289586e+04 1.318157e+04 
4.932323e-02 1.234915e+04 1.253412e+04 
5.234343e-02 1.186546e+04 1.192368e+04 
5.536364e-02 1.142416e+04 1.134852e+04 
5.838384e-02 1.101191e+04 1.080685e+04 
6.140404e-02 1.061283e+04 1.029684e+04 
6.442424e-02 1.021470e+04 9.816669e+03 
6.744444e-02 9.809479e+03 9.364578e+03 
7.046465e-02 9.393888e+03 8.938847e+03 
7.348485e-02 8.969876e+03 8.537829e+03 
7.650505e-02 8.543307e+03 8.159955e+03 
7.952525e-02 8.122926e+03 7.803739e+03 
8.254545e-02 7.717546e+03 7.467777e+03 
8.556566e-02 7.334802e+03 7.150754e+03 
8.858586e-02 6.979977e+03 6.851434e+03 
9.160606e-02 6.656426e+03 6.568663e+03 
9.462626e-02 6.366149e+03 6.301366e+03 
9.764646e-02 6.110018e+03 6.048539e+03 
1.006667e-01 5.886593e+03 5.809248e+03 
1.036869e-01 5.692760e+03 5.582625e+03 
1.067071e-01 5.522875e+03 5.367861e+03 
1.097273e-01 5.370237e+03 5.164206e+03 
1.127475e-01 5.228113e+03 4.970961e+03 
1.157677e-01 5.090381e+03 4.787479e+03 
1.187879e-01 4.952858e+03 4.613157e+03 
1.218081e-01 4.812578e+03 4.447433e+03 
1.248283e-01 4.668396e+03 4.289787e+03 
1.278485e-01 4.520111e+03 4.139733e+03 
1.308687e-01 4.368593e+03 3.996820e+03 
1.338889e-01 4.215526e+03 3.860628e+03 
1.369091e-01 4.063348e+03 3.730765e+03 
1.399293e-01 3.914622e+03 3.606865e+03 
1.429495e-01 3.771908e+03 3.488589e+03 
1.459697e-01 3.637142e+03 3.375618e+03 
1.489899e-01 3.511803e+03 3.267656e+03 
1.520101e-01 3.396597e+03 3.164426e+03 
1.550303e-01 3.291834e+03 3.065668e+03 
1.580505e-01 3.197332e+03 2.971140e+03 
1.610707e-01 3.112488e+03 2.880616e+03 
1.640909e-01 3.035902e+03 2.793882e+03 
1.671111e-01 2.965841e+03 2.710740e+03 
1.701313e-01 2.900228e+03 2.631002e+03 
1.731515e-01 2.837186e+03 2.554494e+03 
1.761717e-01 2.775181e+03 2.481051e+03 
1.791919e-01 2.713168e+03 2.410519e+03 
1.822121e-01 2.650555e+03 2.342752e+03 
1.852323e-01 2.587057e+03 2.277614e+03 
1.882525e-01 2.522616e+03 2.214976e+03 
1.912727e-01 2.457482e+03 2.154717e+03 
1.942929e-01 2.392103e+03 2.096723e+03 
1.973131e-01 2.327225e+03 2.040886e+03 
2.003333e-01 2.263674e+03 1.987106e+03 
2.033535e-01 2.202232e+03 1.935286e+03 
2.063737e-01 2.143572e+03 1.885336e+03 
2.093939e-01 2.088139e+03 1.837171e+03 
2.124141e-01 2.036174e+03 1.790709e+03 
2.154343e-01 1.987643e+03 1.745875e+03 
2.184545e-01 1.942390e+03 1.702597e+03 
2.214747e-01 1.900141e+03 1.660805e+03 
2.244949e-01 1.860513e+03 1.620436e+03 
2.275152e-01 1.823035e+03 1.581428e+03 
2.305354e-01 1.787219e+03 1.543722e+03 
2.335556e-01 1.752579e+03 1.507263e+03 
2.365758e-01 1.718726e+03 1.472000e+03 
2.395960e-01 1.685339e+03 1.437882e+03 
2.426162e-01 1.652226e+03 1.404862e+03 
2.456364e-01 1.619250e+03 1.372895e+03 
2.486566e-01 1.586338e+03 1.341939e+03 
2.516768e-01 1.553485e+03 1.311953e+03 
2.546970e-01 1.520797e+03 1.282897e+03 
2.577172e-01 1.488460e+03 1.254737e+03 
2.607374e-01 1.456743e+03 1.227435e+03 
2.637576e-01 1.425892e+03 1.200960e+03 
2.667778e-01 1.396113e+03 1.175279e+03 
2.697980e-01 1.367514e+03 1.150362e+03 
2.728182e-01 1.340127e+03 1.126180e+03 
2.758384e-01 1.313929e+03 1.102706e+03 
2.788586e-01 1.288865e+03 1.079912e+03 
2.818788e-01 1.264866e+03 1.057774e+03 
2.848990e-01 1.241855e+03 1.036268e+03 
2.879192e-01 1.219743e+03 1.015371e+03 
2.909394e-01 1.198425e+03 9.950609e+02 
2.939596e-01 1.177753e+03 9.753165e+02 
2.969798e-01 1.157577e+03 9.561178e+02 
3.000000e-01 1.137757e+03 9.374456e+02 
