1.000000e-03 3.817787e+03 3.817747e+03 
4.020202e-03 1.285004e+04 1.294979e+04 
7.040404e-03 1.878672e+04 1.891121e+04 
1.006061e-02 2.242126e+04 2.253784e+04 
1.308081e-02 2.434990e+04 2.445096e+04 
1.610101e-02 2.500952e+04 2.504431e+04 
1.912121e-02 2.474450e+04 2.464159e+04 
2.214141e-02 2.383826e+04 2.359121e+04 
2.516162e-02 2.252740e+04 2.222907e+04 
2.818182e-02 2.100729e+04 2.079823e+04 
3.120202e-02 1.943059e+04 1.942780e+04 
3.422222e-02 1.790923e+04 1.816573e+04 
3.724242e-02 1.651678e+04 1.701869e+04 
4.026263e-02 1.529649e+04 1.597763e+04 
4.328283e-02 1.426024e+04 1.502967e+04 
4.630303e-02 1.339952e+04 1.416264e+04 
4.932323e-02 1.271317e+04 1.336622e+04 
5.234343e-02 1.216895e+04 1.263195e+04 
5.536364e-02 1.172234e+04 1.195291e+04 
5.838384e-02 1.134723e+04 1.132337e+04 
6.140404e-02 1.101093e+04 1.073849e+04 
6.442424e-02 1.068324e+04 1.019414e+04 
6.744444e-02 1.034382e+04 9.686724e+03 
7.046465e-02 9.977686e+03 9.213085e+03 
7.348485e-02 9.577137e+03 8.770418e+03 
7.650505e-02 9.142247e+03 8.356214e+03 
7.952525e-02 8.680265e+03 7.968216e+03 
8.254545e-02 8.203261e+03 7.604386e+03 
8.556566e-02 7.725539e+03 7.262873e+03 
8.858586e-02 7.261234e+03 6.941998e+03 
9.160606e-02 6.823244e+03 6.640228e+03 
9.462626e-02 6.422203e+03 6.356164e+03 
9.764646e-02 6.066212e+03 6.088529e+03 
1.006667e-01 5.759768e+03 5.836151e+03 
1.036869e-01 5.504198e+03 5.597957e+03 
1.067071e-01 5.296189e+03 5.372963e+03 
1.097273e-01 5.129928e+03 5.160263e+03 
1.127475e-01 4.997191e+03 4.959025e+03 
1.157677e-01 4.889051e+03 4.768482e+03 
1.187879e-01 4.796239e+03 4.587929e+03 
1.218081e-01 4.710181e+03 4.416713e+03 
1.248283e-01 4.623114e+03 4.254234e+03 
1.278485e-01 4.528898e+03 4.099935e+03 
1.308687e-01 4.422813e+03 3.953302e+03 
1.338889e-01 4.302737e+03 3.813860e+03 
1.369091e-01 4.168441e+03 3.681166e+03 
1.399293e-01 4.022132e+03 3.554813e+03 
1.429495e-01 3.867179e+03 3.434420e+03 
1.459697e-01 3.707845e+03 3.319635e+03 
1.489899e-01 3.548491e+03 3.210130e+03 
1.520101e-01 3.393442e+03 3.105599e+03 
1.550303e-01 3.246670e+03 3.005758e+03 
1.580505e-01 3.111685e+03 2.910343e+03 
1.610707e-01 2.991140e+03 2.819107e+03 
1.640909e-01 2.886502e+03 2.731819e+03 
1.671111e-01 2.797883e+03 2.648263e+03 
1.701313e-01 2.724067e+03 2.568239e+03 
1.731515e-01 2.662930e+03 2.491557e+03 
1.761717e-01 2.611727e+03 2.418042e+03 
1.791919e-01 2.567591e+03 2.347528e+03 
1.822121e-01 2.527876e+03 2.279861e+03 
1.852323e-01 2.490055e+03 2.214895e+03 
1.882525e-01 2.451748e+03 2.152493e+03 
1.912727e-01 2.410951e+03 2.092528e+03 
1.942929e-01 2.366046e+03 2.034878e+03 
1.973131e-01 2.316160e+03 1.979431e+03 
2.003333e-01 2.261021e+03 1.926080e+03 
2.033535e-01 2.201347e+03 1.874725e+03 
2.063737e-01 2.138312e+03 1.825270e+03 
2.093939e-01 2.073507e+03 1.777627e+03 
2.124141e-01 2.008520e+03 1.731712e+03 
2.154343e-01 1.944870e+03 1.687443e+03 
2.184545e-01 1.883862e+03 1.644748e+03 
2.214747e-01 1.826618e+03 1.603554e+03 
2.244949e-01 1.773915e+03 1.563795e+03 
2.275152e-01 1.726282e+03 1.525407e+03 
2.305354e-01 1.683903e+03 1.488330e+03 
2.335556e-01 1.646634e+03 1.452507e+03 
2.365758e-01 1.614005e+03 1.417883e+03 
2.395960e-01 1.585310e+03 1.384409e+03 
2.426162e-01 1.559689e+03 1.352035e+03 
2.456364e-01 1.536164e+03 1.320715e+03 
2.486566e-01 1.513758e+03 1.290406e+03 
2.516768e-01 1.491584e+03 1.261065e+03 
2.546970e-01 1.468888e+03 1.232654e+03 
2.577172e-01 1.445090e+03 1.205136e+03 
2.607374e-01 1.419871e+03 1.178473e+03 
2.637576e-01 1.393122e+03 1.152633e+03 
2.667778e-01 1.364974e+03 1.127583e+03 
2.697980e-01 1.335694e+03 1.103292e+03 
2.728182e-01 1.305697e+03 1.079731e+03 
2.758384e-01 1.275444e+03 1.056871e+03 
2.788586e-01 1.245431e+03 1.034687e+03 
2.818788e-01 1.216125e+03 1.013152e+03 
2.848990e-01 1.187959e+03 9.922434e+02 
2.879192e-01 1.161276e+03 9.719365e+02 
2.909394e-01 1.136338e+03 9.522098e+02 
2.939596e-01 1.113259e+03 9.330419e+02 
2.969798e-01 1.092047e+03 9.144128e+02 
3.000000e-01 1.072594e+03 8.963030e+02 
