1.000000e-03 4.574284e+03 4.574233e+03 
4.020202e-03 1.519849e+04 1.531686e+04 
7.040404e-03 2.219671e+04 2.235661e+04 
1.006061e-02 2.650813e+04 2.668827e+04 
1.308081e-02 2.880611e+04 2.901630e+04 
1.610101e-02 2.958248e+04 2.976542e+04 
1.912121e-02 2.922827e+04 2.926232e+04 
2.214141e-02 2.807120e+04 2.787812e+04 
2.516162e-02 2.639243e+04 2.602420e+04 
2.818182e-02 2.442890e+04 2.404692e+04 
3.120202e-02 2.237213e+04 2.215787e+04 
3.422222e-02 2.036706e+04 2.044636e+04 
3.724242e-02 1.851394e+04 1.892829e+04 
4.026263e-02 1.687596e+04 1.758748e+04 
4.328283e-02 1.547613e+04 1.639869e+04 
4.630303e-02 1.431277e+04 1.533745e+04 
4.932323e-02 1.338974e+04 1.438310e+04 
5.234343e-02 1.267559e+04 1.351904e+04 
5.536364e-02 1.212347e+04 1.273214e+04 
5.838384e-02 1.169687e+04 1.201199e+04 
6.140404e-02 1.135895e+04 1.135023e+04 
6.442424e-02 1.107217e+04 1.074005e+04 
6.744444e-02 1.080084e+04 1.017581e+04 
7.046465e-02 1.051735e+04 9.652762e+03 
7.348485e-02 1.020102e+04 9.166855e+03 
7.650505e-02 9.838726e+03 8.714596e+03 
7.952525e-02 9.426969e+03 8.292938e+03 
8.254545e-02 8.970806e+03 7.899201e+03 
8.556566e-02 8.481324e+03 7.531011e+03 
8.858586e-02 7.973540e+03 7.186254e+03 
9.160606e-02 7.464096e+03 6.863037e+03 
9.462626e-02 6.969331e+03 6.559657e+03 
9.764646e-02 6.504576e+03 6.274579e+03 
1.006667e-01 6.082145e+03 6.006412e+03 
1.036869e-01 5.711646e+03 5.753895e+03 
1.067071e-01 5.397566e+03 5.515880e+03 
1.097273e-01 5.140951e+03 5.291323e+03 
1.127475e-01 4.938055e+03 5.079269e+03 
1.157677e-01 4.782832e+03 4.878843e+03 
1.187879e-01 4.667089e+03 4.689246e+03 
1.218081e-01 4.581729e+03 4.509743e+03 
1.248283e-01 4.517099e+03 4.339660e+03 
1.278485e-01 4.463636e+03 4.178376e+03 
1.308687e-01 4.412115e+03 4.025319e+03 
1.338889e-01 4.354390e+03 3.879961e+03 
1.369091e-01 4.283761e+03 3.741817e+03 
1.399293e-01 4.195816e+03 3.610435e+03 
1.429495e-01 4.088582e+03 3.485398e+03 
1.459697e-01 3.962461e+03 3.366322e+03 
1.489899e-01 3.819930e+03 3.252848e+03 
1.520101e-01 3.664783e+03 3.144644e+03 
1.550303e-01 3.501906e+03 3.041401e+03 
1.580505e-01 3.336611e+03 2.942833e+03 
1.610707e-01 3.174449e+03 2.848672e+03 
1.640909e-01 3.020597e+03 2.758670e+03 
1.671111e-01 2.879600e+03 2.672594e+03 
1.701313e-01 2.754536e+03 2.590229e+03 
1.731515e-01 2.647215e+03 2.511371e+03 
1.761717e-01 2.557826e+03 2.435832e+03 
1.791919e-01 2.485593e+03 2.363436e+03 
1.822121e-01 2.428633e+03 2.294017e+03 
1.852323e-01 2.384614e+03 2.227419e+03 
1.882525e-01 2.350813e+03 2.163498e+03 
1.912727e-01 2.324283e+03 2.102118e+03 
1.942929e-01 2.301903e+03 2.043149e+03 
1.973131e-01 2.280542e+03 1.986473e+03 
2.003333e-01 2.257195e+03 1.931977e+03 
2.033535e-01 2.229447e+03 1.879553e+03 
2.063737e-01 2.195461e+03 1.829102e+03 
2.093939e-01 2.154381e+03 1.780529e+03 
2.124141e-01 2.106112e+03 1.733747e+03 
2.154343e-01 2.051378e+03 1.688670e+03 
2.184545e-01 1.991422e+03 1.645220e+03 
2.214747e-01 1.927854e+03 1.603323e+03 
2.244949e-01 1.862503e+03 1.562908e+03 
2.275152e-01 1.797255e+03 1.523908e+03 
2.305354e-01 1.733910e+03 1.486260e+03 
2.335556e-01 1.674067e+03 1.449904e+03 
2.365758e-01 1.618996e+03 1.414785e+03 
2.395960e-01 1.569592e+03 1.380849e+03 
2.426162e-01 1.526372e+03 1.348044e+03 
2.456364e-01 1.489396e+03 1.316323e+03 
2.486566e-01 1.458408e+03 1.285641e+03 
2.516768e-01 1.432781e+03 1.255953e+03 
2.546970e-01 1.411675e+03 1.227220e+03 
2.577172e-01 1.393994e+03 1.199401e+03 
2.607374e-01 1.378573e+03 1.172460e+03 
2.637576e-01 1.364209e+03 1.146362e+03 
2.667778e-01 1.349811e+03 1.121072e+03 
2.697980e-01 1.334409e+03 1.096560e+03 
2.728182e-01 1.317318e+03 1.072793e+03 
2.758384e-01 1.298052e+03 1.049744e+03 
2.788586e-01 1.276422e+03 1.027386e+03 
2.818788e-01 1.252427e+03 1.005690e+03 
2.848990e-01 1.226286e+03 9.846329e+02 
2.879192e-01 1.198401e+03 9.641903e+02 
2.909394e-01 1.169330e+03 9.443391e+02 
2.939596e-01 1.139719e+03 9.250576e+02 
2.969798e-01 1.110252e+03 9.063249e+02 
3.000000e-01 1.081585e+03 8.881211e+02 
