1.000000e-03 3.934222e+03 3.934180e+03 
4.020202e-03 1.331253e+04 1.341497e+04 
7.040404e-03 1.963598e+04 1.977573e+04 
1.006061e-02 2.362667e+04 2.378429e+04 
1.308081e-02 2.583635e+04 2.602036e+04 
1.610101e-02 2.668206e+04 2.684078e+04 
1.912121e-02 2.649983e+04 2.652615e+04 
2.214141e-02 2.557843e+04 2.540243e+04 
2.516162e-02 2.416679e+04 2.383505e+04 
2.818182e-02 2.247792e+04 2.213413e+04 
3.120202e-02 2.068510e+04 2.049137e+04 
3.422222e-02 1.892129e+04 1.899031e+04 
3.724242e-02 1.727955e+04 1.764899e+04 
4.026263e-02 1.581975e+04 1.645627e+04 
4.328283e-02 1.456471e+04 1.539223e+04 
4.630303e-02 1.351722e+04 1.443697e+04 
4.932323e-02 1.268223e+04 1.357350e+04 
5.234343e-02 1.203159e+04 1.278806e+04 
5.536364e-02 1.152476e+04 1.206973e+04 
5.838384e-02 1.112680e+04 1.140979e+04 
6.140404e-02 1.080865e+04 1.080124e+04 
6.442424e-02 1.053754e+04 1.023831e+04 
6.744444e-02 1.027928e+04 9.716214e+03 
7.046465e-02 1.000848e+04 9.230911e+03 
7.348485e-02 9.706122e+03 8.778926e+03 
7.650505e-02 9.360785e+03 8.357245e+03 
7.952525e-02 8.970285e+03 7.963229e+03 
8.254545e-02 8.540306e+03 7.594541e+03 
8.556566e-02 8.081663e+03 7.249105e+03 
8.858586e-02 7.608312e+03 6.925059e+03 
9.160606e-02 7.135165e+03 6.620731e+03 
9.462626e-02 6.676589e+03 6.334611e+03 
9.764646e-02 6.246079e+03 6.065330e+03 
1.006667e-01 5.854762e+03 5.811646e+03 
1.036869e-01 5.511325e+03 5.572428e+03 
1.067071e-01 5.220166e+03 5.346643e+03 
1.097273e-01 4.982062e+03 5.133347e+03 
1.127475e-01 4.793829e+03 4.931676e+03 
1.157677e-01 4.649391e+03 4.740836e+03 
1.187879e-01 4.540766e+03 4.560101e+03 
1.218081e-01 4.459056e+03 4.388799e+03 
1.248283e-01 4.395178e+03 4.226314e+03 
1.278485e-01 4.340363e+03 4.072078e+03 
1.308687e-01 4.286464e+03 3.925564e+03 
1.338889e-01 4.226204e+03 3.786289e+03 
1.369091e-01 4.153904e+03 3.653802e+03 
1.399293e-01 4.065401e+03 3.527688e+03 
1.429495e-01 3.959227e+03 3.407562e+03 
1.459697e-01 3.835680e+03 3.293067e+03 
1.489899e-01 3.697328e+03 3.183870e+03 
1.520101e-01 3.547891e+03 3.079662e+03 
1.550303e-01 3.392135e+03 2.980157e+03 
1.580505e-01 3.235190e+03 2.885086e+03 
1.610707e-01 3.082280e+03 2.794201e+03 
1.640909e-01 2.938020e+03 2.707269e+03 
1.671111e-01 2.806325e+03 2.624073e+03 
1.701313e-01 2.689799e+03 2.544411e+03 
1.731515e-01 2.589870e+03 2.468092e+03 
1.761717e-01 2.506640e+03 2.394939e+03 
1.791919e-01 2.439203e+03 2.324786e+03 
1.822121e-01 2.385913e+03 2.257478e+03 
1.852323e-01 2.344448e+03 2.192868e+03 
1.882525e-01 2.312161e+03 2.130820e+03 
1.912727e-01 2.286153e+03 2.071204e+03 
1.942929e-01 2.263432e+03 2.013901e+03 
1.973131e-01 2.240978e+03 1.958796e+03 
2.003333e-01 2.216143e+03 1.905782e+03 
2.033535e-01 2.186703e+03 1.854759e+03 
2.063737e-01 2.151330e+03 1.805632e+03 
2.093939e-01 2.109327e+03 1.758311e+03 
2.124141e-01 2.060839e+03 1.712712e+03 
2.154343e-01 2.006549e+03 1.668756e+03 
2.184545e-01 1.947682e+03 1.626367e+03 
2.214747e-01 1.885789e+03 1.585474e+03 
2.244949e-01 1.822627e+03 1.546011e+03 
2.275152e-01 1.759982e+03 1.507913e+03 
2.305354e-01 1.699571e+03 1.471121e+03 
2.335556e-01 1.642883e+03 1.435577e+03 
2.365758e-01 1.591068e+03 1.401228e+03 
2.395960e-01 1.544846e+03 1.368023e+03 
2.426162e-01 1.504504e+03 1.335913e+03 
2.456364e-01 1.469997e+03 1.304852e+03 
2.486566e-01 1.440947e+03 1.274797e+03 
2.516768e-01 1.416766e+03 1.245705e+03 
2.546970e-01 1.396616e+03 1.217538e+03 
2.577172e-01 1.379505e+03 1.190259e+03 
2.607374e-01 1.364295e+03 1.163831e+03 
2.637576e-01 1.349851e+03 1.138220e+03 
2.667778e-01 1.335090e+03 1.113395e+03 
2.697980e-01 1.319152e+03 1.089325e+03 
2.728182e-01 1.301378e+03 1.065980e+03 
2.758384e-01 1.281444e+03 1.043333e+03 
2.788586e-01 1.259244e+03 1.021356e+03 
2.818788e-01 1.234910e+03 1.000025e+03 
2.848990e-01 1.208731e+03 9.793160e+02 
2.879192e-01 1.181117e+03 9.592048e+02 
2.909394e-01 1.152586e+03 9.396697e+02 
2.939596e-01 1.123720e+03 9.206898e+02 
2.969798e-01 1.095166e+03 9.022449e+02 
3.000000e-01 1.067543e+03 8.843156e+02 
