1.000000e-03 1.254858e+04 1.254847e+04 
4.020202e-03 4.192415e+04 4.225850e+04 
7.040404e-03 6.109492e+04 6.163852e+04 
1.006061e-02 7.251183e+04 7.341075e+04 
1.308081e-02 7.795960e+04 7.946107e+04 
1.610101e-02 7.877480e+04 8.078059e+04 
1.912121e-02 7.606867e+04 7.797594e+04 
2.214141e-02 7.083527e+04 7.183379e+04 
2.516162e-02 6.397589e+04 6.358874e+04 
2.818182e-02 5.628496e+04 5.468718e+04 
3.120202e-02 4.842696e+04 4.630647e+04 
3.422222e-02 4.091538e+04 3.908192e+04 
3.724242e-02 3.410741e+04 3.316698e+04 
4.026263e-02 2.821124e+04 2.844126e+04 
4.328283e-02 2.329943e+04 2.468807e+04 
4.630303e-02 1.935684e+04 2.169085e+04 
4.932323e-02 1.631487e+04 1.926909e+04 
5.234343e-02 1.406666e+04 1.728379e+04 
5.536364e-02 1.247482e+04 1.563159e+04 
5.838384e-02 1.141616e+04 1.423665e+04 
6.140404e-02 1.078030e+04 1.304329e+04 
6.442424e-02 1.046362e+04 1.201032e+04 
6.744444e-02 1.038253e+04 1.110697e+04 
7.046465e-02 1.046052e+04 1.030990e+04 
7.348485e-02 1.062304e+04 9.601137e+03 
7.650505e-02 1.079729e+04 8.966682e+03 
7.952525e-02 1.091552e+04 8.395434e+03 
8.254545e-02 1.092168e+04 7.878482e+03 
8.556566e-02 1.077611e+04 7.408580e+03 
8.858586e-02 1.045953e+04 6.979764e+03 
9.160606e-02 9.975987e+03 6.587073e+03 
9.462626e-02 9.344544e+03 6.226336e+03 
9.764646e-02 8.601732e+03 5.894016e+03 
1.006667e-01 7.790794e+03 5.587091e+03 
1.036869e-01 6.958793e+03 5.302956e+03 
1.067071e-01 6.148704e+03 5.039353e+03 
1.097273e-01 5.397845e+03 4.794314e+03 
1.127475e-01 4.732113e+03 4.566111e+03 
1.157677e-01 4.168079e+03 4.353224e+03 
1.187879e-01 3.712308e+03 4.154305e+03 
1.218081e-01 3.363591e+03 3.968156e+03 
1.248283e-01 3.115764e+03 3.793711e+03 
1.278485e-01 2.959274e+03 3.630012e+03 
1.308687e-01 2.883190e+03 3.476203e+03 
1.338889e-01 2.875618e+03 3.331509e+03 
1.369091e-01 2.923979e+03 3.195234e+03 
1.399293e-01 3.015007e+03 3.066745e+03 
1.429495e-01 3.134285e+03 2.945470e+03 
1.459697e-01 3.266456e+03 2.830887e+03 
1.489899e-01 3.395087e+03 2.722523e+03 
1.520101e-01 3.503924e+03 2.619943e+03 
1.550303e-01 3.577560e+03 2.522751e+03 
1.580505e-01 3.604148e+03 2.430585e+03 
1.610707e-01 3.575755e+03 2.343112e+03 
1.640909e-01 3.490848e+03 2.260025e+03 
1.671111e-01 3.353223e+03 2.181043e+03 
1.701313e-01 3.171652e+03 2.105907e+03 
1.731515e-01 2.958058e+03 2.034376e+03 
1.761717e-01 2.725671e+03 1.966230e+03 
1.791919e-01 2.487530e+03 1.901263e+03 
1.822121e-01 2.255422e+03 1.839286e+03 
1.852323e-01 2.039326e+03 1.780124e+03 
1.882525e-01 1.846742e+03 1.723612e+03 
1.912727e-01 1.683096e+03 1.669599e+03 
1.942929e-01 1.551030e+03 1.617944e+03 
1.973131e-01 1.451375e+03 1.568515e+03 
2.003333e-01 1.383062e+03 1.521190e+03 
2.033535e-01 1.343848e+03 1.475854e+03 
2.063737e-01 1.330670e+03 1.432400e+03 
2.093939e-01 1.339907e+03 1.390729e+03 
2.124141e-01 1.367542e+03 1.350746e+03 
2.154343e-01 1.409095e+03 1.312366e+03 
2.184545e-01 1.459559e+03 1.275505e+03 
2.214747e-01 1.513463e+03 1.240087e+03 
2.244949e-01 1.564984e+03 1.206039e+03 
2.275152e-01 1.608397e+03 1.173294e+03 
2.305354e-01 1.638577e+03 1.141788e+03 
2.335556e-01 1.651602e+03 1.111462e+03 
2.365758e-01 1.644963e+03 1.082258e+03 
2.395960e-01 1.618127e+03 1.054123e+03 
2.426162e-01 1.571989e+03 1.027009e+03 
2.456364e-01 1.509122e+03 1.000866e+03 
2.486566e-01 1.433035e+03 9.756514e+02 
2.516768e-01 1.348059e+03 9.513222e+02 
2.546970e-01 1.258776e+03 9.278389e+02 
2.577172e-01 1.169733e+03 9.051638e+02 
2.607374e-01 1.084923e+03 8.832615e+02 
2.637576e-01 1.007646e+03 8.620981e+02 
2.667778e-01 9.402478e+02 8.416418e+02 
2.697980e-01 8.841548e+02 8.218624e+02 
2.728182e-01 8.400538e+02 8.027312e+02 
2.758384e-01 8.078891e+02 7.842211e+02 
2.788586e-01 7.872028e+02 7.663063e+02 
2.818788e-01 7.771587e+02 7.489622e+02 
2.848990e-01 7.766118e+02 7.321657e+02 
2.879192e-01 7.841341e+02 7.158945e+02 
2.909394e-01 7.979558e+02 7.001277e+02 
2.939596e-01 8.160799e+02 6.848453e+02 
2.969798e-01 8.362662e+02 6.700281e+02 
3.000000e-01 8.562160e+02 6.556582e+02 
