1.000000e-03 3.507707e+03 3.507673e+03 
4.020202e-03 1.167246e+04 1.176328e+04 
7.040404e-03 1.702295e+04 1.713310e+04 
1.006061e-02 2.031585e+04 2.040713e+04 
1.308081e-02 2.209850e+04 2.215888e+04 
1.610101e-02 2.276518e+04 2.275565e+04 
1.912121e-02 2.262117e+04 2.249397e+04 
2.214141e-02 2.191339e+04 2.167673e+04 
2.516162e-02 2.084672e+04 2.058360e+04 
2.818182e-02 1.958771e+04 1.941250e+04 
3.120202e-02 1.826606e+04 1.826923e+04 
3.422222e-02 1.697764e+04 1.719600e+04 
3.724242e-02 1.578590e+04 1.620269e+04 
4.026263e-02 1.472807e+04 1.528626e+04 
4.328283e-02 1.381851e+04 1.443983e+04 
4.630303e-02 1.304906e+04 1.365627e+04 
4.932323e-02 1.241487e+04 1.292914e+04 
5.234343e-02 1.189880e+04 1.225299e+04 
5.536364e-02 1.146038e+04 1.162314e+04 
5.838384e-02 1.107564e+04 1.103555e+04 
6.140404e-02 1.072326e+04 1.048672e+04 
6.442424e-02 1.037765e+04 9.973538e+03 
6.744444e-02 1.002254e+04 9.493206e+03 
7.046465e-02 9.647420e+03 9.043210e+03 
7.348485e-02 9.246787e+03 8.621264e+03 
7.650505e-02 8.823059e+03 8.225282e+03 
7.952525e-02 8.383516e+03 7.853356e+03 
8.254545e-02 7.938588e+03 7.503737e+03 
8.556566e-02 7.500241e+03 7.174822e+03 
8.858586e-02 7.079412e+03 6.865134e+03 
9.160606e-02 6.685504e+03 6.573317e+03 
9.462626e-02 6.326177e+03 6.298123e+03 
9.764646e-02 6.006621e+03 6.038403e+03 
1.006667e-01 5.730127e+03 5.793096e+03 
1.036869e-01 5.496346e+03 5.561227e+03 
1.067071e-01 5.302594e+03 5.341894e+03 
1.097273e-01 5.142695e+03 5.134266e+03 
1.127475e-01 5.009290e+03 4.937574e+03 
1.157677e-01 4.894112e+03 4.751110e+03 
1.187879e-01 4.789391e+03 4.574215e+03 
1.218081e-01 4.688126e+03 4.406284e+03 
1.248283e-01 4.584726e+03 4.246752e+03 
1.278485e-01 4.474797e+03 4.095099e+03 
1.308687e-01 4.355745e+03 3.950841e+03 
1.338889e-01 4.226290e+03 3.813530e+03 
1.369091e-01 4.087413e+03 3.682748e+03 
1.399293e-01 3.941182e+03 3.558107e+03 
1.429495e-01 3.790881e+03 3.439249e+03 
1.459697e-01 3.640069e+03 3.325836e+03 
1.489899e-01 3.492419e+03 3.217558e+03 
1.520101e-01 3.351174e+03 3.114123e+03 
1.550303e-01 3.219133e+03 3.015258e+03 
1.580505e-01 3.098452e+03 2.920711e+03 
1.610707e-01 2.990740e+03 2.830245e+03 
1.640909e-01 2.896480e+03 2.743638e+03 
1.671111e-01 2.815401e+03 2.660683e+03 
1.701313e-01 2.746039e+03 2.581187e+03 
1.731515e-01 2.686401e+03 2.504967e+03 
1.761717e-01 2.633953e+03 2.431854e+03 
1.791919e-01 2.586226e+03 2.361687e+03 
1.822121e-01 2.540919e+03 2.294318e+03 
1.852323e-01 2.496115e+03 2.229604e+03 
1.882525e-01 2.450208e+03 2.167414e+03 
1.912727e-01 2.402002e+03 2.107624e+03 
1.942929e-01 2.350616e+03 2.050116e+03 
1.973131e-01 2.295756e+03 1.994780e+03 
2.003333e-01 2.237566e+03 1.941513e+03 
2.033535e-01 2.176861e+03 1.890216e+03 
2.063737e-01 2.114742e+03 1.840797e+03 
2.093939e-01 2.052561e+03 1.793169e+03 
2.124141e-01 1.991564e+03 1.747250e+03 
2.154343e-01 1.932860e+03 1.702962e+03 
2.184545e-01 1.877325e+03 1.660231e+03 
2.214747e-01 1.825647e+03 1.618988e+03 
2.244949e-01 1.778180e+03 1.579168e+03 
2.275152e-01 1.735077e+03 1.540707e+03 
2.305354e-01 1.696207e+03 1.503547e+03 
2.335556e-01 1.661245e+03 1.467633e+03 
2.365758e-01 1.629618e+03 1.432910e+03 
2.395960e-01 1.600670e+03 1.399329e+03 
2.426162e-01 1.573685e+03 1.366842e+03 
2.456364e-01 1.547945e+03 1.335404e+03 
2.486566e-01 1.522747e+03 1.304972e+03 
2.516768e-01 1.497497e+03 1.275504e+03 
2.546970e-01 1.471694e+03 1.246962e+03 
2.577172e-01 1.445035e+03 1.219308e+03 
2.607374e-01 1.417379e+03 1.192509e+03 
2.637576e-01 1.388835e+03 1.166529e+03 
2.667778e-01 1.359633e+03 1.141337e+03 
2.697980e-01 1.330127e+03 1.116902e+03 
2.728182e-01 1.300676e+03 1.093196e+03 
2.758384e-01 1.271637e+03 1.070191e+03 
2.788586e-01 1.243331e+03 1.047861e+03 
2.818788e-01 1.216045e+03 1.026179e+03 
2.848990e-01 1.190005e+03 1.005123e+03 
2.879192e-01 1.165390e+03 9.846690e+02 
2.909394e-01 1.142311e+03 9.647951e+02 
2.939596e-01 1.120793e+03 9.454803e+02 
2.969798e-01 1.100739e+03 9.267046e+02 
3.000000e-01 1.081984e+03 9.084489e+02 
