1.000000e-03 5.946517e+03 5.946458e+03 
4.020202e-03 1.967262e+04 1.982743e+04 
7.040404e-03 2.851182e+04 2.872878e+04 
1.006061e-02 3.375801e+04 3.403723e+04 
1.308081e-02 3.632934e+04 3.670106e+04 
1.610101e-02 3.689412e+04 3.726819e+04 
1.912121e-02 3.598524e+04 3.616075e+04 
2.214141e-02 3.405288e+04 3.388754e+04 
2.516162e-02 3.148588e+04 3.103571e+04 
2.818182e-02 2.860898e+04 2.810471e+04 
3.120202e-02 2.568123e+04 2.539208e+04 
3.422222e-02 2.289446e+04 2.301003e+04 
3.724242e-02 2.037575e+04 2.096152e+04 
4.026263e-02 1.819853e+04 1.920508e+04 
4.328283e-02 1.637603e+04 1.769008e+04 
4.630303e-02 1.490744e+04 1.637089e+04 
4.932323e-02 1.378228e+04 1.521055e+04 
5.234343e-02 1.294034e+04 1.418029e+04 
5.536364e-02 1.232715e+04 1.325798e+04 
5.838384e-02 1.189087e+04 1.242653e+04 
6.140404e-02 1.157311e+04 1.167258e+04 
6.442424e-02 1.132367e+04 1.098554e+04 
6.744444e-02 1.109851e+04 1.035688e+04 
7.046465e-02 1.085938e+04 9.779592e+03 
7.348485e-02 1.057563e+04 9.247862e+03 
7.650505e-02 1.022713e+04 8.756787e+03 
7.952525e-02 9.805460e+03 8.302185e+03 
8.254545e-02 9.314184e+03 7.880456e+03 
8.556566e-02 8.767225e+03 7.488470e+03 
8.858586e-02 8.184986e+03 7.123489e+03 
9.160606e-02 7.591091e+03 6.783100e+03 
9.462626e-02 7.009654e+03 6.465166e+03 
9.764646e-02 6.461930e+03 6.167784e+03 
1.006667e-01 5.965728e+03 5.889254e+03 
1.036869e-01 5.532746e+03 5.628052e+03 
1.067071e-01 5.170049e+03 5.382804e+03 
1.097273e-01 4.878345e+03 5.152272e+03 
1.127475e-01 4.654612e+03 4.935335e+03 
1.157677e-01 4.492176e+03 4.730977e+03 
1.187879e-01 4.382001e+03 4.538273e+03 
1.218081e-01 4.313393e+03 4.356382e+03 
1.248283e-01 4.274310e+03 4.184536e+03 
1.278485e-01 4.252279e+03 4.022034e+03 
1.308687e-01 4.234848e+03 3.868231e+03 
1.338889e-01 4.210951e+03 3.722541e+03 
1.369091e-01 4.171273e+03 3.584420e+03 
1.399293e-01 4.109541e+03 3.453372e+03 
1.429495e-01 4.021825e+03 3.328938e+03 
1.459697e-01 3.907415e+03 3.210696e+03 
1.489899e-01 3.767821e+03 3.098257e+03 
1.520101e-01 3.607027e+03 2.991259e+03 
1.550303e-01 3.431002e+03 2.889369e+03 
1.580505e-01 3.247136e+03 2.792279e+03 
1.610707e-01 3.063555e+03 2.699702e+03 
1.640909e-01 2.887985e+03 2.611372e+03 
1.671111e-01 2.726620e+03 2.527043e+03 
1.701313e-01 2.583838e+03 2.446484e+03 
1.731515e-01 2.462079e+03 2.369482e+03 
1.761717e-01 2.361982e+03 2.295838e+03 
1.791919e-01 2.283049e+03 2.225366e+03 
1.822121e-01 2.223827e+03 2.157893e+03 
1.852323e-01 2.182201e+03 2.093257e+03 
1.882525e-01 2.155289e+03 2.031306e+03 
1.912727e-01 2.139513e+03 1.971898e+03 
1.942929e-01 2.130752e+03 1.914902e+03 
1.973131e-01 2.124618e+03 1.860192e+03 
2.003333e-01 2.116889e+03 1.807652e+03 
2.033535e-01 2.104062e+03 1.757173e+03 
2.063737e-01 2.083526e+03 1.708652e+03 
2.093939e-01 2.053714e+03 1.661992e+03 
2.124141e-01 2.014089e+03 1.617103e+03 
2.154343e-01 1.964887e+03 1.573899e+03 
2.184545e-01 1.907208e+03 1.532300e+03 
2.214747e-01 1.842706e+03 1.492229e+03 
2.244949e-01 1.773647e+03 1.453615e+03 
2.275152e-01 1.702572e+03 1.416391e+03 
2.305354e-01 1.632164e+03 1.380493e+03 
2.335556e-01 1.564834e+03 1.345861e+03 
2.365758e-01 1.502657e+03 1.312438e+03 
2.395960e-01 1.447051e+03 1.280171e+03 
2.426162e-01 1.398922e+03 1.249007e+03 
2.456364e-01 1.358611e+03 1.218900e+03 
2.486566e-01 1.325991e+03 1.189803e+03 
2.516768e-01 1.300573e+03 1.161673e+03 
2.546970e-01 1.281450e+03 1.134470e+03 
2.577172e-01 1.267459e+03 1.108154e+03 
2.607374e-01 1.257157e+03 1.082689e+03 
2.637576e-01 1.249019e+03 1.058038e+03 
2.667778e-01 1.241501e+03 1.034170e+03 
2.697980e-01 1.233235e+03 1.011053e+03 
2.728182e-01 1.223039e+03 9.886550e+02 
2.758384e-01 1.210091e+03 9.669491e+02 
2.788586e-01 1.193844e+03 9.459075e+02 
2.818788e-01 1.174069e+03 9.255043e+02 
2.848990e-01 1.150854e+03 9.057147e+02 
2.879192e-01 1.124547e+03 8.865152e+02 
2.909394e-01 1.095771e+03 8.678833e+02 
2.939596e-01 1.065315e+03 8.497975e+02 
2.969798e-01 1.034136e+03 8.322374e+02 
3.000000e-01 1.003182e+03 8.151835e+02 
