1.000000e-03 3.271953e+03 3.271917e+03 
4.020202e-03 1.093036e+04 1.101489e+04 
7.040404e-03 1.603552e+04 1.614123e+04 
1.006061e-02 1.924847e+04 1.934019e+04 
1.308081e-02 2.105163e+04 2.112039e+04 
1.610101e-02 2.179796e+04 2.180774e+04 
1.912121e-02 2.176279e+04 2.166201e+04 
2.214141e-02 2.117290e+04 2.095389e+04 
2.516162e-02 2.021833e+04 1.994688e+04 
2.818182e-02 1.905597e+04 1.883958e+04 
3.120202e-02 1.781156e+04 1.774543e+04 
3.422222e-02 1.657959e+04 1.671334e+04 
3.724242e-02 1.542504e+04 1.575700e+04 
4.026263e-02 1.438873e+04 1.487500e+04 
4.328283e-02 1.348975e+04 1.406099e+04 
4.630303e-02 1.272374e+04 1.330789e+04 
4.932323e-02 1.208940e+04 1.260925e+04 
5.234343e-02 1.157615e+04 1.195956e+04 
5.536364e-02 1.114669e+04 1.135415e+04 
5.838384e-02 1.077614e+04 1.078907e+04 
6.140404e-02 1.044520e+04 1.026087e+04 
6.442424e-02 1.013145e+04 9.766567e+03 
6.744444e-02 9.815503e+03 9.303486e+03 
7.046465e-02 9.482932e+03 8.869237e+03 
7.348485e-02 9.125539e+03 8.461657e+03 
7.650505e-02 8.741973e+03 8.078779e+03 
7.952525e-02 8.336611e+03 7.718808e+03 
8.254545e-02 7.918489e+03 7.380099e+03 
8.556566e-02 7.498690e+03 7.061143e+03 
8.858586e-02 7.088046e+03 6.760554e+03 
9.160606e-02 6.696259e+03 6.477053e+03 
9.462626e-02 6.331488e+03 6.209467e+03 
9.764646e-02 6.000136e+03 5.956711e+03 
1.006667e-01 5.707133e+03 5.717784e+03 
1.036869e-01 5.454693e+03 5.491765e+03 
1.067071e-01 5.242910e+03 5.277800e+03 
1.097273e-01 5.068122e+03 5.075103e+03 
1.127475e-01 4.924835e+03 4.882943e+03 
1.157677e-01 4.805558e+03 4.700647e+03 
1.187879e-01 4.702602e+03 4.527590e+03 
1.218081e-01 4.608532e+03 4.363194e+03 
1.248283e-01 4.516972e+03 4.206923e+03 
1.278485e-01 4.422672e+03 4.058278e+03 
1.308687e-01 4.321820e+03 3.916798e+03 
1.338889e-01 4.211737e+03 3.782054e+03 
1.369091e-01 4.091613e+03 3.653645e+03 
1.399293e-01 3.961778e+03 3.531202e+03 
1.429495e-01 3.824162e+03 3.414377e+03 
1.459697e-01 3.681482e+03 3.302850e+03 
1.489899e-01 3.537323e+03 3.196319e+03 
1.520101e-01 3.395218e+03 3.094504e+03 
1.550303e-01 3.258499e+03 2.997144e+03 
1.580505e-01 3.130038e+03 2.903995e+03 
1.610707e-01 3.012267e+03 2.814827e+03 
1.640909e-01 2.906730e+03 2.729427e+03 
1.671111e-01 2.814279e+03 2.647595e+03 
1.701313e-01 2.734514e+03 2.569143e+03 
1.731515e-01 2.666399e+03 2.493896e+03 
1.761717e-01 2.608137e+03 2.421689e+03 
1.791919e-01 2.557655e+03 2.352366e+03 
1.822121e-01 2.512658e+03 2.285783e+03 
1.852323e-01 2.470951e+03 2.221804e+03 
1.882525e-01 2.430475e+03 2.160298e+03 
1.912727e-01 2.389471e+03 2.101146e+03 
1.942929e-01 2.346426e+03 2.044235e+03 
1.973131e-01 2.300306e+03 1.989455e+03 
2.003333e-01 2.250480e+03 1.936707e+03 
2.033535e-01 2.197047e+03 1.885896e+03 
2.063737e-01 2.140526e+03 1.836930e+03 
2.093939e-01 2.081926e+03 1.789726e+03 
2.124141e-01 2.022372e+03 1.744203e+03 
2.154343e-01 1.963054e+03 1.700285e+03 
2.184545e-01 1.905085e+03 1.657900e+03 
2.214747e-01 1.849502e+03 1.616981e+03 
2.244949e-01 1.797136e+03 1.577463e+03 
2.275152e-01 1.748652e+03 1.539285e+03 
2.305354e-01 1.704401e+03 1.502390e+03 
2.335556e-01 1.664505e+03 1.466722e+03 
2.365758e-01 1.628763e+03 1.432231e+03 
2.395960e-01 1.596774e+03 1.398866e+03 
2.426162e-01 1.567936e+03 1.366582e+03 
2.456364e-01 1.541569e+03 1.335332e+03 
2.486566e-01 1.516955e+03 1.305076e+03 
2.516768e-01 1.493421e+03 1.275774e+03 
2.546970e-01 1.470329e+03 1.247386e+03 
2.577172e-01 1.447091e+03 1.219876e+03 
2.607374e-01 1.423207e+03 1.193211e+03 
2.637576e-01 1.398355e+03 1.167357e+03 
2.667778e-01 1.372391e+03 1.142282e+03 
2.697980e-01 1.345396e+03 1.117957e+03 
2.728182e-01 1.317604e+03 1.094352e+03 
2.758384e-01 1.289368e+03 1.071442e+03 
2.788586e-01 1.261076e+03 1.049200e+03 
2.818788e-01 1.233118e+03 1.027601e+03 
2.848990e-01 1.205814e+03 1.006621e+03 
2.879192e-01 1.179446e+03 9.862375e+02 
2.909394e-01 1.154237e+03 9.664293e+02 
2.939596e-01 1.130375e+03 9.471756e+02 
2.969798e-01 1.108002e+03 9.284564e+02 
3.000000e-01 1.087175e+03 9.102528e+02 
