1.000000e-03 3.558146e+03 3.558105e+03 
4.020202e-03 1.200010e+04 1.209245e+04 
7.040404e-03 1.754063e+04 1.765083e+04 
1.006061e-02 2.092785e+04 2.101922e+04 
1.308081e-02 2.272797e+04 2.278780e+04 
1.610101e-02 2.335552e+04 2.333740e+04 
1.912121e-02 2.313453e+04 2.298562e+04 
2.214141e-02 2.232918e+04 2.206388e+04 
2.516162e-02 2.115978e+04 2.087457e+04 
2.818182e-02 1.980406e+04 1.962500e+04 
3.120202e-02 1.840029e+04 1.842085e+04 
3.422222e-02 1.704856e+04 1.730081e+04 
3.724242e-02 1.581356e+04 1.627116e+04 
4.026263e-02 1.473174e+04 1.532610e+04 
4.328283e-02 1.381223e+04 1.445682e+04 
4.630303e-02 1.304544e+04 1.365482e+04 
4.932323e-02 1.242671e+04 1.291274e+04 
5.234343e-02 1.192630e+04 1.222440e+04 
5.536364e-02 1.150283e+04 1.158462e+04 
5.838384e-02 1.113217e+04 1.098895e+04 
6.140404e-02 1.078658e+04 1.043358e+04 
6.442424e-02 1.044074e+04 9.915130e+03 
6.744444e-02 1.007879e+04 9.430603e+03 
7.046465e-02 9.690388e+03 8.977313e+03 
7.348485e-02 9.272263e+03 8.552829e+03 
7.650505e-02 8.828533e+03 8.154948e+03 
7.952525e-02 8.368718e+03 7.781662e+03 
8.254545e-02 7.905311e+03 7.431139e+03 
8.556566e-02 7.451764e+03 7.101702e+03 
8.858586e-02 7.020347e+03 6.791815e+03 
9.160606e-02 6.621262e+03 6.500072e+03 
9.462626e-02 6.262313e+03 6.225179e+03 
9.764646e-02 5.948850e+03 5.965949e+03 
1.006667e-01 5.682696e+03 5.721292e+03 
1.036869e-01 5.462361e+03 5.490204e+03 
1.067071e-01 5.282597e+03 5.271759e+03 
1.097273e-01 5.136064e+03 5.065108e+03 
1.127475e-01 5.013928e+03 4.869463e+03 
1.157677e-01 4.907310e+03 4.684101e+03 
1.187879e-01 4.808007e+03 4.508353e+03 
1.218081e-01 4.708848e+03 4.341600e+03 
1.248283e-01 4.603876e+03 4.183271e+03 
1.278485e-01 4.489177e+03 4.032836e+03 
1.308687e-01 4.362480e+03 3.889805e+03 
1.338889e-01 4.223963e+03 3.753723e+03 
1.369091e-01 4.075313e+03 3.624170e+03 
1.399293e-01 3.920114e+03 3.500753e+03 
1.429495e-01 3.762324e+03 3.383108e+03 
1.459697e-01 3.605994e+03 3.270898e+03 
1.489899e-01 3.454909e+03 3.163808e+03 
1.520101e-01 3.312560e+03 3.061544e+03 
1.550303e-01 3.181798e+03 2.963833e+03 
1.580505e-01 3.064864e+03 2.870421e+03 
1.610707e-01 2.962827e+03 2.781070e+03 
1.640909e-01 2.875680e+03 2.695556e+03 
1.671111e-01 2.802009e+03 2.613673e+03 
1.701313e-01 2.739608e+03 2.535227e+03 
1.731515e-01 2.685688e+03 2.460035e+03 
1.761717e-01 2.637525e+03 2.387927e+03 
1.791919e-01 2.592523e+03 2.318742e+03 
1.822121e-01 2.548469e+03 2.252333e+03 
1.852323e-01 2.503426e+03 2.188557e+03 
1.882525e-01 2.455838e+03 2.127282e+03 
1.912727e-01 2.404597e+03 2.068385e+03 
1.942929e-01 2.349108e+03 2.011749e+03 
1.973131e-01 2.289578e+03 1.957263e+03 
2.003333e-01 2.226785e+03 1.904825e+03 
2.033535e-01 2.162045e+03 1.854336e+03 
2.063737e-01 2.096853e+03 1.805705e+03 
2.093939e-01 2.032732e+03 1.758845e+03 
2.124141e-01 1.970981e+03 1.713674e+03 
2.154343e-01 1.912578e+03 1.670115e+03 
2.184545e-01 1.858265e+03 1.628095e+03 
2.214747e-01 1.808572e+03 1.587545e+03 
2.244949e-01 1.763681e+03 1.548399e+03 
2.275152e-01 1.723533e+03 1.510596e+03 
2.305354e-01 1.687722e+03 1.474077e+03 
2.335556e-01 1.655670e+03 1.438787e+03 
2.365758e-01 1.626613e+03 1.404672e+03 
2.395960e-01 1.599706e+03 1.371684e+03 
2.426162e-01 1.574055e+03 1.339774e+03 
2.456364e-01 1.548867e+03 1.308899e+03 
2.486566e-01 1.523441e+03 1.279014e+03 
2.516768e-01 1.497260e+03 1.250081e+03 
2.546970e-01 1.469981e+03 1.222059e+03 
2.577172e-01 1.441538e+03 1.194913e+03 
2.607374e-01 1.412040e+03 1.168608e+03 
2.637576e-01 1.381757e+03 1.143110e+03 
2.667778e-01 1.351057e+03 1.118388e+03 
2.697980e-01 1.320365e+03 1.094411e+03 
2.728182e-01 1.290103e+03 1.071152e+03 
2.758384e-01 1.260671e+03 1.048582e+03 
2.788586e-01 1.232398e+03 1.026676e+03 
2.818788e-01 1.205560e+03 1.005409e+03 
2.848990e-01 1.180357e+03 9.847567e+02 
2.879192e-01 1.156868e+03 9.646965e+02 
2.909394e-01 1.135068e+03 9.452068e+02 
2.939596e-01 1.114835e+03 9.262669e+02 
2.969798e-01 1.095988e+03 9.078570e+02 
3.000000e-01 1.078264e+03 8.899581e+02 
