1.000000e-03 3.614272e+03 3.614240e+03 
4.020202e-03 1.200121e+04 1.209398e+04 
7.040404e-03 1.748887e+04 1.760200e+04 
1.006061e-02 2.085915e+04 2.095555e+04 
1.308081e-02 2.267307e+04 2.274198e+04 
1.610101e-02 2.333701e+04 2.333628e+04 
1.912121e-02 2.316525e+04 2.304397e+04 
2.214141e-02 2.241381e+04 2.218049e+04 
2.516162e-02 2.129528e+04 2.103737e+04 
2.818182e-02 1.998221e+04 1.981967e+04 
3.120202e-02 1.860958e+04 1.863574e+04 
3.422222e-02 1.727604e+04 1.752780e+04 
3.724242e-02 1.604657e+04 1.650484e+04 
4.026263e-02 1.495918e+04 1.556287e+04 
4.328283e-02 1.402661e+04 1.469422e+04 
4.630303e-02 1.324034e+04 1.389108e+04 
4.932323e-02 1.259715e+04 1.314659e+04 
5.234343e-02 1.207378e+04 1.245489e+04 
5.536364e-02 1.162827e+04 1.181105e+04 
5.838384e-02 1.123912e+04 1.121081e+04 
6.140404e-02 1.088209e+04 1.065049e+04 
6.442424e-02 1.053042e+04 1.012683e+04 
6.744444e-02 1.016746e+04 9.636914e+03 
7.046465e-02 9.782335e+03 9.178138e+03 
7.348485e-02 9.370084e+03 8.748124e+03 
7.650505e-02 8.933219e+03 8.344713e+03 
7.952525e-02 8.480282e+03 7.965934e+03 
8.254545e-02 8.022789e+03 7.609983e+03 
8.556566e-02 7.573055e+03 7.275205e+03 
8.858586e-02 7.142381e+03 6.960081e+03 
9.160606e-02 6.740401e+03 6.663217e+03 
9.462626e-02 6.374757e+03 6.383330e+03 
9.764646e-02 6.050930e+03 6.119240e+03 
1.006667e-01 5.772095e+03 5.869859e+03 
1.036869e-01 5.537741e+03 5.634187e+03 
1.067071e-01 5.344395e+03 5.411301e+03 
1.097273e-01 5.185622e+03 5.200347e+03 
1.127475e-01 5.053438e+03 5.000542e+03 
1.157677e-01 4.939076e+03 4.811157e+03 
1.187879e-01 4.834546e+03 4.631522e+03 
1.218081e-01 4.732641e+03 4.461015e+03 
1.248283e-01 4.627794e+03 4.299062e+03 
1.278485e-01 4.515662e+03 4.145129e+03 
1.308687e-01 4.393584e+03 3.998723e+03 
1.338889e-01 4.260680e+03 3.859386e+03 
1.369091e-01 4.117882e+03 3.726692e+03 
1.399293e-01 3.967668e+03 3.600246e+03 
1.429495e-01 3.813480e+03 3.479680e+03 
1.459697e-01 3.659166e+03 3.364652e+03 
1.489899e-01 3.508558e+03 3.254844e+03 
1.520101e-01 3.365004e+03 3.149959e+03 
1.550303e-01 3.231428e+03 3.049721e+03 
1.580505e-01 3.110137e+03 2.953869e+03 
1.610707e-01 3.002512e+03 2.862165e+03 
1.640909e-01 2.908983e+03 2.774381e+03 
1.671111e-01 2.828843e+03 2.690307e+03 
1.701313e-01 2.760606e+03 2.609746e+03 
1.731515e-01 2.701969e+03 2.532513e+03 
1.761717e-01 2.650366e+03 2.458434e+03 
1.791919e-01 2.603233e+03 2.387346e+03 
1.822121e-01 2.558228e+03 2.319099e+03 
1.852323e-01 2.513376e+03 2.253547e+03 
1.882525e-01 2.467029e+03 2.190558e+03 
1.912727e-01 2.417869e+03 2.130003e+03 
1.942929e-01 2.365173e+03 2.071765e+03 
1.973131e-01 2.308677e+03 2.015730e+03 
2.003333e-01 2.248844e+03 1.961794e+03 
2.033535e-01 2.186517e+03 1.909857e+03 
2.063737e-01 2.122977e+03 1.859825e+03 
2.093939e-01 2.059561e+03 1.811610e+03 
2.124141e-01 1.997578e+03 1.765127e+03 
2.154343e-01 1.938149e+03 1.720299e+03 
2.184545e-01 1.882206e+03 1.677050e+03 
2.214747e-01 1.830376e+03 1.635309e+03 
2.244949e-01 1.783062e+03 1.595011e+03 
2.275152e-01 1.740314e+03 1.556091e+03 
2.305354e-01 1.701966e+03 1.518490e+03 
2.335556e-01 1.667562e+03 1.482151e+03 
2.365758e-01 1.636495e+03 1.447020e+03 
2.395960e-01 1.608019e+03 1.413046e+03 
2.426162e-01 1.581376e+03 1.380181e+03 
2.456364e-01 1.555820e+03 1.348379e+03 
2.486566e-01 1.530647e+03 1.317595e+03 
2.516768e-01 1.505219e+03 1.287789e+03 
2.546970e-01 1.479064e+03 1.258921e+03 
2.577172e-01 1.451873e+03 1.230953e+03 
2.607374e-01 1.423599e+03 1.203850e+03 
2.637576e-01 1.394375e+03 1.177577e+03 
2.667778e-01 1.364519e+03 1.152103e+03 
2.697980e-01 1.334408e+03 1.127395e+03 
2.728182e-01 1.304444e+03 1.103426e+03 
2.758384e-01 1.274992e+03 1.080166e+03 
2.788586e-01 1.246385e+03 1.057589e+03 
2.818788e-01 1.218898e+03 1.035670e+03 
2.848990e-01 1.192767e+03 1.014383e+03 
2.879192e-01 1.168175e+03 9.937060e+02 
2.909394e-01 1.145214e+03 9.736164e+02 
2.939596e-01 1.123878e+03 9.540929e+02 
2.969798e-01 1.104046e+03 9.351152e+02 
3.000000e-01 1.085519e+03 9.166636e+02 
