1.000000e-03 3.330571e+03 3.330543e+03 
4.020202e-03 1.136518e+04 1.145298e+04 
7.040404e-03 1.681168e+04 1.692784e+04 
1.006061e-02 2.027033e+04 2.038919e+04 
1.308081e-02 2.221600e+04 2.233614e+04 
1.610101e-02 2.300812e+04 2.308740e+04 
1.912121e-02 2.293615e+04 2.290152e+04 
2.214141e-02 2.224501e+04 2.206714e+04 
2.516162e-02 2.114525e+04 2.088511e+04 
2.818182e-02 1.981303e+04 1.959363e+04 
3.120202e-02 1.839127e+04 1.833239e+04 
3.422222e-02 1.698861e+04 1.716089e+04 
3.724242e-02 1.568021e+04 1.609330e+04 
4.026263e-02 1.451388e+04 1.512435e+04 
4.328283e-02 1.350860e+04 1.424285e+04 
4.630303e-02 1.266257e+04 1.343731e+04 
4.932323e-02 1.198013e+04 1.269774e+04 
5.234343e-02 1.143935e+04 1.201591e+04 
5.536364e-02 1.100202e+04 1.138511e+04 
5.838384e-02 1.064068e+04 1.079983e+04 
6.140404e-02 1.033072e+04 1.025551e+04 
6.442424e-02 1.004686e+04 9.748289e+03 
6.744444e-02 9.763117e+03 9.274835e+03 
7.046465e-02 9.460900e+03 8.832254e+03 
7.348485e-02 9.128580e+03 8.417993e+03 
7.650505e-02 8.761429e+03 8.029779e+03 
7.952525e-02 8.362513e+03 7.665573e+03 
8.254545e-02 7.940301e+03 7.323536e+03 
8.556566e-02 7.506512e+03 7.002003e+03 
8.858586e-02 7.073844e+03 6.699459e+03 
9.160606e-02 6.654247e+03 6.414523e+03 
9.462626e-02 6.258447e+03 6.145935e+03 
9.764646e-02 5.895826e+03 5.892539e+03 
1.006667e-01 5.573437e+03 5.653277e+03 
1.036869e-01 5.295921e+03 5.427175e+03 
1.067071e-01 5.064162e+03 5.213340e+03 
1.097273e-01 4.876341e+03 5.010950e+03 
1.127475e-01 4.726933e+03 4.819245e+03 
1.157677e-01 4.608849e+03 4.637527e+03 
1.187879e-01 4.513708e+03 4.465150e+03 
1.218081e-01 4.433294e+03 4.301517e+03 
1.248283e-01 4.359866e+03 4.146076e+03 
1.278485e-01 4.286632e+03 3.998317e+03 
1.308687e-01 4.207697e+03 3.857766e+03 
1.338889e-01 4.118934e+03 3.723984e+03 
1.369091e-01 4.017528e+03 3.596564e+03 
1.399293e-01 3.902724e+03 3.475127e+03 
1.429495e-01 3.775281e+03 3.359321e+03 
1.459697e-01 3.637787e+03 3.248820e+03 
1.489899e-01 3.493714e+03 3.143318e+03 
1.520101e-01 3.347181e+03 3.042531e+03 
1.550303e-01 3.202418e+03 2.946196e+03 
1.580505e-01 3.063551e+03 2.854064e+03 
1.610707e-01 2.934056e+03 2.765905e+03 
1.640909e-01 2.816749e+03 2.681503e+03 
1.671111e-01 2.713342e+03 2.600656e+03 
1.701313e-01 2.624538e+03 2.523176e+03 
1.731515e-01 2.549934e+03 2.448886e+03 
1.761717e-01 2.488199e+03 2.377620e+03 
1.791919e-01 2.437373e+03 2.309223e+03 
1.822121e-01 2.395162e+03 2.243548e+03 
1.852323e-01 2.359117e+03 2.180459e+03 
1.882525e-01 2.326702e+03 2.119826e+03 
1.912727e-01 2.295459e+03 2.061530e+03 
1.942929e-01 2.263110e+03 2.005456e+03 
1.973131e-01 2.227800e+03 1.951496e+03 
2.003333e-01 2.188126e+03 1.899550e+03 
2.033535e-01 2.143494e+03 1.849523e+03 
2.063737e-01 2.093871e+03 1.801324e+03 
2.093939e-01 2.039955e+03 1.754869e+03 
2.124141e-01 1.982766e+03 1.710078e+03 
2.154343e-01 1.923605e+03 1.666875e+03 
2.184545e-01 1.863857e+03 1.625188e+03 
2.214747e-01 1.804947e+03 1.584951e+03 
2.244949e-01 1.748194e+03 1.546098e+03 
2.275152e-01 1.694791e+03 1.508570e+03 
2.305354e-01 1.645614e+03 1.472309e+03 
2.335556e-01 1.601274e+03 1.437261e+03 
2.365758e-01 1.561944e+03 1.403374e+03 
2.395960e-01 1.527514e+03 1.370599e+03 
2.426162e-01 1.497556e+03 1.338889e+03 
2.456364e-01 1.471466e+03 1.308201e+03 
2.486566e-01 1.448500e+03 1.278493e+03 
2.516768e-01 1.427836e+03 1.249725e+03 
2.546970e-01 1.408609e+03 1.221858e+03 
2.577172e-01 1.389935e+03 1.194858e+03 
2.607374e-01 1.370992e+03 1.168689e+03 
2.637576e-01 1.351099e+03 1.143319e+03 
2.667778e-01 1.329783e+03 1.118717e+03 
2.697980e-01 1.306821e+03 1.094853e+03 
2.728182e-01 1.282245e+03 1.071699e+03 
2.758384e-01 1.256271e+03 1.049229e+03 
2.788586e-01 1.229271e+03 1.027415e+03 
2.818788e-01 1.201671e+03 1.006235e+03 
2.848990e-01 1.173901e+03 9.856633e+02 
2.879192e-01 1.146395e+03 9.656790e+02 
2.909394e-01 1.119585e+03 9.462604e+02 
2.939596e-01 1.093871e+03 9.273869e+02 
2.969798e-01 1.069616e+03 9.090390e+02 
3.000000e-01 1.047064e+03 8.911980e+02 
