1.000000e-03 2.998264e+03 2.998235e+03 
4.020202e-03 9.939862e+03 1.001812e+04 
7.040404e-03 1.439311e+04 1.447062e+04 
1.006061e-02 1.709019e+04 1.710822e+04 
1.308081e-02 1.855371e+04 1.848640e+04 
1.610101e-02 1.914524e+04 1.897766e+04 
1.912121e-02 1.912882e+04 1.887144e+04 
2.214141e-02 1.870394e+04 1.840793e+04 
2.516162e-02 1.802554e+04 1.776108e+04 
2.818182e-02 1.721107e+04 1.703511e+04 
3.120202e-02 1.634743e+04 1.628486e+04 
3.422222e-02 1.549423e+04 1.553788e+04 
3.724242e-02 1.468847e+04 1.480831e+04 
4.026263e-02 1.394936e+04 1.410367e+04 
4.328283e-02 1.328161e+04 1.342804e+04 
4.630303e-02 1.268013e+04 1.278347e+04 
4.932323e-02 1.213815e+04 1.217075e+04 
5.234343e-02 1.164240e+04 1.158984e+04 
5.536364e-02 1.117450e+04 1.104015e+04 
5.838384e-02 1.072287e+04 1.052073e+04 
6.140404e-02 1.028026e+04 1.003035e+04 
6.442424e-02 9.842917e+03 9.567687e+03 
6.744444e-02 9.409358e+03 9.131318e+03 
7.046465e-02 8.980414e+03 8.719805e+03 
7.348485e-02 8.560227e+03 8.331717e+03 
7.650505e-02 8.154448e+03 7.965661e+03 
7.952525e-02 7.769189e+03 7.620289e+03 
8.254545e-02 7.408974e+03 7.294315e+03 
8.556566e-02 7.076552e+03 6.986518e+03 
8.858586e-02 6.772780e+03 6.695746e+03 
9.160606e-02 6.497431e+03 6.420914e+03 
9.462626e-02 6.249420e+03 6.161004e+03 
9.764646e-02 6.026650e+03 5.915066e+03 
1.006667e-01 5.825493e+03 5.682209e+03 
1.036869e-01 5.641178e+03 5.461605e+03 
1.067071e-01 5.468316e+03 5.252481e+03 
1.097273e-01 5.301940e+03 5.054118e+03 
1.127475e-01 5.138802e+03 4.865845e+03 
1.157677e-01 4.976585e+03 4.687038e+03 
1.187879e-01 4.814716e+03 4.517118e+03 
1.218081e-01 4.653257e+03 4.355544e+03 
1.248283e-01 4.493142e+03 4.201812e+03 
1.278485e-01 4.335676e+03 4.055456e+03 
1.308687e-01 4.182688e+03 3.916037e+03 
1.338889e-01 4.035968e+03 3.783151e+03 
1.369091e-01 3.897013e+03 3.656418e+03 
1.399293e-01 3.766817e+03 3.535484e+03 
1.429495e-01 3.645410e+03 3.420021e+03 
1.459697e-01 3.532575e+03 3.309719e+03 
1.489899e-01 3.427860e+03 3.204292e+03 
1.520101e-01 3.330734e+03 3.103470e+03 
1.550303e-01 3.240573e+03 3.007002e+03 
1.580505e-01 3.156471e+03 2.914654e+03 
1.610707e-01 3.077068e+03 2.826204e+03 
1.640909e-01 3.000958e+03 2.741447e+03 
1.671111e-01 2.926734e+03 2.660189e+03 
1.701313e-01 2.853460e+03 2.582248e+03 
1.731515e-01 2.780886e+03 2.507455e+03 
1.761717e-01 2.709030e+03 2.435650e+03 
1.791919e-01 2.638199e+03 2.366681e+03 
1.822121e-01 2.568669e+03 2.300409e+03 
1.852323e-01 2.500647e+03 2.236701e+03 
1.882525e-01 2.434378e+03 2.175430e+03 
1.912727e-01 2.370152e+03 2.116480e+03 
1.942929e-01 2.308321e+03 2.059740e+03 
1.973131e-01 2.249294e+03 2.005104e+03 
2.003333e-01 2.193287e+03 1.952475e+03 
2.033535e-01 2.140305e+03 1.901759e+03 
2.063737e-01 2.090166e+03 1.852868e+03 
2.093939e-01 2.042518e+03 1.805718e+03 
2.124141e-01 1.997008e+03 1.760232e+03 
2.154343e-01 1.953291e+03 1.716335e+03 
2.184545e-01 1.911098e+03 1.673957e+03 
2.214747e-01 1.870224e+03 1.633031e+03 
2.244949e-01 1.830469e+03 1.593493e+03 
2.275152e-01 1.791644e+03 1.555285e+03 
2.305354e-01 1.753634e+03 1.518349e+03 
2.335556e-01 1.716386e+03 1.482632e+03 
2.365758e-01 1.679874e+03 1.448082e+03 
2.395960e-01 1.644096e+03 1.414651e+03 
2.426162e-01 1.609096e+03 1.382294e+03 
2.456364e-01 1.574951e+03 1.350965e+03 
2.486566e-01 1.541749e+03 1.320624e+03 
2.516768e-01 1.509577e+03 1.291232e+03 
2.546970e-01 1.478488e+03 1.262749e+03 
2.577172e-01 1.448510e+03 1.235141e+03 
2.607374e-01 1.419616e+03 1.208373e+03 
2.637576e-01 1.391751e+03 1.182413e+03 
2.667778e-01 1.364839e+03 1.157229e+03 
2.697980e-01 1.338796e+03 1.132793e+03 
2.728182e-01 1.313549e+03 1.109075e+03 
2.758384e-01 1.289031e+03 1.086050e+03 
2.788586e-01 1.265176e+03 1.063690e+03 
2.818788e-01 1.241920e+03 1.041972e+03 
2.848990e-01 1.219210e+03 1.020872e+03 
2.879192e-01 1.196998e+03 1.000368e+03 
2.909394e-01 1.175271e+03 9.804383e+02 
2.939596e-01 1.154022e+03 9.610622e+02 
2.969798e-01 1.133251e+03 9.422201e+02 
3.000000e-01 1.112956e+03 9.238933e+02 
