1.000000e-03 5.392971e+03 5.392921e+03 
4.020202e-03 1.755112e+04 1.768761e+04 
7.040404e-03 2.532509e+04 2.550929e+04 
1.006061e-02 2.994602e+04 3.016357e+04 
1.308081e-02 3.224389e+04 3.250955e+04 
1.610101e-02 3.281456e+04 3.305097e+04 
1.912121e-02 3.212413e+04 3.218192e+04 
2.214141e-02 3.056187e+04 3.035744e+04 
2.516162e-02 2.845855e+04 2.807049e+04 
2.818182e-02 2.608821e+04 2.571702e+04 
3.120202e-02 2.366777e+04 2.352226e+04 
3.422222e-02 2.135691e+04 2.156862e+04 
3.724242e-02 1.926082e+04 1.985895e+04 
4.026263e-02 1.744130e+04 1.836487e+04 
4.328283e-02 1.590945e+04 1.705167e+04 
4.630303e-02 1.466361e+04 1.588799e+04 
4.932323e-02 1.369799e+04 1.484822e+04 
5.234343e-02 1.295992e+04 1.391221e+04 
5.536364e-02 1.239987e+04 1.306418e+04 
5.838384e-02 1.197474e+04 1.229177e+04 
6.140404e-02 1.163767e+04 1.158507e+04 
6.442424e-02 1.134493e+04 1.093609e+04 
6.744444e-02 1.105906e+04 1.033822e+04 
7.046465e-02 1.075029e+04 9.785955e+03 
7.348485e-02 1.039757e+04 9.274597e+03 
7.650505e-02 9.989777e+03 8.800127e+03 
7.952525e-02 9.526016e+03 8.359058e+03 
8.254545e-02 9.015164e+03 7.948336e+03 
8.556566e-02 8.472375e+03 7.565271e+03 
8.858586e-02 7.916251e+03 7.207480e+03 
9.160606e-02 7.366626e+03 6.872838e+03 
9.462626e-02 6.842383e+03 6.559443e+03 
9.764646e-02 6.359753e+03 6.265588e+03 
1.006667e-01 5.931409e+03 5.989734e+03 
1.036869e-01 5.564663e+03 5.730489e+03 
1.067071e-01 5.262536e+03 5.486594e+03 
1.097273e-01 5.022553e+03 5.256905e+03 
1.127475e-01 4.839225e+03 5.040381e+03 
1.157677e-01 4.704031e+03 4.836072e+03 
1.187879e-01 4.607220e+03 4.643111e+03 
1.218081e-01 4.538156e+03 4.460706e+03 
1.248283e-01 4.485824e+03 4.288131e+03 
1.278485e-01 4.439304e+03 4.124719e+03 
1.308687e-01 4.388598e+03 3.969857e+03 
1.338889e-01 4.325399e+03 3.822984e+03 
1.369091e-01 4.243867e+03 3.683579e+03 
1.399293e-01 4.141030e+03 3.551164e+03 
1.429495e-01 4.016367e+03 3.425298e+03 
1.459697e-01 3.872148e+03 3.305572e+03 
1.489899e-01 3.712152e+03 3.191610e+03 
1.520101e-01 3.541547e+03 3.083060e+03 
1.550303e-01 3.366296e+03 2.979598e+03 
1.580505e-01 3.192978e+03 2.880924e+03 
1.610707e-01 3.027702e+03 2.786757e+03 
1.640909e-01 2.875891e+03 2.696837e+03 
1.671111e-01 2.741290e+03 2.610923e+03 
1.701313e-01 2.626180e+03 2.528789e+03 
1.731515e-01 2.530860e+03 2.450223e+03 
1.761717e-01 2.454451e+03 2.375031e+03 
1.791919e-01 2.395114e+03 2.303029e+03 
1.822121e-01 2.350323e+03 2.234045e+03 
1.852323e-01 2.317157e+03 2.167920e+03 
1.882525e-01 2.292368e+03 2.104502e+03 
1.912727e-01 2.272474e+03 2.043653e+03 
1.942929e-01 2.253786e+03 1.985239e+03 
1.973131e-01 2.232919e+03 1.929137e+03 
2.003333e-01 2.206918e+03 1.875232e+03 
2.033535e-01 2.173896e+03 1.823413e+03 
2.063737e-01 2.132779e+03 1.773579e+03 
2.093939e-01 2.083615e+03 1.725634e+03 
2.124141e-01 2.027188e+03 1.679485e+03 
2.154343e-01 1.964960e+03 1.635048e+03 
2.184545e-01 1.898738e+03 1.592242e+03 
2.214747e-01 1.830530e+03 1.550991e+03 
2.244949e-01 1.762478e+03 1.511223e+03 
2.275152e-01 1.696629e+03 1.472870e+03 
2.305354e-01 1.634778e+03 1.435869e+03 
2.335556e-01 1.578336e+03 1.400158e+03 
2.365758e-01 1.528317e+03 1.365681e+03 
2.395960e-01 1.485165e+03 1.332383e+03 
2.426162e-01 1.448924e+03 1.300213e+03 
2.456364e-01 1.419126e+03 1.269122e+03 
2.486566e-01 1.395017e+03 1.239065e+03 
2.516768e-01 1.375564e+03 1.209997e+03 
2.546970e-01 1.359537e+03 1.181877e+03 
2.577172e-01 1.345599e+03 1.154665e+03 
2.607374e-01 1.332457e+03 1.128325e+03 
2.637576e-01 1.318918e+03 1.102821e+03 
2.667778e-01 1.303987e+03 1.078118e+03 
2.697980e-01 1.286919e+03 1.054185e+03 
2.728182e-01 1.267252e+03 1.030991e+03 
2.758384e-01 1.244829e+03 1.008507e+03 
2.788586e-01 1.219727e+03 9.867060e+02 
2.818788e-01 1.192329e+03 9.655605e+02 
2.848990e-01 1.163169e+03 9.450458e+02 
2.879192e-01 1.132931e+03 9.251378e+02 
2.909394e-01 1.102366e+03 9.058137e+02 
2.939596e-01 1.072254e+03 8.870516e+02 
2.969798e-01 1.043283e+03 8.688306e+02 
3.000000e-01 1.016042e+03 8.511308e+02 
