1.000000e-03 1.208417e+04 1.208406e+04 
4.020202e-03 4.082254e+04 4.114837e+04 
7.040404e-03 5.951522e+04 6.004228e+04 
1.006061e-02 7.050879e+04 7.138288e+04 
1.308081e-02 7.558758e+04 7.702906e+04 
1.610101e-02 7.610344e+04 7.796074e+04 
1.912121e-02 7.319031e+04 7.482601e+04 
2.214141e-02 6.785530e+04 6.851715e+04 
2.516162e-02 6.101063e+04 6.036934e+04 
2.818182e-02 5.345143e+04 5.183006e+04 
3.120202e-02 4.582952e+04 4.397256e+04 
3.422222e-02 3.863649e+04 3.730208e+04 
3.724242e-02 3.220155e+04 3.188305e+04 
4.026263e-02 2.670080e+04 2.755922e+04 
4.328283e-02 2.217749e+04 2.411315e+04 
4.630303e-02 1.860605e+04 2.134279e+04 
4.932323e-02 1.590459e+04 1.908535e+04 
5.234343e-02 1.395152e+04 1.721772e+04 
5.536364e-02 1.261286e+04 1.564914e+04 
5.838384e-02 1.176420e+04 1.431318e+04 
6.140404e-02 1.129342e+04 1.316103e+04 
6.442424e-02 1.110236e+04 1.215646e+04 
6.744444e-02 1.110747e+04 1.127224e+04 
7.046465e-02 1.122833e+04 1.048756e+04 
7.348485e-02 1.138562e+04 9.786311e+03 
7.650505e-02 1.150363e+04 9.155808e+03 
7.952525e-02 1.151641e+04 8.585920e+03 
8.254545e-02 1.137705e+04 8.068446e+03 
8.556566e-02 1.106103e+04 7.596664e+03 
8.858586e-02 1.056762e+04 7.164996e+03 
9.160606e-02 9.918188e+03 6.768768e+03 
9.462626e-02 9.147733e+03 6.404024e+03 
9.764646e-02 8.302337e+03 6.067388e+03 
1.006667e-01 7.431131e+03 5.755957e+03 
1.036869e-01 6.581333e+03 5.467216e+03 
1.067071e-01 5.792125e+03 5.198975e+03 
1.097273e-01 5.092800e+03 4.949315e+03 
1.127475e-01 4.502131e+03 4.716545e+03 
1.157677e-01 4.026961e+03 4.499171e+03 
1.187879e-01 3.666641e+03 4.295863e+03 
1.218081e-01 3.413608e+03 4.105440e+03 
1.248283e-01 3.257446e+03 3.926841e+03 
1.278485e-01 3.185775e+03 3.759115e+03 
1.308687e-01 3.185157e+03 3.601409e+03 
1.338889e-01 3.241343e+03 3.452950e+03 
1.369091e-01 3.339107e+03 3.313039e+03 
1.399293e-01 3.462069e+03 3.181043e+03 
1.429495e-01 3.592785e+03 3.056387e+03 
1.459697e-01 3.713202e+03 2.938547e+03 
1.489899e-01 3.805855e+03 2.827045e+03 
1.520101e-01 3.855392e+03 2.721443e+03 
1.550303e-01 3.850979e+03 2.621342e+03 
1.580505e-01 3.786911e+03 2.526374e+03 
1.610707e-01 3.664759e+03 2.436204e+03 
1.640909e-01 3.491077e+03 2.350519e+03 
1.671111e-01 3.277648e+03 2.269036e+03 
1.701313e-01 3.038190e+03 2.191490e+03 
1.731515e-01 2.787304e+03 2.117639e+03 
1.761717e-01 2.538247e+03 2.047257e+03 
1.791919e-01 2.302706e+03 1.980136e+03 
1.822121e-01 2.089890e+03 1.916083e+03 
1.852323e-01 1.906370e+03 1.854918e+03 
1.882525e-01 1.756203e+03 1.796475e+03 
1.912727e-01 1.640724e+03 1.740600e+03 
1.942929e-01 1.559491e+03 1.687148e+03 
1.973131e-01 1.510244e+03 1.635985e+03 
2.003333e-01 1.489778e+03 1.586985e+03 
2.033535e-01 1.494159e+03 1.540033e+03 
2.063737e-01 1.518825e+03 1.495017e+03 
2.093939e-01 1.558734e+03 1.451837e+03 
2.124141e-01 1.608286e+03 1.410397e+03 
2.154343e-01 1.661405e+03 1.370606e+03 
2.184545e-01 1.711713e+03 1.332382e+03 
2.214747e-01 1.753063e+03 1.295645e+03 
2.244949e-01 1.780007e+03 1.260321e+03 
2.275152e-01 1.788446e+03 1.226341e+03 
2.305354e-01 1.776092e+03 1.193640e+03 
2.335556e-01 1.742397e+03 1.162155e+03 
2.365758e-01 1.688860e+03 1.131830e+03 
2.395960e-01 1.618279e+03 1.102609e+03 
2.426162e-01 1.534750e+03 1.074441e+03 
2.456364e-01 1.443002e+03 1.047277e+03 
2.486566e-01 1.348085e+03 1.021072e+03 
2.516768e-01 1.254723e+03 9.957828e+02 
2.546970e-01 1.167094e+03 9.713677e+02 
2.577172e-01 1.088479e+03 9.477884e+02 
2.607374e-01 1.021098e+03 9.250083e+02 
2.637576e-01 9.662366e+02 9.029927e+02 
2.667778e-01 9.242466e+02 8.817088e+02 
2.697980e-01 8.949289e+02 8.611254e+02 
2.728182e-01 8.775596e+02 8.412130e+02 
2.758384e-01 8.710245e+02 8.219437e+02 
2.788586e-01 8.738759e+02 8.032909e+02 
2.818788e-01 8.842787e+02 7.852292e+02 
2.848990e-01 9.001232e+02 7.677348e+02 
2.879192e-01 9.190085e+02 7.507847e+02 
2.909394e-01 9.384242e+02 7.343574e+02 
2.939596e-01 9.558653e+02 7.184321e+02 
2.969798e-01 9.691208e+02 7.029893e+02 
3.000000e-01 9.763494e+02 6.880101e+02 
