1.000000e-03 7.350556e+03 7.350462e+03 
4.020202e-03 2.452408e+04 2.466288e+04 
7.040404e-03 3.576114e+04 3.591423e+04 
1.006061e-02 4.253908e+04 4.286379e+04 
1.308081e-02 4.592902e+04 4.689855e+04 
1.610101e-02 4.672369e+04 4.896775e+04 
1.912121e-02 4.556794e+04 4.971407e+04 
2.214141e-02 4.302214e+04 4.957466e+04 
2.516162e-02 3.957821e+04 4.884717e+04 
2.818182e-02 3.566463e+04 4.773486e+04 
3.120202e-02 3.163163e+04 4.637765e+04 
3.422222e-02 2.774753e+04 4.487257e+04 
3.724242e-02 2.419843e+04 4.328730e+04 
4.026263e-02 2.109738e+04 4.166902e+04 
4.328283e-02 1.848056e+04 4.005056e+04 
4.630303e-02 1.635285e+04 3.845451e+04 
4.932323e-02 1.469946e+04 3.689618e+04 
5.234343e-02 1.346077e+04 3.538563e+04 
5.536364e-02 1.256946e+04 3.392918e+04 
5.838384e-02 1.195949e+04 3.253043e+04 
6.140404e-02 1.156640e+04 3.119106e+04 
6.442424e-02 1.132521e+04 2.991138e+04 
6.744444e-02 1.117714e+04 2.869073e+04 
7.046465e-02 1.106987e+04 2.752776e+04 
7.348485e-02 1.095490e+04 2.642070e+04 
7.650505e-02 1.079122e+04 2.536747e+04 
7.952525e-02 1.054826e+04 2.436582e+04 
8.254545e-02 1.020835e+04 2.341341e+04 
8.556566e-02 9.768577e+03 2.250788e+04 
8.858586e-02 9.238688e+03 2.164687e+04 
9.160606e-02 8.638674e+03 2.082809e+04 
9.462626e-02 7.995704e+03 2.004929e+04 
9.764646e-02 7.338905e+03 1.930834e+04 
1.006667e-01 6.697729e+03 1.860317e+04 
1.036869e-01 6.096954e+03 1.793181e+04 
1.067071e-01 5.556826e+03 1.729241e+04 
1.097273e-01 5.090031e+03 1.668319e+04 
1.127475e-01 4.703427e+03 1.610250e+04 
1.157677e-01 4.397823e+03 1.554874e+04 
1.187879e-01 4.169730e+03 1.502044e+04 
1.218081e-01 4.012700e+03 1.451620e+04 
1.248283e-01 3.917532e+03 1.403471e+04 
1.278485e-01 3.873469e+03 1.357471e+04 
1.308687e-01 3.868203e+03 1.313506e+04 
1.338889e-01 3.888546e+03 1.271465e+04 
1.369091e-01 3.920818e+03 1.231247e+04 
1.399293e-01 3.952139e+03 1.192753e+04 
1.429495e-01 3.970670e+03 1.155894e+04 
1.459697e-01 3.966649e+03 1.120584e+04 
1.489899e-01 3.932622e+03 1.086743e+04 
1.520101e-01 3.863910e+03 1.054296e+04 
1.550303e-01 3.759361e+03 1.023170e+04 
1.580505e-01 3.620725e+03 9.933004e+03 
1.610707e-01 3.453654e+03 9.646233e+03 
1.640909e-01 3.265954e+03 9.370796e+03 
1.671111e-01 3.067483e+03 9.106135e+03 
1.701313e-01 2.867887e+03 8.851724e+03 
1.731515e-01 2.676115e+03 8.607069e+03 
1.761717e-01 2.498934e+03 8.371700e+03 
1.791919e-01 2.341489e+03 8.145178e+03 
1.822121e-01 2.206763e+03 7.927086e+03 
1.852323e-01 2.096430e+03 7.717030e+03 
1.882525e-01 2.010865e+03 7.514639e+03 
1.912727e-01 1.949260e+03 7.319562e+03 
1.942929e-01 1.909875e+03 7.131466e+03 
1.973131e-01 1.889801e+03 6.950037e+03 
2.003333e-01 1.885369e+03 6.774978e+03 
2.033535e-01 1.892080e+03 6.606007e+03 
2.063737e-01 1.905215e+03 6.442858e+03 
2.093939e-01 1.920004e+03 6.285276e+03 
2.124141e-01 1.932130e+03 6.133024e+03 
2.154343e-01 1.937740e+03 5.985872e+03 
2.184545e-01 1.933797e+03 5.843606e+03 
2.214747e-01 1.918075e+03 5.706020e+03 
2.244949e-01 1.889310e+03 5.572919e+03 
2.275152e-01 1.847434e+03 5.444119e+03 
2.305354e-01 1.793347e+03 5.319444e+03 
2.335556e-01 1.729179e+03 5.198726e+03 
2.365758e-01 1.657669e+03 5.081807e+03 
2.395960e-01 1.582082e+03 4.968535e+03 
2.426162e-01 1.505654e+03 4.858765e+03 
2.456364e-01 1.431459e+03 4.752361e+03 
2.486566e-01 1.361989e+03 4.649192e+03 
2.516768e-01 1.299283e+03 4.549132e+03 
2.546970e-01 1.244749e+03 4.452063e+03 
2.577172e-01 1.199273e+03 4.357872e+03 
2.607374e-01 1.163164e+03 4.266449e+03 
2.637576e-01 1.136175e+03 4.177692e+03 
2.667778e-01 1.117634e+03 4.091502e+03 
2.697980e-01 1.106406e+03 4.007785e+03 
2.728182e-01 1.101097e+03 3.926449e+03 
2.758384e-01 1.100059e+03 3.847410e+03 
2.788586e-01 1.101594e+03 3.770585e+03 
2.818788e-01 1.104000e+03 3.695894e+03 
2.848990e-01 1.105670e+03 3.623263e+03 
2.879192e-01 1.105120e+03 3.552618e+03 
2.909394e-01 1.101123e+03 3.483891e+03 
2.939596e-01 1.092753e+03 3.417016e+03 
2.969798e-01 1.079454e+03 3.351929e+03 
3.000000e-01 1.061126e+03 3.288568e+03 
