1.000000e-03 6.611428e+03 6.611359e+03 
4.020202e-03 2.221939e+04 2.239407e+04 
7.040404e-03 3.247184e+04 3.272901e+04 
1.006061e-02 3.867009e+04 3.902825e+04 
1.308081e-02 4.178557e+04 4.230249e+04 
1.610101e-02 4.254380e+04 4.312609e+04 
1.912121e-02 4.153751e+04 4.192212e+04 
2.214141e-02 3.928007e+04 3.922383e+04 
2.516162e-02 3.622329e+04 3.571011e+04 
2.818182e-02 3.275499e+04 3.202078e+04 
3.120202e-02 2.919092e+04 2.857864e+04 
3.422222e-02 2.576974e+04 2.556629e+04 
3.724242e-02 2.265519e+04 2.300629e+04 
4.026263e-02 1.994430e+04 2.084806e+04 
4.328283e-02 1.766386e+04 1.902157e+04 
4.630303e-02 1.581875e+04 1.746119e+04 
4.932323e-02 1.439464e+04 1.611304e+04 
5.234343e-02 1.333168e+04 1.493515e+04 
5.536364e-02 1.256751e+04 1.389549e+04 
5.838384e-02 1.204153e+04 1.296967e+04 
6.140404e-02 1.169298e+04 1.213896e+04 
6.442424e-02 1.146095e+04 1.138879e+04 
6.744444e-02 1.129107e+04 1.070769e+04 
7.046465e-02 1.113546e+04 1.008643e+04 
7.348485e-02 1.095186e+04 9.517513e+03 
7.650505e-02 1.070697e+04 8.994752e+03 
7.952525e-02 1.037951e+04 8.512964e+03 
8.254545e-02 9.961538e+03 8.067763e+03 
8.556566e-02 9.458340e+03 7.655400e+03 
8.858586e-02 8.885858e+03 7.272639e+03 
9.160606e-02 8.267372e+03 6.916666e+03 
9.462626e-02 7.630337e+03 6.585015e+03 
9.764646e-02 7.001951e+03 6.275515e+03 
1.006667e-01 6.407860e+03 5.986243e+03 
1.036869e-01 5.867997e+03 5.715489e+03 
1.067071e-01 5.397108e+03 5.461724e+03 
1.097273e-01 5.002537e+03 5.223577e+03 
1.127475e-01 4.686310e+03 4.999815e+03 
1.157677e-01 4.445777e+03 4.789328e+03 
1.187879e-01 4.274573e+03 4.591108e+03 
1.218081e-01 4.164071e+03 4.404243e+03 
1.248283e-01 4.103515e+03 4.227905e+03 
1.278485e-01 4.080882e+03 4.061337e+03 
1.308687e-01 4.082958e+03 3.903852e+03 
1.338889e-01 4.096381e+03 3.754820e+03 
1.369091e-01 4.108106e+03 3.613663e+03 
1.399293e-01 4.106961e+03 3.479853e+03 
1.429495e-01 4.083650e+03 3.352905e+03 
1.459697e-01 4.031839e+03 3.232370e+03 
1.489899e-01 3.947945e+03 3.117838e+03 
1.520101e-01 3.831243e+03 3.008929e+03 
1.550303e-01 3.684504e+03 2.905292e+03 
1.580505e-01 3.512962e+03 2.806603e+03 
1.610707e-01 3.324633e+03 2.712563e+03 
1.640909e-01 3.128506e+03 2.622892e+03 
1.671111e-01 2.934039e+03 2.537333e+03 
1.701313e-01 2.749301e+03 2.455647e+03 
1.731515e-01 2.580848e+03 2.377610e+03 
1.761717e-01 2.432766e+03 2.303016e+03 
1.791919e-01 2.307615e+03 2.231671e+03 
1.822121e-01 2.206254e+03 2.163396e+03 
1.852323e-01 2.128488e+03 2.098022e+03 
1.882525e-01 2.073103e+03 2.035393e+03 
1.912727e-01 2.037852e+03 1.975362e+03 
1.942929e-01 2.019691e+03 1.917792e+03 
1.973131e-01 2.014546e+03 1.862555e+03 
2.003333e-01 2.017889e+03 1.809529e+03 
2.033535e-01 2.024873e+03 1.758604e+03 
2.063737e-01 2.030971e+03 1.709672e+03 
2.093939e-01 2.032098e+03 1.662634e+03 
2.124141e-01 2.025126e+03 1.617398e+03 
2.154343e-01 2.007685e+03 1.573874e+03 
2.184545e-01 1.978500e+03 1.531981e+03 
2.214747e-01 1.937221e+03 1.491640e+03 
2.244949e-01 1.884515e+03 1.452778e+03 
2.275152e-01 1.822045e+03 1.415327e+03 
2.305354e-01 1.752175e+03 1.379220e+03 
2.335556e-01 1.677906e+03 1.344397e+03 
2.365758e-01 1.602362e+03 1.310799e+03 
2.395960e-01 1.528547e+03 1.278370e+03 
2.426162e-01 1.459024e+03 1.247060e+03 
2.456364e-01 1.395874e+03 1.216819e+03 
2.486566e-01 1.340485e+03 1.187600e+03 
2.516768e-01 1.293756e+03 1.159360e+03 
2.546970e-01 1.255969e+03 1.132056e+03 
2.577172e-01 1.226949e+03 1.105648e+03 
2.607374e-01 1.206023e+03 1.080100e+03 
2.637576e-01 1.192117e+03 1.055375e+03 
2.667778e-01 1.183866e+03 1.031440e+03 
2.697980e-01 1.179642e+03 1.008262e+03 
2.728182e-01 1.177743e+03 9.858112e+02 
2.758384e-01 1.176484e+03 9.640577e+02 
2.788586e-01 1.174314e+03 9.429741e+02 
2.818788e-01 1.169853e+03 9.225340e+02 
2.848990e-01 1.162043e+03 9.027124e+02 
2.879192e-01 1.150096e+03 8.834852e+02 
2.909394e-01 1.133636e+03 8.648298e+02 
2.939596e-01 1.112628e+03 8.467243e+02 
2.969798e-01 1.087448e+03 8.291480e+02 
3.000000e-01 1.058808e+03 8.120812e+02 
