1.000000e-03 3.035098e+03 3.035064e+03 
4.020202e-03 1.030155e+04 1.038021e+04 
7.040404e-03 1.521349e+04 1.531125e+04 
1.006061e-02 1.833886e+04 1.842258e+04 
1.308081e-02 2.011772e+04 2.017737e+04 
1.610101e-02 2.087950e+04 2.087849e+04 
1.912121e-02 2.088497e+04 2.077531e+04 
2.214141e-02 2.035292e+04 2.013229e+04 
2.516162e-02 1.946592e+04 1.920433e+04 
2.818182e-02 1.837756e+04 1.817966e+04 
3.120202e-02 1.720882e+04 1.716366e+04 
3.422222e-02 1.605153e+04 1.620127e+04 
3.724242e-02 1.496832e+04 1.530528e+04 
4.026263e-02 1.399826e+04 1.447496e+04 
4.328283e-02 1.315764e+04 1.370517e+04 
4.630303e-02 1.244223e+04 1.299007e+04 
4.932323e-02 1.185328e+04 1.232428e+04 
5.234343e-02 1.137436e+04 1.170317e+04 
5.536364e-02 1.096953e+04 1.112281e+04 
5.838384e-02 1.061616e+04 1.057979e+04 
6.140404e-02 1.029498e+04 1.007114e+04 
6.442424e-02 9.986402e+03 9.594223e+03 
6.744444e-02 9.670951e+03 9.146673e+03 
7.046465e-02 9.335583e+03 8.726344e+03 
7.348485e-02 8.974049e+03 8.331280e+03 
7.650505e-02 8.586523e+03 7.959687e+03 
7.952525e-02 8.179715e+03 7.609915e+03 
8.254545e-02 7.763913e+03 7.280446e+03 
8.556566e-02 7.350572e+03 6.969878e+03 
8.858586e-02 6.950264e+03 6.676916e+03 
9.160606e-02 6.572119e+03 6.400365e+03 
9.462626e-02 6.223538e+03 6.139120e+03 
9.764646e-02 5.910038e+03 5.892158e+03 
1.006667e-01 5.635542e+03 5.658534e+03 
1.036869e-01 5.401477e+03 5.437373e+03 
1.067071e-01 5.206526e+03 5.227866e+03 
1.097273e-01 5.046358e+03 5.029263e+03 
1.127475e-01 4.914442e+03 4.840868e+03 
1.157677e-01 4.802877e+03 4.662037e+03 
1.187879e-01 4.703749e+03 4.492173e+03 
1.218081e-01 4.609663e+03 4.330721e+03 
1.248283e-01 4.514942e+03 4.177168e+03 
1.278485e-01 4.415065e+03 4.031034e+03 
1.308687e-01 4.307015e+03 3.891875e+03 
1.338889e-01 4.189241e+03 3.759278e+03 
1.369091e-01 4.061646e+03 3.632858e+03 
1.399293e-01 3.925599e+03 3.512256e+03 
1.429495e-01 3.783457e+03 3.397140e+03 
1.459697e-01 3.638495e+03 3.287197e+03 
1.489899e-01 3.494284e+03 3.182136e+03 
1.520101e-01 3.354391e+03 3.081687e+03 
1.550303e-01 3.222021e+03 2.985596e+03 
1.580505e-01 3.099798e+03 2.893626e+03 
1.610707e-01 2.989574e+03 2.805555e+03 
1.640909e-01 2.892437e+03 2.721176e+03 
1.671111e-01 2.808276e+03 2.640294e+03 
1.701313e-01 2.736208e+03 2.562726e+03 
1.731515e-01 2.674494e+03 2.488303e+03 
1.761717e-01 2.621066e+03 2.416863e+03 
1.791919e-01 2.573625e+03 2.348256e+03 
1.822121e-01 2.529943e+03 2.282339e+03 
1.852323e-01 2.487937e+03 2.218981e+03 
1.882525e-01 2.445744e+03 2.158054e+03 
1.912727e-01 2.401725e+03 2.099443e+03 
1.942929e-01 2.354743e+03 2.043035e+03 
1.973131e-01 2.304074e+03 1.988725e+03 
2.003333e-01 2.249735e+03 1.936416e+03 
2.033535e-01 2.192201e+03 1.886013e+03 
2.063737e-01 2.132511e+03 1.837428e+03 
2.093939e-01 2.071841e+03 1.790580e+03 
2.124141e-01 2.011438e+03 1.745388e+03 
2.154343e-01 1.952431e+03 1.701779e+03 
2.184545e-01 1.895836e+03 1.659682e+03 
2.214747e-01 1.842466e+03 1.619031e+03 
2.244949e-01 1.792977e+03 1.579763e+03 
2.275152e-01 1.747770e+03 1.541818e+03 
2.305354e-01 1.707000e+03 1.505140e+03 
2.335556e-01 1.670500e+03 1.469674e+03 
2.365758e-01 1.637830e+03 1.435371e+03 
2.395960e-01 1.608326e+03 1.402180e+03 
2.426162e-01 1.581258e+03 1.370057e+03 
2.456364e-01 1.555874e+03 1.338958e+03 
2.486566e-01 1.531479e+03 1.308842e+03 
2.516768e-01 1.507429e+03 1.279668e+03 
2.546970e-01 1.483185e+03 1.251399e+03 
2.577172e-01 1.458302e+03 1.224000e+03 
2.607374e-01 1.432453e+03 1.197437e+03 
2.637576e-01 1.405515e+03 1.171676e+03 
2.667778e-01 1.377550e+03 1.146688e+03 
2.697980e-01 1.348825e+03 1.122442e+03 
2.728182e-01 1.319712e+03 1.098911e+03 
2.758384e-01 1.290641e+03 1.076067e+03 
2.788586e-01 1.262025e+03 1.053885e+03 
2.818788e-01 1.234209e+03 1.032341e+03 
2.848990e-01 1.207464e+03 1.011411e+03 
2.879192e-01 1.181987e+03 9.910727e+02 
2.909394e-01 1.157928e+03 9.713050e+02 
2.939596e-01 1.135395e+03 9.520874e+02 
2.969798e-01 1.114407e+03 9.334003e+02 
3.000000e-01 1.094917e+03 9.152250e+02 
