1.000000e-03 3.029454e+03 3.029419e+03 
4.020202e-03 1.004362e+04 1.012178e+04 
7.040404e-03 1.457836e+04 1.465867e+04 
1.006061e-02 1.734796e+04 1.737551e+04 
1.308081e-02 1.886220e+04 1.881277e+04 
1.610101e-02 1.947844e+04 1.933126e+04 
1.912121e-02 1.946055e+04 1.921630e+04 
2.214141e-02 1.901252e+04 1.871685e+04 
2.516162e-02 1.829524e+04 1.802274e+04 
2.818182e-02 1.743289e+04 1.725084e+04 
3.120202e-02 1.651863e+04 1.646179e+04 
3.422222e-02 1.561799e+04 1.568417e+04 
3.724242e-02 1.477209e+04 1.493107e+04 
4.026263e-02 1.400445e+04 1.420847e+04 
4.328283e-02 1.331660e+04 1.351902e+04 
4.630303e-02 1.270608e+04 1.286369e+04 
4.932323e-02 1.217460e+04 1.224245e+04 
5.234343e-02 1.169609e+04 1.165466e+04 
5.536364e-02 1.124708e+04 1.109932e+04 
5.838384e-02 1.081962e+04 1.057517e+04 
6.140404e-02 1.040236e+04 1.008077e+04 
6.442424e-02 9.985623e+03 9.614632e+03 
6.744444e-02 9.566161e+03 9.175228e+03 
7.046465e-02 9.144005e+03 8.761029e+03 
7.348485e-02 8.722156e+03 8.370541e+03 
7.650505e-02 8.307130e+03 8.002320e+03 
7.952525e-02 7.906454e+03 7.654983e+03 
8.254545e-02 7.527213e+03 7.327213e+03 
8.556566e-02 7.174197e+03 7.017766e+03 
8.858586e-02 6.850260e+03 6.725470e+03 
9.160606e-02 6.556728e+03 6.449225e+03 
9.462626e-02 6.293854e+03 6.188001e+03 
9.764646e-02 6.060603e+03 5.940836e+03 
1.006667e-01 5.854392e+03 5.706832e+03 
1.036869e-01 5.670409e+03 5.485153e+03 
1.067071e-01 5.503066e+03 5.275018e+03 
1.097273e-01 5.346269e+03 5.075703e+03 
1.127475e-01 5.194467e+03 4.886533e+03 
1.157677e-01 5.044090e+03 4.706880e+03 
1.187879e-01 4.892661e+03 4.536160e+03 
1.218081e-01 4.739466e+03 4.373828e+03 
1.248283e-01 4.584534e+03 4.219379e+03 
1.278485e-01 4.428845e+03 4.072341e+03 
1.308687e-01 4.273927e+03 3.932277e+03 
1.338889e-01 4.121990e+03 3.798777e+03 
1.369091e-01 3.975198e+03 3.671460e+03 
1.399293e-01 3.835543e+03 3.549970e+03 
1.429495e-01 3.704370e+03 3.433978e+03 
1.459697e-01 3.582313e+03 3.323172e+03 
1.489899e-01 3.469595e+03 3.217264e+03 
1.520101e-01 3.366085e+03 3.115983e+03 
1.550303e-01 3.271364e+03 3.019078e+03 
1.580505e-01 3.184754e+03 2.926311e+03 
1.610707e-01 3.105017e+03 2.837461e+03 
1.640909e-01 3.030560e+03 2.752322e+03 
1.671111e-01 2.959676e+03 2.670698e+03 
1.701313e-01 2.890688e+03 2.592407e+03 
1.731515e-01 2.822520e+03 2.517279e+03 
1.761717e-01 2.754456e+03 2.445152e+03 
1.791919e-01 2.686395e+03 2.375876e+03 
1.822121e-01 2.618455e+03 2.309309e+03 
1.852323e-01 2.550817e+03 2.245317e+03 
1.882525e-01 2.483728e+03 2.183775e+03 
1.912727e-01 2.417601e+03 2.124564e+03 
1.942929e-01 2.352933e+03 2.067572e+03 
1.973131e-01 2.290352e+03 2.012696e+03 
2.003333e-01 2.230428e+03 1.959835e+03 
2.033535e-01 2.173539e+03 1.908896e+03 
2.063737e-01 2.119893e+03 1.859791e+03 
2.093939e-01 2.069418e+03 1.812436e+03 
2.124141e-01 2.021918e+03 1.766751e+03 
2.154343e-01 1.977054e+03 1.722663e+03 
2.184545e-01 1.934467e+03 1.680101e+03 
2.214747e-01 1.893788e+03 1.638998e+03 
2.244949e-01 1.854656e+03 1.599289e+03 
2.275152e-01 1.816721e+03 1.560916e+03 
2.305354e-01 1.779697e+03 1.523822e+03 
2.335556e-01 1.743361e+03 1.487951e+03 
2.365758e-01 1.707577e+03 1.453254e+03 
2.395960e-01 1.672270e+03 1.419680e+03 
2.426162e-01 1.637410e+03 1.387185e+03 
2.456364e-01 1.602999e+03 1.355723e+03 
2.486566e-01 1.569119e+03 1.325254e+03 
2.516768e-01 1.535895e+03 1.295737e+03 
2.546970e-01 1.503491e+03 1.267134e+03 
2.577172e-01 1.472074e+03 1.239410e+03 
2.607374e-01 1.441755e+03 1.212530e+03 
2.637576e-01 1.412606e+03 1.186461e+03 
2.667778e-01 1.384596e+03 1.161173e+03 
2.697980e-01 1.357667e+03 1.136635e+03 
2.728182e-01 1.331746e+03 1.112819e+03 
2.758384e-01 1.306757e+03 1.089698e+03 
2.788586e-01 1.282626e+03 1.067246e+03 
2.818788e-01 1.259273e+03 1.045439e+03 
2.848990e-01 1.236604e+03 1.024252e+03 
2.879192e-01 1.214521e+03 1.003664e+03 
2.909394e-01 1.192931e+03 9.836529e+02 
2.939596e-01 1.171758e+03 9.641979e+02 
2.969798e-01 1.150964e+03 9.452794e+02 
3.000000e-01 1.130535e+03 9.268785e+02 
