1.000000e-03 3.443971e+03 3.443945e+03 
4.020202e-03 1.152843e+04 1.161739e+04 
7.040404e-03 1.684109e+04 1.694771e+04 
1.006061e-02 2.011254e+04 2.019886e+04 
1.308081e-02 2.188274e+04 2.193553e+04 
1.610101e-02 2.254442e+04 2.252460e+04 
1.912121e-02 2.240300e+04 2.226967e+04 
2.214141e-02 2.170659e+04 2.147957e+04 
2.516162e-02 2.066022e+04 2.043014e+04 
2.818182e-02 1.942929e+04 1.930885e+04 
3.120202e-02 1.814284e+04 1.821245e+04 
3.422222e-02 1.689400e+04 1.717867e+04 
3.724242e-02 1.574359e+04 1.621650e+04 
4.026263e-02 1.472599e+04 1.532375e+04 
4.328283e-02 1.385195e+04 1.449495e+04 
4.630303e-02 1.311264e+04 1.372427e+04 
4.932323e-02 1.250292e+04 1.300645e+04 
5.234343e-02 1.199913e+04 1.233686e+04 
5.536364e-02 1.156161e+04 1.171152e+04 
5.838384e-02 1.117048e+04 1.112689e+04 
6.140404e-02 1.080355e+04 1.057984e+04 
6.442424e-02 1.043686e+04 1.006752e+04 
6.744444e-02 1.005645e+04 9.587379e+03 
7.046465e-02 9.654133e+03 9.137044e+03 
7.348485e-02 9.227751e+03 8.714357e+03 
7.650505e-02 8.782428e+03 8.317329e+03 
7.952525e-02 8.327916e+03 7.944127e+03 
8.254545e-02 7.875929e+03 7.593060e+03 
8.556566e-02 7.438249e+03 7.262569e+03 
8.858586e-02 7.024790e+03 6.951214e+03 
9.160606e-02 6.643578e+03 6.657668e+03 
9.462626e-02 6.300682e+03 6.380706e+03 
9.764646e-02 6.000025e+03 6.119194e+03 
1.006667e-01 5.743154e+03 5.872089e+03 
1.036869e-01 5.527857e+03 5.638425e+03 
1.067071e-01 5.349260e+03 5.417309e+03 
1.097273e-01 5.199928e+03 5.207918e+03 
1.127475e-01 5.071537e+03 5.009489e+03 
1.157677e-01 4.955487e+03 4.821315e+03 
1.187879e-01 4.844632e+03 4.642744e+03 
1.218081e-01 4.732876e+03 4.473171e+03 
1.248283e-01 4.615871e+03 4.312035e+03 
1.278485e-01 4.490597e+03 4.158814e+03 
1.308687e-01 4.355922e+03 4.013027e+03 
1.338889e-01 4.212261e+03 3.874226e+03 
1.369091e-01 4.061596e+03 3.741993e+03 
1.399293e-01 3.906999e+03 3.615940e+03 
1.429495e-01 3.752185e+03 3.495708e+03 
1.459697e-01 3.600769e+03 3.380960e+03 
1.489899e-01 3.456131e+03 3.271384e+03 
1.520101e-01 3.320982e+03 3.166687e+03 
1.550303e-01 3.197501e+03 3.066597e+03 
1.580505e-01 3.087092e+03 2.970859e+03 
1.610707e-01 2.990264e+03 2.879237e+03 
1.640909e-01 2.906548e+03 2.791508e+03 
1.671111e-01 2.834459e+03 2.707463e+03 
1.701313e-01 2.771827e+03 2.626908e+03 
1.731515e-01 2.716176e+03 2.549661e+03 
1.761717e-01 2.664989e+03 2.475549e+03 
1.791919e-01 2.616002e+03 2.404414e+03 
1.822121e-01 2.567256e+03 2.336103e+03 
1.852323e-01 2.517274e+03 2.270476e+03 
1.882525e-01 2.464922e+03 2.207399e+03 
1.912727e-01 2.409439e+03 2.146747e+03 
1.942929e-01 2.350727e+03 2.088401e+03 
1.973131e-01 2.289194e+03 2.032252e+03 
2.003333e-01 2.225760e+03 1.978194e+03 
2.033535e-01 2.161576e+03 1.926129e+03 
2.063737e-01 2.097930e+03 1.875964e+03 
2.093939e-01 2.036032e+03 1.827610e+03 
2.124141e-01 1.976891e+03 1.780985e+03 
2.154343e-01 1.921301e+03 1.736011e+03 
2.184545e-01 1.869818e+03 1.692613e+03 
2.214747e-01 1.822702e+03 1.650722e+03 
2.244949e-01 1.779978e+03 1.610270e+03 
2.275152e-01 1.741350e+03 1.571196e+03 
2.305354e-01 1.706350e+03 1.533439e+03 
2.335556e-01 1.674321e+03 1.496943e+03 
2.365758e-01 1.644557e+03 1.461654e+03 
2.395960e-01 1.616340e+03 1.427523e+03 
2.426162e-01 1.588996e+03 1.394499e+03 
2.456364e-01 1.561909e+03 1.362539e+03 
2.486566e-01 1.534565e+03 1.331598e+03 
2.516768e-01 1.506551e+03 1.301634e+03 
2.546970e-01 1.477683e+03 1.272609e+03 
2.577172e-01 1.447935e+03 1.244485e+03 
2.607374e-01 1.417530e+03 1.217227e+03 
2.637576e-01 1.386792e+03 1.190800e+03 
2.667778e-01 1.356122e+03 1.165172e+03 
2.697980e-01 1.325900e+03 1.140313e+03 
2.728182e-01 1.296454e+03 1.116193e+03 
2.758384e-01 1.268040e+03 1.092783e+03 
2.788586e-01 1.240863e+03 1.070058e+03 
2.818788e-01 1.215080e+03 1.047992e+03 
2.848990e-01 1.190810e+03 1.026561e+03 
2.879192e-01 1.168081e+03 1.005740e+03 
2.909394e-01 1.146848e+03 9.855083e+02 
2.939596e-01 1.126950e+03 9.658442e+02 
2.969798e-01 1.108171e+03 9.467275e+02 
3.000000e-01 1.090248e+03 9.281387e+02 
