1.000000e-03 4.125149e+03 4.125107e+03 
4.020202e-03 1.380078e+04 1.390902e+04 
7.040404e-03 2.009698e+04 2.023459e+04 
1.006061e-02 2.390268e+04 2.404011e+04 
1.308081e-02 2.587187e+04 2.600556e+04 
1.610101e-02 2.648014e+04 2.655377e+04 
1.912121e-02 2.609949e+04 2.602734e+04 
2.214141e-02 2.503612e+04 2.479928e+04 
2.516162e-02 2.354696e+04 2.323785e+04 
2.818182e-02 2.184212e+04 2.161518e+04 
3.120202e-02 2.008714e+04 2.007709e+04 
3.422222e-02 1.840278e+04 1.867632e+04 
3.724242e-02 1.686788e+04 1.741759e+04 
4.026263e-02 1.552873e+04 1.628740e+04 
4.328283e-02 1.439742e+04 1.526829e+04 
4.630303e-02 1.346417e+04 1.434416e+04 
4.932323e-02 1.272733e+04 1.350159e+04 
5.234343e-02 1.215252e+04 1.272974e+04 
5.536364e-02 1.169223e+04 1.201989e+04 
5.838384e-02 1.131554e+04 1.136494e+04 
6.140404e-02 1.098621e+04 1.075901e+04 
6.442424e-02 1.067149e+04 1.019715e+04 
6.744444e-02 1.034834e+04 9.675133e+03 
7.046465e-02 9.998825e+03 9.189300e+03 
7.348485e-02 9.612259e+03 8.736443e+03 
7.650505e-02 9.185971e+03 8.313730e+03 
7.952525e-02 8.725244e+03 7.918638e+03 
8.254545e-02 8.241650e+03 7.548910e+03 
8.556566e-02 7.750248e+03 7.202517e+03 
8.858586e-02 7.266926e+03 6.877628e+03 
9.160606e-02 6.806472e+03 6.572583e+03 
9.462626e-02 6.381335e+03 6.285879e+03 
9.764646e-02 6.001379e+03 6.016147e+03 
1.006667e-01 5.672432e+03 5.762138e+03 
1.036869e-01 5.396979e+03 5.522715e+03 
1.067071e-01 5.172898e+03 5.296836e+03 
1.097273e-01 4.995437e+03 5.083548e+03 
1.127475e-01 4.856889e+03 4.881977e+03 
1.157677e-01 4.748466e+03 4.691321e+03 
1.187879e-01 4.660584e+03 4.510843e+03 
1.218081e-01 4.583901e+03 4.339864e+03 
1.248283e-01 4.509514e+03 4.177760e+03 
1.278485e-01 4.429919e+03 4.023955e+03 
1.308687e-01 4.338993e+03 3.877916e+03 
1.338889e-01 4.233350e+03 3.739152e+03 
1.369091e-01 4.111669e+03 3.607210e+03 
1.399293e-01 3.975238e+03 3.481667e+03 
1.429495e-01 3.826841e+03 3.362135e+03 
1.459697e-01 3.670438e+03 3.248252e+03 
1.489899e-01 3.510387e+03 3.139681e+03 
1.520101e-01 3.351266e+03 3.036112e+03 
1.550303e-01 3.197806e+03 2.937253e+03 
1.580505e-01 3.054411e+03 2.842836e+03 
1.610707e-01 2.924701e+03 2.752608e+03 
1.640909e-01 2.811028e+03 2.666335e+03 
1.671111e-01 2.714326e+03 2.583798e+03 
1.701313e-01 2.633940e+03 2.504793e+03 
1.731515e-01 2.568171e+03 2.429129e+03 
1.761717e-01 2.514538e+03 2.356627e+03 
1.791919e-01 2.470325e+03 2.287121e+03 
1.822121e-01 2.432807e+03 2.220453e+03 
1.852323e-01 2.399271e+03 2.156476e+03 
1.882525e-01 2.367039e+03 2.095054e+03 
1.912727e-01 2.333583e+03 2.036058e+03 
1.942929e-01 2.296602e+03 1.979364e+03 
1.973131e-01 2.254546e+03 1.924861e+03 
2.003333e-01 2.206523e+03 1.872439e+03 
2.033535e-01 2.152793e+03 1.822000e+03 
2.063737e-01 2.094205e+03 1.773446e+03 
2.093939e-01 2.032195e+03 1.726690e+03 
2.124141e-01 1.968353e+03 1.681646e+03 
2.154343e-01 1.904333e+03 1.638234e+03 
2.184545e-01 1.841622e+03 1.596380e+03 
2.214747e-01 1.781588e+03 1.556013e+03 
2.244949e-01 1.725415e+03 1.517065e+03 
2.275152e-01 1.674060e+03 1.479473e+03 
2.305354e-01 1.628121e+03 1.443176e+03 
2.335556e-01 1.587785e+03 1.408119e+03 
2.365758e-01 1.552843e+03 1.374247e+03 
2.395960e-01 1.522731e+03 1.341509e+03 
2.426162e-01 1.496670e+03 1.309857e+03 
2.456364e-01 1.473714e+03 1.279244e+03 
2.486566e-01 1.452866e+03 1.249629e+03 
2.516768e-01 1.433113e+03 1.220968e+03 
2.546970e-01 1.413527e+03 1.193223e+03 
2.577172e-01 1.393295e+03 1.166357e+03 
2.607374e-01 1.371815e+03 1.140333e+03 
2.637576e-01 1.348669e+03 1.115119e+03 
2.667778e-01 1.323739e+03 1.090683e+03 
2.697980e-01 1.297102e+03 1.066993e+03 
2.728182e-01 1.269085e+03 1.044020e+03 
2.758384e-01 1.240122e+03 1.021737e+03 
2.788586e-01 1.210732e+03 1.000118e+03 
2.818788e-01 1.181435e+03 9.791368e+02 
2.848990e-01 1.152738e+03 9.587698e+02 
2.879192e-01 1.125094e+03 9.389939e+02 
2.909394e-01 1.098905e+03 9.197873e+02 
2.939596e-01 1.074468e+03 9.011289e+02 
2.969798e-01 1.051971e+03 8.829989e+02 
3.000000e-01 1.031459e+03 8.653781e+02 
