1.000000e-03 8.634216e+03 8.634137e+03 
4.020202e-03 2.837459e+04 2.860004e+04 
7.040404e-03 4.102802e+04 4.136885e+04 
1.006061e-02 4.846966e+04 4.897356e+04 
1.308081e-02 5.199807e+04 5.276300e+04 
1.610101e-02 5.255811e+04 5.347315e+04 
1.912121e-02 5.091117e+04 5.161662e+04 
2.214141e-02 4.771520e+04 4.783888e+04 
2.516162e-02 4.354818e+04 4.299934e+04 
2.818182e-02 3.890349e+04 3.794831e+04 
3.120202e-02 3.418372e+04 3.327187e+04 
3.422222e-02 2.969114e+04 2.923038e+04 
3.724242e-02 2.563010e+04 2.585431e+04 
4.026263e-02 2.211781e+04 2.306527e+04 
4.328283e-02 1.918359e+04 2.075550e+04 
4.630303e-02 1.682567e+04 1.882441e+04 
4.932323e-02 1.501376e+04 1.718989e+04 
5.234343e-02 1.367242e+04 1.578863e+04 
5.536364e-02 1.272309e+04 1.457285e+04 
5.838384e-02 1.208793e+04 1.350667e+04 
6.140404e-02 1.169047e+04 1.256298e+04 
6.442424e-02 1.145916e+04 1.172104e+04 
6.744444e-02 1.133050e+04 1.096477e+04 
7.046465e-02 1.124611e+04 1.028152e+04 
7.348485e-02 1.115161e+04 9.661173e+03 
7.650505e-02 1.100104e+04 9.095522e+03 
7.952525e-02 1.076008e+04 8.577816e+03 
8.254545e-02 1.040901e+04 8.102437e+03 
8.556566e-02 9.945006e+03 7.664653e+03 
8.858586e-02 9.380398e+03 7.260439e+03 
9.160606e-02 8.738852e+03 6.886343e+03 
9.462626e-02 8.050806e+03 6.539379e+03 
9.764646e-02 7.349301e+03 6.216944e+03 
1.006667e-01 6.666566e+03 5.916762e+03 
1.036869e-01 6.029824e+03 5.636826e+03 
1.067071e-01 5.460125e+03 5.375357e+03 
1.097273e-01 4.971392e+03 5.130777e+03 
1.127475e-01 4.569797e+03 4.901675e+03 
1.157677e-01 4.256147e+03 4.686790e+03 
1.187879e-01 4.025939e+03 4.484987e+03 
1.218081e-01 3.871765e+03 4.295244e+03 
1.248283e-01 3.783456e+03 4.116636e+03 
1.278485e-01 3.749070e+03 3.948329e+03 
1.308687e-01 3.755393e+03 3.789562e+03 
1.338889e-01 3.788311e+03 3.639645e+03 
1.369091e-01 3.833603e+03 3.497949e+03 
1.399293e-01 3.877464e+03 3.363899e+03 
1.429495e-01 3.907374e+03 3.236968e+03 
1.459697e-01 3.912356e+03 3.116676e+03 
1.489899e-01 3.884320e+03 3.002580e+03 
1.520101e-01 3.817847e+03 2.894274e+03 
1.550303e-01 3.711656e+03 2.791384e+03 
1.580505e-01 3.568247e+03 2.693565e+03 
1.610707e-01 3.393991e+03 2.600499e+03 
1.640909e-01 3.198204e+03 2.511892e+03 
1.671111e-01 2.991556e+03 2.427473e+03 
1.701313e-01 2.784492e+03 2.346990e+03 
1.731515e-01 2.586173e+03 2.270208e+03 
1.761717e-01 2.403776e+03 2.196912e+03 
1.791919e-01 2.242384e+03 2.126901e+03 
1.822121e-01 2.105405e+03 2.059986e+03 
1.852323e-01 1.994451e+03 1.995994e+03 
1.882525e-01 1.909953e+03 1.934762e+03 
1.912727e-01 1.850997e+03 1.876139e+03 
1.942929e-01 1.815455e+03 1.819983e+03 
1.973131e-01 1.800129e+03 1.766161e+03 
2.003333e-01 1.800837e+03 1.714551e+03 
2.033535e-01 1.812909e+03 1.665037e+03 
2.063737e-01 1.831379e+03 1.617510e+03 
2.093939e-01 1.851399e+03 1.571868e+03 
2.124141e-01 1.868369e+03 1.528017e+03 
2.154343e-01 1.878281e+03 1.485866e+03 
2.184545e-01 1.877699e+03 1.445333e+03 
2.214747e-01 1.864177e+03 1.406337e+03 
2.244949e-01 1.836326e+03 1.368805e+03 
2.275152e-01 1.794089e+03 1.332666e+03 
2.305354e-01 1.738775e+03 1.297854e+03 
2.335556e-01 1.672706e+03 1.264307e+03 
2.365758e-01 1.599074e+03 1.231968e+03 
2.395960e-01 1.521333e+03 1.200779e+03 
2.426162e-01 1.442955e+03 1.170690e+03 
2.456364e-01 1.367061e+03 1.141649e+03 
2.486566e-01 1.296372e+03 1.113612e+03 
2.516768e-01 1.232965e+03 1.086534e+03 
2.546970e-01 1.178404e+03 1.060372e+03 
2.577172e-01 1.133542e+03 1.035088e+03 
2.607374e-01 1.098643e+03 1.010643e+03 
2.637576e-01 1.073379e+03 9.870018e+02 
2.667778e-01 1.056883e+03 9.641312e+02 
2.697980e-01 1.047939e+03 9.419989e+02 
2.728182e-01 1.045015e+03 9.205744e+02 
2.758384e-01 1.046444e+03 8.998287e+02 
2.788586e-01 1.050461e+03 8.797344e+02 
2.818788e-01 1.055292e+03 8.602654e+02 
2.848990e-01 1.059200e+03 8.413968e+02 
2.879192e-01 1.060596e+03 8.231050e+02 
2.909394e-01 1.058113e+03 8.053674e+02 
2.939596e-01 1.050743e+03 7.881625e+02 
2.969798e-01 1.037954e+03 7.714699e+02 
3.000000e-01 1.019665e+03 7.552701e+02 
