1.000000e-03 2.196028e+03 2.196006e+03 
4.020202e-03 7.388636e+03 7.448339e+03 
7.040404e-03 1.086962e+04 1.093231e+04 
1.006061e-02 1.311021e+04 1.312159e+04 
1.308081e-02 1.446256e+04 1.439654e+04 
1.610101e-02 1.517592e+04 1.502375e+04 
1.912121e-02 1.543115e+04 1.520396e+04 
2.214141e-02 1.536531e+04 1.509410e+04 
2.516162e-02 1.508209e+04 1.480694e+04 
2.818182e-02 1.466175e+04 1.441514e+04 
3.120202e-02 1.416340e+04 1.396319e+04 
3.422222e-02 1.363020e+04 1.347863e+04 
3.724242e-02 1.309150e+04 1.297918e+04 
4.026263e-02 1.256586e+04 1.247661e+04 
4.328283e-02 1.205413e+04 1.197892e+04 
4.630303e-02 1.157118e+04 1.149152e+04 
4.932323e-02 1.112474e+04 1.101802e+04 
5.234343e-02 1.069674e+04 1.056073e+04 
5.536364e-02 1.028100e+04 1.012106e+04 
5.838384e-02 9.878659e+03 9.699735e+03 
6.140404e-02 9.490300e+03 9.296986e+03 
6.442424e-02 9.115470e+03 8.912718e+03 
6.744444e-02 8.751691e+03 8.546590e+03 
7.046465e-02 8.397839e+03 8.198093e+03 
7.348485e-02 8.055308e+03 7.866613e+03 
7.650505e-02 7.726759e+03 7.551465e+03 
7.952525e-02 7.415739e+03 7.251927e+03 
8.254545e-02 7.124300e+03 6.967261e+03 
8.556566e-02 6.853190e+03 6.696728e+03 
8.858586e-02 6.600909e+03 6.439602e+03 
9.160606e-02 6.365188e+03 6.195174e+03 
9.462626e-02 6.144148e+03 5.962760e+03 
9.764646e-02 5.936304e+03 5.741705e+03 
1.006667e-01 5.740883e+03 5.531382e+03 
1.036869e-01 5.556786e+03 5.331195e+03 
1.067071e-01 5.382284e+03 5.140582e+03 
1.097273e-01 5.215217e+03 4.959006e+03 
1.127475e-01 5.053169e+03 4.785965e+03 
1.157677e-01 4.894842e+03 4.620984e+03 
1.187879e-01 4.739779e+03 4.463615e+03 
1.218081e-01 4.588475e+03 4.313437e+03 
1.248283e-01 4.441788e+03 4.170056e+03 
1.278485e-01 4.300509e+03 4.033098e+03 
1.308687e-01 4.165375e+03 3.902215e+03 
1.338889e-01 4.036830e+03 3.777078e+03 
1.369091e-01 3.914863e+03 3.657380e+03 
1.399293e-01 3.799339e+03 3.542830e+03 
1.429495e-01 3.689852e+03 3.433156e+03 
1.459697e-01 3.585941e+03 3.328104e+03 
1.489899e-01 3.487161e+03 3.227432e+03 
1.520101e-01 3.393071e+03 3.130916e+03 
1.550303e-01 3.303255e+03 3.038341e+03 
1.580505e-01 3.217314e+03 2.949509e+03 
1.610707e-01 3.134795e+03 2.864232e+03 
1.640909e-01 3.055155e+03 2.782332e+03 
1.671111e-01 2.977891e+03 2.703643e+03 
1.701313e-01 2.902706e+03 2.628007e+03 
1.731515e-01 2.829386e+03 2.555277e+03 
1.761717e-01 2.758013e+03 2.485314e+03 
1.791919e-01 2.688814e+03 2.417984e+03 
1.822121e-01 2.621912e+03 2.353165e+03 
1.852323e-01 2.557324e+03 2.290738e+03 
1.882525e-01 2.495025e+03 2.230593e+03 
1.912727e-01 2.434913e+03 2.172625e+03 
1.942929e-01 2.376902e+03 2.116735e+03 
1.973131e-01 2.321020e+03 2.062829e+03 
2.003333e-01 2.267316e+03 2.010819e+03 
2.033535e-01 2.215739e+03 1.960620e+03 
2.063737e-01 2.166176e+03 1.912153e+03 
2.093939e-01 2.118441e+03 1.865342e+03 
2.124141e-01 2.072258e+03 1.820117e+03 
2.154343e-01 2.027408e+03 1.776409e+03 
2.184545e-01 1.983813e+03 1.734154e+03 
2.214747e-01 1.941426e+03 1.693291e+03 
2.244949e-01 1.900245e+03 1.653762e+03 
2.275152e-01 1.860278e+03 1.615511e+03 
2.305354e-01 1.821469e+03 1.578488e+03 
2.335556e-01 1.783721e+03 1.542640e+03 
2.365758e-01 1.746976e+03 1.507922e+03 
2.395960e-01 1.711235e+03 1.474289e+03 
2.426162e-01 1.676503e+03 1.441696e+03 
2.456364e-01 1.642797e+03 1.410104e+03 
2.486566e-01 1.610129e+03 1.379473e+03 
2.516768e-01 1.578453e+03 1.349767e+03 
2.546970e-01 1.547705e+03 1.320949e+03 
2.577172e-01 1.517829e+03 1.292987e+03 
2.607374e-01 1.488779e+03 1.265847e+03 
2.637576e-01 1.460524e+03 1.239499e+03 
2.667778e-01 1.433055e+03 1.213915e+03 
2.697980e-01 1.406358e+03 1.189064e+03 
2.728182e-01 1.380392e+03 1.164922e+03 
2.758384e-01 1.355110e+03 1.141462e+03 
2.788586e-01 1.330469e+03 1.118659e+03 
2.818788e-01 1.306427e+03 1.096490e+03 
2.848990e-01 1.282962e+03 1.074934e+03 
2.879192e-01 1.260068e+03 1.053967e+03 
2.909394e-01 1.237740e+03 1.033570e+03 
2.939596e-01 1.215977e+03 1.013723e+03 
2.969798e-01 1.194772e+03 9.944072e+02 
3.000000e-01 1.174106e+03 9.756042e+02 
