1.000000e-03 3.720136e+03 3.720100e+03 
4.020202e-03 1.228992e+04 1.238442e+04 
7.040404e-03 1.782446e+04 1.793497e+04 
1.006061e-02 2.117071e+04 2.125637e+04 
1.308081e-02 2.292734e+04 2.297364e+04 
1.610101e-02 2.352315e+04 2.348695e+04 
1.912121e-02 2.328717e+04 2.312575e+04 
2.214141e-02 2.248351e+04 2.222186e+04 
2.516162e-02 2.132934e+04 2.106664e+04 
2.818182e-02 1.999882e+04 1.985368e+04 
3.120202e-02 1.862513e+04 1.867987e+04 
3.422222e-02 1.730384e+04 1.758087e+04 
3.724242e-02 1.609604e+04 1.656342e+04 
4.026263e-02 1.503520e+04 1.562343e+04 
4.328283e-02 1.412947e+04 1.475397e+04 
4.630303e-02 1.336793e+04 1.394808e+04 
4.932323e-02 1.274362e+04 1.319963e+04 
5.234343e-02 1.222886e+04 1.250332e+04 
5.536364e-02 1.178301e+04 1.185457e+04 
5.838384e-02 1.138342e+04 1.124942e+04 
6.140404e-02 1.100553e+04 1.068431e+04 
6.442424e-02 1.062595e+04 1.015611e+04 
6.744444e-02 1.023068e+04 9.661958e+03 
7.046465e-02 9.812090e+03 9.199257e+03 
7.348485e-02 9.368949e+03 8.765643e+03 
7.650505e-02 8.906706e+03 8.358952e+03 
7.952525e-02 8.436144e+03 7.977199e+03 
8.254545e-02 7.969692e+03 7.618560e+03 
8.556566e-02 7.519479e+03 7.281361e+03 
8.858586e-02 7.095974e+03 6.964064e+03 
9.160606e-02 6.707673e+03 6.665252e+03 
9.462626e-02 6.360791e+03 6.383623e+03 
9.764646e-02 6.058953e+03 6.117978e+03 
1.006667e-01 5.802796e+03 5.867213e+03 
1.036869e-01 5.589435e+03 5.630310e+03 
1.067071e-01 5.412983e+03 5.406331e+03 
1.097273e-01 5.265426e+03 5.194410e+03 
1.127475e-01 5.137902e+03 4.993751e+03 
1.157677e-01 5.021641e+03 4.803614e+03 
1.187879e-01 4.909369e+03 4.623318e+03 
1.218081e-01 4.794982e+03 4.452234e+03 
1.248283e-01 4.674035e+03 4.289777e+03 
1.278485e-01 4.543765e+03 4.135407e+03 
1.308687e-01 4.403165e+03 3.988625e+03 
1.338889e-01 4.253291e+03 3.848965e+03 
1.369091e-01 4.096607e+03 3.715997e+03 
1.399293e-01 3.936779e+03 3.589320e+03 
1.429495e-01 3.777759e+03 3.468563e+03 
1.459697e-01 3.623190e+03 3.353380e+03 
1.489899e-01 3.476361e+03 3.243448e+03 
1.520101e-01 3.340049e+03 3.138467e+03 
1.550303e-01 3.216330e+03 3.038158e+03 
1.580505e-01 3.106565e+03 2.942260e+03 
1.610707e-01 3.010958e+03 2.850528e+03 
1.640909e-01 2.928857e+03 2.762736e+03 
1.671111e-01 2.858340e+03 2.678670e+03 
1.701313e-01 2.796975e+03 2.598131e+03 
1.731515e-01 2.741957e+03 2.520933e+03 
1.761717e-01 2.690693e+03 2.446901e+03 
1.791919e-01 2.640959e+03 2.375871e+03 
1.822121e-01 2.590950e+03 2.307690e+03 
1.852323e-01 2.539207e+03 2.242213e+03 
1.882525e-01 2.484694e+03 2.179305e+03 
1.912727e-01 2.426755e+03 2.118838e+03 
1.942929e-01 2.365493e+03 2.060693e+03 
1.973131e-01 2.301456e+03 2.004756e+03 
2.003333e-01 2.235743e+03 1.950922e+03 
2.033535e-01 2.169658e+03 1.899091e+03 
2.063737e-01 2.104644e+03 1.849167e+03 
2.093939e-01 2.041904e+03 1.801063e+03 
2.124141e-01 1.982434e+03 1.754694e+03 
2.154343e-01 1.926907e+03 1.709981e+03 
2.184545e-01 1.875782e+03 1.666848e+03 
2.214747e-01 1.829205e+03 1.625225e+03 
2.244949e-01 1.787084e+03 1.585045e+03 
2.275152e-01 1.749037e+03 1.546244e+03 
2.305354e-01 1.714513e+03 1.508762e+03 
2.335556e-01 1.682826e+03 1.472542e+03 
2.365758e-01 1.653219e+03 1.437530e+03 
2.395960e-01 1.624918e+03 1.403675e+03 
2.426162e-01 1.597213e+03 1.370928e+03 
2.456364e-01 1.569474e+03 1.339244e+03 
2.486566e-01 1.541218e+03 1.308577e+03 
2.516768e-01 1.512136e+03 1.278888e+03 
2.546970e-01 1.482133e+03 1.250135e+03 
2.577172e-01 1.451326e+03 1.222282e+03 
2.607374e-01 1.419993e+03 1.195292e+03 
2.637576e-01 1.388503e+03 1.169132e+03 
2.667778e-01 1.357252e+03 1.143769e+03 
2.697980e-01 1.326592e+03 1.119172e+03 
2.728182e-01 1.296845e+03 1.095311e+03 
2.758384e-01 1.268275e+03 1.072159e+03 
2.788586e-01 1.241102e+03 1.049689e+03 
2.818788e-01 1.215486e+03 1.027874e+03 
2.848990e-01 1.191480e+03 1.006692e+03 
2.879192e-01 1.169050e+03 9.861171e+02 
2.909394e-01 1.148064e+03 9.661287e+02 
2.939596e-01 1.128336e+03 9.467050e+02 
2.969798e-01 1.109611e+03 9.278257e+02 
3.000000e-01 1.091642e+03 9.094712e+02 
