1.000000e-03 4.737693e+03 4.737645e+03 
4.020202e-03 1.588048e+04 1.600436e+04 
7.040404e-03 2.315423e+04 2.332039e+04 
1.006061e-02 2.754555e+04 2.773768e+04 
1.308081e-02 2.978636e+04 3.001335e+04 
1.610101e-02 3.041468e+04 3.060457e+04 
1.912121e-02 2.985939e+04 2.987926e+04 
2.214141e-02 2.848271e+04 2.826531e+04 
2.516162e-02 2.659161e+04 2.622100e+04 
2.818182e-02 2.444294e+04 2.410878e+04 
3.120202e-02 2.223992e+04 2.213215e+04 
3.422222e-02 2.013241e+04 2.036520e+04 
3.724242e-02 1.821962e+04 1.881122e+04 
4.026263e-02 1.655962e+04 1.744603e+04 
4.328283e-02 1.516372e+04 1.623986e+04 
4.630303e-02 1.402930e+04 1.516581e+04 
4.932323e-02 1.315274e+04 1.420187e+04 
5.234343e-02 1.248391e+04 1.333065e+04 
5.536364e-02 1.197580e+04 1.253856e+04 
5.838384e-02 1.158943e+04 1.181482e+04 
6.140404e-02 1.127715e+04 1.115083e+04 
6.442424e-02 1.099895e+04 1.053955e+04 
6.744444e-02 1.072176e+04 9.975159e+03 
7.046465e-02 1.041821e+04 9.452762e+03 
7.348485e-02 1.006964e+04 8.968176e+03 
7.650505e-02 9.667103e+03 8.517793e+03 
7.952525e-02 9.211299e+03 8.098466e+03 
8.254545e-02 8.711974e+03 7.707432e+03 
8.556566e-02 8.185036e+03 7.342243e+03 
8.858586e-02 7.649246e+03 7.000722e+03 
9.160606e-02 7.123837e+03 6.680923e+03 
9.462626e-02 6.626657e+03 6.381098e+03 
9.764646e-02 6.172889e+03 6.099672e+03 
1.006667e-01 5.773382e+03 5.835223e+03 
1.036869e-01 5.434248e+03 5.586462e+03 
1.067071e-01 5.157196e+03 5.352219e+03 
1.097273e-01 4.939047e+03 5.131429e+03 
1.127475e-01 4.773750e+03 4.923121e+03 
1.157677e-01 4.652554e+03 4.726409e+03 
1.187879e-01 4.565633e+03 4.540481e+03 
1.218081e-01 4.502339e+03 4.364594e+03 
1.248283e-01 4.451835e+03 4.198067e+03 
1.278485e-01 4.403443e+03 4.040273e+03 
1.308687e-01 4.347971e+03 3.890636e+03 
1.338889e-01 4.277908e+03 3.748626e+03 
1.369091e-01 4.188803e+03 3.613752e+03 
1.399293e-01 4.078670e+03 3.485564e+03 
1.429495e-01 3.948159e+03 3.363643e+03 
1.459697e-01 3.799997e+03 3.247603e+03 
1.489899e-01 3.638358e+03 3.137087e+03 
1.520101e-01 3.468676e+03 3.031762e+03 
1.550303e-01 3.296935e+03 2.931321e+03 
1.580505e-01 3.129486e+03 2.835478e+03 
1.610707e-01 2.972097e+03 2.743966e+03 
1.640909e-01 2.829662e+03 2.656538e+03 
1.671111e-01 2.705181e+03 2.572964e+03 
1.701313e-01 2.600194e+03 2.493029e+03 
1.731515e-01 2.514316e+03 2.416532e+03 
1.761717e-01 2.446193e+03 2.343286e+03 
1.791919e-01 2.393546e+03 2.273116e+03 
1.822121e-01 2.353740e+03 2.205859e+03 
1.852323e-01 2.323855e+03 2.141360e+03 
1.882525e-01 2.300575e+03 2.079477e+03 
1.912727e-01 2.280392e+03 2.020075e+03 
1.942929e-01 2.259749e+03 1.963028e+03 
1.973131e-01 2.235483e+03 1.908217e+03 
2.003333e-01 2.205127e+03 1.855531e+03 
2.033535e-01 2.167279e+03 1.804865e+03 
2.063737e-01 2.121476e+03 1.756122e+03 
2.093939e-01 2.068274e+03 1.709207e+03 
2.124141e-01 2.008797e+03 1.664035e+03 
2.154343e-01 1.944714e+03 1.620522e+03 
2.184545e-01 1.877899e+03 1.578592e+03 
2.214747e-01 1.810375e+03 1.538171e+03 
2.244949e-01 1.744130e+03 1.499190e+03 
2.275152e-01 1.681066e+03 1.461583e+03 
2.305354e-01 1.622764e+03 1.425289e+03 
2.335556e-01 1.570449e+03 1.390250e+03 
2.365758e-01 1.524739e+03 1.356410e+03 
2.395960e-01 1.485799e+03 1.323717e+03 
2.426162e-01 1.453346e+03 1.292122e+03 
2.456364e-01 1.426729e+03 1.261577e+03 
2.486566e-01 1.405044e+03 1.232038e+03 
2.516768e-01 1.387141e+03 1.203463e+03 
2.546970e-01 1.371778e+03 1.175812e+03 
2.577172e-01 1.357662e+03 1.149046e+03 
2.607374e-01 1.343586e+03 1.123130e+03 
2.637576e-01 1.328471e+03 1.098028e+03 
2.667778e-01 1.311514e+03 1.073709e+03 
2.697980e-01 1.292139e+03 1.050142e+03 
2.728182e-01 1.270129e+03 1.027295e+03 
2.758384e-01 1.245517e+03 1.005142e+03 
2.788586e-01 1.218622e+03 9.836561e+02 
2.818788e-01 1.189930e+03 9.628106e+02 
2.848990e-01 1.160055e+03 9.425816e+02 
2.879192e-01 1.129692e+03 9.229458e+02 
2.909394e-01 1.099563e+03 9.038809e+02 
2.939596e-01 1.070371e+03 8.853657e+02 
2.969798e-01 1.042728e+03 8.673801e+02 
3.000000e-01 1.017114e+03 8.499046e+02 
