1.000000e-03 7.925666e+03 7.925588e+03 
4.020202e-03 2.619329e+04 2.640166e+04 
7.040404e-03 3.785499e+04 3.816139e+04 
1.006061e-02 4.465828e+04 4.509389e+04 
1.308081e-02 4.783631e+04 4.847165e+04 
1.610101e-02 4.828851e+04 4.900210e+04 
1.912121e-02 4.673579e+04 4.720721e+04 
2.214141e-02 4.379601e+04 4.374320e+04 
2.516162e-02 4.000486e+04 3.942893e+04 
2.818182e-02 3.581604e+04 3.501330e+04 
3.120202e-02 3.159246e+04 3.096969e+04 
3.422222e-02 2.760228e+04 2.748363e+04 
3.724242e-02 2.402177e+04 2.455803e+04 
4.026263e-02 2.094862e+04 2.211797e+04 
4.328283e-02 1.839802e+04 2.007218e+04 
4.630303e-02 1.636664e+04 1.833877e+04 
4.932323e-02 1.482626e+04 1.685201e+04 
5.234343e-02 1.369656e+04 1.556148e+04 
5.536364e-02 1.290723e+04 1.442909e+04 
5.838384e-02 1.238393e+04 1.342606e+04 
6.140404e-02 1.204804e+04 1.253044e+04 
6.442424e-02 1.183602e+04 1.172525e+04 
6.744444e-02 1.168910e+04 1.099718e+04 
7.046465e-02 1.155247e+04 1.033559e+04 
7.348485e-02 1.137759e+04 9.731865e+03 
7.650505e-02 1.112652e+04 9.178933e+03 
7.952525e-02 1.077540e+04 8.670895e+03 
8.254545e-02 1.031659e+04 8.202782e+03 
8.556566e-02 9.759399e+03 7.770364e+03 
8.858586e-02 9.125545e+03 7.370007e+03 
9.160606e-02 8.444001e+03 6.998561e+03 
9.462626e-02 7.746991e+03 6.653281e+03 
9.764646e-02 7.065276e+03 6.331757e+03 
1.006667e-01 6.426720e+03 6.031862e+03 
1.036869e-01 5.852420e+03 5.751713e+03 
1.067071e-01 5.357154e+03 5.489631e+03 
1.097273e-01 4.948409e+03 5.244116e+03 
1.127475e-01 4.627176e+03 5.013825e+03 
1.157677e-01 4.389744e+03 4.797547e+03 
1.187879e-01 4.227995e+03 4.594193e+03 
1.218081e-01 4.131415e+03 4.402775e+03 
1.248283e-01 4.087181e+03 4.222401e+03 
1.278485e-01 4.081314e+03 4.052257e+03 
1.308687e-01 4.099074e+03 3.891606e+03 
1.338889e-01 4.125969e+03 3.739772e+03 
1.369091e-01 4.148206e+03 3.596141e+03 
1.399293e-01 4.153760e+03 3.460148e+03 
1.429495e-01 4.132766e+03 3.331278e+03 
1.459697e-01 4.078065e+03 3.209055e+03 
1.489899e-01 3.986172e+03 3.093045e+03 
1.520101e-01 3.856783e+03 2.982845e+03 
1.550303e-01 3.694209e+03 2.878087e+03 
1.580505e-01 3.505581e+03 2.778428e+03 
1.610707e-01 3.300967e+03 2.683554e+03 
1.640909e-01 3.090836e+03 2.593172e+03 
1.671111e-01 2.885403e+03 2.507011e+03 
1.701313e-01 2.692783e+03 2.424822e+03 
1.731515e-01 2.519372e+03 2.346372e+03 
1.761717e-01 2.369090e+03 2.271444e+03 
1.791919e-01 2.244303e+03 2.199838e+03 
1.822121e-01 2.145843e+03 2.131365e+03 
1.852323e-01 2.073197e+03 2.065852e+03 
1.882525e-01 2.024772e+03 2.003136e+03 
1.912727e-01 1.997527e+03 1.943065e+03 
1.942929e-01 1.987549e+03 1.885497e+03 
1.973131e-01 1.990027e+03 1.830299e+03 
2.003333e-01 1.999875e+03 1.777347e+03 
2.033535e-01 2.011938e+03 1.726525e+03 
2.063737e-01 2.021572e+03 1.677723e+03 
2.093939e-01 2.024645e+03 1.630840e+03 
2.124141e-01 2.017878e+03 1.585779e+03 
2.154343e-01 1.998884e+03 1.542450e+03 
2.184545e-01 1.966307e+03 1.500768e+03 
2.214747e-01 1.920185e+03 1.460653e+03 
2.244949e-01 1.861629e+03 1.422031e+03 
2.275152e-01 1.793067e+03 1.384831e+03 
2.305354e-01 1.717526e+03 1.348985e+03 
2.335556e-01 1.638507e+03 1.314431e+03 
2.365758e-01 1.559359e+03 1.281109e+03 
2.395960e-01 1.483180e+03 1.248964e+03 
2.426162e-01 1.412487e+03 1.217942e+03 
2.456364e-01 1.349323e+03 1.187994e+03 
2.486566e-01 1.295055e+03 1.159071e+03 
2.516768e-01 1.250464e+03 1.131130e+03 
2.546970e-01 1.215713e+03 1.104127e+03 
2.577172e-01 1.190299e+03 1.078023e+03 
2.607374e-01 1.173258e+03 1.052779e+03 
2.637576e-01 1.163158e+03 1.028358e+03 
2.667778e-01 1.158363e+03 1.004728e+03 
2.697980e-01 1.157086e+03 9.818541e+02 
2.728182e-01 1.157547e+03 9.597066e+02 
2.758384e-01 1.158002e+03 9.382556e+02 
2.788586e-01 1.156853e+03 9.174732e+02 
2.818788e-01 1.152668e+03 8.973328e+02 
2.848990e-01 1.144320e+03 8.778090e+02 
2.879192e-01 1.131078e+03 8.588777e+02 
2.909394e-01 1.112658e+03 8.405159e+02 
2.939596e-01 1.089318e+03 8.227018e+02 
2.969798e-01 1.061692e+03 8.054143e+02 
3.000000e-01 1.030786e+03 7.886336e+02 
