1.000000e-03 4.861132e+03 4.861084e+03 
4.020202e-03 1.629680e+04 1.642366e+04 
7.040404e-03 2.381542e+04 2.399049e+04 
1.006061e-02 2.839719e+04 2.860966e+04 
1.308081e-02 3.076847e+04 3.103544e+04 
1.610101e-02 3.146786e+04 3.171787e+04 
1.912121e-02 3.092751e+04 3.101127e+04 
2.214141e-02 2.951575e+04 2.933665e+04 
2.516162e-02 2.754930e+04 2.716788e+04 
2.818182e-02 2.529528e+04 2.490080e+04 
3.120202e-02 2.296767e+04 2.277049e+04 
3.422222e-02 2.072701e+04 2.086915e+04 
3.724242e-02 1.868148e+04 1.920571e+04 
4.026263e-02 1.689647e+04 1.775459e+04 
4.328283e-02 1.538810e+04 1.648208e+04 
4.630303e-02 1.415737e+04 1.535702e+04 
4.932323e-02 1.320179e+04 1.435374e+04 
5.234343e-02 1.247434e+04 1.345198e+04 
5.536364e-02 1.192734e+04 1.263595e+04 
5.838384e-02 1.151902e+04 1.189329e+04 
6.140404e-02 1.120487e+04 1.121417e+04 
6.442424e-02 1.094168e+04 1.059070e+04 
6.744444e-02 1.069138e+04 1.001639e+04 
7.046465e-02 1.042316e+04 9.485860e+03 
7.348485e-02 1.011397e+04 8.994552e+03 
7.650505e-02 9.750243e+03 8.538578e+03 
7.952525e-02 9.328328e+03 8.114572e+03 
8.254545e-02 8.854381e+03 7.719603e+03 
8.556566e-02 8.341815e+03 7.351088e+03 
8.858586e-02 7.808153e+03 7.006747e+03 
9.160606e-02 7.272798e+03 6.684547e+03 
9.462626e-02 6.755022e+03 6.382673e+03 
9.764646e-02 6.272093e+03 6.099495e+03 
1.006667e-01 5.838015e+03 5.833546e+03 
1.036869e-01 5.461854e+03 5.583498e+03 
1.067071e-01 5.148313e+03 5.348150e+03 
1.097273e-01 4.896667e+03 5.126413e+03 
1.127475e-01 4.702993e+03 4.917293e+03 
1.157677e-01 4.559952e+03 4.719885e+03 
1.187879e-01 4.458700e+03 4.533363e+03 
1.218081e-01 4.389163e+03 4.356970e+03 
1.248283e-01 4.340744e+03 4.190013e+03 
1.278485e-01 4.302659e+03 4.031856e+03 
1.308687e-01 4.264592e+03 3.881915e+03 
1.338889e-01 4.217339e+03 3.739652e+03 
1.369091e-01 4.153893e+03 3.604571e+03 
1.399293e-01 4.069828e+03 3.476214e+03 
1.429495e-01 3.963412e+03 3.354159e+03 
1.459697e-01 3.835601e+03 3.238016e+03 
1.489899e-01 3.689141e+03 3.127424e+03 
1.520101e-01 3.528592e+03 3.022046e+03 
1.550303e-01 3.359490e+03 2.921573e+03 
1.580505e-01 3.188321e+03 2.825716e+03 
1.610707e-01 3.021466e+03 2.734207e+03 
1.640909e-01 2.864928e+03 2.646796e+03 
1.671111e-01 2.723309e+03 2.563251e+03 
1.701313e-01 2.599942e+03 2.483356e+03 
1.731515e-01 2.496031e+03 2.406909e+03 
1.761717e-01 2.411541e+03 2.333721e+03 
1.791919e-01 2.345158e+03 2.263616e+03 
1.822121e-01 2.294886e+03 2.196430e+03 
1.852323e-01 2.258207e+03 2.132008e+03 
1.882525e-01 2.232104e+03 2.070207e+03 
1.912727e-01 2.213249e+03 2.010891e+03 
1.942929e-01 2.197986e+03 1.953933e+03 
1.973131e-01 2.182733e+03 1.899214e+03 
2.003333e-01 2.164141e+03 1.846623e+03 
2.033535e-01 2.139657e+03 1.796054e+03 
2.063737e-01 2.107467e+03 1.747409e+03 
2.093939e-01 2.066947e+03 1.700594e+03 
2.124141e-01 2.018231e+03 1.655522e+03 
2.154343e-01 1.962345e+03 1.612111e+03 
2.184545e-01 1.900777e+03 1.570282e+03 
2.214747e-01 1.835401e+03 1.529962e+03 
2.244949e-01 1.768300e+03 1.491083e+03 
2.275152e-01 1.701631e+03 1.453578e+03 
2.305354e-01 1.637451e+03 1.417386e+03 
2.335556e-01 1.577556e+03 1.382448e+03 
2.365758e-01 1.523292e+03 1.348708e+03 
2.395960e-01 1.475550e+03 1.316115e+03 
2.426162e-01 1.434783e+03 1.284619e+03 
2.456364e-01 1.400900e+03 1.254173e+03 
2.486566e-01 1.373453e+03 1.224732e+03 
2.516768e-01 1.351609e+03 1.196253e+03 
2.546970e-01 1.334318e+03 1.168697e+03 
2.577172e-01 1.320328e+03 1.142026e+03 
2.607374e-01 1.308321e+03 1.116203e+03 
2.637576e-01 1.296968e+03 1.091194e+03 
2.667778e-01 1.285094e+03 1.066966e+03 
2.697980e-01 1.271686e+03 1.043489e+03 
2.728182e-01 1.256015e+03 1.020731e+03 
2.758384e-01 1.237610e+03 9.986662e+02 
2.788586e-01 1.216293e+03 9.772663e+02 
2.818788e-01 1.192171e+03 9.565061e+02 
2.848990e-01 1.165579e+03 9.363612e+02 
2.879192e-01 1.137107e+03 9.168082e+02 
2.909394e-01 1.107451e+03 8.978250e+02 
2.939596e-01 1.077384e+03 8.793903e+02 
2.969798e-01 1.047677e+03 8.614839e+02 
3.000000e-01 1.019074e+03 8.440865e+02 
