1.000000e-03 2.089814e+03 2.089794e+03 
4.020202e-03 7.071989e+03 7.130226e+03 
7.040404e-03 1.042969e+04 1.049194e+04 
1.006061e-02 1.260381e+04 1.261589e+04 
1.308081e-02 1.393016e+04 1.386569e+04 
1.610101e-02 1.464695e+04 1.449830e+04 
1.912121e-02 1.492700e+04 1.470539e+04 
2.214141e-02 1.489967e+04 1.463380e+04 
2.516162e-02 1.466258e+04 1.438794e+04 
2.818182e-02 1.429028e+04 1.403569e+04 
3.120202e-02 1.383821e+04 1.361971e+04 
3.422222e-02 1.334648e+04 1.316723e+04 
3.724242e-02 1.284226e+04 1.269625e+04 
4.026263e-02 1.234348e+04 1.221901e+04 
4.328283e-02 1.185906e+04 1.174390e+04 
4.630303e-02 1.139054e+04 1.127672e+04 
4.932323e-02 1.094617e+04 1.082139e+04 
5.234343e-02 1.052508e+04 1.038048e+04 
5.536364e-02 1.011460e+04 9.955611e+03 
5.838384e-02 9.715290e+03 9.547683e+03 
6.140404e-02 9.332736e+03 9.157096e+03 
6.442424e-02 8.965272e+03 8.783884e+03 
6.744444e-02 8.609870e+03 8.427823e+03 
7.046465e-02 8.266155e+03 8.088507e+03 
7.348485e-02 7.934905e+03 7.765413e+03 
7.650505e-02 7.618524e+03 7.457934e+03 
7.952525e-02 7.319432e+03 7.165418e+03 
8.254545e-02 7.039205e+03 6.887190e+03 
8.556566e-02 6.778145e+03 6.622567e+03 
8.858586e-02 6.534049e+03 6.370871e+03 
9.160606e-02 6.304592e+03 6.131439e+03 
9.462626e-02 6.087857e+03 5.903626e+03 
9.764646e-02 5.882557e+03 5.686812e+03 
1.006667e-01 5.688314e+03 5.480403e+03 
1.036869e-01 5.504405e+03 5.283832e+03 
1.067071e-01 5.329539e+03 5.096560e+03 
1.097273e-01 5.162063e+03 4.918077e+03 
1.127475e-01 5.000002e+03 4.747901e+03 
1.157677e-01 4.842285e+03 4.585574e+03 
1.187879e-01 4.688751e+03 4.430668e+03 
1.218081e-01 4.539787e+03 4.282777e+03 
1.248283e-01 4.396183e+03 4.141520e+03 
1.278485e-01 4.258530e+03 4.006537e+03 
1.308687e-01 4.127275e+03 3.877492e+03 
1.338889e-01 4.002619e+03 3.754067e+03 
1.369091e-01 3.884285e+03 3.635963e+03 
1.399293e-01 3.771922e+03 3.522899e+03 
1.429495e-01 3.665055e+03 3.414613e+03 
1.459697e-01 3.563165e+03 3.310855e+03 
1.489899e-01 3.465807e+03 3.211392e+03 
1.520101e-01 3.372620e+03 3.116005e+03 
1.550303e-01 3.283262e+03 3.024487e+03 
1.580505e-01 3.197456e+03 2.936643e+03 
1.610707e-01 3.114920e+03 2.852291e+03 
1.640909e-01 3.035271e+03 2.771257e+03 
1.671111e-01 2.958063e+03 2.693379e+03 
1.701313e-01 2.883015e+03 2.618504e+03 
1.731515e-01 2.810139e+03 2.546487e+03 
1.761717e-01 2.739487e+03 2.477192e+03 
1.791919e-01 2.671175e+03 2.410490e+03 
1.822121e-01 2.605336e+03 2.346260e+03 
1.852323e-01 2.541949e+03 2.284387e+03 
1.882525e-01 2.480846e+03 2.224762e+03 
1.912727e-01 2.421877e+03 2.167282e+03 
1.942929e-01 2.364961e+03 2.111851e+03 
1.973131e-01 2.310036e+03 2.058377e+03 
2.003333e-01 2.257088e+03 2.006772e+03 
2.033535e-01 2.206125e+03 1.956955e+03 
2.063737e-01 2.157060e+03 1.908848e+03 
2.093939e-01 2.109652e+03 1.862375e+03 
2.124141e-01 2.063667e+03 1.817468e+03 
2.154343e-01 2.018997e+03 1.774060e+03 
2.184545e-01 1.975571e+03 1.732087e+03 
2.214747e-01 1.933369e+03 1.691490e+03 
2.244949e-01 1.892413e+03 1.652211e+03 
2.275152e-01 1.852704e+03 1.614197e+03 
2.305354e-01 1.814173e+03 1.577395e+03 
2.335556e-01 1.776743e+03 1.541757e+03 
2.365758e-01 1.740371e+03 1.507236e+03 
2.395960e-01 1.705026e+03 1.473788e+03 
2.426162e-01 1.670695e+03 1.441371e+03 
2.456364e-01 1.637380e+03 1.409943e+03 
2.486566e-01 1.605075e+03 1.379468e+03 
2.516768e-01 1.573732e+03 1.349908e+03 
2.546970e-01 1.543290e+03 1.321228e+03 
2.577172e-01 1.513694e+03 1.293396e+03 
2.607374e-01 1.484891e+03 1.266379e+03 
2.637576e-01 1.456844e+03 1.240146e+03 
2.667778e-01 1.429546e+03 1.214670e+03 
2.697980e-01 1.402988e+03 1.189922e+03 
2.728182e-01 1.377148e+03 1.165875e+03 
2.758384e-01 1.351997e+03 1.142506e+03 
2.788586e-01 1.327497e+03 1.119788e+03 
2.818788e-01 1.303608e+03 1.097699e+03 
2.848990e-01 1.280294e+03 1.076218e+03 
2.879192e-01 1.257551e+03 1.055322e+03 
2.909394e-01 1.235380e+03 1.034991e+03 
2.939596e-01 1.213775e+03 1.015207e+03 
2.969798e-01 1.192720e+03 9.959489e+02 
3.000000e-01 1.172198e+03 9.772006e+02 
