1.000000e-03 3.132175e+03 3.132146e+03 
4.020202e-03 1.040701e+04 1.048695e+04 
7.040404e-03 1.528310e+04 1.538390e+04 
1.006061e-02 1.838607e+04 1.847320e+04 
1.308081e-02 2.016431e+04 2.022824e+04 
1.610101e-02 2.094494e+04 2.095370e+04 
1.912121e-02 2.098413e+04 2.089186e+04 
2.214141e-02 2.049194e+04 2.029325e+04 
2.516162e-02 1.964627e+04 1.940126e+04 
2.818182e-02 1.859375e+04 1.840043e+04 
3.120202e-02 1.745192e+04 1.739791e+04 
3.422222e-02 1.631028e+04 1.644183e+04 
3.724242e-02 1.523128e+04 1.554763e+04 
4.026263e-02 1.425462e+04 1.471630e+04 
4.328283e-02 1.340012e+04 1.394375e+04 
4.630303e-02 1.266507e+04 1.322474e+04 
4.932323e-02 1.204897e+04 1.255429e+04 
5.234343e-02 1.154425e+04 1.192802e+04 
5.536364e-02 1.111789e+04 1.134215e+04 
5.838384e-02 1.074465e+04 1.079340e+04 
6.140404e-02 1.040664e+04 1.027890e+04 
6.442424e-02 1.008771e+04 9.796064e+03 
6.744444e-02 9.769738e+03 9.342591e+03 
7.046465e-02 9.437590e+03 8.916374e+03 
7.348485e-02 9.083443e+03 8.515490e+03 
7.650505e-02 8.705700e+03 8.138170e+03 
7.952525e-02 8.308304e+03 7.782783e+03 
8.254545e-02 7.900088e+03 7.447826e+03 
8.556566e-02 7.491790e+03 7.131907e+03 
8.858586e-02 7.093712e+03 6.833741e+03 
9.160606e-02 6.714668e+03 6.552136e+03 
9.462626e-02 6.361626e+03 6.285990e+03 
9.764646e-02 6.039961e+03 6.034283e+03 
1.006667e-01 5.753775e+03 5.796069e+03 
1.036869e-01 5.505074e+03 5.570472e+03 
1.067071e-01 5.294099e+03 5.356681e+03 
1.097273e-01 5.117944e+03 5.153942e+03 
1.127475e-01 4.971885e+03 4.961558e+03 
1.157677e-01 4.848963e+03 4.778880e+03 
1.187879e-01 4.741772e+03 4.605309e+03 
1.218081e-01 4.643166e+03 4.440284e+03 
1.248283e-01 4.546897e+03 4.283287e+03 
1.278485e-01 4.448083e+03 4.133836e+03 
1.308687e-01 4.343286e+03 3.991482e+03 
1.338889e-01 4.230480e+03 3.855807e+03 
1.369091e-01 4.109061e+03 3.726423e+03 
1.399293e-01 3.979468e+03 3.602966e+03 
1.429495e-01 3.843404e+03 3.485098e+03 
1.459697e-01 3.703251e+03 3.372505e+03 
1.489899e-01 3.562092e+03 3.264892e+03 
1.520101e-01 3.423121e+03 3.161983e+03 
1.550303e-01 3.289364e+03 3.063522e+03 
1.580505e-01 3.163553e+03 2.969267e+03 
1.610707e-01 3.047961e+03 2.878995e+03 
1.640909e-01 2.944057e+03 2.792493e+03 
1.671111e-01 2.852475e+03 2.709564e+03 
1.701313e-01 2.772880e+03 2.630023e+03 
1.731515e-01 2.704235e+03 2.553695e+03 
1.761717e-01 2.644805e+03 2.480418e+03 
1.791919e-01 2.592564e+03 2.410039e+03 
1.822121e-01 2.545431e+03 2.342412e+03 
1.852323e-01 2.501399e+03 2.277402e+03 
1.882525e-01 2.458682e+03 2.214882e+03 
1.912727e-01 2.415670e+03 2.154731e+03 
1.942929e-01 2.370994e+03 2.096836e+03 
1.973131e-01 2.323645e+03 2.041090e+03 
2.003333e-01 2.273009e+03 1.987392e+03 
2.033535e-01 2.219114e+03 1.935647e+03 
2.063737e-01 2.162457e+03 1.885766e+03 
2.093939e-01 2.104011e+03 1.837663e+03 
2.124141e-01 2.044932e+03 1.791258e+03 
2.154343e-01 1.986346e+03 1.746476e+03 
2.184545e-01 1.929296e+03 1.703244e+03 
2.214747e-01 1.874633e+03 1.661495e+03 
2.244949e-01 1.823057e+03 1.621163e+03 
2.275152e-01 1.775074e+03 1.582189e+03 
2.305354e-01 1.731021e+03 1.544513e+03 
2.335556e-01 1.691056e+03 1.508082e+03 
2.365758e-01 1.655042e+03 1.472843e+03 
2.395960e-01 1.622623e+03 1.438746e+03 
2.426162e-01 1.593220e+03 1.405745e+03 
2.456364e-01 1.566159e+03 1.373794e+03 
2.486566e-01 1.540725e+03 1.342852e+03 
2.516768e-01 1.516240e+03 1.312877e+03 
2.546970e-01 1.492137e+03 1.283832e+03 
2.577172e-01 1.467930e+03 1.255680e+03 
2.607374e-01 1.443235e+03 1.228385e+03 
2.637576e-01 1.417790e+03 1.201915e+03 
2.667778e-01 1.391454e+03 1.176238e+03 
2.697980e-01 1.364261e+03 1.151323e+03 
2.728182e-01 1.336371e+03 1.127142e+03 
2.758384e-01 1.308091e+03 1.103668e+03 
2.788586e-01 1.279791e+03 1.080874e+03 
2.818788e-01 1.251848e+03 1.058734e+03 
2.848990e-01 1.224614e+03 1.037226e+03 
2.879192e-01 1.198363e+03 1.016325e+03 
2.909394e-01 1.173308e+03 9.960112e+02 
2.939596e-01 1.149578e+03 9.762622e+02 
2.969798e-01 1.127247e+03 9.570584e+02 
3.000000e-01 1.106333e+03 9.383806e+02 
