1.000000e-03 3.455722e+03 3.455686e+03 
4.020202e-03 1.165030e+04 1.174005e+04 
7.040404e-03 1.710491e+04 1.721664e+04 
1.006061e-02 2.050824e+04 2.060821e+04 
1.308081e-02 2.238079e+04 2.246021e+04 
1.610101e-02 2.310699e+04 2.312297e+04 
1.912121e-02 2.298966e+04 2.288332e+04 
2.214141e-02 2.227945e+04 2.204656e+04 
2.516162e-02 2.118665e+04 2.090710e+04 
2.818182e-02 1.988482e+04 1.968071e+04 
3.120202e-02 1.851146e+04 1.848556e+04 
3.422222e-02 1.716851e+04 1.736917e+04 
3.724242e-02 1.592479e+04 1.634214e+04 
4.026263e-02 1.482193e+04 1.540017e+04 
4.328283e-02 1.387525e+04 1.453465e+04 
4.630303e-02 1.307805e+04 1.373681e+04 
4.932323e-02 1.243052e+04 1.299896e+04 
5.234343e-02 1.191021e+04 1.231467e+04 
5.536364e-02 1.147565e+04 1.167856e+04 
5.838384e-02 1.110363e+04 1.108610e+04 
6.140404e-02 1.076920e+04 1.053340e+04 
6.442424e-02 1.044591e+04 1.001709e+04 
6.744444e-02 1.011370e+04 9.534194e+03 
7.046465e-02 9.758714e+03 9.082058e+03 
7.348485e-02 9.373806e+03 8.658294e+03 
7.650505e-02 8.959334e+03 8.260743e+03 
7.952525e-02 8.522258e+03 7.887442e+03 
8.254545e-02 8.073439e+03 7.536601e+03 
8.556566e-02 7.625584e+03 7.206586e+03 
8.858586e-02 7.190581e+03 6.895897e+03 
9.160606e-02 6.779211e+03 6.603161e+03 
9.462626e-02 6.400667e+03 6.327115e+03 
9.764646e-02 6.061797e+03 6.066598e+03 
1.006667e-01 5.767178e+03 5.820544e+03 
1.036869e-01 5.518296e+03 5.587969e+03 
1.067071e-01 5.313181e+03 5.367966e+03 
1.097273e-01 5.146736e+03 5.159700e+03 
1.127475e-01 5.011436e+03 4.962399e+03 
1.157677e-01 4.898622e+03 4.775351e+03 
1.187879e-01 4.799953e+03 4.597897e+03 
1.218081e-01 4.707632e+03 4.429426e+03 
1.248283e-01 4.615038e+03 4.269376e+03 
1.278485e-01 4.516765e+03 4.117222e+03 
1.308687e-01 4.408946e+03 3.972481e+03 
1.338889e-01 4.289533e+03 3.834702e+03 
1.369091e-01 4.158097e+03 3.703468e+03 
1.399293e-01 4.016309e+03 3.578390e+03 
1.429495e-01 3.867005e+03 3.459107e+03 
1.459697e-01 3.713985e+03 3.345283e+03 
1.489899e-01 3.561261e+03 3.236606e+03 
1.520101e-01 3.412784e+03 3.132784e+03 
1.550303e-01 3.272099e+03 3.033543e+03 
1.580505e-01 3.142216e+03 2.938632e+03 
1.610707e-01 3.025283e+03 2.847811e+03 
1.640909e-01 2.922680e+03 2.760860e+03 
1.671111e-01 2.834451e+03 2.677570e+03 
1.701313e-01 2.759806e+03 2.597748e+03 
1.731515e-01 2.696862e+03 2.521212e+03 
1.761717e-01 2.643318e+03 2.447790e+03 
1.791919e-01 2.596543e+03 2.377324e+03 
1.822121e-01 2.554014e+03 2.309662e+03 
1.852323e-01 2.513378e+03 2.244665e+03 
1.882525e-01 2.472524e+03 2.182199e+03 
1.912727e-01 2.429585e+03 2.122139e+03 
1.942929e-01 2.383271e+03 2.064369e+03 
1.973131e-01 2.332750e+03 2.008777e+03 
2.003333e-01 2.277961e+03 1.955261e+03 
2.033535e-01 2.219346e+03 1.903721e+03 
2.063737e-01 2.157926e+03 1.854065e+03 
2.093939e-01 2.094962e+03 1.806206e+03 
2.124141e-01 2.031873e+03 1.760062e+03 
2.154343e-01 1.969998e+03 1.715554e+03 
2.184545e-01 1.910583e+03 1.672609e+03 
2.214747e-01 1.854618e+03 1.631157e+03 
2.244949e-01 1.802886e+03 1.591132e+03 
2.275152e-01 1.755833e+03 1.552472e+03 
2.305354e-01 1.713610e+03 1.515118e+03 
2.335556e-01 1.676032e+03 1.479014e+03 
2.365758e-01 1.642654e+03 1.444106e+03 
2.395960e-01 1.612832e+03 1.410344e+03 
2.426162e-01 1.585828e+03 1.377680e+03 
2.456364e-01 1.560855e+03 1.346069e+03 
2.486566e-01 1.537097e+03 1.315468e+03 
2.516768e-01 1.513766e+03 1.285835e+03 
2.546970e-01 1.490150e+03 1.257131e+03 
2.577172e-01 1.465689e+03 1.229320e+03 
2.607374e-01 1.439999e+03 1.202366e+03 
2.637576e-01 1.412986e+03 1.176235e+03 
2.667778e-01 1.384770e+03 1.150896e+03 
2.697980e-01 1.355650e+03 1.126317e+03 
2.728182e-01 1.326004e+03 1.102470e+03 
2.758384e-01 1.296253e+03 1.079327e+03 
2.788586e-01 1.266806e+03 1.056861e+03 
2.818788e-01 1.238033e+03 1.035048e+03 
2.848990e-01 1.210272e+03 1.013862e+03 
2.879192e-01 1.183826e+03 9.932809e+02 
2.909394e-01 1.158930e+03 9.732828e+02 
2.939596e-01 1.135756e+03 9.538464e+02 
2.969798e-01 1.114326e+03 9.349517e+02 
3.000000e-01 1.094571e+03 9.165793e+02 
