1.000000e-03 6.591702e+03 6.591624e+03 
4.020202e-03 2.171797e+04 2.188858e+04 
7.040404e-03 3.135091e+04 3.158911e+04 
1.006061e-02 3.697764e+04 3.728836e+04 
1.308081e-02 3.963926e+04 4.005698e+04 
1.610101e-02 4.008902e+04 4.050637e+04 
1.912121e-02 3.892648e+04 3.911040e+04 
2.214141e-02 3.665720e+04 3.644666e+04 
2.516162e-02 3.371503e+04 3.318000e+04 
2.818182e-02 3.046224e+04 2.986869e+04 
3.120202e-02 2.718483e+04 2.683713e+04 
3.422222e-02 2.409175e+04 2.419975e+04 
3.724242e-02 2.131912e+04 2.195038e+04 
4.026263e-02 1.894194e+04 2.003590e+04 
4.328283e-02 1.696805e+04 1.839539e+04 
4.630303e-02 1.539566e+04 1.697523e+04 
4.932323e-02 1.420524e+04 1.573251e+04 
5.234343e-02 1.332564e+04 1.463413e+04 
5.536364e-02 1.269889e+04 1.365482e+04 
5.838384e-02 1.226441e+04 1.277519e+04 
6.140404e-02 1.195492e+04 1.198013e+04 
6.442424e-02 1.171749e+04 1.125776e+04 
6.744444e-02 1.150424e+04 1.059852e+04 
7.046465e-02 1.127250e+04 9.994615e+03 
7.348485e-02 1.098793e+04 9.439607e+03 
7.650505e-02 1.062779e+04 8.928082e+03 
7.952525e-02 1.018335e+04 8.455447e+03 
8.254545e-02 9.659480e+03 8.017760e+03 
8.556566e-02 9.072753e+03 7.611612e+03 
8.858586e-02 8.447332e+03 7.234027e+03 
9.160606e-02 7.810142e+03 6.882393e+03 
9.462626e-02 7.188090e+03 6.554404e+03 
9.764646e-02 6.604398e+03 6.248012e+03 
1.006667e-01 6.078456e+03 5.961393e+03 
1.036869e-01 5.622743e+03 5.692916e+03 
1.067071e-01 5.244171e+03 5.441115e+03 
1.097273e-01 4.943331e+03 5.204671e+03 
1.127475e-01 4.716373e+03 4.982393e+03 
1.157677e-01 4.556110e+03 4.773203e+03 
1.187879e-01 4.452079e+03 4.576123e+03 
1.218081e-01 4.392192e+03 4.390265e+03 
1.248283e-01 4.363039e+03 4.214817e+03 
1.278485e-01 4.350815e+03 4.049042e+03 
1.308687e-01 4.341802e+03 3.892264e+03 
1.338889e-01 4.324288e+03 3.743865e+03 
1.369091e-01 4.288413e+03 3.603277e+03 
1.399293e-01 4.227265e+03 3.469981e+03 
1.429495e-01 4.136752e+03 3.343496e+03 
1.459697e-01 4.015890e+03 3.223382e+03 
1.489899e-01 3.866725e+03 3.109233e+03 
1.520101e-01 3.693703e+03 3.000674e+03 
1.550303e-01 3.504370e+03 2.897357e+03 
1.580505e-01 3.307392e+03 2.798963e+03 
1.610707e-01 3.111990e+03 2.705192e+03 
1.640909e-01 2.926327e+03 2.615771e+03 
1.671111e-01 2.757228e+03 2.530443e+03 
1.701313e-01 2.608737e+03 2.448971e+03 
1.731515e-01 2.483211e+03 2.371134e+03 
1.761717e-01 2.381225e+03 2.296725e+03 
1.791919e-01 2.302254e+03 2.225554e+03 
1.822121e-01 2.244776e+03 2.157441e+03 
1.852323e-01 2.206293e+03 2.092219e+03 
1.882525e-01 2.183546e+03 2.029733e+03 
1.912727e-01 2.172269e+03 1.969837e+03 
1.942929e-01 2.167767e+03 1.912394e+03 
1.973131e-01 2.165093e+03 1.857277e+03 
2.003333e-01 2.159881e+03 1.804366e+03 
2.033535e-01 2.148407e+03 1.753548e+03 
2.063737e-01 2.128129e+03 1.704719e+03 
2.093939e-01 2.097395e+03 1.657779e+03 
2.124141e-01 2.055658e+03 1.612636e+03 
2.154343e-01 2.003263e+03 1.569201e+03 
2.184545e-01 1.941371e+03 1.527393e+03 
2.214747e-01 1.872116e+03 1.487134e+03 
2.244949e-01 1.798144e+03 1.448351e+03 
2.275152e-01 1.722488e+03 1.410975e+03 
2.305354e-01 1.648076e+03 1.374941e+03 
2.335556e-01 1.577575e+03 1.340187e+03 
2.365758e-01 1.512993e+03 1.306656e+03 
2.395960e-01 1.455816e+03 1.274293e+03 
2.426162e-01 1.406864e+03 1.243045e+03 
2.456364e-01 1.366490e+03 1.212865e+03 
2.486566e-01 1.334523e+03 1.183704e+03 
2.516768e-01 1.310321e+03 1.155521e+03 
2.546970e-01 1.292859e+03 1.128271e+03 
2.577172e-01 1.280682e+03 1.101917e+03 
2.607374e-01 1.272153e+03 1.076421e+03 
2.637576e-01 1.265539e+03 1.051747e+03 
2.667778e-01 1.259208e+03 1.027860e+03 
2.697980e-01 1.251689e+03 1.004730e+03 
2.728182e-01 1.241842e+03 9.823256e+02 
2.758384e-01 1.228784e+03 9.606174e+02 
2.788586e-01 1.211964e+03 9.395779e+02 
2.818788e-01 1.191143e+03 9.191809e+02 
2.848990e-01 1.166436e+03 8.994012e+02 
2.879192e-01 1.138328e+03 8.802151e+02 
2.909394e-01 1.107569e+03 8.615998e+02 
2.939596e-01 1.075182e+03 8.435335e+02 
2.969798e-01 1.042248e+03 8.259956e+02 
3.000000e-01 1.009828e+03 8.089663e+02 
