1.000000e-03 5.554874e+03 5.554822e+03 
4.020202e-03 1.877173e+04 1.891951e+04 
7.040404e-03 2.756361e+04 2.777993e+04 
1.006061e-02 3.297796e+04 3.326695e+04 
1.308081e-02 3.581048e+04 3.621472e+04 
1.610101e-02 3.665900e+04 3.710815e+04 
1.912121e-02 3.601278e+04 3.630413e+04 
2.214141e-02 3.429448e+04 3.423992e+04 
2.516162e-02 3.187578e+04 3.146507e+04 
2.818182e-02 2.907716e+04 2.849883e+04 
3.120202e-02 2.616162e+04 2.569028e+04 
3.422222e-02 2.333069e+04 2.319793e+04 
3.724242e-02 2.072516e+04 2.105098e+04 
4.026263e-02 1.843316e+04 1.921730e+04 
4.328283e-02 1.648501e+04 1.764642e+04 
4.630303e-02 1.488611e+04 1.628928e+04 
4.932323e-02 1.363425e+04 1.510476e+04 
5.234343e-02 1.268540e+04 1.406039e+04 
5.536364e-02 1.198660e+04 1.313110e+04 
5.838384e-02 1.148785e+04 1.229759e+04 
6.140404e-02 1.114127e+04 1.154492e+04 
6.442424e-02 1.089565e+04 1.086134e+04 
6.744444e-02 1.070299e+04 1.023752e+04 
7.046465e-02 1.052287e+04 9.665879e+03 
7.348485e-02 1.032023e+04 9.140224e+03 
7.650505e-02 1.006781e+04 8.655379e+03 
7.952525e-02 9.748164e+03 8.206983e+03 
8.254545e-02 9.355431e+03 7.791315e+03 
8.556566e-02 8.894235e+03 7.405171e+03 
8.858586e-02 8.377407e+03 7.045766e+03 
9.160606e-02 7.823926e+03 6.710661e+03 
9.462626e-02 7.256087e+03 6.397709e+03 
9.764646e-02 6.696373e+03 6.105006e+03 
1.006667e-01 6.166037e+03 5.830858e+03 
1.036869e-01 5.682314e+03 5.573751e+03 
1.067071e-01 5.258069e+03 5.332323e+03 
1.097273e-01 4.899808e+03 5.105352e+03 
1.127475e-01 4.609795e+03 4.891732e+03 
1.157677e-01 4.385369e+03 4.690460e+03 
1.187879e-01 4.221267e+03 4.500628e+03 
1.218081e-01 4.109627e+03 4.321410e+03 
1.248283e-01 4.041248e+03 4.152050e+03 
1.278485e-01 4.005855e+03 3.991860e+03 
1.308687e-01 3.992122e+03 3.840210e+03 
1.338889e-01 3.988438e+03 3.696523e+03 
1.369091e-01 3.983665e+03 3.560267e+03 
1.399293e-01 3.967964e+03 3.430957e+03 
1.429495e-01 3.933456e+03 3.308141e+03 
1.459697e-01 3.874943e+03 3.191408e+03 
1.489899e-01 3.789580e+03 3.080375e+03 
1.520101e-01 3.677496e+03 2.974689e+03 
1.550303e-01 3.540804e+03 2.874024e+03 
1.580505e-01 3.384119e+03 2.778077e+03 
1.610707e-01 3.213559e+03 2.686567e+03 
1.640909e-01 3.036644e+03 2.599235e+03 
1.671111e-01 2.860977e+03 2.515838e+03 
1.701313e-01 2.693809e+03 2.436151e+03 
1.731515e-01 2.540599e+03 2.359964e+03 
1.761717e-01 2.405417e+03 2.287083e+03 
1.791919e-01 2.290344e+03 2.217326e+03 
1.822121e-01 2.196194e+03 2.150521e+03 
1.852323e-01 2.122566e+03 2.086511e+03 
1.882525e-01 2.068197e+03 2.025147e+03 
1.912727e-01 2.031180e+03 1.966290e+03 
1.942929e-01 2.008793e+03 1.909810e+03 
1.973131e-01 1.997777e+03 1.855584e+03 
2.003333e-01 1.994229e+03 1.803498e+03 
2.033535e-01 1.994100e+03 1.753445e+03 
2.063737e-01 1.993333e+03 1.705324e+03 
2.093939e-01 1.988453e+03 1.659040e+03 
2.124141e-01 1.976555e+03 1.614503e+03 
2.154343e-01 1.955801e+03 1.571630e+03 
2.184545e-01 1.925120e+03 1.530342e+03 
2.214747e-01 1.884412e+03 1.490563e+03 
2.244949e-01 1.834349e+03 1.452224e+03 
2.275152e-01 1.776297e+03 1.415258e+03 
2.305354e-01 1.712272e+03 1.379602e+03 
2.335556e-01 1.644638e+03 1.345198e+03 
2.365758e-01 1.575984e+03 1.311989e+03 
2.395960e-01 1.508806e+03 1.279923e+03 
2.426162e-01 1.445338e+03 1.248949e+03 
2.456364e-01 1.387346e+03 1.219019e+03 
2.486566e-01 1.336147e+03 1.190089e+03 
2.516768e-01 1.292448e+03 1.162117e+03 
2.546970e-01 1.256547e+03 1.135061e+03 
2.577172e-01 1.228211e+03 1.108883e+03 
2.607374e-01 1.206868e+03 1.083548e+03 
2.637576e-01 1.191583e+03 1.059020e+03 
2.667778e-01 1.181173e+03 1.035267e+03 
2.697980e-01 1.174276e+03 1.012257e+03 
2.728182e-01 1.169442e+03 9.899603e+02 
2.758384e-01 1.165226e+03 9.683493e+02 
2.788586e-01 1.160286e+03 9.473966e+02 
2.818788e-01 1.153459e+03 9.270768e+02 
2.848990e-01 1.143814e+03 9.073653e+02 
2.879192e-01 1.130745e+03 8.882389e+02 
2.909394e-01 1.113922e+03 8.696754e+02 
2.939596e-01 1.093391e+03 8.516536e+02 
2.969798e-01 1.069447e+03 8.341532e+02 
3.000000e-01 1.042708e+03 8.171551e+02 
