1.000000e-03 4.681484e+03 4.681433e+03 
4.020202e-03 1.533611e+04 1.545575e+04 
7.040404e-03 2.215634e+04 2.230892e+04 
1.006061e-02 2.622024e+04 2.637759e+04 
1.308081e-02 2.827024e+04 2.843191e+04 
1.610101e-02 2.883626e+04 2.893837e+04 
1.912121e-02 2.832818e+04 2.826861e+04 
2.214141e-02 2.708215e+04 2.682957e+04 
2.516162e-02 2.538062e+04 2.502954e+04 
2.818182e-02 2.345348e+04 2.317453e+04 
3.120202e-02 2.148146e+04 2.142937e+04 
3.422222e-02 1.959614e+04 1.985255e+04 
3.724242e-02 1.788340e+04 1.844701e+04 
4.026263e-02 1.639323e+04 1.719476e+04 
4.328283e-02 1.513681e+04 1.607362e+04 
4.630303e-02 1.410459e+04 1.506342e+04 
4.932323e-02 1.329465e+04 1.414751e+04 
5.234343e-02 1.266601e+04 1.331254e+04 
5.536364e-02 1.216911e+04 1.254789e+04 
5.838384e-02 1.177078e+04 1.184498e+04 
6.140404e-02 1.142941e+04 1.119679e+04 
6.442424e-02 1.110888e+04 1.059748e+04 
6.744444e-02 1.078284e+04 1.004211e+04 
7.046465e-02 1.042982e+04 9.526442e+03 
7.348485e-02 1.003676e+04 9.046785e+03 
7.650505e-02 9.599345e+03 8.599918e+03 
7.952525e-02 9.121728e+03 8.182992e+03 
8.254545e-02 8.615581e+03 7.793471e+03 
8.556566e-02 8.096479e+03 7.429091e+03 
8.858586e-02 7.581446e+03 7.087817e+03 
9.160606e-02 7.087040e+03 6.767816e+03 
9.462626e-02 6.627414e+03 6.467433e+03 
9.764646e-02 6.214291e+03 6.185166e+03 
1.006667e-01 5.854786e+03 5.919653e+03 
1.036869e-01 5.552625e+03 5.669653e+03 
1.067071e-01 5.306418e+03 5.434035e+03 
1.097273e-01 5.111860e+03 5.211768e+03 
1.127475e-01 4.961374e+03 5.001906e+03 
1.157677e-01 4.845965e+03 4.803584e+03 
1.187879e-01 4.755593e+03 4.616010e+03 
1.218081e-01 4.680185e+03 4.438454e+03 
1.248283e-01 4.609939e+03 4.270248e+03 
1.278485e-01 4.536297e+03 4.110774e+03 
1.308687e-01 4.452109e+03 3.959465e+03 
1.338889e-01 4.352662e+03 3.815795e+03 
1.369091e-01 4.235711e+03 3.679282e+03 
1.399293e-01 4.101674e+03 3.549477e+03 
1.429495e-01 3.952928e+03 3.425966e+03 
1.459697e-01 3.793182e+03 3.308366e+03 
1.489899e-01 3.627109e+03 3.196320e+03 
1.520101e-01 3.459759e+03 3.089498e+03 
1.550303e-01 3.296321e+03 2.987594e+03 
1.580505e-01 3.141722e+03 2.890322e+03 
1.610707e-01 3.000380e+03 2.797417e+03 
1.640909e-01 2.875310e+03 2.708631e+03 
1.671111e-01 2.768195e+03 2.623734e+03 
1.701313e-01 2.678840e+03 2.542511e+03 
1.731515e-01 2.605974e+03 2.464761e+03 
1.761717e-01 2.547257e+03 2.390296e+03 
1.791919e-01 2.500008e+03 2.318940e+03 
1.822121e-01 2.461342e+03 2.250531e+03 
1.852323e-01 2.428344e+03 2.184913e+03 
1.882525e-01 2.398088e+03 2.121942e+03 
1.912727e-01 2.367672e+03 2.061483e+03 
1.942929e-01 2.334360e+03 2.003410e+03 
1.973131e-01 2.296102e+03 1.947602e+03 
2.003333e-01 2.251537e+03 1.893949e+03 
2.033535e-01 2.200424e+03 1.842343e+03 
2.063737e-01 2.143306e+03 1.792687e+03 
2.093939e-01 2.081483e+03 1.744887e+03 
2.124141e-01 2.016542e+03 1.698855e+03 
2.154343e-01 1.950221e+03 1.654507e+03 
2.184545e-01 1.884221e+03 1.611766e+03 
2.214747e-01 1.820169e+03 1.570557e+03 
2.244949e-01 1.759512e+03 1.530811e+03 
2.275152e-01 1.703468e+03 1.492462e+03 
2.305354e-01 1.652945e+03 1.455447e+03 
2.335556e-01 1.608386e+03 1.419707e+03 
2.365758e-01 1.569830e+03 1.385187e+03 
2.395960e-01 1.536856e+03 1.351833e+03 
2.426162e-01 1.508787e+03 1.319596e+03 
2.456364e-01 1.484696e+03 1.288427e+03 
2.486566e-01 1.463553e+03 1.258282e+03 
2.516768e-01 1.444244e+03 1.229118e+03 
2.546970e-01 1.425699e+03 1.200894e+03 
2.577172e-01 1.406919e+03 1.173571e+03 
2.607374e-01 1.387104e+03 1.147114e+03 
2.637576e-01 1.365628e+03 1.121486e+03 
2.667778e-01 1.342192e+03 1.096656e+03 
2.697980e-01 1.316715e+03 1.072590e+03 
2.728182e-01 1.289403e+03 1.049260e+03 
2.758384e-01 1.260615e+03 1.026636e+03 
2.788586e-01 1.230853e+03 1.004692e+03 
2.818788e-01 1.200674e+03 9.834006e+02 
2.848990e-01 1.170662e+03 9.627378e+02 
2.879192e-01 1.141382e+03 9.426798e+02 
2.909394e-01 1.113353e+03 9.232040e+02 
2.939596e-01 1.086984e+03 9.042887e+02 
2.969798e-01 1.062573e+03 8.859135e+02 
3.000000e-01 1.040285e+03 8.680587e+02 
