1.000000e-03 3.946045e+03 3.946007e+03 
4.020202e-03 1.310286e+04 1.320432e+04 
7.040404e-03 1.906994e+04 1.919652e+04 
1.006061e-02 2.270366e+04 2.282259e+04 
1.308081e-02 2.461950e+04 2.472353e+04 
1.610101e-02 2.526292e+04 2.530150e+04 
1.912121e-02 2.498059e+04 2.488398e+04 
2.214141e-02 2.405870e+04 2.382048e+04 
2.516162e-02 2.273402e+04 2.244652e+04 
2.818182e-02 2.120160e+04 2.100446e+04 
3.120202e-02 1.961358e+04 1.962301e+04 
3.422222e-02 1.808155e+04 1.835004e+04 
3.724242e-02 1.667858e+04 1.719234e+04 
4.026263e-02 1.544758e+04 1.614095e+04 
4.328283e-02 1.440051e+04 1.518311e+04 
4.630303e-02 1.352870e+04 1.430672e+04 
4.932323e-02 1.283076e+04 1.350148e+04 
5.234343e-02 1.227449e+04 1.275893e+04 
5.536364e-02 1.181540e+04 1.207216e+04 
5.838384e-02 1.142863e+04 1.143539e+04 
6.140404e-02 1.108191e+04 1.084377e+04 
6.442424e-02 1.074482e+04 1.029315e+04 
6.744444e-02 1.039693e+04 9.779885e+03 
7.046465e-02 1.002329e+04 9.300802e+03 
7.348485e-02 9.616250e+03 8.853063e+03 
7.650505e-02 9.176159e+03 8.434131e+03 
7.952525e-02 8.710572e+03 8.041725e+03 
8.254545e-02 8.231331e+03 7.673781e+03 
8.556566e-02 7.752333e+03 7.328428e+03 
8.858586e-02 7.287490e+03 7.003964e+03 
9.160606e-02 6.849151e+03 6.698839e+03 
9.462626e-02 6.447524e+03 6.411636e+03 
9.764646e-02 6.090619e+03 6.141061e+03 
1.006667e-01 5.782876e+03 5.885929e+03 
1.036869e-01 5.525534e+03 5.645152e+03 
1.067071e-01 5.315464e+03 5.417734e+03 
1.097273e-01 5.147001e+03 5.202757e+03 
1.127475e-01 5.011828e+03 4.999379e+03 
1.157677e-01 4.900935e+03 4.806824e+03 
1.187879e-01 4.805109e+03 4.624377e+03 
1.218081e-01 4.715977e+03 4.451378e+03 
1.248283e-01 4.626128e+03 4.287217e+03 
1.278485e-01 4.529576e+03 4.131333e+03 
1.308687e-01 4.421645e+03 3.983204e+03 
1.338889e-01 4.300293e+03 3.842348e+03 
1.369091e-01 4.165237e+03 3.708320e+03 
1.399293e-01 4.018567e+03 3.580705e+03 
1.429495e-01 3.863534e+03 3.459117e+03 
1.459697e-01 3.704397e+03 3.343202e+03 
1.489899e-01 3.545482e+03 3.232626e+03 
1.520101e-01 3.391048e+03 3.127080e+03 
1.550303e-01 3.244936e+03 3.026278e+03 
1.580505e-01 3.110538e+03 2.929951e+03 
1.610707e-01 2.990348e+03 2.837848e+03 
1.640909e-01 2.885824e+03 2.749737e+03 
1.671111e-01 2.797028e+03 2.665400e+03 
1.701313e-01 2.722824e+03 2.584633e+03 
1.731515e-01 2.661101e+03 2.507245e+03 
1.761717e-01 2.609224e+03 2.433057e+03 
1.791919e-01 2.564372e+03 2.361903e+03 
1.822121e-01 2.523880e+03 2.293627e+03 
1.852323e-01 2.485229e+03 2.228080e+03 
1.882525e-01 2.446128e+03 2.165124e+03 
1.912727e-01 2.404611e+03 2.104631e+03 
1.942929e-01 2.359103e+03 2.046478e+03 
1.973131e-01 2.308807e+03 1.990551e+03 
2.003333e-01 2.253537e+03 1.936742e+03 
2.033535e-01 2.193942e+03 1.884948e+03 
2.063737e-01 2.131107e+03 1.835075e+03 
2.093939e-01 2.066571e+03 1.787032e+03 
2.124141e-01 2.001895e+03 1.740734e+03 
2.154343e-01 1.938559e+03 1.696100e+03 
2.184545e-01 1.877865e+03 1.653055e+03 
2.214747e-01 1.820932e+03 1.611526e+03 
2.244949e-01 1.768525e+03 1.571447e+03 
2.275152e-01 1.721147e+03 1.532752e+03 
2.305354e-01 1.678906e+03 1.495380e+03 
2.335556e-01 1.641654e+03 1.459275e+03 
2.365758e-01 1.608933e+03 1.424382e+03 
2.395960e-01 1.580072e+03 1.390649e+03 
2.426162e-01 1.554220e+03 1.358026e+03 
2.456364e-01 1.530455e+03 1.326468e+03 
2.486566e-01 1.507830e+03 1.295930e+03 
2.516768e-01 1.485460e+03 1.266370e+03 
2.546970e-01 1.462573e+03 1.237749e+03 
2.577172e-01 1.438619e+03 1.210028e+03 
2.607374e-01 1.413274e+03 1.183171e+03 
2.637576e-01 1.386456e+03 1.157144e+03 
2.667778e-01 1.358299e+03 1.131914e+03 
2.697980e-01 1.329089e+03 1.107451e+03 
2.728182e-01 1.299225e+03 1.083724e+03 
2.758384e-01 1.269151e+03 1.060705e+03 
2.788586e-01 1.239327e+03 1.038367e+03 
2.818788e-01 1.210199e+03 1.016685e+03 
2.848990e-01 1.182184e+03 9.956338e+02 
2.879192e-01 1.155631e+03 9.751902e+02 
2.909394e-01 1.130816e+03 9.553318e+02 
2.939596e-01 1.107847e+03 9.360373e+02 
2.969798e-01 1.086727e+03 9.172860e+02 
3.000000e-01 1.067331e+03 8.990587e+02 
