1.000000e-03 3.581498e+03 3.581462e+03 
4.020202e-03 1.198586e+04 1.205994e+04 
7.040404e-03 1.753665e+04 1.760773e+04 
1.006061e-02 2.097418e+04 2.105968e+04 
1.308081e-02 2.284348e+04 2.308281e+04 
1.610101e-02 2.354246e+04 2.413705e+04 
1.912121e-02 2.338279e+04 2.453616e+04 
2.214141e-02 2.262095e+04 2.449491e+04 
2.516162e-02 2.147242e+04 2.416006e+04 
2.818182e-02 2.011381e+04 2.363200e+04 
3.120202e-02 1.868546e+04 2.297995e+04 
3.422222e-02 1.729149e+04 2.225206e+04 
3.724242e-02 1.600192e+04 2.148199e+04 
4.026263e-02 1.485920e+04 2.069335e+04 
4.328283e-02 1.387929e+04 1.990262e+04 
4.630303e-02 1.305520e+04 1.912122e+04 
4.932323e-02 1.238663e+04 1.835695e+04 
5.234343e-02 1.185214e+04 1.761500e+04 
5.536364e-02 1.140923e+04 1.689867e+04 
5.838384e-02 1.103398e+04 1.620991e+04 
6.140404e-02 1.070048e+04 1.554969e+04 
6.442424e-02 1.038046e+04 1.491827e+04 
6.744444e-02 1.005384e+04 1.431545e+04 
7.046465e-02 9.705986e+03 1.374065e+04 
7.348485e-02 9.328381e+03 1.319306e+04 
7.650505e-02 8.920371e+03 1.267174e+04 
7.952525e-02 8.487800e+03 1.217561e+04 
8.254545e-02 8.040736e+03 1.170359e+04 
8.556566e-02 7.591691e+03 1.125454e+04 
8.858586e-02 7.153036e+03 1.082733e+04 
9.160606e-02 6.736099e+03 1.042086e+04 
9.462626e-02 6.350581e+03 1.003405e+04 
9.764646e-02 6.003900e+03 9.665860e+03 
1.006667e-01 5.701325e+03 9.315294e+03 
1.036869e-01 5.444802e+03 8.981399e+03 
1.067071e-01 5.232978e+03 8.663265e+03 
1.097273e-01 5.061110e+03 8.360032e+03 
1.127475e-01 4.922294e+03 8.070885e+03 
1.157677e-01 4.808320e+03 7.795054e+03 
1.187879e-01 4.710784e+03 7.531813e+03 
1.218081e-01 4.621596e+03 7.280476e+03 
1.248283e-01 4.533872e+03 7.040397e+03 
1.278485e-01 4.441753e+03 6.810970e+03 
1.308687e-01 4.340811e+03 6.591623e+03 
1.338889e-01 4.228354e+03 6.381818e+03 
1.369091e-01 4.103441e+03 6.181049e+03 
1.399293e-01 3.967244e+03 5.988841e+03 
1.429495e-01 3.822288e+03 5.804747e+03 
1.459697e-01 3.672235e+03 5.628345e+03 
1.489899e-01 3.521056e+03 5.459239e+03 
1.520101e-01 3.372621e+03 5.297058e+03 
1.550303e-01 3.230589e+03 5.141451e+03 
1.580505e-01 3.098270e+03 4.992087e+03 
1.610707e-01 2.978194e+03 4.848656e+03 
1.640909e-01 2.872104e+03 4.710865e+03 
1.671111e-01 2.780476e+03 4.578438e+03 
1.701313e-01 2.702904e+03 4.451114e+03 
1.731515e-01 2.637784e+03 4.328649e+03 
1.761717e-01 2.582997e+03 4.210810e+03 
1.791919e-01 2.535967e+03 4.097379e+03 
1.822121e-01 2.494148e+03 3.988150e+03 
1.852323e-01 2.455128e+03 3.882927e+03 
1.882525e-01 2.416722e+03 3.781527e+03 
1.912727e-01 2.376961e+03 3.683774e+03 
1.942929e-01 2.334313e+03 3.589505e+03 
1.973131e-01 2.287636e+03 3.498563e+03 
2.003333e-01 2.236553e+03 3.410799e+03 
2.033535e-01 2.181205e+03 3.326076e+03 
2.063737e-01 2.122433e+03 3.244259e+03 
2.093939e-01 2.061388e+03 3.165223e+03 
2.124141e-01 1.999476e+03 3.088848e+03 
2.154343e-01 1.938085e+03 3.015023e+03 
2.184545e-01 1.878542e+03 2.943638e+03 
2.214747e-01 1.821934e+03 2.874593e+03 
2.244949e-01 1.769161e+03 2.807791e+03 
2.275152e-01 1.720815e+03 2.743138e+03 
2.305354e-01 1.677224e+03 2.680548e+03 
2.335556e-01 1.638363e+03 2.619938e+03 
2.365758e-01 1.603951e+03 2.561227e+03 
2.395960e-01 1.573475e+03 2.504342e+03 
2.426162e-01 1.546257e+03 2.449209e+03 
2.456364e-01 1.521518e+03 2.395760e+03 
2.486566e-01 1.498433e+03 2.343931e+03 
2.516768e-01 1.476172e+03 2.293658e+03 
2.546970e-01 1.453961e+03 2.244883e+03 
2.577172e-01 1.431143e+03 2.197548e+03 
2.607374e-01 1.407248e+03 2.151601e+03 
2.637576e-01 1.382047e+03 2.106989e+03 
2.667778e-01 1.355528e+03 2.063662e+03 
2.697980e-01 1.327889e+03 2.021575e+03 
2.728182e-01 1.299441e+03 1.980681e+03 
2.758384e-01 1.270574e+03 1.940938e+03 
2.788586e-01 1.241693e+03 1.902304e+03 
2.818788e-01 1.213191e+03 1.864741e+03 
2.848990e-01 1.185447e+03 1.828210e+03 
2.879192e-01 1.158819e+03 1.792675e+03 
2.909394e-01 1.133602e+03 1.758102e+03 
2.939596e-01 1.110021e+03 1.724457e+03 
2.969798e-01 1.088164e+03 1.691710e+03 
3.000000e-01 1.068022e+03 1.659828e+03 
