1.000000e-03 2.550782e+03 2.550758e+03 
4.020202e-03 8.628098e+03 8.694938e+03 
7.040404e-03 1.271389e+04 1.278896e+04 
1.006061e-02 1.531996e+04 1.535861e+04 
1.308081e-02 1.683731e+04 1.681999e+04 
1.610101e-02 1.755110e+04 1.745754e+04 
1.912121e-02 1.767925e+04 1.750063e+04 
2.214141e-02 1.739530e+04 1.716067e+04 
2.516162e-02 1.683990e+04 1.661172e+04 
2.818182e-02 1.612562e+04 1.596929e+04 
3.120202e-02 1.533957e+04 1.529686e+04 
3.422222e-02 1.454590e+04 1.462550e+04 
3.724242e-02 1.378741e+04 1.396965e+04 
4.026263e-02 1.309137e+04 1.333607e+04 
4.328283e-02 1.246209e+04 1.272793e+04 
4.630303e-02 1.190294e+04 1.214664e+04 
4.932323e-02 1.142093e+04 1.159267e+04 
5.234343e-02 1.099274e+04 1.106591e+04 
5.536364e-02 1.059670e+04 1.056585e+04 
5.838384e-02 1.022277e+04 1.009173e+04 
6.140404e-02 9.862248e+03 9.642614e+03 
6.442424e-02 9.506257e+03 9.217453e+03 
6.744444e-02 9.146101e+03 8.815135e+03 
7.046465e-02 8.778164e+03 8.434518e+03 
7.348485e-02 8.403109e+03 8.074456e+03 
7.650505e-02 8.025627e+03 7.733818e+03 
7.952525e-02 7.652922e+03 7.411504e+03 
8.254545e-02 7.292835e+03 7.106454e+03 
8.556566e-02 6.952108e+03 6.817651e+03 
8.858586e-02 6.635015e+03 6.544128e+03 
9.160606e-02 6.343936e+03 6.284969e+03 
9.462626e-02 6.079951e+03 6.039307e+03 
9.764646e-02 5.843438e+03 5.806327e+03 
1.006667e-01 5.633889e+03 5.585264e+03 
1.036869e-01 5.449213e+03 5.375399e+03 
1.067071e-01 5.286108e+03 5.176057e+03 
1.097273e-01 5.139103e+03 4.986610e+03 
1.127475e-01 5.002552e+03 4.806467e+03 
1.157677e-01 4.871145e+03 4.635078e+03 
1.187879e-01 4.740672e+03 4.471926e+03 
1.218081e-01 4.608604e+03 4.316531e+03 
1.248283e-01 4.473678e+03 4.168443e+03 
1.278485e-01 4.336051e+03 4.027241e+03 
1.308687e-01 4.196504e+03 3.892533e+03 
1.338889e-01 4.056376e+03 3.763951e+03 
1.369091e-01 3.917383e+03 3.641151e+03 
1.399293e-01 3.781505e+03 3.523813e+03 
1.429495e-01 3.650530e+03 3.411635e+03 
1.459697e-01 3.526069e+03 3.304337e+03 
1.489899e-01 3.409341e+03 3.201654e+03 
1.520101e-01 3.301270e+03 3.103340e+03 
1.550303e-01 3.202141e+03 3.009162e+03 
1.580505e-01 3.111879e+03 2.918905e+03 
1.610707e-01 3.029892e+03 2.832364e+03 
1.640909e-01 2.955277e+03 2.749348e+03 
1.671111e-01 2.886557e+03 2.669677e+03 
1.701313e-01 2.822114e+03 2.593182e+03 
1.731515e-01 2.760374e+03 2.519704e+03 
1.761717e-01 2.699981e+03 2.449094e+03 
1.791919e-01 2.640116e+03 2.381212e+03 
1.822121e-01 2.580196e+03 2.315925e+03 
1.852323e-01 2.519945e+03 2.253108e+03 
1.882525e-01 2.459246e+03 2.192643e+03 
1.912727e-01 2.398187e+03 2.134420e+03 
1.942929e-01 2.337050e+03 2.078333e+03 
1.973131e-01 2.276350e+03 2.024284e+03 
2.003333e-01 2.216733e+03 1.972179e+03 
2.033535e-01 2.158952e+03 1.921931e+03 
2.063737e-01 2.103586e+03 1.873454e+03 
2.093939e-01 2.051038e+03 1.826672e+03 
2.124141e-01 2.001457e+03 1.781507e+03 
2.154343e-01 1.954811e+03 1.737890e+03 
2.184545e-01 1.910965e+03 1.695754e+03 
2.214747e-01 1.869724e+03 1.655035e+03 
2.244949e-01 1.830831e+03 1.615672e+03 
2.275152e-01 1.793988e+03 1.577609e+03 
2.305354e-01 1.758823e+03 1.540790e+03 
2.335556e-01 1.724931e+03 1.505165e+03 
2.365758e-01 1.691905e+03 1.470683e+03 
2.395960e-01 1.659389e+03 1.437299e+03 
2.426162e-01 1.627214e+03 1.404969e+03 
2.456364e-01 1.595287e+03 1.373649e+03 
2.486566e-01 1.563606e+03 1.343300e+03 
2.516768e-01 1.532196e+03 1.313883e+03 
2.546970e-01 1.501101e+03 1.285363e+03 
2.577172e-01 1.470400e+03 1.257704e+03 
2.607374e-01 1.440216e+03 1.230873e+03 
2.637576e-01 1.410700e+03 1.204839e+03 
2.667778e-01 1.382033e+03 1.179572e+03 
2.697980e-01 1.354364e+03 1.155043e+03 
2.728182e-01 1.327806e+03 1.131224e+03 
2.758384e-01 1.302382e+03 1.108089e+03 
2.788586e-01 1.278037e+03 1.085613e+03 
2.818788e-01 1.254671e+03 1.063773e+03 
2.848990e-01 1.232163e+03 1.042545e+03 
2.879192e-01 1.210425e+03 1.021907e+03 
2.909394e-01 1.189386e+03 1.001840e+03 
2.939596e-01 1.168970e+03 9.823213e+02 
2.969798e-01 1.149098e+03 9.633333e+02 
3.000000e-01 1.129679e+03 9.448572e+02 
