1.000000e-03 3.356489e+03 3.356453e+03 
4.020202e-03 1.127037e+04 1.135860e+04 
7.040404e-03 1.640248e+04 1.650055e+04 
1.006061e-02 1.951161e+04 1.957156e+04 
1.308081e-02 2.116187e+04 2.116373e+04 
1.610101e-02 2.175603e+04 2.166638e+04 
1.912121e-02 2.159928e+04 2.139635e+04 
2.214141e-02 2.093347e+04 2.065493e+04 
2.516162e-02 1.995259e+04 1.969142e+04 
2.818182e-02 1.881180e+04 1.866521e+04 
3.120202e-02 1.762719e+04 1.765576e+04 
3.422222e-02 1.648197e+04 1.669454e+04 
3.724242e-02 1.542879e+04 1.579049e+04 
4.026263e-02 1.449531e+04 1.494376e+04 
4.328283e-02 1.368978e+04 1.415156e+04 
4.630303e-02 1.300424e+04 1.341039e+04 
4.932323e-02 1.242419e+04 1.271678e+04 
5.234343e-02 1.193033e+04 1.206747e+04 
5.536364e-02 1.149421e+04 1.145941e+04 
5.838384e-02 1.108949e+04 1.088979e+04 
6.140404e-02 1.069560e+04 1.035596e+04 
6.442424e-02 1.029948e+04 9.855460e+03 
6.744444e-02 9.892413e+03 9.385986e+03 
7.046465e-02 9.469847e+03 8.945380e+03 
7.348485e-02 9.032825e+03 8.531631e+03 
7.650505e-02 8.587271e+03 8.142867e+03 
7.952525e-02 8.142501e+03 7.777344e+03 
8.254545e-02 7.709428e+03 7.433444e+03 
8.556566e-02 7.298005e+03 7.109663e+03 
8.858586e-02 6.916405e+03 6.804612e+03 
9.160606e-02 6.570292e+03 6.517001e+03 
9.462626e-02 6.263159e+03 6.245636e+03 
9.764646e-02 5.996107e+03 5.989416e+03 
1.006667e-01 5.767486e+03 5.747318e+03 
1.036869e-01 5.573362e+03 5.518400e+03 
1.067071e-01 5.407224e+03 5.301787e+03 
1.097273e-01 5.261751e+03 5.096672e+03 
1.127475e-01 5.129172e+03 4.902309e+03 
1.157677e-01 5.002788e+03 4.718003e+03 
1.187879e-01 4.876791e+03 4.543116e+03 
1.218081e-01 4.747086e+03 4.377052e+03 
1.248283e-01 4.610796e+03 4.219262e+03 
1.278485e-01 4.467290e+03 4.069235e+03 
1.308687e-01 4.317184e+03 3.926497e+03 
1.338889e-01 4.162820e+03 3.790607e+03 
1.369091e-01 4.007134e+03 3.661157e+03 
1.399293e-01 3.853574e+03 3.537766e+03 
1.429495e-01 3.705064e+03 3.420080e+03 
1.459697e-01 3.563924e+03 3.307769e+03 
1.489899e-01 3.432077e+03 3.200526e+03 
1.520101e-01 3.311121e+03 3.098065e+03 
1.550303e-01 3.202053e+03 3.000118e+03 
1.580505e-01 3.105363e+03 2.906436e+03 
1.610707e-01 3.020416e+03 2.816786e+03 
1.640909e-01 2.945859e+03 2.730948e+03 
1.671111e-01 2.879235e+03 2.648720e+03 
1.701313e-01 2.818009e+03 2.569910e+03 
1.731515e-01 2.759884e+03 2.494340e+03 
1.761717e-01 2.703039e+03 2.421840e+03 
1.791919e-01 2.646214e+03 2.352254e+03 
1.822121e-01 2.588500e+03 2.285435e+03 
1.852323e-01 2.529274e+03 2.221242e+03 
1.882525e-01 2.468167e+03 2.159546e+03 
1.912727e-01 2.405056e+03 2.100223e+03 
1.942929e-01 2.340455e+03 2.043159e+03 
1.973131e-01 2.275202e+03 1.988244e+03 
2.003333e-01 2.210498e+03 1.935376e+03 
2.033535e-01 2.147528e+03 1.884459e+03 
2.063737e-01 2.087258e+03 1.835400e+03 
2.093939e-01 2.030364e+03 1.788114e+03 
2.124141e-01 1.977137e+03 1.742520e+03 
2.154343e-01 1.927691e+03 1.698541e+03 
2.184545e-01 1.881982e+03 1.656105e+03 
2.214747e-01 1.839827e+03 1.615142e+03 
2.244949e-01 1.800930e+03 1.575587e+03 
2.275152e-01 1.764813e+03 1.537380e+03 
2.305354e-01 1.730906e+03 1.500461e+03 
2.335556e-01 1.698568e+03 1.464776e+03 
2.365758e-01 1.667178e+03 1.430272e+03 
2.395960e-01 1.636223e+03 1.396900e+03 
2.426162e-01 1.605311e+03 1.364611e+03 
2.456364e-01 1.574233e+03 1.333362e+03 
2.486566e-01 1.542877e+03 1.303110e+03 
2.516768e-01 1.511228e+03 1.273814e+03 
2.546970e-01 1.479405e+03 1.245435e+03 
2.577172e-01 1.447627e+03 1.217938e+03 
2.607374e-01 1.416158e+03 1.191287e+03 
2.637576e-01 1.385284e+03 1.165449e+03 
2.667778e-01 1.355297e+03 1.140393e+03 
2.697980e-01 1.326450e+03 1.116087e+03 
2.728182e-01 1.298864e+03 1.092505e+03 
2.758384e-01 1.272603e+03 1.069617e+03 
2.788586e-01 1.247662e+03 1.047399e+03 
2.818788e-01 1.223992e+03 1.025825e+03 
2.848990e-01 1.201494e+03 1.004871e+03 
2.879192e-01 1.180056e+03 9.845140e+02 
2.909394e-01 1.159551e+03 9.647332e+02 
2.939596e-01 1.139813e+03 9.455072e+02 
2.969798e-01 1.120656e+03 9.268163e+02 
3.000000e-01 1.101910e+03 9.086415e+02 
