1.000000e-03 2.220081e+03 2.220060e+03 
4.020202e-03 7.450866e+03 7.509390e+03 
7.040404e-03 1.096658e+04 1.102771e+04 
1.006061e-02 1.323418e+04 1.324695e+04 
1.308081e-02 1.460049e+04 1.454061e+04 
1.610101e-02 1.531252e+04 1.517021e+04 
1.912121e-02 1.555310e+04 1.533728e+04 
2.214141e-02 1.546202e+04 1.520527e+04 
2.516162e-02 1.514758e+04 1.489427e+04 
2.818182e-02 1.469419e+04 1.448132e+04 
3.120202e-02 1.416526e+04 1.401231e+04 
3.422222e-02 1.360659e+04 1.351458e+04 
3.724242e-02 1.304894e+04 1.300514e+04 
4.026263e-02 1.251246e+04 1.249501e+04 
4.328283e-02 1.200202e+04 1.199157e+04 
4.630303e-02 1.152047e+04 1.149975e+04 
4.932323e-02 1.107778e+04 1.102282e+04 
5.234343e-02 1.066154e+04 1.056285e+04 
5.536364e-02 1.025712e+04 1.012106e+04 
5.838384e-02 9.864974e+03 9.698046e+03 
6.140404e-02 9.485386e+03 9.293944e+03 
6.442424e-02 9.116417e+03 8.908583e+03 
6.744444e-02 8.755360e+03 8.541570e+03 
7.046465e-02 8.400334e+03 8.192356e+03 
7.348485e-02 8.053088e+03 7.860292e+03 
7.650505e-02 7.717135e+03 7.544672e+03 
7.952525e-02 7.397366e+03 7.244751e+03 
8.254545e-02 7.097269e+03 6.959777e+03 
8.556566e-02 6.818763e+03 6.688999e+03 
8.858586e-02 6.561011e+03 6.431679e+03 
9.160606e-02 6.322227e+03 6.187102e+03 
9.462626e-02 6.100350e+03 5.954575e+03 
9.764646e-02 5.893782e+03 5.733439e+03 
1.006667e-01 5.701343e+03 5.523061e+03 
1.036869e-01 5.521477e+03 5.322843e+03 
1.067071e-01 5.352120e+03 5.132217e+03 
1.097273e-01 5.190235e+03 4.950645e+03 
1.127475e-01 5.033166e+03 4.777622e+03 
1.157677e-01 4.879020e+03 4.612671e+03 
1.187879e-01 4.726731e+03 4.455343e+03 
1.218081e-01 4.576719e+03 4.305215e+03 
1.248283e-01 4.429735e+03 4.161890e+03 
1.278485e-01 4.286972e+03 4.024995e+03 
1.308687e-01 4.149600e+03 3.894180e+03 
1.338889e-01 4.018361e+03 3.769117e+03 
1.369091e-01 3.893806e+03 3.649495e+03 
1.399293e-01 3.775974e+03 3.535025e+03 
1.429495e-01 3.664696e+03 3.425435e+03 
1.459697e-01 3.559642e+03 3.320467e+03 
1.489899e-01 3.460391e+03 3.219882e+03 
1.520101e-01 3.366541e+03 3.123452e+03 
1.550303e-01 3.277691e+03 3.030966e+03 
1.580505e-01 3.193329e+03 2.942224e+03 
1.610707e-01 3.112816e+03 2.857036e+03 
1.640909e-01 3.035437e+03 2.775226e+03 
1.671111e-01 2.960376e+03 2.696626e+03 
1.701313e-01 2.886990e+03 2.621080e+03 
1.731515e-01 2.815036e+03 2.548440e+03 
1.761717e-01 2.744440e+03 2.478565e+03 
1.791919e-01 2.675511e+03 2.411324e+03 
1.822121e-01 2.608577e+03 2.346592e+03 
1.852323e-01 2.543732e+03 2.284252e+03 
1.882525e-01 2.480995e+03 2.224193e+03 
1.912727e-01 2.420348e+03 2.166311e+03 
1.942929e-01 2.361766e+03 2.110505e+03 
1.973131e-01 2.305335e+03 2.056682e+03 
2.003333e-01 2.251199e+03 2.004754e+03 
2.033535e-01 2.199403e+03 1.954637e+03 
2.063737e-01 2.149901e+03 1.906250e+03 
2.093939e-01 2.102505e+03 1.859519e+03 
2.124141e-01 2.056871e+03 1.814371e+03 
2.154343e-01 2.012708e+03 1.770740e+03 
2.184545e-01 1.969834e+03 1.728561e+03 
2.214747e-01 1.928121e+03 1.687773e+03 
2.244949e-01 1.887543e+03 1.648317e+03 
2.275152e-01 1.848074e+03 1.610140e+03 
2.305354e-01 1.809656e+03 1.573187e+03 
2.335556e-01 1.772224e+03 1.537410e+03 
2.365758e-01 1.735735e+03 1.502761e+03 
2.395960e-01 1.700157e+03 1.469196e+03 
2.426162e-01 1.665500e+03 1.436670e+03 
2.456364e-01 1.631792e+03 1.405144e+03 
2.486566e-01 1.599053e+03 1.374578e+03 
2.516768e-01 1.567298e+03 1.344936e+03 
2.546970e-01 1.536516e+03 1.316181e+03 
2.577172e-01 1.506674e+03 1.288280e+03 
2.607374e-01 1.477731e+03 1.261201e+03 
2.637576e-01 1.449645e+03 1.234913e+03 
2.667778e-01 1.422374e+03 1.209387e+03 
2.697980e-01 1.395886e+03 1.184595e+03 
2.728182e-01 1.370143e+03 1.160509e+03 
2.758384e-01 1.345090e+03 1.137105e+03 
2.788586e-01 1.320676e+03 1.114357e+03 
2.818788e-01 1.296867e+03 1.092243e+03 
2.848990e-01 1.273634e+03 1.070739e+03 
2.879192e-01 1.250954e+03 1.049825e+03 
2.909394e-01 1.228807e+03 1.029479e+03 
2.939596e-01 1.207180e+03 1.009683e+03 
2.969798e-01 1.186067e+03 9.904167e+02 
3.000000e-01 1.165465e+03 9.716626e+02 
