1.000000e-03 3.116271e+03 3.116241e+03 
4.020202e-03 1.049721e+04 1.057765e+04 
7.040404e-03 1.546518e+04 1.556615e+04 
1.006061e-02 1.861961e+04 1.870800e+04 
1.308081e-02 2.041204e+04 2.047856e+04 
1.610101e-02 2.117695e+04 2.118627e+04 
1.912121e-02 2.117920e+04 2.108201e+04 
2.214141e-02 2.063773e+04 2.043037e+04 
2.516162e-02 1.973797e+04 1.948755e+04 
2.818182e-02 1.863295e+04 1.844456e+04 
3.120202e-02 1.744542e+04 1.740948e+04 
3.422222e-02 1.626765e+04 1.642889e+04 
3.724242e-02 1.516331e+04 1.551627e+04 
4.026263e-02 1.417209e+04 1.467103e+04 
4.328283e-02 1.331138e+04 1.388789e+04 
4.630303e-02 1.257716e+04 1.316082e+04 
4.932323e-02 1.197025e+04 1.248425e+04 
5.234343e-02 1.147657e+04 1.185337e+04 
5.536364e-02 1.106003e+04 1.126410e+04 
5.838384e-02 1.069688e+04 1.071293e+04 
6.140404e-02 1.036805e+04 1.019678e+04 
6.442424e-02 1.005456e+04 9.712949e+03 
6.744444e-02 9.736707e+03 9.259002e+03 
7.046465e-02 9.400515e+03 8.832739e+03 
7.348485e-02 9.039019e+03 8.432160e+03 
7.650505e-02 8.651744e+03 8.055430e+03 
7.952525e-02 8.244569e+03 7.700866e+03 
8.254545e-02 7.827426e+03 7.366920e+03 
8.556566e-02 7.411662e+03 7.052162e+03 
8.858586e-02 7.007870e+03 6.755275e+03 
9.160606e-02 6.625258e+03 6.475043e+03 
9.462626e-02 6.271236e+03 6.210341e+03 
9.764646e-02 5.951415e+03 5.960130e+03 
1.006667e-01 5.670045e+03 5.723449e+03 
1.036869e-01 5.428790e+03 5.499409e+03 
1.067071e-01 5.227024e+03 5.287188e+03 
1.097273e-01 5.060713e+03 5.086024e+03 
1.127475e-01 4.923847e+03 4.895212e+03 
1.157677e-01 4.808605e+03 4.714097e+03 
1.187879e-01 4.707250e+03 4.542072e+03 
1.218081e-01 4.612375e+03 4.378576e+03 
1.248283e-01 4.518032e+03 4.223086e+03 
1.278485e-01 4.419332e+03 4.075117e+03 
1.308687e-01 4.313187e+03 3.934218e+03 
1.338889e-01 4.197664e+03 3.799969e+03 
1.369091e-01 4.072484e+03 3.671980e+03 
1.399293e-01 3.938572e+03 3.549888e+03 
1.429495e-01 3.798194e+03 3.433353e+03 
1.459697e-01 3.654312e+03 3.322062e+03 
1.489899e-01 3.510376e+03 3.215717e+03 
1.520101e-01 3.369846e+03 3.114045e+03 
1.550303e-01 3.236050e+03 3.016788e+03 
1.580505e-01 3.111683e+03 2.923707e+03 
1.610707e-01 2.998881e+03 2.834576e+03 
1.640909e-01 2.898775e+03 2.749184e+03 
1.671111e-01 2.811664e+03 2.667335e+03 
1.701313e-01 2.736794e+03 2.588844e+03 
1.731515e-01 2.672731e+03 2.513537e+03 
1.761717e-01 2.617472e+03 2.441252e+03 
1.791919e-01 2.568805e+03 2.371836e+03 
1.822121e-01 2.524454e+03 2.305146e+03 
1.852323e-01 2.482377e+03 2.241046e+03 
1.882525e-01 2.440683e+03 2.179409e+03 
1.912727e-01 2.397702e+03 2.120117e+03 
1.942929e-01 2.352092e+03 2.063055e+03 
1.973131e-01 2.303043e+03 2.008119e+03 
2.003333e-01 2.250298e+03 1.955208e+03 
2.033535e-01 2.194177e+03 1.904228e+03 
2.063737e-01 2.135547e+03 1.855089e+03 
2.093939e-01 2.075610e+03 1.807707e+03 
2.124141e-01 2.015548e+03 1.762003e+03 
2.154343e-01 1.956500e+03 1.717901e+03 
2.184545e-01 1.899481e+03 1.675330e+03 
2.214747e-01 1.845383e+03 1.634223e+03 
2.244949e-01 1.794900e+03 1.594516e+03 
2.275152e-01 1.748522e+03 1.556148e+03 
2.305354e-01 1.706495e+03 1.519062e+03 
2.335556e-01 1.668763e+03 1.483204e+03 
2.365758e-01 1.635014e+03 1.448522e+03 
2.395960e-01 1.604672e+03 1.414967e+03 
2.426162e-01 1.577036e+03 1.382492e+03 
2.456364e-01 1.551354e+03 1.351053e+03 
2.486566e-01 1.526902e+03 1.320609e+03 
2.516768e-01 1.503037e+03 1.291118e+03 
2.546970e-01 1.479189e+03 1.262544e+03 
2.577172e-01 1.454874e+03 1.234850e+03 
2.607374e-01 1.429739e+03 1.208001e+03 
2.637576e-01 1.403564e+03 1.181965e+03 
2.667778e-01 1.376348e+03 1.156710e+03 
2.697980e-01 1.348241e+03 1.132207e+03 
2.728182e-01 1.319584e+03 1.108426e+03 
2.758384e-01 1.290779e+03 1.085341e+03 
2.788586e-01 1.262235e+03 1.062926e+03 
2.818788e-01 1.234323e+03 1.041156e+03 
2.848990e-01 1.207351e+03 1.020007e+03 
2.879192e-01 1.181556e+03 9.994567e+02 
2.909394e-01 1.157108e+03 9.794838e+02 
2.939596e-01 1.134118e+03 9.600673e+02 
2.969798e-01 1.112651e+03 9.411874e+02 
3.000000e-01 1.092680e+03 9.228253e+02 
