1.000000e-03 3.662686e+03 3.662653e+03 
4.020202e-03 1.232143e+04 1.241722e+04 
7.040404e-03 1.812804e+04 1.825664e+04 
1.006061e-02 2.178467e+04 2.192091e+04 
1.308081e-02 2.381545e+04 2.396203e+04 
1.610101e-02 2.461069e+04 2.472406e+04 
1.912121e-02 2.448139e+04 2.447684e+04 
2.214141e-02 2.368923e+04 2.352069e+04 
2.516162e-02 2.245872e+04 2.217802e+04 
2.818182e-02 2.097900e+04 2.071408e+04 
3.120202e-02 1.940324e+04 1.928985e+04 
3.422222e-02 1.784871e+04 1.797561e+04 
3.724242e-02 1.639723e+04 1.678798e+04 
4.026263e-02 1.510143e+04 1.571980e+04 
4.328283e-02 1.398403e+04 1.475657e+04 
4.630303e-02 1.304326e+04 1.388344e+04 
4.932323e-02 1.228358e+04 1.308754e+04 
5.234343e-02 1.168566e+04 1.235832e+04 
5.536364e-02 1.120948e+04 1.168729e+04 
5.838384e-02 1.082505e+04 1.106758e+04 
6.140404e-02 1.050517e+04 1.049355e+04 
6.442424e-02 1.022230e+04 9.960504e+03 
6.744444e-02 9.948062e+03 9.464474e+03 
7.046465e-02 9.660559e+03 9.002049e+03 
7.348485e-02 9.344761e+03 8.570263e+03 
7.650505e-02 8.992615e+03 8.166506e+03 
7.952525e-02 8.603840e+03 7.788465e+03 
8.254545e-02 8.184494e+03 7.434074e+03 
8.556566e-02 7.745398e+03 7.101476e+03 
8.858586e-02 7.299316e+03 6.788998e+03 
9.160606e-02 6.859223e+03 6.495122e+03 
9.462626e-02 6.437398e+03 6.218470e+03 
9.764646e-02 6.044705e+03 5.957789e+03 
1.006667e-01 5.690116e+03 5.711931e+03 
1.036869e-01 5.380070e+03 5.479851e+03 
1.067071e-01 5.117534e+03 5.260588e+03 
1.097273e-01 4.902378e+03 5.053263e+03 
1.127475e-01 4.730704e+03 4.857067e+03 
1.157677e-01 4.596472e+03 4.671256e+03 
1.187879e-01 4.491756e+03 4.495145e+03 
1.218081e-01 4.408252e+03 4.328103e+03 
1.248283e-01 4.337859e+03 4.169547e+03 
1.278485e-01 4.272948e+03 4.018939e+03 
1.308687e-01 4.206529e+03 3.875781e+03 
1.338889e-01 4.132905e+03 3.739611e+03 
1.369091e-01 4.047578e+03 3.610002e+03 
1.399293e-01 3.948235e+03 3.486559e+03 
1.429495e-01 3.834070e+03 3.368913e+03 
1.459697e-01 3.706528e+03 3.256723e+03 
1.489899e-01 3.568234e+03 3.149671e+03 
1.520101e-01 3.423112e+03 3.047461e+03 
1.550303e-01 3.275390e+03 2.949818e+03 
1.580505e-01 3.129447e+03 2.856486e+03 
1.610707e-01 2.989430e+03 2.767223e+03 
1.640909e-01 2.859153e+03 2.681808e+03 
1.671111e-01 2.741367e+03 2.600031e+03 
1.701313e-01 2.638008e+03 2.521696e+03 
1.731515e-01 2.549681e+03 2.446620e+03 
1.761717e-01 2.476077e+03 2.374633e+03 
1.791919e-01 2.415808e+03 2.305574e+03 
1.822121e-01 2.366987e+03 2.239292e+03 
1.852323e-01 2.327339e+03 2.175646e+03 
1.882525e-01 2.294352e+03 2.114504e+03 
1.912727e-01 2.265412e+03 2.055740e+03 
1.942929e-01 2.237949e+03 1.999238e+03 
1.973131e-01 2.209562e+03 1.944888e+03 
2.003333e-01 2.178229e+03 1.892586e+03 
2.033535e-01 2.142439e+03 1.842233e+03 
2.063737e-01 2.101342e+03 1.793738e+03 
2.093939e-01 2.054807e+03 1.747014e+03 
2.124141e-01 2.003294e+03 1.701978e+03 
2.154343e-01 1.947783e+03 1.658554e+03 
2.184545e-01 1.889524e+03 1.616668e+03 
2.214747e-01 1.829979e+03 1.576251e+03 
2.244949e-01 1.770651e+03 1.537238e+03 
2.275152e-01 1.713021e+03 1.499566e+03 
2.305354e-01 1.658384e+03 1.463177e+03 
2.335556e-01 1.607788e+03 1.428015e+03 
2.365758e-01 1.561932e+03 1.394028e+03 
2.395960e-01 1.521223e+03 1.361166e+03 
2.426162e-01 1.485638e+03 1.329381e+03 
2.456364e-01 1.454922e+03 1.298629e+03 
2.486566e-01 1.428559e+03 1.268866e+03 
2.516768e-01 1.405890e+03 1.240053e+03 
2.546970e-01 1.386080e+03 1.212151e+03 
2.577172e-01 1.368222e+03 1.185122e+03 
2.607374e-01 1.351358e+03 1.158933e+03 
2.637576e-01 1.334577e+03 1.133550e+03 
2.667778e-01 1.317046e+03 1.108941e+03 
2.697980e-01 1.298194e+03 1.085076e+03 
2.728182e-01 1.277639e+03 1.061927e+03 
2.758384e-01 1.255303e+03 1.039466e+03 
2.788586e-01 1.231271e+03 1.017667e+03 
2.818788e-01 1.205806e+03 9.965052e+02 
2.848990e-01 1.179263e+03 9.759569e+02 
2.879192e-01 1.152069e+03 9.559993e+02 
2.909394e-01 1.124685e+03 9.366108e+02 
2.939596e-01 1.097590e+03 9.177707e+02 
2.969798e-01 1.071280e+03 8.994591e+02 
3.000000e-01 1.046211e+03 8.816571e+02 
