1.000000e-03 6.172655e+03 6.172590e+03 
4.020202e-03 2.041415e+04 2.057360e+04 
7.040404e-03 2.959024e+04 2.981479e+04 
1.006061e-02 3.503667e+04 3.532999e+04 
1.308081e-02 3.770015e+04 3.809559e+04 
1.610101e-02 3.827174e+04 3.867262e+04 
1.912121e-02 3.730488e+04 3.749451e+04 
2.214141e-02 3.526913e+04 3.509129e+04 
2.516162e-02 3.257115e+04 3.208090e+04 
2.818182e-02 2.955131e+04 2.899166e+04 
3.120202e-02 2.648163e+04 2.613870e+04 
3.422222e-02 2.356284e+04 2.364017e+04 
3.724242e-02 2.092832e+04 2.149794e+04 
4.026263e-02 1.865400e+04 1.966678e+04 
4.328283e-02 1.675287e+04 1.809196e+04 
4.630303e-02 1.522632e+04 1.672439e+04 
4.932323e-02 1.405914e+04 1.552437e+04 
5.234343e-02 1.318852e+04 1.446111e+04 
5.536364e-02 1.255832e+04 1.351099e+04 
5.838384e-02 1.211314e+04 1.265582e+04 
6.140404e-02 1.179406e+04 1.188143e+04 
6.442424e-02 1.154777e+04 1.117660e+04 
6.744444e-02 1.132717e+04 1.053233e+04 
7.046465e-02 1.109193e+04 9.941246e+03 
7.348485e-02 1.080979e+04 9.397253e+03 
7.650505e-02 1.045936e+04 8.895215e+03 
7.952525e-02 1.003174e+04 8.430767e+03 
8.254545e-02 9.530328e+03 8.000157e+03 
8.556566e-02 8.969441e+03 7.600131e+03 
8.858586e-02 8.370274e+03 7.227847e+03 
9.160606e-02 7.757322e+03 6.880804e+03 
9.462626e-02 7.155969e+03 6.556789e+03 
9.764646e-02 6.588723e+03 6.253838e+03 
1.006667e-01 6.074783e+03 5.970195e+03 
1.036869e-01 5.626523e+03 5.704288e+03 
1.067071e-01 5.251228e+03 5.454701e+03 
1.097273e-01 4.950012e+03 5.220162e+03 
1.127475e-01 4.719582e+03 4.999516e+03 
1.157677e-01 4.553152e+03 4.791720e+03 
1.187879e-01 4.441339e+03 4.595824e+03 
1.218081e-01 4.373212e+03 4.410965e+03 
1.248283e-01 4.336306e+03 4.236356e+03 
1.278485e-01 4.317694e+03 4.071276e+03 
1.308687e-01 4.304353e+03 3.915068e+03 
1.338889e-01 4.284659e+03 3.767127e+03 
1.369091e-01 4.248583e+03 3.626901e+03 
1.399293e-01 4.189397e+03 3.493880e+03 
1.429495e-01 4.102874e+03 3.367596e+03 
1.459697e-01 3.987942e+03 3.247617e+03 
1.489899e-01 3.846210e+03 3.133543e+03 
1.520101e-01 3.681670e+03 3.025008e+03 
1.550303e-01 3.500697e+03 2.921670e+03 
1.580505e-01 3.310969e+03 2.823215e+03 
1.610707e-01 3.121135e+03 2.729350e+03 
1.640909e-01 2.939200e+03 2.639804e+03 
1.671111e-01 2.771916e+03 2.554325e+03 
1.701313e-01 2.623774e+03 2.472678e+03 
1.731515e-01 2.497488e+03 2.394647e+03 
1.761717e-01 2.393772e+03 2.320027e+03 
1.791919e-01 2.312254e+03 2.248630e+03 
1.822121e-01 2.251470e+03 2.180279e+03 
1.852323e-01 2.209205e+03 2.114809e+03 
1.882525e-01 2.182539e+03 2.052066e+03 
1.912727e-01 2.167687e+03 1.991906e+03 
1.942929e-01 2.160373e+03 1.934193e+03 
1.973131e-01 2.155958e+03 1.878801e+03 
2.003333e-01 2.150080e+03 1.825611e+03 
2.033535e-01 2.138940e+03 1.774513e+03 
2.063737e-01 2.119813e+03 1.725401e+03 
2.093939e-01 2.090893e+03 1.678177e+03 
2.124141e-01 2.051566e+03 1.632750e+03 
2.154343e-01 2.002004e+03 1.589031e+03 
2.184545e-01 1.943297e+03 1.546940e+03 
2.214747e-01 1.877207e+03 1.506399e+03 
2.244949e-01 1.806082e+03 1.467335e+03 
2.275152e-01 1.732638e+03 1.429680e+03 
2.305354e-01 1.659689e+03 1.393370e+03 
2.335556e-01 1.589843e+03 1.358342e+03 
2.365758e-01 1.525272e+03 1.324540e+03 
2.395960e-01 1.467528e+03 1.291909e+03 
2.426162e-01 1.417572e+03 1.260396e+03 
2.456364e-01 1.375864e+03 1.229954e+03 
2.486566e-01 1.342273e+03 1.200535e+03 
2.516768e-01 1.316296e+03 1.172096e+03 
2.546970e-01 1.297000e+03 1.144595e+03 
2.577172e-01 1.283156e+03 1.117994e+03 
2.607374e-01 1.273275e+03 1.092253e+03 
2.637576e-01 1.265753e+03 1.067338e+03 
2.667778e-01 1.258973e+03 1.043215e+03 
2.697980e-01 1.251468e+03 1.019852e+03 
2.728182e-01 1.241990e+03 9.972177e+02 
2.758384e-01 1.229601e+03 9.752839e+02 
2.788586e-01 1.213707e+03 9.540225e+02 
2.818788e-01 1.194013e+03 9.334072e+02 
2.848990e-01 1.170606e+03 9.134131e+02 
2.879192e-01 1.143834e+03 8.940161e+02 
2.909394e-01 1.114358e+03 8.751936e+02 
2.939596e-01 1.083023e+03 8.569237e+02 
2.969798e-01 1.050827e+03 8.391857e+02 
3.000000e-01 1.018777e+03 8.219599e+02 
