1.000000e-03 3.684944e+03 3.684906e+03 
4.020202e-03 1.241546e+04 1.251122e+04 
7.040404e-03 1.824195e+04 1.836729e+04 
1.006061e-02 2.188086e+04 2.201019e+04 
1.308081e-02 2.387263e+04 2.400518e+04 
1.610101e-02 2.461858e+04 2.470610e+04 
1.912121e-02 2.443869e+04 2.439762e+04 
2.214141e-02 2.360170e+04 2.339776e+04 
2.516162e-02 2.233793e+04 2.203779e+04 
2.818182e-02 2.083908e+04 2.057855e+04 
3.120202e-02 1.925895e+04 1.917067e+04 
3.422222e-02 1.771382e+04 1.787580e+04 
3.724242e-02 1.628323e+04 1.670588e+04 
4.026263e-02 1.501686e+04 1.565208e+04 
4.328283e-02 1.393213e+04 1.469982e+04 
4.630303e-02 1.302626e+04 1.383477e+04 
4.932323e-02 1.230259e+04 1.304470e+04 
5.234343e-02 1.173363e+04 1.231966e+04 
5.536364e-02 1.127849e+04 1.165162e+04 
5.838384e-02 1.090820e+04 1.103404e+04 
6.140404e-02 1.059407e+04 1.046156e+04 
6.442424e-02 1.030692e+04 9.929660e+03 
6.744444e-02 1.001926e+04 9.434505e+03 
7.046465e-02 9.711253e+03 8.972773e+03 
7.348485e-02 9.370305e+03 8.541562e+03 
7.650505e-02 8.991219e+03 8.138307e+03 
7.952525e-02 8.576836e+03 7.760724e+03 
8.254545e-02 8.136094e+03 7.406767e+03 
8.556566e-02 7.681384e+03 7.074592e+03 
8.858586e-02 7.226364e+03 6.762533e+03 
9.160606e-02 6.784409e+03 6.469078e+03 
9.462626e-02 6.367567e+03 6.192853e+03 
9.764646e-02 5.986327e+03 5.932603e+03 
1.006667e-01 5.648403e+03 5.687183e+03 
1.036869e-01 5.358994e+03 5.455546e+03 
1.067071e-01 5.118745e+03 5.236731e+03 
1.097273e-01 4.925416e+03 5.029857e+03 
1.127475e-01 4.773031e+03 4.834113e+03 
1.157677e-01 4.654112e+03 4.648756e+03 
1.187879e-01 4.559960e+03 4.473099e+03 
1.218081e-01 4.481922e+03 4.306509e+03 
1.248283e-01 4.411583e+03 4.148402e+03 
1.278485e-01 4.341577e+03 3.998240e+03 
1.308687e-01 4.265444e+03 3.855523e+03 
1.338889e-01 4.178384e+03 3.719789e+03 
1.369091e-01 4.077221e+03 3.590611e+03 
1.399293e-01 3.960982e+03 3.467593e+03 
1.429495e-01 3.830685e+03 3.350365e+03 
1.459697e-01 3.689044e+03 3.238585e+03 
1.489899e-01 3.539914e+03 3.131936e+03 
1.520101e-01 3.387703e+03 3.030122e+03 
1.550303e-01 3.236960e+03 2.932867e+03 
1.580505e-01 3.092061e+03 2.839914e+03 
1.610707e-01 2.956932e+03 2.751023e+03 
1.640909e-01 2.834616e+03 2.665971e+03 
1.671111e-01 2.727163e+03 2.584549e+03 
1.701313e-01 2.635286e+03 2.506561e+03 
1.731515e-01 2.558716e+03 2.431825e+03 
1.761717e-01 2.495956e+03 2.360169e+03 
1.791919e-01 2.444965e+03 2.291433e+03 
1.822121e-01 2.403260e+03 2.225466e+03 
1.852323e-01 2.368214e+03 2.162127e+03 
1.882525e-01 2.337106e+03 2.101285e+03 
1.912727e-01 2.307311e+03 2.042814e+03 
1.942929e-01 2.276343e+03 1.986597e+03 
1.973131e-01 2.242198e+03 1.932524e+03 
2.003333e-01 2.203325e+03 1.880492e+03 
2.033535e-01 2.159002e+03 1.830403e+03 
2.063737e-01 2.109143e+03 1.782165e+03 
2.093939e-01 2.054411e+03 1.735691e+03 
2.124141e-01 1.995901e+03 1.690900e+03 
2.154343e-01 1.935017e+03 1.647713e+03 
2.184545e-01 1.873302e+03 1.606058e+03 
2.214747e-01 1.812327e+03 1.565867e+03 
2.244949e-01 1.753555e+03 1.527073e+03 
2.275152e-01 1.698266e+03 1.489614e+03 
2.305354e-01 1.647431e+03 1.453434e+03 
2.335556e-01 1.601664e+03 1.418475e+03 
2.365758e-01 1.561232e+03 1.384686e+03 
2.395960e-01 1.526014e+03 1.352016e+03 
2.426162e-01 1.495639e+03 1.320419e+03 
2.456364e-01 1.469480e+03 1.289850e+03 
2.486566e-01 1.446770e+03 1.260266e+03 
2.516768e-01 1.426592e+03 1.231626e+03 
2.546970e-01 1.407977e+03 1.203893e+03 
2.577172e-01 1.389925e+03 1.177030e+03 
2.607374e-01 1.371547e+03 1.151001e+03 
2.637576e-01 1.352084e+03 1.125774e+03 
2.667778e-01 1.331076e+03 1.101318e+03 
2.697980e-01 1.308271e+03 1.077603e+03 
2.728182e-01 1.283721e+03 1.054599e+03 
2.758384e-01 1.257621e+03 1.032279e+03 
2.788586e-01 1.230301e+03 1.010619e+03 
2.818788e-01 1.202183e+03 9.895916e+02 
2.848990e-01 1.173747e+03 9.691747e+02 
2.879192e-01 1.145484e+03 9.493454e+02 
2.909394e-01 1.117890e+03 9.300820e+02 
2.939596e-01 1.091448e+03 9.113639e+02 
2.969798e-01 1.066566e+03 8.931715e+02 
3.000000e-01 1.043516e+03 8.754858e+02 
