1.000000e-03 6.035716e+03 6.035655e+03 
4.020202e-03 2.038287e+04 2.054268e+04 
7.040404e-03 2.984153e+04 3.007420e+04 
1.006061e-02 3.558087e+04 3.589759e+04 
1.308081e-02 3.848999e+04 3.893613e+04 
1.610101e-02 3.923553e+04 3.972176e+04 
1.912121e-02 3.836428e+04 3.865678e+04 
2.214141e-02 3.634855e+04 3.624706e+04 
2.516162e-02 3.360323e+04 3.311931e+04 
2.818182e-02 3.048225e+04 2.984581e+04 
3.120202e-02 2.727407e+04 2.679315e+04 
3.422222e-02 2.419504e+04 2.411418e+04 
3.724242e-02 2.139336e+04 2.182493e+04 
4.026263e-02 1.895667e+04 1.988094e+04 
4.328283e-02 1.690740e+04 1.822250e+04 
4.630303e-02 1.525071e+04 1.679421e+04 
4.932323e-02 1.397449e+04 1.555068e+04 
5.234343e-02 1.302128e+04 1.445656e+04 
5.536364e-02 1.233330e+04 1.348477e+04 
5.838384e-02 1.185478e+04 1.261458e+04 
6.140404e-02 1.152897e+04 1.182999e+04 
6.442424e-02 1.129911e+04 1.111845e+04 
6.744444e-02 1.111496e+04 1.047000e+04 
7.046465e-02 1.093287e+04 9.876578e+03 
7.348485e-02 1.071528e+04 9.331575e+03 
7.650505e-02 1.043444e+04 8.829489e+03 
7.952525e-02 1.007459e+04 8.365682e+03 
8.254545e-02 9.632561e+03 7.936204e+03 
8.556566e-02 9.116964e+03 7.537651e+03 
8.858586e-02 8.545454e+03 7.167073e+03 
9.160606e-02 7.941324e+03 6.821887e+03 
9.462626e-02 7.330622e+03 6.499819e+03 
9.764646e-02 6.738271e+03 6.198861e+03 
1.006667e-01 6.187015e+03 5.917222e+03 
1.036869e-01 5.693498e+03 5.653306e+03 
1.067071e-01 5.269285e+03 5.405682e+03 
1.097273e-01 4.919219e+03 5.173062e+03 
1.127475e-01 4.643210e+03 4.954284e+03 
1.157677e-01 4.437033e+03 4.748298e+03 
1.187879e-01 4.293347e+03 4.554151e+03 
1.218081e-01 4.202887e+03 4.370977e+03 
1.248283e-01 4.154417e+03 4.197988e+03 
1.278485e-01 4.135724e+03 4.034465e+03 
1.308687e-01 4.133830e+03 3.879749e+03 
1.338889e-01 4.136067e+03 3.733238e+03 
1.369091e-01 4.130520e+03 3.594381e+03 
1.399293e-01 4.107671e+03 3.462670e+03 
1.429495e-01 4.060205e+03 3.337638e+03 
1.459697e-01 3.983921e+03 3.218856e+03 
1.489899e-01 3.877433e+03 3.105927e+03 
1.520101e-01 3.741998e+03 2.998486e+03 
1.550303e-01 3.581909e+03 2.896194e+03 
1.580505e-01 3.403417e+03 2.798738e+03 
1.610707e-01 3.214849e+03 2.705828e+03 
1.640909e-01 3.024884e+03 2.617195e+03 
1.671111e-01 2.842009e+03 2.532588e+03 
1.701313e-01 2.672871e+03 2.451776e+03 
1.731515e-01 2.522480e+03 2.374543e+03 
1.761717e-01 2.393557e+03 2.300686e+03 
1.791919e-01 2.287453e+03 2.230019e+03 
1.822121e-01 2.204024e+03 2.162366e+03 
1.852323e-01 2.142215e+03 2.097565e+03 
1.882525e-01 2.100152e+03 2.035461e+03 
1.912727e-01 2.074989e+03 1.975913e+03 
1.942929e-01 2.063195e+03 1.918787e+03 
1.973131e-01 2.060435e+03 1.863957e+03 
2.003333e-01 2.062156e+03 1.811306e+03 
2.033535e-01 2.063779e+03 1.760724e+03 
2.063737e-01 2.061345e+03 1.712107e+03 
2.093939e-01 2.051538e+03 1.665358e+03 
2.124141e-01 2.032192e+03 1.620386e+03 
2.154343e-01 2.001968e+03 1.577104e+03 
2.184545e-01 1.960560e+03 1.535432e+03 
2.214747e-01 1.908572e+03 1.495294e+03 
2.244949e-01 1.847441e+03 1.456617e+03 
2.275152e-01 1.779399e+03 1.419333e+03 
2.305354e-01 1.707113e+03 1.383379e+03 
2.335556e-01 1.633561e+03 1.348695e+03 
2.365758e-01 1.561570e+03 1.315222e+03 
2.395960e-01 1.493635e+03 1.282907e+03 
2.426162e-01 1.431708e+03 1.251700e+03 
2.456364e-01 1.377254e+03 1.221550e+03 
2.486566e-01 1.331033e+03 1.192414e+03 
2.516768e-01 1.293346e+03 1.164247e+03 
2.546970e-01 1.263956e+03 1.137008e+03 
2.577172e-01 1.242211e+03 1.110657e+03 
2.607374e-01 1.227091e+03 1.085159e+03 
2.637576e-01 1.217237e+03 1.060478e+03 
2.667778e-01 1.211111e+03 1.036580e+03 
2.697980e-01 1.207057e+03 1.013434e+03 
2.728182e-01 1.203468e+03 9.910090e+02 
2.758384e-01 1.198859e+03 9.692769e+02 
2.788586e-01 1.191993e+03 9.482101e+02 
2.818788e-01 1.181872e+03 9.277825e+02 
2.848990e-01 1.167879e+03 9.079695e+02 
2.879192e-01 1.149699e+03 8.887474e+02 
2.909394e-01 1.127417e+03 8.700935e+02 
2.939596e-01 1.101440e+03 8.519865e+02 
2.969798e-01 1.072466e+03 8.344059e+02 
3.000000e-01 1.041426e+03 8.173320e+02 
