1.000000e-03 2.254085e+03 2.254064e+03 
4.020202e-03 7.590293e+03 7.650648e+03 
7.040404e-03 1.115582e+04 1.121763e+04 
1.006061e-02 1.343593e+04 1.344561e+04 
1.308081e-02 1.479492e+04 1.472718e+04 
1.610101e-02 1.549089e+04 1.533705e+04 
1.912121e-02 1.571296e+04 1.548481e+04 
2.214141e-02 1.560433e+04 1.533662e+04 
2.516162e-02 1.527521e+04 1.501180e+04 
2.818182e-02 1.480969e+04 1.458605e+04 
3.120202e-02 1.427095e+04 1.410459e+04 
3.422222e-02 1.370393e+04 1.359470e+04 
3.724242e-02 1.313843e+04 1.307356e+04 
4.026263e-02 1.259285e+04 1.255240e+04 
4.328283e-02 1.207504e+04 1.203872e+04 
4.630303e-02 1.158493e+04 1.153754e+04 
4.932323e-02 1.112722e+04 1.105213e+04 
5.234343e-02 1.069700e+04 1.058456e+04 
5.536364e-02 1.027964e+04 1.013599e+04 
5.838384e-02 9.874387e+03 9.706949e+03 
6.140404e-02 9.484356e+03 9.297526e+03 
6.442424e-02 9.105827e+03 8.907483e+03 
6.744444e-02 8.735768e+03 8.536361e+03 
7.046465e-02 8.374483e+03 8.183555e+03 
7.348485e-02 8.024135e+03 7.848361e+03 
7.650505e-02 7.688235e+03 7.530021e+03 
7.952525e-02 7.370621e+03 7.227747e+03 
8.254545e-02 7.074318e+03 6.940746e+03 
8.556566e-02 6.799324e+03 6.668229e+03 
8.858586e-02 6.544345e+03 6.409427e+03 
9.160606e-02 6.307024e+03 6.163593e+03 
9.462626e-02 6.085633e+03 5.930013e+03 
9.764646e-02 5.879018e+03 5.707999e+03 
1.006667e-01 5.685918e+03 5.496902e+03 
1.036869e-01 5.504720e+03 5.296104e+03 
1.067071e-01 5.332877e+03 5.105019e+03 
1.097273e-01 5.167699e+03 4.923099e+03 
1.127475e-01 5.006659e+03 4.749822e+03 
1.157677e-01 4.848542e+03 4.584702e+03 
1.187879e-01 4.693226e+03 4.427278e+03 
1.218081e-01 4.541171e+03 4.277119e+03 
1.248283e-01 4.393555e+03 4.133821e+03 
1.278485e-01 4.251438e+03 3.997003e+03 
1.308687e-01 4.115523e+03 3.866309e+03 
1.338889e-01 3.986333e+03 3.741404e+03 
1.369091e-01 3.863918e+03 3.621974e+03 
1.399293e-01 3.748187e+03 3.507725e+03 
1.429495e-01 3.638837e+03 3.398379e+03 
1.459697e-01 3.535479e+03 3.293678e+03 
1.489899e-01 3.437631e+03 3.193377e+03 
1.520101e-01 3.344757e+03 3.097248e+03 
1.550303e-01 3.256352e+03 3.005075e+03 
1.580505e-01 3.171942e+03 2.916655e+03 
1.610707e-01 3.090949e+03 2.831800e+03 
1.640909e-01 3.012643e+03 2.750329e+03 
1.671111e-01 2.936423e+03 2.672074e+03 
1.701313e-01 2.862012e+03 2.596876e+03 
1.731515e-01 2.789269e+03 2.524587e+03 
1.761717e-01 2.718386e+03 2.455066e+03 
1.791919e-01 2.649613e+03 2.388179e+03 
1.822121e-01 2.583042e+03 2.323801e+03 
1.852323e-01 2.518698e+03 2.261815e+03 
1.882525e-01 2.456568e+03 2.202108e+03 
1.912727e-01 2.396619e+03 2.144575e+03 
1.942929e-01 2.338885e+03 2.089117e+03 
1.973131e-01 2.283472e+03 2.035640e+03 
2.003333e-01 2.230402e+03 1.984053e+03 
2.033535e-01 2.179560e+03 1.934274e+03 
2.063737e-01 2.130770e+03 1.886222e+03 
2.093939e-01 2.083741e+03 1.839821e+03 
2.124141e-01 2.038193e+03 1.795000e+03 
2.154343e-01 1.993995e+03 1.751690e+03 
2.184545e-01 1.951061e+03 1.709828e+03 
2.214747e-01 1.909352e+03 1.669352e+03 
2.244949e-01 1.868846e+03 1.630205e+03 
2.275152e-01 1.829475e+03 1.592330e+03 
2.305354e-01 1.791141e+03 1.555675e+03 
2.335556e-01 1.753788e+03 1.520191e+03 
2.365758e-01 1.717411e+03 1.485831e+03 
2.395960e-01 1.682026e+03 1.452548e+03 
2.426162e-01 1.647675e+03 1.420301e+03 
2.456364e-01 1.614385e+03 1.389049e+03 
2.486566e-01 1.582119e+03 1.358751e+03 
2.516768e-01 1.550830e+03 1.329372e+03 
2.546970e-01 1.520462e+03 1.300876e+03 
2.577172e-01 1.490962e+03 1.273230e+03 
2.607374e-01 1.462306e+03 1.246400e+03 
2.637576e-01 1.434484e+03 1.220357e+03 
2.667778e-01 1.407470e+03 1.195071e+03 
2.697980e-01 1.381222e+03 1.170514e+03 
2.728182e-01 1.355691e+03 1.146660e+03 
2.758384e-01 1.330813e+03 1.123482e+03 
2.788586e-01 1.306538e+03 1.100957e+03 
2.818788e-01 1.282842e+03 1.079061e+03 
2.848990e-01 1.259709e+03 1.057771e+03 
2.879192e-01 1.237147e+03 1.037066e+03 
2.909394e-01 1.215163e+03 1.016927e+03 
2.939596e-01 1.193740e+03 9.973319e+02 
2.969798e-01 1.172859e+03 9.782635e+02 
3.000000e-01 1.152497e+03 9.597033e+02 
