1.000000e-03 8.384860e+03 8.384772e+03 
4.020202e-03 2.801883e+04 2.824183e+04 
7.040404e-03 4.082814e+04 4.116856e+04 
1.006061e-02 4.849750e+04 4.900326e+04 
1.308081e-02 5.225616e+04 5.303235e+04 
1.610101e-02 5.301618e+04 5.396395e+04 
1.912121e-02 5.152199e+04 5.228250e+04 
2.214141e-02 4.842379e+04 4.860016e+04 
2.516162e-02 4.429717e+04 4.375890e+04 
2.818182e-02 3.964188e+04 3.862519e+04 
3.120202e-02 3.486855e+04 3.382374e+04 
3.422222e-02 3.029089e+04 2.965143e+04 
3.724242e-02 2.612558e+04 2.616012e+04 
4.026263e-02 2.250093e+04 2.327885e+04 
4.328283e-02 1.945625e+04 2.089927e+04 
4.630303e-02 1.699374e+04 1.891709e+04 
4.932323e-02 1.508852e+04 1.724595e+04 
5.234343e-02 1.366965e+04 1.581883e+04 
5.536364e-02 1.265877e+04 1.458502e+04 
5.838384e-02 1.197860e+04 1.350646e+04 
6.140404e-02 1.155420e+04 1.255441e+04 
6.442424e-02 1.131315e+04 1.170698e+04 
6.744444e-02 1.119102e+04 1.094728e+04 
7.046465e-02 1.112914e+04 1.026204e+04 
7.348485e-02 1.107179e+04 9.640736e+03 
7.650505e-02 1.097016e+04 9.074842e+03 
7.952525e-02 1.078552e+04 8.557392e+03 
8.254545e-02 1.049249e+04 8.082608e+03 
8.556566e-02 1.008279e+04 7.645644e+03 
8.858586e-02 9.563425e+03 7.242392e+03 
9.160606e-02 8.954058e+03 6.869341e+03 
9.462626e-02 8.283345e+03 6.523461e+03 
9.764646e-02 7.583833e+03 6.202122e+03 
1.006667e-01 6.889164e+03 5.903023e+03 
1.036869e-01 6.228781e+03 5.624143e+03 
1.067071e-01 5.627138e+03 5.363696e+03 
1.097273e-01 5.101077e+03 5.120094e+03 
1.127475e-01 4.660213e+03 4.891926e+03 
1.157677e-01 4.307777e+03 4.677925e+03 
1.187879e-01 4.041301e+03 4.476958e+03 
1.218081e-01 3.854976e+03 4.288002e+03 
1.248283e-01 3.739822e+03 4.110135e+03 
1.278485e-01 3.685084e+03 3.942523e+03 
1.308687e-01 3.678405e+03 3.784407e+03 
1.338889e-01 3.706332e+03 3.635099e+03 
1.369091e-01 3.754827e+03 3.493972e+03 
1.399293e-01 3.809868e+03 3.360453e+03 
1.429495e-01 3.858089e+03 3.234019e+03 
1.459697e-01 3.887393e+03 3.114189e+03 
1.489899e-01 3.887795e+03 3.000524e+03 
1.520101e-01 3.851569e+03 2.892620e+03 
1.550303e-01 3.775029e+03 2.790104e+03 
1.580505e-01 3.657809e+03 2.692633e+03 
1.610707e-01 3.504216e+03 2.599892e+03 
1.640909e-01 3.321710e+03 2.511586e+03 
1.671111e-01 3.120495e+03 2.427448e+03 
1.701313e-01 2.911279e+03 2.347225e+03 
1.731515e-01 2.704422e+03 2.270686e+03 
1.761717e-01 2.508369e+03 2.197615e+03 
1.791919e-01 2.329857e+03 2.127812e+03 
1.822121e-01 2.173514e+03 2.061092e+03 
1.852323e-01 2.042286e+03 1.997279e+03 
1.882525e-01 1.937733e+03 1.936214e+03 
1.912727e-01 1.859822e+03 1.877745e+03 
1.942929e-01 1.807428e+03 1.821732e+03 
1.973131e-01 1.778112e+03 1.768043e+03 
2.003333e-01 1.768468e+03 1.716556e+03 
2.033535e-01 1.774242e+03 1.667154e+03 
2.063737e-01 1.790718e+03 1.619732e+03 
2.093939e-01 1.813004e+03 1.574186e+03 
2.124141e-01 1.836302e+03 1.530424e+03 
2.154343e-01 1.856079e+03 1.488355e+03 
2.184545e-01 1.868214e+03 1.447896e+03 
2.214747e-01 1.869341e+03 1.408969e+03 
2.244949e-01 1.856871e+03 1.371500e+03 
2.275152e-01 1.829600e+03 1.335418e+03 
2.305354e-01 1.787466e+03 1.300659e+03 
2.335556e-01 1.731907e+03 1.267160e+03 
2.365758e-01 1.665354e+03 1.234863e+03 
2.395960e-01 1.591026e+03 1.203714e+03 
2.426162e-01 1.512450e+03 1.173659e+03 
2.456364e-01 1.433149e+03 1.144651e+03 
2.486566e-01 1.356283e+03 1.116641e+03 
2.516768e-01 1.284586e+03 1.089588e+03 
2.546970e-01 1.220269e+03 1.063448e+03 
2.577172e-01 1.164869e+03 1.038182e+03 
2.607374e-01 1.119363e+03 1.013754e+03 
2.637576e-01 1.083974e+03 9.901266e+02 
2.667778e-01 1.058429e+03 9.672677e+02 
2.697980e-01 1.041897e+03 9.451448e+02 
2.728182e-01 1.033185e+03 9.237277e+02 
2.758384e-01 1.030821e+03 9.029877e+02 
2.788586e-01 1.033155e+03 8.828972e+02 
2.818788e-01 1.038444e+03 8.634304e+02 
2.848990e-01 1.044875e+03 8.445624e+02 
2.879192e-01 1.050670e+03 8.262698e+02 
2.909394e-01 1.054138e+03 8.085300e+02 
2.939596e-01 1.053841e+03 7.913218e+02 
2.969798e-01 1.048620e+03 7.746246e+02 
3.000000e-01 1.037851e+03 7.584192e+02 
