1.000000e-03 8.394013e+03 8.393921e+03 
4.020202e-03 2.797929e+04 2.835657e+04 
7.040404e-03 4.072994e+04 4.154743e+04 
1.006061e-02 4.835083e+04 4.983179e+04 
1.308081e-02 5.207508e+04 5.470786e+04 
1.610101e-02 5.281470e+04 5.722384e+04 
1.912121e-02 5.131261e+04 5.813071e+04 
2.214141e-02 4.821676e+04 5.797165e+04 
2.516162e-02 4.410018e+04 5.712220e+04 
2.818182e-02 3.946002e+04 5.583127e+04 
3.120202e-02 3.470458e+04 5.426310e+04 
3.422222e-02 3.014561e+04 5.252815e+04 
3.724242e-02 2.599827e+04 5.070227e+04 
4.026263e-02 2.238990e+04 4.883819e+04 
4.328283e-02 1.935928e+04 4.697270e+04 
4.630303e-02 1.690837e+04 4.513131e+04 
4.932323e-02 1.501226e+04 4.333148e+04 
5.234343e-02 1.360024e+04 4.158483e+04 
5.536364e-02 1.259426e+04 3.989877e+04 
5.838384e-02 1.191741e+04 3.827766e+04 
6.140404e-02 1.149506e+04 3.672365e+04 
6.442424e-02 1.125519e+04 3.523730e+04 
6.744444e-02 1.113363e+04 3.381807e+04 
7.046465e-02 1.107205e+04 3.246459e+04 
7.348485e-02 1.101498e+04 3.117498e+04 
7.650505e-02 1.091386e+04 2.994699e+04 
7.952525e-02 1.073016e+04 2.877816e+04 
8.254545e-02 1.043863e+04 2.766590e+04 
8.556566e-02 1.003103e+04 2.660758e+04 
8.858586e-02 9.514320e+03 2.560056e+04 
9.160606e-02 8.908063e+03 2.464225e+04 
9.462626e-02 8.240772e+03 2.373015e+04 
9.764646e-02 7.544825e+03 2.286181e+04 
1.006667e-01 6.853694e+03 2.203489e+04 
1.036869e-01 6.196672e+03 2.124717e+04 
1.067071e-01 5.598089e+03 2.049653e+04 
1.097273e-01 5.074700e+03 1.978093e+04 
1.127475e-01 4.636070e+03 1.909849e+04 
1.157677e-01 4.285413e+03 1.844738e+04 
1.187879e-01 4.020271e+03 1.782590e+04 
1.218081e-01 3.834864e+03 1.723245e+04 
1.248283e-01 3.720257e+03 1.666551e+04 
1.278485e-01 3.665750e+03 1.612366e+04 
1.308687e-01 3.659045e+03 1.560556e+04 
1.338889e-01 3.686760e+03 1.510994e+04 
1.369091e-01 3.734930e+03 1.463561e+04 
1.399293e-01 3.789606e+03 1.418146e+04 
1.429495e-01 3.837494e+03 1.374643e+04 
1.459697e-01 3.866561e+03 1.332954e+04 
1.489899e-01 3.866877e+03 1.292985e+04 
1.520101e-01 3.830761e+03 1.254649e+04 
1.550303e-01 3.754548e+03 1.217864e+04 
1.580505e-01 3.637879e+03 1.182552e+04 
1.610707e-01 3.485040e+03 1.148639e+04 
1.640909e-01 3.303452e+03 1.116057e+04 
1.671111e-01 3.103266e+03 1.084740e+04 
1.701313e-01 2.895132e+03 1.054628e+04 
1.731515e-01 2.689353e+03 1.025663e+04 
1.761717e-01 2.494328e+03 9.977900e+03 
1.791919e-01 2.316754e+03 9.709576e+03 
1.822121e-01 2.161234e+03 9.451172e+03 
1.852323e-01 2.030692e+03 9.202228e+03 
1.882525e-01 1.926682e+03 8.962311e+03 
1.912727e-01 1.849165e+03 8.731010e+03 
1.942929e-01 1.797022e+03 8.507936e+03 
1.973131e-01 1.767827e+03 8.292721e+03 
2.003333e-01 1.758191e+03 8.085017e+03 
2.033535e-01 1.763883e+03 7.884493e+03 
2.063737e-01 1.780214e+03 7.690838e+03 
2.093939e-01 1.802319e+03 7.503754e+03 
2.124141e-01 1.825430e+03 7.322961e+03 
2.154343e-01 1.845040e+03 7.148191e+03 
2.184545e-01 1.857051e+03 6.979191e+03 
2.214747e-01 1.858121e+03 6.815721e+03 
2.244949e-01 1.845675e+03 6.657552e+03 
2.275152e-01 1.818519e+03 6.504465e+03 
2.305354e-01 1.776592e+03 6.356256e+03 
2.335556e-01 1.721324e+03 6.212727e+03 
2.365758e-01 1.655133e+03 6.073690e+03 
2.395960e-01 1.581219e+03 5.938969e+03 
2.426162e-01 1.503087e+03 5.808392e+03 
2.456364e-01 1.424239e+03 5.681800e+03 
2.486566e-01 1.347815e+03 5.559036e+03 
2.516768e-01 1.276532e+03 5.439955e+03 
2.546970e-01 1.212587e+03 5.324417e+03 
2.577172e-01 1.157505e+03 5.212287e+03 
2.607374e-01 1.112257e+03 5.103437e+03 
2.637576e-01 1.077065e+03 4.997747e+03 
2.667778e-01 1.051656e+03 4.895099e+03 
2.697980e-01 1.035204e+03 4.795382e+03 
2.728182e-01 1.026522e+03 4.698490e+03 
2.758384e-01 1.024147e+03 4.604322e+03 
2.788586e-01 1.026440e+03 4.512778e+03 
2.818788e-01 1.031669e+03 4.423768e+03 
2.848990e-01 1.038032e+03 4.337200e+03 
2.879192e-01 1.043764e+03 4.252991e+03 
2.909394e-01 1.047183e+03 4.171058e+03 
2.939596e-01 1.046863e+03 4.091323e+03 
2.969798e-01 1.041651e+03 4.013711e+03 
3.000000e-01 1.030929e+03 3.938150e+03 
