1.000000e-03 4.600699e+03 4.600657e+03 
4.020202e-03 1.524797e+04 1.536674e+04 
7.040404e-03 2.223263e+04 2.239460e+04 
1.006061e-02 2.651132e+04 2.669858e+04 
1.308081e-02 2.876514e+04 2.898877e+04 
1.610101e-02 2.949062e+04 2.969113e+04 
1.912121e-02 2.908292e+04 2.913627e+04 
2.214141e-02 2.787597e+04 2.770363e+04 
2.516162e-02 2.615377e+04 2.581240e+04 
2.818182e-02 2.415613e+04 2.381153e+04 
3.120202e-02 2.207546e+04 2.191047e+04 
3.422222e-02 2.005699e+04 2.019492e+04 
3.724242e-02 1.819980e+04 1.867766e+04 
4.026263e-02 1.656548e+04 1.734045e+04 
4.328283e-02 1.517334e+04 1.615683e+04 
4.630303e-02 1.402235e+04 1.510163e+04 
4.932323e-02 1.311484e+04 1.415378e+04 
5.234343e-02 1.241398e+04 1.329644e+04 
5.536364e-02 1.187373e+04 1.251635e+04 
5.838384e-02 1.145695e+04 1.180300e+04 
6.140404e-02 1.112634e+04 1.114798e+04 
6.442424e-02 1.084377e+04 1.054441e+04 
6.744444e-02 1.057378e+04 9.986646e+03 
7.046465e-02 1.028889e+04 9.469903e+03 
7.348485e-02 9.969057e+03 8.990123e+03 
7.650505e-02 9.602447e+03 8.543802e+03 
7.952525e-02 9.186360e+03 8.127889e+03 
8.254545e-02 8.727084e+03 7.739699e+03 
8.556566e-02 8.236514e+03 7.376860e+03 
8.858586e-02 7.729999e+03 7.037258e+03 
9.160606e-02 7.224412e+03 6.719004e+03 
9.462626e-02 6.736074e+03 6.420397e+03 
9.764646e-02 6.280156e+03 6.139908e+03 
1.006667e-01 5.868561e+03 5.876152e+03 
1.036869e-01 5.510103e+03 5.627872e+03 
1.067071e-01 5.208846e+03 5.393928e+03 
1.097273e-01 4.964677e+03 5.173280e+03 
1.127475e-01 4.773436e+03 4.964979e+03 
1.157677e-01 4.628379e+03 4.768157e+03 
1.187879e-01 4.521187e+03 4.582021e+03 
1.218081e-01 4.442460e+03 4.405842e+03 
1.248283e-01 4.382540e+03 4.238951e+03 
1.278485e-01 4.331888e+03 4.080733e+03 
1.308687e-01 4.281520e+03 3.930622e+03 
1.338889e-01 4.223253e+03 3.788095e+03 
1.369091e-01 4.151093e+03 3.652670e+03 
1.399293e-01 4.060885e+03 3.523903e+03 
1.429495e-01 3.951395e+03 3.401381e+03 
1.459697e-01 3.823286e+03 3.284723e+03 
1.489899e-01 3.679572e+03 3.173575e+03 
1.520101e-01 3.524356e+03 3.067609e+03 
1.550303e-01 3.362631e+03 2.966521e+03 
1.580505e-01 3.199867e+03 2.870026e+03 
1.610707e-01 3.041649e+03 2.777863e+03 
1.640909e-01 2.893013e+03 2.689784e+03 
1.671111e-01 2.758162e+03 2.605562e+03 
1.701313e-01 2.639816e+03 2.524983e+03 
1.731515e-01 2.539309e+03 2.447848e+03 
1.761717e-01 2.456575e+03 2.373971e+03 
1.791919e-01 2.390403e+03 2.303177e+03 
1.822121e-01 2.338852e+03 2.235304e+03 
1.852323e-01 2.299431e+03 2.170199e+03 
1.882525e-01 2.269363e+03 2.107720e+03 
1.912727e-01 2.245593e+03 2.047731e+03 
1.942929e-01 2.224977e+03 1.990107e+03 
1.973131e-01 2.204346e+03 1.934731e+03 
2.003333e-01 2.180907e+03 1.881490e+03 
2.033535e-01 2.152296e+03 1.830280e+03 
2.063737e-01 2.117133e+03 1.781004e+03 
2.093939e-01 2.074731e+03 1.733567e+03 
2.124141e-01 2.025327e+03 1.687884e+03 
2.154343e-01 1.969782e+03 1.643872e+03 
2.184545e-01 1.909530e+03 1.601453e+03 
2.214747e-01 1.846270e+03 1.560553e+03 
2.244949e-01 1.781854e+03 1.521104e+03 
2.275152e-01 1.718191e+03 1.483041e+03 
2.305354e-01 1.657064e+03 1.446301e+03 
2.335556e-01 1.599939e+03 1.410825e+03 
2.365758e-01 1.547953e+03 1.376559e+03 
2.395960e-01 1.501884e+03 1.343450e+03 
2.426162e-01 1.462029e+03 1.311449e+03 
2.456364e-01 1.428341e+03 1.280507e+03 
2.486566e-01 1.400388e+03 1.250581e+03 
2.516768e-01 1.377490e+03 1.221628e+03 
2.546970e-01 1.358658e+03 1.193607e+03 
2.577172e-01 1.342773e+03 1.166481e+03 
2.607374e-01 1.328625e+03 1.140213e+03 
2.637576e-01 1.315044e+03 1.114768e+03 
2.667778e-01 1.300951e+03 1.090114e+03 
2.697980e-01 1.285523e+03 1.066219e+03 
2.728182e-01 1.268139e+03 1.043053e+03 
2.758384e-01 1.248457e+03 1.020589e+03 
2.788586e-01 1.226360e+03 9.987979e+02 
2.818788e-01 1.201963e+03 9.776554e+02 
2.848990e-01 1.175577e+03 9.571363e+02 
2.879192e-01 1.147659e+03 9.372173e+02 
2.909394e-01 1.118822e+03 9.178760e+02 
2.939596e-01 1.089743e+03 8.990910e+02 
2.969798e-01 1.061136e+03 8.808419e+02 
3.000000e-01 1.033624e+03 8.631091e+02 
