1.000000e-03 2.556283e+03 2.556257e+03 
4.020202e-03 8.620730e+03 8.687270e+03 
7.040404e-03 1.268811e+04 1.276135e+04 
1.006061e-02 1.527961e+04 1.531332e+04 
1.308081e-02 1.678961e+04 1.676286e+04 
1.610101e-02 1.750401e+04 1.739737e+04 
1.912121e-02 1.763988e+04 1.744798e+04 
2.214141e-02 1.737021e+04 1.712434e+04 
2.516162e-02 1.683338e+04 1.659583e+04 
2.818182e-02 1.613996e+04 1.597335e+04 
3.120202e-02 1.537559e+04 1.531787e+04 
3.422222e-02 1.460237e+04 1.465977e+04 
3.724242e-02 1.386187e+04 1.401380e+04 
4.026263e-02 1.318024e+04 1.338732e+04 
4.328283e-02 1.256224e+04 1.278412e+04 
4.630303e-02 1.200933e+04 1.220616e+04 
4.932323e-02 1.152848e+04 1.165429e+04 
5.234343e-02 1.109822e+04 1.112872e+04 
5.536364e-02 1.069647e+04 1.062917e+04 
5.838384e-02 1.031496e+04 1.015504e+04 
6.140404e-02 9.945897e+03 9.705541e+03 
6.442424e-02 9.581184e+03 9.279709e+03 
6.744444e-02 9.213080e+03 8.876509e+03 
7.046465e-02 8.838587e+03 8.494853e+03 
7.348485e-02 8.458928e+03 8.133639e+03 
7.650505e-02 8.079231e+03 7.791770e+03 
7.952525e-02 7.706773e+03 7.468171e+03 
8.254545e-02 7.349355e+03 7.161802e+03 
8.556566e-02 7.012824e+03 6.871663e+03 
8.858586e-02 6.700806e+03 6.596797e+03 
9.160606e-02 6.414983e+03 6.336298e+03 
9.462626e-02 6.155796e+03 6.089309e+03 
9.764646e-02 5.923157e+03 5.855018e+03 
1.006667e-01 5.716348e+03 5.632666e+03 
1.036869e-01 5.532821e+03 5.421536e+03 
1.067071e-01 5.368996e+03 5.220957e+03 
1.097273e-01 5.219572e+03 5.030301e+03 
1.127475e-01 5.079008e+03 4.848979e+03 
1.157677e-01 4.942403e+03 4.676442e+03 
1.187879e-01 4.805871e+03 4.512174e+03 
1.218081e-01 4.667675e+03 4.355694e+03 
1.248283e-01 4.527071e+03 4.206553e+03 
1.278485e-01 4.384597e+03 4.064329e+03 
1.308687e-01 4.241287e+03 3.928629e+03 
1.338889e-01 4.098697e+03 3.799086e+03 
1.369091e-01 3.958529e+03 3.675355e+03 
1.399293e-01 3.822587e+03 3.557114e+03 
1.429495e-01 3.692461e+03 3.444062e+03 
1.459697e-01 3.569513e+03 3.335917e+03 
1.489899e-01 3.454674e+03 3.232415e+03 
1.520101e-01 3.348520e+03 3.133307e+03 
1.550303e-01 3.251126e+03 3.038361e+03 
1.580505e-01 3.162209e+03 2.947360e+03 
1.610707e-01 3.080984e+03 2.860098e+03 
1.640909e-01 3.006363e+03 2.776384e+03 
1.671111e-01 2.936813e+03 2.696038e+03 
1.701313e-01 2.870708e+03 2.618889e+03 
1.731515e-01 2.806692e+03 2.544778e+03 
1.761717e-01 2.743635e+03 2.473555e+03 
1.791919e-01 2.680945e+03 2.405078e+03 
1.822121e-01 2.618238e+03 2.339215e+03 
1.852323e-01 2.555398e+03 2.275840e+03 
1.882525e-01 2.492440e+03 2.214835e+03 
1.912727e-01 2.429560e+03 2.156087e+03 
1.942929e-01 2.367102e+03 2.099493e+03 
1.973131e-01 2.305606e+03 2.044952e+03 
2.003333e-01 2.245692e+03 1.992370e+03 
2.033535e-01 2.188045e+03 1.941658e+03 
2.063737e-01 2.133127e+03 1.892733e+03 
2.093939e-01 2.081164e+03 1.845514e+03 
2.124141e-01 2.032169e+03 1.799928e+03 
2.154343e-01 1.985986e+03 1.755901e+03 
2.184545e-01 1.942413e+03 1.713367e+03 
2.214747e-01 1.901207e+03 1.672261e+03 
2.244949e-01 1.862088e+03 1.632523e+03 
2.275152e-01 1.824745e+03 1.594095e+03 
2.305354e-01 1.788821e+03 1.556922e+03 
2.335556e-01 1.753946e+03 1.520953e+03 
2.365758e-01 1.719785e+03 1.486138e+03 
2.395960e-01 1.686062e+03 1.452429e+03 
2.426162e-01 1.652682e+03 1.419783e+03 
2.456364e-01 1.619618e+03 1.388157e+03 
2.486566e-01 1.586921e+03 1.357509e+03 
2.516768e-01 1.554653e+03 1.327803e+03 
2.546970e-01 1.522882e+03 1.299000e+03 
2.577172e-01 1.491690e+03 1.271067e+03 
2.607374e-01 1.461181e+03 1.243969e+03 
2.637576e-01 1.431488e+03 1.217675e+03 
2.667778e-01 1.402773e+03 1.192155e+03 
2.697980e-01 1.375143e+03 1.167379e+03 
2.728182e-01 1.348637e+03 1.143320e+03 
2.758384e-01 1.323226e+03 1.119952e+03 
2.788586e-01 1.298823e+03 1.097249e+03 
2.818788e-01 1.275318e+03 1.075187e+03 
2.848990e-01 1.252592e+03 1.053743e+03 
2.879192e-01 1.230558e+03 1.032895e+03 
2.909394e-01 1.209143e+03 1.012622e+03 
2.939596e-01 1.188284e+03 9.929042e+02 
2.969798e-01 1.167920e+03 9.737213e+02 
3.000000e-01 1.147979e+03 9.550552e+02 
