1.000000e-03 2.718757e+03 2.718729e+03 
4.020202e-03 9.069783e+03 9.140536e+03 
7.040404e-03 1.328372e+04 1.336214e+04 
1.006061e-02 1.594362e+04 1.598150e+04 
1.308081e-02 1.747399e+04 1.745040e+04 
1.610101e-02 1.817864e+04 1.807340e+04 
1.912121e-02 1.828566e+04 1.809171e+04 
2.214141e-02 1.797508e+04 1.772307e+04 
2.516162e-02 1.739091e+04 1.714435e+04 
2.818182e-02 1.664746e+04 1.647207e+04 
3.120202e-02 1.583316e+04 1.577024e+04 
3.422222e-02 1.501223e+04 1.507030e+04 
3.724242e-02 1.422767e+04 1.438702e+04 
4.026263e-02 1.350661e+04 1.372736e+04 
4.328283e-02 1.285489e+04 1.309460e+04 
4.630303e-02 1.227232e+04 1.249022e+04 
4.932323e-02 1.176661e+04 1.191467e+04 
5.234343e-02 1.131779e+04 1.136781e+04 
5.536364e-02 1.090127e+04 1.084905e+04 
5.838384e-02 1.050843e+04 1.035757e+04 
6.140404e-02 1.013021e+04 9.892330e+03 
6.442424e-02 9.756963e+03 9.452206e+03 
6.744444e-02 9.381288e+03 9.036001e+03 
7.046465e-02 8.999722e+03 8.642489e+03 
7.348485e-02 8.612756e+03 8.270449e+03 
7.650505e-02 8.225012e+03 7.918679e+03 
7.952525e-02 7.843338e+03 7.586011e+03 
8.254545e-02 7.475614e+03 7.271324e+03 
8.556566e-02 7.127933e+03 6.973544e+03 
8.858586e-02 6.804474e+03 6.691651e+03 
9.160606e-02 6.507375e+03 6.424682e+03 
9.462626e-02 6.237576e+03 6.171727e+03 
9.764646e-02 5.995282e+03 5.931930e+03 
1.006667e-01 5.779987e+03 5.704489e+03 
1.036869e-01 5.589423e+03 5.488653e+03 
1.067071e-01 5.420145e+03 5.283715e+03 
1.097273e-01 5.267001e+03 5.089019e+03 
1.127475e-01 5.124153e+03 4.903949e+03 
1.157677e-01 4.986622e+03 4.727930e+03 
1.187879e-01 4.850143e+03 4.560426e+03 
1.218081e-01 4.712524e+03 4.400935e+03 
1.248283e-01 4.572564e+03 4.248989e+03 
1.278485e-01 4.430442e+03 4.104152e+03 
1.308687e-01 4.286898e+03 3.966014e+03 
1.338889e-01 4.143314e+03 3.834195e+03 
1.369091e-01 4.001316e+03 3.708338e+03 
1.399293e-01 3.862791e+03 3.588110e+03 
1.429495e-01 3.729556e+03 3.473198e+03 
1.459697e-01 3.603098e+03 3.363313e+03 
1.489899e-01 3.484604e+03 3.258179e+03 
1.520101e-01 3.374716e+03 3.157542e+03 
1.550303e-01 3.273731e+03 3.061162e+03 
1.580505e-01 3.181449e+03 2.968814e+03 
1.610707e-01 3.097308e+03 2.880288e+03 
1.640909e-01 3.020279e+03 2.795386e+03 
1.671111e-01 2.949064e+03 2.713921e+03 
1.701313e-01 2.882087e+03 2.635721e+03 
1.731515e-01 2.817878e+03 2.560620e+03 
1.761717e-01 2.755133e+03 2.488465e+03 
1.791919e-01 2.692947e+03 2.419111e+03 
1.822121e-01 2.630798e+03 2.352420e+03 
1.852323e-01 2.568450e+03 2.288264e+03 
1.882525e-01 2.505897e+03 2.226522e+03 
1.912727e-01 2.443266e+03 2.167079e+03 
1.942929e-01 2.380798e+03 2.109828e+03 
1.973131e-01 2.318972e+03 2.054666e+03 
2.003333e-01 2.258405e+03 2.001497e+03 
2.033535e-01 2.199728e+03 1.950231e+03 
2.063737e-01 2.143540e+03 1.900781e+03 
2.093939e-01 2.090168e+03 1.853066e+03 
2.124141e-01 2.039784e+03 1.807009e+03 
2.154343e-01 1.992299e+03 1.762537e+03 
2.184545e-01 1.947536e+03 1.719582e+03 
2.214747e-01 1.905316e+03 1.678077e+03 
2.244949e-01 1.865428e+03 1.637960e+03 
2.275152e-01 1.827543e+03 1.599174e+03 
2.305354e-01 1.791290e+03 1.561661e+03 
2.335556e-01 1.756257e+03 1.525369e+03 
2.365758e-01 1.722069e+03 1.490247e+03 
2.395960e-01 1.688475e+03 1.456248e+03 
2.426162e-01 1.655295e+03 1.423325e+03 
2.456364e-01 1.622462e+03 1.391437e+03 
2.486566e-01 1.589953e+03 1.360541e+03 
2.516768e-01 1.557799e+03 1.330598e+03 
2.546970e-01 1.526047e+03 1.301571e+03 
2.577172e-01 1.494763e+03 1.273424e+03 
2.607374e-01 1.464048e+03 1.246123e+03 
2.637576e-01 1.434051e+03 1.219637e+03 
2.667778e-01 1.404927e+03 1.193933e+03 
2.697980e-01 1.376832e+03 1.168983e+03 
2.728182e-01 1.349846e+03 1.144758e+03 
2.758384e-01 1.323980e+03 1.121232e+03 
2.788586e-01 1.299174e+03 1.098379e+03 
2.818788e-01 1.275318e+03 1.076175e+03 
2.848990e-01 1.252306e+03 1.054595e+03 
2.879192e-01 1.230039e+03 1.033618e+03 
2.909394e-01 1.208455e+03 1.013222e+03 
2.939596e-01 1.187506e+03 9.933872e+02 
2.969798e-01 1.167117e+03 9.740930e+02 
3.000000e-01 1.147196e+03 9.553210e+02 
