1.000000e-03 4.946846e+03 4.946800e+03 
4.020202e-03 1.652882e+04 1.665793e+04 
7.040404e-03 2.414964e+04 2.432982e+04 
1.006061e-02 2.880810e+04 2.902945e+04 
1.308081e-02 3.123473e+04 3.151806e+04 
1.610101e-02 3.196882e+04 3.224690e+04 
1.912121e-02 3.144427e+04 3.156330e+04 
2.214141e-02 3.002835e+04 2.987827e+04 
2.516162e-02 2.804035e+04 2.766499e+04 
2.818182e-02 2.574908e+04 2.533132e+04 
3.120202e-02 2.337183e+04 2.312831e+04 
3.422222e-02 2.107306e+04 2.115961e+04 
3.724242e-02 1.896480e+04 1.943914e+04 
4.026263e-02 1.711628e+04 1.794205e+04 
4.328283e-02 1.554808e+04 1.663333e+04 
4.630303e-02 1.426112e+04 1.547997e+04 
4.932323e-02 1.325535e+04 1.445456e+04 
5.234343e-02 1.248800e+04 1.353540e+04 
5.536364e-02 1.191060e+04 1.270556e+04 
5.838384e-02 1.148138e+04 1.195182e+04 
6.140404e-02 1.115732e+04 1.126374e+04 
6.442424e-02 1.089474e+04 1.063293e+04 
6.744444e-02 1.065382e+04 1.005255e+04 
7.046465e-02 1.040253e+04 9.516958e+03 
7.348485e-02 1.011575e+04 9.021391e+03 
7.650505e-02 9.777053e+03 8.561804e+03 
7.952525e-02 9.379711e+03 8.134712e+03 
8.254545e-02 8.927247e+03 7.737088e+03 
8.556566e-02 8.430788e+03 7.366277e+03 
8.858586e-02 7.906439e+03 7.019939e+03 
9.160606e-02 7.373035e+03 6.695994e+03 
9.462626e-02 6.849820e+03 6.392588e+03 
9.764646e-02 6.354910e+03 6.108061e+03 
1.006667e-01 5.903385e+03 5.840919e+03 
1.036869e-01 5.506343e+03 5.589813e+03 
1.067071e-01 5.170178e+03 5.353525e+03 
1.097273e-01 4.896088e+03 5.130949e+03 
1.127475e-01 4.681522e+03 4.921080e+03 
1.157677e-01 4.520362e+03 4.723001e+03 
1.187879e-01 4.404770e+03 4.535877e+03 
1.218081e-01 4.325414e+03 4.358944e+03 
1.248283e-01 4.272242e+03 4.191502e+03 
1.278485e-01 4.234648e+03 4.032908e+03 
1.308687e-01 4.202221e+03 3.882573e+03 
1.338889e-01 4.165101e+03 3.739954e+03 
1.369091e-01 4.115401e+03 3.604551e+03 
1.399293e-01 4.047128e+03 3.475905e+03 
1.429495e-01 3.957258e+03 3.353588e+03 
1.459697e-01 3.845093e+03 3.237209e+03 
1.489899e-01 3.712243e+03 3.126403e+03 
1.520101e-01 3.562264e+03 3.020832e+03 
1.550303e-01 3.400010e+03 2.920185e+03 
1.580505e-01 3.231509e+03 2.824170e+03 
1.610707e-01 3.063140e+03 2.732519e+03 
1.640909e-01 2.901289e+03 2.644980e+03 
1.671111e-01 2.751351e+03 2.561320e+03 
1.701313e-01 2.617490e+03 2.481322e+03 
1.731515e-01 2.502044e+03 2.404781e+03 
1.761717e-01 2.406018e+03 2.331510e+03 
1.791919e-01 2.328779e+03 2.261331e+03 
1.822121e-01 2.268949e+03 2.194079e+03 
1.852323e-01 2.224470e+03 2.129598e+03 
1.882525e-01 2.192774e+03 2.067745e+03 
1.912727e-01 2.170818e+03 2.008383e+03 
1.942929e-01 2.155190e+03 1.951385e+03 
1.973131e-01 2.142303e+03 1.896631e+03 
2.003333e-01 2.128621e+03 1.844009e+03 
2.033535e-01 2.110998e+03 1.793415e+03 
2.063737e-01 2.087037e+03 1.744747e+03 
2.093939e-01 2.055257e+03 1.697914e+03 
2.124141e-01 2.015078e+03 1.652828e+03 
2.154343e-01 1.966840e+03 1.609405e+03 
2.184545e-01 1.911486e+03 1.567567e+03 
2.214747e-01 1.850596e+03 1.527241e+03 
2.244949e-01 1.786037e+03 1.488358e+03 
2.275152e-01 1.719922e+03 1.450851e+03 
2.305354e-01 1.654367e+03 1.414659e+03 
2.335556e-01 1.591419e+03 1.379723e+03 
2.365758e-01 1.532771e+03 1.345988e+03 
2.395960e-01 1.479789e+03 1.313401e+03 
2.426162e-01 1.433287e+03 1.281911e+03 
2.456364e-01 1.393682e+03 1.251473e+03 
2.486566e-01 1.360913e+03 1.222041e+03 
2.516768e-01 1.334524e+03 1.193573e+03 
2.546970e-01 1.313722e+03 1.166028e+03 
2.577172e-01 1.297440e+03 1.139370e+03 
2.607374e-01 1.284468e+03 1.113560e+03 
2.637576e-01 1.273491e+03 1.088565e+03 
2.667778e-01 1.263228e+03 1.064351e+03 
2.697980e-01 1.252493e+03 1.040889e+03 
2.728182e-01 1.240298e+03 1.018147e+03 
2.758384e-01 1.225858e+03 9.960980e+02 
2.788586e-01 1.208706e+03 9.747147e+02 
2.818788e-01 1.188605e+03 9.539714e+02 
2.848990e-01 1.165634e+03 9.338438e+02 
2.879192e-01 1.140089e+03 9.143085e+02 
2.909394e-01 1.112514e+03 8.953432e+02 
2.939596e-01 1.083593e+03 8.769266e+02 
2.969798e-01 1.054102e+03 8.590385e+02 
3.000000e-01 1.024812e+03 8.416596e+02 
