1.000000e-03 4.926650e+03 4.926599e+03 
4.020202e-03 1.652780e+04 1.665627e+04 
7.040404e-03 2.418036e+04 2.435824e+04 
1.006061e-02 2.886665e+04 2.908197e+04 
1.308081e-02 3.131459e+04 3.158597e+04 
1.610101e-02 3.206572e+04 3.232285e+04 
1.912121e-02 3.155516e+04 3.164557e+04 
2.214141e-02 3.015147e+04 2.997275e+04 
2.516162e-02 2.817576e+04 2.778090e+04 
2.818182e-02 2.589777e+04 2.547452e+04 
3.120202e-02 2.353545e+04 2.329868e+04 
3.422222e-02 2.125259e+04 2.135263e+04 
3.724242e-02 1.916129e+04 1.964867e+04 
4.026263e-02 1.732981e+04 1.816213e+04 
4.328283e-02 1.577754e+04 1.685902e+04 
4.630303e-02 1.450596e+04 1.570747e+04 
4.932323e-02 1.351425e+04 1.468108e+04 
5.234343e-02 1.275790e+04 1.375896e+04 
5.536364e-02 1.218823e+04 1.292481e+04 
5.838384e-02 1.176302e+04 1.216586e+04 
6.140404e-02 1.143844e+04 1.147198e+04 
6.442424e-02 1.117049e+04 1.083503e+04 
6.744444e-02 1.091970e+04 1.024835e+04 
7.046465e-02 1.065433e+04 9.706407e+03 
7.348485e-02 1.034996e+04 9.204525e+03 
7.650505e-02 9.991460e+03 8.738720e+03 
7.952525e-02 9.573741e+03 8.305550e+03 
8.254545e-02 9.101723e+03 7.902014e+03 
8.556566e-02 8.587851e+03 7.525477e+03 
8.858586e-02 8.049245e+03 7.173609e+03 
9.160606e-02 7.505377e+03 6.844334e+03 
9.462626e-02 6.975683e+03 6.535802e+03 
9.764646e-02 6.478074e+03 6.246349e+03 
1.006667e-01 6.027280e+03 5.974478e+03 
1.036869e-01 5.633647e+03 5.718838e+03 
1.067071e-01 5.302884e+03 5.478202e+03 
1.097273e-01 5.035196e+03 5.251460e+03 
1.127475e-01 4.827212e+03 5.037598e+03 
1.157677e-01 4.672096e+03 4.835695e+03 
1.187879e-01 4.561379e+03 4.644908e+03 
1.218081e-01 4.485136e+03 4.464464e+03 
1.248283e-01 4.432825e+03 4.293658e+03 
1.278485e-01 4.393527e+03 4.131841e+03 
1.308687e-01 4.356727e+03 3.978416e+03 
1.338889e-01 4.312719e+03 3.832834e+03 
1.369091e-01 4.254001e+03 3.694591e+03 
1.399293e-01 4.175209e+03 3.563219e+03 
1.429495e-01 4.073881e+03 3.438288e+03 
1.459697e-01 3.950187e+03 3.319399e+03 
1.489899e-01 3.806528e+03 3.206183e+03 
1.520101e-01 3.647134e+03 3.098298e+03 
1.550303e-01 3.477302e+03 2.995428e+03 
1.580505e-01 3.303354e+03 2.897276e+03 
1.610707e-01 3.131764e+03 2.803570e+03 
1.640909e-01 2.968857e+03 2.714056e+03 
1.671111e-01 2.819710e+03 2.628495e+03 
1.701313e-01 2.688150e+03 2.546667e+03 
1.731515e-01 2.575994e+03 2.468365e+03 
1.761717e-01 2.483768e+03 2.393398e+03 
1.791919e-01 2.410437e+03 2.321585e+03 
1.822121e-01 2.354239e+03 2.252758e+03 
1.852323e-01 2.312758e+03 2.186759e+03 
1.882525e-01 2.283110e+03 2.123442e+03 
1.912727e-01 2.262056e+03 2.062667e+03 
1.942929e-01 2.246012e+03 2.004306e+03 
1.973131e-01 2.231317e+03 1.948237e+03 
2.003333e-01 2.214436e+03 1.894345e+03 
2.033535e-01 2.192434e+03 1.842523e+03 
2.063737e-01 2.163181e+03 1.792670e+03 
2.093939e-01 2.125626e+03 1.744691e+03 
2.124141e-01 2.079547e+03 1.698496e+03 
2.154343e-01 2.025677e+03 1.654001e+03 
2.184545e-01 1.965277e+03 1.611127e+03 
2.214747e-01 1.900168e+03 1.569798e+03 
2.244949e-01 1.832386e+03 1.529944e+03 
2.275152e-01 1.764113e+03 1.491497e+03 
2.305354e-01 1.697462e+03 1.454395e+03 
2.335556e-01 1.634406e+03 1.418577e+03 
2.365758e-01 1.576493e+03 1.383986e+03 
2.395960e-01 1.524889e+03 1.350570e+03 
2.426162e-01 1.480201e+03 1.318278e+03 
2.456364e-01 1.442589e+03 1.287060e+03 
2.486566e-01 1.411781e+03 1.256872e+03 
2.516768e-01 1.387105e+03 1.227671e+03 
2.546970e-01 1.367618e+03 1.199415e+03 
2.577172e-01 1.352112e+03 1.172065e+03 
2.607374e-01 1.339280e+03 1.145584e+03 
2.637576e-01 1.327757e+03 1.119937e+03 
2.667778e-01 1.316281e+03 1.095090e+03 
2.697980e-01 1.303727e+03 1.071012e+03 
2.728182e-01 1.289227e+03 1.047673e+03 
2.758384e-01 1.272129e+03 1.025042e+03 
2.788586e-01 1.252130e+03 1.003093e+03 
2.818788e-01 1.229166e+03 9.818003e+02 
2.848990e-01 1.203467e+03 9.611377e+02 
2.879192e-01 1.175492e+03 9.410818e+02 
2.909394e-01 1.145886e+03 9.216098e+02 
2.939596e-01 1.115415e+03 9.027001e+02 
2.969798e-01 1.084881e+03 8.843319e+02 
3.000000e-01 1.055055e+03 8.664853e+02 
