1.000000e-03 5.209163e+03 5.209110e+03 
4.020202e-03 1.716274e+04 1.729618e+04 
7.040404e-03 2.497035e+04 2.515576e+04 
1.006061e-02 2.972749e+04 2.995410e+04 
1.308081e-02 3.219821e+04 3.248796e+04 
1.610101e-02 3.293926e+04 3.322420e+04 
1.912121e-02 3.239424e+04 3.251666e+04 
2.214141e-02 3.093965e+04 3.078083e+04 
2.516162e-02 2.889806e+04 2.849752e+04 
2.818182e-02 2.654461e+04 2.608526e+04 
3.120202e-02 2.410074e+04 2.380479e+04 
3.422222e-02 2.173391e+04 2.176551e+04 
3.724242e-02 1.955945e+04 1.998344e+04 
4.026263e-02 1.764855e+04 1.843354e+04 
4.328283e-02 1.602336e+04 1.707970e+04 
4.630303e-02 1.468598e+04 1.588763e+04 
4.932323e-02 1.363622e+04 1.482872e+04 
5.234343e-02 1.283239e+04 1.388032e+04 
5.536364e-02 1.222531e+04 1.302473e+04 
5.838384e-02 1.177148e+04 1.224813e+04 
6.140404e-02 1.142960e+04 1.153959e+04 
6.442424e-02 1.115521e+04 1.089036e+04 
6.744444e-02 1.090667e+04 1.029333e+04 
7.046465e-02 1.065071e+04 9.742589e+03 
7.348485e-02 1.036101e+04 9.233196e+03 
7.650505e-02 1.002011e+04 8.760946e+03 
7.952525e-02 9.620529e+03 8.322220e+03 
8.254545e-02 9.165002e+03 7.913878e+03 
8.556566e-02 8.664026e+03 7.533171e+03 
8.858586e-02 8.133216e+03 7.177675e+03 
9.160606e-02 7.591107e+03 6.845238e+03 
9.462626e-02 7.056885e+03 6.533945e+03 
9.764646e-02 6.548839e+03 6.242078e+03 
1.006667e-01 6.082738e+03 5.968097e+03 
1.036869e-01 5.670421e+03 5.710609e+03 
1.067071e-01 5.319210e+03 5.468357e+03 
1.097273e-01 5.030942e+03 5.240201e+03 
1.127475e-01 4.803640e+03 5.025104e+03 
1.157677e-01 4.631452e+03 4.822123e+03 
1.187879e-01 4.506689e+03 4.630397e+03 
1.218081e-01 4.420036e+03 4.449139e+03 
1.248283e-01 4.361469e+03 4.277627e+03 
1.278485e-01 4.320469e+03 4.115201e+03 
1.308687e-01 4.286598e+03 3.961255e+03 
1.338889e-01 4.249886e+03 3.815229e+03 
1.369091e-01 4.201952e+03 3.676610e+03 
1.399293e-01 4.136292e+03 3.544924e+03 
1.429495e-01 4.049102e+03 3.419733e+03 
1.459697e-01 3.939240e+03 3.300634e+03 
1.489899e-01 3.807886e+03 3.187251e+03 
1.520101e-01 3.658468e+03 3.079239e+03 
1.550303e-01 3.495692e+03 2.976275e+03 
1.580505e-01 3.325418e+03 2.878063e+03 
1.610707e-01 3.153915e+03 2.784325e+03 
1.640909e-01 2.987653e+03 2.694802e+03 
1.671111e-01 2.832234e+03 2.609256e+03 
1.701313e-01 2.692282e+03 2.527462e+03 
1.731515e-01 2.570452e+03 2.449213e+03 
1.761717e-01 2.468109e+03 2.374315e+03 
1.791919e-01 2.385018e+03 2.302584e+03 
1.822121e-01 2.320053e+03 2.233852e+03 
1.852323e-01 2.271245e+03 2.167960e+03 
1.882525e-01 2.236037e+03 2.104759e+03 
1.912727e-01 2.211453e+03 2.044109e+03 
1.942929e-01 2.194116e+03 1.985881e+03 
1.973131e-01 2.180488e+03 1.929951e+03 
2.003333e-01 2.166949e+03 1.876204e+03 
2.033535e-01 2.150281e+03 1.824532e+03 
2.063737e-01 2.127808e+03 1.774834e+03 
2.093939e-01 2.097833e+03 1.727014e+03 
2.124141e-01 2.059426e+03 1.680981e+03 
2.154343e-01 2.012700e+03 1.636651e+03 
2.184545e-01 1.958391e+03 1.593943e+03 
2.214747e-01 1.897937e+03 1.552783e+03 
2.244949e-01 1.833172e+03 1.513098e+03 
2.275152e-01 1.766232e+03 1.474822e+03 
2.305354e-01 1.699265e+03 1.437891e+03 
2.335556e-01 1.634346e+03 1.402245e+03 
2.365758e-01 1.573288e+03 1.367827e+03 
2.395960e-01 1.517571e+03 1.334583e+03 
2.426162e-01 1.468197e+03 1.302462e+03 
2.456364e-01 1.425691e+03 1.271416e+03 
2.486566e-01 1.390162e+03 1.241399e+03 
2.516768e-01 1.361271e+03 1.212367e+03 
2.546970e-01 1.338382e+03 1.184280e+03 
2.577172e-01 1.320484e+03 1.157098e+03 
2.607374e-01 1.306389e+03 1.130785e+03 
2.637576e-01 1.294758e+03 1.105303e+03 
2.667778e-01 1.284273e+03 1.080621e+03 
2.697980e-01 1.273680e+03 1.056706e+03 
2.728182e-01 1.261941e+03 1.033528e+03 
2.758384e-01 1.248197e+03 1.011058e+03 
2.788586e-01 1.231862e+03 9.892676e+02 
2.818788e-01 1.212607e+03 9.681314e+02 
2.848990e-01 1.190380e+03 9.476241e+02 
2.879192e-01 1.165405e+03 9.277218e+02 
2.909394e-01 1.138114e+03 9.084018e+02 
2.939596e-01 1.109158e+03 8.896423e+02 
2.969798e-01 1.079293e+03 8.714225e+02 
3.000000e-01 1.049349e+03 8.537226e+02 
