1.000000e-03 5.985441e+03 5.985371e+03 
4.020202e-03 2.008682e+04 2.024383e+04 
7.040404e-03 2.934506e+04 2.957018e+04 
1.006061e-02 3.495216e+04 3.525107e+04 
1.308081e-02 3.779210e+04 3.820602e+04 
1.610101e-02 3.852548e+04 3.896501e+04 
1.912121e-02 3.768529e+04 3.792863e+04 
2.214141e-02 3.573501e+04 3.559431e+04 
2.516162e-02 3.307616e+04 3.257066e+04 
2.818182e-02 3.005263e+04 2.940824e+04 
3.120202e-02 2.694316e+04 2.645712e+04 
3.422222e-02 2.395764e+04 2.386250e+04 
3.724242e-02 2.123875e+04 2.163946e+04 
4.026263e-02 1.887208e+04 1.974592e+04 
4.328283e-02 1.687966e+04 1.812543e+04 
4.630303e-02 1.526607e+04 1.672560e+04 
4.932323e-02 1.402119e+04 1.550347e+04 
5.234343e-02 1.308899e+04 1.442553e+04 
5.536364e-02 1.241308e+04 1.346604e+04 
5.838384e-02 1.193937e+04 1.260528e+04 
6.140404e-02 1.161232e+04 1.182793e+04 
6.442424e-02 1.137656e+04 1.112198e+04 
6.744444e-02 1.118298e+04 1.047786e+04 
7.046465e-02 1.098922e+04 9.887781e+03 
7.348485e-02 1.075913e+04 9.345357e+03 
7.650505e-02 1.046644e+04 8.845247e+03 
7.952525e-02 1.009664e+04 8.382940e+03 
8.254545e-02 9.647506e+03 7.954581e+03 
8.556566e-02 9.128332e+03 7.556845e+03 
8.858586e-02 8.556881e+03 7.186838e+03 
9.160606e-02 7.956106e+03 6.842026e+03 
9.462626e-02 7.351340e+03 6.520175e+03 
9.764646e-02 6.766671e+03 6.219304e+03 
1.006667e-01 6.224059e+03 5.937649e+03 
1.036869e-01 5.739505e+03 5.673634e+03 
1.067071e-01 5.324087e+03 5.425842e+03 
1.097273e-01 4.981893e+03 5.193001e+03 
1.127475e-01 4.712504e+03 4.973959e+03 
1.157677e-01 4.511398e+03 4.767675e+03 
1.187879e-01 4.371054e+03 4.573203e+03 
1.218081e-01 4.282025e+03 4.389685e+03 
1.248283e-01 4.233101e+03 4.216336e+03 
1.278485e-01 4.212157e+03 4.052442e+03 
1.308687e-01 4.206308e+03 3.897349e+03 
1.338889e-01 4.203112e+03 3.750457e+03 
1.369091e-01 4.190962e+03 3.611216e+03 
1.399293e-01 4.160829e+03 3.479121e+03 
1.429495e-01 4.105873e+03 3.353708e+03 
1.459697e-01 4.022509e+03 3.234548e+03 
1.489899e-01 3.909758e+03 3.121245e+03 
1.520101e-01 3.769346e+03 3.013435e+03 
1.550303e-01 3.605818e+03 2.910780e+03 
1.580505e-01 3.425612e+03 2.812968e+03 
1.610707e-01 3.236879e+03 2.719708e+03 
1.640909e-01 3.048050e+03 2.630732e+03 
1.671111e-01 2.867232e+03 2.545791e+03 
1.701313e-01 2.700865e+03 2.464651e+03 
1.731515e-01 2.553690e+03 2.387098e+03 
1.761717e-01 2.428122e+03 2.312930e+03 
1.791919e-01 2.325195e+03 2.241959e+03 
1.822121e-01 2.244526e+03 2.174010e+03 
1.852323e-01 2.184907e+03 2.108920e+03 
1.882525e-01 2.144308e+03 2.046536e+03 
1.912727e-01 2.119795e+03 1.986715e+03 
1.942929e-01 2.107754e+03 1.929323e+03 
1.973131e-01 2.103864e+03 1.874234e+03 
2.003333e-01 2.103622e+03 1.821332e+03 
2.033535e-01 2.102569e+03 1.770505e+03 
2.063737e-01 2.096884e+03 1.721651e+03 
2.093939e-01 2.083473e+03 1.674671e+03 
2.124141e-01 2.060396e+03 1.629474e+03 
2.154343e-01 2.026548e+03 1.585975e+03 
2.184545e-01 1.981912e+03 1.544091e+03 
2.214747e-01 1.927254e+03 1.503747e+03 
2.244949e-01 1.864168e+03 1.464869e+03 
2.275152e-01 1.794903e+03 1.427392e+03 
2.305354e-01 1.722130e+03 1.391249e+03 
2.335556e-01 1.648738e+03 1.356381e+03 
2.365758e-01 1.577481e+03 1.322730e+03 
2.395960e-01 1.510704e+03 1.290242e+03 
2.426162e-01 1.450226e+03 1.258866e+03 
2.456364e-01 1.397328e+03 1.228553e+03 
2.486566e-01 1.352652e+03 1.199257e+03 
2.516768e-01 1.316389e+03 1.170935e+03 
2.546970e-01 1.288170e+03 1.143546e+03 
2.577172e-01 1.267269e+03 1.117050e+03 
2.607374e-01 1.252581e+03 1.091409e+03 
2.637576e-01 1.242730e+03 1.066590e+03 
2.667778e-01 1.236160e+03 1.042558e+03 
2.697980e-01 1.231259e+03 1.019281e+03 
2.728182e-01 1.226458e+03 9.967287e+02 
2.758384e-01 1.220345e+03 9.748729e+02 
2.788586e-01 1.211763e+03 9.536858e+02 
2.818788e-01 1.199838e+03 9.331412e+02 
2.848990e-01 1.184060e+03 9.132142e+02 
2.879192e-01 1.164214e+03 8.938811e+02 
2.909394e-01 1.140495e+03 8.751194e+02 
2.939596e-01 1.113371e+03 8.569073e+02 
2.969798e-01 1.083595e+03 8.392244e+02 
3.000000e-01 1.052097e+03 8.220508e+02 
