1.000000e-03 3.679940e+03 3.679910e+03 
4.020202e-03 1.237690e+04 1.247272e+04 
7.040404e-03 1.816903e+04 1.829362e+04 
1.006061e-02 2.178267e+04 2.190764e+04 
1.308081e-02 2.376197e+04 2.388453e+04 
1.610101e-02 2.451041e+04 2.458406e+04 
1.912121e-02 2.434763e+04 2.429773e+04 
2.214141e-02 2.354109e+04 2.334519e+04 
2.516162e-02 2.231751e+04 2.204955e+04 
2.818182e-02 2.086508e+04 2.065818e+04 
3.120202e-02 1.933414e+04 1.931092e+04 
3.422222e-02 1.783763e+04 1.806446e+04 
3.724242e-02 1.645203e+04 1.693027e+04 
4.026263e-02 1.522452e+04 1.590125e+04 
4.328283e-02 1.417187e+04 1.496506e+04 
4.630303e-02 1.328952e+04 1.410949e+04 
4.932323e-02 1.257995e+04 1.332404e+04 
5.234343e-02 1.201674e+04 1.260007e+04 
5.536364e-02 1.155810e+04 1.193053e+04 
5.838384e-02 1.117648e+04 1.130963e+04 
6.140404e-02 1.084416e+04 1.073253e+04 
6.442424e-02 1.053318e+04 1.019511e+04 
6.744444e-02 1.021823e+04 9.693832e+03 
7.046465e-02 9.881485e+03 9.225586e+03 
7.348485e-02 9.512517e+03 8.787630e+03 
7.650505e-02 9.108319e+03 8.377518e+03 
7.952525e-02 8.673739e+03 7.993053e+03 
8.254545e-02 8.218805e+03 7.632254e+03 
8.556566e-02 7.756352e+03 7.293327e+03 
8.858586e-02 7.299698e+03 6.974640e+03 
9.160606e-02 6.861350e+03 6.674705e+03 
9.462626e-02 6.452251e+03 6.392166e+03 
9.764646e-02 6.081507e+03 6.125779e+03 
1.006667e-01 5.755513e+03 5.874408e+03 
1.036869e-01 5.477988e+03 5.637008e+03 
1.067071e-01 5.248389e+03 5.412620e+03 
1.097273e-01 5.063365e+03 5.200361e+03 
1.127475e-01 4.916136e+03 4.999421e+03 
1.157677e-01 4.798633e+03 4.809050e+03 
1.187879e-01 4.701881e+03 4.628558e+03 
1.218081e-01 4.617343e+03 4.457309e+03 
1.248283e-01 4.537199e+03 4.294712e+03 
1.278485e-01 4.454745e+03 4.140224e+03 
1.308687e-01 4.364315e+03 3.993340e+03 
1.338889e-01 4.262291e+03 3.853593e+03 
1.369091e-01 4.146558e+03 3.720549e+03 
1.399293e-01 4.017358e+03 3.593806e+03 
1.429495e-01 3.876400e+03 3.472990e+03 
1.459697e-01 3.727069e+03 3.357754e+03 
1.489899e-01 3.573405e+03 3.247775e+03 
1.520101e-01 3.419876e+03 3.142751e+03 
1.550303e-01 3.270686e+03 3.042402e+03 
1.580505e-01 3.129741e+03 2.946466e+03 
1.610707e-01 3.000247e+03 2.854699e+03 
1.640909e-01 2.884670e+03 2.766874e+03 
1.671111e-01 2.784207e+03 2.682776e+03 
1.701313e-01 2.698981e+03 2.602207e+03 
1.731515e-01 2.627947e+03 2.524979e+03 
1.761717e-01 2.569242e+03 2.450918e+03 
1.791919e-01 2.520456e+03 2.379859e+03 
1.822121e-01 2.479034e+03 2.311650e+03 
1.852323e-01 2.442358e+03 2.246145e+03 
1.882525e-01 2.407808e+03 2.183209e+03 
1.912727e-01 2.372965e+03 2.122714e+03 
1.942929e-01 2.335770e+03 2.064542e+03 
1.973131e-01 2.294678e+03 2.008578e+03 
2.003333e-01 2.248689e+03 1.954716e+03 
2.033535e-01 2.197633e+03 1.902857e+03 
2.063737e-01 2.141908e+03 1.852906e+03 
2.093939e-01 2.082550e+03 1.804775e+03 
2.124141e-01 2.020852e+03 1.758378e+03 
2.154343e-01 1.958283e+03 1.713637e+03 
2.184545e-01 1.896313e+03 1.670476e+03 
2.214747e-01 1.836362e+03 1.628826e+03 
2.244949e-01 1.779646e+03 1.588618e+03 
2.275152e-01 1.727169e+03 1.549789e+03 
2.305354e-01 1.679539e+03 1.512279e+03 
2.335556e-01 1.637078e+03 1.476031e+03 
2.365758e-01 1.599690e+03 1.440992e+03 
2.395960e-01 1.567035e+03 1.407109e+03 
2.426162e-01 1.538495e+03 1.374335e+03 
2.456364e-01 1.513333e+03 1.342623e+03 
2.486566e-01 1.490709e+03 1.311929e+03 
2.516768e-01 1.469722e+03 1.282212e+03 
2.546970e-01 1.449444e+03 1.253432e+03 
2.577172e-01 1.429023e+03 1.225551e+03 
2.607374e-01 1.407724e+03 1.198534e+03 
2.637576e-01 1.385065e+03 1.172347e+03 
2.667778e-01 1.360797e+03 1.146957e+03 
2.697980e-01 1.334948e+03 1.122333e+03 
2.728182e-01 1.307729e+03 1.098445e+03 
2.758384e-01 1.279482e+03 1.075267e+03 
2.788586e-01 1.250629e+03 1.052770e+03 
2.818788e-01 1.221622e+03 1.030929e+03 
2.848990e-01 1.192905e+03 1.009720e+03 
2.879192e-01 1.164916e+03 9.891198e+02 
2.909394e-01 1.138072e+03 9.691056e+02 
2.939596e-01 1.112729e+03 9.496562e+02 
2.969798e-01 1.089160e+03 9.307514e+02 
3.000000e-01 1.067483e+03 9.123716e+02 
