1.000000e-03 3.028956e+03 3.028926e+03 
4.020202e-03 1.005489e+04 1.013204e+04 
7.040404e-03 1.468481e+04 1.477338e+04 
1.006061e-02 1.757137e+04 1.762898e+04 
1.308081e-02 1.918278e+04 1.919251e+04 
1.610101e-02 1.985611e+04 1.978901e+04 
1.912121e-02 1.984879e+04 1.968252e+04 
2.214141e-02 1.936852e+04 1.912829e+04 
2.516162e-02 1.858372e+04 1.834531e+04 
2.818182e-02 1.763053e+04 1.748027e+04 
3.120202e-02 1.661442e+04 1.661080e+04 
3.422222e-02 1.561168e+04 1.577058e+04 
3.724242e-02 1.467442e+04 1.497153e+04 
4.026263e-02 1.383031e+04 1.421639e+04 
4.328283e-02 1.308234e+04 1.350449e+04 
4.630303e-02 1.244512e+04 1.283399e+04 
4.932323e-02 1.190983e+04 1.220278e+04 
5.234343e-02 1.144608e+04 1.160870e+04 
5.536364e-02 1.103076e+04 1.104963e+04 
5.838384e-02 1.064808e+04 1.052353e+04 
6.140404e-02 1.028494e+04 1.002845e+04 
6.442424e-02 9.924182e+03 9.562485e+03 
6.744444e-02 9.554210e+03 9.123836e+03 
7.046465e-02 9.169558e+03 8.710783e+03 
7.348485e-02 8.769716e+03 8.321692e+03 
7.650505e-02 8.359668e+03 7.955021e+03 
7.952525e-02 7.948046e+03 7.609316e+03 
8.254545e-02 7.544978e+03 7.283212e+03 
8.556566e-02 7.159301e+03 6.975430e+03 
8.858586e-02 6.798000e+03 6.684774e+03 
9.160606e-02 6.465881e+03 6.410129e+03 
9.462626e-02 6.166266e+03 6.150453e+03 
9.764646e-02 5.901031e+03 5.904779e+03 
1.006667e-01 5.670555e+03 5.672203e+03 
1.036869e-01 5.472993e+03 5.451889e+03 
1.067071e-01 5.304141e+03 5.243057e+03 
1.097273e-01 5.157735e+03 5.044981e+03 
1.127475e-01 5.026285e+03 4.856990e+03 
1.157677e-01 4.903103e+03 4.678457e+03 
1.187879e-01 4.782277e+03 4.508800e+03 
1.218081e-01 4.659749e+03 4.347477e+03 
1.248283e-01 4.532660e+03 4.193987e+03 
1.278485e-01 4.400021e+03 4.047859e+03 
1.308687e-01 4.261783e+03 3.908658e+03 
1.338889e-01 4.118983e+03 3.775978e+03 
1.369091e-01 3.973487e+03 3.649440e+03 
1.399293e-01 3.827939e+03 3.528692e+03 
1.429495e-01 3.685034e+03 3.413403e+03 
1.459697e-01 3.547426e+03 3.303267e+03 
1.489899e-01 3.417375e+03 3.197996e+03 
1.520101e-01 3.296787e+03 3.097322e+03 
1.550303e-01 3.186746e+03 3.000995e+03 
1.580505e-01 3.087830e+03 2.908779e+03 
1.610707e-01 2.999835e+03 2.820456e+03 
1.640909e-01 2.921960e+03 2.735818e+03 
1.671111e-01 2.852612e+03 2.654673e+03 
1.701313e-01 2.789898e+03 2.576840e+03 
1.731515e-01 2.731705e+03 2.502149e+03 
1.761717e-01 2.676173e+03 2.430441e+03 
1.791919e-01 2.621687e+03 2.361566e+03 
1.822121e-01 2.567053e+03 2.295383e+03 
1.852323e-01 2.511349e+03 2.231759e+03 
1.882525e-01 2.454055e+03 2.170569e+03 
1.912727e-01 2.394924e+03 2.111697e+03 
1.942929e-01 2.334158e+03 2.055030e+03 
1.973131e-01 2.272275e+03 2.000466e+03 
2.003333e-01 2.210200e+03 1.947905e+03 
2.033535e-01 2.148898e+03 1.897254e+03 
2.063737e-01 2.089321e+03 1.848426e+03 
2.093939e-01 2.032243e+03 1.801338e+03 
2.124141e-01 1.978272e+03 1.755911e+03 
2.154343e-01 1.927687e+03 1.712070e+03 
2.184545e-01 1.880602e+03 1.669747e+03 
2.214747e-01 1.837051e+03 1.628873e+03 
2.244949e-01 1.796939e+03 1.589387e+03 
2.275152e-01 1.759874e+03 1.551229e+03 
2.305354e-01 1.725362e+03 1.514341e+03 
2.335556e-01 1.692825e+03 1.478670e+03 
2.365758e-01 1.661677e+03 1.444166e+03 
2.395960e-01 1.631355e+03 1.410780e+03 
2.426162e-01 1.601446e+03 1.378465e+03 
2.456364e-01 1.571658e+03 1.347179e+03 
2.486566e-01 1.541784e+03 1.316879e+03 
2.516768e-01 1.511678e+03 1.287526e+03 
2.546970e-01 1.481315e+03 1.259082e+03 
2.577172e-01 1.450745e+03 1.231512e+03 
2.607374e-01 1.420138e+03 1.204781e+03 
2.637576e-01 1.389745e+03 1.178857e+03 
2.667778e-01 1.359915e+03 1.153710e+03 
2.697980e-01 1.330944e+03 1.129308e+03 
2.728182e-01 1.303043e+03 1.105625e+03 
2.758384e-01 1.276344e+03 1.082632e+03 
2.788586e-01 1.250906e+03 1.060306e+03 
2.818788e-01 1.226704e+03 1.038620e+03 
2.848990e-01 1.203674e+03 1.017552e+03 
2.879192e-01 1.181765e+03 9.970787e+02 
2.909394e-01 1.160909e+03 9.771793e+02 
2.939596e-01 1.140981e+03 9.578331e+02 
2.969798e-01 1.121832e+03 9.390205e+02 
3.000000e-01 1.103281e+03 9.207228e+02 
