1.000000e-03 4.136295e+03 4.136253e+03 
4.020202e-03 1.368365e+04 1.379043e+04 
7.040404e-03 1.995266e+04 2.009278e+04 
1.006061e-02 2.381621e+04 2.396132e+04 
1.308081e-02 2.589087e+04 2.604244e+04 
1.610101e-02 2.662484e+04 2.673286e+04 
1.912121e-02 2.636819e+04 2.634212e+04 
2.214141e-02 2.541281e+04 2.520912e+04 
2.516162e-02 2.400448e+04 2.368842e+04 
2.818182e-02 2.234859e+04 2.206324e+04 
3.120202e-02 2.061003e+04 2.049970e+04 
3.422222e-02 1.891249e+04 1.906649e+04 
3.724242e-02 1.734083e+04 1.777671e+04 
4.026263e-02 1.594781e+04 1.661990e+04 
4.328283e-02 1.475445e+04 1.557896e+04 
4.630303e-02 1.375549e+04 1.463710e+04 
4.932323e-02 1.295344e+04 1.377997e+04 
5.234343e-02 1.232457e+04 1.299593e+04 
5.536364e-02 1.182343e+04 1.227561e+04 
5.838384e-02 1.141942e+04 1.161141e+04 
6.140404e-02 1.108127e+04 1.099711e+04 
6.442424e-02 1.077673e+04 1.042753e+04 
6.744444e-02 1.047737e+04 9.898271e+03 
7.046465e-02 1.016127e+04 9.405569e+03 
7.348485e-02 9.813514e+03 8.946140e+03 
7.650505e-02 9.426843e+03 8.517100e+03 
7.952525e-02 9.002226e+03 8.115895e+03 
8.254545e-02 8.547099e+03 7.740247e+03 
8.556566e-02 8.073615e+03 7.388113e+03 
8.858586e-02 7.595671e+03 7.057652e+03 
9.160606e-02 7.127418e+03 6.747200e+03 
9.462626e-02 6.682169e+03 6.455249e+03 
9.764646e-02 6.271318e+03 6.180425e+03 
1.006667e-01 5.903944e+03 5.921480e+03 
1.036869e-01 5.586035e+03 5.677271e+03 
1.067071e-01 5.319553e+03 5.446757e+03 
1.097273e-01 5.102954e+03 5.228980e+03 
1.127475e-01 4.931205e+03 5.023064e+03 
1.157677e-01 4.797292e+03 4.828204e+03 
1.187879e-01 4.692542e+03 4.643660e+03 
1.218081e-01 4.608010e+03 4.468750e+03 
1.248283e-01 4.535105e+03 4.302846e+03 
1.278485e-01 4.465782e+03 4.145369e+03 
1.308687e-01 4.392740e+03 3.995782e+03 
1.338889e-01 4.310229e+03 3.853592e+03 
1.369091e-01 4.213968e+03 3.718339e+03 
1.399293e-01 4.102271e+03 3.589600e+03 
1.429495e-01 3.975148e+03 3.466981e+03 
1.459697e-01 3.834903e+03 3.350116e+03 
1.489899e-01 3.684856e+03 3.238666e+03 
1.520101e-01 3.529309e+03 3.132317e+03 
1.550303e-01 3.372797e+03 3.030773e+03 
1.580505e-01 3.219953e+03 2.933763e+03 
1.610707e-01 3.075014e+03 2.841030e+03 
1.640909e-01 2.941765e+03 2.752338e+03 
1.671111e-01 2.822802e+03 2.667464e+03 
1.701313e-01 2.719794e+03 2.586202e+03 
1.731515e-01 2.632834e+03 2.508356e+03 
1.761717e-01 2.561106e+03 2.433746e+03 
1.791919e-01 2.502723e+03 2.362202e+03 
1.822121e-01 2.455389e+03 2.293564e+03 
1.852323e-01 2.416492e+03 2.227684e+03 
1.882525e-01 2.383352e+03 2.164420e+03 
1.912727e-01 2.353264e+03 2.103643e+03 
1.942929e-01 2.323603e+03 2.045227e+03 
1.973131e-01 2.291948e+03 1.989057e+03 
2.003333e-01 2.256399e+03 1.935023e+03 
2.033535e-01 2.215636e+03 1.883023e+03 
2.063737e-01 2.169135e+03 1.832959e+03 
2.093939e-01 2.117058e+03 1.784740e+03 
2.124141e-01 2.060186e+03 1.738280e+03 
2.154343e-01 1.999782e+03 1.693497e+03 
2.184545e-01 1.937375e+03 1.650314e+03 
2.214747e-01 1.874563e+03 1.608659e+03 
2.244949e-01 1.812914e+03 1.568464e+03 
2.275152e-01 1.753853e+03 1.529663e+03 
2.305354e-01 1.698583e+03 1.492194e+03 
2.335556e-01 1.648008e+03 1.456000e+03 
2.365758e-01 1.602670e+03 1.421026e+03 
2.395960e-01 1.562786e+03 1.387218e+03 
2.426162e-01 1.528185e+03 1.354529e+03 
2.456364e-01 1.498457e+03 1.322910e+03 
2.486566e-01 1.472934e+03 1.292317e+03 
2.516768e-01 1.450804e+03 1.262708e+03 
2.546970e-01 1.431093e+03 1.234042e+03 
2.577172e-01 1.412787e+03 1.206282e+03 
2.607374e-01 1.394870e+03 1.179390e+03 
2.637576e-01 1.376485e+03 1.153332e+03 
2.667778e-01 1.356935e+03 1.128076e+03 
2.697980e-01 1.335792e+03 1.103589e+03 
2.728182e-01 1.312821e+03 1.079842e+03 
2.758384e-01 1.288077e+03 1.056806e+03 
2.788586e-01 1.261747e+03 1.034455e+03 
2.818788e-01 1.234165e+03 1.012761e+03 
2.848990e-01 1.205745e+03 9.917018e+02 
2.879192e-01 1.176981e+03 9.712522e+02 
2.909394e-01 1.148397e+03 9.513900e+02 
2.939596e-01 1.120525e+03 9.320936e+02 
2.969798e-01 1.093847e+03 9.133426e+02 
3.000000e-01 1.068776e+03 8.951173e+02 
