1.000000e-03 6.695545e+03 6.695473e+03 
4.020202e-03 2.256809e+04 2.274589e+04 
7.040404e-03 3.297428e+04 3.323641e+04 
1.006061e-02 3.923325e+04 3.960179e+04 
1.308081e-02 4.234102e+04 4.287554e+04 
1.610101e-02 4.304263e+04 4.364366e+04 
1.912121e-02 4.194582e+04 4.234031e+04 
2.214141e-02 3.958117e+04 3.951748e+04 
2.516162e-02 3.641142e+04 3.587774e+04 
2.818182e-02 3.283588e+04 3.207945e+04 
3.120202e-02 2.917723e+04 2.855321e+04 
3.422222e-02 2.567887e+04 2.548071e+04 
3.724242e-02 2.250630e+04 2.287981e+04 
4.026263e-02 1.975580e+04 2.069481e+04 
4.328283e-02 1.745119e+04 1.885147e+04 
4.630303e-02 1.559612e+04 1.728111e+04 
4.932323e-02 1.417290e+04 1.592769e+04 
5.234343e-02 1.311751e+04 1.474779e+04 
5.536364e-02 1.236675e+04 1.370838e+04 
5.838384e-02 1.185774e+04 1.278437e+04 
6.140404e-02 1.152602e+04 1.195657e+04 
6.442424e-02 1.131062e+04 1.121005e+04 
6.744444e-02 1.115702e+04 1.053310e+04 
7.046465e-02 1.101631e+04 9.916319e+03 
7.348485e-02 1.084499e+04 9.352081e+03 
7.650505e-02 1.060890e+04 8.834100e+03 
7.952525e-02 1.028626e+04 8.357124e+03 
8.254545e-02 9.869011e+03 7.916719e+03 
8.556566e-02 9.363169e+03 7.509096e+03 
8.858586e-02 8.785944e+03 7.130992e+03 
9.160606e-02 8.161943e+03 6.779572e+03 
9.462626e-02 7.519715e+03 6.452359e+03 
9.764646e-02 6.887333e+03 6.147170e+03 
1.006667e-01 6.290886e+03 5.862078e+03 
1.036869e-01 5.750497e+03 5.595367e+03 
1.067071e-01 5.280662e+03 5.345509e+03 
1.097273e-01 4.888797e+03 5.111132e+03 
1.127475e-01 4.576547e+03 4.891006e+03 
1.157677e-01 4.341122e+03 4.684021e+03 
1.187879e-01 4.175970e+03 4.489173e+03 
1.218081e-01 4.072247e+03 4.305554e+03 
1.248283e-01 4.018679e+03 4.132338e+03 
1.278485e-01 4.002774e+03 3.968775e+03 
1.308687e-01 4.011106e+03 3.814178e+03 
1.338889e-01 4.030054e+03 3.667924e+03 
1.369091e-01 4.046467e+03 3.529438e+03 
1.399293e-01 4.049062e+03 3.398197e+03 
1.429495e-01 4.028580e+03 3.273718e+03 
1.459697e-01 3.978399e+03 3.155559e+03 
1.489899e-01 3.895006e+03 3.043312e+03 
1.520101e-01 3.777636e+03 2.936601e+03 
1.550303e-01 3.629331e+03 2.835079e+03 
1.580505e-01 3.455717e+03 2.738425e+03 
1.610707e-01 3.265437e+03 2.646343e+03 
1.640909e-01 3.067946e+03 2.558558e+03 
1.671111e-01 2.872889e+03 2.474815e+03 
1.701313e-01 2.688241e+03 2.394877e+03 
1.731515e-01 2.520459e+03 2.318525e+03 
1.761717e-01 2.373591e+03 2.245554e+03 
1.791919e-01 2.250115e+03 2.175774e+03 
1.822121e-01 2.150882e+03 2.109007e+03 
1.852323e-01 2.075604e+03 2.045087e+03 
1.882525e-01 2.023072e+03 1.983861e+03 
1.912727e-01 1.990890e+03 1.925183e+03 
1.942929e-01 1.975807e+03 1.868919e+03 
1.973131e-01 1.973539e+03 1.814942e+03 
2.003333e-01 1.979393e+03 1.763135e+03 
2.033535e-01 1.988459e+03 1.713385e+03 
2.063737e-01 1.996206e+03 1.665589e+03 
2.093939e-01 1.998573e+03 1.619649e+03 
2.124141e-01 1.992421e+03 1.575473e+03 
2.154343e-01 1.975436e+03 1.532975e+03 
2.184545e-01 1.946261e+03 1.492074e+03 
2.214747e-01 1.904645e+03 1.452693e+03 
2.244949e-01 1.851254e+03 1.414760e+03 
2.275152e-01 1.787961e+03 1.378207e+03 
2.305354e-01 1.717313e+03 1.342970e+03 
2.335556e-01 1.642505e+03 1.308989e+03 
2.365758e-01 1.566727e+03 1.276207e+03 
2.395960e-01 1.493019e+03 1.244569e+03 
2.426162e-01 1.423885e+03 1.214025e+03 
2.456364e-01 1.361375e+03 1.184526e+03 
2.486566e-01 1.306864e+03 1.156027e+03 
2.516768e-01 1.261207e+03 1.128485e+03 
2.546970e-01 1.224703e+03 1.101858e+03 
2.577172e-01 1.197075e+03 1.076107e+03 
2.607374e-01 1.177620e+03 1.051196e+03 
2.637576e-01 1.165166e+03 1.027090e+03 
2.667778e-01 1.158275e+03 1.003756e+03 
2.697980e-01 1.155244e+03 9.811613e+02 
2.728182e-01 1.154351e+03 9.592767e+02 
2.758384e-01 1.153904e+03 9.380736e+02 
2.788586e-01 1.152363e+03 9.175248e+02 
2.818788e-01 1.148355e+03 8.976045e+02 
2.848990e-01 1.140801e+03 8.782881e+02 
2.879192e-01 1.128934e+03 8.595522e+02 
2.909394e-01 1.112355e+03 8.413746e+02 
2.939596e-01 1.091117e+03 8.237338e+02 
2.969798e-01 1.065617e+03 8.066097e+02 
3.000000e-01 1.036673e+03 7.899829e+02 
