1.000000e-03 6.126935e+03 6.126870e+03 
4.020202e-03 2.083301e+04 2.099669e+04 
7.040404e-03 3.066853e+04 3.091246e+04 
1.006061e-02 3.674344e+04 3.708236e+04 
1.308081e-02 3.992063e+04 4.041365e+04 
1.610101e-02 4.085648e+04 4.142733e+04 
1.912121e-02 4.009272e+04 4.049802e+04 
2.214141e-02 3.810136e+04 3.809539e+04 
2.516162e-02 3.530527e+04 3.483790e+04 
2.818182e-02 3.206878e+04 3.133643e+04 
3.120202e-02 2.869490e+04 2.801856e+04 
3.422222e-02 2.541666e+04 2.508638e+04 
3.724242e-02 2.239848e+04 2.258081e+04 
4.026263e-02 1.974300e+04 2.046328e+04 
4.328283e-02 1.748708e+04 1.867028e+04 
4.630303e-02 1.563906e+04 1.713930e+04 
4.932323e-02 1.419254e+04 1.581784e+04 
5.234343e-02 1.309969e+04 1.466451e+04 
5.536364e-02 1.230241e+04 1.364753e+04 
5.838384e-02 1.174405e+04 1.274262e+04 
6.140404e-02 1.137137e+04 1.193114e+04 
6.442424e-02 1.112677e+04 1.119861e+04 
6.744444e-02 1.095662e+04 1.053364e+04 
7.046465e-02 1.081443e+04 9.927126e+03 
7.348485e-02 1.065857e+04 9.371658e+03 
7.650505e-02 1.045499e+04 8.861154e+03 
7.952525e-02 1.017945e+04 8.390532e+03 
8.254545e-02 9.819614e+03 7.955505e+03 
8.556566e-02 9.375995e+03 7.552412e+03 
8.858586e-02 8.859100e+03 7.178100e+03 
9.160606e-02 8.287425e+03 6.829832e+03 
9.462626e-02 7.685321e+03 6.505212e+03 
9.764646e-02 7.078294e+03 6.202133e+03 
1.006667e-01 6.491743e+03 5.918730e+03 
1.036869e-01 5.946969e+03 5.653343e+03 
1.067071e-01 5.461184e+03 5.404491e+03 
1.097273e-01 5.044154e+03 5.170846e+03 
1.127475e-01 4.700884e+03 4.951213e+03 
1.157677e-01 4.430856e+03 4.744515e+03 
1.187879e-01 4.230064e+03 4.549776e+03 
1.218081e-01 4.091608e+03 4.366112e+03 
1.248283e-01 4.006615e+03 4.192720e+03 
1.278485e-01 3.964884e+03 4.028866e+03 
1.308687e-01 3.954705e+03 3.873882e+03 
1.338889e-01 3.963772e+03 3.727157e+03 
1.369091e-01 3.979454e+03 3.588131e+03 
1.399293e-01 3.990131e+03 3.456289e+03 
1.429495e-01 3.985411e+03 3.331161e+03 
1.459697e-01 3.957578e+03 3.212311e+03 
1.489899e-01 3.901099e+03 3.099340e+03 
1.520101e-01 3.813586e+03 2.991876e+03 
1.550303e-01 3.695263e+03 2.889580e+03 
1.580505e-01 3.549056e+03 2.792135e+03 
1.610707e-01 3.380769e+03 2.699250e+03 
1.640909e-01 3.197970e+03 2.610652e+03 
1.671111e-01 3.009341e+03 2.526091e+03 
1.701313e-01 2.823386e+03 2.445333e+03 
1.731515e-01 2.647707e+03 2.368159e+03 
1.761717e-01 2.488008e+03 2.294369e+03 
1.791919e-01 2.348191e+03 2.223773e+03 
1.822121e-01 2.230312e+03 2.156195e+03 
1.852323e-01 2.135257e+03 2.091472e+03 
1.882525e-01 2.062590e+03 2.029449e+03 
1.912727e-01 2.011067e+03 1.969984e+03 
1.942929e-01 1.978599e+03 1.912942e+03 
1.973131e-01 1.962192e+03 1.858198e+03 
2.003333e-01 1.958162e+03 1.805633e+03 
2.033535e-01 1.962197e+03 1.755138e+03 
2.063737e-01 1.969833e+03 1.706609e+03 
2.093939e-01 1.976715e+03 1.659947e+03 
2.124141e-01 1.979025e+03 1.615061e+03 
2.154343e-01 1.973603e+03 1.571866e+03 
2.184545e-01 1.958276e+03 1.530280e+03 
2.214747e-01 1.931641e+03 1.490227e+03 
2.244949e-01 1.893381e+03 1.451635e+03 
2.275152e-01 1.844004e+03 1.414435e+03 
2.305354e-01 1.785013e+03 1.378564e+03 
2.335556e-01 1.718590e+03 1.343961e+03 
2.365758e-01 1.647422e+03 1.310569e+03 
2.395960e-01 1.574468e+03 1.278333e+03 
2.426162e-01 1.502634e+03 1.247204e+03 
2.456364e-01 1.434424e+03 1.217132e+03 
2.486566e-01 1.371901e+03 1.188071e+03 
2.516768e-01 1.316607e+03 1.159978e+03 
2.546970e-01 1.269469e+03 1.132812e+03 
2.577172e-01 1.230934e+03 1.106534e+03 
2.607374e-01 1.200875e+03 1.081106e+03 
2.637576e-01 1.178801e+03 1.056494e+03 
2.667778e-01 1.163789e+03 1.032665e+03 
2.697980e-01 1.154626e+03 1.009585e+03 
2.728182e-01 1.149853e+03 9.872258e+02 
2.758384e-01 1.147902e+03 9.655579e+02 
2.788586e-01 1.147169e+03 9.445542e+02 
2.818788e-01 1.146105e+03 9.241885e+02 
2.848990e-01 1.143309e+03 9.044361e+02 
2.879192e-01 1.137617e+03 8.852733e+02 
2.909394e-01 1.128179e+03 8.666778e+02 
2.939596e-01 1.114440e+03 8.486279e+02 
2.969798e-01 1.096276e+03 8.311032e+02 
3.000000e-01 1.073861e+03 8.140841e+02 
