1.000000e-03 2.053896e+03 2.053872e+03 
4.020202e-03 7.043973e+03 7.100192e+03 
7.040404e-03 1.045233e+04 1.051169e+04 
1.006061e-02 1.267935e+04 1.269045e+04 
1.308081e-02 1.404575e+04 1.398323e+04 
1.610101e-02 1.478446e+04 1.463819e+04 
1.912121e-02 1.506831e+04 1.484657e+04 
2.214141e-02 1.502961e+04 1.476238e+04 
2.516162e-02 1.477138e+04 1.449895e+04 
2.818182e-02 1.437273e+04 1.412999e+04 
3.120202e-02 1.389437e+04 1.370037e+04 
3.422222e-02 1.338027e+04 1.323753e+04 
3.724242e-02 1.286029e+04 1.275889e+04 
4.026263e-02 1.235348e+04 1.227602e+04 
4.328283e-02 1.186957e+04 1.179673e+04 
4.630303e-02 1.140916e+04 1.132640e+04 
4.932323e-02 1.097633e+04 1.086862e+04 
5.234343e-02 1.057063e+04 1.042575e+04 
5.536364e-02 1.017811e+04 9.999263e+03 
5.838384e-02 9.794500e+03 9.589960e+03 
6.140404e-02 9.424278e+03 9.198169e+03 
6.442424e-02 9.065618e+03 8.823876e+03 
6.744444e-02 8.714536e+03 8.466824e+03 
7.046465e-02 8.370498e+03 8.126586e+03 
7.348485e-02 8.034762e+03 7.802620e+03 
7.650505e-02 7.710524e+03 7.494310e+03 
7.952525e-02 7.401414e+03 7.200997e+03 
8.254545e-02 7.111063e+03 6.921999e+03 
8.556566e-02 6.840613e+03 6.656631e+03 
8.858586e-02 6.589435e+03 6.404211e+03 
9.160606e-02 6.355674e+03 6.164075e+03 
9.462626e-02 6.137327e+03 5.935576e+03 
9.764646e-02 5.933079e+03 5.718094e+03 
1.006667e-01 5.741779e+03 5.511033e+03 
1.036869e-01 5.562311e+03 5.313826e+03 
1.067071e-01 5.392852e+03 5.125934e+03 
1.097273e-01 5.230987e+03 4.946847e+03 
1.127475e-01 5.074211e+03 4.776081e+03 
1.157677e-01 4.920419e+03 4.613180e+03 
1.187879e-01 4.769140e+03 4.457713e+03 
1.218081e-01 4.620392e+03 4.309276e+03 
1.248283e-01 4.474980e+03 4.167486e+03 
1.278485e-01 4.334031e+03 4.031984e+03 
1.308687e-01 4.198430e+03 3.902433e+03 
1.338889e-01 4.068880e+03 3.778515e+03 
1.369091e-01 3.945755e+03 3.659930e+03 
1.399293e-01 3.829020e+03 3.546398e+03 
1.429495e-01 3.718527e+03 3.437656e+03 
1.459697e-01 3.613934e+03 3.333453e+03 
1.489899e-01 3.514854e+03 3.233557e+03 
1.520101e-01 3.420842e+03 3.137748e+03 
1.550303e-01 3.331437e+03 3.045819e+03 
1.580505e-01 3.246188e+03 2.957574e+03 
1.610707e-01 3.164639e+03 2.872831e+03 
1.640909e-01 3.086204e+03 2.791417e+03 
1.671111e-01 3.010197e+03 2.713168e+03 
1.701313e-01 2.936103e+03 2.637931e+03 
1.731515e-01 2.863641e+03 2.565562e+03 
1.761717e-01 2.792702e+03 2.495923e+03 
1.791919e-01 2.723538e+03 2.428886e+03 
1.822121e-01 2.656408e+03 2.364329e+03 
1.852323e-01 2.591407e+03 2.302137e+03 
1.882525e-01 2.528573e+03 2.242201e+03 
1.912727e-01 2.467860e+03 2.184418e+03 
1.942929e-01 2.409186e+03 2.128691e+03 
1.973131e-01 2.352590e+03 2.074928e+03 
2.003333e-01 2.298200e+03 2.023042e+03 
2.033535e-01 2.246056e+03 1.972950e+03 
2.063737e-01 2.196067e+03 1.924574e+03 
2.093939e-01 2.148079e+03 1.877840e+03 
2.124141e-01 2.101807e+03 1.832677e+03 
2.154343e-01 2.056972e+03 1.789019e+03 
2.184545e-01 2.013423e+03 1.746802e+03 
2.214747e-01 1.971053e+03 1.705967e+03 
2.244949e-01 1.929838e+03 1.666455e+03 
2.275152e-01 1.889796e+03 1.628213e+03 
2.305354e-01 1.850879e+03 1.591189e+03 
2.335556e-01 1.812982e+03 1.555334e+03 
2.365758e-01 1.776035e+03 1.520601e+03 
2.395960e-01 1.740022e+03 1.486945e+03 
2.426162e-01 1.704944e+03 1.454325e+03 
2.456364e-01 1.670847e+03 1.422700e+03 
2.486566e-01 1.637769e+03 1.392030e+03 
2.516768e-01 1.605686e+03 1.362280e+03 
2.546970e-01 1.574554e+03 1.333415e+03 
2.577172e-01 1.544329e+03 1.305401e+03 
2.607374e-01 1.514964e+03 1.278206e+03 
2.637576e-01 1.486426e+03 1.251799e+03 
2.667778e-01 1.458693e+03 1.226153e+03 
2.697980e-01 1.431739e+03 1.201238e+03 
2.728182e-01 1.405533e+03 1.177028e+03 
2.758384e-01 1.380036e+03 1.153499e+03 
2.788586e-01 1.355198e+03 1.130625e+03 
2.818788e-01 1.330968e+03 1.108383e+03 
2.848990e-01 1.307312e+03 1.086751e+03 
2.879192e-01 1.284206e+03 1.065708e+03 
2.909394e-01 1.261643e+03 1.045233e+03 
2.939596e-01 1.239630e+03 1.025307e+03 
2.969798e-01 1.218164e+03 1.005911e+03 
3.000000e-01 1.197231e+03 9.870273e+02 
