1.000000e-03 3.705879e+03 3.705836e+03 
4.020202e-03 1.236170e+04 1.245713e+04 
7.040404e-03 1.803729e+04 1.815527e+04 
1.006061e-02 2.151949e+04 2.162630e+04 
1.308081e-02 2.338169e+04 2.346886e+04 
1.610101e-02 2.404086e+04 2.406118e+04 
1.912121e-02 2.382175e+04 2.371083e+04 
2.214141e-02 2.299222e+04 2.274472e+04 
2.516162e-02 2.177538e+04 2.147699e+04 
2.818182e-02 2.035449e+04 2.013584e+04 
3.120202e-02 1.887305e+04 1.884392e+04 
3.422222e-02 1.743730e+04 1.764817e+04 
3.724242e-02 1.611724e+04 1.655667e+04 
4.026263e-02 1.495458e+04 1.556229e+04 
4.328283e-02 1.396279e+04 1.465395e+04 
4.630303e-02 1.313371e+04 1.382090e+04 
4.932323e-02 1.246642e+04 1.305394e+04 
5.234343e-02 1.193396e+04 1.234545e+04 
5.536364e-02 1.149293e+04 1.168915e+04 
5.838384e-02 1.111989e+04 1.107979e+04 
6.140404e-02 1.078598e+04 1.051293e+04 
6.442424e-02 1.046177e+04 9.984759e+03 
6.744444e-02 1.012762e+04 9.491920e+03 
7.046465e-02 9.769423e+03 9.031466e+03 
7.348485e-02 9.379702e+03 8.600763e+03 
7.650505e-02 8.958653e+03 8.197447e+03 
7.952525e-02 8.513087e+03 7.819384e+03 
8.254545e-02 8.054120e+03 7.464641e+03 
8.556566e-02 7.595140e+03 7.131459e+03 
8.858586e-02 7.149066e+03 6.818236e+03 
9.160606e-02 6.727548e+03 6.523509e+03 
9.462626e-02 6.340403e+03 6.245940e+03 
9.764646e-02 5.995155e+03 5.984304e+03 
1.006667e-01 5.696444e+03 5.737477e+03 
1.036869e-01 5.445603e+03 5.504427e+03 
1.067071e-01 5.240066e+03 5.284207e+03 
1.097273e-01 5.074461e+03 5.075944e+03 
1.127475e-01 4.940996e+03 4.878835e+03 
1.157677e-01 4.831029e+03 4.692142e+03 
1.187879e-01 4.735871e+03 4.515180e+03 
1.218081e-01 4.647423e+03 4.347320e+03 
1.248283e-01 4.558588e+03 4.187981e+03 
1.278485e-01 4.463613e+03 4.036622e+03 
1.308687e-01 4.358110e+03 3.892747e+03 
1.338889e-01 4.240027e+03 3.755892e+03 
1.369091e-01 4.108960e+03 3.625631e+03 
1.399293e-01 3.966800e+03 3.501566e+03 
1.429495e-01 3.816524e+03 3.383327e+03 
1.459697e-01 3.662179e+03 3.270572e+03 
1.489899e-01 3.507890e+03 3.162983e+03 
1.520101e-01 3.357699e+03 3.060261e+03 
1.550303e-01 3.215301e+03 2.962130e+03 
1.580505e-01 3.084003e+03 2.868333e+03 
1.610707e-01 2.966121e+03 2.778628e+03 
1.640909e-01 2.863145e+03 2.692791e+03 
1.671111e-01 2.775177e+03 2.610612e+03 
1.701313e-01 2.701333e+03 2.531894e+03 
1.731515e-01 2.639610e+03 2.456453e+03 
1.761717e-01 2.587559e+03 2.384118e+03 
1.791919e-01 2.542454e+03 2.314726e+03 
1.822121e-01 2.501703e+03 2.248127e+03 
1.852323e-01 2.462852e+03 2.184178e+03 
1.882525e-01 2.423748e+03 2.122746e+03 
1.912727e-01 2.382504e+03 2.063707e+03 
1.942929e-01 2.337642e+03 2.006940e+03 
1.973131e-01 2.288299e+03 1.952337e+03 
2.003333e-01 2.234284e+03 1.899793e+03 
2.033535e-01 2.176125e+03 1.849209e+03 
2.063737e-01 2.114831e+03 1.800492e+03 
2.093939e-01 2.051823e+03 1.753556e+03 
2.124141e-01 1.988608e+03 1.708317e+03 
2.154343e-01 1.926597e+03 1.664698e+03 
2.184545e-01 1.867057e+03 1.622625e+03 
2.214747e-01 1.811057e+03 1.582028e+03 
2.244949e-01 1.759362e+03 1.542842e+03 
2.275152e-01 1.712462e+03 1.505005e+03 
2.305354e-01 1.670487e+03 1.468457e+03 
2.335556e-01 1.633323e+03 1.433143e+03 
2.365758e-01 1.600522e+03 1.399009e+03 
2.395960e-01 1.571469e+03 1.366006e+03 
2.426162e-01 1.545377e+03 1.334086e+03 
2.456364e-01 1.521392e+03 1.303203e+03 
2.486566e-01 1.498624e+03 1.273315e+03 
2.516768e-01 1.476227e+03 1.244381e+03 
2.546970e-01 1.453432e+03 1.216362e+03 
2.577172e-01 1.429696e+03 1.189221e+03 
2.607374e-01 1.404661e+03 1.162923e+03 
2.637576e-01 1.378250e+03 1.137436e+03 
2.667778e-01 1.350565e+03 1.112726e+03 
2.697980e-01 1.321888e+03 1.088764e+03 
2.728182e-01 1.292581e+03 1.065521e+03 
2.758384e-01 1.263060e+03 1.042969e+03 
2.788586e-01 1.233758e+03 1.021083e+03 
2.818788e-01 1.205101e+03 9.998367e+02 
2.848990e-01 1.177480e+03 9.792067e+02 
2.879192e-01 1.151230e+03 9.591702e+02 
2.909394e-01 1.126608e+03 9.397053e+02 
2.939596e-01 1.103750e+03 9.207913e+02 
2.969798e-01 1.082671e+03 9.024083e+02 
3.000000e-01 1.063272e+03 8.845372e+02 
