1.000000e-03 2.309104e+03 2.309082e+03 
4.020202e-03 7.877869e+03 7.938817e+03 
7.040404e-03 1.166287e+04 1.172989e+04 
1.006061e-02 1.410857e+04 1.413658e+04 
1.308081e-02 1.556594e+04 1.553393e+04 
1.610101e-02 1.629243e+04 1.618431e+04 
1.912121e-02 1.648498e+04 1.629929e+04 
2.214141e-02 1.630048e+04 1.606784e+04 
2.516162e-02 1.586422e+04 1.564047e+04 
2.818182e-02 1.527628e+04 1.511567e+04 
3.120202e-02 1.461438e+04 1.454885e+04 
3.422222e-02 1.393509e+04 1.396912e+04 
3.724242e-02 1.327663e+04 1.339187e+04 
4.026263e-02 1.266310e+04 1.282566e+04 
4.328283e-02 1.210180e+04 1.227555e+04 
4.630303e-02 1.159169e+04 1.174454e+04 
4.932323e-02 1.113918e+04 1.123442e+04 
5.234343e-02 1.073104e+04 1.074610e+04 
5.536364e-02 1.034512e+04 1.027992e+04 
5.838384e-02 9.975082e+03 9.835787e+03 
6.140404e-02 9.616096e+03 9.413306e+03 
6.442424e-02 9.261961e+03 9.011879e+03 
6.744444e-02 8.906863e+03 8.630769e+03 
7.046465e-02 8.547915e+03 8.269147e+03 
7.348485e-02 8.186491e+03 7.926134e+03 
7.650505e-02 7.827398e+03 7.600828e+03 
7.952525e-02 7.477171e+03 7.292327e+03 
8.254545e-02 7.142858e+03 6.999737e+03 
8.556566e-02 6.829323e+03 6.722192e+03 
8.858586e-02 6.539298e+03 6.458853e+03 
9.160606e-02 6.273383e+03 6.208917e+03 
9.462626e-02 6.031325e+03 5.971617e+03 
9.764646e-02 5.812387e+03 5.746227e+03 
1.006667e-01 5.615573e+03 5.532057e+03 
1.036869e-01 5.438769e+03 5.328459e+03 
1.067071e-01 5.278495e+03 5.134819e+03 
1.097273e-01 5.130488e+03 4.950563e+03 
1.127475e-01 4.989742e+03 4.775149e+03 
1.157677e-01 4.852180e+03 4.608070e+03 
1.187879e-01 4.714781e+03 4.448850e+03 
1.218081e-01 4.576054e+03 4.297041e+03 
1.248283e-01 4.435886e+03 4.152226e+03 
1.278485e-01 4.295040e+03 4.014012e+03 
1.308687e-01 4.154944e+03 3.882033e+03 
1.338889e-01 4.017067e+03 3.755943e+03 
1.369091e-01 3.882892e+03 3.635420e+03 
1.399293e-01 3.753780e+03 3.520161e+03 
1.429495e-01 3.630968e+03 3.409883e+03 
1.459697e-01 3.515252e+03 3.304319e+03 
1.489899e-01 3.407148e+03 3.203220e+03 
1.520101e-01 3.306862e+03 3.106352e+03 
1.550303e-01 3.214387e+03 3.013494e+03 
1.580505e-01 3.129243e+03 2.924440e+03 
1.610707e-01 3.050679e+03 2.838996e+03 
1.640909e-01 2.977548e+03 2.756979e+03 
1.671111e-01 2.908538e+03 2.678217e+03 
1.701313e-01 2.842286e+03 2.602549e+03 
1.731515e-01 2.777528e+03 2.529822e+03 
1.761717e-01 2.713563e+03 2.459894e+03 
1.791919e-01 2.649953e+03 2.392629e+03 
1.822121e-01 2.586661e+03 2.327899e+03 
1.852323e-01 2.523762e+03 2.265585e+03 
1.882525e-01 2.461347e+03 2.205574e+03 
1.912727e-01 2.399571e+03 2.147757e+03 
1.942929e-01 2.338751e+03 2.092035e+03 
1.973131e-01 2.279290e+03 2.038311e+03 
2.003333e-01 2.221717e+03 1.986495e+03 
2.033535e-01 2.166525e+03 1.936502e+03 
2.063737e-01 2.114057e+03 1.888250e+03 
2.093939e-01 2.064476e+03 1.841663e+03 
2.124141e-01 2.017604e+03 1.796668e+03 
2.154343e-01 1.973200e+03 1.753197e+03 
2.184545e-01 1.930982e+03 1.711184e+03 
2.214747e-01 1.890686e+03 1.670568e+03 
2.244949e-01 1.852080e+03 1.631289e+03 
2.275152e-01 1.814924e+03 1.593291e+03 
2.305354e-01 1.778957e+03 1.556523e+03 
2.335556e-01 1.743914e+03 1.520932e+03 
2.365758e-01 1.709531e+03 1.486472e+03 
2.395960e-01 1.675632e+03 1.453097e+03 
2.426162e-01 1.642152e+03 1.420764e+03 
2.456364e-01 1.609105e+03 1.389431e+03 
2.486566e-01 1.576581e+03 1.359058e+03 
2.516768e-01 1.544664e+03 1.329610e+03 
2.546970e-01 1.513427e+03 1.301049e+03 
2.577172e-01 1.482941e+03 1.273341e+03 
2.607374e-01 1.453275e+03 1.246455e+03 
2.637576e-01 1.424501e+03 1.220360e+03 
2.667778e-01 1.396689e+03 1.195025e+03 
2.697980e-01 1.369882e+03 1.170423e+03 
2.728182e-01 1.344099e+03 1.146526e+03 
2.758384e-01 1.319292e+03 1.123309e+03 
2.788586e-01 1.295375e+03 1.100748e+03 
2.818788e-01 1.272246e+03 1.078818e+03 
2.848990e-01 1.249800e+03 1.057497e+03 
2.879192e-01 1.227950e+03 1.036764e+03 
2.909394e-01 1.206621e+03 1.016597e+03 
2.939596e-01 1.185776e+03 9.969781e+02 
2.969798e-01 1.165386e+03 9.778871e+02 
3.000000e-01 1.145415e+03 9.593061e+02 
