1.000000e-03 2.739607e+03 2.739579e+03 
4.020202e-03 9.140318e+03 9.211317e+03 
7.040404e-03 1.334863e+04 1.342476e+04 
1.006061e-02 1.597089e+04 1.600319e+04 
1.308081e-02 1.744855e+04 1.741573e+04 
1.610101e-02 1.809632e+04 1.797855e+04 
1.912121e-02 1.814948e+04 1.794364e+04 
2.214141e-02 1.779257e+04 1.753571e+04 
2.516162e-02 1.717273e+04 1.693168e+04 
2.818182e-02 1.640466e+04 1.624405e+04 
3.120202e-02 1.557663e+04 1.553283e+04 
3.422222e-02 1.475139e+04 1.482693e+04 
3.724242e-02 1.396976e+04 1.413984e+04 
4.026263e-02 1.325628e+04 1.347791e+04 
4.328283e-02 1.261348e+04 1.284414e+04 
4.630303e-02 1.204185e+04 1.223982e+04 
4.932323e-02 1.154604e+04 1.166526e+04 
5.234343e-02 1.110076e+04 1.112019e+04 
5.536364e-02 1.068431e+04 1.060391e+04 
5.838384e-02 1.029077e+04 1.011547e+04 
6.140404e-02 9.908869e+03 9.653747e+03 
6.442424e-02 9.528179e+03 9.217527e+03 
6.744444e-02 9.144028e+03 8.805527e+03 
7.046465e-02 8.755050e+03 8.416454e+03 
7.348485e-02 8.363176e+03 8.049026e+03 
7.650505e-02 7.974344e+03 7.701989e+03 
7.952525e-02 7.595885e+03 7.374134e+03 
8.254545e-02 7.234969e+03 7.064301e+03 
8.556566e-02 6.896869e+03 6.771385e+03 
8.858586e-02 6.584780e+03 6.494343e+03 
9.160606e-02 6.300270e+03 6.232188e+03 
9.462626e-02 6.043855e+03 5.983994e+03 
9.764646e-02 5.815261e+03 5.748893e+03 
1.006667e-01 5.613132e+03 5.526070e+03 
1.036869e-01 5.433937e+03 5.314763e+03 
1.067071e-01 5.273147e+03 5.114264e+03 
1.097273e-01 5.124889e+03 4.923907e+03 
1.127475e-01 4.983566e+03 4.743074e+03 
1.157677e-01 4.844842e+03 4.571189e+03 
1.187879e-01 4.705592e+03 4.407712e+03 
1.218081e-01 4.564559e+03 4.252141e+03 
1.248283e-01 4.421410e+03 4.104010e+03 
1.278485e-01 4.276841e+03 3.962881e+03 
1.308687e-01 4.132035e+03 3.828347e+03 
1.338889e-01 3.988630e+03 3.700028e+03 
1.369091e-01 3.848484e+03 3.577569e+03 
1.399293e-01 3.713594e+03 3.460639e+03 
1.429495e-01 3.585541e+03 3.348929e+03 
1.459697e-01 3.465566e+03 3.242148e+03 
1.489899e-01 3.354287e+03 3.140027e+03 
1.520101e-01 3.251933e+03 3.042311e+03 
1.550303e-01 3.158274e+03 2.948765e+03 
1.580505e-01 3.072802e+03 2.859165e+03 
1.610707e-01 2.994525e+03 2.773303e+03 
1.640909e-01 2.922213e+03 2.690985e+03 
1.671111e-01 2.854308e+03 2.612026e+03 
1.701313e-01 2.789256e+03 2.536256e+03 
1.731515e-01 2.725738e+03 2.463511e+03 
1.761717e-01 2.662740e+03 2.393642e+03 
1.791919e-01 2.599815e+03 2.326504e+03 
1.822121e-01 2.536741e+03 2.261963e+03 
1.852323e-01 2.473548e+03 2.199893e+03 
1.882525e-01 2.410411e+03 2.140175e+03 
1.912727e-01 2.347658e+03 2.082696e+03 
1.942929e-01 2.285768e+03 2.027350e+03 
1.973131e-01 2.225352e+03 1.974038e+03 
2.003333e-01 2.166977e+03 1.922665e+03 
2.033535e-01 2.111149e+03 1.873142e+03 
2.063737e-01 2.058172e+03 1.825385e+03 
2.093939e-01 2.008199e+03 1.779313e+03 
2.124141e-01 1.961163e+03 1.734853e+03 
2.154343e-01 1.916886e+03 1.691932e+03 
2.184545e-01 1.875111e+03 1.650482e+03 
2.214747e-01 1.835542e+03 1.610441e+03 
2.244949e-01 1.797825e+03 1.571748e+03 
2.275152e-01 1.761585e+03 1.534344e+03 
2.305354e-01 1.726443e+03 1.498175e+03 
2.335556e-01 1.692070e+03 1.463191e+03 
2.365758e-01 1.658268e+03 1.429340e+03 
2.395960e-01 1.624905e+03 1.396578e+03 
2.426162e-01 1.591935e+03 1.364858e+03 
2.456364e-01 1.559345e+03 1.334140e+03 
2.486566e-01 1.527163e+03 1.304383e+03 
2.516768e-01 1.495440e+03 1.275548e+03 
2.546970e-01 1.464250e+03 1.247600e+03 
2.577172e-01 1.433731e+03 1.220504e+03 
2.607374e-01 1.404065e+03 1.194226e+03 
2.637576e-01 1.375400e+03 1.168736e+03 
2.667778e-01 1.347845e+03 1.144003e+03 
2.697980e-01 1.321414e+03 1.119998e+03 
2.728182e-01 1.296061e+03 1.096695e+03 
2.758384e-01 1.271689e+03 1.074067e+03 
2.788586e-01 1.248183e+03 1.052089e+03 
2.818788e-01 1.225466e+03 1.030737e+03 
2.848990e-01 1.203473e+03 1.009989e+03 
2.879192e-01 1.182147e+03 9.898234e+02 
2.909394e-01 1.161421e+03 9.702186e+02 
2.939596e-01 1.141196e+03 9.511550e+02 
2.969798e-01 1.121377e+03 9.326136e+02 
3.000000e-01 1.101893e+03 9.145761e+02 
