1.000000e-03 4.365950e+03 4.365903e+03 
4.020202e-03 1.442366e+04 1.453577e+04 
7.040404e-03 2.091093e+04 2.105307e+04 
1.006061e-02 2.480503e+04 2.494791e+04 
1.308081e-02 2.679629e+04 2.693671e+04 
1.610101e-02 2.738129e+04 2.745939e+04 
1.912121e-02 2.694707e+04 2.687140e+04 
2.214141e-02 2.581206e+04 2.556097e+04 
2.516162e-02 2.424245e+04 2.391186e+04 
2.818182e-02 2.245628e+04 2.220706e+04 
3.120202e-02 2.062382e+04 2.059717e+04 
3.422222e-02 1.886968e+04 1.913558e+04 
3.724242e-02 1.727490e+04 1.782574e+04 
4.026263e-02 1.588646e+04 1.665244e+04 
4.328283e-02 1.471440e+04 1.559667e+04 
4.630303e-02 1.375023e+04 1.464104e+04 
4.932323e-02 1.299214e+04 1.377113e+04 
5.234343e-02 1.239974e+04 1.297536e+04 
5.536364e-02 1.192626e+04 1.224443e+04 
5.838384e-02 1.154107e+04 1.157076e+04 
6.140404e-02 1.120492e+04 1.094813e+04 
6.442424e-02 1.088418e+04 1.037131e+04 
6.744444e-02 1.055456e+04 9.835827e+03 
7.046465e-02 1.019680e+04 9.337834e+03 
7.348485e-02 9.800202e+03 8.873964e+03 
7.650505e-02 9.362505e+03 8.441247e+03 
7.952525e-02 8.889306e+03 8.037047e+03 
8.254545e-02 8.392822e+03 7.659007e+03 
8.556566e-02 7.888392e+03 7.305013e+03 
8.858586e-02 7.392237e+03 6.973159e+03 
9.160606e-02 6.919639e+03 6.661721e+03 
9.462626e-02 6.483380e+03 6.369138e+03 
9.764646e-02 6.093889e+03 6.093992e+03 
1.006667e-01 5.757120e+03 5.834990e+03 
1.036869e-01 5.475728e+03 5.590956e+03 
1.067071e-01 5.247450e+03 5.360811e+03 
1.097273e-01 5.067197e+03 5.143574e+03 
1.127475e-01 4.926915e+03 4.938341e+03 
1.157677e-01 4.817450e+03 4.744285e+03 
1.187879e-01 4.728980e+03 4.560648e+03 
1.218081e-01 4.651918e+03 4.386729e+03 
1.248283e-01 4.577141e+03 4.221888e+03 
1.278485e-01 4.496851e+03 4.065530e+03 
1.308687e-01 4.404873e+03 3.917109e+03 
1.338889e-01 4.297509e+03 3.776121e+03 
1.369091e-01 4.173542e+03 3.642099e+03 
1.399293e-01 4.034069e+03 3.514610e+03 
1.429495e-01 3.882135e+03 3.393256e+03 
1.459697e-01 3.721836e+03 3.277664e+03 
1.489899e-01 3.557767e+03 3.167491e+03 
1.520101e-01 3.394747e+03 3.062418e+03 
1.550303e-01 3.237755e+03 2.962146e+03 
1.580505e-01 3.091227e+03 2.866400e+03 
1.610707e-01 2.958854e+03 2.774923e+03 
1.640909e-01 2.842933e+03 2.687474e+03 
1.671111e-01 2.744579e+03 2.603829e+03 
1.701313e-01 2.663005e+03 2.523779e+03 
1.731515e-01 2.596504e+03 2.447130e+03 
1.761717e-01 2.542504e+03 2.373698e+03 
1.791919e-01 2.498229e+03 2.303313e+03 
1.822121e-01 2.460797e+03 2.235816e+03 
1.852323e-01 2.427369e+03 2.171055e+03 
1.882525e-01 2.395159e+03 2.108892e+03 
1.912727e-01 2.361541e+03 2.049193e+03 
1.942929e-01 2.324192e+03 1.991835e+03 
1.973131e-01 2.281507e+03 1.936702e+03 
2.003333e-01 2.232672e+03 1.883684e+03 
2.033535e-01 2.177881e+03 1.832678e+03 
2.063737e-01 2.118048e+03 1.783588e+03 
2.093939e-01 2.054621e+03 1.736322e+03 
2.124141e-01 1.989271e+03 1.690795e+03 
2.154343e-01 1.923720e+03 1.646924e+03 
2.184545e-01 1.859547e+03 1.604633e+03 
2.214747e-01 1.798202e+03 1.563851e+03 
2.244949e-01 1.740939e+03 1.524509e+03 
2.275152e-01 1.688688e+03 1.486541e+03 
2.305354e-01 1.642051e+03 1.449888e+03 
2.335556e-01 1.601175e+03 1.414490e+03 
2.365758e-01 1.565885e+03 1.380294e+03 
2.395960e-01 1.535586e+03 1.347248e+03 
2.426162e-01 1.509479e+03 1.315302e+03 
2.456364e-01 1.486560e+03 1.284410e+03 
2.486566e-01 1.465783e+03 1.254527e+03 
2.516768e-01 1.446084e+03 1.225611e+03 
2.546970e-01 1.426492e+03 1.197623e+03 
2.577172e-01 1.406148e+03 1.170525e+03 
2.607374e-01 1.384445e+03 1.144280e+03 
2.637576e-01 1.360981e+03 1.118855e+03 
2.667778e-01 1.335650e+03 1.094216e+03 
2.697980e-01 1.308552e+03 1.070333e+03 
2.728182e-01 1.280003e+03 1.047177e+03 
2.758384e-01 1.250448e+03 1.024718e+03 
2.788586e-01 1.220419e+03 1.002930e+03 
2.818788e-01 1.190477e+03 9.817878e+02 
2.848990e-01 1.161172e+03 9.612667e+02 
2.879192e-01 1.132991e+03 9.413436e+02 
2.909394e-01 1.106348e+03 9.219960e+02 
2.939596e-01 1.081556e+03 9.032028e+02 
2.969798e-01 1.058779e+03 8.849438e+02 
3.000000e-01 1.038057e+03 8.671994e+02 
