1.000000e-03 3.976729e+03 3.976686e+03 
4.020202e-03 1.308823e+04 1.318955e+04 
7.040404e-03 1.898108e+04 1.910568e+04 
1.006061e-02 2.255024e+04 2.266281e+04 
1.308081e-02 2.442084e+04 2.451243e+04 
1.610101e-02 2.503936e+04 2.506133e+04 
1.912121e-02 2.475180e+04 2.463772e+04 
2.214141e-02 2.383939e+04 2.358664e+04 
2.516162e-02 2.253504e+04 2.223543e+04 
2.818182e-02 2.102929e+04 2.081876e+04 
3.120202e-02 1.947042e+04 1.946068e+04 
3.422222e-02 1.796676e+04 1.820735e+04 
3.724242e-02 1.658941e+04 1.706549e+04 
4.026263e-02 1.537970e+04 1.602675e+04 
4.328283e-02 1.434970e+04 1.507906e+04 
4.630303e-02 1.349000e+04 1.421091e+04 
4.932323e-02 1.279841e+04 1.341249e+04 
5.234343e-02 1.224585e+04 1.267571e+04 
5.536364e-02 1.178730e+04 1.199387e+04 
5.838384e-02 1.139794e+04 1.136141e+04 
6.140404e-02 1.104755e+04 1.077361e+04 
6.442424e-02 1.070626e+04 1.022640e+04 
6.744444e-02 1.035466e+04 9.716229e+03 
7.046465e-02 9.978490e+03 9.239968e+03 
7.348485e-02 9.570441e+03 8.794823e+03 
7.650505e-02 9.131313e+03 8.378290e+03 
7.952525e-02 8.668519e+03 7.988113e+03 
8.254545e-02 8.193668e+03 7.622249e+03 
8.556566e-02 7.720486e+03 7.278843e+03 
8.858586e-02 7.262181e+03 6.956207e+03 
9.160606e-02 6.830627e+03 6.652803e+03 
9.462626e-02 6.435685e+03 6.367223e+03 
9.764646e-02 6.084715e+03 6.098182e+03 
1.006667e-01 5.782022e+03 5.844502e+03 
1.036869e-01 5.528488e+03 5.605102e+03 
1.067071e-01 5.321045e+03 5.378991e+03 
1.097273e-01 5.153809e+03 5.165257e+03 
1.127475e-01 5.018621e+03 4.963061e+03 
1.157677e-01 4.906542e+03 4.771632e+03 
1.187879e-01 4.808784e+03 4.590259e+03 
1.218081e-01 4.717131e+03 4.418284e+03 
1.248283e-01 4.624397e+03 4.255102e+03 
1.278485e-01 4.524819e+03 4.100154e+03 
1.308687e-01 4.414191e+03 3.952920e+03 
1.338889e-01 4.290687e+03 3.812921e+03 
1.369091e-01 4.154247e+03 3.679714e+03 
1.399293e-01 4.007058e+03 3.552885e+03 
1.429495e-01 3.852354e+03 3.432053e+03 
1.459697e-01 3.694270e+03 3.316862e+03 
1.489899e-01 3.537009e+03 3.206981e+03 
1.520101e-01 3.384612e+03 3.102104e+03 
1.550303e-01 3.240740e+03 3.001945e+03 
1.580505e-01 3.108615e+03 2.906236e+03 
1.610707e-01 2.990466e+03 2.814728e+03 
1.640909e-01 2.887691e+03 2.727190e+03 
1.671111e-01 2.800142e+03 2.643405e+03 
1.701313e-01 2.726761e+03 2.563170e+03 
1.731515e-01 2.665316e+03 2.486295e+03 
1.761717e-01 2.613238e+03 2.412602e+03 
1.791919e-01 2.567744e+03 2.341926e+03 
1.822121e-01 2.526220e+03 2.274111e+03 
1.852323e-01 2.486236e+03 2.209009e+03 
1.882525e-01 2.445680e+03 2.146485e+03 
1.912727e-01 2.402700e+03 2.086408e+03 
1.942929e-01 2.355920e+03 2.028657e+03 
1.973131e-01 2.304489e+03 1.973119e+03 
2.003333e-01 2.248447e+03 1.919687e+03 
2.033535e-01 2.188395e+03 1.868258e+03 
2.063737e-01 2.125496e+03 1.818738e+03 
2.093939e-01 2.061190e+03 1.771038e+03 
2.124141e-01 1.997053e+03 1.725071e+03 
2.154343e-01 1.934478e+03 1.680759e+03 
2.184545e-01 1.874705e+03 1.638026e+03 
2.214747e-01 1.818694e+03 1.596800e+03 
2.244949e-01 1.767179e+03 1.557014e+03 
2.275152e-01 1.720558e+03 1.518604e+03 
2.305354e-01 1.678932e+03 1.481509e+03 
2.335556e-01 1.642092e+03 1.445673e+03 
2.365758e-01 1.609558e+03 1.411040e+03 
2.395960e-01 1.580658e+03 1.377561e+03 
2.426162e-01 1.554566e+03 1.345185e+03 
2.456364e-01 1.530392e+03 1.313867e+03 
2.486566e-01 1.507228e+03 1.283562e+03 
2.516768e-01 1.484237e+03 1.254229e+03 
2.546970e-01 1.460720e+03 1.225828e+03 
2.577172e-01 1.436177e+03 1.198322e+03 
2.607374e-01 1.410310e+03 1.171674e+03 
2.637576e-01 1.383086e+03 1.145851e+03 
2.667778e-01 1.354650e+03 1.120820e+03 
2.697980e-01 1.325317e+03 1.096549e+03 
2.728182e-01 1.295475e+03 1.073011e+03 
2.758384e-01 1.265553e+03 1.050175e+03 
2.788586e-01 1.235984e+03 1.028017e+03 
2.818788e-01 1.207195e+03 1.006509e+03 
2.848990e-01 1.179561e+03 9.856281e+02 
2.879192e-01 1.153402e+03 9.653505e+02 
2.909394e-01 1.128930e+03 9.456541e+02 
2.939596e-01 1.106262e+03 9.265175e+02 
2.969798e-01 1.085358e+03 9.079206e+02 
3.000000e-01 1.066096e+03 8.898438e+02 
