1.000000e-03 3.205967e+03 3.205938e+03 
4.020202e-03 1.066130e+04 1.074393e+04 
7.040404e-03 1.557264e+04 1.567176e+04 
1.006061e-02 1.862451e+04 1.870096e+04 
1.308081e-02 2.031007e+04 2.035065e+04 
1.610101e-02 2.098573e+04 2.095718e+04 
1.912121e-02 2.092546e+04 2.079184e+04 
2.214141e-02 2.035165e+04 2.012612e+04 
2.516162e-02 1.944740e+04 1.920561e+04 
2.818182e-02 1.836059e+04 1.820232e+04 
3.120202e-02 1.720814e+04 1.720889e+04 
3.422222e-02 1.607540e+04 1.626409e+04 
3.724242e-02 1.501982e+04 1.537923e+04 
4.026263e-02 1.407522e+04 1.455431e+04 
4.328283e-02 1.325590e+04 1.378557e+04 
4.630303e-02 1.255583e+04 1.306849e+04 
4.932323e-02 1.196910e+04 1.239878e+04 
5.234343e-02 1.148316e+04 1.177261e+04 
5.536364e-02 1.106282e+04 1.118658e+04 
5.838384e-02 1.068600e+04 1.063766e+04 
6.140404e-02 1.033721e+04 1.012314e+04 
6.442424e-02 9.994661e+03 9.640527e+03 
6.744444e-02 9.643591e+03 9.187556e+03 
7.046465e-02 9.275497e+03 8.762131e+03 
7.348485e-02 8.886774e+03 8.362321e+03 
7.650505e-02 8.480123e+03 7.986337e+03 
7.952525e-02 8.062817e+03 7.632523e+03 
8.254545e-02 7.645175e+03 7.299348e+03 
8.556566e-02 7.237455e+03 6.985391e+03 
8.858586e-02 6.848780e+03 6.689338e+03 
9.160606e-02 6.486614e+03 6.409974e+03 
9.462626e-02 6.156699e+03 6.146171e+03 
9.764646e-02 5.862954e+03 5.896888e+03 
1.006667e-01 5.607616e+03 5.661160e+03 
1.036869e-01 5.390161e+03 5.438093e+03 
1.067071e-01 5.207794e+03 5.226862e+03 
1.097273e-01 5.054807e+03 5.026700e+03 
1.127475e-01 4.924114e+03 4.836897e+03 
1.157677e-01 4.808097e+03 4.656797e+03 
1.187879e-01 4.699569e+03 4.485789e+03 
1.218081e-01 4.592812e+03 4.323308e+03 
1.248283e-01 4.483278e+03 4.168829e+03 
1.278485e-01 4.367954e+03 4.021865e+03 
1.308687e-01 4.245095e+03 3.881963e+03 
1.338889e-01 4.114206e+03 3.748701e+03 
1.369091e-01 3.976393e+03 3.621689e+03 
1.399293e-01 3.833832e+03 3.500560e+03 
1.429495e-01 3.689452e+03 3.384976e+03 
1.459697e-01 3.546437e+03 3.274619e+03 
1.489899e-01 3.407843e+03 3.169195e+03 
1.520101e-01 3.276444e+03 3.068428e+03 
1.550303e-01 3.154424e+03 2.972059e+03 
1.580505e-01 3.043398e+03 2.879849e+03 
1.610707e-01 2.944254e+03 2.791573e+03 
1.640909e-01 2.857105e+03 2.707019e+03 
1.671111e-01 2.781341e+03 2.625991e+03 
1.701313e-01 2.715419e+03 2.548303e+03 
1.731515e-01 2.657280e+03 2.473783e+03 
1.761717e-01 2.604753e+03 2.402268e+03 
1.791919e-01 2.555700e+03 2.333606e+03 
1.822121e-01 2.508229e+03 2.267652e+03 
1.852323e-01 2.460709e+03 2.204272e+03 
1.882525e-01 2.411928e+03 2.143339e+03 
1.912727e-01 2.361006e+03 2.084734e+03 
1.942929e-01 2.307441e+03 2.028345e+03 
1.973131e-01 2.251216e+03 1.974066e+03 
2.003333e-01 2.192728e+03 1.921796e+03 
2.033535e-01 2.132837e+03 1.871443e+03 
2.063737e-01 2.072626e+03 1.822916e+03 
2.093939e-01 2.013194e+03 1.776132e+03 
2.124141e-01 1.955570e+03 1.731012e+03 
2.154343e-01 1.900551e+03 1.687480e+03 
2.184545e-01 1.848784e+03 1.645467e+03 
2.214747e-01 1.800717e+03 1.604904e+03 
2.244949e-01 1.756567e+03 1.565728e+03 
2.275152e-01 1.716316e+03 1.527879e+03 
2.305354e-01 1.679708e+03 1.491300e+03 
2.335556e-01 1.646316e+03 1.455937e+03 
2.365758e-01 1.615555e+03 1.421739e+03 
2.395960e-01 1.586785e+03 1.388656e+03 
2.426162e-01 1.559390e+03 1.356643e+03 
2.456364e-01 1.532792e+03 1.325655e+03 
2.486566e-01 1.506505e+03 1.295651e+03 
2.516768e-01 1.480099e+03 1.266591e+03 
2.546970e-01 1.453224e+03 1.238438e+03 
2.577172e-01 1.425685e+03 1.211155e+03 
2.607374e-01 1.397448e+03 1.184707e+03 
2.637576e-01 1.368660e+03 1.159064e+03 
2.667778e-01 1.339583e+03 1.134193e+03 
2.697980e-01 1.310571e+03 1.110064e+03 
2.728182e-01 1.281987e+03 1.086650e+03 
2.758384e-01 1.254128e+03 1.063924e+03 
2.788586e-01 1.227231e+03 1.041859e+03 
2.818788e-01 1.201444e+03 1.020432e+03 
2.848990e-01 1.176884e+03 9.996181e+02 
2.879192e-01 1.153636e+03 9.793960e+02 
2.909394e-01 1.131738e+03 9.597438e+02 
2.939596e-01 1.111173e+03 9.406411e+02 
2.969798e-01 1.091838e+03 9.220683e+02 
3.000000e-01 1.073573e+03 9.040066e+02 
