1.000000e-03 3.088350e+03 3.088316e+03 
4.020202e-03 1.034484e+04 1.042418e+04 
7.040404e-03 1.519117e+04 1.528744e+04 
1.006061e-02 1.824818e+04 1.832444e+04 
1.308081e-02 1.997403e+04 2.001803e+04 
1.610101e-02 2.070472e+04 2.068272e+04 
1.912121e-02 2.070221e+04 2.057401e+04 
2.214141e-02 2.018180e+04 1.995355e+04 
2.516162e-02 1.932242e+04 1.906505e+04 
2.818182e-02 1.827101e+04 1.808401e+04 
3.120202e-02 1.714419e+04 1.710743e+04 
3.422222e-02 1.602865e+04 1.617689e+04 
3.724242e-02 1.498377e+04 1.530503e+04 
4.026263e-02 1.404550e+04 1.449227e+04 
4.328283e-02 1.322991e+04 1.373492e+04 
4.630303e-02 1.253195e+04 1.302840e+04 
4.932323e-02 1.194926e+04 1.236838e+04 
5.234343e-02 1.146982e+04 1.175098e+04 
5.536364e-02 1.105819e+04 1.117284e+04 
5.838384e-02 1.069242e+04 1.063096e+04 
6.140404e-02 1.035581e+04 1.012268e+04 
6.442424e-02 1.002890e+04 9.645563e+03 
6.744444e-02 9.695298e+03 9.197414e+03 
7.046465e-02 9.343779e+03 8.776201e+03 
7.348485e-02 8.969433e+03 8.380053e+03 
7.650505e-02 8.573804e+03 8.007241e+03 
7.952525e-02 8.163621e+03 7.656161e+03 
8.254545e-02 7.749270e+03 7.325330e+03 
8.556566e-02 7.341574e+03 7.013373e+03 
8.858586e-02 6.950166e+03 6.719014e+03 
9.160606e-02 6.583012e+03 6.441073e+03 
9.462626e-02 6.246196e+03 6.178455e+03 
9.764646e-02 5.944161e+03 5.930145e+03 
1.006667e-01 5.680050e+03 5.695205e+03 
1.036869e-01 5.454224e+03 5.472763e+03 
1.067071e-01 5.265019e+03 5.262011e+03 
1.097273e-01 5.107357e+03 5.062203e+03 
1.127475e-01 4.974727e+03 4.872642e+03 
1.157677e-01 4.859314e+03 4.692686e+03 
1.187879e-01 4.753682e+03 4.521737e+03 
1.218081e-01 4.651330e+03 4.359240e+03 
1.248283e-01 4.547165e+03 4.204680e+03 
1.278485e-01 4.437488e+03 4.057578e+03 
1.308687e-01 4.320205e+03 3.917487e+03 
1.338889e-01 4.194385e+03 3.783995e+03 
1.369091e-01 4.060639e+03 3.656714e+03 
1.399293e-01 3.920491e+03 3.535286e+03 
1.429495e-01 3.776707e+03 3.419374e+03 
1.459697e-01 3.632399e+03 3.308667e+03 
1.489899e-01 3.490839e+03 3.202873e+03 
1.520101e-01 3.355095e+03 3.101719e+03 
1.550303e-01 3.227904e+03 3.004951e+03 
1.580505e-01 3.111271e+03 2.912330e+03 
1.610707e-01 3.006541e+03 2.823634e+03 
1.640909e-01 2.914136e+03 2.738653e+03 
1.671111e-01 2.833812e+03 2.657193e+03 
1.701313e-01 2.764246e+03 2.579070e+03 
1.731515e-01 2.703658e+03 2.504113e+03 
1.761717e-01 2.649870e+03 2.432159e+03 
1.791919e-01 2.600702e+03 2.363057e+03 
1.822121e-01 2.554104e+03 2.296665e+03 
1.852323e-01 2.508274e+03 2.232849e+03 
1.882525e-01 2.461685e+03 2.171483e+03 
1.912727e-01 2.413164e+03 2.112447e+03 
1.942929e-01 2.361844e+03 2.055631e+03 
1.973131e-01 2.307458e+03 2.000928e+03 
2.003333e-01 2.250146e+03 1.948240e+03 
2.033535e-01 2.190698e+03 1.897472e+03 
2.063737e-01 2.130120e+03 1.848536e+03 
2.093939e-01 2.069565e+03 1.801349e+03 
2.124141e-01 2.010137e+03 1.755830e+03 
2.154343e-01 1.952838e+03 1.711906e+03 
2.184545e-01 1.898442e+03 1.669505e+03 
2.214747e-01 1.847520e+03 1.628561e+03 
2.244949e-01 1.800467e+03 1.589010e+03 
2.275152e-01 1.757521e+03 1.550792e+03 
2.305354e-01 1.718587e+03 1.513850e+03 
2.335556e-01 1.683376e+03 1.478130e+03 
2.365758e-01 1.651345e+03 1.443580e+03 
2.395960e-01 1.621855e+03 1.410152e+03 
2.426162e-01 1.594189e+03 1.377800e+03 
2.456364e-01 1.567685e+03 1.346479e+03 
2.486566e-01 1.541757e+03 1.316148e+03 
2.516768e-01 1.515918e+03 1.286767e+03 
2.546970e-01 1.489762e+03 1.258298e+03 
2.577172e-01 1.462994e+03 1.230706e+03 
2.607374e-01 1.435422e+03 1.203955e+03 
2.637576e-01 1.407069e+03 1.178013e+03 
2.667778e-01 1.378080e+03 1.152849e+03 
2.697980e-01 1.348766e+03 1.128433e+03 
2.728182e-01 1.319490e+03 1.104737e+03 
2.758384e-01 1.290664e+03 1.081734e+03 
2.788586e-01 1.262620e+03 1.059398e+03 
2.818788e-01 1.235603e+03 1.037704e+03 
2.848990e-01 1.209783e+03 1.016629e+03 
2.879192e-01 1.185279e+03 9.961510e+02 
2.909394e-01 1.162155e+03 9.762474e+02 
2.939596e-01 1.140438e+03 9.568980e+02 
2.969798e-01 1.120081e+03 9.380832e+02 
3.000000e-01 1.100985e+03 9.197840e+02 
