1.000000e-03 3.124780e+03 3.124747e+03 
4.020202e-03 1.021039e+04 1.028927e+04 
7.040404e-03 1.478594e+04 1.487084e+04 
1.006061e-02 1.759008e+04 1.763073e+04 
1.308081e-02 1.912858e+04 1.910342e+04 
1.610101e-02 1.975434e+04 1.963979e+04 
1.912121e-02 1.973057e+04 1.951799e+04 
2.214141e-02 1.926176e+04 1.898945e+04 
2.516162e-02 1.851192e+04 1.825484e+04 
2.818182e-02 1.760908e+04 1.744187e+04 
3.120202e-02 1.665049e+04 1.661711e+04 
3.422222e-02 1.570566e+04 1.581077e+04 
3.724242e-02 1.481963e+04 1.503537e+04 
4.026263e-02 1.401842e+04 1.429566e+04 
4.328283e-02 1.330174e+04 1.359307e+04 
4.630303e-02 1.267517e+04 1.292751e+04 
4.932323e-02 1.213938e+04 1.229820e+04 
5.234343e-02 1.166188e+04 1.170395e+04 
5.536364e-02 1.122205e+04 1.114333e+04 
5.838384e-02 1.080893e+04 1.061478e+04 
6.140404e-02 1.040903e+04 1.011667e+04 
6.442424e-02 1.001117e+04 9.647359e+03 
6.744444e-02 9.607798e+03 9.205192e+03 
7.046465e-02 9.196325e+03 8.788562e+03 
7.348485e-02 8.778985e+03 8.395914e+03 
7.650505e-02 8.361829e+03 8.025754e+03 
7.952525e-02 7.953296e+03 7.676664e+03 
8.254545e-02 7.561504e+03 7.347299e+03 
8.556566e-02 7.193214e+03 7.036391e+03 
8.858586e-02 6.852635e+03 6.742752e+03 
9.160606e-02 6.542294e+03 6.465267e+03 
9.462626e-02 6.263457e+03 6.202894e+03 
9.764646e-02 6.016476e+03 5.954661e+03 
1.006667e-01 5.799862e+03 5.719663e+03 
1.036869e-01 5.610389e+03 5.497055e+03 
1.067071e-01 5.442789e+03 5.286053e+03 
1.097273e-01 5.290459e+03 5.085926e+03 
1.127475e-01 5.147204e+03 4.895994e+03 
1.157677e-01 5.007385e+03 4.715625e+03 
1.187879e-01 4.867436e+03 4.544232e+03 
1.218081e-01 4.724962e+03 4.381268e+03 
1.248283e-01 4.579376e+03 4.226224e+03 
1.278485e-01 4.430864e+03 4.078626e+03 
1.308687e-01 4.280529e+03 3.938033e+03 
1.338889e-01 4.129984e+03 3.804035e+03 
1.369091e-01 3.981538e+03 3.676248e+03 
1.399293e-01 3.837477e+03 3.554316e+03 
1.429495e-01 3.699912e+03 3.437905e+03 
1.459697e-01 3.570475e+03 3.326704e+03 
1.489899e-01 3.450261e+03 3.220422e+03 
1.520101e-01 3.339857e+03 3.118789e+03 
1.550303e-01 3.239404e+03 3.021551e+03 
1.580505e-01 3.148467e+03 2.928469e+03 
1.610707e-01 3.066198e+03 2.839322e+03 
1.640909e-01 2.991178e+03 2.753900e+03 
1.671111e-01 2.921714e+03 2.672010e+03 
1.701313e-01 2.855990e+03 2.593468e+03 
1.731515e-01 2.792300e+03 2.518101e+03 
1.761717e-01 2.729451e+03 2.445750e+03 
1.791919e-01 2.666565e+03 2.376261e+03 
1.822121e-01 2.603260e+03 2.309492e+03 
1.852323e-01 2.539358e+03 2.245309e+03 
1.882525e-01 2.474912e+03 2.183587e+03 
1.912727e-01 2.410199e+03 2.124206e+03 
1.942929e-01 2.345753e+03 2.067054e+03 
1.973131e-01 2.282258e+03 2.012025e+03 
2.003333e-01 2.220514e+03 1.959020e+03 
2.033535e-01 2.161179e+03 1.907945e+03 
2.063737e-01 2.104782e+03 1.858711e+03 
2.093939e-01 2.051551e+03 1.811234e+03 
2.124141e-01 2.001553e+03 1.765435e+03 
2.154343e-01 1.954725e+03 1.721238e+03 
2.184545e-01 1.910916e+03 1.678574e+03 
2.214747e-01 1.869797e+03 1.637374e+03 
2.244949e-01 1.830974e+03 1.597574e+03 
2.275152e-01 1.794001e+03 1.559115e+03 
2.305354e-01 1.758428e+03 1.521939e+03 
2.335556e-01 1.723829e+03 1.485992e+03 
2.365758e-01 1.689865e+03 1.451223e+03 
2.395960e-01 1.656330e+03 1.417582e+03 
2.426162e-01 1.623090e+03 1.385022e+03 
2.456364e-01 1.590085e+03 1.353501e+03 
2.486566e-01 1.557297e+03 1.322975e+03 
2.516768e-01 1.524747e+03 1.293405e+03 
2.546970e-01 1.492539e+03 1.264753e+03 
2.577172e-01 1.460837e+03 1.236982e+03 
2.607374e-01 1.429863e+03 1.210059e+03 
2.637576e-01 1.399851e+03 1.183949e+03 
2.667778e-01 1.370952e+03 1.158623e+03 
2.697980e-01 1.343256e+03 1.134049e+03 
2.728182e-01 1.316740e+03 1.110200e+03 
2.758384e-01 1.291340e+03 1.087048e+03 
2.788586e-01 1.266965e+03 1.064568e+03 
2.818788e-01 1.243531e+03 1.042734e+03 
2.848990e-01 1.220972e+03 1.021523e+03 
2.879192e-01 1.199208e+03 1.000913e+03 
2.909394e-01 1.178143e+03 9.808806e+02 
2.939596e-01 1.157657e+03 9.614066e+02 
2.969798e-01 1.137612e+03 9.424707e+02 
3.000000e-01 1.117909e+03 9.240539e+02 
