1.000000e-03 2.995314e+03 2.995282e+03 
4.020202e-03 9.971342e+03 1.004866e+04 
7.040404e-03 1.452680e+04 1.460957e+04 
1.006061e-02 1.733716e+04 1.737499e+04 
1.308081e-02 1.889148e+04 1.886239e+04 
1.610101e-02 1.953702e+04 1.941725e+04 
1.912121e-02 1.953375e+04 1.931631e+04 
2.214141e-02 1.908598e+04 1.881017e+04 
2.516162e-02 1.835623e+04 1.809798e+04 
2.818182e-02 1.747287e+04 1.730592e+04 
3.120202e-02 1.653285e+04 1.649972e+04 
3.422222e-02 1.560555e+04 1.570942e+04 
3.724242e-02 1.473567e+04 1.494775e+04 
4.026263e-02 1.394941e+04 1.421980e+04 
4.328283e-02 1.324640e+04 1.352729e+04 
4.630303e-02 1.263112e+04 1.287046e+04 
4.932323e-02 1.210476e+04 1.224872e+04 
5.234343e-02 1.163434e+04 1.166109e+04 
5.536364e-02 1.119970e+04 1.110628e+04 
5.838384e-02 1.079144e+04 1.058286e+04 
6.140404e-02 1.039397e+04 1.008929e+04 
6.442424e-02 9.996300e+03 9.623999e+03 
6.744444e-02 9.592903e+03 9.185417e+03 
7.046465e-02 9.181649e+03 8.771987e+03 
7.348485e-02 8.765004e+03 8.382201e+03 
7.650505e-02 8.349380e+03 8.014605e+03 
7.952525e-02 7.943056e+03 7.667816e+03 
8.254545e-02 7.553989e+03 7.340518e+03 
8.556566e-02 7.188820e+03 7.031471e+03 
8.858586e-02 6.851599e+03 6.739507e+03 
9.160606e-02 6.544895e+03 6.463531e+03 
9.462626e-02 6.270087e+03 6.202519e+03 
9.764646e-02 6.027201e+03 5.955514e+03 
1.006667e-01 5.814400e+03 5.721623e+03 
1.036869e-01 5.628012e+03 5.500015e+03 
1.067071e-01 5.462576e+03 5.289915e+03 
1.097273e-01 5.311203e+03 5.090602e+03 
1.127475e-01 5.167855e+03 4.901405e+03 
1.157677e-01 5.027308e+03 4.721698e+03 
1.187879e-01 4.886230e+03 4.550902e+03 
1.218081e-01 4.742496e+03 4.388475e+03 
1.248283e-01 4.595568e+03 4.233914e+03 
1.278485e-01 4.445726e+03 4.086750e+03 
1.308687e-01 4.294213e+03 3.946547e+03 
1.338889e-01 4.142776e+03 3.812897e+03 
1.369091e-01 3.993900e+03 3.685421e+03 
1.399293e-01 3.850056e+03 3.563765e+03 
1.429495e-01 3.713246e+03 3.447600e+03 
1.459697e-01 3.585021e+03 3.336616e+03 
1.489899e-01 3.466190e+03 3.230526e+03 
1.520101e-01 3.357191e+03 3.129060e+03 
1.550303e-01 3.258020e+03 3.031967e+03 
1.580505e-01 3.168227e+03 2.939011e+03 
1.610707e-01 3.086877e+03 2.849971e+03 
1.640909e-01 3.012541e+03 2.764641e+03 
1.671111e-01 2.943387e+03 2.682826e+03 
1.701313e-01 2.877604e+03 2.604345e+03 
1.731515e-01 2.813471e+03 2.529027e+03 
1.761717e-01 2.749871e+03 2.456712e+03 
1.791919e-01 2.686067e+03 2.387249e+03 
1.822121e-01 2.621778e+03 2.320497e+03 
1.852323e-01 2.556945e+03 2.256321e+03 
1.882525e-01 2.491733e+03 2.194597e+03 
1.912727e-01 2.426442e+03 2.135207e+03 
1.942929e-01 2.361626e+03 2.078039e+03 
1.973131e-01 2.297944e+03 2.022988e+03 
2.003333e-01 2.236185e+03 1.969956e+03 
2.033535e-01 2.177029e+03 1.918847e+03 
2.063737e-01 2.120898e+03 1.869575e+03 
2.093939e-01 2.068035e+03 1.822056e+03 
2.124141e-01 2.018466e+03 1.776210e+03 
2.154343e-01 1.972069e+03 1.731963e+03 
2.184545e-01 1.928580e+03 1.689245e+03 
2.214747e-01 1.887647e+03 1.647989e+03 
2.244949e-01 1.848855e+03 1.608130e+03 
2.275152e-01 1.811772e+03 1.569609e+03 
2.305354e-01 1.775965e+03 1.532370e+03 
2.335556e-01 1.741053e+03 1.496357e+03 
2.365758e-01 1.706712e+03 1.461520e+03 
2.395960e-01 1.672772e+03 1.427810e+03 
2.426162e-01 1.639134e+03 1.395180e+03 
2.456364e-01 1.605726e+03 1.363587e+03 
2.486566e-01 1.572523e+03 1.332989e+03 
2.516768e-01 1.539602e+03 1.303345e+03 
2.546970e-01 1.507094e+03 1.274618e+03 
2.577172e-01 1.475214e+03 1.246773e+03 
2.607374e-01 1.444177e+03 1.219773e+03 
2.637576e-01 1.414189e+03 1.193588e+03 
2.667778e-01 1.385372e+03 1.168185e+03 
2.697980e-01 1.357735e+03 1.143534e+03 
2.728182e-01 1.331245e+03 1.119608e+03 
2.758384e-01 1.305832e+03 1.096379e+03 
2.788586e-01 1.281430e+03 1.073822e+03 
2.818788e-01 1.257972e+03 1.051911e+03 
2.848990e-01 1.235373e+03 1.030623e+03 
2.879192e-01 1.213533e+03 1.009936e+03 
2.909394e-01 1.192337e+03 9.898270e+02 
2.939596e-01 1.171661e+03 9.702764e+02 
2.969798e-01 1.151386e+03 9.512642e+02 
3.000000e-01 1.131416e+03 9.327715e+02 
