1.000000e-03 5.736046e+03 5.735988e+03 
4.020202e-03 1.893112e+04 1.907995e+04 
7.040404e-03 2.740455e+04 2.761085e+04 
1.006061e-02 3.242310e+04 3.268292e+04 
1.308081e-02 3.487811e+04 3.521707e+04 
1.610101e-02 3.541693e+04 3.574765e+04 
1.912121e-02 3.455202e+04 3.468877e+04 
2.214141e-02 3.271574e+04 3.253431e+04 
2.516162e-02 3.027918e+04 2.984399e+04 
2.818182e-02 2.755105e+04 2.708551e+04 
3.120202e-02 2.477757e+04 2.453283e+04 
3.422222e-02 2.213952e+04 2.228715e+04 
3.724242e-02 1.975671e+04 2.034987e+04 
4.026263e-02 1.769800e+04 1.868248e+04 
4.328283e-02 1.597510e+04 1.723860e+04 
4.630303e-02 1.458621e+04 1.597657e+04 
4.932323e-02 1.352217e+04 1.486268e+04 
5.234343e-02 1.272408e+04 1.387066e+04 
5.536364e-02 1.213941e+04 1.298024e+04 
5.838384e-02 1.171919e+04 1.217572e+04 
6.140404e-02 1.140653e+04 1.144478e+04 
6.442424e-02 1.115390e+04 1.077760e+04 
6.744444e-02 1.091993e+04 1.016623e+04 
7.046465e-02 1.066866e+04 9.604130e+03 
7.348485e-02 1.037226e+04 9.085825e+03 
7.650505e-02 1.001304e+04 8.606691e+03 
7.952525e-02 9.584561e+03 8.162771e+03 
8.254545e-02 9.091966e+03 7.750642e+03 
8.556566e-02 8.549913e+03 7.367322e+03 
8.858586e-02 7.978782e+03 7.010194e+03 
9.160606e-02 7.401496e+03 6.676945e+03 
9.462626e-02 6.840674e+03 6.365524e+03 
9.764646e-02 6.316120e+03 6.074100e+03 
1.006667e-01 5.844102e+03 5.801035e+03 
1.036869e-01 5.434865e+03 5.544857e+03 
1.067071e-01 5.094127e+03 5.304239e+03 
1.097273e-01 4.821714e+03 5.077982e+03 
1.127475e-01 4.613987e+03 4.865000e+03 
1.157677e-01 4.463786e+03 4.664307e+03 
1.187879e-01 4.361852e+03 4.475007e+03 
1.218081e-01 4.297406e+03 4.296281e+03 
1.248283e-01 4.258565e+03 4.127384e+03 
1.278485e-01 4.233172e+03 3.967631e+03 
1.308687e-01 4.209382e+03 3.816397e+03 
1.338889e-01 4.176931e+03 3.673109e+03 
1.369091e-01 4.127548e+03 3.537238e+03 
1.399293e-01 4.055935e+03 3.408299e+03 
1.429495e-01 3.959119e+03 3.285846e+03 
1.459697e-01 3.837268e+03 3.169465e+03 
1.489899e-01 3.692581e+03 3.058776e+03 
1.520101e-01 3.529494e+03 2.953427e+03 
1.550303e-01 3.354139e+03 2.853091e+03 
1.580505e-01 3.173855e+03 2.757467e+03 
1.610707e-01 2.996322e+03 2.666275e+03 
1.640909e-01 2.828679e+03 2.579255e+03 
1.671111e-01 2.676390e+03 2.496164e+03 
1.701313e-01 2.543131e+03 2.416779e+03 
1.731515e-01 2.430653e+03 2.340889e+03 
1.761717e-01 2.339107e+03 2.268299e+03 
1.791919e-01 2.267606e+03 2.198828e+03 
1.822121e-01 2.214401e+03 2.132306e+03 
1.852323e-01 2.177160e+03 2.068573e+03 
1.882525e-01 2.152869e+03 2.007482e+03 
1.912727e-01 2.137890e+03 1.948893e+03 
1.942929e-01 2.128117e+03 1.892676e+03 
1.973131e-01 2.119360e+03 1.838709e+03 
2.003333e-01 2.107710e+03 1.786878e+03 
2.033535e-01 2.090102e+03 1.737076e+03 
2.063737e-01 2.064406e+03 1.689200e+03 
2.093939e-01 2.029562e+03 1.643158e+03 
2.124141e-01 1.985459e+03 1.598859e+03 
2.154343e-01 1.932685e+03 1.556219e+03 
2.184545e-01 1.872591e+03 1.515160e+03 
2.214747e-01 1.806989e+03 1.475607e+03 
2.244949e-01 1.738188e+03 1.437489e+03 
2.275152e-01 1.668660e+03 1.400740e+03 
2.305354e-01 1.600921e+03 1.365298e+03 
2.335556e-01 1.537111e+03 1.331103e+03 
2.365758e-01 1.478990e+03 1.298100e+03 
2.395960e-01 1.427669e+03 1.266236e+03 
2.426162e-01 1.383769e+03 1.235460e+03 
2.456364e-01 1.347381e+03 1.205725e+03 
2.486566e-01 1.318177e+03 1.176986e+03 
2.516768e-01 1.295505e+03 1.149202e+03 
2.546970e-01 1.278336e+03 1.122330e+03 
2.577172e-01 1.265432e+03 1.096334e+03 
2.607374e-01 1.255345e+03 1.071176e+03 
2.637576e-01 1.246600e+03 1.046822e+03 
2.667778e-01 1.237750e+03 1.023240e+03 
2.697980e-01 1.227593e+03 1.000398e+03 
2.728182e-01 1.215150e+03 9.782670e+02 
2.758384e-01 1.199804e+03 9.568180e+02 
2.788586e-01 1.181215e+03 9.360244e+02 
2.818788e-01 1.159348e+03 9.158608e+02 
2.848990e-01 1.134442e+03 8.963026e+02 
2.879192e-01 1.106956e+03 8.773268e+02 
2.909394e-01 1.077592e+03 8.589111e+02 
2.939596e-01 1.047172e+03 8.410345e+02 
2.969798e-01 1.016619e+03 8.236768e+02 
3.000000e-01 9.868084e+02 8.068187e+02 
