1.000000e-03 3.995116e+03 3.995078e+03 
4.020202e-03 1.355991e+04 1.366569e+04 
7.040404e-03 1.994572e+04 2.008662e+04 
1.006061e-02 2.391695e+04 2.406916e+04 
1.308081e-02 2.606550e+04 2.623247e+04 
1.610101e-02 2.683459e+04 2.696229e+04 
1.912121e-02 2.657867e+04 2.656774e+04 
2.214141e-02 2.559595e+04 2.539898e+04 
2.516162e-02 2.414349e+04 2.382820e+04 
2.818182e-02 2.243489e+04 2.215343e+04 
3.120202e-02 2.064297e+04 2.054841e+04 
3.422222e-02 1.889736e+04 1.908365e+04 
3.724242e-02 1.728656e+04 1.777119e+04 
4.026263e-02 1.586582e+04 1.659866e+04 
4.328283e-02 1.465416e+04 1.554715e+04 
4.630303e-02 1.364769e+04 1.459839e+04 
4.932323e-02 1.284990e+04 1.373701e+04 
5.234343e-02 1.222974e+04 1.295055e+04 
5.536364e-02 1.174192e+04 1.222911e+04 
5.838384e-02 1.135541e+04 1.156471e+04 
6.140404e-02 1.103515e+04 1.095085e+04 
6.442424e-02 1.074670e+04 1.038215e+04 
6.744444e-02 1.046068e+04 9.854088e+03 
7.046465e-02 1.015440e+04 9.362780e+03 
7.348485e-02 9.812340e+03 8.904875e+03 
7.650505e-02 9.426873e+03 8.477437e+03 
7.952525e-02 8.999271e+03 8.077871e+03 
8.254545e-02 8.537859e+03 7.703872e+03 
8.556566e-02 8.055484e+03 7.353376e+03 
8.858586e-02 7.567348e+03 7.024527e+03 
9.160606e-02 7.088926e+03 6.715650e+03 
9.462626e-02 6.634553e+03 6.425230e+03 
9.764646e-02 6.216985e+03 6.151889e+03 
1.006667e-01 5.845497e+03 5.894374e+03 
1.036869e-01 5.526384e+03 5.651542e+03 
1.067071e-01 5.261133e+03 5.422349e+03 
1.097273e-01 5.048130e+03 5.205839e+03 
1.127475e-01 4.881568e+03 5.001136e+03 
1.157677e-01 4.753941e+03 4.807437e+03 
1.187879e-01 4.656286e+03 4.624001e+03 
1.218081e-01 4.579395e+03 4.450150e+03 
1.248283e-01 4.514025e+03 4.285255e+03 
1.278485e-01 4.451528e+03 4.128741e+03 
1.308687e-01 4.383985e+03 3.980072e+03 
1.338889e-01 4.305329e+03 3.838757e+03 
1.369091e-01 4.211186e+03 3.704337e+03 
1.399293e-01 4.099780e+03 3.576392e+03 
1.429495e-01 3.971529e+03 3.454529e+03 
1.459697e-01 3.829025e+03 3.338384e+03 
1.489899e-01 3.675981e+03 3.227620e+03 
1.520101e-01 3.516847e+03 3.121924e+03 
1.550303e-01 3.356639e+03 3.021002e+03 
1.580505e-01 3.200422e+03 2.924584e+03 
1.610707e-01 3.052844e+03 2.832415e+03 
1.640909e-01 2.917854e+03 2.744260e+03 
1.671111e-01 2.798381e+03 2.659898e+03 
1.701313e-01 2.695854e+03 2.579122e+03 
1.731515e-01 2.610372e+03 2.501740e+03 
1.761717e-01 2.540735e+03 2.427572e+03 
1.791919e-01 2.485013e+03 2.356448e+03 
1.822121e-01 2.440665e+03 2.288211e+03 
1.852323e-01 2.404946e+03 2.222713e+03 
1.882525e-01 2.374984e+03 2.159813e+03 
1.912727e-01 2.347889e+03 2.099382e+03 
1.942929e-01 2.320799e+03 2.041297e+03 
1.973131e-01 2.291193e+03 1.985442e+03 
2.003333e-01 2.256922e+03 1.931708e+03 
2.033535e-01 2.216724e+03 1.879994e+03 
2.063737e-01 2.169997e+03 1.830202e+03 
2.093939e-01 2.117152e+03 1.782243e+03 
2.124141e-01 2.059112e+03 1.736030e+03 
2.154343e-01 1.997306e+03 1.691484e+03 
2.184545e-01 1.933385e+03 1.648526e+03 
2.214747e-01 1.869133e+03 1.607086e+03 
2.244949e-01 1.806208e+03 1.567095e+03 
2.275152e-01 1.746142e+03 1.528489e+03 
2.305354e-01 1.690201e+03 1.491206e+03 
2.335556e-01 1.639371e+03 1.455189e+03 
2.365758e-01 1.594183e+03 1.420384e+03 
2.395960e-01 1.554829e+03 1.386738e+03 
2.426162e-01 1.521146e+03 1.354202e+03 
2.456364e-01 1.492621e+03 1.322729e+03 
2.486566e-01 1.468497e+03 1.292276e+03 
2.516768e-01 1.447807e+03 1.262800e+03 
2.546970e-01 1.429493e+03 1.234261e+03 
2.577172e-01 1.412417e+03 1.206622e+03 
2.607374e-01 1.395522e+03 1.179845e+03 
2.637576e-01 1.377900e+03 1.153897e+03 
2.667778e-01 1.358870e+03 1.128745e+03 
2.697980e-01 1.337966e+03 1.104358e+03 
2.728182e-01 1.315017e+03 1.080706e+03 
2.758384e-01 1.290041e+03 1.057761e+03 
2.788586e-01 1.263289e+03 1.035496e+03 
2.818788e-01 1.235125e+03 1.013885e+03 
2.848990e-01 1.206038e+03 9.929030e+02 
2.879192e-01 1.176592e+03 9.725277e+02 
2.909394e-01 1.147419e+03 9.527362e+02 
2.939596e-01 1.119093e+03 9.335072e+02 
2.969798e-01 1.092131e+03 9.148202e+02 
3.000000e-01 1.066918e+03 8.966556e+02 
