1.000000e-03 3.079987e+03 3.079956e+03 
4.020202e-03 1.038961e+04 1.046932e+04 
7.040404e-03 1.524908e+04 1.534276e+04 
1.006061e-02 1.828479e+04 1.835341e+04 
1.308081e-02 1.997173e+04 2.000016e+04 
1.610101e-02 2.065769e+04 2.061228e+04 
1.912121e-02 2.061494e+04 2.046217e+04 
2.214141e-02 2.006302e+04 1.982373e+04 
2.516162e-02 1.918546e+04 1.894004e+04 
2.818182e-02 1.813005e+04 1.797689e+04 
3.120202e-02 1.701210e+04 1.702155e+04 
3.422222e-02 1.591596e+04 1.611007e+04 
3.724242e-02 1.489760e+04 1.525317e+04 
4.026263e-02 1.398948e+04 1.445128e+04 
4.328283e-02 1.320369e+04 1.370144e+04 
4.630303e-02 1.253317e+04 1.299991e+04 
4.932323e-02 1.197281e+04 1.234306e+04 
5.234343e-02 1.150580e+04 1.172762e+04 
5.536364e-02 1.109610e+04 1.115059e+04 
5.838384e-02 1.072531e+04 1.060928e+04 
6.140404e-02 1.037685e+04 1.010124e+04 
6.442424e-02 1.002911e+04 9.624159e+03 
6.744444e-02 9.669242e+03 9.175943e+03 
7.046465e-02 9.290223e+03 8.754617e+03 
7.348485e-02 8.890127e+03 8.358353e+03 
7.650505e-02 8.473918e+03 7.985443e+03 
7.952525e-02 8.050520e+03 7.634300e+03 
8.254545e-02 7.630755e+03 7.303448e+03 
8.556566e-02 7.225078e+03 6.991514e+03 
8.858586e-02 6.842154e+03 6.697225e+03 
9.160606e-02 6.488814e+03 6.419395e+03 
9.462626e-02 6.170086e+03 6.156929e+03 
9.764646e-02 5.889080e+03 5.908809e+03 
1.006667e-01 5.647311e+03 5.674090e+03 
1.036869e-01 5.442837e+03 5.451898e+03 
1.067071e-01 5.271624e+03 5.241422e+03 
1.097273e-01 5.126770e+03 5.041910e+03 
1.127475e-01 5.000657e+03 4.852664e+03 
1.157677e-01 4.885350e+03 4.673038e+03 
1.187879e-01 4.774159e+03 4.502430e+03 
1.218081e-01 4.661754e+03 4.340285e+03 
1.248283e-01 4.544535e+03 4.186083e+03 
1.278485e-01 4.420148e+03 4.039345e+03 
1.308687e-01 4.287873e+03 3.899622e+03 
1.338889e-01 4.148066e+03 3.766499e+03 
1.369091e-01 4.002719e+03 3.639587e+03 
1.399293e-01 3.854504e+03 3.518528e+03 
1.429495e-01 3.706745e+03 3.402984e+03 
1.459697e-01 3.562683e+03 3.292641e+03 
1.489899e-01 3.425344e+03 3.187208e+03 
1.520101e-01 3.297112e+03 3.086411e+03 
1.550303e-01 3.179844e+03 2.989995e+03 
1.580505e-01 3.074587e+03 2.897721e+03 
1.610707e-01 2.981771e+03 2.809366e+03 
1.640909e-01 2.900738e+03 2.724721e+03 
1.671111e-01 2.830200e+03 2.643590e+03 
1.701313e-01 2.768085e+03 2.565791e+03 
1.731515e-01 2.712150e+03 2.491150e+03 
1.761717e-01 2.660084e+03 2.419506e+03 
1.791919e-01 2.609891e+03 2.350708e+03 
1.822121e-01 2.559863e+03 2.284613e+03 
1.852323e-01 2.508712e+03 2.221087e+03 
1.882525e-01 2.455456e+03 2.160004e+03 
1.912727e-01 2.399604e+03 2.101246e+03 
1.942929e-01 2.341047e+03 2.044700e+03 
1.973131e-01 2.280268e+03 1.990261e+03 
2.003333e-01 2.218077e+03 1.937830e+03 
2.033535e-01 2.155607e+03 1.887313e+03 
2.063737e-01 2.093975e+03 1.838622e+03 
2.093939e-01 2.034242e+03 1.791673e+03 
2.124141e-01 1.977251e+03 1.746386e+03 
2.154343e-01 1.923685e+03 1.702689e+03 
2.184545e-01 1.873938e+03 1.660509e+03 
2.214747e-01 1.828227e+03 1.619780e+03 
2.244949e-01 1.786517e+03 1.580438e+03 
2.275152e-01 1.748560e+03 1.542424e+03 
2.305354e-01 1.713841e+03 1.505681e+03 
2.335556e-01 1.681748e+03 1.470154e+03 
2.365758e-01 1.651609e+03 1.435793e+03 
2.395960e-01 1.622788e+03 1.402549e+03 
2.426162e-01 1.594693e+03 1.370375e+03 
2.456364e-01 1.566843e+03 1.339229e+03 
2.486566e-01 1.538825e+03 1.309067e+03 
2.516768e-01 1.510339e+03 1.279851e+03 
2.546970e-01 1.481205e+03 1.251543e+03 
2.577172e-01 1.451423e+03 1.224106e+03 
2.607374e-01 1.421155e+03 1.197508e+03 
2.637576e-01 1.390707e+03 1.171714e+03 
2.667778e-01 1.360447e+03 1.146695e+03 
2.697980e-01 1.330759e+03 1.122420e+03 
2.728182e-01 1.301935e+03 1.098861e+03 
2.758384e-01 1.274204e+03 1.075991e+03 
2.788586e-01 1.247694e+03 1.053786e+03 
2.818788e-01 1.222498e+03 1.032219e+03 
2.848990e-01 1.198671e+03 1.011267e+03 
2.879192e-01 1.176221e+03 9.909091e+02 
2.909394e-01 1.155097e+03 9.711227e+02 
2.939596e-01 1.135177e+03 9.518874e+02 
2.969798e-01 1.116282e+03 9.331838e+02 
3.000000e-01 1.098180e+03 9.149931e+02 
