1.000000e-03 2.384373e+03 2.384352e+03 
4.020202e-03 7.842532e+03 7.910090e+03 
7.040404e-03 1.140346e+04 1.147654e+04 
1.006061e-02 1.364543e+04 1.366292e+04 
1.308081e-02 1.497221e+04 1.490448e+04 
1.610101e-02 1.565768e+04 1.549809e+04 
1.912121e-02 1.589369e+04 1.565564e+04 
2.214141e-02 1.581845e+04 1.553129e+04 
2.516162e-02 1.553415e+04 1.523107e+04 
2.818182e-02 1.511594e+04 1.482358e+04 
3.120202e-02 1.461864e+04 1.435252e+04 
3.422222e-02 1.408147e+04 1.384626e+04 
3.724242e-02 1.353068e+04 1.332373e+04 
4.026263e-02 1.298357e+04 1.279776e+04 
4.328283e-02 1.244997e+04 1.227706e+04 
4.630303e-02 1.193302e+04 1.176754e+04 
4.932323e-02 1.143816e+04 1.127308e+04 
5.234343e-02 1.096762e+04 1.079613e+04 
5.536364e-02 1.051375e+04 1.033814e+04 
5.838384e-02 1.007502e+04 9.899828e+03 
6.140404e-02 9.655991e+03 9.481380e+03 
6.442424e-02 9.256850e+03 9.082633e+03 
6.744444e-02 8.875220e+03 8.703169e+03 
7.046465e-02 8.510415e+03 8.342401e+03 
7.348485e-02 8.162949e+03 7.999632e+03 
7.650505e-02 7.833777e+03 7.674101e+03 
7.952525e-02 7.524280e+03 7.365013e+03 
8.254545e-02 7.234672e+03 7.071558e+03 
8.556566e-02 6.963179e+03 6.792936e+03 
8.858586e-02 6.707757e+03 6.528359e+03 
9.160606e-02 6.466144e+03 6.277065e+03 
9.462626e-02 6.236388e+03 6.038321e+03 
9.764646e-02 6.018062e+03 5.811426e+03 
1.006667e-01 5.811066e+03 5.595710e+03 
1.036869e-01 5.614640e+03 5.390543e+03 
1.067071e-01 5.427712e+03 5.195323e+03 
1.097273e-01 5.248913e+03 5.009488e+03 
1.127475e-01 5.076702e+03 4.832503e+03 
1.157677e-01 4.910370e+03 4.663869e+03 
1.187879e-01 4.750121e+03 4.503114e+03 
1.218081e-01 4.596270e+03 4.349797e+03 
1.248283e-01 4.449233e+03 4.203501e+03 
1.278485e-01 4.309260e+03 4.063837e+03 
1.308687e-01 4.176125e+03 3.930440e+03 
1.338889e-01 4.049504e+03 3.802967e+03 
1.369091e-01 3.928998e+03 3.681095e+03 
1.399293e-01 3.814180e+03 3.564523e+03 
1.429495e-01 3.704582e+03 3.452966e+03 
1.459697e-01 3.599714e+03 3.346160e+03 
1.489899e-01 3.499137e+03 3.243854e+03 
1.520101e-01 3.402563e+03 3.145814e+03 
1.550303e-01 3.309727e+03 3.051818e+03 
1.580505e-01 3.220392e+03 2.961661e+03 
1.610707e-01 3.134353e+03 2.875146e+03 
1.640909e-01 3.051407e+03 2.792091e+03 
1.671111e-01 2.971383e+03 2.712323e+03 
1.701313e-01 2.894127e+03 2.635680e+03 
1.731515e-01 2.819516e+03 2.562009e+03 
1.761717e-01 2.747547e+03 2.491165e+03 
1.791919e-01 2.678239e+03 2.423013e+03 
1.822121e-01 2.611543e+03 2.357424e+03 
1.852323e-01 2.547308e+03 2.294278e+03 
1.882525e-01 2.485378e+03 2.233461e+03 
1.912727e-01 2.425637e+03 2.174864e+03 
1.942929e-01 2.367994e+03 2.118385e+03 
1.973131e-01 2.312360e+03 2.063929e+03 
2.003333e-01 2.258655e+03 2.011403e+03 
2.033535e-01 2.206804e+03 1.960722e+03 
2.063737e-01 2.156702e+03 1.911805e+03 
2.093939e-01 2.108205e+03 1.864573e+03 
2.124141e-01 2.061169e+03 1.818953e+03 
2.154343e-01 2.015534e+03 1.774876e+03 
2.184545e-01 1.971303e+03 1.732277e+03 
2.214747e-01 1.928469e+03 1.691091e+03 
2.244949e-01 1.886976e+03 1.651261e+03 
2.275152e-01 1.846750e+03 1.612729e+03 
2.305354e-01 1.807727e+03 1.575443e+03 
2.335556e-01 1.769864e+03 1.539350e+03 
2.365758e-01 1.733118e+03 1.504403e+03 
2.395960e-01 1.697463e+03 1.470556e+03 
2.426162e-01 1.662886e+03 1.437764e+03 
2.456364e-01 1.629369e+03 1.405987e+03 
2.486566e-01 1.596846e+03 1.375183e+03 
2.516768e-01 1.565238e+03 1.345317e+03 
2.546970e-01 1.534482e+03 1.316350e+03 
2.577172e-01 1.504556e+03 1.288249e+03 
2.607374e-01 1.475443e+03 1.260981e+03 
2.637576e-01 1.447133e+03 1.234514e+03 
2.667778e-01 1.419617e+03 1.208819e+03 
2.697980e-01 1.392884e+03 1.183867e+03 
2.728182e-01 1.366885e+03 1.159631e+03 
2.758384e-01 1.341556e+03 1.136085e+03 
2.788586e-01 1.316849e+03 1.113203e+03 
2.818788e-01 1.292761e+03 1.090962e+03 
2.848990e-01 1.269297e+03 1.069339e+03 
2.879192e-01 1.246451e+03 1.048311e+03 
2.909394e-01 1.224209e+03 1.027860e+03 
2.939596e-01 1.202552e+03 1.007963e+03 
2.969798e-01 1.181448e+03 9.886022e+02 
3.000000e-01 1.160859e+03 9.697591e+02 
