1.000000e-03 3.929303e+03 3.929269e+03 
4.020202e-03 1.313531e+04 1.323763e+04 
7.040404e-03 1.924012e+04 1.937559e+04 
1.006061e-02 2.303587e+04 2.317710e+04 
1.308081e-02 2.510198e+04 2.524984e+04 
1.610101e-02 2.586455e+04 2.597122e+04 
1.912121e-02 2.566003e+04 2.563930e+04 
2.214141e-02 2.477074e+04 2.458261e+04 
2.516162e-02 2.343519e+04 2.314468e+04 
2.818182e-02 2.185332e+04 2.159925e+04 
3.120202e-02 2.018546e+04 2.010677e+04 
3.422222e-02 1.855278e+04 1.873408e+04 
3.724242e-02 1.703850e+04 1.749477e+04 
4.026263e-02 1.569458e+04 1.637978e+04 
4.328283e-02 1.454163e+04 1.537358e+04 
4.630303e-02 1.357529e+04 1.446076e+04 
4.932323e-02 1.279861e+04 1.362810e+04 
5.234343e-02 1.218805e+04 1.286484e+04 
5.536364e-02 1.169966e+04 1.216229e+04 
5.838384e-02 1.130332e+04 1.151338e+04 
6.140404e-02 1.096916e+04 1.091233e+04 
6.442424e-02 1.066661e+04 1.035427e+04 
6.744444e-02 1.036762e+04 9.835075e+03 
7.046465e-02 1.005108e+04 9.351195e+03 
7.348485e-02 9.702957e+03 8.899524e+03 
7.650505e-02 9.316659e+03 8.477324e+03 
7.952525e-02 8.893921e+03 8.082165e+03 
8.254545e-02 8.442586e+03 7.711870e+03 
8.556566e-02 7.974749e+03 7.364485e+03 
8.858586e-02 7.504303e+03 7.038242e+03 
9.160606e-02 7.044951e+03 6.731542e+03 
9.462626e-02 6.609293e+03 6.442931e+03 
9.764646e-02 6.208226e+03 6.171084e+03 
1.006667e-01 5.850320e+03 5.914794e+03 
1.036869e-01 5.541217e+03 5.672954e+03 
1.067071e-01 5.282523e+03 5.444553e+03 
1.097273e-01 5.072542e+03 5.228663e+03 
1.127475e-01 4.905997e+03 5.024431e+03 
1.157677e-01 4.775742e+03 4.831075e+03 
1.187879e-01 4.673122e+03 4.647872e+03 
1.218081e-01 4.589305e+03 4.474158e+03 
1.248283e-01 4.515819e+03 4.309319e+03 
1.278485e-01 4.444868e+03 4.152790e+03 
1.308687e-01 4.369502e+03 4.004046e+03 
1.338889e-01 4.284388e+03 3.862604e+03 
1.369091e-01 4.185623e+03 3.728013e+03 
1.399293e-01 4.071797e+03 3.599859e+03 
1.429495e-01 3.943133e+03 3.477755e+03 
1.459697e-01 3.802164e+03 3.361343e+03 
1.489899e-01 3.652333e+03 3.250290e+03 
1.520101e-01 3.497873e+03 3.144285e+03 
1.550303e-01 3.343289e+03 3.043041e+03 
1.580505e-01 3.193203e+03 2.946287e+03 
1.610707e-01 3.051625e+03 2.853773e+03 
1.640909e-01 2.922003e+03 2.765265e+03 
1.671111e-01 2.806718e+03 2.680545e+03 
1.701313e-01 2.707227e+03 2.599407e+03 
1.731515e-01 2.623399e+03 2.521661e+03 
1.761717e-01 2.554259e+03 2.447128e+03 
1.791919e-01 2.497944e+03 2.375639e+03 
1.822121e-01 2.452106e+03 2.307038e+03 
1.852323e-01 2.414051e+03 2.241178e+03 
1.882525e-01 2.381110e+03 2.177919e+03 
1.912727e-01 2.350651e+03 2.117132e+03 
1.942929e-01 2.320136e+03 2.058694e+03 
1.973131e-01 2.287275e+03 2.002491e+03 
2.003333e-01 2.250326e+03 1.948414e+03 
2.033535e-01 2.208147e+03 1.896361e+03 
2.063737e-01 2.160321e+03 1.846237e+03 
2.093939e-01 2.107190e+03 1.797949e+03 
2.124141e-01 2.049675e+03 1.751414e+03 
2.154343e-01 1.989067e+03 1.706551e+03 
2.184545e-01 1.926841e+03 1.663282e+03 
2.214747e-01 1.864598e+03 1.621537e+03 
2.244949e-01 1.803880e+03 1.581247e+03 
2.275152e-01 1.746043e+03 1.542347e+03 
2.305354e-01 1.692193e+03 1.504777e+03 
2.335556e-01 1.643141e+03 1.468479e+03 
2.365758e-01 1.599324e+03 1.433398e+03 
2.395960e-01 1.560874e+03 1.399482e+03 
2.426162e-01 1.527528e+03 1.366682e+03 
2.456364e-01 1.498810e+03 1.334951e+03 
2.486566e-01 1.474024e+03 1.304246e+03 
2.516768e-01 1.452346e+03 1.274522e+03 
2.546970e-01 1.432800e+03 1.245742e+03 
2.577172e-01 1.414402e+03 1.217866e+03 
2.607374e-01 1.396180e+03 1.190858e+03 
2.637576e-01 1.377317e+03 1.164685e+03 
2.667778e-01 1.357146e+03 1.139312e+03 
2.697980e-01 1.335326e+03 1.114709e+03 
2.728182e-01 1.311714e+03 1.090847e+03 
2.758384e-01 1.286409e+03 1.067696e+03 
2.788586e-01 1.259648e+03 1.045229e+03 
2.818788e-01 1.231814e+03 1.023422e+03 
2.848990e-01 1.203337e+03 1.002248e+03 
2.879192e-01 1.174684e+03 9.816854e+02 
2.909394e-01 1.146371e+03 9.617106e+02 
2.939596e-01 1.118915e+03 9.423025e+02 
2.969798e-01 1.092758e+03 9.234406e+02 
3.000000e-01 1.068261e+03 9.051051e+02 
