1.000000e-03 8.631215e+03 8.631121e+03 
4.020202e-03 2.877873e+04 2.900621e+04 
7.040404e-03 4.186461e+04 4.221132e+04 
1.006061e-02 4.964687e+04 5.016699e+04 
1.308081e-02 5.339960e+04 5.420041e+04 
1.610101e-02 5.406875e+04 5.503674e+04 
1.912121e-02 5.242946e+04 5.318084e+04 
2.214141e-02 4.915673e+04 4.928532e+04 
2.516162e-02 4.485087e+04 4.424217e+04 
2.818182e-02 4.002916e+04 3.895132e+04 
3.120202e-02 3.511476e+04 3.404373e+04 
3.422222e-02 3.042816e+04 2.980546e+04 
3.724242e-02 2.618702e+04 2.627416e+04 
4.026263e-02 2.251668e+04 2.336793e+04 
4.328283e-02 1.945119e+04 2.097168e+04 
4.630303e-02 1.699045e+04 1.897740e+04 
4.932323e-02 1.510055e+04 1.729680e+04 
5.234343e-02 1.370507e+04 1.586185e+04 
5.536364e-02 1.272163e+04 1.462136e+04 
5.838384e-02 1.206968e+04 1.353696e+04 
6.140404e-02 1.167121e+04 1.257979e+04 
6.442424e-02 1.145115e+04 1.172784e+04 
6.744444e-02 1.134371e+04 1.096414e+04 
7.046465e-02 1.128787e+04 1.027538e+04 
7.348485e-02 1.122646e+04 9.650966e+03 
7.650505e-02 1.110999e+04 9.082337e+03 
7.952525e-02 1.090057e+04 8.562483e+03 
8.254545e-02 1.057549e+04 8.085590e+03 
8.556566e-02 1.012928e+04 7.646779e+03 
8.858586e-02 9.572790e+03 7.241913e+03 
9.160606e-02 8.929606e+03 6.867454e+03 
9.462626e-02 8.230430e+03 6.520348e+03 
9.764646e-02 7.510324e+03 6.197945e+03 
1.006667e-01 6.803558e+03 5.897924e+03 
1.036869e-01 6.140325e+03 5.618249e+03 
1.067071e-01 5.543539e+03 5.357117e+03 
1.097273e-01 5.029066e+03 5.112930e+03 
1.127475e-01 4.604227e+03 4.884263e+03 
1.157677e-01 4.270883e+03 4.669840e+03 
1.187879e-01 4.024962e+03 4.468518e+03 
1.218081e-01 3.859275e+03 4.279268e+03 
1.248283e-01 3.763996e+03 4.101159e+03 
1.278485e-01 3.727131e+03 3.933350e+03 
1.308687e-01 3.735353e+03 3.775080e+03 
1.338889e-01 3.774282e+03 3.625653e+03 
1.369091e-01 3.829257e+03 3.484439e+03 
1.399293e-01 3.885655e+03 3.350862e+03 
1.429495e-01 3.930044e+03 3.224393e+03 
1.459697e-01 3.950332e+03 3.104551e+03 
1.489899e-01 3.937093e+03 2.990892e+03 
1.520101e-01 3.883748e+03 2.883011e+03 
1.550303e-01 3.787715e+03 2.780532e+03 
1.580505e-01 3.650942e+03 2.683111e+03 
1.610707e-01 3.479226e+03 2.590430e+03 
1.640909e-01 3.282040e+03 2.502195e+03 
1.671111e-01 3.070285e+03 2.418135e+03 
1.701313e-01 2.855308e+03 2.337997e+03 
1.731515e-01 2.647029e+03 2.261549e+03 
1.761717e-01 2.453600e+03 2.188575e+03 
1.791919e-01 2.280842e+03 2.118873e+03 
1.822121e-01 2.132916e+03 2.052256e+03 
1.852323e-01 2.011989e+03 1.988551e+03 
1.882525e-01 1.918871e+03 1.927596e+03 
1.912727e-01 1.852988e+03 1.869238e+03 
1.942929e-01 1.812349e+03 1.813338e+03 
1.973131e-01 1.793927e+03 1.759763e+03 
2.003333e-01 1.793581e+03 1.708389e+03 
2.033535e-01 1.806627e+03 1.659103e+03 
2.063737e-01 1.827950e+03 1.611795e+03 
2.093939e-01 1.852471e+03 1.566364e+03 
2.124141e-01 1.875254e+03 1.522716e+03 
2.154343e-01 1.891829e+03 1.480761e+03 
2.184545e-01 1.898265e+03 1.440415e+03 
2.214747e-01 1.891513e+03 1.401600e+03 
2.244949e-01 1.869722e+03 1.364242e+03 
2.275152e-01 1.832282e+03 1.328270e+03 
2.305354e-01 1.780221e+03 1.293620e+03 
2.335556e-01 1.715633e+03 1.260228e+03 
2.365758e-01 1.641709e+03 1.228038e+03 
2.395960e-01 1.562032e+03 1.196993e+03 
2.426162e-01 1.480380e+03 1.167042e+03 
2.456364e-01 1.400197e+03 1.138136e+03 
2.486566e-01 1.324564e+03 1.110227e+03 
2.516768e-01 1.255925e+03 1.083272e+03 
2.546970e-01 1.196148e+03 1.057230e+03 
2.577172e-01 1.146394e+03 1.032060e+03 
2.607374e-01 1.107132e+03 1.007726e+03 
2.637576e-01 1.078260e+03 9.841924e+02 
2.667778e-01 1.059021e+03 9.614248e+02 
2.697980e-01 1.048282e+03 9.393917e+02 
2.728182e-01 1.044547e+03 9.180629e+02 
2.758384e-01 1.046134e+03 8.974096e+02 
2.788586e-01 1.051230e+03 8.774043e+02 
2.818788e-01 1.057952e+03 8.580212e+02 
2.848990e-01 1.064416e+03 8.392355e+02 
2.879192e-01 1.068818e+03 8.210237e+02 
2.909394e-01 1.069583e+03 8.033632e+02 
2.939596e-01 1.065433e+03 7.862328e+02 
2.969798e-01 1.055603e+03 7.696122e+02 
3.000000e-01 1.039768e+03 7.534818e+02 
