1.000000e-03 4.574178e+03 4.574127e+03 
4.020202e-03 1.513163e+04 1.525029e+04 
7.040404e-03 2.198186e+04 2.213629e+04 
1.006061e-02 2.612635e+04 2.628858e+04 
1.308081e-02 2.827378e+04 2.844609e+04 
1.610101e-02 2.893569e+04 2.905829e+04 
1.912121e-02 2.851093e+04 2.847817e+04 
2.214141e-02 2.732971e+04 2.709493e+04 
2.516162e-02 2.566976e+04 2.531253e+04 
2.818182e-02 2.376155e+04 2.344738e+04 
3.120202e-02 2.178752e+04 2.167896e+04 
3.422222e-02 1.988301e+04 2.007637e+04 
3.724242e-02 1.813883e+04 1.864770e+04 
4.026263e-02 1.660958e+04 1.737654e+04 
4.328283e-02 1.531277e+04 1.624053e+04 
4.630303e-02 1.424016e+04 1.521878e+04 
4.932323e-02 1.339244e+04 1.429382e+04 
5.234343e-02 1.273606e+04 1.345165e+04 
5.536364e-02 1.222028e+04 1.268111e+04 
5.838384e-02 1.181320e+04 1.197325e+04 
6.140404e-02 1.147481e+04 1.132076e+04 
6.442424e-02 1.116647e+04 1.071762e+04 
6.744444e-02 1.086015e+04 1.015875e+04 
7.046465e-02 1.053249e+04 9.639817e+03 
7.348485e-02 1.016732e+04 9.157085e+03 
7.650505e-02 9.757084e+03 8.707284e+03 
7.952525e-02 9.303080e+03 8.287535e+03 
8.254545e-02 8.814043e+03 7.895286e+03 
8.556566e-02 8.303948e+03 7.528259e+03 
8.858586e-02 7.789451e+03 7.184412e+03 
9.160606e-02 7.287137e+03 6.861908e+03 
9.462626e-02 6.812192e+03 6.559086e+03 
9.764646e-02 6.377788e+03 6.274445e+03 
1.006667e-01 5.993245e+03 6.006619e+03 
1.036869e-01 5.664250e+03 5.754367e+03 
1.067071e-01 5.391749e+03 5.516559e+03 
1.097273e-01 5.173536e+03 5.292159e+03 
1.127475e-01 5.003377e+03 5.080224e+03 
1.157677e-01 4.873344e+03 4.879887e+03 
1.187879e-01 4.774049e+03 4.690355e+03 
1.218081e-01 4.695770e+03 4.510899e+03 
1.248283e-01 4.628669e+03 4.340846e+03 
1.278485e-01 4.563570e+03 4.179581e+03 
1.308687e-01 4.492137e+03 4.026532e+03 
1.338889e-01 4.408282e+03 3.881176e+03 
1.369091e-01 4.307812e+03 3.743027e+03 
1.399293e-01 4.189486e+03 3.611635e+03 
1.429495e-01 4.054072e+03 3.486586e+03 
1.459697e-01 3.904368e+03 3.367494e+03 
1.489899e-01 3.744333e+03 3.254002e+03 
1.520101e-01 3.578686e+03 3.145779e+03 
1.550303e-01 3.412544e+03 3.042515e+03 
1.580505e-01 3.251092e+03 2.943926e+03 
1.610707e-01 3.099285e+03 2.849744e+03 
1.640909e-01 2.961242e+03 2.759720e+03 
1.671111e-01 2.839810e+03 2.673622e+03 
1.701313e-01 2.736211e+03 2.591235e+03 
1.731515e-01 2.650253e+03 2.512356e+03 
1.761717e-01 2.580413e+03 2.436797e+03 
1.791919e-01 2.524487e+03 2.364380e+03 
1.822121e-01 2.479848e+03 2.294940e+03 
1.852323e-01 2.443710e+03 2.228323e+03 
1.882525e-01 2.413174e+03 2.164383e+03 
1.912727e-01 2.385270e+03 2.102984e+03 
1.942929e-01 2.357011e+03 2.043998e+03 
1.973131e-01 2.325791e+03 1.987305e+03 
2.003333e-01 2.289429e+03 1.932791e+03 
2.033535e-01 2.246753e+03 1.880351e+03 
2.063737e-01 2.197324e+03 1.829884e+03 
2.093939e-01 2.141750e+03 1.781296e+03 
2.124141e-01 2.081148e+03 1.734499e+03 
2.154343e-01 2.017096e+03 1.689408e+03 
2.184545e-01 1.951281e+03 1.645944e+03 
2.214747e-01 1.885436e+03 1.604034e+03 
2.244949e-01 1.821216e+03 1.563605e+03 
2.275152e-01 1.760155e+03 1.524593e+03 
2.305354e-01 1.703509e+03 1.486933e+03 
2.335556e-01 1.652235e+03 1.450566e+03 
2.365758e-01 1.606896e+03 1.415435e+03 
2.395960e-01 1.567601e+03 1.381487e+03 
2.426162e-01 1.534070e+03 1.348672e+03 
2.456364e-01 1.505670e+03 1.316941e+03 
2.486566e-01 1.481561e+03 1.286249e+03 
2.516768e-01 1.460712e+03 1.256552e+03 
2.546970e-01 1.442037e+03 1.227809e+03 
2.577172e-01 1.424433e+03 1.199981e+03 
2.607374e-01 1.406879e+03 1.173031e+03 
2.637576e-01 1.388471e+03 1.146924e+03 
2.667778e-01 1.368552e+03 1.121626e+03 
2.697980e-01 1.346670e+03 1.097105e+03 
2.728182e-01 1.322690e+03 1.073331e+03 
2.758384e-01 1.296672e+03 1.050274e+03 
2.788586e-01 1.268914e+03 1.027908e+03 
2.818788e-01 1.239852e+03 1.006205e+03 
2.848990e-01 1.210042e+03 9.851410e+02 
2.879192e-01 1.180071e+03 9.646915e+02 
2.909394e-01 1.150528e+03 9.448336e+02 
2.939596e-01 1.121958e+03 9.255455e+02 
2.969798e-01 1.094850e+03 9.068064e+02 
3.000000e-01 1.069569e+03 8.885964e+02 
