1.000000e-03 5.710764e+03 5.710713e+03 
4.020202e-03 1.850914e+04 1.865424e+04 
7.040404e-03 2.654085e+04 2.673376e+04 
1.006061e-02 3.118780e+04 3.141601e+04 
1.308081e-02 3.337619e+04 3.365095e+04 
1.610101e-02 3.376060e+04 3.399355e+04 
1.912121e-02 3.284959e+04 3.288604e+04 
2.214141e-02 3.106386e+04 3.083533e+04 
2.516162e-02 2.875601e+04 2.836971e+04 
2.818182e-02 2.621460e+04 2.589164e+04 
3.120202e-02 2.366325e+04 2.361458e+04 
3.422222e-02 2.126253e+04 2.160603e+04 
3.724242e-02 1.911433e+04 1.985781e+04 
4.026263e-02 1.727379e+04 1.833497e+04 
4.328283e-02 1.574337e+04 1.699927e+04 
4.630303e-02 1.451676e+04 1.581743e+04 
4.932323e-02 1.358090e+04 1.476281e+04 
5.234343e-02 1.287324e+04 1.381461e+04 
5.536364e-02 1.234206e+04 1.295663e+04 
5.838384e-02 1.193985e+04 1.217617e+04 
6.140404e-02 1.161192e+04 1.146307e+04 
6.442424e-02 1.131648e+04 1.080910e+04 
6.744444e-02 1.101833e+04 1.020745e+04 
7.046465e-02 1.068820e+04 9.652442e+03 
7.348485e-02 1.030659e+04 9.139233e+03 
7.650505e-02 9.864986e+03 8.663667e+03 
7.952525e-02 9.365887e+03 8.222143e+03 
8.254545e-02 8.821763e+03 7.811506e+03 
8.556566e-02 8.251723e+03 7.428981e+03 
8.858586e-02 7.677474e+03 7.072110e+03 
9.160606e-02 7.120372e+03 6.738702e+03 
9.462626e-02 6.599428e+03 6.426802e+03 
9.764646e-02 6.129576e+03 6.134654e+03 
1.006667e-01 5.721462e+03 5.860678e+03 
1.036869e-01 5.379620e+03 5.603448e+03 
1.067071e-01 5.104452e+03 5.361676e+03 
1.097273e-01 4.891479e+03 5.134191e+03 
1.127475e-01 4.733509e+03 4.919930e+03 
1.157677e-01 4.620667e+03 4.717927e+03 
1.187879e-01 4.541787e+03 4.527298e+03 
1.218081e-01 4.484900e+03 4.347238e+03 
1.248283e-01 4.438045e+03 4.177009e+03 
1.278485e-01 4.389970e+03 4.015936e+03 
1.308687e-01 4.331321e+03 3.863398e+03 
1.338889e-01 4.255217e+03 3.718826e+03 
1.369091e-01 4.157709e+03 3.581695e+03 
1.399293e-01 4.037819e+03 3.451523e+03 
1.429495e-01 3.896745e+03 3.327865e+03 
1.459697e-01 3.737947e+03 3.210309e+03 
1.489899e-01 3.566230e+03 3.098476e+03 
1.520101e-01 3.387866e+03 2.992014e+03 
1.550303e-01 3.209712e+03 2.890597e+03 
1.580505e-01 3.038867e+03 2.793922e+03 
1.610707e-01 2.881165e+03 2.701711e+03 
1.640909e-01 2.741157e+03 2.613702e+03 
1.671111e-01 2.621004e+03 2.529654e+03 
1.701313e-01 2.521378e+03 2.449340e+03 
1.731515e-01 2.441318e+03 2.372550e+03 
1.761717e-01 2.379031e+03 2.299090e+03 
1.791919e-01 2.332104e+03 2.228776e+03 
1.822121e-01 2.297657e+03 2.161437e+03 
1.852323e-01 2.272423e+03 2.096914e+03 
1.882525e-01 2.252560e+03 2.035058e+03 
1.912727e-01 2.234158e+03 1.975729e+03 
1.942929e-01 2.213438e+03 1.918796e+03 
1.973131e-01 2.187441e+03 1.864136e+03 
2.003333e-01 2.154020e+03 1.811634e+03 
2.033535e-01 2.112399e+03 1.761183e+03 
2.063737e-01 2.062610e+03 1.712679e+03 
2.093939e-01 2.005562e+03 1.666028e+03 
2.124141e-01 1.942643e+03 1.621140e+03 
2.154343e-01 1.875661e+03 1.577930e+03 
2.184545e-01 1.806706e+03 1.536319e+03 
2.214747e-01 1.738006e+03 1.496231e+03 
2.244949e-01 1.671754e+03 1.457595e+03 
2.275152e-01 1.609882e+03 1.420345e+03 
2.305354e-01 1.553824e+03 1.384416e+03 
2.335556e-01 1.504478e+03 1.349751e+03 
2.365758e-01 1.462225e+03 1.316291e+03 
2.395960e-01 1.426888e+03 1.283985e+03 
2.426162e-01 1.397958e+03 1.252780e+03 
2.456364e-01 1.374601e+03 1.222629e+03 
2.486566e-01 1.355767e+03 1.193488e+03 
2.516768e-01 1.340176e+03 1.165312e+03 
2.546970e-01 1.326467e+03 1.138061e+03 
2.577172e-01 1.313264e+03 1.111697e+03 
2.607374e-01 1.299343e+03 1.086183e+03 
2.637576e-01 1.283678e+03 1.061483e+03 
2.667778e-01 1.265632e+03 1.037564e+03 
2.697980e-01 1.244864e+03 1.014396e+03 
2.728182e-01 1.221346e+03 9.919476e+02 
2.758384e-01 1.195303e+03 9.701908e+02 
2.788586e-01 1.167141e+03 9.490983e+02 
2.818788e-01 1.137460e+03 9.286442e+02 
2.848990e-01 1.106951e+03 9.088039e+02 
2.879192e-01 1.076393e+03 8.895539e+02 
2.909394e-01 1.046555e+03 8.708718e+02 
2.939596e-01 1.018165e+03 8.527361e+02 
2.969798e-01 9.917735e+02 8.351265e+02 
3.000000e-01 9.677754e+02 8.180235e+02 
