1.000000e-03 5.028475e+03 5.028421e+03 
4.020202e-03 1.675573e+04 1.688723e+04 
7.040404e-03 2.439540e+04 2.457583e+04 
1.006061e-02 2.900598e+04 2.922254e+04 
1.308081e-02 3.135380e+04 3.162413e+04 
1.610101e-02 3.200077e+04 3.225306e+04 
1.912121e-02 3.139351e+04 3.147618e+04 
2.214141e-02 2.990875e+04 2.972304e+04 
2.516162e-02 2.786911e+04 2.747518e+04 
2.818182e-02 2.554568e+04 2.513511e+04 
3.120202e-02 2.315529e+04 2.294203e+04 
3.422222e-02 2.085941e+04 2.098930e+04 
3.724242e-02 1.876694e+04 1.928495e+04 
4.026263e-02 1.694322e+04 1.780170e+04 
4.328283e-02 1.540495e+04 1.650406e+04 
4.630303e-02 1.414939e+04 1.535932e+04 
4.932323e-02 1.317527e+04 1.434060e+04 
5.234343e-02 1.243622e+04 1.342670e+04 
5.536364e-02 1.188234e+04 1.260111e+04 
5.838384e-02 1.147288e+04 1.185091e+04 
6.140404e-02 1.115926e+04 1.116589e+04 
6.442424e-02 1.089810e+04 1.053781e+04 
6.744444e-02 1.065252e+04 9.959948e+03 
7.046465e-02 1.039119e+04 9.426714e+03 
7.348485e-02 1.009045e+04 8.933401e+03 
7.650505e-02 9.735291e+03 8.475993e+03 
7.952525e-02 9.320393e+03 8.051024e+03 
8.254545e-02 8.851198e+03 7.655477e+03 
8.556566e-02 8.340687e+03 7.286704e+03 
8.858586e-02 7.806616e+03 6.942368e+03 
9.160606e-02 7.269010e+03 6.620390e+03 
9.462626e-02 6.747451e+03 6.318915e+03 
9.764646e-02 6.259860e+03 6.036282e+03 
1.006667e-01 5.820008e+03 5.770996e+03 
1.036869e-01 5.437628e+03 5.521708e+03 
1.067071e-01 5.117469e+03 5.287198e+03 
1.097273e-01 4.859604e+03 5.066358e+03 
1.127475e-01 4.660450e+03 4.858184e+03 
1.157677e-01 4.513203e+03 4.661758e+03 
1.187879e-01 4.409351e+03 4.476244e+03 
1.218081e-01 4.338860e+03 4.300878e+03 
1.248283e-01 4.291070e+03 4.134961e+03 
1.278485e-01 4.254896e+03 3.977849e+03 
1.308687e-01 4.219912e+03 3.828954e+03 
1.338889e-01 4.176606e+03 3.687734e+03 
1.369091e-01 4.117961e+03 3.553689e+03 
1.399293e-01 4.038992e+03 3.426361e+03 
1.429495e-01 3.937910e+03 3.305323e+03 
1.459697e-01 3.814983e+03 3.190183e+03 
1.489899e-01 3.672675e+03 3.080580e+03 
1.520101e-01 3.515140e+03 2.976175e+03 
1.550303e-01 3.347784e+03 2.876658e+03 
1.580505e-01 3.176958e+03 2.781739e+03 
1.610707e-01 3.009244e+03 2.691150e+03 
1.640909e-01 2.850926e+03 2.604640e+03 
1.671111e-01 2.707047e+03 2.521978e+03 
1.701313e-01 2.580918e+03 2.442946e+03 
1.731515e-01 2.474068e+03 2.367343e+03 
1.761717e-01 2.386644e+03 2.294980e+03 
1.791919e-01 2.317499e+03 2.225681e+03 
1.822121e-01 2.264833e+03 2.159282e+03 
1.852323e-01 2.226272e+03 2.095629e+03 
1.882525e-01 2.199033e+03 2.034577e+03 
1.912727e-01 2.179882e+03 1.975993e+03 
1.942929e-01 2.165220e+03 1.919748e+03 
1.973131e-01 2.151284e+03 1.865726e+03 
2.003333e-01 2.134677e+03 1.813814e+03 
2.033535e-01 2.112526e+03 1.763907e+03 
2.063737e-01 2.083019e+03 1.715907e+03 
2.093939e-01 2.045232e+03 1.669722e+03 
2.124141e-01 1.999239e+03 1.625264e+03 
2.154343e-01 1.945837e+03 1.582451e+03 
2.184545e-01 1.886348e+03 1.541206e+03 
2.214747e-01 1.822513e+03 1.501455e+03 
2.244949e-01 1.756301e+03 1.463131e+03 
2.275152e-01 1.689891e+03 1.426166e+03 
2.305354e-01 1.625387e+03 1.390501e+03 
2.335556e-01 1.564713e+03 1.356077e+03 
2.365758e-01 1.509341e+03 1.322839e+03 
2.395960e-01 1.460336e+03 1.290735e+03 
2.426162e-01 1.418162e+03 1.259716e+03 
2.456364e-01 1.382893e+03 1.229735e+03 
2.486566e-01 1.354107e+03 1.200747e+03 
2.516768e-01 1.331116e+03 1.172711e+03 
2.546970e-01 1.312968e+03 1.145587e+03 
2.577172e-01 1.298508e+03 1.119337e+03 
2.607374e-01 1.286450e+03 1.093925e+03 
2.637576e-01 1.275480e+03 1.069317e+03 
2.667778e-01 1.264342e+03 1.045480e+03 
2.697980e-01 1.251956e+03 1.022385e+03 
2.728182e-01 1.237480e+03 1.000000e+03 
2.758384e-01 1.220370e+03 9.782989e+02 
2.788586e-01 1.200404e+03 9.572544e+02 
2.818788e-01 1.177606e+03 9.368412e+02 
2.848990e-01 1.152275e+03 9.170352e+02 
2.879192e-01 1.124868e+03 8.978133e+02 
2.909394e-01 1.096032e+03 8.791534e+02 
2.939596e-01 1.066486e+03 8.610345e+02 
2.969798e-01 1.037005e+03 8.434367e+02 
3.000000e-01 1.008325e+03 8.263408e+02 
