1.000000e-03 3.593312e+03 3.593274e+03 
4.020202e-03 1.217723e+04 1.227101e+04 
7.040404e-03 1.796491e+04 1.808867e+04 
1.006061e-02 2.162293e+04 2.175095e+04 
1.308081e-02 2.366463e+04 2.379677e+04 
1.610101e-02 2.447483e+04 2.456546e+04 
1.912121e-02 2.436362e+04 2.432904e+04 
2.214141e-02 2.359239e+04 2.339305e+04 
2.516162e-02 2.238507e+04 2.208131e+04 
2.818182e-02 2.093136e+04 2.065452e+04 
3.120202e-02 1.938417e+04 1.926734e+04 
3.422222e-02 1.786002e+04 1.798571e+04 
3.724242e-02 1.643988e+04 1.682458e+04 
4.026263e-02 1.517543e+04 1.577690e+04 
4.328283e-02 1.408698e+04 1.482899e+04 
4.630303e-02 1.317328e+04 1.396702e+04 
4.932323e-02 1.243909e+04 1.317905e+04 
5.234343e-02 1.186073e+04 1.245529e+04 
5.536364e-02 1.139828e+04 1.178783e+04 
5.838384e-02 1.102185e+04 1.117027e+04 
6.140404e-02 1.070472e+04 1.059730e+04 
6.442424e-02 1.041925e+04 1.006449e+04 
6.744444e-02 1.013679e+04 9.568073e+03 
7.046465e-02 9.836421e+03 9.104790e+03 
7.348485e-02 9.504434e+03 8.671790e+03 
7.650505e-02 9.134364e+03 8.266553e+03 
7.952525e-02 8.728027e+03 7.886835e+03 
8.254545e-02 8.293409e+03 7.530624e+03 
8.556566e-02 7.842371e+03 7.196106e+03 
8.858586e-02 7.388354e+03 6.881640e+03 
9.160606e-02 6.944530e+03 6.585735e+03 
9.462626e-02 6.522920e+03 6.307034e+03 
9.764646e-02 6.134088e+03 6.044299e+03 
1.006667e-01 5.786326e+03 5.796396e+03 
1.036869e-01 5.485636e+03 5.562289e+03 
1.067071e-01 5.233753e+03 5.341026e+03 
1.097273e-01 5.029473e+03 5.131732e+03 
1.127475e-01 4.867534e+03 4.933603e+03 
1.157677e-01 4.740967e+03 4.745900e+03 
1.187879e-01 4.641302e+03 4.567940e+03 
1.218081e-01 4.559902e+03 4.399093e+03 
1.248283e-01 4.488228e+03 4.238777e+03 
1.278485e-01 4.418799e+03 4.086454e+03 
1.308687e-01 4.345019e+03 3.941628e+03 
1.338889e-01 4.261714e+03 3.803835e+03 
1.369091e-01 4.165043e+03 3.672650e+03 
1.399293e-01 4.053568e+03 3.547675e+03 
1.429495e-01 3.927511e+03 3.428542e+03 
1.459697e-01 3.789012e+03 3.314908e+03 
1.489899e-01 3.641480e+03 3.206455e+03 
1.520101e-01 3.489267e+03 3.102885e+03 
1.550303e-01 3.336908e+03 3.003923e+03 
1.580505e-01 3.188903e+03 2.909310e+03 
1.610707e-01 3.049296e+03 2.818807e+03 
1.640909e-01 2.921518e+03 2.732187e+03 
1.671111e-01 2.807939e+03 2.649242e+03 
1.701313e-01 2.709774e+03 2.569773e+03 
1.731515e-01 2.627002e+03 2.493599e+03 
1.761717e-01 2.558614e+03 2.420545e+03 
1.791919e-01 2.502905e+03 2.350452e+03 
1.822121e-01 2.457540e+03 2.283166e+03 
1.852323e-01 2.419944e+03 2.218546e+03 
1.882525e-01 2.387477e+03 2.156458e+03 
1.912727e-01 2.357471e+03 2.096777e+03 
1.942929e-01 2.327269e+03 2.039385e+03 
1.973131e-01 2.294639e+03 1.984170e+03 
2.003333e-01 2.257811e+03 1.931028e+03 
2.033535e-01 2.215778e+03 1.879859e+03 
2.063737e-01 2.168106e+03 1.830572e+03 
2.093939e-01 2.115220e+03 1.783079e+03 
2.124141e-01 2.057973e+03 1.737296e+03 
2.154343e-01 1.997666e+03 1.693145e+03 
2.184545e-01 1.935739e+03 1.650553e+03 
2.214747e-01 1.873722e+03 1.609449e+03 
2.244949e-01 1.813137e+03 1.569768e+03 
2.275152e-01 1.755433e+03 1.531447e+03 
2.305354e-01 1.701727e+03 1.494427e+03 
2.335556e-01 1.652870e+03 1.458651e+03 
2.365758e-01 1.609288e+03 1.424067e+03 
2.395960e-01 1.571085e+03 1.390623e+03 
2.426162e-01 1.537960e+03 1.358273e+03 
2.456364e-01 1.509408e+03 1.326970e+03 
2.486566e-01 1.484748e+03 1.296671e+03 
2.516768e-01 1.463143e+03 1.267335e+03 
2.546970e-01 1.443663e+03 1.238924e+03 
2.577172e-01 1.425327e+03 1.211400e+03 
2.607374e-01 1.407182e+03 1.184728e+03 
2.637576e-01 1.388377e+03 1.158874e+03 
2.667778e-01 1.368256e+03 1.133807e+03 
2.697980e-01 1.346404e+03 1.109495e+03 
2.728182e-01 1.322707e+03 1.085910e+03 
2.758384e-01 1.297280e+03 1.063024e+03 
2.788586e-01 1.270400e+03 1.040811e+03 
2.818788e-01 1.242436e+03 1.019245e+03 
2.848990e-01 1.213857e+03 9.983022e+02 
2.879192e-01 1.185144e+03 9.779598e+02 
2.909394e-01 1.156771e+03 9.581958e+02 
2.939596e-01 1.129223e+03 9.389891e+02 
2.969798e-01 1.102980e+03 9.203196e+02 
3.000000e-01 1.078400e+03 9.021682e+02 
