1.000000e-03 3.848605e+03 3.848563e+03 
4.020202e-03 1.280716e+04 1.290532e+04 
7.040404e-03 1.861327e+04 1.872996e+04 
1.006061e-02 2.211967e+04 2.221821e+04 
1.308081e-02 2.394439e+04 2.401189e+04 
1.610101e-02 2.453433e+04 2.451986e+04 
1.912121e-02 2.423556e+04 2.408332e+04 
2.214141e-02 2.333086e+04 2.305796e+04 
2.516162e-02 2.205394e+04 2.176525e+04 
2.818182e-02 2.059240e+04 2.042218e+04 
3.120202e-02 1.909191e+04 1.913681e+04 
3.422222e-02 1.765612e+04 1.794691e+04 
3.724242e-02 1.635137e+04 1.685690e+04 
4.026263e-02 1.521417e+04 1.585927e+04 
4.328283e-02 1.425059e+04 1.494382e+04 
4.630303e-02 1.345074e+04 1.410095e+04 
4.932323e-02 1.280911e+04 1.332246e+04 
5.234343e-02 1.228883e+04 1.260154e+04 
5.536364e-02 1.184829e+04 1.193247e+04 
5.838384e-02 1.146269e+04 1.131040e+04 
6.140404e-02 1.110104e+04 1.073113e+04 
6.442424e-02 1.073767e+04 1.019100e+04 
6.744444e-02 1.035615e+04 9.686769e+03 
7.046465e-02 9.945890e+03 9.215523e+03 
7.348485e-02 9.504613e+03 8.774646e+03 
7.650505e-02 9.037400e+03 8.361771e+03 
7.952525e-02 8.554865e+03 7.974747e+03 
8.254545e-02 8.070681e+03 7.611614e+03 
8.556566e-02 7.598809e+03 7.270585e+03 
8.858586e-02 7.151858e+03 6.950027e+03 
9.160606e-02 6.740368e+03 6.648444e+03 
9.462626e-02 6.372194e+03 6.364467e+03 
9.764646e-02 6.052794e+03 6.096839e+03 
1.006667e-01 5.783126e+03 5.844407e+03 
1.036869e-01 5.561105e+03 5.606112e+03 
1.067071e-01 5.380665e+03 5.380980e+03 
1.097273e-01 5.233876e+03 5.168115e+03 
1.127475e-01 5.111097e+03 4.966691e+03 
1.157677e-01 5.003080e+03 4.775947e+03 
1.187879e-01 4.901246e+03 4.595183e+03 
1.218081e-01 4.798398e+03 4.423749e+03 
1.248283e-01 4.688538e+03 4.261047e+03 
1.278485e-01 4.567856e+03 4.106524e+03 
1.308687e-01 4.434362e+03 3.959668e+03 
1.338889e-01 4.288655e+03 3.820003e+03 
1.369091e-01 4.133014e+03 3.687090e+03 
1.399293e-01 3.971205e+03 3.560520e+03 
1.429495e-01 3.807465e+03 3.439915e+03 
1.459697e-01 3.646169e+03 3.324923e+03 
1.489899e-01 3.491252e+03 3.215215e+03 
1.520101e-01 3.346260e+03 3.110487e+03 
1.550303e-01 3.214098e+03 3.010455e+03 
1.580505e-01 3.096787e+03 2.914855e+03 
1.610707e-01 2.995259e+03 2.823439e+03 
1.640909e-01 2.908988e+03 2.735976e+03 
1.671111e-01 2.836362e+03 2.652252e+03 
1.701313e-01 2.774795e+03 2.572065e+03 
1.731515e-01 2.721390e+03 2.495226e+03 
1.761717e-01 2.673288e+03 2.421559e+03 
1.791919e-01 2.627859e+03 2.350898e+03 
1.822121e-01 2.582803e+03 2.283090e+03 
1.852323e-01 2.536192e+03 2.217987e+03 
1.882525e-01 2.486449e+03 2.155454e+03 
1.912727e-01 2.432604e+03 2.095362e+03 
1.942929e-01 2.374218e+03 2.037591e+03 
1.973131e-01 2.311774e+03 1.982027e+03 
2.003333e-01 2.246258e+03 1.928563e+03 
2.033535e-01 2.179176e+03 1.877098e+03 
2.063737e-01 2.112088e+03 1.827539e+03 
2.093939e-01 2.046521e+03 1.779795e+03 
2.124141e-01 1.983737e+03 1.733782e+03 
2.154343e-01 1.924783e+03 1.689420e+03 
2.184545e-01 1.870349e+03 1.646635e+03 
2.214747e-01 1.820867e+03 1.605355e+03 
2.244949e-01 1.776433e+03 1.565512e+03 
2.275152e-01 1.736844e+03 1.527044e+03 
2.305354e-01 1.701619e+03 1.489889e+03 
2.335556e-01 1.670051e+03 1.453991e+03 
2.365758e-01 1.641308e+03 1.419296e+03 
2.395960e-01 1.614475e+03 1.385753e+03 
2.426162e-01 1.588646e+03 1.353313e+03 
2.456364e-01 1.562991e+03 1.321929e+03 
2.486566e-01 1.536833e+03 1.291558e+03 
2.516768e-01 1.509682e+03 1.262158e+03 
2.546970e-01 1.481309e+03 1.233691e+03 
2.577172e-01 1.451689e+03 1.206117e+03 
2.607374e-01 1.421043e+03 1.179402e+03 
2.637576e-01 1.389708e+03 1.153510e+03 
2.667778e-01 1.358105e+03 1.128411e+03 
2.697980e-01 1.326674e+03 1.104073e+03 
2.728182e-01 1.295851e+03 1.080466e+03 
2.758384e-01 1.266029e+03 1.057563e+03 
2.788586e-01 1.237553e+03 1.035337e+03 
2.818788e-01 1.210676e+03 1.013762e+03 
2.848990e-01 1.185574e+03 9.928133e+02 
2.879192e-01 1.162280e+03 9.724688e+02 
2.909394e-01 1.140727e+03 9.527057e+02 
2.939596e-01 1.120724e+03 9.335028e+02 
2.969798e-01 1.102041e+03 9.148399e+02 
3.000000e-01 1.084415e+03 8.966976e+02 
