1.000000e-03 5.430027e+03 5.429972e+03 
4.020202e-03 1.809279e+04 1.823496e+04 
7.040404e-03 2.633502e+04 2.653300e+04 
1.006061e-02 3.129601e+04 3.154265e+04 
1.308081e-02 3.380155e+04 3.412107e+04 
1.610101e-02 3.445766e+04 3.477151e+04 
1.912121e-02 3.374831e+04 3.388211e+04 
2.214141e-02 3.208304e+04 3.191433e+04 
2.516162e-02 2.981453e+04 2.939693e+04 
2.818182e-02 2.723930e+04 2.678029e+04 
3.120202e-02 2.459578e+04 2.433586e+04 
3.422222e-02 2.206089e+04 2.217026e+04 
3.724242e-02 1.975436e+04 2.029194e+04 
4.026263e-02 1.774752e+04 1.866835e+04 
4.328283e-02 1.605760e+04 1.725742e+04 
4.630303e-02 1.468316e+04 1.602050e+04 
4.932323e-02 1.362059e+04 1.492591e+04 
5.234343e-02 1.281839e+04 1.394879e+04 
5.536364e-02 1.222428e+04 1.306988e+04 
5.838384e-02 1.179275e+04 1.227422e+04 
6.140404e-02 1.147117e+04 1.155003e+04 
6.442424e-02 1.121250e+04 1.088790e+04 
6.744444e-02 1.097584e+04 1.028022e+04 
7.046465e-02 1.072604e+04 9.720691e+03 
7.348485e-02 1.043574e+04 9.204048e+03 
7.650505e-02 1.008681e+04 8.725834e+03 
7.952525e-02 9.671612e+03 8.282224e+03 
8.254545e-02 9.194230e+03 7.869907e+03 
8.556566e-02 8.667252e+03 7.485991e+03 
8.858586e-02 8.109110e+03 7.127936e+03 
9.160606e-02 7.541631e+03 6.793491e+03 
9.462626e-02 6.986493e+03 6.480657e+03 
9.764646e-02 6.463457e+03 6.187647e+03 
1.006667e-01 5.988665e+03 5.912860e+03 
1.036869e-01 5.573402e+03 5.654853e+03 
1.067071e-01 5.224172e+03 5.412326e+03 
1.097273e-01 4.941696e+03 5.184102e+03 
1.127475e-01 4.723107e+03 4.969112e+03 
1.157677e-01 4.561860e+03 4.766386e+03 
1.187879e-01 4.449504e+03 4.575040e+03 
1.218081e-01 4.375802e+03 4.394265e+03 
1.248283e-01 4.329579e+03 4.223325e+03 
1.278485e-01 4.299111e+03 4.061542e+03 
1.308687e-01 4.272910e+03 3.908299e+03 
1.338889e-01 4.240401e+03 3.763024e+03 
1.369091e-01 4.193179e+03 3.625196e+03 
1.399293e-01 4.125250e+03 3.494330e+03 
1.429495e-01 4.033376e+03 3.369984e+03 
1.459697e-01 3.917093e+03 3.251746e+03 
1.489899e-01 3.778021e+03 3.139237e+03 
1.520101e-01 3.620154e+03 3.032106e+03 
1.550303e-01 3.448858e+03 2.930028e+03 
1.580505e-01 3.270935e+03 2.832702e+03 
1.610707e-01 3.093581e+03 2.739846e+03 
1.640909e-01 2.924017e+03 2.651202e+03 
1.671111e-01 2.767939e+03 2.566527e+03 
1.701313e-01 2.629694e+03 2.485596e+03 
1.731515e-01 2.511430e+03 2.408200e+03 
1.761717e-01 2.413898e+03 2.334142e+03 
1.791919e-01 2.336314e+03 2.263241e+03 
1.822121e-01 2.277168e+03 2.195325e+03 
1.852323e-01 2.234369e+03 2.130235e+03 
1.882525e-01 2.205133e+03 2.067821e+03 
1.912727e-01 2.186196e+03 2.007945e+03 
1.942929e-01 2.173697e+03 1.950475e+03 
1.973131e-01 2.163644e+03 1.895288e+03 
2.003333e-01 2.152066e+03 1.842269e+03 
2.033535e-01 2.135706e+03 1.791310e+03 
2.063737e-01 2.112017e+03 1.742309e+03 
2.093939e-01 2.079696e+03 1.695171e+03 
2.124141e-01 2.038240e+03 1.649805e+03 
2.154343e-01 1.988110e+03 1.606126e+03 
2.184545e-01 1.930371e+03 1.564056e+03 
2.214747e-01 1.866644e+03 1.523517e+03 
2.244949e-01 1.799003e+03 1.484441e+03 
2.275152e-01 1.729764e+03 1.446758e+03 
2.305354e-01 1.661324e+03 1.410407e+03 
2.335556e-01 1.595920e+03 1.375326e+03 
2.365758e-01 1.535437e+03 1.341460e+03 
2.395960e-01 1.481234e+03 1.308755e+03 
2.426162e-01 1.434155e+03 1.277160e+03 
2.456364e-01 1.394456e+03 1.246627e+03 
2.486566e-01 1.362013e+03 1.217111e+03 
2.516768e-01 1.336260e+03 1.188569e+03 
2.546970e-01 1.316353e+03 1.160959e+03 
2.577172e-01 1.301155e+03 1.134242e+03 
2.607374e-01 1.289352e+03 1.108382e+03 
2.637576e-01 1.279521e+03 1.083344e+03 
2.667778e-01 1.270249e+03 1.059095e+03 
2.697980e-01 1.260228e+03 1.035602e+03 
2.728182e-01 1.248407e+03 1.012836e+03 
2.758384e-01 1.234004e+03 9.907671e+02 
2.788586e-01 1.216539e+03 9.693692e+02 
2.818788e-01 1.195867e+03 9.486158e+02 
2.848990e-01 1.172088e+03 9.284821e+02 
2.879192e-01 1.145594e+03 9.089445e+02 
2.909394e-01 1.116946e+03 8.899805e+02 
2.939596e-01 1.086897e+03 8.715685e+02 
2.969798e-01 1.056279e+03 8.536880e+02 
3.000000e-01 1.025963e+03 8.363194e+02 
