1.000000e-03 5.792544e+03 5.792487e+03 
4.020202e-03 1.960244e+04 1.975709e+04 
7.040404e-03 2.868599e+04 2.890743e+04 
1.006061e-02 3.418190e+04 3.447264e+04 
1.308081e-02 3.696125e+04 3.735732e+04 
1.610101e-02 3.767688e+04 3.809045e+04 
1.912121e-02 3.685865e+04 3.707906e+04 
2.214141e-02 3.495996e+04 3.482398e+04 
2.516162e-02 3.237768e+04 3.192276e+04 
2.818182e-02 2.944714e+04 2.890176e+04 
3.120202e-02 2.644002e+04 2.608704e+04 
3.422222e-02 2.355860e+04 2.360947e+04 
3.724242e-02 2.094038e+04 2.147991e+04 
4.026263e-02 1.866660e+04 1.965790e+04 
4.328283e-02 1.675649e+04 1.809088e+04 
4.630303e-02 1.521167e+04 1.673051e+04 
4.932323e-02 1.402427e+04 1.553729e+04 
5.234343e-02 1.313640e+04 1.448041e+04 
5.536364e-02 1.249243e+04 1.353619e+04 
5.838384e-02 1.203962e+04 1.268636e+04 
6.140404e-02 1.171917e+04 1.191675e+04 
6.442424e-02 1.147860e+04 1.121614e+04 
6.744444e-02 1.127146e+04 1.057553e+04 
7.046465e-02 1.105707e+04 9.987597e+03 
7.348485e-02 1.080179e+04 9.446276e+03 
7.650505e-02 1.048168e+04 8.946476e+03 
7.952525e-02 1.008459e+04 8.483875e+03 
8.254545e-02 9.611070e+03 8.054761e+03 
8.556566e-02 9.072925e+03 7.655919e+03 
8.858586e-02 8.489598e+03 7.284544e+03 
9.160606e-02 7.884990e+03 6.938168e+03 
9.462626e-02 7.284300e+03 6.614608e+03 
9.764646e-02 6.710682e+03 6.311926e+03 
1.006667e-01 6.184276e+03 6.028391e+03 
1.036869e-01 5.719040e+03 5.762451e+03 
1.067071e-01 5.324155e+03 5.512711e+03 
1.097273e-01 5.002344e+03 5.277913e+03 
1.127475e-01 4.752260e+03 5.056919e+03 
1.157677e-01 4.568051e+03 4.848698e+03 
1.187879e-01 4.441494e+03 4.652312e+03 
1.218081e-01 4.362482e+03 4.466907e+03 
1.248283e-01 4.319130e+03 4.291706e+03 
1.278485e-01 4.298771e+03 4.125996e+03 
1.308687e-01 4.288550e+03 3.969125e+03 
1.338889e-01 4.276428e+03 3.820497e+03 
1.369091e-01 4.251745e+03 3.679562e+03 
1.399293e-01 4.206619e+03 3.545816e+03 
1.429495e-01 4.135556e+03 3.418795e+03 
1.459697e-01 4.036306e+03 3.298070e+03 
1.489899e-01 3.908912e+03 3.183245e+03 
1.520101e-01 3.756367e+03 3.073955e+03 
1.550303e-01 3.583867e+03 2.969863e+03 
1.580505e-01 3.398613e+03 2.870653e+03 
1.610707e-01 3.208858e+03 2.776037e+03 
1.640909e-01 3.023043e+03 2.685745e+03 
1.671111e-01 2.848470e+03 2.599525e+03 
1.701313e-01 2.690873e+03 2.517144e+03 
1.731515e-01 2.553689e+03 2.438386e+03 
1.761717e-01 2.438621e+03 2.363049e+03 
1.791919e-01 2.345945e+03 2.290943e+03 
1.822121e-01 2.274741e+03 2.221893e+03 
1.852323e-01 2.223349e+03 2.155734e+03 
1.882525e-01 2.189292e+03 2.092312e+03 
1.912727e-01 2.169357e+03 2.031483e+03 
1.942929e-01 2.159522e+03 1.973113e+03 
1.973131e-01 2.155341e+03 1.917075e+03 
2.003333e-01 2.152232e+03 1.863251e+03 
2.033535e-01 2.146135e+03 1.811529e+03 
2.063737e-01 2.133632e+03 1.761804e+03 
2.093939e-01 2.112382e+03 1.713980e+03 
2.124141e-01 2.081024e+03 1.667962e+03 
2.154343e-01 2.039165e+03 1.623665e+03 
2.184545e-01 1.987309e+03 1.581006e+03 
2.214747e-01 1.926628e+03 1.539908e+03 
2.244949e-01 1.859158e+03 1.500298e+03 
2.275152e-01 1.787348e+03 1.462109e+03 
2.305354e-01 1.713999e+03 1.425273e+03 
2.335556e-01 1.641848e+03 1.389732e+03 
2.365758e-01 1.573453e+03 1.355425e+03 
2.395960e-01 1.510725e+03 1.322300e+03 
2.426162e-01 1.455100e+03 1.290304e+03 
2.456364e-01 1.407366e+03 1.259387e+03 
2.486566e-01 1.367848e+03 1.229504e+03 
2.516768e-01 1.336374e+03 1.200609e+03 
2.546970e-01 1.312330e+03 1.172663e+03 
2.577172e-01 1.294766e+03 1.145624e+03 
2.607374e-01 1.282375e+03 1.119455e+03 
2.637576e-01 1.273667e+03 1.094121e+03 
2.667778e-01 1.266994e+03 1.069586e+03 
2.697980e-01 1.260789e+03 1.045820e+03 
2.728182e-01 1.253612e+03 1.022792e+03 
2.758384e-01 1.244311e+03 1.000471e+03 
2.788586e-01 1.231974e+03 9.788308e+02 
2.818788e-01 1.216073e+03 9.578442e+02 
2.848990e-01 1.196350e+03 9.374861e+02 
2.879192e-01 1.172879e+03 9.177325e+02 
2.909394e-01 1.146050e+03 8.985604e+02 
2.939596e-01 1.116522e+03 8.799478e+02 
2.969798e-01 1.085185e+03 8.618740e+02 
3.000000e-01 1.053032e+03 8.443190e+02 
