1.000000e-03 3.467979e+03 3.467946e+03 
4.020202e-03 1.163631e+04 1.172689e+04 
7.040404e-03 1.701810e+04 1.712843e+04 
1.006061e-02 2.033988e+04 2.043284e+04 
1.308081e-02 2.214164e+04 2.220606e+04 
1.610101e-02 2.281747e+04 2.281250e+04 
1.912121e-02 2.267292e+04 2.254907e+04 
2.214141e-02 2.195760e+04 2.172226e+04 
2.516162e-02 2.087873e+04 2.061652e+04 
2.818182e-02 1.960544e+04 1.943334e+04 
3.120202e-02 1.826992e+04 1.828016e+04 
3.422222e-02 1.696919e+04 1.719943e+04 
3.724242e-02 1.576778e+04 1.620073e+04 
4.026263e-02 1.470355e+04 1.528053e+04 
4.328283e-02 1.379043e+04 1.443154e+04 
4.630303e-02 1.302002e+04 1.364627e+04 
4.932323e-02 1.238838e+04 1.291808e+04 
5.234343e-02 1.187611e+04 1.224130e+04 
5.536364e-02 1.144211e+04 1.161113e+04 
5.838384e-02 1.106287e+04 1.102346e+04 
6.140404e-02 1.071557e+04 1.047471e+04 
6.442424e-02 1.037416e+04 9.961721e+03 
6.744444e-02 1.002216e+04 9.481664e+03 
7.046465e-02 9.648790e+03 9.031999e+03 
7.348485e-02 9.248714e+03 8.610422e+03 
7.650505e-02 8.824212e+03 8.214833e+03 
7.952525e-02 8.382803e+03 7.843314e+03 
8.254545e-02 7.935306e+03 7.494110e+03 
8.556566e-02 7.494009e+03 7.165608e+03 
8.858586e-02 7.070153e+03 6.856331e+03 
9.160606e-02 6.673506e+03 6.564919e+03 
9.462626e-02 6.312025e+03 6.290121e+03 
9.764646e-02 5.991152e+03 6.030786e+03 
1.006667e-01 5.714320e+03 5.785853e+03 
1.036869e-01 5.481071e+03 5.554345e+03 
1.067071e-01 5.288459e+03 5.335361e+03 
1.097273e-01 5.130229e+03 5.128068e+03 
1.127475e-01 4.998864e+03 4.931700e+03 
1.157677e-01 4.885847e+03 4.745545e+03 
1.187879e-01 4.783309e+03 4.568948e+03 
1.218081e-01 4.684091e+03 4.401301e+03 
1.248283e-01 4.582517e+03 4.242042e+03 
1.278485e-01 4.474002e+03 4.090650e+03 
1.308687e-01 4.355835e+03 3.946641e+03 
1.338889e-01 4.226726e+03 3.809568e+03 
1.369091e-01 4.087666e+03 3.679013e+03 
1.399293e-01 3.940844e+03 3.554590e+03 
1.429495e-01 3.789710e+03 3.435939e+03 
1.459697e-01 3.637933e+03 3.322725e+03 
1.489899e-01 3.489253e+03 3.214635e+03 
1.520101e-01 3.346992e+03 3.111380e+03 
1.550303e-01 3.214111e+03 3.012687e+03 
1.580505e-01 3.092846e+03 2.918305e+03 
1.610707e-01 2.984850e+03 2.827995e+03 
1.640909e-01 2.890713e+03 2.741537e+03 
1.671111e-01 2.810103e+03 2.658725e+03 
1.701313e-01 2.741416e+03 2.579364e+03 
1.731515e-01 2.682526e+03 2.503274e+03 
1.761717e-01 2.630895e+03 2.430285e+03 
1.791919e-01 2.584033e+03 2.360236e+03 
1.822121e-01 2.539560e+03 2.292979e+03 
1.852323e-01 2.495560e+03 2.228372e+03 
1.882525e-01 2.450377e+03 2.166285e+03 
1.912727e-01 2.402693e+03 2.106592e+03 
1.942929e-01 2.351571e+03 2.049177e+03 
1.973131e-01 2.296745e+03 1.993930e+03 
2.003333e-01 2.238450e+03 1.940747e+03 
2.033535e-01 2.177480e+03 1.889531e+03 
2.063737e-01 2.115000e+03 1.840189e+03 
2.093939e-01 2.052419e+03 1.792635e+03 
2.124141e-01 1.991023e+03 1.746785e+03 
2.154343e-01 1.931977e+03 1.702564e+03 
2.184545e-01 1.876163e+03 1.659897e+03 
2.214747e-01 1.824270e+03 1.618715e+03 
2.244949e-01 1.776696e+03 1.578952e+03 
2.275152e-01 1.733602e+03 1.540547e+03 
2.305354e-01 1.694852e+03 1.503440e+03 
2.335556e-01 1.660087e+03 1.467575e+03 
2.365758e-01 1.628748e+03 1.432901e+03 
2.395960e-01 1.600154e+03 1.399365e+03 
2.426162e-01 1.573553e+03 1.366922e+03 
2.456364e-01 1.548186e+03 1.335526e+03 
2.486566e-01 1.523323e+03 1.305133e+03 
2.516768e-01 1.498333e+03 1.275702e+03 
2.546970e-01 1.472710e+03 1.247196e+03 
2.577172e-01 1.446143e+03 1.219577e+03 
2.607374e-01 1.418525e+03 1.192810e+03 
2.637576e-01 1.389960e+03 1.166861e+03 
2.667778e-01 1.360696e+03 1.141699e+03 
2.697980e-01 1.331079e+03 1.117292e+03 
2.728182e-01 1.301486e+03 1.093613e+03 
2.758384e-01 1.272294e+03 1.070634e+03 
2.788586e-01 1.243834e+03 1.048328e+03 
2.818788e-01 1.216407e+03 1.026669e+03 
2.848990e-01 1.190267e+03 1.005635e+03 
2.879192e-01 1.165604e+03 9.852017e+02 
2.909394e-01 1.142531e+03 9.653476e+02 
2.939596e-01 1.121048e+03 9.460517e+02 
2.969798e-01 1.101063e+03 9.272939e+02 
3.000000e-01 1.082400e+03 9.090552e+02 
