1.000000e-03 3.493316e+03 3.493283e+03 
4.020202e-03 1.175733e+04 1.184822e+04 
7.040404e-03 1.730031e+04 1.741965e+04 
1.006061e-02 2.079456e+04 2.091458e+04 
1.308081e-02 2.274423e+04 2.286290e+04 
1.610101e-02 2.352329e+04 2.359910e+04 
1.912121e-02 2.342957e+04 2.338967e+04 
2.214141e-02 2.271229e+04 2.252678e+04 
2.516162e-02 2.158443e+04 2.131330e+04 
2.818182e-02 2.022318e+04 1.998948e+04 
3.120202e-02 1.877250e+04 1.869681e+04 
3.422222e-02 1.734139e+04 1.749597e+04 
3.724242e-02 1.600539e+04 1.640158e+04 
4.026263e-02 1.481264e+04 1.540841e+04 
4.328283e-02 1.378351e+04 1.450508e+04 
4.630303e-02 1.291486e+04 1.367987e+04 
4.932323e-02 1.221038e+04 1.292253e+04 
5.234343e-02 1.165142e+04 1.222460e+04 
5.536364e-02 1.119862e+04 1.157917e+04 
5.838384e-02 1.082400e+04 1.098057e+04 
6.140404e-02 1.050260e+04 1.042409e+04 
6.442424e-02 1.020925e+04 9.905742e+03 
6.744444e-02 9.918210e+03 9.422084e+03 
7.046465e-02 9.610487e+03 8.970129e+03 
7.348485e-02 9.274029e+03 8.547241e+03 
7.650505e-02 8.903644e+03 8.151073e+03 
7.952525e-02 8.501791e+03 7.779524e+03 
8.254545e-02 8.076314e+03 7.430697e+03 
8.556566e-02 7.638659e+03 7.102876e+03 
8.858586e-02 7.201424e+03 6.794502e+03 
9.160606e-02 6.776640e+03 6.504154e+03 
9.462626e-02 6.375074e+03 6.230534e+03 
9.764646e-02 6.005850e+03 5.972456e+03 
1.006667e-01 5.676298e+03 5.728831e+03 
1.036869e-01 5.391250e+03 5.498661e+03 
1.067071e-01 5.152071e+03 5.281027e+03 
1.097273e-01 4.956955e+03 5.075086e+03 
1.127475e-01 4.800908e+03 4.880059e+03 
1.157677e-01 4.677099e+03 4.695230e+03 
1.187879e-01 4.577262e+03 4.519937e+03 
1.218081e-01 4.493064e+03 4.353568e+03 
1.248283e-01 4.416866e+03 4.195558e+03 
1.278485e-01 4.341799e+03 4.045384e+03 
1.308687e-01 4.261941e+03 3.902562e+03 
1.338889e-01 4.172899e+03 3.766642e+03 
1.369091e-01 4.071626e+03 3.637208e+03 
1.399293e-01 3.957227e+03 3.513872e+03 
1.429495e-01 3.830196e+03 3.396275e+03 
1.459697e-01 3.692911e+03 3.284082e+03 
1.489899e-01 3.548634e+03 3.176982e+03 
1.520101e-01 3.401493e+03 3.074685e+03 
1.550303e-01 3.255608e+03 2.976920e+03 
1.580505e-01 3.114961e+03 2.883435e+03 
1.610707e-01 2.983071e+03 2.793994e+03 
1.640909e-01 2.862947e+03 2.708377e+03 
1.671111e-01 2.756361e+03 2.626378e+03 
1.701313e-01 2.664248e+03 2.547804e+03 
1.731515e-01 2.586354e+03 2.472476e+03 
1.761717e-01 2.521616e+03 2.400223e+03 
1.791919e-01 2.468110e+03 2.330888e+03 
1.822121e-01 2.423598e+03 2.264322e+03 
1.852323e-01 2.385642e+03 2.200384e+03 
1.882525e-01 2.351777e+03 2.138945e+03 
1.912727e-01 2.319571e+03 2.079879e+03 
1.942929e-01 2.286762e+03 2.023072e+03 
1.973131e-01 2.251393e+03 1.968413e+03 
2.003333e-01 2.212050e+03 1.915801e+03 
2.033535e-01 2.167937e+03 1.865137e+03 
2.063737e-01 2.118913e+03 1.816331e+03 
2.093939e-01 2.065496e+03 1.769296e+03 
2.124141e-01 2.008638e+03 1.723951e+03 
2.154343e-01 1.949573e+03 1.680218e+03 
2.184545e-01 1.889658e+03 1.638026e+03 
2.214747e-01 1.830310e+03 1.597304e+03 
2.244949e-01 1.772860e+03 1.557988e+03 
2.275152e-01 1.718470e+03 1.520016e+03 
2.305354e-01 1.668070e+03 1.483330e+03 
2.335556e-01 1.622349e+03 1.447875e+03 
2.365758e-01 1.581558e+03 1.413598e+03 
2.395960e-01 1.545658e+03 1.380449e+03 
2.426162e-01 1.514283e+03 1.348381e+03 
2.456364e-01 1.486905e+03 1.317349e+03 
2.486566e-01 1.462823e+03 1.287311e+03 
2.516768e-01 1.441247e+03 1.258226e+03 
2.546970e-01 1.421316e+03 1.230055e+03 
2.577172e-01 1.402180e+03 1.202762e+03 
2.607374e-01 1.383020e+03 1.176313e+03 
2.637576e-01 1.363130e+03 1.150673e+03 
2.667778e-01 1.341947e+03 1.125812e+03 
2.697980e-01 1.319225e+03 1.101699e+03 
2.728182e-01 1.294913e+03 1.078305e+03 
2.758384e-01 1.269189e+03 1.055604e+03 
2.788586e-01 1.242360e+03 1.033568e+03 
2.818788e-01 1.214840e+03 1.012174e+03 
2.848990e-01 1.187046e+03 9.913972e+02 
2.879192e-01 1.159398e+03 9.712148e+02 
2.909394e-01 1.132320e+03 9.516053e+02 
2.939596e-01 1.106220e+03 9.325479e+02 
2.969798e-01 1.081450e+03 9.140228e+02 
3.000000e-01 1.058293e+03 8.960110e+02 
