1.000000e-03 3.024195e+03 3.024166e+03 
4.020202e-03 1.009777e+04 1.017619e+04 
7.040404e-03 1.473510e+04 1.482173e+04 
1.006061e-02 1.760364e+04 1.765061e+04 
1.308081e-02 1.919131e+04 1.917838e+04 
1.610101e-02 1.984701e+04 1.974859e+04 
1.912121e-02 1.983427e+04 1.963833e+04 
2.214141e-02 1.936184e+04 1.910433e+04 
2.516162e-02 1.859661e+04 1.835570e+04 
2.818182e-02 1.767252e+04 1.752707e+04 
3.120202e-02 1.669036e+04 1.668855e+04 
3.422222e-02 1.572269e+04 1.587140e+04 
3.724242e-02 1.481744e+04 1.508794e+04 
4.026263e-02 1.400152e+04 1.434237e+04 
4.328283e-02 1.327441e+04 1.363553e+04 
4.630303e-02 1.264521e+04 1.296689e+04 
4.932323e-02 1.211164e+04 1.233531e+04 
5.234343e-02 1.163927e+04 1.173936e+04 
5.536364e-02 1.120828e+04 1.117744e+04 
5.838384e-02 1.080538e+04 1.064786e+04 
6.140404e-02 1.041491e+04 1.014893e+04 
6.442424e-02 1.002486e+04 9.678915e+03 
6.744444e-02 9.627390e+03 9.236146e+03 
7.046465e-02 9.219388e+03 8.818983e+03 
7.348485e-02 8.802910e+03 8.425849e+03 
7.650505e-02 8.383776e+03 8.055239e+03 
7.952525e-02 7.970568e+03 7.705723e+03 
8.254545e-02 7.572089e+03 7.375950e+03 
8.556566e-02 7.195895e+03 7.064648e+03 
8.858586e-02 6.847122e+03 6.770625e+03 
9.160606e-02 6.529241e+03 6.492763e+03 
9.462626e-02 6.244371e+03 6.230019e+03 
9.764646e-02 5.993167e+03 5.981422e+03 
1.006667e-01 5.774158e+03 5.746063e+03 
1.036869e-01 5.584400e+03 5.523098e+03 
1.067071e-01 5.418230e+03 5.311743e+03 
1.097273e-01 5.269001e+03 5.111267e+03 
1.127475e-01 5.130019e+03 4.920989e+03 
1.157677e-01 4.995253e+03 4.740279e+03 
1.187879e-01 4.860594e+03 4.568548e+03 
1.218081e-01 4.723156e+03 4.405250e+03 
1.248283e-01 4.581848e+03 4.249875e+03 
1.278485e-01 4.436461e+03 4.101951e+03 
1.308687e-01 4.287786e+03 3.961036e+03 
1.338889e-01 4.137489e+03 3.826720e+03 
1.369091e-01 3.988065e+03 3.698619e+03 
1.399293e-01 3.842068e+03 3.576377e+03 
1.429495e-01 3.702002e+03 3.459660e+03 
1.459697e-01 3.569761e+03 3.348157e+03 
1.489899e-01 3.446794e+03 3.241579e+03 
1.520101e-01 3.333845e+03 3.139653e+03 
1.550303e-01 3.231259e+03 3.042126e+03 
1.580505e-01 3.138817e+03 2.948761e+03 
1.610707e-01 3.055889e+03 2.859334e+03 
1.640909e-01 2.981057e+03 2.773637e+03 
1.671111e-01 2.912606e+03 2.691476e+03 
1.701313e-01 2.848519e+03 2.612667e+03 
1.731515e-01 2.786949e+03 2.537038e+03 
1.761717e-01 2.726385e+03 2.464428e+03 
1.791919e-01 2.665756e+03 2.394685e+03 
1.822121e-01 2.604472e+03 2.327667e+03 
1.852323e-01 2.542255e+03 2.263239e+03 
1.882525e-01 2.479083e+03 2.201275e+03 
1.912727e-01 2.415217e+03 2.141656e+03 
1.942929e-01 2.351111e+03 2.084270e+03 
1.973131e-01 2.287471e+03 2.029011e+03 
2.003333e-01 2.225107e+03 1.975781e+03 
2.033535e-01 2.164819e+03 1.924483e+03 
2.063737e-01 2.107313e+03 1.875031e+03 
2.093939e-01 2.052982e+03 1.827339e+03 
2.124141e-01 2.002052e+03 1.781329e+03 
2.154343e-01 1.954506e+03 1.736925e+03 
2.184545e-01 1.910207e+03 1.694056e+03 
2.214747e-01 1.868871e+03 1.652656e+03 
2.244949e-01 1.830120e+03 1.612659e+03 
2.275152e-01 1.793473e+03 1.574006e+03 
2.305354e-01 1.758445e+03 1.536640e+03 
2.335556e-01 1.724559e+03 1.500505e+03 
2.365758e-01 1.691435e+03 1.465552e+03 
2.395960e-01 1.658769e+03 1.431729e+03 
2.426162e-01 1.626352e+03 1.398992e+03 
2.456364e-01 1.594035e+03 1.367296e+03 
2.486566e-01 1.561761e+03 1.336598e+03 
2.516768e-01 1.529534e+03 1.306858e+03 
2.546970e-01 1.497462e+03 1.278040e+03 
2.577172e-01 1.465720e+03 1.250105e+03 
2.607374e-01 1.434586e+03 1.223021e+03 
2.637576e-01 1.404320e+03 1.196753e+03 
2.667778e-01 1.375107e+03 1.171271e+03 
2.697980e-01 1.347061e+03 1.146544e+03 
2.728182e-01 1.320208e+03 1.122544e+03 
2.758384e-01 1.294524e+03 1.099245e+03 
2.788586e-01 1.269942e+03 1.076619e+03 
2.818788e-01 1.246406e+03 1.054642e+03 
2.848990e-01 1.223860e+03 1.033290e+03 
2.879192e-01 1.202207e+03 1.012540e+03 
2.909394e-01 1.181326e+03 9.923721e+02 
2.939596e-01 1.161066e+03 9.727638e+02 
2.969798e-01 1.141278e+03 9.536958e+02 
3.000000e-01 1.121836e+03 9.351491e+02 
