1.000000e-03 3.417502e+03 3.417468e+03 
4.020202e-03 1.135812e+04 1.144537e+04 
7.040404e-03 1.659268e+04 1.669899e+04 
1.006061e-02 1.984119e+04 1.993075e+04 
1.308081e-02 2.162267e+04 2.168431e+04 
1.610101e-02 2.231361e+04 2.230800e+04 
1.912121e-02 2.220717e+04 2.208532e+04 
2.214141e-02 2.154290e+04 2.131008e+04 
2.516162e-02 2.052050e+04 2.025674e+04 
2.818182e-02 1.930297e+04 1.912129e+04 
3.120202e-02 1.801888e+04 1.800939e+04 
3.422222e-02 1.676291e+04 1.696372e+04 
3.724242e-02 1.559852e+04 1.599470e+04 
4.026263e-02 1.456340e+04 1.509976e+04 
4.328283e-02 1.367151e+04 1.427241e+04 
4.630303e-02 1.291597e+04 1.350582e+04 
4.932323e-02 1.229556e+04 1.279382e+04 
5.234343e-02 1.178975e+04 1.213115e+04 
5.536364e-02 1.135894e+04 1.151335e+04 
5.838384e-02 1.098178e+04 1.093654e+04 
6.140404e-02 1.063667e+04 1.039735e+04 
6.442424e-02 1.030002e+04 9.892810e+03 
6.744444e-02 9.953986e+03 9.420232e+03 
7.046465e-02 9.586876e+03 8.977200e+03 
7.348485e-02 9.193472e+03 8.561515e+03 
7.650505e-02 8.775781e+03 8.171170e+03 
7.952525e-02 8.341592e+03 7.804324e+03 
8.254545e-02 7.901861e+03 7.459289e+03 
8.556566e-02 7.468626e+03 7.134513e+03 
8.858586e-02 7.052457e+03 6.828568e+03 
9.160606e-02 6.662402e+03 6.540140e+03 
9.462626e-02 6.305854e+03 6.268016e+03 
9.764646e-02 5.988175e+03 6.011080e+03 
1.006667e-01 5.712755e+03 5.768301e+03 
1.036869e-01 5.479878e+03 5.538729e+03 
1.067071e-01 5.286917e+03 5.321485e+03 
1.097273e-01 5.128252e+03 5.115759e+03 
1.127475e-01 4.996344e+03 4.920800e+03 
1.157677e-01 4.882648e+03 4.735916e+03 
1.187879e-01 4.779343e+03 4.560463e+03 
1.218081e-01 4.679366e+03 4.393848e+03 
1.248283e-01 4.577232e+03 4.235519e+03 
1.278485e-01 4.468679e+03 4.084965e+03 
1.308687e-01 4.351078e+03 3.941714e+03 
1.338889e-01 4.223385e+03 3.805323e+03 
1.369091e-01 4.086089e+03 3.675384e+03 
1.399293e-01 3.941211e+03 3.551516e+03 
1.429495e-01 3.791735e+03 3.433366e+03 
1.459697e-01 3.641353e+03 3.320604e+03 
1.489899e-01 3.493828e+03 3.212921e+03 
1.520101e-01 3.352521e+03 3.110033e+03 
1.550303e-01 3.220364e+03 3.011670e+03 
1.580505e-01 3.099700e+03 2.917585e+03 
1.610707e-01 2.991991e+03 2.827542e+03 
1.640909e-01 2.897861e+03 2.741324e+03 
1.671111e-01 2.816767e+03 2.658726e+03 
1.701313e-01 2.747430e+03 2.579558e+03 
1.731515e-01 2.687779e+03 2.503640e+03 
1.761717e-01 2.635481e+03 2.430803e+03 
1.791919e-01 2.588101e+03 2.360891e+03 
1.822121e-01 2.543370e+03 2.293755e+03 
1.852323e-01 2.499276e+03 2.229256e+03 
1.882525e-01 2.454095e+03 2.167263e+03 
1.912727e-01 2.406398e+03 2.107654e+03 
1.942929e-01 2.355376e+03 2.050312e+03 
1.973131e-01 2.300671e+03 1.995128e+03 
2.003333e-01 2.242625e+03 1.942000e+03 
2.033535e-01 2.181971e+03 1.890830e+03 
2.063737e-01 2.119909e+03 1.841528e+03 
2.093939e-01 2.057682e+03 1.794006e+03 
2.124141e-01 1.996521e+03 1.748184e+03 
2.154343e-01 1.937517e+03 1.703985e+03 
2.184545e-01 1.881628e+03 1.661335e+03 
2.214747e-01 1.829552e+03 1.620166e+03 
2.244949e-01 1.781784e+03 1.580412e+03 
2.275152e-01 1.738488e+03 1.542012e+03 
2.305354e-01 1.699580e+03 1.504907e+03 
2.335556e-01 1.664663e+03 1.469041e+03 
2.365758e-01 1.633161e+03 1.434363e+03 
2.395960e-01 1.604357e+03 1.400822e+03 
2.426162e-01 1.577520e+03 1.368370e+03 
2.456364e-01 1.551929e+03 1.336964e+03 
2.486566e-01 1.526925e+03 1.306559e+03 
2.516768e-01 1.501903e+03 1.277115e+03 
2.546970e-01 1.476349e+03 1.248595e+03 
2.577172e-01 1.449896e+03 1.220960e+03 
2.607374e-01 1.422382e+03 1.194176e+03 
2.637576e-01 1.393863e+03 1.168209e+03 
2.667778e-01 1.364585e+03 1.143028e+03 
2.697980e-01 1.334915e+03 1.118602e+03 
2.728182e-01 1.305274e+03 1.094903e+03 
2.758384e-01 1.276047e+03 1.071903e+03 
2.788586e-01 1.247579e+03 1.049576e+03 
2.818788e-01 1.220130e+03 1.027897e+03 
2.848990e-01 1.193922e+03 1.006841e+03 
2.879192e-01 1.169134e+03 9.863857e+02 
2.909394e-01 1.145882e+03 9.665097e+02 
2.939596e-01 1.124221e+03 9.471917e+02 
2.969798e-01 1.104082e+03 9.284117e+02 
3.000000e-01 1.085325e+03 9.101507e+02 
