1.000000e-03 3.244679e+03 3.244646e+03 
4.020202e-03 1.107395e+04 1.116009e+04 
7.040404e-03 1.638943e+04 1.650246e+04 
1.006061e-02 1.977832e+04 1.988886e+04 
1.308081e-02 2.170418e+04 2.180879e+04 
1.610101e-02 2.251590e+04 2.257651e+04 
1.912121e-02 2.249249e+04 2.244218e+04 
2.214141e-02 2.186740e+04 2.167842e+04 
2.516162e-02 2.084186e+04 2.056883e+04 
2.818182e-02 1.958361e+04 1.934093e+04 
3.120202e-02 1.822928e+04 1.813124e+04 
3.422222e-02 1.688340e+04 1.700027e+04 
3.724242e-02 1.561946e+04 1.596447e+04 
4.026263e-02 1.448450e+04 1.502070e+04 
4.328283e-02 1.350146e+04 1.415945e+04 
4.630303e-02 1.266787e+04 1.337043e+04 
4.932323e-02 1.198610e+04 1.264450e+04 
5.234343e-02 1.144456e+04 1.197404e+04 
5.536364e-02 1.100540e+04 1.135280e+04 
5.838384e-02 1.064150e+04 1.077562e+04 
6.140404e-02 1.032955e+04 1.023818e+04 
6.442424e-02 1.004520e+04 9.736826e+03 
6.744444e-02 9.764816e+03 9.268393e+03 
7.046465e-02 9.469795e+03 8.830115e+03 
7.348485e-02 9.148116e+03 8.419544e+03 
7.650505e-02 8.794545e+03 8.034497e+03 
7.952525e-02 8.410325e+03 7.673007e+03 
8.254545e-02 8.002208e+03 7.333297e+03 
8.556566e-02 7.581067e+03 7.013755e+03 
8.858586e-02 7.158620e+03 6.712910e+03 
9.160606e-02 6.746388e+03 6.429420e+03 
9.462626e-02 6.355007e+03 6.162057e+03 
9.764646e-02 5.993350e+03 5.909693e+03 
1.006667e-01 5.668865e+03 5.671294e+03 
1.036869e-01 5.386131e+03 5.445910e+03 
1.067071e-01 5.147406e+03 5.232664e+03 
1.097273e-01 4.951085e+03 5.030749e+03 
1.127475e-01 4.793203e+03 4.839421e+03 
1.157677e-01 4.667164e+03 4.657994e+03 
1.187879e-01 4.565467e+03 4.485832e+03 
1.218081e-01 4.480058e+03 4.322348e+03 
1.248283e-01 4.403537e+03 4.166999e+03 
1.278485e-01 4.329084e+03 4.019280e+03 
1.308687e-01 4.251072e+03 3.878725e+03 
1.338889e-01 4.164830e+03 3.744901e+03 
1.369091e-01 4.067402e+03 3.617404e+03 
1.399293e-01 3.957297e+03 3.495862e+03 
1.429495e-01 3.835012e+03 3.379926e+03 
1.459697e-01 3.702403e+03 3.269272e+03 
1.489899e-01 3.562557e+03 3.163599e+03 
1.520101e-01 3.419168e+03 3.062626e+03 
1.550303e-01 3.276236e+03 2.966089e+03 
1.580505e-01 3.137551e+03 2.873744e+03 
1.610707e-01 3.006625e+03 2.785362e+03 
1.640909e-01 2.886290e+03 2.700730e+03 
1.671111e-01 2.778682e+03 2.619646e+03 
1.701313e-01 2.684860e+03 2.541924e+03 
1.731515e-01 2.604929e+03 2.467387e+03 
1.761717e-01 2.538004e+03 2.395871e+03 
1.791919e-01 2.482434e+03 2.327221e+03 
1.822121e-01 2.436060e+03 2.261293e+03 
1.852323e-01 2.396560e+03 2.197949e+03 
1.882525e-01 2.361562e+03 2.137062e+03 
1.912727e-01 2.328738e+03 2.078512e+03 
1.942929e-01 2.295902e+03 2.022184e+03 
1.973131e-01 2.261160e+03 1.967972e+03 
2.003333e-01 2.223030e+03 1.915776e+03 
2.033535e-01 2.180545e+03 1.865500e+03 
2.063737e-01 2.133400e+03 1.817055e+03 
2.093939e-01 2.081837e+03 1.770356e+03 
2.124141e-01 2.026689e+03 1.725323e+03 
2.154343e-01 1.969087e+03 1.681882e+03 
2.184545e-01 1.910337e+03 1.639960e+03 
2.214747e-01 1.851773e+03 1.599490e+03 
2.244949e-01 1.794682e+03 1.560408e+03 
2.275152e-01 1.740224e+03 1.522654e+03 
2.305354e-01 1.689375e+03 1.486171e+03 
2.335556e-01 1.642814e+03 1.450903e+03 
2.365758e-01 1.600940e+03 1.416800e+03 
2.395960e-01 1.563781e+03 1.383813e+03 
2.426162e-01 1.531127e+03 1.351895e+03 
2.456364e-01 1.502501e+03 1.321002e+03 
2.486566e-01 1.477295e+03 1.291092e+03 
2.516768e-01 1.454767e+03 1.262125e+03 
2.546970e-01 1.434132e+03 1.234063e+03 
2.577172e-01 1.414569e+03 1.206871e+03 
2.607374e-01 1.395287e+03 1.180514e+03 
2.637576e-01 1.375540e+03 1.154960e+03 
2.667778e-01 1.354785e+03 1.130176e+03 
2.697980e-01 1.332640e+03 1.106135e+03 
2.728182e-01 1.309011e+03 1.082806e+03 
2.758384e-01 1.283967e+03 1.060164e+03 
2.788586e-01 1.257789e+03 1.038182e+03 
2.818788e-01 1.230821e+03 1.016836e+03 
2.848990e-01 1.203454e+03 9.961024e+02 
2.879192e-01 1.176087e+03 9.759589e+02 
2.909394e-01 1.149127e+03 9.563840e+02 
2.939596e-01 1.122957e+03 9.373572e+02 
2.969798e-01 1.097935e+03 9.188589e+02 
3.000000e-01 1.074356e+03 9.008703e+02 
