1.000000e-03 3.656643e+03 3.656607e+03 
4.020202e-03 1.229872e+04 1.239356e+04 
7.040404e-03 1.808829e+04 1.821321e+04 
1.006061e-02 2.172946e+04 2.185770e+04 
1.308081e-02 2.374854e+04 2.387976e+04 
1.610101e-02 2.453776e+04 2.462615e+04 
1.912121e-02 2.440928e+04 2.437425e+04 
2.214141e-02 2.362623e+04 2.343248e+04 
2.516162e-02 2.241347e+04 2.212357e+04 
2.818182e-02 2.095907e+04 2.070433e+04 
3.120202e-02 1.941512e+04 1.932553e+04 
3.422222e-02 1.789669e+04 1.805081e+04 
3.724242e-02 1.648337e+04 1.689436e+04 
4.026263e-02 1.522580e+04 1.584918e+04 
4.328283e-02 1.414343e+04 1.490203e+04 
4.630303e-02 1.323416e+04 1.403952e+04 
4.932323e-02 1.250221e+04 1.325011e+04 
5.234343e-02 1.192377e+04 1.252431e+04 
5.536364e-02 1.145846e+04 1.185445e+04 
5.838384e-02 1.107667e+04 1.123426e+04 
6.140404e-02 1.075205e+04 1.065858e+04 
6.442424e-02 1.045739e+04 1.012303e+04 
6.744444e-02 1.016456e+04 9.623915e+03 
7.046465e-02 9.853420e+03 9.157996e+03 
7.348485e-02 9.511080e+03 8.722448e+03 
7.650505e-02 9.131768e+03 8.314765e+03 
7.952525e-02 8.717948e+03 7.932709e+03 
8.254545e-02 8.278075e+03 7.574272e+03 
8.556566e-02 7.824261e+03 7.237639e+03 
8.858586e-02 7.369851e+03 6.921168e+03 
9.160606e-02 6.927663e+03 6.623364e+03 
9.462626e-02 6.509281e+03 6.342866e+03 
9.764646e-02 6.124817e+03 6.078432e+03 
1.006667e-01 5.782055e+03 5.828923e+03 
1.036869e-01 5.486409e+03 5.593298e+03 
1.067071e-01 5.239142e+03 5.370599e+03 
1.097273e-01 5.038644e+03 5.159949e+03 
1.127475e-01 4.879417e+03 4.960538e+03 
1.157677e-01 4.754286e+03 4.771621e+03 
1.187879e-01 4.654592e+03 4.592513e+03 
1.218081e-01 4.571708e+03 4.422579e+03 
1.248283e-01 4.497330e+03 4.261235e+03 
1.278485e-01 4.424195e+03 4.107938e+03 
1.308687e-01 4.345951e+03 3.962188e+03 
1.338889e-01 4.257850e+03 3.823520e+03 
1.369091e-01 4.156490e+03 3.691504e+03 
1.399293e-01 4.040756e+03 3.565741e+03 
1.429495e-01 3.911189e+03 3.445859e+03 
1.459697e-01 3.770250e+03 3.331515e+03 
1.489899e-01 3.621451e+03 3.222386e+03 
1.520101e-01 3.469066e+03 3.118174e+03 
1.550303e-01 3.317565e+03 3.018601e+03 
1.580505e-01 3.171356e+03 2.923407e+03 
1.610707e-01 3.034284e+03 2.832350e+03 
1.640909e-01 2.909513e+03 2.745203e+03 
1.671111e-01 2.799076e+03 2.661754e+03 
1.701313e-01 2.703918e+03 2.581807e+03 
1.731515e-01 2.623850e+03 2.505175e+03 
1.761717e-01 2.557666e+03 2.431685e+03 
1.791919e-01 2.503486e+03 2.361175e+03 
1.822121e-01 2.458955e+03 2.293491e+03 
1.852323e-01 2.421516e+03 2.228491e+03 
1.882525e-01 2.388507e+03 2.166040e+03 
1.912727e-01 2.357307e+03 2.106012e+03 
1.942929e-01 2.325415e+03 2.048287e+03 
1.973131e-01 2.290764e+03 1.992754e+03 
2.003333e-01 2.251743e+03 1.939307e+03 
2.033535e-01 2.207562e+03 1.887847e+03 
2.063737e-01 2.158000e+03 1.838280e+03 
2.093939e-01 2.103603e+03 1.790519e+03 
2.124141e-01 2.045312e+03 1.744479e+03 
2.154343e-01 1.984490e+03 1.700081e+03 
2.184545e-01 1.922589e+03 1.657253e+03 
2.214747e-01 1.861098e+03 1.615922e+03 
2.244949e-01 1.801450e+03 1.576023e+03 
2.275152e-01 1.744989e+03 1.537493e+03 
2.305354e-01 1.692733e+03 1.500272e+03 
2.335556e-01 1.645427e+03 1.464303e+03 
2.365758e-01 1.603364e+03 1.429532e+03 
2.395960e-01 1.566527e+03 1.395910e+03 
2.426162e-01 1.534552e+03 1.363388e+03 
2.456364e-01 1.506868e+03 1.331919e+03 
2.486566e-01 1.482743e+03 1.301461e+03 
2.516768e-01 1.461327e+03 1.271973e+03 
2.546970e-01 1.441708e+03 1.243414e+03 
2.577172e-01 1.422939e+03 1.215748e+03 
2.607374e-01 1.404117e+03 1.188939e+03 
2.637576e-01 1.384461e+03 1.162953e+03 
2.667778e-01 1.363403e+03 1.137758e+03 
2.697980e-01 1.340623e+03 1.113324e+03 
2.728182e-01 1.316087e+03 1.089621e+03 
2.758384e-01 1.289962e+03 1.066620e+03 
2.788586e-01 1.262581e+03 1.044297e+03 
2.818788e-01 1.234347e+03 1.022625e+03 
2.848990e-01 1.205720e+03 1.001579e+03 
2.879192e-01 1.177170e+03 9.811376e+02 
2.909394e-01 1.149162e+03 9.612777e+02 
2.939596e-01 1.122147e+03 9.419785e+02 
2.969798e-01 1.096541e+03 9.232196e+02 
3.000000e-01 1.072654e+03 9.049818e+02 
