1.000000e-03 4.229757e+03 4.229708e+03 
4.020202e-03 1.400711e+04 1.411542e+04 
7.040404e-03 2.040563e+04 2.054599e+04 
1.006061e-02 2.432292e+04 2.446847e+04 
1.308081e-02 2.639654e+04 2.654799e+04 
1.610101e-02 2.709029e+04 2.719172e+04 
1.912121e-02 2.676835e+04 2.672313e+04 
2.214141e-02 2.573525e+04 2.550174e+04 
2.516162e-02 2.424667e+04 2.390067e+04 
2.818182e-02 2.251690e+04 2.221173e+04 
3.120202e-02 2.071564e+04 2.060079e+04 
3.422222e-02 1.896971e+04 1.913283e+04 
3.724242e-02 1.736485e+04 1.781720e+04 
4.026263e-02 1.595318e+04 1.664068e+04 
4.328283e-02 1.475091e+04 1.558433e+04 
4.630303e-02 1.375358e+04 1.463020e+04 
4.932323e-02 1.296300e+04 1.376319e+04 
5.234343e-02 1.234574e+04 1.297113e+04 
5.536364e-02 1.185684e+04 1.224428e+04 
5.838384e-02 1.146464e+04 1.157477e+04 
6.140404e-02 1.113488e+04 1.095617e+04 
6.442424e-02 1.083397e+04 1.038313e+04 
6.744444e-02 1.053258e+04 9.851121e+03 
7.046465e-02 1.020920e+04 9.356262e+03 
7.348485e-02 9.849658e+03 8.895176e+03 
7.650505e-02 9.447738e+03 8.464904e+03 
7.952525e-02 9.006241e+03 8.062826e+03 
8.254545e-02 8.534613e+03 7.686608e+03 
8.556566e-02 8.046217e+03 7.334160e+03 
8.858586e-02 7.556293e+03 7.003601e+03 
9.160606e-02 7.079852e+03 6.693234e+03 
9.462626e-02 6.630496e+03 6.401519e+03 
9.764646e-02 6.220228e+03 6.127060e+03 
1.006667e-01 5.857480e+03 5.868586e+03 
1.036869e-01 5.547750e+03 5.624937e+03 
1.067071e-01 5.291683e+03 5.395054e+03 
1.097273e-01 5.086722e+03 5.177968e+03 
1.127475e-01 4.926419e+03 4.972791e+03 
1.157677e-01 4.802712e+03 4.778708e+03 
1.187879e-01 4.706371e+03 4.594970e+03 
1.218081e-01 4.628105e+03 4.420889e+03 
1.248283e-01 4.558793e+03 4.255829e+03 
1.278485e-01 4.490128e+03 4.099206e+03 
1.308687e-01 4.414786e+03 3.950480e+03 
1.338889e-01 4.327130e+03 3.809153e+03 
1.369091e-01 4.223720e+03 3.674762e+03 
1.399293e-01 4.103465e+03 3.546881e+03 
1.429495e-01 3.967609e+03 3.425114e+03 
1.459697e-01 3.818950e+03 3.309094e+03 
1.489899e-01 3.661661e+03 3.198479e+03 
1.520101e-01 3.500442e+03 3.092953e+03 
1.550303e-01 3.340288e+03 2.992221e+03 
1.580505e-01 3.185983e+03 2.896009e+03 
1.610707e-01 3.041931e+03 2.804061e+03 
1.640909e-01 2.911560e+03 2.716140e+03 
1.671111e-01 2.797369e+03 2.632022e+03 
1.701313e-01 2.700105e+03 2.551500e+03 
1.731515e-01 2.619461e+03 2.474380e+03 
1.761717e-01 2.553865e+03 2.400480e+03 
1.791919e-01 2.501150e+03 2.329631e+03 
1.822121e-01 2.458632e+03 2.261673e+03 
1.852323e-01 2.423465e+03 2.196456e+03 
1.882525e-01 2.392728e+03 2.133842e+03 
1.912727e-01 2.363583e+03 2.073699e+03 
1.942929e-01 2.333352e+03 2.015902e+03 
1.973131e-01 2.299721e+03 1.960336e+03 
2.003333e-01 2.260961e+03 1.906893e+03 
2.033535e-01 2.216120e+03 1.855468e+03 
2.063737e-01 2.165120e+03 1.805966e+03 
2.093939e-01 2.108575e+03 1.758296e+03 
2.124141e-01 2.047706e+03 1.712370e+03 
2.154343e-01 1.984023e+03 1.668109e+03 
2.184545e-01 1.919238e+03 1.625436e+03 
2.214747e-01 1.855057e+03 1.584277e+03 
2.244949e-01 1.793107e+03 1.544566e+03 
2.275152e-01 1.734749e+03 1.506237e+03 
2.305354e-01 1.681081e+03 1.469229e+03 
2.335556e-01 1.632778e+03 1.433485e+03 
2.365758e-01 1.590211e+03 1.398949e+03 
2.395960e-01 1.553316e+03 1.365569e+03 
2.426162e-01 1.521750e+03 1.333296e+03 
2.456364e-01 1.494857e+03 1.302084e+03 
2.486566e-01 1.471783e+03 1.271888e+03 
2.516768e-01 1.451520e+03 1.242666e+03 
2.546970e-01 1.432983e+03 1.214378e+03 
2.577172e-01 1.415085e+03 1.186986e+03 
2.607374e-01 1.396859e+03 1.160454e+03 
2.637576e-01 1.377504e+03 1.134747e+03 
2.667778e-01 1.356489e+03 1.109833e+03 
2.697980e-01 1.333546e+03 1.085680e+03 
2.728182e-01 1.308653e+03 1.062259e+03 
2.758384e-01 1.281994e+03 1.039542e+03 
2.788586e-01 1.253887e+03 1.017502e+03 
2.818788e-01 1.224773e+03 9.961122e+02 
2.848990e-01 1.195164e+03 9.753490e+02 
2.879192e-01 1.165647e+03 9.551888e+02 
2.909394e-01 1.136798e+03 9.356093e+02 
2.939596e-01 1.109162e+03 9.165891e+02 
2.969798e-01 1.083154e+03 8.981078e+02 
3.000000e-01 1.059084e+03 8.801460e+02 
