1.000000e-03 6.989584e+03 6.989502e+03 
4.020202e-03 2.311972e+04 2.330142e+04 
7.040404e-03 3.353783e+04 3.380213e+04 
1.006061e-02 3.973184e+04 4.009691e+04 
1.308081e-02 4.275266e+04 4.327625e+04 
1.610101e-02 4.337085e+04 4.395212e+04 
1.912121e-02 4.220531e+04 4.257356e+04 
2.214141e-02 3.978962e+04 3.970016e+04 
2.516162e-02 3.658684e+04 3.603379e+04 
2.818182e-02 3.299286e+04 3.222543e+04 
3.120202e-02 2.932700e+04 2.869688e+04 
3.422222e-02 2.582832e+04 2.562363e+04 
3.724242e-02 2.265879e+04 2.302067e+04 
4.026263e-02 1.991254e+04 2.083157e+04 
4.328283e-02 1.761164e+04 1.898238e+04 
4.630303e-02 1.575826e+04 1.740498e+04 
4.932323e-02 1.433457e+04 1.604387e+04 
5.234343e-02 1.327632e+04 1.485604e+04 
5.536364e-02 1.251992e+04 1.380877e+04 
5.838384e-02 1.200277e+04 1.287715e+04 
6.140404e-02 1.166095e+04 1.204210e+04 
6.442424e-02 1.143357e+04 1.128876e+04 
6.744444e-02 1.126606e+04 1.060543e+04 
7.046465e-02 1.110993e+04 9.982729e+03 
7.348485e-02 1.092279e+04 9.413013e+03 
7.650505e-02 1.067140e+04 8.889976e+03 
7.952525e-02 1.033495e+04 8.408345e+03 
8.254545e-02 9.906295e+03 7.963654e+03 
8.556566e-02 9.391953e+03 7.552091e+03 
8.858586e-02 8.809321e+03 7.170365e+03 
9.160606e-02 8.182828e+03 6.815615e+03 
9.462626e-02 7.540565e+03 6.485340e+03 
9.764646e-02 6.910106e+03 6.177336e+03 
1.006667e-01 6.317055e+03 5.889654e+03 
1.036869e-01 5.780835e+03 5.620559e+03 
1.067071e-01 5.315377e+03 5.368505e+03 
1.097273e-01 4.927543e+03 5.132106e+03 
1.127475e-01 4.618761e+03 4.910115e+03 
1.157677e-01 4.386065e+03 4.701410e+03 
1.187879e-01 4.222550e+03 4.504974e+03 
1.218081e-01 4.119115e+03 4.319889e+03 
1.248283e-01 4.064625e+03 4.145318e+03 
1.278485e-01 4.046643e+03 3.980502e+03 
1.308687e-01 4.051639e+03 3.824746e+03 
1.338889e-01 4.066154e+03 3.677419e+03 
1.369091e-01 4.077285e+03 3.537941e+03 
1.399293e-01 4.074028e+03 3.405779e+03 
1.429495e-01 4.047417e+03 3.280448e+03 
1.459697e-01 3.991304e+03 3.161498e+03 
1.489899e-01 3.902566e+03 3.048518e+03 
1.520101e-01 3.780847e+03 2.941126e+03 
1.550303e-01 3.629478e+03 2.838972e+03 
1.580505e-01 3.454209e+03 2.741732e+03 
1.610707e-01 3.263530e+03 2.649105e+03 
1.640909e-01 3.066685e+03 2.560814e+03 
1.671111e-01 2.873100e+03 2.476601e+03 
1.701313e-01 2.690560e+03 2.396226e+03 
1.731515e-01 2.525314e+03 2.319468e+03 
1.761717e-01 2.381116e+03 2.246119e+03 
1.791919e-01 2.260209e+03 2.175988e+03 
1.822121e-01 2.163245e+03 2.108894e+03 
1.852323e-01 2.089811e+03 2.044672e+03 
1.882525e-01 2.038590e+03 1.983163e+03 
1.912727e-01 2.007097e+03 1.924224e+03 
1.942929e-01 1.992034e+03 1.867716e+03 
1.973131e-01 1.989136e+03 1.813514e+03 
2.003333e-01 1.993749e+03 1.761496e+03 
2.033535e-01 2.001008e+03 1.711551e+03 
2.063737e-01 2.006485e+03 1.663574e+03 
2.093939e-01 2.006249e+03 1.617466e+03 
2.124141e-01 1.997353e+03 1.573134e+03 
2.154343e-01 1.977652e+03 1.530492e+03 
2.184545e-01 1.945984e+03 1.489457e+03 
2.214747e-01 1.902260e+03 1.449952e+03 
2.244949e-01 1.847316e+03 1.411905e+03 
2.275152e-01 1.783079e+03 1.375246e+03 
2.305354e-01 1.712089e+03 1.339912e+03 
2.335556e-01 1.637462e+03 1.305841e+03 
2.365758e-01 1.562313e+03 1.272976e+03 
2.395960e-01 1.489608e+03 1.241263e+03 
2.426162e-01 1.421744e+03 1.210649e+03 
2.456364e-01 1.360645e+03 1.181086e+03 
2.486566e-01 1.307564e+03 1.152529e+03 
2.516768e-01 1.263254e+03 1.124933e+03 
2.546970e-01 1.227890e+03 1.098258e+03 
2.577172e-01 1.201154e+03 1.072464e+03 
2.607374e-01 1.182313e+03 1.047514e+03 
2.637576e-01 1.170155e+03 1.023372e+03 
2.667778e-01 1.163215e+03 1.000006e+03 
2.697980e-01 1.159821e+03 9.773832e+02 
2.728182e-01 1.158278e+03 9.554737e+02 
2.758384e-01 1.156923e+03 9.342488e+02 
2.788586e-01 1.154274e+03 9.136811e+02 
2.818788e-01 1.149031e+03 8.937446e+02 
2.848990e-01 1.140211e+03 8.744146e+02 
2.879192e-01 1.127129e+03 8.556676e+02 
2.909394e-01 1.109477e+03 8.374809e+02 
2.939596e-01 1.087364e+03 8.198333e+02 
2.969798e-01 1.061241e+03 8.027043e+02 
3.000000e-01 1.031943e+03 7.860745e+02 
