1.000000e-03 3.152037e+03 3.152005e+03 
4.020202e-03 1.054596e+04 1.062710e+04 
7.040404e-03 1.541281e+04 1.550614e+04 
1.006061e-02 1.842681e+04 1.848995e+04 
1.308081e-02 2.008402e+04 2.010039e+04 
1.610101e-02 2.074396e+04 2.068078e+04 
1.912121e-02 2.068243e+04 2.051248e+04 
2.214141e-02 2.012154e+04 1.987130e+04 
2.516162e-02 1.924382e+04 1.899532e+04 
2.818182e-02 1.819477e+04 1.804339e+04 
3.120202e-02 1.708787e+04 1.709798e+04 
3.422222e-02 1.600496e+04 1.619329e+04 
3.724242e-02 1.499971e+04 1.533992e+04 
4.026263e-02 1.410254e+04 1.453890e+04 
4.328283e-02 1.332453e+04 1.378799e+04 
4.630303e-02 1.265875e+04 1.308409e+04 
4.932323e-02 1.209697e+04 1.242406e+04 
5.234343e-02 1.162359e+04 1.180495e+04 
5.536364e-02 1.120533e+04 1.122404e+04 
5.838384e-02 1.082159e+04 1.067879e+04 
6.140404e-02 1.045715e+04 1.016683e+04 
6.442424e-02 1.009284e+04 9.685961e+03 
6.744444e-02 9.716828e+03 9.234101e+03 
7.046465e-02 9.323476e+03 8.809309e+03 
7.348485e-02 8.912364e+03 8.409764e+03 
7.650505e-02 8.488943e+03 8.033764e+03 
7.952525e-02 8.062201e+03 7.679719e+03 
8.254545e-02 7.642860e+03 7.346147e+03 
8.556566e-02 7.240580e+03 7.031668e+03 
8.858586e-02 6.863241e+03 6.734997e+03 
9.160606e-02 6.516816e+03 6.454943e+03 
9.462626e-02 6.205657e+03 6.190398e+03 
9.764646e-02 5.932129e+03 5.940336e+03 
1.006667e-01 5.696810e+03 5.703802e+03 
1.036869e-01 5.497064e+03 5.479914e+03 
1.067071e-01 5.328050e+03 5.267852e+03 
1.097273e-01 5.182779e+03 5.066857e+03 
1.127475e-01 5.053565e+03 4.876223e+03 
1.157677e-01 4.933092e+03 4.695296e+03 
1.187879e-01 4.814993e+03 4.523471e+03 
1.218081e-01 4.694868e+03 4.360184e+03 
1.248283e-01 4.569601e+03 4.204912e+03 
1.278485e-01 4.437580e+03 4.057169e+03 
1.308687e-01 4.298526e+03 3.916502e+03 
1.338889e-01 4.153398e+03 3.782492e+03 
1.369091e-01 4.004446e+03 3.654747e+03 
1.399293e-01 3.854679e+03 3.532903e+03 
1.429495e-01 3.707247e+03 3.416620e+03 
1.459697e-01 3.565192e+03 3.305582e+03 
1.489899e-01 3.430959e+03 3.199493e+03 
1.520101e-01 3.306566e+03 3.098078e+03 
1.550303e-01 3.193357e+03 3.001078e+03 
1.580505e-01 3.092062e+03 2.908253e+03 
1.610707e-01 3.002623e+03 2.819377e+03 
1.640909e-01 2.924165e+03 2.734241e+03 
1.671111e-01 2.855069e+03 2.652645e+03 
1.701313e-01 2.793237e+03 2.574405e+03 
1.731515e-01 2.736340e+03 2.499347e+03 
1.761717e-01 2.682291e+03 2.427309e+03 
1.791919e-01 2.629228e+03 2.358136e+03 
1.822121e-01 2.575815e+03 2.291687e+03 
1.852323e-01 2.521011e+03 2.227824e+03 
1.882525e-01 2.464193e+03 2.166422e+03 
1.912727e-01 2.405109e+03 2.107360e+03 
1.942929e-01 2.343974e+03 2.050526e+03 
1.973131e-01 2.281366e+03 1.995813e+03 
2.003333e-01 2.218181e+03 1.943122e+03 
2.033535e-01 2.155491e+03 1.892358e+03 
2.063737e-01 2.094426e+03 1.843431e+03 
2.093939e-01 2.035851e+03 1.796258e+03 
2.124141e-01 1.980462e+03 1.750758e+03 
2.154343e-01 1.928685e+03 1.706858e+03 
2.184545e-01 1.880772e+03 1.664484e+03 
2.214747e-01 1.836718e+03 1.623570e+03 
2.244949e-01 1.796338e+03 1.584053e+03 
2.275152e-01 1.759233e+03 1.545871e+03 
2.305354e-01 1.724879e+03 1.508967e+03 
2.335556e-01 1.692651e+03 1.473288e+03 
2.365758e-01 1.661938e+03 1.438781e+03 
2.395960e-01 1.632153e+03 1.405397e+03 
2.426162e-01 1.602831e+03 1.373090e+03 
2.456364e-01 1.573577e+03 1.341816e+03 
2.486566e-01 1.544093e+03 1.311533e+03 
2.516768e-01 1.514168e+03 1.282200e+03 
2.546970e-01 1.483750e+03 1.253781e+03 
2.577172e-01 1.452928e+03 1.226238e+03 
2.607374e-01 1.421973e+03 1.199537e+03 
2.637576e-01 1.391211e+03 1.173646e+03 
2.667778e-01 1.361003e+03 1.148533e+03 
2.697980e-01 1.331632e+03 1.124169e+03 
2.728182e-01 1.303316e+03 1.100524e+03 
2.758384e-01 1.276188e+03 1.077573e+03 
2.788586e-01 1.250332e+03 1.055288e+03 
2.818788e-01 1.225775e+03 1.033646e+03 
2.848990e-01 1.202520e+03 1.012622e+03 
2.879192e-01 1.180541e+03 9.921948e+02 
2.909394e-01 1.159749e+03 9.723419e+02 
2.939596e-01 1.139966e+03 9.530429e+02 
2.969798e-01 1.120991e+03 9.342781e+02 
3.000000e-01 1.102607e+03 9.160286e+02 
