1.000000e-03 5.186169e+03 5.186118e+03 
4.020202e-03 1.746803e+04 1.760481e+04 
7.040404e-03 2.561897e+04 2.581456e+04 
1.006061e-02 3.063566e+04 3.088724e+04 
1.308081e-02 3.326783e+04 3.360619e+04 
1.610101e-02 3.407535e+04 3.443159e+04 
1.912121e-02 3.351415e+04 3.371032e+04 
2.214141e-02 3.197488e+04 3.186247e+04 
2.516162e-02 2.980047e+04 2.939645e+04 
2.818182e-02 2.728316e+04 2.677362e+04 
3.120202e-02 2.466206e+04 2.429232e+04 
3.422222e-02 2.211899e+04 2.208267e+04 
3.724242e-02 1.978012e+04 2.016607e+04 
4.026263e-02 1.772448e+04 1.851441e+04 
4.328283e-02 1.597781e+04 1.708555e+04 
4.630303e-02 1.454394e+04 1.583904e+04 
4.932323e-02 1.342213e+04 1.474112e+04 
5.234343e-02 1.256979e+04 1.376509e+04 
5.536364e-02 1.193678e+04 1.289024e+04 
5.838384e-02 1.147720e+04 1.210055e+04 
6.140404e-02 1.114630e+04 1.138348e+04 
6.442424e-02 1.089676e+04 1.072908e+04 
6.744444e-02 1.068436e+04 1.012938e+04 
7.046465e-02 1.047243e+04 9.577818e+03 
7.348485e-02 1.023061e+04 9.068987e+03 
7.650505e-02 9.936996e+03 8.598318e+03 
7.952525e-02 9.579422e+03 8.161926e+03 
8.254545e-02 9.156647e+03 7.756464e+03 
8.556566e-02 8.676836e+03 7.379028e+03 
8.858586e-02 8.154712e+03 7.027074e+03 
9.160606e-02 7.609269e+03 6.698361e+03 
9.462626e-02 7.061532e+03 6.390901e+03 
9.764646e-02 6.532005e+03 6.102925e+03 
1.006667e-01 6.039018e+03 5.832847e+03 
1.036869e-01 5.596889e+03 5.579247e+03 
1.067071e-01 5.215560e+03 5.340840e+03 
1.097273e-01 4.898894e+03 5.116469e+03 
1.127475e-01 4.646753e+03 4.905085e+03 
1.157677e-01 4.454734e+03 4.705731e+03 
1.187879e-01 4.316301e+03 4.517542e+03 
1.218081e-01 4.222883e+03 4.339724e+03 
1.248283e-01 4.164747e+03 4.171554e+03 
1.278485e-01 4.131277e+03 4.012370e+03 
1.308687e-01 4.111391e+03 3.861563e+03 
1.338889e-01 4.094151e+03 3.718576e+03 
1.369091e-01 4.069686e+03 3.582897e+03 
1.399293e-01 4.029813e+03 3.454051e+03 
1.429495e-01 3.968700e+03 3.331605e+03 
1.459697e-01 3.883392e+03 3.215156e+03 
1.489899e-01 3.773318e+03 3.104331e+03 
1.520101e-01 3.640467e+03 2.998788e+03 
1.550303e-01 3.488468e+03 2.898208e+03 
1.580505e-01 3.322905e+03 2.802294e+03 
1.610707e-01 3.150294e+03 2.710774e+03 
1.640909e-01 2.977864e+03 2.623391e+03 
1.671111e-01 2.812297e+03 2.539909e+03 
1.701313e-01 2.659500e+03 2.460107e+03 
1.731515e-01 2.523424e+03 2.383779e+03 
1.761717e-01 2.406663e+03 2.310734e+03 
1.791919e-01 2.310048e+03 2.240793e+03 
1.822121e-01 2.233278e+03 2.173788e+03 
1.852323e-01 2.175019e+03 2.109562e+03 
1.882525e-01 2.133276e+03 2.047969e+03 
1.912727e-01 2.105552e+03 1.988873e+03 
1.942929e-01 2.088655e+03 1.932145e+03 
1.973131e-01 2.079021e+03 1.877663e+03 
2.003333e-01 2.072730e+03 1.825316e+03 
2.033535e-01 2.066021e+03 1.774996e+03 
2.063737e-01 2.055425e+03 1.726604e+03 
2.093939e-01 2.038322e+03 1.680047e+03 
2.124141e-01 2.012807e+03 1.635234e+03 
2.154343e-01 1.978121e+03 1.592084e+03 
2.184545e-01 1.934247e+03 1.550518e+03 
2.214747e-01 1.882005e+03 1.510462e+03 
2.244949e-01 1.822814e+03 1.471845e+03 
2.275152e-01 1.758567e+03 1.434603e+03 
2.305354e-01 1.691536e+03 1.398672e+03 
2.335556e-01 1.624102e+03 1.363995e+03 
2.365758e-01 1.558543e+03 1.330514e+03 
2.395960e-01 1.496865e+03 1.298178e+03 
2.426162e-01 1.440690e+03 1.266937e+03 
2.456364e-01 1.391128e+03 1.236743e+03 
2.486566e-01 1.348847e+03 1.207552e+03 
2.516768e-01 1.313939e+03 1.179321e+03 
2.546970e-01 1.286134e+03 1.152010e+03 
2.577172e-01 1.264744e+03 1.125580e+03 
2.607374e-01 1.248807e+03 1.099996e+03 
2.637576e-01 1.237099e+03 1.075223e+03 
2.667778e-01 1.228268e+03 1.051228e+03 
2.697980e-01 1.220914e+03 1.027979e+03 
2.728182e-01 1.213717e+03 1.005448e+03 
2.758384e-01 1.205472e+03 9.836058e+02 
2.788586e-01 1.195175e+03 9.624255e+02 
2.818788e-01 1.182079e+03 9.418815e+02 
2.848990e-01 1.165718e+03 9.219494e+02 
2.879192e-01 1.145968e+03 9.026060e+02 
2.909394e-01 1.122963e+03 8.838291e+02 
2.939596e-01 1.097146e+03 8.655973e+02 
2.969798e-01 1.069142e+03 8.478906e+02 
3.000000e-01 1.039766e+03 8.306895e+02 
