1.000000e-03 6.668641e+03 6.668569e+03 
4.020202e-03 2.213952e+04 2.231337e+04 
7.040404e-03 3.215729e+04 3.240918e+04 
1.006061e-02 3.812628e+04 3.847095e+04 
1.308081e-02 4.105166e+04 4.153993e+04 
1.610101e-02 4.167280e+04 4.220547e+04 
1.912121e-02 4.058519e+04 4.090770e+04 
2.214141e-02 3.830162e+04 3.819509e+04 
2.516162e-02 3.526673e+04 3.474371e+04 
2.818182e-02 3.185952e+04 3.116774e+04 
3.120202e-02 2.838499e+04 2.785671e+04 
3.422222e-02 2.507103e+04 2.496858e+04 
3.724242e-02 2.207078e+04 2.251432e+04 
4.026263e-02 1.947332e+04 2.044107e+04 
4.328283e-02 1.729828e+04 1.868098e+04 
4.630303e-02 1.554778e+04 1.717198e+04 
4.932323e-02 1.420501e+04 1.586362e+04 
5.234343e-02 1.320697e+04 1.471680e+04 
5.536364e-02 1.249220e+04 1.370168e+04 
5.838384e-02 1.200024e+04 1.279551e+04 
6.140404e-02 1.166902e+04 1.198079e+04 
6.442424e-02 1.143949e+04 1.124382e+04 
6.744444e-02 1.125935e+04 1.057378e+04 
7.046465e-02 1.108264e+04 9.961915e+03 
7.348485e-02 1.086972e+04 9.401092e+03 
7.650505e-02 1.059044e+04 8.885383e+03 
7.952525e-02 1.022749e+04 8.409808e+03 
8.254545e-02 9.777037e+03 7.970136e+03 
8.556566e-02 9.247922e+03 7.562734e+03 
8.858586e-02 8.658930e+03 7.184460e+03 
9.160606e-02 8.034879e+03 6.832572e+03 
9.462626e-02 7.403395e+03 6.504663e+03 
9.764646e-02 6.790601e+03 6.198610e+03 
1.006667e-01 6.220132e+03 5.912527e+03 
1.036869e-01 5.709533e+03 5.644734e+03 
1.067071e-01 5.270838e+03 5.393729e+03 
1.097273e-01 4.909158e+03 5.158163e+03 
1.127475e-01 4.624452e+03 4.936823e+03 
1.157677e-01 4.412663e+03 4.728611e+03 
1.187879e-01 4.266178e+03 4.532535e+03 
1.218081e-01 4.175358e+03 4.347694e+03 
1.248283e-01 4.128586e+03 4.173270e+03 
1.278485e-01 4.113156e+03 4.008516e+03 
1.308687e-01 4.115565e+03 3.852752e+03 
1.338889e-01 4.122697e+03 3.705354e+03 
1.369091e-01 4.122292e+03 3.565752e+03 
1.399293e-01 4.104356e+03 3.433423e+03 
1.429495e-01 4.061201e+03 3.307886e+03 
1.459697e-01 3.988068e+03 3.188699e+03 
1.489899e-01 3.883306e+03 3.075454e+03 
1.520101e-01 3.747920e+03 2.967775e+03 
1.550303e-01 3.586294e+03 2.865316e+03 
1.580505e-01 3.404910e+03 2.767754e+03 
1.610707e-01 3.212483e+03 2.674794e+03 
1.640909e-01 3.018118e+03 2.586159e+03 
1.671111e-01 2.830744e+03 2.501594e+03 
1.701313e-01 2.657249e+03 2.420863e+03 
1.731515e-01 2.502848e+03 2.343743e+03 
1.761717e-01 2.370383e+03 2.270031e+03 
1.791919e-01 2.261291e+03 2.199534e+03 
1.822121e-01 2.175627e+03 2.132075e+03 
1.852323e-01 2.112393e+03 2.067487e+03 
1.882525e-01 2.069752e+03 2.005615e+03 
1.912727e-01 2.044811e+03 1.946313e+03 
1.942929e-01 2.033937e+03 1.889447e+03 
1.973131e-01 2.032648e+03 1.834888e+03 
2.003333e-01 2.036238e+03 1.782518e+03 
2.033535e-01 2.039984e+03 1.732225e+03 
2.063737e-01 2.039806e+03 1.683904e+03 
2.093939e-01 2.032270e+03 1.637457e+03 
2.124141e-01 2.015013e+03 1.592791e+03 
2.154343e-01 1.986577e+03 1.549820e+03 
2.184545e-01 1.946489e+03 1.508460e+03 
2.214747e-01 1.895301e+03 1.468636e+03 
2.244949e-01 1.834357e+03 1.430275e+03 
2.275152e-01 1.765955e+03 1.393308e+03 
2.305354e-01 1.692860e+03 1.357671e+03 
2.335556e-01 1.618214e+03 1.323303e+03 
2.365758e-01 1.544954e+03 1.290146e+03 
2.395960e-01 1.475713e+03 1.258145e+03 
2.426162e-01 1.412492e+03 1.227250e+03 
2.456364e-01 1.356804e+03 1.197411e+03 
2.486566e-01 1.309491e+03 1.168583e+03 
2.516768e-01 1.270908e+03 1.140722e+03 
2.546970e-01 1.240919e+03 1.113786e+03 
2.577172e-01 1.218881e+03 1.087736e+03 
2.607374e-01 1.203791e+03 1.062536e+03 
2.637576e-01 1.194248e+03 1.038149e+03 
2.667778e-01 1.188677e+03 1.014542e+03 
2.697980e-01 1.185372e+03 9.916840e+02 
2.728182e-01 1.182688e+03 9.695436e+02 
2.758384e-01 1.179076e+03 9.480923e+02 
2.788586e-01 1.173253e+03 9.273029e+02 
2.818788e-01 1.164174e+03 9.071491e+02 
2.848990e-01 1.151153e+03 8.876062e+02 
2.879192e-01 1.133831e+03 8.686505e+02 
2.909394e-01 1.112188e+03 8.502595e+02 
2.939596e-01 1.086626e+03 8.324116e+02 
2.969798e-01 1.057826e+03 8.150864e+02 
3.000000e-01 1.026761e+03 7.982643e+02 
