1.000000e-03 2.287138e+03 2.287113e+03 
4.020202e-03 7.675884e+03 7.737590e+03 
7.040404e-03 1.125986e+04 1.132266e+04 
1.006061e-02 1.354460e+04 1.355197e+04 
1.308081e-02 1.490443e+04 1.482963e+04 
1.610101e-02 1.560251e+04 1.543713e+04 
1.912121e-02 1.582996e+04 1.558612e+04 
2.214141e-02 1.572950e+04 1.544123e+04 
2.516162e-02 1.540985e+04 1.511942e+04 
2.818182e-02 1.495423e+04 1.469507e+04 
3.120202e-02 1.442409e+04 1.421317e+04 
3.422222e-02 1.386286e+04 1.370132e+04 
3.724242e-02 1.330077e+04 1.317715e+04 
4.026263e-02 1.275474e+04 1.265228e+04 
4.328283e-02 1.222517e+04 1.213451e+04 
4.630303e-02 1.173051e+04 1.162907e+04 
4.932323e-02 1.127275e+04 1.113938e+04 
5.234343e-02 1.083232e+04 1.066759e+04 
5.536364e-02 1.040565e+04 1.021493e+04 
5.838384e-02 9.993709e+03 9.781961e+03 
6.140404e-02 9.596124e+03 9.368787e+03 
6.442424e-02 9.211576e+03 8.975181e+03 
6.744444e-02 8.837903e+03 8.600686e+03 
7.046465e-02 8.474945e+03 8.244694e+03 
7.348485e-02 8.124359e+03 7.906495e+03 
7.650505e-02 7.789339e+03 7.585324e+03 
7.952525e-02 7.473384e+03 7.280385e+03 
8.254545e-02 7.178169e+03 6.990875e+03 
8.556566e-02 6.903944e+03 6.715996e+03 
8.858586e-02 6.648627e+03 6.454971e+03 
9.160606e-02 6.410050e+03 6.207044e+03 
9.462626e-02 6.186495e+03 5.971492e+03 
9.764646e-02 5.976778e+03 5.747620e+03 
1.006667e-01 5.780082e+03 5.534771e+03 
1.036869e-01 5.594754e+03 5.332320e+03 
1.067071e-01 5.418603e+03 5.139677e+03 
1.097273e-01 5.249119e+03 4.956283e+03 
1.127475e-01 5.084098e+03 4.781615e+03 
1.157677e-01 4.922576e+03 4.615178e+03 
1.187879e-01 4.764403e+03 4.456509e+03 
1.218081e-01 4.610458e+03 4.305172e+03 
1.248283e-01 4.461673e+03 4.160757e+03 
1.278485e-01 4.318780e+03 4.022880e+03 
1.308687e-01 4.182415e+03 3.891182e+03 
1.338889e-01 4.052788e+03 3.765324e+03 
1.369091e-01 3.929911e+03 3.644989e+03 
1.399293e-01 3.813590e+03 3.529880e+03 
1.429495e-01 3.703455e+03 3.419717e+03 
1.459697e-01 3.599063e+03 3.314238e+03 
1.489899e-01 3.499871e+03 3.213196e+03 
1.520101e-01 3.405353e+03 3.116361e+03 
1.550303e-01 3.315088e+03 3.023516e+03 
1.580505e-01 3.228650e+03 2.934456e+03 
1.610707e-01 3.145493e+03 2.848988e+03 
1.640909e-01 3.065030e+03 2.766933e+03 
1.671111e-01 2.986849e+03 2.688121e+03 
1.701313e-01 2.910680e+03 2.612391e+03 
1.731515e-01 2.836441e+03 2.539592e+03 
1.761717e-01 2.764322e+03 2.469584e+03 
1.791919e-01 2.694497e+03 2.402230e+03 
1.822121e-01 2.627020e+03 2.337406e+03 
1.852323e-01 2.561913e+03 2.274992e+03 
1.882525e-01 2.499121e+03 2.214876e+03 
1.912727e-01 2.438564e+03 2.156950e+03 
1.942929e-01 2.380236e+03 2.101116e+03 
1.973131e-01 2.324183e+03 2.047276e+03 
2.003333e-01 2.270379e+03 1.995343e+03 
2.033535e-01 2.218710e+03 1.945230e+03 
2.063737e-01 2.169010e+03 1.896857e+03 
2.093939e-01 2.121014e+03 1.850149e+03 
2.124141e-01 2.074465e+03 1.805032e+03 
2.154343e-01 2.029268e+03 1.761437e+03 
2.184545e-01 1.985383e+03 1.719301e+03 
2.214747e-01 1.942770e+03 1.678562e+03 
2.244949e-01 1.901391e+03 1.639160e+03 
2.275152e-01 1.861189e+03 1.601040e+03 
2.305354e-01 1.822083e+03 1.564150e+03 
2.335556e-01 1.784019e+03 1.528439e+03 
2.365758e-01 1.747005e+03 1.493859e+03 
2.395960e-01 1.711058e+03 1.460365e+03 
2.426162e-01 1.676192e+03 1.427914e+03 
2.456364e-01 1.642412e+03 1.396464e+03 
2.486566e-01 1.609671e+03 1.365977e+03 
2.516768e-01 1.577884e+03 1.336414e+03 
2.546970e-01 1.546993e+03 1.307741e+03 
2.577172e-01 1.516965e+03 1.279923e+03 
2.607374e-01 1.487779e+03 1.252928e+03 
2.637576e-01 1.459427e+03 1.226724e+03 
2.667778e-01 1.431901e+03 1.201283e+03 
2.697980e-01 1.405148e+03 1.176576e+03 
2.728182e-01 1.379110e+03 1.152576e+03 
2.758384e-01 1.353731e+03 1.129258e+03 
2.788586e-01 1.328964e+03 1.106597e+03 
2.818788e-01 1.304786e+03 1.084568e+03 
2.848990e-01 1.281204e+03 1.063151e+03 
2.879192e-01 1.258224e+03 1.042322e+03 
2.909394e-01 1.235842e+03 1.022063e+03 
2.939596e-01 1.214050e+03 1.002352e+03 
2.969798e-01 1.192813e+03 9.831702e+02 
3.000000e-01 1.172096e+03 9.645005e+02 
