1.000000e-03 4.391608e+03 4.391562e+03 
4.020202e-03 1.468794e+04 1.480225e+04 
7.040404e-03 2.150338e+04 2.165755e+04 
1.006061e-02 2.571757e+04 2.589025e+04 
1.308081e-02 2.797585e+04 2.817515e+04 
1.610101e-02 2.875389e+04 2.892279e+04 
1.912121e-02 2.843090e+04 2.845372e+04 
2.214141e-02 2.732631e+04 2.713369e+04 
2.516162e-02 2.571481e+04 2.536396e+04 
2.818182e-02 2.382670e+04 2.347739e+04 
3.120202e-02 2.184811e+04 2.167427e+04 
3.422222e-02 1.992026e+04 2.003792e+04 
3.724242e-02 1.813968e+04 1.858273e+04 
4.026263e-02 1.656736e+04 1.729348e+04 
4.328283e-02 1.522461e+04 1.614676e+04 
4.630303e-02 1.410974e+04 1.511997e+04 
4.932323e-02 1.322663e+04 1.419403e+04 
5.234343e-02 1.254262e+04 1.335363e+04 
5.536364e-02 1.201173e+04 1.258663e+04 
5.838384e-02 1.159858e+04 1.188338e+04 
6.140404e-02 1.126715e+04 1.123609e+04 
6.442424e-02 1.098093e+04 1.063841e+04 
6.744444e-02 1.070571e+04 1.008502e+04 
7.046465e-02 1.041501e+04 9.571469e+03 
7.348485e-02 1.008972e+04 9.093909e+03 
7.650505e-02 9.718671e+03 8.649022e+03 
7.952525e-02 9.299844e+03 8.233903e+03 
8.254545e-02 8.839662e+03 7.845987e+03 
8.556566e-02 8.350033e+03 7.482997e+03 
8.858586e-02 7.846164e+03 7.142899e+03 
9.160606e-02 7.344532e+03 6.823866e+03 
9.462626e-02 6.860872e+03 6.524254e+03 
9.764646e-02 6.409686e+03 6.242575e+03 
1.006667e-01 6.002455e+03 5.977481e+03 
1.036869e-01 5.647932e+03 5.727749e+03 
1.067071e-01 5.349616e+03 5.492261e+03 
1.097273e-01 5.107536e+03 5.269999e+03 
1.127475e-01 4.917281e+03 5.060033e+03 
1.157677e-01 4.772178e+03 4.861511e+03 
1.187879e-01 4.663628e+03 4.673651e+03 
1.218081e-01 4.582371e+03 4.495734e+03 
1.248283e-01 4.518830e+03 4.327101e+03 
1.278485e-01 4.463627e+03 4.167144e+03 
1.308687e-01 4.407902e+03 4.015303e+03 
1.338889e-01 4.344017e+03 3.871060e+03 
1.369091e-01 4.266046e+03 3.733938e+03 
1.399293e-01 4.170278e+03 3.603495e+03 
1.429495e-01 4.055635e+03 3.479321e+03 
1.459697e-01 3.923164e+03 3.361037e+03 
1.489899e-01 3.775938e+03 3.248292e+03 
1.520101e-01 3.618097e+03 3.140759e+03 
1.550303e-01 3.454683e+03 3.038134e+03 
1.580505e-01 3.291020e+03 2.940134e+03 
1.610707e-01 3.132551e+03 2.846497e+03 
1.640909e-01 2.984069e+03 2.756977e+03 
1.671111e-01 2.849586e+03 2.671346e+03 
1.701313e-01 2.731616e+03 2.589390e+03 
1.731515e-01 2.631528e+03 2.510911e+03 
1.761717e-01 2.548972e+03 2.435720e+03 
1.791919e-01 2.482730e+03 2.363645e+03 
1.822121e-01 2.430676e+03 2.294522e+03 
1.852323e-01 2.390300e+03 2.228197e+03 
1.882525e-01 2.358770e+03 2.164527e+03 
1.912727e-01 2.333054e+03 2.103378e+03 
1.942929e-01 2.310019e+03 2.044623e+03 
1.973131e-01 2.286656e+03 1.988143e+03 
2.003333e-01 2.260219e+03 1.933827e+03 
2.033535e-01 2.228596e+03 1.881569e+03 
2.063737e-01 2.190392e+03 1.831271e+03 
2.093939e-01 2.145141e+03 1.782838e+03 
2.124141e-01 2.093160e+03 1.736184e+03 
2.154343e-01 2.035405e+03 1.691225e+03 
2.184545e-01 1.973342e+03 1.647882e+03 
2.214747e-01 1.908695e+03 1.606083e+03 
2.244949e-01 1.843326e+03 1.565758e+03 
2.275152e-01 1.779063e+03 1.526839e+03 
2.305354e-01 1.717593e+03 1.489265e+03 
2.335556e-01 1.660317e+03 1.452977e+03 
2.365758e-01 1.608315e+03 1.417919e+03 
2.395960e-01 1.562213e+03 1.384037e+03 
2.426162e-01 1.522302e+03 1.351281e+03 
2.456364e-01 1.488418e+03 1.319605e+03 
2.486566e-01 1.460127e+03 1.288961e+03 
2.516768e-01 1.436665e+03 1.259309e+03 
2.546970e-01 1.417070e+03 1.230605e+03 
2.577172e-01 1.400196e+03 1.202813e+03 
2.607374e-01 1.384864e+03 1.175895e+03 
2.637576e-01 1.369905e+03 1.149816e+03 
2.667778e-01 1.354329e+03 1.124543e+03 
2.697980e-01 1.337310e+03 1.100044e+03 
2.728182e-01 1.318335e+03 1.076288e+03 
2.758384e-01 1.297102e+03 1.053247e+03 
2.788586e-01 1.273560e+03 1.030894e+03 
2.818788e-01 1.247864e+03 1.009202e+03 
2.848990e-01 1.220351e+03 9.881467e+02 
2.879192e-01 1.191515e+03 9.677037e+02 
2.909394e-01 1.161942e+03 9.478504e+02 
2.939596e-01 1.132313e+03 9.285651e+02 
2.969798e-01 1.103296e+03 9.098271e+02 
3.000000e-01 1.075490e+03 8.916166e+02 
