1.000000e-03 3.880148e+03 3.880111e+03 
4.020202e-03 1.312171e+04 1.322342e+04 
7.040404e-03 1.930459e+04 1.943983e+04 
1.006061e-02 2.317058e+04 2.331432e+04 
1.308081e-02 2.528547e+04 2.543991e+04 
1.610101e-02 2.607330e+04 2.618709e+04 
1.912121e-02 2.587271e+04 2.585327e+04 
2.214141e-02 2.496963e+04 2.477393e+04 
2.516162e-02 2.360838e+04 2.330373e+04 
2.818182e-02 2.199502e+04 2.172578e+04 
3.120202e-02 2.029464e+04 2.020545e+04 
3.422222e-02 1.863202e+04 1.881081e+04 
3.724242e-02 1.709270e+04 1.755490e+04 
4.026263e-02 1.573041e+04 1.642758e+04 
4.328283e-02 1.456407e+04 1.541222e+04 
4.630303e-02 1.359139e+04 1.449256e+04 
4.932323e-02 1.281613e+04 1.365477e+04 
5.234343e-02 1.220895e+04 1.288760e+04 
5.536364e-02 1.172689e+04 1.218203e+04 
5.838384e-02 1.133879e+04 1.153078e+04 
6.140404e-02 1.101360e+04 1.092787e+04 
6.442424e-02 1.071974e+04 1.036834e+04 
6.744444e-02 1.042755e+04 9.847959e+03 
7.046465e-02 1.011518e+04 9.363114e+03 
7.348485e-02 9.768319e+03 8.910650e+03 
7.650505e-02 9.380375e+03 8.487793e+03 
7.952525e-02 8.953306e+03 8.092085e+03 
8.254545e-02 8.495805e+03 7.721328e+03 
8.556566e-02 8.020580e+03 7.373550e+03 
8.858586e-02 7.542145e+03 7.046971e+03 
9.160606e-02 7.074932e+03 6.739981e+03 
9.462626e-02 6.632131e+03 6.451118e+03 
9.764646e-02 6.225446e+03 6.179050e+03 
1.006667e-01 5.863588e+03 5.922565e+03 
1.036869e-01 5.552614e+03 5.680552e+03 
1.067071e-01 5.293782e+03 5.451995e+03 
1.097273e-01 5.085297e+03 5.235965e+03 
1.127475e-01 4.921440e+03 5.031606e+03 
1.157677e-01 4.794670e+03 4.838132e+03 
1.187879e-01 4.695893e+03 4.654822e+03 
1.218081e-01 4.616043e+03 4.481007e+03 
1.248283e-01 4.546258e+03 4.316075e+03 
1.278485e-01 4.478470e+03 4.159458e+03 
1.308687e-01 4.405434e+03 4.010631e+03 
1.338889e-01 4.321514e+03 3.869109e+03 
1.369091e-01 4.222831e+03 3.734443e+03 
1.399293e-01 4.107816e+03 3.606217e+03 
1.429495e-01 3.977126e+03 3.484043e+03 
1.459697e-01 3.833250e+03 3.367564e+03 
1.489899e-01 3.680050e+03 3.256445e+03 
1.520101e-01 3.522052e+03 3.150376e+03 
1.550303e-01 3.364079e+03 3.049069e+03 
1.580505e-01 3.210857e+03 2.952254e+03 
1.610707e-01 3.066771e+03 2.859681e+03 
1.640909e-01 2.935370e+03 2.771115e+03 
1.671111e-01 2.819255e+03 2.686337e+03 
1.701313e-01 2.719534e+03 2.605142e+03 
1.731515e-01 2.636240e+03 2.527341e+03 
1.761717e-01 2.568074e+03 2.452752e+03 
1.791919e-01 2.513106e+03 2.381209e+03 
1.822121e-01 2.468809e+03 2.312555e+03 
1.852323e-01 2.432455e+03 2.246642e+03 
1.882525e-01 2.401174e+03 2.183330e+03 
1.912727e-01 2.372160e+03 2.122491e+03 
1.942929e-01 2.342716e+03 2.064002e+03 
1.973131e-01 2.310499e+03 2.007748e+03 
2.003333e-01 2.273598e+03 1.953621e+03 
2.033535e-01 2.230958e+03 1.901518e+03 
2.063737e-01 2.182228e+03 1.851344e+03 
2.093939e-01 2.127870e+03 1.803008e+03 
2.124141e-01 2.068886e+03 1.756424e+03 
2.154343e-01 2.006672e+03 1.711513e+03 
2.184545e-01 1.942836e+03 1.668197e+03 
2.214747e-01 1.879054e+03 1.626404e+03 
2.244949e-01 1.816957e+03 1.586068e+03 
2.275152e-01 1.758007e+03 1.547122e+03 
2.305354e-01 1.703382e+03 1.509506e+03 
2.335556e-01 1.653894e+03 1.473162e+03 
2.365758e-01 1.609992e+03 1.438036e+03 
2.395960e-01 1.571703e+03 1.404076e+03 
2.426162e-01 1.538769e+03 1.371232e+03 
2.456364e-01 1.510627e+03 1.339458e+03 
2.486566e-01 1.486542e+03 1.308709e+03 
2.516768e-01 1.465586e+03 1.278943e+03 
2.546970e-01 1.446736e+03 1.250120e+03 
2.577172e-01 1.428895e+03 1.222202e+03 
2.607374e-01 1.411061e+03 1.195153e+03 
2.637576e-01 1.392344e+03 1.168939e+03 
2.667778e-01 1.372141e+03 1.143525e+03 
2.697980e-01 1.350063e+03 1.118882e+03 
2.728182e-01 1.326042e+03 1.094980e+03 
2.758384e-01 1.300186e+03 1.071790e+03 
2.788586e-01 1.272775e+03 1.049284e+03 
2.818788e-01 1.244207e+03 1.027438e+03 
2.848990e-01 1.214958e+03 1.006227e+03 
2.879192e-01 1.185564e+03 9.856259e+02 
2.909394e-01 1.156583e+03 9.656139e+02 
2.939596e-01 1.128571e+03 9.461689e+02 
2.969798e-01 1.102009e+03 9.272705e+02 
3.000000e-01 1.077258e+03 9.088990e+02 
