1.000000e-03 3.423860e+03 3.423831e+03 
4.020202e-03 1.150121e+04 1.159029e+04 
7.040404e-03 1.683602e+04 1.694527e+04 
1.006061e-02 2.013579e+04 2.023028e+04 
1.308081e-02 2.192925e+04 2.199858e+04 
1.610101e-02 2.260401e+04 2.260716e+04 
1.912121e-02 2.246257e+04 2.234985e+04 
2.214141e-02 2.175332e+04 2.153249e+04 
2.516162e-02 2.068202e+04 2.043897e+04 
2.818182e-02 1.941783e+04 1.926945e+04 
3.120202e-02 1.809265e+04 1.812999e+04 
3.422222e-02 1.680318e+04 1.706220e+04 
3.724242e-02 1.561344e+04 1.607525e+04 
4.026263e-02 1.456106e+04 1.516559e+04 
4.328283e-02 1.365839e+04 1.432601e+04 
4.630303e-02 1.289752e+04 1.354913e+04 
4.932323e-02 1.227614e+04 1.282844e+04 
5.234343e-02 1.177072e+04 1.215839e+04 
5.536364e-02 1.134049e+04 1.153429e+04 
5.838384e-02 1.096488e+04 1.095210e+04 
6.140404e-02 1.061975e+04 1.040832e+04 
6.442424e-02 1.027917e+04 9.899843e+03 
6.744444e-02 9.927043e+03 9.423900e+03 
7.046465e-02 9.552505e+03 8.977992e+03 
7.348485e-02 9.150804e+03 8.559854e+03 
7.650505e-02 8.724871e+03 8.167419e+03 
7.952525e-02 8.283002e+03 7.798798e+03 
8.254545e-02 7.836392e+03 7.452260e+03 
8.556566e-02 7.397344e+03 7.126218e+03 
8.858586e-02 6.976893e+03 6.819213e+03 
9.160606e-02 6.584538e+03 6.529901e+03 
9.462626e-02 6.227930e+03 6.257048e+03 
9.764646e-02 5.912384e+03 5.999517e+03 
1.006667e-01 5.640852e+03 5.756260e+03 
1.036869e-01 5.412964e+03 5.526310e+03 
1.067071e-01 5.225189e+03 5.308777e+03 
1.097273e-01 5.071159e+03 5.102837e+03 
1.127475e-01 4.942994e+03 4.907731e+03 
1.157677e-01 4.832178e+03 4.722756e+03 
1.187879e-01 4.730828e+03 4.547262e+03 
1.218081e-01 4.631851e+03 4.380649e+03 
1.248283e-01 4.529770e+03 4.222358e+03 
1.278485e-01 4.420383e+03 4.071875e+03 
1.308687e-01 4.301081e+03 3.928719e+03 
1.338889e-01 4.171094e+03 3.792448e+03 
1.369091e-01 4.031291e+03 3.662648e+03 
1.399293e-01 3.884189e+03 3.538936e+03 
1.429495e-01 3.733182e+03 3.420955e+03 
1.459697e-01 3.582120e+03 3.308373e+03 
1.489899e-01 3.434766e+03 3.200881e+03 
1.520101e-01 3.294411e+03 3.098190e+03 
1.550303e-01 3.163895e+03 3.000030e+03 
1.580505e-01 3.045503e+03 2.906152e+03 
1.610707e-01 2.940553e+03 2.816321e+03 
1.640909e-01 2.849504e+03 2.730316e+03 
1.671111e-01 2.771592e+03 2.647934e+03 
1.701313e-01 2.705326e+03 2.568981e+03 
1.731515e-01 2.648397e+03 2.493278e+03 
1.761717e-01 2.598304e+03 2.420657e+03 
1.791919e-01 2.552531e+03 2.350958e+03 
1.822121e-01 2.508797e+03 2.284034e+03 
1.852323e-01 2.465113e+03 2.219745e+03 
1.882525e-01 2.419867e+03 2.157959e+03 
1.912727e-01 2.371773e+03 2.098555e+03 
1.942929e-01 2.320140e+03 2.041415e+03 
1.973131e-01 2.264722e+03 1.986430e+03 
2.003333e-01 2.206021e+03 1.933497e+03 
2.033535e-01 2.144897e+03 1.882520e+03 
2.063737e-01 2.082592e+03 1.833407e+03 
2.093939e-01 2.020421e+03 1.786071e+03 
2.124141e-01 1.959717e+03 1.740431e+03 
2.154343e-01 1.901563e+03 1.696410e+03 
2.184545e-01 1.846850e+03 1.653935e+03 
2.214747e-01 1.796197e+03 1.612937e+03 
2.244949e-01 1.750004e+03 1.573350e+03 
2.275152e-01 1.708318e+03 1.535114e+03 
2.305354e-01 1.670952e+03 1.498169e+03 
2.335556e-01 1.637455e+03 1.462460e+03 
2.365758e-01 1.607212e+03 1.427935e+03 
2.395960e-01 1.579489e+03 1.394544e+03 
2.426162e-01 1.553541e+03 1.362238e+03 
2.456364e-01 1.528626e+03 1.330974e+03 
2.486566e-01 1.504045e+03 1.300709e+03 
2.516768e-01 1.479170e+03 1.271402e+03 
2.546970e-01 1.453534e+03 1.243014e+03 
2.577172e-01 1.426860e+03 1.215509e+03 
2.607374e-01 1.399107e+03 1.188851e+03 
2.637576e-01 1.370428e+03 1.163008e+03 
2.667778e-01 1.341116e+03 1.137948e+03 
2.697980e-01 1.311555e+03 1.113640e+03 
2.728182e-01 1.282152e+03 1.090056e+03 
2.758384e-01 1.253271e+03 1.067168e+03 
2.788586e-01 1.225237e+03 1.044950e+03 
2.818788e-01 1.198311e+03 1.023377e+03 
2.848990e-01 1.172723e+03 1.002425e+03 
2.879192e-01 1.148665e+03 9.820711e+02 
2.909394e-01 1.126223e+03 9.622939e+02 
2.939596e-01 1.105388e+03 9.430724e+02 
2.969798e-01 1.086026e+03 9.243866e+02 
3.000000e-01 1.067937e+03 9.062175e+02 
