1.000000e-03 3.484689e+03 3.484649e+03 
4.020202e-03 1.156439e+04 1.165362e+04 
7.040404e-03 1.683592e+04 1.694088e+04 
1.006061e-02 2.006597e+04 2.014633e+04 
1.308081e-02 2.180470e+04 2.184572e+04 
1.610101e-02 2.244656e+04 2.240898e+04 
1.912121e-02 2.229507e+04 2.213699e+04 
2.214141e-02 2.159619e+04 2.133348e+04 
2.516162e-02 2.055133e+04 2.027147e+04 
2.818182e-02 1.932408e+04 1.913859e+04 
3.120202e-02 1.804096e+04 1.803269e+04 
3.422222e-02 1.679417e+04 1.699207e+04 
3.724242e-02 1.564427e+04 1.602573e+04 
4.026263e-02 1.462591e+04 1.513109e+04 
4.328283e-02 1.375110e+04 1.430224e+04 
4.630303e-02 1.301109e+04 1.353291e+04 
4.932323e-02 1.240021e+04 1.281748e+04 
5.234343e-02 1.189888e+04 1.215106e+04 
5.536364e-02 1.146748e+04 1.152942e+04 
5.838384e-02 1.108367e+04 1.094887e+04 
6.140404e-02 1.072641e+04 1.040614e+04 
6.442424e-02 1.037174e+04 9.898307e+03 
6.744444e-02 1.000499e+04 9.422713e+03 
7.046465e-02 9.617405e+03 8.976951e+03 
7.348485e-02 9.205641e+03 8.558816e+03 
7.650505e-02 8.773391e+03 8.166287e+03 
7.952525e-02 8.329289e+03 7.797509e+03 
8.254545e-02 7.884679e+03 7.450773e+03 
8.556566e-02 7.451253e+03 7.124508e+03 
8.858586e-02 7.039214e+03 6.817267e+03 
9.160606e-02 6.657088e+03 6.527717e+03 
9.462626e-02 6.311527e+03 6.254628e+03 
9.764646e-02 6.006782e+03 5.996867e+03 
1.006667e-01 5.745138e+03 5.753389e+03 
1.036869e-01 5.524987e+03 5.523231e+03 
1.067071e-01 5.342378e+03 5.305500e+03 
1.097273e-01 5.190359e+03 5.099377e+03 
1.127475e-01 5.061068e+03 4.904099e+03 
1.157677e-01 4.946075e+03 4.718966e+03 
1.187879e-01 4.838013e+03 4.543327e+03 
1.218081e-01 4.730519e+03 4.376580e+03 
1.248283e-01 4.618806e+03 4.218168e+03 
1.278485e-01 4.499262e+03 4.067574e+03 
1.308687e-01 4.370324e+03 3.924319e+03 
1.338889e-01 4.231780e+03 3.787959e+03 
1.369091e-01 4.085327e+03 3.658079e+03 
1.399293e-01 3.933666e+03 3.534296e+03 
1.429495e-01 3.780464e+03 3.416252e+03 
1.459697e-01 3.629337e+03 3.303615e+03 
1.489899e-01 3.483727e+03 3.196074e+03 
1.520101e-01 3.346451e+03 3.093342e+03 
1.550303e-01 3.219875e+03 2.995148e+03 
1.580505e-01 3.105660e+03 2.901241e+03 
1.610707e-01 3.004818e+03 2.811386e+03 
1.640909e-01 2.917221e+03 2.725363e+03 
1.671111e-01 2.841892e+03 2.642966e+03 
1.701313e-01 2.776861e+03 2.564004e+03 
1.731515e-01 2.719769e+03 2.488296e+03 
1.761717e-01 2.668010e+03 2.415672e+03 
1.791919e-01 2.619277e+03 2.345975e+03 
1.822121e-01 2.571510e+03 2.279055e+03 
1.852323e-01 2.523110e+03 2.214773e+03 
1.882525e-01 2.472772e+03 2.152998e+03 
1.912727e-01 2.419619e+03 2.093606e+03 
1.942929e-01 2.363208e+03 2.036480e+03 
1.973131e-01 2.303684e+03 1.981512e+03 
2.003333e-01 2.241688e+03 1.928599e+03 
2.033535e-01 2.178297e+03 1.877642e+03 
2.063737e-01 2.114759e+03 1.828550e+03 
2.093939e-01 2.052374e+03 1.781238e+03 
2.124141e-01 1.992248e+03 1.735623e+03 
2.154343e-01 1.935315e+03 1.691627e+03 
2.184545e-01 1.882169e+03 1.649179e+03 
2.214747e-01 1.833204e+03 1.608209e+03 
2.244949e-01 1.788568e+03 1.568651e+03 
2.275152e-01 1.748153e+03 1.530445e+03 
2.305354e-01 1.711599e+03 1.493530e+03 
2.335556e-01 1.678365e+03 1.457852e+03 
2.365758e-01 1.647797e+03 1.423359e+03 
2.395960e-01 1.619187e+03 1.389999e+03 
2.426162e-01 1.591821e+03 1.357726e+03 
2.456364e-01 1.565043e+03 1.326495e+03 
2.486566e-01 1.538266e+03 1.296263e+03 
2.516768e-01 1.511023e+03 1.266989e+03 
2.546970e-01 1.483012e+03 1.238635e+03 
2.577172e-01 1.454114e+03 1.211163e+03 
2.607374e-01 1.424426e+03 1.184540e+03 
2.637576e-01 1.394199e+03 1.158731e+03 
2.667778e-01 1.363781e+03 1.133705e+03 
2.697980e-01 1.333550e+03 1.109431e+03 
2.728182e-01 1.303851e+03 1.085881e+03 
2.758384e-01 1.274992e+03 1.063027e+03 
2.788586e-01 1.247220e+03 1.040844e+03 
2.818788e-01 1.220735e+03 1.019305e+03 
2.848990e-01 1.195687e+03 9.983868e+02 
2.879192e-01 1.172153e+03 9.780672e+02 
2.909394e-01 1.150144e+03 9.583239e+02 
2.939596e-01 1.129559e+03 9.391361e+02 
2.969798e-01 1.110228e+03 9.204839e+02 
3.000000e-01 1.091915e+03 9.023482e+02 
