1.000000e-03 2.957543e+03 2.957514e+03 
4.020202e-03 9.614667e+03 9.697375e+03 
7.040404e-03 1.379688e+04 1.387928e+04 
1.006061e-02 1.631049e+04 1.631834e+04 
1.308081e-02 1.769784e+04 1.759841e+04 
1.610101e-02 1.831697e+04 1.810552e+04 
1.912121e-02 1.841315e+04 1.811060e+04 
2.214141e-02 1.815944e+04 1.780685e+04 
2.516162e-02 1.768206e+04 1.732259e+04 
2.818182e-02 1.707166e+04 1.673726e+04 
3.120202e-02 1.639261e+04 1.609917e+04 
3.422222e-02 1.568948e+04 1.543839e+04 
3.724242e-02 1.499038e+04 1.477412e+04 
4.026263e-02 1.431309e+04 1.411881e+04 
4.328283e-02 1.366141e+04 1.348049e+04 
4.630303e-02 1.304104e+04 1.286421e+04 
4.932323e-02 1.246133e+04 1.227296e+04 
5.234343e-02 1.191080e+04 1.170833e+04 
5.536364e-02 1.138066e+04 1.117091e+04 
5.838384e-02 1.087233e+04 1.066062e+04 
6.140404e-02 1.038704e+04 1.017692e+04 
6.442424e-02 9.925450e+03 9.718994e+03 
6.744444e-02 9.487356e+03 9.285809e+03 
7.046465e-02 9.072150e+03 8.876235e+03 
7.348485e-02 8.680029e+03 8.489088e+03 
7.650505e-02 8.311714e+03 8.123165e+03 
7.952525e-02 7.967013e+03 7.777278e+03 
8.254545e-02 7.644944e+03 7.450265e+03 
8.556566e-02 7.343861e+03 7.141009e+03 
8.858586e-02 7.061500e+03 6.848441e+03 
9.160606e-02 6.796019e+03 6.571545e+03 
9.462626e-02 6.546091e+03 6.309362e+03 
9.764646e-02 6.310307e+03 6.060987e+03 
1.006667e-01 6.087116e+03 5.825569e+03 
1.036869e-01 5.874832e+03 5.602313e+03 
1.067071e-01 5.671574e+03 5.390473e+03 
1.097273e-01 5.475995e+03 5.189352e+03 
1.127475e-01 5.287798e+03 4.998297e+03 
1.157677e-01 5.106906e+03 4.816702e+03 
1.187879e-01 4.933464e+03 4.643998e+03 
1.218081e-01 4.767612e+03 4.479655e+03 
1.248283e-01 4.609385e+03 4.323180e+03 
1.278485e-01 4.458830e+03 4.174111e+03 
1.308687e-01 4.316085e+03 4.032018e+03 
1.338889e-01 4.181144e+03 3.896498e+03 
1.369091e-01 4.053386e+03 3.767177e+03 
1.399293e-01 3.932031e+03 3.643705e+03 
1.429495e-01 3.816319e+03 3.525753e+03 
1.459697e-01 3.705507e+03 3.413015e+03 
1.489899e-01 3.598942e+03 3.305205e+03 
1.520101e-01 3.496524e+03 3.202055e+03 
1.550303e-01 3.398345e+03 3.103313e+03 
1.580505e-01 3.304275e+03 3.008745e+03 
1.610707e-01 3.213821e+03 2.918130e+03 
1.640909e-01 3.126482e+03 2.831262e+03 
1.671111e-01 3.042046e+03 2.747946e+03 
1.701313e-01 2.960451e+03 2.668000e+03 
1.731515e-01 2.881695e+03 2.591254e+03 
1.761717e-01 2.805912e+03 2.517546e+03 
1.791919e-01 2.733240e+03 2.446726e+03 
1.822121e-01 2.663558e+03 2.378651e+03 
1.852323e-01 2.596554e+03 2.313188e+03 
1.882525e-01 2.531952e+03 2.250209e+03 
1.912727e-01 2.469640e+03 2.189597e+03 
1.942929e-01 2.409538e+03 2.131239e+03 
1.973131e-01 2.351582e+03 2.075030e+03 
2.003333e-01 2.295723e+03 2.020869e+03 
2.033535e-01 2.241890e+03 1.968662e+03 
2.063737e-01 2.189902e+03 1.918321e+03 
2.093939e-01 2.139543e+03 1.869761e+03 
2.124141e-01 2.090677e+03 1.822902e+03 
2.154343e-01 2.043292e+03 1.777668e+03 
2.184545e-01 1.997382e+03 1.733990e+03 
2.214747e-01 1.952931e+03 1.691798e+03 
2.244949e-01 1.909918e+03 1.651028e+03 
2.275152e-01 1.868303e+03 1.611621e+03 
2.305354e-01 1.828004e+03 1.573518e+03 
2.335556e-01 1.788934e+03 1.536665e+03 
2.365758e-01 1.751042e+03 1.501008e+03 
2.395960e-01 1.714296e+03 1.466501e+03 
2.426162e-01 1.678663e+03 1.433094e+03 
2.456364e-01 1.644099e+03 1.400744e+03 
2.486566e-01 1.610557e+03 1.369408e+03 
2.516768e-01 1.577995e+03 1.339045e+03 
2.546970e-01 1.546368e+03 1.309618e+03 
2.577172e-01 1.515636e+03 1.281090e+03 
2.607374e-01 1.485765e+03 1.253426e+03 
2.637576e-01 1.456726e+03 1.226592e+03 
2.667778e-01 1.428490e+03 1.200556e+03 
2.697980e-01 1.401032e+03 1.175290e+03 
2.728182e-01 1.374323e+03 1.150763e+03 
2.758384e-01 1.348335e+03 1.126948e+03 
2.788586e-01 1.323034e+03 1.103819e+03 
2.818788e-01 1.298394e+03 1.081350e+03 
2.848990e-01 1.274404e+03 1.059518e+03 
2.879192e-01 1.251051e+03 1.038300e+03 
2.909394e-01 1.228317e+03 1.017673e+03 
2.939596e-01 1.206178e+03 9.976171e+02 
2.969798e-01 1.184609e+03 9.781115e+02 
3.000000e-01 1.163581e+03 9.591372e+02 
