1.000000e-03 4.878672e+03 4.878624e+03 
4.020202e-03 1.597883e+04 1.610352e+04 
7.040404e-03 2.301797e+04 2.317725e+04 
1.006061e-02 2.714601e+04 2.731617e+04 
1.308081e-02 2.915636e+04 2.933769e+04 
1.610101e-02 2.961464e+04 2.973432e+04 
1.912121e-02 2.895856e+04 2.890602e+04 
2.214141e-02 2.754918e+04 2.729614e+04 
2.516162e-02 2.568588e+04 2.534337e+04 
2.818182e-02 2.361317e+04 2.336679e+04 
3.120202e-02 2.151983e+04 2.153038e+04 
3.422222e-02 1.954148e+04 1.988629e+04 
3.724242e-02 1.776397e+04 1.843100e+04 
4.026263e-02 1.623444e+04 1.714155e+04 
4.328283e-02 1.495670e+04 1.599228e+04 
4.630303e-02 1.392230e+04 1.496066e+04 
4.932323e-02 1.312350e+04 1.402838e+04 
5.234343e-02 1.250782e+04 1.318098e+04 
5.536364e-02 1.202701e+04 1.240696e+04 
5.838384e-02 1.164249e+04 1.169712e+04 
6.140404e-02 1.130891e+04 1.104397e+04 
6.442424e-02 1.099121e+04 1.044128e+04 
6.744444e-02 1.066212e+04 9.883817e+03 
7.046465e-02 1.029987e+04 9.367089e+03 
7.348485e-02 9.892310e+03 8.887226e+03 
7.650505e-02 9.436853e+03 8.440843e+03 
7.952525e-02 8.939790e+03 8.024960e+03 
8.254545e-02 8.415211e+03 7.636934e+03 
8.556566e-02 7.881012e+03 7.274412e+03 
8.858586e-02 7.355880e+03 6.935283e+03 
9.160606e-02 6.857172e+03 6.617656e+03 
9.462626e-02 6.399327e+03 6.319822e+03 
9.764646e-02 5.993478e+03 6.040238e+03 
1.006667e-01 5.645897e+03 5.777505e+03 
1.036869e-01 5.358394e+03 5.530353e+03 
1.067071e-01 5.128779e+03 5.297628e+03 
1.097273e-01 4.950799e+03 5.078275e+03 
1.127475e-01 4.816010e+03 4.871334e+03 
1.157677e-01 4.714322e+03 4.675926e+03 
1.187879e-01 4.635099e+03 4.491246e+03 
1.218081e-01 4.567458e+03 4.316556e+03 
1.248283e-01 4.501380e+03 4.151178e+03 
1.278485e-01 4.427930e+03 3.994490e+03 
1.308687e-01 4.340735e+03 3.845919e+03 
1.338889e-01 4.235668e+03 3.704937e+03 
1.369091e-01 4.111996e+03 3.571057e+03 
1.399293e-01 3.970988e+03 3.443829e+03 
1.429495e-01 3.815742e+03 3.322836e+03 
1.459697e-01 3.650580e+03 3.207696e+03 
1.489899e-01 3.480611e+03 3.098050e+03 
1.520101e-01 3.311566e+03 2.993569e+03 
1.550303e-01 3.149143e+03 2.893945e+03 
1.580505e-01 2.998601e+03 2.798895e+03 
1.610707e-01 2.863860e+03 2.708153e+03 
1.640909e-01 2.747390e+03 2.621472e+03 
1.671111e-01 2.649668e+03 2.538623e+03 
1.701313e-01 2.569900e+03 2.459392e+03 
1.731515e-01 2.505940e+03 2.383579e+03 
1.761717e-01 2.455217e+03 2.310997e+03 
1.791919e-01 2.414909e+03 2.241473e+03 
1.822121e-01 2.382000e+03 2.174843e+03 
1.852323e-01 2.353323e+03 2.110955e+03 
1.882525e-01 2.325625e+03 2.049666e+03 
1.912727e-01 2.295801e+03 1.990841e+03 
1.942929e-01 2.261224e+03 1.934356e+03 
1.973131e-01 2.220206e+03 1.880092e+03 
2.003333e-01 2.172177e+03 1.827938e+03 
2.033535e-01 2.117550e+03 1.777790e+03 
2.063737e-01 2.057387e+03 1.729551e+03 
2.093939e-01 1.993239e+03 1.683128e+03 
2.124141e-01 1.926840e+03 1.638434e+03 
2.154343e-01 1.860018e+03 1.595388e+03 
2.184545e-01 1.794562e+03 1.553912e+03 
2.214747e-01 1.732168e+03 1.513934e+03 
2.244949e-01 1.674257e+03 1.475384e+03 
2.275152e-01 1.621955e+03 1.438198e+03 
2.305354e-01 1.575847e+03 1.402314e+03 
2.335556e-01 1.536080e+03 1.367675e+03 
2.365758e-01 1.502284e+03 1.334226e+03 
2.395960e-01 1.473779e+03 1.301914e+03 
2.426162e-01 1.449651e+03 1.270690e+03 
2.456364e-01 1.428843e+03 1.240507e+03 
2.486566e-01 1.410223e+03 1.211322e+03 
2.516768e-01 1.392629e+03 1.183093e+03 
2.546970e-01 1.374966e+03 1.155779e+03 
2.577172e-01 1.356267e+03 1.129342e+03 
2.607374e-01 1.335858e+03 1.103748e+03 
2.637576e-01 1.313315e+03 1.078961e+03 
2.667778e-01 1.288577e+03 1.054949e+03 
2.697980e-01 1.261797e+03 1.031681e+03 
2.728182e-01 1.233367e+03 1.009128e+03 
2.758384e-01 1.203789e+03 9.872614e+02 
2.788586e-01 1.173652e+03 9.660552e+02 
2.818788e-01 1.143556e+03 9.454835e+02 
2.848990e-01 1.114101e+03 9.255223e+02 
2.879192e-01 1.085859e+03 9.061484e+02 
2.909394e-01 1.059321e+03 8.873396e+02 
2.939596e-01 1.034838e+03 8.690751e+02 
2.969798e-01 1.012592e+03 8.513346e+02 
3.000000e-01 9.926097e+02 8.340990e+02 
