1.000000e-03 5.217683e+03 5.217621e+03 
4.020202e-03 1.744427e+04 1.758096e+04 
7.040404e-03 2.549896e+04 2.569053e+04 
1.006061e-02 3.043061e+04 3.066703e+04 
1.308081e-02 3.300480e+04 3.331219e+04 
1.610101e-02 3.378803e+04 3.409791e+04 
1.912121e-02 3.323328e+04 3.337835e+04 
2.214141e-02 3.172674e+04 3.157196e+04 
2.516162e-02 2.960305e+04 2.917433e+04 
2.818182e-02 2.714740e+04 2.662876e+04 
3.120202e-02 2.459163e+04 2.421908e+04 
3.422222e-02 2.211171e+04 2.206816e+04 
3.724242e-02 1.983012e+04 2.019611e+04 
4.026263e-02 1.782305e+04 1.857653e+04 
4.328283e-02 1.611644e+04 1.716987e+04 
4.630303e-02 1.471158e+04 1.593815e+04 
4.932323e-02 1.360992e+04 1.484961e+04 
5.234343e-02 1.277123e+04 1.387908e+04 
5.536364e-02 1.214482e+04 1.300698e+04 
5.838384e-02 1.168685e+04 1.221809e+04 
6.140404e-02 1.135144e+04 1.150044e+04 
6.442424e-02 1.109276e+04 1.084451e+04 
6.744444e-02 1.086831e+04 1.024260e+04 
7.046465e-02 1.064266e+04 9.688405e+03 
7.348485e-02 1.038680e+04 9.176645e+03 
7.650505e-02 1.007975e+04 8.702871e+03 
7.952525e-02 9.710262e+03 8.263280e+03 
8.254545e-02 9.277856e+03 7.854585e+03 
8.556566e-02 8.790789e+03 7.473925e+03 
8.858586e-02 8.264042e+03 7.118787e+03 
9.160606e-02 7.716992e+03 6.786950e+03 
9.462626e-02 7.170095e+03 6.476444e+03 
9.764646e-02 6.643421e+03 6.185508e+03 
1.006667e-01 6.154360e+03 5.912564e+03 
1.036869e-01 5.716950e+03 5.656194e+03 
1.067071e-01 5.339804e+03 5.415118e+03 
1.097273e-01 5.026864e+03 5.188176e+03 
1.127475e-01 4.777575e+03 4.974318e+03 
1.157677e-01 4.587478e+03 4.772589e+03 
1.187879e-01 4.449715e+03 4.582118e+03 
1.218081e-01 4.355566e+03 4.402111e+03 
1.248283e-01 4.295300e+03 4.231840e+03 
1.278485e-01 4.258153e+03 4.070639e+03 
1.308687e-01 4.233149e+03 3.917899e+03 
1.338889e-01 4.209386e+03 3.773058e+03 
1.369091e-01 4.177465e+03 3.635600e+03 
1.399293e-01 4.129467e+03 3.505049e+03 
1.429495e-01 4.060422e+03 3.380967e+03 
1.459697e-01 3.967521e+03 3.262948e+03 
1.489899e-01 3.850912e+03 3.150617e+03 
1.520101e-01 3.712639e+03 3.043629e+03 
1.550303e-01 3.556572e+03 2.941660e+03 
1.580505e-01 3.388268e+03 2.844415e+03 
1.610707e-01 3.214285e+03 2.751614e+03 
1.640909e-01 3.041529e+03 2.663002e+03 
1.671111e-01 2.876565e+03 2.578339e+03 
1.701313e-01 2.724912e+03 2.497402e+03 
1.731515e-01 2.590530e+03 2.419983e+03 
1.761717e-01 2.475611e+03 2.345888e+03 
1.791919e-01 2.380691e+03 2.274936e+03 
1.822121e-01 2.305191e+03 2.206959e+03 
1.852323e-01 2.247643e+03 2.141798e+03 
1.882525e-01 2.206035e+03 2.079304e+03 
1.912727e-01 2.177688e+03 2.019341e+03 
1.942929e-01 2.159468e+03 1.961776e+03 
1.973131e-01 2.147792e+03 1.906489e+03 
2.003333e-01 2.138857e+03 1.853365e+03 
2.033535e-01 2.128860e+03 1.802296e+03 
2.063737e-01 2.114614e+03 1.753182e+03 
2.093939e-01 2.093548e+03 1.705927e+03 
2.124141e-01 2.064160e+03 1.660442e+03 
2.154343e-01 2.025787e+03 1.616643e+03 
2.184545e-01 1.978684e+03 1.574449e+03 
2.214747e-01 1.923808e+03 1.533787e+03 
2.244949e-01 1.862630e+03 1.494585e+03 
2.275152e-01 1.797089e+03 1.456776e+03 
2.305354e-01 1.729349e+03 1.420299e+03 
2.335556e-01 1.661745e+03 1.385092e+03 
2.365758e-01 1.596458e+03 1.351099e+03 
2.395960e-01 1.535392e+03 1.318268e+03 
2.426162e-01 1.480007e+03 1.286548e+03 
2.456364e-01 1.431360e+03 1.255890e+03 
2.486566e-01 1.389879e+03 1.226249e+03 
2.516768e-01 1.355612e+03 1.197583e+03 
2.546970e-01 1.328157e+03 1.169851e+03 
2.577172e-01 1.306810e+03 1.143013e+03 
2.607374e-01 1.290547e+03 1.117032e+03 
2.637576e-01 1.278151e+03 1.091875e+03 
2.667778e-01 1.268289e+03 1.067508e+03 
2.697980e-01 1.259609e+03 1.043898e+03 
2.728182e-01 1.250814e+03 1.021016e+03 
2.758384e-01 1.240766e+03 9.988338e+02 
2.788586e-01 1.228545e+03 9.773234e+02 
2.818788e-01 1.213516e+03 9.564589e+02 
2.848990e-01 1.195344e+03 9.362157e+02 
2.879192e-01 1.173956e+03 9.165700e+02 
2.909394e-01 1.149601e+03 8.974994e+02 
2.939596e-01 1.122723e+03 8.789823e+02 
2.969798e-01 1.093990e+03 8.609982e+02 
3.000000e-01 1.064160e+03 8.435276e+02 
