1.000000e-03 3.051519e+03 3.051488e+03 
4.020202e-03 1.039759e+04 1.047712e+04 
7.040404e-03 1.538658e+04 1.548618e+04 
1.006061e-02 1.857648e+04 1.866232e+04 
1.308081e-02 2.040584e+04 2.046805e+04 
1.610101e-02 2.120477e+04 2.120737e+04 
1.912121e-02 2.123601e+04 2.113050e+04 
2.214141e-02 2.071867e+04 2.050277e+04 
2.516162e-02 1.983838e+04 1.958084e+04 
2.818182e-02 1.874915e+04 1.855549e+04 
3.120202e-02 1.757409e+04 1.753450e+04 
3.422222e-02 1.640657e+04 1.656455e+04 
3.724242e-02 1.531065e+04 1.565955e+04 
4.026263e-02 1.432646e+04 1.481940e+04 
4.328283e-02 1.347176e+04 1.403937e+04 
4.630303e-02 1.274246e+04 1.331383e+04 
4.932323e-02 1.213991e+04 1.263758e+04 
5.234343e-02 1.164947e+04 1.200611e+04 
5.536364e-02 1.123449e+04 1.141554e+04 
5.838384e-02 1.087185e+04 1.086252e+04 
6.140404e-02 1.054242e+04 1.034413e+04 
6.442424e-02 1.022659e+04 9.857751e+03 
6.744444e-02 9.904814e+03 9.401039e+03 
7.046465e-02 9.563564e+03 8.971858e+03 
7.348485e-02 9.196227e+03 8.568257e+03 
7.650505e-02 8.802690e+03 8.188443e+03 
7.952525e-02 8.389305e+03 7.830764e+03 
8.254545e-02 7.966388e+03 7.493696e+03 
8.556566e-02 7.545578e+03 7.175832e+03 
8.858586e-02 7.137562e+03 6.875867e+03 
9.160606e-02 6.751577e+03 6.592599e+03 
9.462626e-02 6.395112e+03 6.324912e+03 
9.764646e-02 6.073750e+03 6.071774e+03 
1.006667e-01 5.791616e+03 5.832229e+03 
1.036869e-01 5.550174e+03 5.605393e+03 
1.067071e-01 5.348508e+03 5.390445e+03 
1.097273e-01 5.182367e+03 5.186626e+03 
1.127475e-01 5.045436e+03 4.993229e+03 
1.157677e-01 4.929613e+03 4.809603e+03 
1.187879e-01 4.826992e+03 4.635139e+03 
1.218081e-01 4.730090e+03 4.469275e+03 
1.248283e-01 4.633029e+03 4.311488e+03 
1.278485e-01 4.531030e+03 4.161290e+03 
1.308687e-01 4.421090e+03 4.018230e+03 
1.338889e-01 4.301420e+03 3.881887e+03 
1.369091e-01 4.171942e+03 3.751869e+03 
1.399293e-01 4.033800e+03 3.627810e+03 
1.429495e-01 3.889410e+03 3.509371e+03 
1.459697e-01 3.741935e+03 3.396233e+03 
1.489899e-01 3.595009e+03 3.288100e+03 
1.520101e-01 3.452105e+03 3.184695e+03 
1.550303e-01 3.316487e+03 3.085759e+03 
1.580505e-01 3.190849e+03 2.991051e+03 
1.610707e-01 3.077284e+03 2.900343e+03 
1.640909e-01 2.976794e+03 2.813424e+03 
1.671111e-01 2.889519e+03 2.730095e+03 
1.701313e-01 2.814575e+03 2.650169e+03 
1.731515e-01 2.750364e+03 2.573471e+03 
1.761717e-01 2.694733e+03 2.499837e+03 
1.791919e-01 2.645427e+03 2.429113e+03 
1.822121e-01 2.600175e+03 2.361154e+03 
1.852323e-01 2.556874e+03 2.295824e+03 
1.882525e-01 2.513588e+03 2.232993e+03 
1.912727e-01 2.468723e+03 2.172542e+03 
1.942929e-01 2.421019e+03 2.114357e+03 
1.973131e-01 2.369689e+03 2.058329e+03 
2.003333e-01 2.314598e+03 2.004359e+03 
2.033535e-01 2.256236e+03 1.952349e+03 
2.063737e-01 2.195547e+03 1.902211e+03 
2.093939e-01 2.133734e+03 1.853858e+03 
2.124141e-01 2.072049e+03 1.807211e+03 
2.154343e-01 2.011693e+03 1.762193e+03 
2.184545e-01 1.953649e+03 1.718731e+03 
2.214747e-01 1.898766e+03 1.676758e+03 
2.244949e-01 1.847721e+03 1.636209e+03 
2.275152e-01 1.800958e+03 1.597022e+03 
2.305354e-01 1.758656e+03 1.559139e+03 
2.335556e-01 1.720688e+03 1.522506e+03 
2.365758e-01 1.686684e+03 1.487070e+03 
2.395960e-01 1.656007e+03 1.452781e+03 
2.426162e-01 1.627912e+03 1.419591e+03 
2.456364e-01 1.601644e+03 1.387457e+03 
2.486566e-01 1.576479e+03 1.356335e+03 
2.516768e-01 1.551762e+03 1.326185e+03 
2.546970e-01 1.526926e+03 1.296969e+03 
2.577172e-01 1.501520e+03 1.268648e+03 
2.607374e-01 1.475226e+03 1.241189e+03 
2.637576e-01 1.447851e+03 1.214558e+03 
2.667778e-01 1.419451e+03 1.188724e+03 
2.697980e-01 1.390230e+03 1.163655e+03 
2.728182e-01 1.360551e+03 1.139323e+03 
2.758384e-01 1.330829e+03 1.115700e+03 
2.788586e-01 1.301495e+03 1.092760e+03 
2.818788e-01 1.272925e+03 1.070478e+03 
2.848990e-01 1.245408e+03 1.048830e+03 
2.879192e-01 1.219161e+03 1.027793e+03 
2.909394e-01 1.194330e+03 1.007344e+03 
2.939596e-01 1.171011e+03 9.874631e+02 
2.969798e-01 1.149255e+03 9.681297e+02 
3.000000e-01 1.129010e+03 9.493247e+02 
