1.000000e-03 2.531587e+03 2.531560e+03 
4.020202e-03 8.626831e+03 8.693189e+03 
7.040404e-03 1.276771e+04 1.284414e+04 
1.006061e-02 1.543385e+04 1.547811e+04 
1.308081e-02 1.700147e+04 1.699556e+04 
1.610101e-02 1.774966e+04 1.767060e+04 
1.912121e-02 1.789459e+04 1.772670e+04 
2.214141e-02 1.761112e+04 1.737714e+04 
2.516162e-02 1.704243e+04 1.680496e+04 
2.818182e-02 1.630536e+04 1.613534e+04 
3.120202e-02 1.549111e+04 1.543783e+04 
3.422222e-02 1.466743e+04 1.474577e+04 
3.724242e-02 1.388094e+04 1.407375e+04 
4.026263e-02 1.316114e+04 1.342780e+04 
4.328283e-02 1.251237e+04 1.281022e+04 
4.630303e-02 1.194346e+04 1.222169e+04 
4.932323e-02 1.145919e+04 1.166207e+04 
5.234343e-02 1.103464e+04 1.113080e+04 
5.536364e-02 1.064863e+04 1.062708e+04 
5.838384e-02 1.028740e+04 1.014991e+04 
6.140404e-02 9.942794e+03 9.698190e+03 
6.442424e-02 9.603791e+03 9.270767e+03 
6.744444e-02 9.258938e+03 8.866442e+03 
7.046465e-02 8.903024e+03 8.484016e+03 
7.348485e-02 8.535489e+03 8.122299e+03 
7.650505e-02 8.159774e+03 7.780131e+03 
7.952525e-02 7.783274e+03 7.456389e+03 
8.254545e-02 7.414534e+03 7.149996e+03 
8.556566e-02 7.061737e+03 6.859921e+03 
8.858586e-02 6.730637e+03 6.585189e+03 
9.160606e-02 6.424992e+03 6.324876e+03 
9.462626e-02 6.147005e+03 6.078110e+03 
9.764646e-02 5.897979e+03 5.844072e+03 
1.006667e-01 5.677970e+03 5.621991e+03 
1.036869e-01 5.485868e+03 5.411146e+03 
1.067071e-01 5.318580e+03 5.210861e+03 
1.097273e-01 5.171456e+03 5.020504e+03 
1.127475e-01 5.038531e+03 4.839483e+03 
1.157677e-01 4.913345e+03 4.667246e+03 
1.187879e-01 4.790959e+03 4.503276e+03 
1.218081e-01 4.667431e+03 4.347090e+03 
1.248283e-01 4.540692e+03 4.198237e+03 
1.278485e-01 4.409657e+03 4.056296e+03 
1.308687e-01 4.274755e+03 3.920872e+03 
1.338889e-01 4.136982e+03 3.791598e+03 
1.369091e-01 3.997950e+03 3.668129e+03 
1.399293e-01 3.859558e+03 3.550142e+03 
1.429495e-01 3.724055e+03 3.437337e+03 
1.459697e-01 3.593543e+03 3.329432e+03 
1.489899e-01 3.469836e+03 3.226161e+03 
1.520101e-01 3.354341e+03 3.127277e+03 
1.550303e-01 3.248022e+03 3.032547e+03 
1.580505e-01 3.151326e+03 2.941755e+03 
1.610707e-01 3.064230e+03 2.854696e+03 
1.640909e-01 2.985988e+03 2.771177e+03 
1.671111e-01 2.915353e+03 2.691019e+03 
1.701313e-01 2.850683e+03 2.614051e+03 
1.731515e-01 2.790173e+03 2.540116e+03 
1.761717e-01 2.732203e+03 2.469062e+03 
1.791919e-01 2.675339e+03 2.400748e+03 
1.822121e-01 2.618692e+03 2.335042e+03 
1.852323e-01 2.561592e+03 2.271819e+03 
1.882525e-01 2.503629e+03 2.210960e+03 
1.912727e-01 2.444587e+03 2.152354e+03 
1.942929e-01 2.384575e+03 2.095895e+03 
1.973131e-01 2.323938e+03 2.041485e+03 
2.003333e-01 2.263339e+03 1.989029e+03 
2.033535e-01 2.203557e+03 1.938440e+03 
2.063737e-01 2.145472e+03 1.889632e+03 
2.093939e-01 2.089777e+03 1.842527e+03 
2.124141e-01 2.036961e+03 1.797049e+03 
2.154343e-01 1.987239e+03 1.753128e+03 
2.184545e-01 1.940624e+03 1.710695e+03 
2.214747e-01 1.897037e+03 1.669687e+03 
2.244949e-01 1.856331e+03 1.630044e+03 
2.275152e-01 1.818256e+03 1.591707e+03 
2.305354e-01 1.782498e+03 1.554623e+03 
2.335556e-01 1.748611e+03 1.518738e+03 
2.365758e-01 1.716113e+03 1.484005e+03 
2.395960e-01 1.684513e+03 1.450376e+03 
2.426162e-01 1.653387e+03 1.417806e+03 
2.456364e-01 1.622495e+03 1.386253e+03 
2.486566e-01 1.591683e+03 1.355677e+03 
2.516768e-01 1.560901e+03 1.326039e+03 
2.546970e-01 1.530150e+03 1.297303e+03 
2.577172e-01 1.499478e+03 1.269434e+03 
2.607374e-01 1.468987e+03 1.242398e+03 
2.637576e-01 1.438834e+03 1.216164e+03 
2.667778e-01 1.409214e+03 1.190701e+03 
2.697980e-01 1.380352e+03 1.165981e+03 
2.728182e-01 1.352446e+03 1.141976e+03 
2.758384e-01 1.325665e+03 1.118660e+03 
2.788586e-01 1.300056e+03 1.096008e+03 
2.818788e-01 1.275603e+03 1.073994e+03 
2.848990e-01 1.252239e+03 1.052598e+03 
2.879192e-01 1.229879e+03 1.031795e+03 
2.909394e-01 1.208412e+03 1.011567e+03 
2.939596e-01 1.187729e+03 9.918910e+02 
2.969798e-01 1.167744e+03 9.727492e+02 
3.000000e-01 1.148360e+03 9.541230e+02 
