1.000000e-03 2.825960e+03 2.825929e+03 
4.020202e-03 9.429640e+03 9.502371e+03 
7.040404e-03 1.377596e+04 1.385335e+04 
1.006061e-02 1.648698e+04 1.651889e+04 
1.308081e-02 1.801667e+04 1.798061e+04 
1.610101e-02 1.868841e+04 1.856358e+04 
1.912121e-02 1.874558e+04 1.852821e+04 
2.214141e-02 1.837800e+04 1.810750e+04 
2.516162e-02 1.773870e+04 1.748468e+04 
2.818182e-02 1.694662e+04 1.677589e+04 
3.120202e-02 1.609315e+04 1.604284e+04 
3.422222e-02 1.524295e+04 1.531521e+04 
3.724242e-02 1.443860e+04 1.460684e+04 
4.026263e-02 1.370515e+04 1.392429e+04 
4.328283e-02 1.304426e+04 1.327063e+04 
4.630303e-02 1.245821e+04 1.264723e+04 
4.932323e-02 1.195054e+04 1.205442e+04 
5.234343e-02 1.149317e+04 1.149194e+04 
5.536364e-02 1.106541e+04 1.095910e+04 
5.838384e-02 1.066027e+04 1.045492e+04 
6.140404e-02 1.026631e+04 9.978267e+03 
6.442424e-02 9.873621e+03 9.527886e+03 
6.744444e-02 9.476524e+03 9.102469e+03 
7.046465e-02 9.073573e+03 8.700687e+03 
7.348485e-02 8.667280e+03 8.321224e+03 
7.650505e-02 8.264038e+03 7.962791e+03 
7.952525e-02 7.871904e+03 7.624143e+03 
8.254545e-02 7.498410e+03 7.304087e+03 
8.556566e-02 7.149049e+03 7.001486e+03 
8.858586e-02 6.826882e+03 6.715265e+03 
9.160606e-02 6.533444e+03 6.444409e+03 
9.462626e-02 6.269283e+03 6.187963e+03 
9.764646e-02 6.034063e+03 5.945030e+03 
1.006667e-01 5.826152e+03 5.714773e+03 
1.036869e-01 5.641950e+03 5.496407e+03 
1.067071e-01 5.476650e+03 5.289198e+03 
1.097273e-01 5.323892e+03 5.092463e+03 
1.127475e-01 5.177921e+03 4.905563e+03 
1.157677e-01 5.034027e+03 4.727903e+03 
1.187879e-01 4.889257e+03 4.558927e+03 
1.218081e-01 4.742372e+03 4.398118e+03 
1.248283e-01 4.593249e+03 4.244993e+03 
1.278485e-01 4.442606e+03 4.099101e+03 
1.308687e-01 4.291783e+03 3.960022e+03 
1.338889e-01 4.142509e+03 3.827363e+03 
1.369091e-01 3.996833e+03 3.700759e+03 
1.399293e-01 3.856841e+03 3.579868e+03 
1.429495e-01 3.724102e+03 3.464369e+03 
1.459697e-01 3.599866e+03 3.353964e+03 
1.489899e-01 3.484763e+03 3.248374e+03 
1.520101e-01 3.379081e+03 3.147337e+03 
1.550303e-01 3.282558e+03 3.050607e+03 
1.580505e-01 3.194576e+03 2.957957e+03 
1.610707e-01 3.113988e+03 2.869170e+03 
1.640909e-01 3.039400e+03 2.784044e+03 
1.671111e-01 2.969156e+03 2.702392e+03 
1.701313e-01 2.901691e+03 2.624034e+03 
1.731515e-01 2.835599e+03 2.548805e+03 
1.761717e-01 2.769961e+03 2.476547e+03 
1.791919e-01 2.704300e+03 2.407112e+03 
1.822121e-01 2.638460e+03 2.340363e+03 
1.852323e-01 2.572504e+03 2.276167e+03 
1.882525e-01 2.506610e+03 2.214403e+03 
1.912727e-01 2.441064e+03 2.154954e+03 
1.942929e-01 2.376467e+03 2.097710e+03 
1.973131e-01 2.313518e+03 2.042568e+03 
2.003333e-01 2.252830e+03 1.989431e+03 
2.033535e-01 2.194919e+03 1.938207e+03 
2.063737e-01 2.140062e+03 1.888808e+03 
2.093939e-01 2.088376e+03 1.841153e+03 
2.124141e-01 2.039719e+03 1.795163e+03 
2.154343e-01 1.993886e+03 1.750765e+03 
2.184545e-01 1.950642e+03 1.707889e+03 
2.214747e-01 1.909683e+03 1.666468e+03 
2.244949e-01 1.870629e+03 1.626442e+03 
2.275152e-01 1.833068e+03 1.587749e+03 
2.305354e-01 1.796567e+03 1.550333e+03 
2.335556e-01 1.760809e+03 1.514141e+03 
2.365758e-01 1.725575e+03 1.479123e+03 
2.395960e-01 1.690765e+03 1.445229e+03 
2.426162e-01 1.656348e+03 1.412415e+03 
2.456364e-01 1.622333e+03 1.380636e+03 
2.486566e-01 1.588750e+03 1.349850e+03 
2.516768e-01 1.555657e+03 1.320019e+03 
2.546970e-01 1.523138e+03 1.291105e+03 
2.577172e-01 1.491358e+03 1.263071e+03 
2.607374e-01 1.460493e+03 1.235885e+03 
2.637576e-01 1.430705e+03 1.209512e+03 
2.667778e-01 1.402102e+03 1.183923e+03 
2.697980e-01 1.374682e+03 1.159087e+03 
2.728182e-01 1.348390e+03 1.134976e+03 
2.758384e-01 1.323109e+03 1.111564e+03 
2.788586e-01 1.298727e+03 1.088825e+03 
2.818788e-01 1.275150e+03 1.066733e+03 
2.848990e-01 1.252308e+03 1.045266e+03 
2.879192e-01 1.230151e+03 1.024401e+03 
2.909394e-01 1.208598e+03 1.004116e+03 
2.939596e-01 1.187551e+03 9.843906e+02 
2.969798e-01 1.166917e+03 9.652057e+02 
3.000000e-01 1.146615e+03 9.465421e+02 
