1.000000e-03 2.762313e+03 2.762285e+03 
4.020202e-03 9.036308e+03 9.107430e+03 
7.040404e-03 1.311742e+04 1.319254e+04 
1.006061e-02 1.565683e+04 1.568216e+04 
1.308081e-02 1.710099e+04 1.705283e+04 
1.610101e-02 1.775965e+04 1.762295e+04 
1.912121e-02 1.785932e+04 1.763719e+04 
2.214141e-02 1.757334e+04 1.730227e+04 
2.516162e-02 1.703666e+04 1.677562e+04 
2.818182e-02 1.635439e+04 1.615737e+04 
3.120202e-02 1.560582e+04 1.550304e+04 
3.422222e-02 1.484791e+04 1.484172e+04 
3.724242e-02 1.411792e+04 1.418880e+04 
4.026263e-02 1.343767e+04 1.355281e+04 
4.328283e-02 1.281647e+04 1.293862e+04 
4.630303e-02 1.225136e+04 1.234898e+04 
4.932323e-02 1.174057e+04 1.178535e+04 
5.234343e-02 1.127789e+04 1.124828e+04 
5.536364e-02 1.084293e+04 1.073772e+04 
5.838384e-02 1.042499e+04 1.025321e+04 
6.140404e-02 1.002194e+04 9.794014e+03 
6.442424e-02 9.626706e+03 9.359184e+03 
6.744444e-02 9.233694e+03 8.947676e+03 
7.046465e-02 8.842095e+03 8.558375e+03 
7.348485e-02 8.453994e+03 8.190145e+03 
7.650505e-02 8.073564e+03 7.841847e+03 
7.952525e-02 7.706954e+03 7.512367e+03 
8.254545e-02 7.359609e+03 7.200619e+03 
8.556566e-02 7.035468e+03 6.905565e+03 
8.858586e-02 6.735888e+03 6.626211e+03 
9.160606e-02 6.460967e+03 6.361613e+03 
9.462626e-02 6.210095e+03 6.110879e+03 
9.764646e-02 5.982371e+03 5.873171e+03 
1.006667e-01 5.776429e+03 5.647697e+03 
1.036869e-01 5.589758e+03 5.433717e+03 
1.067071e-01 5.418720e+03 5.230536e+03 
1.097273e-01 5.258621e+03 5.037504e+03 
1.127475e-01 5.105151e+03 4.854013e+03 
1.157677e-01 4.954590e+03 4.679495e+03 
1.187879e-01 4.804672e+03 4.513418e+03 
1.218081e-01 4.654866e+03 4.355287e+03 
1.248283e-01 4.505356e+03 4.204638e+03 
1.278485e-01 4.357061e+03 4.061039e+03 
1.308687e-01 4.211091e+03 3.924085e+03 
1.338889e-01 4.068727e+03 3.793398e+03 
1.369091e-01 3.931251e+03 3.668625e+03 
1.399293e-01 3.799921e+03 3.549435e+03 
1.429495e-01 3.675690e+03 3.435519e+03 
1.459697e-01 3.559127e+03 3.326589e+03 
1.489899e-01 3.450428e+03 3.222373e+03 
1.520101e-01 3.349364e+03 3.122618e+03 
1.550303e-01 3.255535e+03 3.027085e+03 
1.580505e-01 3.168369e+03 2.935553e+03 
1.610707e-01 3.087052e+03 2.847812e+03 
1.640909e-01 3.010495e+03 2.763667e+03 
1.671111e-01 2.937560e+03 2.682932e+03 
1.701313e-01 2.867078e+03 2.605435e+03 
1.731515e-01 2.798147e+03 2.531012e+03 
1.761717e-01 2.730202e+03 2.459512e+03 
1.791919e-01 2.662958e+03 2.390790e+03 
1.822121e-01 2.596453e+03 2.324711e+03 
1.852323e-01 2.530795e+03 2.261146e+03 
1.882525e-01 2.466164e+03 2.199975e+03 
1.912727e-01 2.402799e+03 2.141085e+03 
1.942929e-01 2.341012e+03 2.084369e+03 
1.973131e-01 2.281140e+03 2.029726e+03 
2.003333e-01 2.223550e+03 1.977059e+03 
2.033535e-01 2.168514e+03 1.926279e+03 
2.063737e-01 2.116189e+03 1.877301e+03 
2.093939e-01 2.066552e+03 1.830044e+03 
2.124141e-01 2.019380e+03 1.784431e+03 
2.154343e-01 1.974436e+03 1.740390e+03 
2.184545e-01 1.931487e+03 1.697853e+03 
2.214747e-01 1.890303e+03 1.656754e+03 
2.244949e-01 1.850665e+03 1.617032e+03 
2.275152e-01 1.812331e+03 1.578629e+03 
2.305354e-01 1.775036e+03 1.541489e+03 
2.335556e-01 1.738564e+03 1.505559e+03 
2.365758e-01 1.702772e+03 1.470790e+03 
2.395960e-01 1.667605e+03 1.437134e+03 
2.426162e-01 1.633117e+03 1.404545e+03 
2.456364e-01 1.599352e+03 1.372982e+03 
2.486566e-01 1.566333e+03 1.342402e+03 
2.516768e-01 1.534083e+03 1.312768e+03 
2.546970e-01 1.502622e+03 1.284041e+03 
2.577172e-01 1.471992e+03 1.256187e+03 
2.607374e-01 1.442256e+03 1.229171e+03 
2.637576e-01 1.413475e+03 1.202963e+03 
2.667778e-01 1.385709e+03 1.177530e+03 
2.697980e-01 1.358966e+03 1.152845e+03 
2.728182e-01 1.333198e+03 1.128878e+03 
2.758384e-01 1.308317e+03 1.105604e+03 
2.788586e-01 1.284191e+03 1.082997e+03 
2.818788e-01 1.260725e+03 1.061033e+03 
2.848990e-01 1.237865e+03 1.039688e+03 
2.879192e-01 1.215579e+03 1.018940e+03 
2.909394e-01 1.193856e+03 9.987675e+02 
2.939596e-01 1.172667e+03 9.791509e+02 
2.969798e-01 1.151964e+03 9.600703e+02 
3.000000e-01 1.131704e+03 9.415071e+02 
