1.000000e-03 2.340742e+03 2.340718e+03 
4.020202e-03 7.917671e+03 7.978699e+03 
7.040404e-03 1.170256e+04 1.177067e+04 
1.006061e-02 1.415242e+04 1.418338e+04 
1.308081e-02 1.561614e+04 1.558991e+04 
1.610101e-02 1.634943e+04 1.624850e+04 
1.912121e-02 1.654696e+04 1.636644e+04 
2.214141e-02 1.636384e+04 1.613121e+04 
2.516162e-02 1.592549e+04 1.569540e+04 
2.818182e-02 1.533245e+04 1.516080e+04 
3.120202e-02 1.466271e+04 1.458504e+04 
3.422222e-02 1.397403e+04 1.399807e+04 
3.724242e-02 1.330581e+04 1.341533e+04 
4.026263e-02 1.268346e+04 1.284510e+04 
4.328283e-02 1.211446e+04 1.229207e+04 
4.630303e-02 1.159887e+04 1.175897e+04 
4.932323e-02 1.114479e+04 1.124733e+04 
5.234343e-02 1.073836e+04 1.075791e+04 
5.536364e-02 1.035760e+04 1.029090e+04 
5.838384e-02 9.993690e+03 9.846129e+03 
6.140404e-02 9.641307e+03 9.423146e+03 
6.442424e-02 9.295529e+03 9.021309e+03 
6.744444e-02 8.949033e+03 8.639849e+03 
7.046465e-02 8.597559e+03 8.277919e+03 
7.348485e-02 8.241457e+03 7.934625e+03 
7.650505e-02 7.884688e+03 7.609056e+03 
7.952525e-02 7.533451e+03 7.300303e+03 
8.254545e-02 7.195356e+03 7.007470e+03 
8.556566e-02 6.876163e+03 6.729686e+03 
8.858586e-02 6.579602e+03 6.466113e+03 
9.160606e-02 6.306997e+03 6.215944e+03 
9.462626e-02 6.058523e+03 5.978415e+03 
9.764646e-02 5.833713e+03 5.752797e+03 
1.006667e-01 5.631803e+03 5.538403e+03 
1.036869e-01 5.451015e+03 5.334583e+03 
1.067071e-01 5.288596e+03 5.140724e+03 
1.097273e-01 5.140503e+03 4.956252e+03 
1.127475e-01 5.001771e+03 4.780626e+03 
1.157677e-01 4.867958e+03 4.613338e+03 
1.187879e-01 4.735159e+03 4.453913e+03 
1.218081e-01 4.601289e+03 4.301904e+03 
1.248283e-01 4.465403e+03 4.156893e+03 
1.278485e-01 4.327876e+03 4.018488e+03 
1.308687e-01 4.189739e+03 3.886322e+03 
1.338889e-01 4.052459e+03 3.760051e+03 
1.369091e-01 3.917649e+03 3.639351e+03 
1.399293e-01 3.786844e+03 3.523920e+03 
1.429495e-01 3.661458e+03 3.413474e+03 
1.459697e-01 3.542512e+03 3.307749e+03 
1.489899e-01 3.430818e+03 3.206492e+03 
1.520101e-01 3.326833e+03 3.109472e+03 
1.550303e-01 3.230790e+03 3.016466e+03 
1.580505e-01 3.142531e+03 2.927269e+03 
1.610707e-01 3.061599e+03 2.841687e+03 
1.640909e-01 2.987022e+03 2.759536e+03 
1.671111e-01 2.917589e+03 2.680644e+03 
1.701313e-01 2.851782e+03 2.604851e+03 
1.731515e-01 2.788226e+03 2.532004e+03 
1.761717e-01 2.725830e+03 2.461959e+03 
1.791919e-01 2.663886e+03 2.394581e+03 
1.822121e-01 2.602158e+03 2.329742e+03 
1.852323e-01 2.540568e+03 2.267324e+03 
1.882525e-01 2.479175e+03 2.207211e+03 
1.912727e-01 2.418096e+03 2.149297e+03 
1.942929e-01 2.357498e+03 2.093480e+03 
1.973131e-01 2.297733e+03 2.039665e+03 
2.003333e-01 2.239295e+03 1.987762e+03 
2.033535e-01 2.182738e+03 1.937684e+03 
2.063737e-01 2.128628e+03 1.889351e+03 
2.093939e-01 2.077269e+03 1.842685e+03 
2.124141e-01 2.028794e+03 1.797615e+03 
2.154343e-01 1.983057e+03 1.754071e+03 
2.184545e-01 1.939796e+03 1.711988e+03 
2.214747e-01 1.898738e+03 1.671304e+03 
2.244949e-01 1.859612e+03 1.631960e+03 
2.275152e-01 1.822176e+03 1.593900e+03 
2.305354e-01 1.786181e+03 1.557072e+03 
2.335556e-01 1.751341e+03 1.521423e+03 
2.365758e-01 1.717369e+03 1.486908e+03 
2.395960e-01 1.684011e+03 1.453479e+03 
2.426162e-01 1.651065e+03 1.421094e+03 
2.456364e-01 1.618467e+03 1.389711e+03 
2.486566e-01 1.586210e+03 1.359290e+03 
2.516768e-01 1.554371e+03 1.329795e+03 
2.546970e-01 1.523043e+03 1.301190e+03 
2.577172e-01 1.492316e+03 1.273440e+03 
2.607374e-01 1.462286e+03 1.246513e+03 
2.637576e-01 1.433049e+03 1.220378e+03 
2.667778e-01 1.404693e+03 1.195006e+03 
2.697980e-01 1.377293e+03 1.170367e+03 
2.728182e-01 1.350894e+03 1.146435e+03 
2.758384e-01 1.325511e+03 1.123185e+03 
2.788586e-01 1.301110e+03 1.100591e+03 
2.818788e-01 1.277613e+03 1.078629e+03 
2.848990e-01 1.254930e+03 1.057279e+03 
2.879192e-01 1.232959e+03 1.036517e+03 
2.909394e-01 1.211612e+03 1.016323e+03 
2.939596e-01 1.190804e+03 9.966768e+02 
2.969798e-01 1.170472e+03 9.775602e+02 
3.000000e-01 1.150558e+03 9.589547e+02 
