1.000000e-03 3.256706e+03 3.256676e+03 
4.020202e-03 1.102431e+04 1.110946e+04 
7.040404e-03 1.620612e+04 1.630962e+04 
1.006061e-02 1.944927e+04 1.953353e+04 
1.308081e-02 2.124957e+04 2.130244e+04 
1.610101e-02 2.197409e+04 2.195778e+04 
1.912121e-02 2.191024e+04 2.178113e+04 
2.214141e-02 2.129429e+04 2.106291e+04 
2.516162e-02 2.032204e+04 2.007066e+04 
2.818182e-02 1.915475e+04 1.899303e+04 
3.120202e-02 1.791864e+04 1.793118e+04 
3.422222e-02 1.670683e+04 1.692649e+04 
3.724242e-02 1.558156e+04 1.599003e+04 
4.026263e-02 1.457992e+04 1.512057e+04 
4.328283e-02 1.371600e+04 1.431305e+04 
4.630303e-02 1.298272e+04 1.356182e+04 
4.932323e-02 1.237696e+04 1.286171e+04 
5.234343e-02 1.188045e+04 1.220823e+04 
5.536364e-02 1.145352e+04 1.159747e+04 
5.838384e-02 1.107594e+04 1.102601e+04 
6.140404e-02 1.072762e+04 1.049083e+04 
6.442424e-02 1.038363e+04 9.989215e+03 
6.744444e-02 1.002833e+04 9.518687e+03 
7.046465e-02 9.651980e+03 9.076999e+03 
7.348485e-02 9.250348e+03 8.662083e+03 
7.650505e-02 8.826455e+03 8.272038e+03 
7.952525e-02 8.388607e+03 7.905109e+03 
8.254545e-02 7.948034e+03 7.559680e+03 
8.556566e-02 7.516395e+03 7.234255e+03 
8.858586e-02 7.103950e+03 6.927455e+03 
9.160606e-02 6.719371e+03 6.638003e+03 
9.462626e-02 6.369550e+03 6.364722e+03 
9.764646e-02 6.059173e+03 6.106521e+03 
1.006667e-01 5.791144e+03 5.862392e+03 
1.036869e-01 5.564809e+03 5.631405e+03 
1.067071e-01 5.377087e+03 5.412697e+03 
1.097273e-01 5.221488e+03 5.205471e+03 
1.127475e-01 5.090373e+03 5.008987e+03 
1.157677e-01 4.975259e+03 4.822562e+03 
1.187879e-01 4.868537e+03 4.645562e+03 
1.218081e-01 4.763519e+03 4.477398e+03 
1.248283e-01 4.655212e+03 4.317526e+03 
1.278485e-01 4.539802e+03 4.165439e+03 
1.308687e-01 4.415279e+03 4.020667e+03 
1.338889e-01 4.280912e+03 3.882772e+03 
1.369091e-01 4.137985e+03 3.751348e+03 
1.399293e-01 3.988790e+03 3.626017e+03 
1.429495e-01 3.836684e+03 3.506426e+03 
1.459697e-01 3.685245e+03 3.392246e+03 
1.489899e-01 3.538118e+03 3.283173e+03 
1.520101e-01 3.398415e+03 3.178918e+03 
1.550303e-01 3.268801e+03 3.079217e+03 
1.580505e-01 3.151166e+03 2.983819e+03 
1.610707e-01 3.046760e+03 2.892491e+03 
1.640909e-01 2.955656e+03 2.805015e+03 
1.671111e-01 2.877170e+03 2.721187e+03 
1.701313e-01 2.809653e+03 2.640816e+03 
1.731515e-01 2.750946e+03 2.563721e+03 
1.761717e-01 2.698466e+03 2.489734e+03 
1.791919e-01 2.649865e+03 2.418698e+03 
1.822121e-01 2.603012e+03 2.350464e+03 
1.852323e-01 2.556086e+03 2.284892e+03 
1.882525e-01 2.507517e+03 2.221852e+03 
1.912727e-01 2.456251e+03 2.161219e+03 
1.942929e-01 2.401641e+03 2.102878e+03 
1.973131e-01 2.343686e+03 2.046719e+03 
2.003333e-01 2.282853e+03 1.992638e+03 
2.033535e-01 2.220130e+03 1.940539e+03 
2.063737e-01 2.156682e+03 1.890329e+03 
2.093939e-01 2.093780e+03 1.841921e+03 
2.124141e-01 2.032599e+03 1.795234e+03 
2.154343e-01 1.974196e+03 1.750189e+03 
2.184545e-01 1.919299e+03 1.706714e+03 
2.214747e-01 1.868456e+03 1.664740e+03 
2.244949e-01 1.821973e+03 1.624199e+03 
2.275152e-01 1.779901e+03 1.585031e+03 
2.305354e-01 1.741942e+03 1.547176e+03 
2.335556e-01 1.707614e+03 1.510578e+03 
2.365758e-01 1.676278e+03 1.475184e+03 
2.395960e-01 1.647228e+03 1.440944e+03 
2.426162e-01 1.619727e+03 1.407810e+03 
2.456364e-01 1.593114e+03 1.375736e+03 
2.486566e-01 1.566780e+03 1.344680e+03 
2.516768e-01 1.540183e+03 1.314599e+03 
2.546970e-01 1.512901e+03 1.285456e+03 
2.577172e-01 1.484707e+03 1.257213e+03 
2.607374e-01 1.455564e+03 1.229835e+03 
2.637576e-01 1.425641e+03 1.203287e+03 
2.667778e-01 1.395257e+03 1.177538e+03 
2.697980e-01 1.364829e+03 1.152557e+03 
2.728182e-01 1.334736e+03 1.128315e+03 
2.758384e-01 1.305325e+03 1.104784e+03 
2.788586e-01 1.276870e+03 1.081937e+03 
2.818788e-01 1.249600e+03 1.059750e+03 
2.848990e-01 1.223684e+03 1.038197e+03 
2.879192e-01 1.199248e+03 1.017256e+03 
2.909394e-01 1.176364e+03 9.969038e+02 
2.939596e-01 1.155005e+03 9.771203e+02 
2.969798e-01 1.135047e+03 9.578847e+02 
3.000000e-01 1.116288e+03 9.391777e+02 
