1.000000e-03 2.376438e+03 2.376415e+03 
4.020202e-03 7.979758e+03 8.043296e+03 
7.040404e-03 1.170172e+04 1.176655e+04 
1.006061e-02 1.406482e+04 1.407550e+04 
1.308081e-02 1.545726e+04 1.538799e+04 
1.610101e-02 1.615291e+04 1.599424e+04 
1.912121e-02 1.635218e+04 1.611569e+04 
2.214141e-02 1.620665e+04 1.592904e+04 
2.516162e-02 1.583294e+04 1.556163e+04 
2.818182e-02 1.532042e+04 1.509381e+04 
3.120202e-02 1.473556e+04 1.457282e+04 
3.422222e-02 1.412590e+04 1.402655e+04 
3.724242e-02 1.352259e+04 1.347219e+04 
4.026263e-02 1.294509e+04 1.292076e+04 
4.328283e-02 1.239961e+04 1.237951e+04 
4.630303e-02 1.188630e+04 1.185319e+04 
4.932323e-02 1.141244e+04 1.134485e+04 
5.234343e-02 1.096815e+04 1.085633e+04 
5.536364e-02 1.053725e+04 1.038860e+04 
5.838384e-02 1.012075e+04 9.942016e+03 
6.140404e-02 9.719501e+03 9.516518e+03 
6.442424e-02 9.328519e+03 9.111727e+03 
6.744444e-02 8.945502e+03 8.727060e+03 
7.046465e-02 8.570949e+03 8.361798e+03 
7.348485e-02 8.207381e+03 8.015139e+03 
7.650505e-02 7.858370e+03 7.686233e+03 
7.952525e-02 7.528277e+03 7.374212e+03 
8.254545e-02 7.219891e+03 7.078208e+03 
8.556566e-02 6.933743e+03 6.797367e+03 
8.858586e-02 6.668717e+03 6.530860e+03 
9.160606e-02 6.422863e+03 6.277887e+03 
9.462626e-02 6.194575e+03 6.037684e+03 
9.764646e-02 5.982454e+03 5.809521e+03 
1.006667e-01 5.785286e+03 5.592708e+03 
1.036869e-01 5.601021e+03 5.386591e+03 
1.067071e-01 5.426726e+03 5.190553e+03 
1.097273e-01 5.259215e+03 5.004015e+03 
1.127475e-01 5.095683e+03 4.826429e+03 
1.157677e-01 4.934996e+03 4.657283e+03 
1.187879e-01 4.776619e+03 4.496097e+03 
1.218081e-01 4.621328e+03 4.342417e+03 
1.248283e-01 4.470305e+03 4.195821e+03 
1.278485e-01 4.324453e+03 4.055913e+03 
1.308687e-01 4.184520e+03 3.922319e+03 
1.338889e-01 4.051079e+03 3.794692e+03 
1.369091e-01 3.924556e+03 3.672704e+03 
1.399293e-01 3.805075e+03 3.556049e+03 
1.429495e-01 3.692432e+03 3.444440e+03 
1.459697e-01 3.586284e+03 3.337607e+03 
1.489899e-01 3.486096e+03 3.235297e+03 
1.520101e-01 3.391315e+03 3.137273e+03 
1.550303e-01 3.301384e+03 3.043311e+03 
1.580505e-01 3.215714e+03 2.953202e+03 
1.610707e-01 3.133590e+03 2.866751e+03 
1.640909e-01 3.054286e+03 2.783770e+03 
1.671111e-01 2.977227e+03 2.704087e+03 
1.701313e-01 2.901927e+03 2.627537e+03 
1.731515e-01 2.828268e+03 2.553966e+03 
1.761717e-01 2.756345e+03 2.483230e+03 
1.791919e-01 2.686307e+03 2.415191e+03 
1.822121e-01 2.618342e+03 2.349719e+03 
1.852323e-01 2.552556e+03 2.286694e+03 
1.882525e-01 2.488949e+03 2.226001e+03 
1.912727e-01 2.427557e+03 2.167530e+03 
1.942929e-01 2.368484e+03 2.111179e+03 
1.973131e-01 2.311817e+03 2.056853e+03 
2.003333e-01 2.257571e+03 2.004458e+03 
2.033535e-01 2.205701e+03 1.953908e+03 
2.063737e-01 2.155972e+03 1.905121e+03 
2.093939e-01 2.108106e+03 1.858020e+03 
2.124141e-01 2.061875e+03 1.812532e+03 
2.154343e-01 2.017083e+03 1.768585e+03 
2.184545e-01 1.973623e+03 1.726114e+03 
2.214747e-01 1.931441e+03 1.685057e+03 
2.244949e-01 1.890453e+03 1.645353e+03 
2.275152e-01 1.850545e+03 1.606947e+03 
2.305354e-01 1.811638e+03 1.569785e+03 
2.335556e-01 1.773705e+03 1.533815e+03 
2.365758e-01 1.736743e+03 1.498989e+03 
2.395960e-01 1.700789e+03 1.465261e+03 
2.426162e-01 1.665877e+03 1.432586e+03 
2.456364e-01 1.632015e+03 1.400924e+03 
2.486566e-01 1.599194e+03 1.370235e+03 
2.516768e-01 1.567356e+03 1.340480e+03 
2.546970e-01 1.536434e+03 1.311623e+03 
2.577172e-01 1.506406e+03 1.283630e+03 
2.607374e-01 1.477274e+03 1.256467e+03 
2.637576e-01 1.449026e+03 1.230105e+03 
2.667778e-01 1.421645e+03 1.204512e+03 
2.697980e-01 1.395077e+03 1.179660e+03 
2.728182e-01 1.369231e+03 1.155522e+03 
2.758384e-01 1.344033e+03 1.132072e+03 
2.788586e-01 1.319437e+03 1.109284e+03 
2.818788e-01 1.295414e+03 1.087135e+03 
2.848990e-01 1.271971e+03 1.065602e+03 
2.879192e-01 1.249116e+03 1.044664e+03 
2.909394e-01 1.226845e+03 1.024298e+03 
2.939596e-01 1.205147e+03 1.004487e+03 
2.969798e-01 1.183992e+03 9.852088e+02 
3.000000e-01 1.163347e+03 9.664469e+02 
