1.000000e-03 3.356756e+03 3.356720e+03 
4.020202e-03 1.119872e+04 1.128566e+04 
7.040404e-03 1.636944e+04 1.647387e+04 
1.006061e-02 1.957930e+04 1.966140e+04 
1.308081e-02 2.134586e+04 2.139241e+04 
1.610101e-02 2.204409e+04 2.201852e+04 
1.912121e-02 2.196316e+04 2.182342e+04 
2.214141e-02 2.133808e+04 2.109411e+04 
2.516162e-02 2.036267e+04 2.009380e+04 
2.818182e-02 1.919527e+04 1.900876e+04 
3.120202e-02 1.795991e+04 1.793961e+04 
3.422222e-02 1.674792e+04 1.692791e+04 
3.724242e-02 1.562061e+04 1.598498e+04 
4.026263e-02 1.461437e+04 1.510973e+04 
4.328283e-02 1.374451e+04 1.429714e+04 
4.630303e-02 1.300414e+04 1.354156e+04 
4.932323e-02 1.238809e+04 1.283775e+04 
5.234343e-02 1.188267e+04 1.218115e+04 
5.536364e-02 1.144959e+04 1.156779e+04 
5.838384e-02 1.106552e+04 1.099418e+04 
6.140404e-02 1.071254e+04 1.045724e+04 
6.442424e-02 1.036651e+04 9.954205e+03 
6.744444e-02 1.001148e+04 9.482550e+03 
7.046465e-02 9.637823e+03 9.039986e+03 
7.348485e-02 9.240860e+03 8.624410e+03 
7.650505e-02 8.822712e+03 8.233890e+03 
7.952525e-02 8.390510e+03 7.866646e+03 
8.254545e-02 7.954875e+03 7.521037e+03 
8.556566e-02 7.526986e+03 7.195549e+03 
8.858586e-02 7.117026e+03 6.888784e+03 
9.160606e-02 6.733568e+03 6.599452e+03 
9.462626e-02 6.383314e+03 6.326362e+03 
9.764646e-02 6.071036e+03 6.068413e+03 
1.006667e-01 5.799837e+03 5.824588e+03 
1.036869e-01 5.569389e+03 5.593947e+03 
1.067071e-01 5.376963e+03 5.375621e+03 
1.097273e-01 5.216832e+03 5.168806e+03 
1.127475e-01 5.081910e+03 4.972757e+03 
1.157677e-01 4.964015e+03 4.786787e+03 
1.187879e-01 4.855419e+03 4.610258e+03 
1.218081e-01 4.749758e+03 4.442577e+03 
1.248283e-01 4.641840e+03 4.283197e+03 
1.278485e-01 4.527819e+03 4.131608e+03 
1.308687e-01 4.405423e+03 3.987339e+03 
1.338889e-01 4.273745e+03 3.849949e+03 
1.369091e-01 4.133649e+03 3.719031e+03 
1.399293e-01 3.987097e+03 3.594205e+03 
1.429495e-01 3.837263e+03 3.475117e+03 
1.459697e-01 3.687652e+03 3.361438e+03 
1.489899e-01 3.541680e+03 3.252861e+03 
1.520101e-01 3.402430e+03 3.149098e+03 
1.550303e-01 3.272403e+03 3.049883e+03 
1.580505e-01 3.153561e+03 2.954966e+03 
1.610707e-01 3.047261e+03 2.864113e+03 
1.640909e-01 2.953878e+03 2.777105e+03 
1.671111e-01 2.872994e+03 2.693739e+03 
1.701313e-01 2.803186e+03 2.613821e+03 
1.731515e-01 2.742497e+03 2.537173e+03 
1.761717e-01 2.688516e+03 2.463626e+03 
1.791919e-01 2.638841e+03 2.393021e+03 
1.822121e-01 2.591382e+03 2.325212e+03 
1.852323e-01 2.544299e+03 2.260057e+03 
1.882525e-01 2.496087e+03 2.197425e+03 
1.912727e-01 2.445652e+03 2.137194e+03 
1.942929e-01 2.392303e+03 2.079246e+03 
1.973131e-01 2.335853e+03 2.023473e+03 
2.003333e-01 2.276509e+03 1.969772e+03 
2.033535e-01 2.215104e+03 1.918043e+03 
2.063737e-01 2.152727e+03 1.868197e+03 
2.093939e-01 2.090573e+03 1.820146e+03 
2.124141e-01 2.029801e+03 1.773809e+03 
2.154343e-01 1.971426e+03 1.729107e+03 
2.184545e-01 1.916272e+03 1.685968e+03 
2.214747e-01 1.864916e+03 1.644322e+03 
2.244949e-01 1.817682e+03 1.604104e+03 
2.275152e-01 1.774667e+03 1.565252e+03 
2.305354e-01 1.735692e+03 1.527706e+03 
2.335556e-01 1.700396e+03 1.491412e+03 
2.365758e-01 1.668192e+03 1.456315e+03 
2.395960e-01 1.638423e+03 1.422366e+03 
2.426162e-01 1.610431e+03 1.389517e+03 
2.456364e-01 1.583563e+03 1.357722e+03 
2.486566e-01 1.557188e+03 1.326940e+03 
2.516768e-01 1.530769e+03 1.297128e+03 
2.546970e-01 1.503883e+03 1.268247e+03 
2.577172e-01 1.476256e+03 1.240262e+03 
2.607374e-01 1.447748e+03 1.213135e+03 
2.637576e-01 1.418476e+03 1.186835e+03 
2.667778e-01 1.388692e+03 1.161328e+03 
2.697980e-01 1.358745e+03 1.136584e+03 
2.728182e-01 1.329001e+03 1.112575e+03 
2.758384e-01 1.299805e+03 1.089272e+03 
2.788586e-01 1.271451e+03 1.066649e+03 
2.818788e-01 1.244156e+03 1.044681e+03 
2.848990e-01 1.218102e+03 1.023343e+03 
2.879192e-01 1.193434e+03 1.002612e+03 
2.909394e-01 1.170225e+03 9.824667e+02 
2.939596e-01 1.148488e+03 9.628857e+02 
2.969798e-01 1.128141e+03 9.438487e+02 
3.000000e-01 1.109042e+03 9.253365e+02 
