1.000000e-03 2.758113e+03 2.758087e+03 
4.020202e-03 9.153812e+03 9.225371e+03 
7.040404e-03 1.332489e+04 1.339791e+04 
1.006061e-02 1.590974e+04 1.592937e+04 
1.308081e-02 1.736585e+04 1.730775e+04 
1.610101e-02 1.801393e+04 1.786378e+04 
1.912121e-02 1.808990e+04 1.785568e+04 
2.214141e-02 1.777469e+04 1.750007e+04 
2.516162e-02 1.720960e+04 1.695722e+04 
2.818182e-02 1.650288e+04 1.632594e+04 
3.120202e-02 1.573572e+04 1.565999e+04 
3.422222e-02 1.496547e+04 1.498756e+04 
3.724242e-02 1.422857e+04 1.432379e+04 
4.026263e-02 1.354536e+04 1.367726e+04 
4.328283e-02 1.292261e+04 1.305297e+04 
4.630303e-02 1.235670e+04 1.245379e+04 
4.932323e-02 1.184477e+04 1.188125e+04 
5.234343e-02 1.137609e+04 1.133593e+04 
5.536364e-02 1.093096e+04 1.081779e+04 
5.838384e-02 1.050186e+04 1.032634e+04 
6.140404e-02 1.008504e+04 9.860811e+03 
6.442424e-02 9.673569e+03 9.420220e+03 
6.744444e-02 9.264168e+03 9.003479e+03 
7.046465e-02 8.857332e+03 8.609431e+03 
7.348485e-02 8.456948e+03 8.236895e+03 
7.650505e-02 8.068557e+03 7.884695e+03 
7.952525e-02 7.698483e+03 7.551676e+03 
8.254545e-02 7.351387e+03 7.236721e+03 
8.556566e-02 7.030011e+03 6.938757e+03 
8.858586e-02 6.734685e+03 6.656763e+03 
9.160606e-02 6.464978e+03 6.389768e+03 
9.462626e-02 6.220027e+03 6.136858e+03 
9.764646e-02 5.998564e+03 5.897171e+03 
1.006667e-01 5.798231e+03 5.669898e+03 
1.036869e-01 5.615400e+03 5.454280e+03 
1.067071e-01 5.445208e+03 5.249607e+03 
1.097273e-01 5.282620e+03 5.055215e+03 
1.127475e-01 5.123917e+03 4.870483e+03 
1.157677e-01 4.966237e+03 4.694832e+03 
1.187879e-01 4.808918e+03 4.527721e+03 
1.218081e-01 4.652121e+03 4.368645e+03 
1.248283e-01 4.496706e+03 4.217131e+03 
1.278485e-01 4.343800e+03 4.072740e+03 
1.308687e-01 4.194789e+03 3.935060e+03 
1.338889e-01 4.051103e+03 3.803708e+03 
1.369091e-01 3.914031e+03 3.678324e+03 
1.399293e-01 3.784669e+03 3.558574e+03 
1.429495e-01 3.663470e+03 3.444144e+03 
1.459697e-01 3.550600e+03 3.334740e+03 
1.489899e-01 3.445746e+03 3.230088e+03 
1.520101e-01 3.348411e+03 3.129932e+03 
1.550303e-01 3.257866e+03 3.034031e+03 
1.580505e-01 3.173252e+03 2.942158e+03 
1.610707e-01 3.093457e+03 2.854103e+03 
1.640909e-01 3.017304e+03 2.769668e+03 
1.671111e-01 2.943605e+03 2.688665e+03 
1.701313e-01 2.871341e+03 2.610920e+03 
1.731515e-01 2.800053e+03 2.536269e+03 
1.761717e-01 2.729511e+03 2.464557e+03 
1.791919e-01 2.659838e+03 2.395639e+03 
1.822121e-01 2.591234e+03 2.329377e+03 
1.852323e-01 2.523921e+03 2.265644e+03 
1.882525e-01 2.458156e+03 2.204317e+03 
1.912727e-01 2.394273e+03 2.145281e+03 
1.942929e-01 2.332619e+03 2.088430e+03 
1.973131e-01 2.273534e+03 2.033661e+03 
2.003333e-01 2.217267e+03 1.980878e+03 
2.033535e-01 2.163830e+03 1.929989e+03 
2.063737e-01 2.113133e+03 1.880910e+03 
2.093939e-01 2.064924e+03 1.833558e+03 
2.124141e-01 2.018934e+03 1.787856e+03 
2.154343e-01 1.974907e+03 1.743733e+03 
2.184545e-01 1.932584e+03 1.701118e+03 
2.214747e-01 1.891696e+03 1.659947e+03 
2.244949e-01 1.851987e+03 1.620158e+03 
2.275152e-01 1.813231e+03 1.581691e+03 
2.305354e-01 1.775265e+03 1.544492e+03 
2.335556e-01 1.738039e+03 1.508506e+03 
2.365758e-01 1.701546e+03 1.473685e+03 
2.395960e-01 1.665835e+03 1.439979e+03 
2.426162e-01 1.630944e+03 1.407344e+03 
2.456364e-01 1.596888e+03 1.375737e+03 
2.486566e-01 1.563687e+03 1.345116e+03 
2.516768e-01 1.531369e+03 1.315442e+03 
2.546970e-01 1.499987e+03 1.286678e+03 
2.577172e-01 1.469636e+03 1.258789e+03 
2.607374e-01 1.440375e+03 1.231741e+03 
2.637576e-01 1.412200e+03 1.205500e+03 
2.667778e-01 1.385057e+03 1.180038e+03 
2.697980e-01 1.358820e+03 1.155324e+03 
2.728182e-01 1.333376e+03 1.131331e+03 
2.758384e-01 1.308637e+03 1.108031e+03 
2.788586e-01 1.284544e+03 1.085399e+03 
2.818788e-01 1.261073e+03 1.063411e+03 
2.848990e-01 1.238200e+03 1.042043e+03 
2.879192e-01 1.215895e+03 1.021273e+03 
2.909394e-01 1.194116e+03 1.001080e+03 
2.939596e-01 1.172802e+03 9.814438e+02 
2.969798e-01 1.151917e+03 9.623440e+02 
3.000000e-01 1.131461e+03 9.437622e+02 
