1.000000e-03 5.829920e+03 5.829863e+03 
4.020202e-03 1.970605e+04 1.986095e+04 
7.040404e-03 2.892441e+04 2.915182e+04 
1.006061e-02 3.458367e+04 3.489290e+04 
1.308081e-02 3.752150e+04 3.796000e+04 
1.610101e-02 3.836715e+04 3.885882e+04 
1.912121e-02 3.763569e+04 3.796074e+04 
2.214141e-02 3.577592e+04 3.572623e+04 
2.516162e-02 3.318126e+04 3.274020e+04 
2.818182e-02 3.019146e+04 2.955870e+04 
3.120202e-02 2.708591e+04 2.655625e+04 
3.422222e-02 2.407788e+04 2.390205e+04 
3.724242e-02 2.131585e+04 2.162548e+04 
4.026263e-02 1.889203e+04 1.968984e+04 
4.328283e-02 1.683671e+04 1.803897e+04 
4.630303e-02 1.515605e+04 1.661873e+04 
4.932323e-02 1.384485e+04 1.538390e+04 
5.234343e-02 1.285495e+04 1.429895e+04 
5.536364e-02 1.213091e+04 1.333652e+04 
5.838384e-02 1.161990e+04 1.247564e+04 
6.140404e-02 1.127078e+04 1.170009e+04 
6.442424e-02 1.102925e+04 1.099723e+04 
6.744444e-02 1.084529e+04 1.035700e+04 
7.046465e-02 1.067604e+04 9.771302e+03 
7.348485e-02 1.048408e+04 9.233513e+03 
7.650505e-02 1.024004e+04 8.738137e+03 
7.952525e-02 9.924815e+03 8.280553e+03 
8.254545e-02 9.531285e+03 7.856832e+03 
8.556566e-02 9.063747e+03 7.463601e+03 
8.858586e-02 8.535371e+03 7.097936e+03 
9.160606e-02 7.965928e+03 6.757284e+03 
9.462626e-02 7.379105e+03 6.439401e+03 
9.764646e-02 6.798820e+03 6.142305e+03 
1.006667e-01 6.248069e+03 5.864234e+03 
1.036869e-01 5.744986e+03 5.603613e+03 
1.067071e-01 5.303349e+03 5.359035e+03 
1.097273e-01 4.930267e+03 5.129233e+03 
1.127475e-01 4.628466e+03 4.913064e+03 
1.157677e-01 4.395296e+03 4.709495e+03 
1.187879e-01 4.225406e+03 4.517589e+03 
1.218081e-01 4.111119e+03 4.336496e+03 
1.248283e-01 4.042907e+03 4.165439e+03 
1.278485e-01 4.010040e+03 4.003713e+03 
1.308687e-01 4.000755e+03 3.850669e+03 
1.338889e-01 4.003028e+03 3.705717e+03 
1.369091e-01 4.004942e+03 3.568313e+03 
1.399293e-01 3.996149e+03 3.437957e+03 
1.429495e-01 3.968094e+03 3.314192e+03 
1.459697e-01 3.915143e+03 3.196594e+03 
1.489899e-01 3.833857e+03 3.084773e+03 
1.520101e-01 3.723901e+03 2.978369e+03 
1.550303e-01 3.587234e+03 2.877050e+03 
1.580505e-01 3.428493e+03 2.780506e+03 
1.610707e-01 3.254185e+03 2.688453e+03 
1.640909e-01 3.072138e+03 2.600624e+03 
1.671111e-01 2.890547e+03 2.516775e+03 
1.701313e-01 2.717098e+03 2.436675e+03 
1.731515e-01 2.557698e+03 2.360112e+03 
1.761717e-01 2.416647e+03 2.286888e+03 
1.791919e-01 2.296395e+03 2.216818e+03 
1.822121e-01 2.197855e+03 2.149728e+03 
1.852323e-01 2.120829e+03 2.085459e+03 
1.882525e-01 2.064161e+03 2.023858e+03 
1.912727e-01 2.026006e+03 1.964786e+03 
1.942929e-01 2.003607e+03 1.908110e+03 
1.973131e-01 1.993557e+03 1.853707e+03 
2.003333e-01 1.991843e+03 1.801460e+03 
2.033535e-01 1.994184e+03 1.751262e+03 
2.063737e-01 1.996303e+03 1.703008e+03 
2.093939e-01 1.994485e+03 1.656605e+03 
2.124141e-01 1.985642e+03 1.611961e+03 
2.154343e-01 1.967659e+03 1.568992e+03 
2.184545e-01 1.939300e+03 1.527617e+03 
2.214747e-01 1.900186e+03 1.487761e+03 
2.244949e-01 1.850941e+03 1.449353e+03 
2.275152e-01 1.792864e+03 1.412326e+03 
2.305354e-01 1.728017e+03 1.376617e+03 
2.335556e-01 1.658853e+03 1.342165e+03 
2.365758e-01 1.588183e+03 1.308915e+03 
2.395960e-01 1.518657e+03 1.276813e+03 
2.426162e-01 1.452689e+03 1.245808e+03 
2.456364e-01 1.392191e+03 1.215853e+03 
2.486566e-01 1.338650e+03 1.186902e+03 
2.516768e-01 1.292886e+03 1.158913e+03 
2.546970e-01 1.255257e+03 1.131843e+03 
2.577172e-01 1.225621e+03 1.105656e+03 
2.607374e-01 1.203426e+03 1.080314e+03 
2.637576e-01 1.187794e+03 1.055782e+03 
2.667778e-01 1.177494e+03 1.032027e+03 
2.697980e-01 1.171129e+03 1.009018e+03 
2.728182e-01 1.167182e+03 9.867253e+02 
2.758384e-01 1.164139e+03 9.651197e+02 
2.788586e-01 1.160528e+03 9.441745e+02 
2.818788e-01 1.155104e+03 9.238637e+02 
2.848990e-01 1.146826e+03 9.041630e+02 
2.879192e-01 1.134992e+03 8.850487e+02 
2.909394e-01 1.119176e+03 8.664987e+02 
2.939596e-01 1.099348e+03 8.484916e+02 
2.969798e-01 1.075786e+03 8.310071e+02 
3.000000e-01 1.049053e+03 8.140258e+02 
