1.000000e-03 2.731422e+03 2.731390e+03 
4.020202e-03 9.228416e+03 9.299974e+03 
7.040404e-03 1.355369e+04 1.363216e+04 
1.006061e-02 1.627606e+04 1.631366e+04 
1.308081e-02 1.782744e+04 1.780324e+04 
1.610101e-02 1.852083e+04 1.841190e+04 
1.912121e-02 1.859355e+04 1.839030e+04 
2.214141e-02 1.823464e+04 1.796916e+04 
2.516162e-02 1.759574e+04 1.733694e+04 
2.818182e-02 1.679757e+04 1.661678e+04 
3.120202e-02 1.593338e+04 1.587476e+04 
3.422222e-02 1.507055e+04 1.514203e+04 
3.724242e-02 1.425404e+04 1.443223e+04 
4.026263e-02 1.351114e+04 1.375112e+04 
4.328283e-02 1.284432e+04 1.310097e+04 
4.630303e-02 1.225768e+04 1.248245e+04 
4.932323e-02 1.175610e+04 1.189537e+04 
5.234343e-02 1.131129e+04 1.133908e+04 
5.536364e-02 1.090159e+04 1.081263e+04 
5.838384e-02 1.051731e+04 1.031488e+04 
6.140404e-02 1.014564e+04 9.844569e+03 
6.442424e-02 9.775506e+03 9.400361e+03 
6.744444e-02 9.399589e+03 8.980901e+03 
7.046465e-02 9.014781e+03 8.584833e+03 
7.348485e-02 8.622299e+03 8.210825e+03 
7.650505e-02 8.227621e+03 7.857585e+03 
7.952525e-02 7.838425e+03 7.523868e+03 
8.254545e-02 7.462672e+03 7.208488e+03 
8.556566e-02 7.107372e+03 6.910316e+03 
8.858586e-02 6.777081e+03 6.628286e+03 
9.160606e-02 6.474704e+03 6.361395e+03 
9.462626e-02 6.201882e+03 6.108698e+03 
9.764646e-02 5.959220e+03 5.869312e+03 
1.006667e-01 5.745913e+03 5.642409e+03 
1.036869e-01 5.559239e+03 5.427216e+03 
1.067071e-01 5.394923e+03 5.223010e+03 
1.097273e-01 5.246739e+03 5.029117e+03 
1.127475e-01 5.108601e+03 4.844908e+03 
1.157677e-01 4.974854e+03 4.669797e+03 
1.187879e-01 4.841484e+03 4.503238e+03 
1.218081e-01 4.706006e+03 4.344720e+03 
1.248283e-01 4.567323e+03 4.193768e+03 
1.278485e-01 4.425346e+03 4.049938e+03 
1.308687e-01 4.280908e+03 3.912818e+03 
1.338889e-01 4.135413e+03 3.782020e+03 
1.369091e-01 3.990932e+03 3.657185e+03 
1.399293e-01 3.849765e+03 3.537976e+03 
1.429495e-01 3.714029e+03 3.424078e+03 
1.459697e-01 3.585599e+03 3.315197e+03 
1.489899e-01 3.465651e+03 3.211058e+03 
1.520101e-01 3.354996e+03 3.111403e+03 
1.550303e-01 3.253877e+03 3.015993e+03 
1.580505e-01 3.162161e+03 2.924600e+03 
1.610707e-01 3.079158e+03 2.837013e+03 
1.640909e-01 3.003783e+03 2.753033e+03 
1.671111e-01 2.934461e+03 2.672475e+03 
1.701313e-01 2.869486e+03 2.595163e+03 
1.731515e-01 2.807077e+03 2.520934e+03 
1.761717e-01 2.745864e+03 2.449632e+03 
1.791919e-01 2.684873e+03 2.381113e+03 
1.822121e-01 2.623535e+03 2.315239e+03 
1.852323e-01 2.561576e+03 2.251883e+03 
1.882525e-01 2.498980e+03 2.190922e+03 
1.912727e-01 2.435908e+03 2.132243e+03 
1.942929e-01 2.372792e+03 2.075738e+03 
1.973131e-01 2.310202e+03 2.021305e+03 
2.003333e-01 2.248870e+03 1.968848e+03 
2.033535e-01 2.189529e+03 1.918276e+03 
2.063737e-01 2.132753e+03 1.869504e+03 
2.093939e-01 2.078970e+03 1.822451e+03 
2.124141e-01 2.028323e+03 1.777040e+03 
2.154343e-01 1.980828e+03 1.733198e+03 
2.184545e-01 1.936343e+03 1.690857e+03 
2.214747e-01 1.894641e+03 1.649951e+03 
2.244949e-01 1.855390e+03 1.610420e+03 
2.275152e-01 1.818193e+03 1.572203e+03 
2.305354e-01 1.782593e+03 1.535247e+03 
2.335556e-01 1.748165e+03 1.499497e+03 
2.365758e-01 1.714522e+03 1.464905e+03 
2.395960e-01 1.681397e+03 1.431422e+03 
2.426162e-01 1.648608e+03 1.399003e+03 
2.456364e-01 1.616061e+03 1.367606e+03 
2.486566e-01 1.583716e+03 1.337188e+03 
2.516768e-01 1.551564e+03 1.307713e+03 
2.546970e-01 1.519633e+03 1.279141e+03 
2.577172e-01 1.488070e+03 1.251439e+03 
2.607374e-01 1.457067e+03 1.224572e+03 
2.637576e-01 1.426856e+03 1.198508e+03 
2.667778e-01 1.397644e+03 1.173218e+03 
2.697980e-01 1.369550e+03 1.148670e+03 
2.728182e-01 1.342628e+03 1.124839e+03 
2.758384e-01 1.316828e+03 1.101696e+03 
2.788586e-01 1.292085e+03 1.079218e+03 
2.818788e-01 1.268318e+03 1.057378e+03 
2.848990e-01 1.245456e+03 1.036155e+03 
2.879192e-01 1.223430e+03 1.015527e+03 
2.909394e-01 1.202155e+03 9.954705e+02 
2.939596e-01 1.181529e+03 9.759671e+02 
2.969798e-01 1.161428e+03 9.569969e+02 
3.000000e-01 1.141722e+03 9.385412e+02 
