1.000000e-03 3.656072e+03 3.656032e+03 
4.020202e-03 1.238013e+04 1.247581e+04 
7.040404e-03 1.814703e+04 1.826512e+04 
1.006061e-02 2.169738e+04 2.180437e+04 
1.308081e-02 2.360019e+04 2.368674e+04 
1.610101e-02 2.427574e+04 2.429249e+04 
1.912121e-02 2.405510e+04 2.393735e+04 
2.214141e-02 2.321239e+04 2.295978e+04 
2.516162e-02 2.197688e+04 2.168205e+04 
2.818182e-02 2.053601e+04 2.033442e+04 
3.120202e-02 1.903767e+04 1.903828e+04 
3.422222e-02 1.758963e+04 1.783900e+04 
3.724242e-02 1.626298e+04 1.674374e+04 
4.026263e-02 1.509920e+04 1.574505e+04 
4.328283e-02 1.410966e+04 1.483185e+04 
4.630303e-02 1.328632e+04 1.399353e+04 
4.932323e-02 1.262745e+04 1.322105e+04 
5.234343e-02 1.210159e+04 1.250691e+04 
5.536364e-02 1.166574e+04 1.184494e+04 
5.838384e-02 1.129529e+04 1.122999e+04 
6.140404e-02 1.095910e+04 1.065766e+04 
6.442424e-02 1.062840e+04 1.012417e+04 
6.744444e-02 1.028425e+04 9.626192e+03 
7.046465e-02 9.912956e+03 9.160796e+03 
7.348485e-02 9.508171e+03 8.725354e+03 
7.650505e-02 9.071361e+03 8.317502e+03 
7.952525e-02 8.610702e+03 7.935105e+03 
8.254545e-02 8.138496e+03 7.576224e+03 
8.556566e-02 7.668761e+03 7.239095e+03 
8.858586e-02 7.215036e+03 6.922108e+03 
9.160606e-02 6.789368e+03 6.623793e+03 
9.462626e-02 6.401508e+03 6.342804e+03 
9.764646e-02 6.058732e+03 6.077907e+03 
1.006667e-01 5.764784e+03 5.827970e+03 
1.036869e-01 5.520287e+03 5.591955e+03 
1.067071e-01 5.321378e+03 5.368905e+03 
1.097273e-01 5.161783e+03 5.157942e+03 
1.127475e-01 5.032995e+03 4.958254e+03 
1.157677e-01 4.925984e+03 4.769097e+03 
1.187879e-01 4.831637e+03 4.589782e+03 
1.218081e-01 4.741790e+03 4.419671e+03 
1.248283e-01 4.649298e+03 4.258178e+03 
1.278485e-01 4.548690e+03 4.104758e+03 
1.308687e-01 4.435936e+03 3.958909e+03 
1.338889e-01 4.309622e+03 3.820163e+03 
1.369091e-01 4.170125e+03 3.688089e+03 
1.399293e-01 4.020073e+03 3.562285e+03 
1.429495e-01 3.863083e+03 3.442379e+03 
1.459697e-01 3.703504e+03 3.328023e+03 
1.489899e-01 3.545593e+03 3.218895e+03 
1.520101e-01 3.393463e+03 3.114695e+03 
1.550303e-01 3.250801e+03 3.015143e+03 
1.580505e-01 3.120754e+03 2.919979e+03 
1.610707e-01 3.005482e+03 2.828959e+03 
1.640909e-01 2.905973e+03 2.741856e+03 
1.671111e-01 2.821899e+03 2.658457e+03 
1.701313e-01 2.751694e+03 2.578564e+03 
1.731515e-01 2.692988e+03 2.501991e+03 
1.761717e-01 2.643029e+03 2.428563e+03 
1.791919e-01 2.598996e+03 2.358117e+03 
1.822121e-01 2.558234e+03 2.290501e+03 
1.852323e-01 2.518314e+03 2.225570e+03 
1.882525e-01 2.477121e+03 2.163189e+03 
1.912727e-01 2.432919e+03 2.103232e+03 
1.942929e-01 2.384372e+03 2.045580e+03 
1.973131e-01 2.330965e+03 1.990120e+03 
2.003333e-01 2.272775e+03 1.936746e+03 
2.033535e-01 2.210756e+03 1.885359e+03 
2.063737e-01 2.146214e+03 1.835866e+03 
2.093939e-01 2.080752e+03 1.788177e+03 
2.124141e-01 2.015917e+03 1.742210e+03 
2.154343e-01 1.953145e+03 1.697884e+03 
2.184545e-01 1.893592e+03 1.655127e+03 
2.214747e-01 1.838202e+03 1.613866e+03 
2.244949e-01 1.787585e+03 1.574037e+03 
2.275152e-01 1.742089e+03 1.535574e+03 
2.305354e-01 1.701683e+03 1.498420e+03 
2.335556e-01 1.666053e+03 1.462517e+03 
2.365758e-01 1.634618e+03 1.427812e+03 
2.395960e-01 1.606600e+03 1.394253e+03 
2.426162e-01 1.581105e+03 1.361793e+03 
2.456364e-01 1.557187e+03 1.330386e+03 
2.486566e-01 1.533925e+03 1.299988e+03 
2.516768e-01 1.510504e+03 1.270558e+03 
2.546970e-01 1.486277e+03 1.242057e+03 
2.577172e-01 1.460805e+03 1.214447e+03 
2.607374e-01 1.433912e+03 1.187693e+03 
2.637576e-01 1.405626e+03 1.161761e+03 
2.667778e-01 1.376202e+03 1.136618e+03 
2.697980e-01 1.345997e+03 1.112235e+03 
2.728182e-01 1.315431e+03 1.088581e+03 
2.758384e-01 1.284953e+03 1.065630e+03 
2.788586e-01 1.255033e+03 1.043354e+03 
2.818788e-01 1.226098e+03 1.021727e+03 
2.848990e-01 1.198524e+03 1.000727e+03 
2.879192e-01 1.172580e+03 9.803291e+02 
2.909394e-01 1.148449e+03 9.605119e+02 
2.939596e-01 1.126162e+03 9.412542e+02 
2.969798e-01 1.105653e+03 9.225357e+02 
3.000000e-01 1.086750e+03 9.043372e+02 
