1.000000e-03 3.485802e+03 3.485766e+03 
4.020202e-03 1.170224e+04 1.186652e+04 
7.040404e-03 1.709350e+04 1.742531e+04 
1.006061e-02 2.040200e+04 2.092260e+04 
1.308081e-02 2.218109e+04 2.298564e+04 
1.610101e-02 2.283221e+04 2.405547e+04 
1.912121e-02 2.266732e+04 2.444763e+04 
2.214141e-02 2.194004e+04 2.438985e+04 
2.516162e-02 2.085832e+04 2.403973e+04 
2.818182e-02 1.959209e+04 2.350209e+04 
3.120202e-02 1.827167e+04 2.284635e+04 
3.422222e-02 1.699248e+04 2.211932e+04 
3.724242e-02 1.581637e+04 2.135320e+04 
4.026263e-02 1.477841e+04 2.057039e+04 
4.328283e-02 1.388984e+04 1.978653e+04 
4.630303e-02 1.314120e+04 1.901247e+04 
4.932323e-02 1.252634e+04 1.825563e+04 
5.234343e-02 1.202275e+04 1.752098e+04 
5.536364e-02 1.159020e+04 1.681167e+04 
5.838384e-02 1.120531e+04 1.612957e+04 
6.140404e-02 1.084503e+04 1.547562e+04 
6.442424e-02 1.048541e+04 1.485008e+04 
6.744444e-02 1.011183e+04 1.425272e+04 
7.046465e-02 9.715581e+03 1.368299e+04 
7.348485e-02 9.293790e+03 1.314011e+04 
7.650505e-02 8.850781e+03 1.262313e+04 
7.952525e-02 8.395883e+03 1.213103e+04 
8.254545e-02 7.940936e+03 1.166272e+04 
8.556566e-02 7.498250e+03 1.121709e+04 
8.858586e-02 7.078408e+03 1.079305e+04 
9.160606e-02 6.690331e+03 1.038951e+04 
9.462626e-02 6.341027e+03 1.000540e+04 
9.764646e-02 6.034632e+03 9.639711e+03 
1.006667e-01 5.772966e+03 9.291454e+03 
1.036869e-01 5.554088e+03 8.959692e+03 
1.067071e-01 5.373362e+03 8.643531e+03 
1.097273e-01 5.223218e+03 8.342124e+03 
1.127475e-01 5.095412e+03 8.054668e+03 
1.157677e-01 4.981450e+03 7.780403e+03 
1.187879e-01 4.873818e+03 7.518611e+03 
1.218081e-01 4.765875e+03 7.268618e+03 
1.248283e-01 4.652770e+03 7.029786e+03 
1.278485e-01 4.530977e+03 6.801515e+03 
1.308687e-01 4.398984e+03 6.583240e+03 
1.338889e-01 4.256922e+03 6.374431e+03 
1.369091e-01 4.106768e+03 6.174587e+03 
1.399293e-01 3.951653e+03 5.983237e+03 
1.429495e-01 3.795467e+03 5.799940e+03 
1.459697e-01 3.641914e+03 5.624279e+03 
1.489899e-01 3.494458e+03 5.455863e+03 
1.520101e-01 3.355941e+03 5.294322e+03 
1.550303e-01 3.228784e+03 5.139310e+03 
1.580505e-01 3.114774e+03 4.990500e+03 
1.610707e-01 3.014767e+03 4.847584e+03 
1.640909e-01 2.928490e+03 4.710272e+03 
1.671111e-01 2.854593e+03 4.578290e+03 
1.701313e-01 2.790927e+03 4.451380e+03 
1.731515e-01 2.734913e+03 4.329300e+03 
1.761717e-01 2.683879e+03 4.211819e+03 
1.791919e-01 2.635481e+03 4.098721e+03 
1.822121e-01 2.587672e+03 3.989802e+03 
1.852323e-01 2.538884e+03 3.884867e+03 
1.882525e-01 2.487842e+03 3.783733e+03 
1.912727e-01 2.433603e+03 3.686229e+03 
1.942929e-01 2.375872e+03 3.592190e+03 
1.973131e-01 2.314881e+03 3.501462e+03 
2.003333e-01 2.251473e+03 3.413897e+03 
2.033535e-01 2.186797e+03 3.329357e+03 
2.063737e-01 2.122228e+03 3.247710e+03 
2.093939e-01 2.059104e+03 3.168831e+03 
2.124141e-01 1.998571e+03 3.092603e+03 
2.154343e-01 1.941502e+03 3.018912e+03 
2.184545e-01 1.888462e+03 2.947651e+03 
2.214747e-01 1.839785e+03 2.878721e+03 
2.244949e-01 1.795607e+03 2.812023e+03 
2.275152e-01 1.755722e+03 2.747467e+03 
2.305354e-01 1.719730e+03 2.684966e+03 
2.335556e-01 1.687023e+03 2.624437e+03 
2.365758e-01 1.656910e+03 2.565801e+03 
2.395960e-01 1.628630e+03 2.508983e+03 
2.426162e-01 1.601438e+03 2.453911e+03 
2.456364e-01 1.574625e+03 2.400518e+03 
2.486566e-01 1.547615e+03 2.348739e+03 
2.516768e-01 1.519956e+03 2.298511e+03 
2.546970e-01 1.491422e+03 2.249776e+03 
2.577172e-01 1.461944e+03 2.202477e+03 
2.607374e-01 1.431693e+03 2.156561e+03 
2.637576e-01 1.400947e+03 2.111976e+03 
2.667778e-01 1.370093e+03 2.068674e+03 
2.697980e-01 1.339502e+03 2.026607e+03 
2.728182e-01 1.309519e+03 1.985730e+03 
2.758384e-01 1.280456e+03 1.946001e+03 
2.788586e-01 1.252593e+03 1.907378e+03 
2.818788e-01 1.226133e+03 1.869823e+03 
2.848990e-01 1.201218e+03 1.833298e+03 
2.879192e-01 1.177888e+03 1.797767e+03 
2.909394e-01 1.156105e+03 1.763195e+03 
2.939596e-01 1.135734e+03 1.729550e+03 
2.969798e-01 1.116576e+03 1.696799e+03 
3.000000e-01 1.098383e+03 1.664913e+03 
