1.000000e-03 2.344655e+03 2.344633e+03 
4.020202e-03 8.011739e+03 8.074842e+03 
7.040404e-03 1.181230e+04 1.187758e+04 
1.006061e-02 1.422936e+04 1.424514e+04 
1.308081e-02 1.564439e+04 1.558681e+04 
1.610101e-02 1.633295e+04 1.618966e+04 
1.912121e-02 1.650099e+04 1.627976e+04 
2.214141e-02 1.630681e+04 1.604623e+04 
2.516162e-02 1.587531e+04 1.562952e+04 
2.818182e-02 1.530329e+04 1.511790e+04 
3.120202e-02 1.466329e+04 1.456125e+04 
3.422222e-02 1.400701e+04 1.398720e+04 
3.724242e-02 1.336968e+04 1.341166e+04 
4.026263e-02 1.276940e+04 1.284426e+04 
4.328283e-02 1.220628e+04 1.229106e+04 
4.630303e-02 1.169746e+04 1.175591e+04 
4.932323e-02 1.123905e+04 1.124113e+04 
5.234343e-02 1.080698e+04 1.074803e+04 
5.536364e-02 1.039394e+04 1.027718e+04 
5.838384e-02 9.996085e+03 9.828631e+03 
6.140404e-02 9.608348e+03 9.402079e+03 
6.442424e-02 9.226571e+03 8.996957e+03 
6.744444e-02 8.848114e+03 8.612537e+03 
7.046465e-02 8.473314e+03 8.247983e+03 
7.348485e-02 8.105029e+03 7.902398e+03 
7.650505e-02 7.748330e+03 7.574856e+03 
7.952525e-02 7.408454e+03 7.264426e+03 
8.254545e-02 7.089660e+03 6.970192e+03 
8.556566e-02 6.793811e+03 6.691258e+03 
8.858586e-02 6.521110e+03 6.426759e+03 
9.160606e-02 6.270610e+03 6.175870e+03 
9.462626e-02 6.041347e+03 5.937801e+03 
9.764646e-02 5.832097e+03 5.711806e+03 
1.006667e-01 5.641076e+03 5.497177e+03 
1.036869e-01 5.465271e+03 5.293247e+03 
1.067071e-01 5.300818e+03 5.099391e+03 
1.097273e-01 5.143607e+03 4.915017e+03 
1.127475e-01 4.989901e+03 4.739574e+03 
1.157677e-01 4.837841e+03 4.572542e+03 
1.187879e-01 4.686379e+03 4.413437e+03 
1.218081e-01 4.536021e+03 4.261802e+03 
1.248283e-01 4.387746e+03 4.117212e+03 
1.278485e-01 4.242602e+03 3.979267e+03 
1.308687e-01 4.101673e+03 3.847594e+03 
1.338889e-01 3.966080e+03 3.721844e+03 
1.369091e-01 3.836904e+03 3.601688e+03 
1.399293e-01 3.714809e+03 3.486820e+03 
1.429495e-01 3.600222e+03 3.376952e+03 
1.459697e-01 3.493069e+03 3.271814e+03 
1.489899e-01 3.393016e+03 3.171155e+03 
1.520101e-01 3.299542e+03 3.074737e+03 
1.550303e-01 3.212008e+03 2.982338e+03 
1.580505e-01 3.129625e+03 2.893749e+03 
1.610707e-01 3.051506e+03 2.808774e+03 
1.640909e-01 2.976673e+03 2.727229e+03 
1.671111e-01 2.904110e+03 2.648941e+03 
1.701313e-01 2.833116e+03 2.573746e+03 
1.731515e-01 2.763231e+03 2.501492e+03 
1.761717e-01 2.694317e+03 2.432034e+03 
1.791919e-01 2.626491e+03 2.365237e+03 
1.822121e-01 2.559941e+03 2.300972e+03 
1.852323e-01 2.494911e+03 2.239118e+03 
1.882525e-01 2.431616e+03 2.179562e+03 
1.912727e-01 2.370244e+03 2.122196e+03 
1.942929e-01 2.311023e+03 2.066919e+03 
1.973131e-01 2.254222e+03 2.013634e+03 
2.003333e-01 2.199999e+03 1.962251e+03 
2.033535e-01 2.148375e+03 1.912684e+03 
2.063737e-01 2.099243e+03 1.864853e+03 
2.093939e-01 2.052342e+03 1.818680e+03 
2.124141e-01 2.007410e+03 1.774092e+03 
2.154343e-01 1.964208e+03 1.731021e+03 
2.184545e-01 1.922521e+03 1.689401e+03 
2.214747e-01 1.882169e+03 1.649171e+03 
2.244949e-01 1.842971e+03 1.610271e+03 
2.275152e-01 1.804732e+03 1.572646e+03 
2.305354e-01 1.767307e+03 1.536242e+03 
2.335556e-01 1.730648e+03 1.501010e+03 
2.365758e-01 1.694754e+03 1.466902e+03 
2.395960e-01 1.659703e+03 1.433872e+03 
2.426162e-01 1.625557e+03 1.401877e+03 
2.456364e-01 1.592309e+03 1.370875e+03 
2.486566e-01 1.559947e+03 1.340828e+03 
2.516768e-01 1.528468e+03 1.311697e+03 
2.546970e-01 1.497883e+03 1.283448e+03 
2.577172e-01 1.468244e+03 1.256047e+03 
2.607374e-01 1.439597e+03 1.229461e+03 
2.637576e-01 1.411944e+03 1.203659e+03 
2.667778e-01 1.385257e+03 1.178611e+03 
2.697980e-01 1.359432e+03 1.154291e+03 
2.728182e-01 1.334353e+03 1.130670e+03 
2.758384e-01 1.309938e+03 1.107724e+03 
2.788586e-01 1.286122e+03 1.085427e+03 
2.818788e-01 1.262885e+03 1.063756e+03 
2.848990e-01 1.240221e+03 1.042689e+03 
2.879192e-01 1.218113e+03 1.022205e+03 
2.909394e-01 1.196542e+03 1.002282e+03 
2.939596e-01 1.175469e+03 9.829015e+02 
2.969798e-01 1.154854e+03 9.640443e+02 
3.000000e-01 1.134685e+03 9.456923e+02 
