1.000000e-03 3.110216e+03 3.110187e+03 
4.020202e-03 1.053205e+04 1.061319e+04 
7.040404e-03 1.550203e+04 1.560111e+04 
1.006061e-02 1.862812e+04 1.870980e+04 
1.308081e-02 2.037804e+04 2.043045e+04 
1.610101e-02 2.109754e+04 2.108498e+04 
1.912121e-02 2.105956e+04 2.093898e+04 
2.214141e-02 2.048846e+04 2.026785e+04 
2.516162e-02 1.957138e+04 1.932763e+04 
2.818182e-02 1.846267e+04 1.830068e+04 
3.120202e-02 1.728341e+04 1.728584e+04 
3.422222e-02 1.612368e+04 1.632415e+04 
3.724242e-02 1.504395e+04 1.542694e+04 
4.026263e-02 1.408071e+04 1.459340e+04 
4.328283e-02 1.324842e+04 1.381885e+04 
4.630303e-02 1.254076e+04 1.309795e+04 
4.932323e-02 1.195580e+04 1.242581e+04 
5.234343e-02 1.147660e+04 1.179813e+04 
5.536364e-02 1.106554e+04 1.121123e+04 
5.838384e-02 1.070234e+04 1.066184e+04 
6.140404e-02 1.036777e+04 1.014711e+04 
6.442424e-02 1.003942e+04 9.664450e+03 
6.744444e-02 9.701195e+03 9.211520e+03 
7.046465e-02 9.342746e+03 8.786181e+03 
7.348485e-02 8.959601e+03 8.386473e+03 
7.650505e-02 8.554233e+03 8.010586e+03 
7.952525e-02 8.134402e+03 7.656854e+03 
8.254545e-02 7.710841e+03 7.323736e+03 
8.556566e-02 7.294920e+03 7.009810e+03 
8.858586e-02 6.896604e+03 6.713759e+03 
9.160606e-02 6.524264e+03 6.434368e+03 
9.462626e-02 6.184552e+03 6.170511e+03 
9.764646e-02 5.882168e+03 5.921148e+03 
1.006667e-01 5.620141e+03 5.685315e+03 
1.036869e-01 5.398243e+03 5.462121e+03 
1.067071e-01 5.213881e+03 5.250743e+03 
1.097273e-01 5.061331e+03 5.050415e+03 
1.127475e-01 4.933394e+03 4.860432e+03 
1.157677e-01 4.821730e+03 4.680136e+03 
1.187879e-01 4.718878e+03 4.508921e+03 
1.218081e-01 4.618236e+03 4.346222e+03 
1.248283e-01 4.514891e+03 4.191516e+03 
1.278485e-01 4.405051e+03 4.044317e+03 
1.308687e-01 4.286629e+03 3.904173e+03 
1.338889e-01 4.158779e+03 3.770664e+03 
1.369091e-01 4.022376e+03 3.643400e+03 
1.399293e-01 3.879451e+03 3.522016e+03 
1.429495e-01 3.733136e+03 3.406174e+03 
1.459697e-01 3.586851e+03 3.295559e+03 
1.489899e-01 3.444109e+03 3.189874e+03 
1.520101e-01 3.308023e+03 3.088845e+03 
1.550303e-01 3.181328e+03 2.992216e+03 
1.580505e-01 3.065965e+03 2.899745e+03 
1.610707e-01 2.963219e+03 2.811208e+03 
1.640909e-01 2.873384e+03 2.726396e+03 
1.671111e-01 2.795879e+03 2.645111e+03 
1.701313e-01 2.729196e+03 2.567168e+03 
1.731515e-01 2.671339e+03 2.492395e+03 
1.761717e-01 2.620002e+03 2.420628e+03 
1.791919e-01 2.572873e+03 2.351717e+03 
1.822121e-01 2.527747e+03 2.285517e+03 
1.852323e-01 2.482818e+03 2.221894e+03 
1.882525e-01 2.436557e+03 2.160721e+03 
1.912727e-01 2.387834e+03 2.101879e+03 
1.942929e-01 2.335941e+03 2.045255e+03 
1.973131e-01 2.280673e+03 1.990744e+03 
2.003333e-01 2.222452e+03 1.938247e+03 
2.033535e-01 2.162171e+03 1.887668e+03 
2.063737e-01 2.100964e+03 1.838920e+03 
2.093939e-01 2.040046e+03 1.791917e+03 
2.124141e-01 1.980540e+03 1.746582e+03 
2.154343e-01 1.923454e+03 1.702839e+03 
2.184545e-01 1.869584e+03 1.660616e+03 
2.214747e-01 1.819530e+03 1.619848e+03 
2.244949e-01 1.773664e+03 1.580470e+03 
2.275152e-01 1.732077e+03 1.542422e+03 
2.305354e-01 1.694608e+03 1.505647e+03 
2.335556e-01 1.660803e+03 1.470092e+03 
2.365758e-01 1.630050e+03 1.435704e+03 
2.395960e-01 1.601653e+03 1.402434e+03 
2.426162e-01 1.574910e+03 1.370238e+03 
2.456364e-01 1.549166e+03 1.339070e+03 
2.486566e-01 1.523816e+03 1.308889e+03 
2.516768e-01 1.498321e+03 1.279654e+03 
2.546970e-01 1.472269e+03 1.251329e+03 
2.577172e-01 1.445366e+03 1.223878e+03 
2.607374e-01 1.417529e+03 1.197265e+03 
2.637576e-01 1.388825e+03 1.171458e+03 
2.667778e-01 1.359551e+03 1.146427e+03 
2.697980e-01 1.330086e+03 1.122140e+03 
2.728182e-01 1.300840e+03 1.098572e+03 
2.758384e-01 1.272175e+03 1.075693e+03 
2.788586e-01 1.244378e+03 1.053478e+03 
2.818788e-01 1.217675e+03 1.031904e+03 
2.848990e-01 1.192247e+03 1.010946e+03 
2.879192e-01 1.168220e+03 9.905812e+02 
2.909394e-01 1.145682e+03 9.707890e+02 
2.939596e-01 1.124622e+03 9.515487e+02 
2.969798e-01 1.104970e+03 9.328406e+02 
3.000000e-01 1.086559e+03 9.146458e+02 
