1.000000e-03 2.984651e+03 2.984626e+03 
4.020202e-03 1.003630e+04 1.011451e+04 
7.040404e-03 1.471813e+04 1.480927e+04 
1.006061e-02 1.765080e+04 1.771177e+04 
1.308081e-02 1.929925e+04 1.931307e+04 
1.610101e-02 2.000079e+04 1.993996e+04 
1.912121e-02 2.001466e+04 1.985716e+04 
2.214141e-02 1.954842e+04 1.931958e+04 
2.516162e-02 1.877173e+04 1.854650e+04 
2.818182e-02 1.782152e+04 1.768604e+04 
3.120202e-02 1.680382e+04 1.681747e+04 
3.422222e-02 1.579615e+04 1.597578e+04 
3.724242e-02 1.485088e+04 1.517377e+04 
4.026263e-02 1.399828e+04 1.441472e+04 
4.328283e-02 1.324072e+04 1.369830e+04 
4.630303e-02 1.259069e+04 1.302291e+04 
4.932323e-02 1.204535e+04 1.238658e+04 
5.234343e-02 1.157272e+04 1.178727e+04 
5.536364e-02 1.115040e+04 1.122293e+04 
5.838384e-02 1.076179e+04 1.069159e+04 
6.140404e-02 1.039232e+04 1.019133e+04 
6.442424e-02 1.002653e+04 9.720283e+03 
6.744444e-02 9.652605e+03 9.276667e+03 
7.046465e-02 9.264949e+03 8.858780e+03 
7.348485e-02 8.863211e+03 8.464997e+03 
7.650505e-02 8.451533e+03 8.093783e+03 
7.952525e-02 8.037988e+03 7.743687e+03 
8.254545e-02 7.632170e+03 7.413346e+03 
8.556566e-02 7.242942e+03 7.101479e+03 
8.858586e-02 6.877339e+03 6.806889e+03 
9.160606e-02 6.540362e+03 6.528456e+03 
9.462626e-02 6.235628e+03 6.265138e+03 
9.764646e-02 5.965391e+03 6.015960e+03 
1.006667e-01 5.729814e+03 5.780017e+03 
1.036869e-01 5.527495e+03 5.556465e+03 
1.067071e-01 5.354028e+03 5.344521e+03 
1.097273e-01 5.203662e+03 5.143455e+03 
1.127475e-01 5.069116e+03 4.952589e+03 
1.157677e-01 4.943581e+03 4.771292e+03 
1.187879e-01 4.821276e+03 4.598979e+03 
1.218081e-01 4.697939e+03 4.435102e+03 
1.248283e-01 4.570813e+03 4.279154e+03 
1.278485e-01 4.438509e+03 4.130663e+03 
1.308687e-01 4.300672e+03 3.989188e+03 
1.338889e-01 4.158203e+03 3.854320e+03 
1.369091e-01 4.012755e+03 3.725675e+03 
1.399293e-01 3.866921e+03 3.602897e+03 
1.429495e-01 3.723505e+03 3.485654e+03 
1.459697e-01 3.585114e+03 3.373635e+03 
1.489899e-01 3.454030e+03 3.266550e+03 
1.520101e-01 3.331944e+03 3.164126e+03 
1.550303e-01 3.220066e+03 3.066112e+03 
1.580505e-01 3.119025e+03 2.972268e+03 
1.610707e-01 3.028802e+03 2.882374e+03 
1.640909e-01 2.948762e+03 2.796219e+03 
1.671111e-01 2.877548e+03 2.713610e+03 
1.701313e-01 2.813342e+03 2.634363e+03 
1.731515e-01 2.754123e+03 2.558306e+03 
1.761717e-01 2.697880e+03 2.485278e+03 
1.791919e-01 2.643006e+03 2.415126e+03 
1.822121e-01 2.588169e+03 2.347708e+03 
1.852323e-01 2.532503e+03 2.282889e+03 
1.882525e-01 2.475419e+03 2.220544e+03 
1.912727e-01 2.416698e+03 2.160553e+03 
1.942929e-01 2.356425e+03 2.102803e+03 
1.973131e-01 2.295036e+03 2.047190e+03 
2.003333e-01 2.233244e+03 1.993612e+03 
2.033535e-01 2.171972e+03 1.941977e+03 
2.063737e-01 2.112151e+03 1.892194e+03 
2.093939e-01 2.054661e+03 1.844180e+03 
2.124141e-01 2.000077e+03 1.797855e+03 
2.154343e-01 1.948796e+03 1.753144e+03 
2.184545e-01 1.900972e+03 1.709975e+03 
2.214747e-01 1.856638e+03 1.668282e+03 
2.244949e-01 1.815671e+03 1.627999e+03 
2.275152e-01 1.777803e+03 1.589067e+03 
2.305354e-01 1.742556e+03 1.551428e+03 
2.335556e-01 1.709388e+03 1.515028e+03 
2.365758e-01 1.677716e+03 1.479815e+03 
2.395960e-01 1.647044e+03 1.445739e+03 
2.426162e-01 1.616961e+03 1.412754e+03 
2.456364e-01 1.587143e+03 1.380815e+03 
2.486566e-01 1.557326e+03 1.349881e+03 
2.516768e-01 1.527342e+03 1.319911e+03 
2.546970e-01 1.497094e+03 1.290867e+03 
2.577172e-01 1.466632e+03 1.262712e+03 
2.607374e-01 1.436094e+03 1.235412e+03 
2.637576e-01 1.405750e+03 1.208934e+03 
2.667778e-01 1.375890e+03 1.183247e+03 
2.697980e-01 1.346804e+03 1.158319e+03 
2.728182e-01 1.318714e+03 1.134123e+03 
2.758384e-01 1.291760e+03 1.110632e+03 
2.788586e-01 1.266000e+03 1.087818e+03 
2.818788e-01 1.241426e+03 1.065658e+03 
2.848990e-01 1.218016e+03 1.044127e+03 
2.879192e-01 1.195732e+03 1.023202e+03 
2.909394e-01 1.174517e+03 1.002862e+03 
2.939596e-01 1.154283e+03 9.830861e+02 
2.969798e-01 1.134872e+03 9.638541e+02 
3.000000e-01 1.116103e+03 9.451468e+02 
