1.000000e-03 3.392835e+03 3.392801e+03 
4.020202e-03 1.128671e+04 1.137363e+04 
7.040404e-03 1.653197e+04 1.664123e+04 
1.006061e-02 1.982233e+04 1.991988e+04 
1.308081e-02 2.165793e+04 2.173525e+04 
1.610101e-02 2.240267e+04 2.242227e+04 
1.912121e-02 2.234226e+04 2.224891e+04 
2.214141e-02 2.171127e+04 2.149656e+04 
2.516162e-02 2.070657e+04 2.043955e+04 
2.818182e-02 1.949122e+04 1.928395e+04 
3.120202e-02 1.819532e+04 1.814655e+04 
3.422222e-02 1.691614e+04 1.707692e+04 
3.724242e-02 1.572074e+04 1.608823e+04 
4.026263e-02 1.465075e+04 1.517822e+04 
4.328283e-02 1.372430e+04 1.433977e+04 
4.630303e-02 1.293662e+04 1.356514e+04 
4.932323e-02 1.228787e+04 1.284738e+04 
5.234343e-02 1.176342e+04 1.218058e+04 
5.536364e-02 1.132485e+04 1.155979e+04 
5.838384e-02 1.094710e+04 1.098078e+04 
6.140404e-02 1.060919e+04 1.043994e+04 
6.442424e-02 1.028924e+04 9.934111e+03 
6.744444e-02 9.966383e+03 9.460494e+03 
7.046465e-02 9.625473e+03 9.016587e+03 
7.348485e-02 9.258364e+03 8.600132e+03 
7.650505e-02 8.863771e+03 8.209082e+03 
7.952525e-02 8.446792e+03 7.841571e+03 
8.254545e-02 8.017021e+03 7.495894e+03 
8.556566e-02 7.586160e+03 7.170487e+03 
8.858586e-02 7.165300e+03 6.863915e+03 
9.160606e-02 6.764384e+03 6.574861e+03 
9.462626e-02 6.391877e+03 6.302110e+03 
9.764646e-02 6.054281e+03 6.044544e+03 
1.006667e-01 5.756607e+03 5.801135e+03 
1.036869e-01 5.500999e+03 5.570931e+03 
1.067071e-01 5.287278e+03 5.353056e+03 
1.097273e-01 5.111629e+03 5.146699e+03 
1.127475e-01 4.968180e+03 4.951113e+03 
1.157677e-01 4.849001e+03 4.765605e+03 
1.187879e-01 4.746113e+03 4.589533e+03 
1.218081e-01 4.651770e+03 4.422306e+03 
1.248283e-01 4.559572e+03 4.263371e+03 
1.278485e-01 4.464105e+03 4.112221e+03 
1.308687e-01 4.361566e+03 3.968380e+03 
1.338889e-01 4.249297e+03 3.831410e+03 
1.369091e-01 4.126495e+03 3.700901e+03 
1.399293e-01 3.993662e+03 3.576474e+03 
1.429495e-01 3.852897e+03 3.457775e+03 
1.459697e-01 3.707135e+03 3.344475e+03 
1.489899e-01 3.559976e+03 3.236266e+03 
1.520101e-01 3.415067e+03 3.132861e+03 
1.550303e-01 3.275974e+03 3.033994e+03 
1.580505e-01 3.145706e+03 2.939415e+03 
1.610707e-01 3.026766e+03 2.848891e+03 
1.640909e-01 2.920629e+03 2.762202e+03 
1.671111e-01 2.827977e+03 2.679145e+03 
1.701313e-01 2.748367e+03 2.599528e+03 
1.731515e-01 2.680614e+03 2.523173e+03 
1.761717e-01 2.622813e+03 2.449909e+03 
1.791919e-01 2.572771e+03 2.379581e+03 
1.822121e-01 2.528141e+03 2.312039e+03 
1.852323e-01 2.486693e+03 2.247145e+03 
1.882525e-01 2.446314e+03 2.184767e+03 
1.912727e-01 2.405153e+03 2.124781e+03 
1.942929e-01 2.361643e+03 2.067073e+03 
1.973131e-01 2.314732e+03 2.011532e+03 
2.003333e-01 2.263900e+03 1.958057e+03 
2.033535e-01 2.209282e+03 1.906548e+03 
2.063737e-01 2.151534e+03 1.856916e+03 
2.093939e-01 2.091719e+03 1.809073e+03 
2.124141e-01 2.031045e+03 1.762938e+03 
2.154343e-01 1.970761e+03 1.718434e+03 
2.184545e-01 1.911988e+03 1.675487e+03 
2.214747e-01 1.855756e+03 1.634028e+03 
2.244949e-01 1.802923e+03 1.593992e+03 
2.275152e-01 1.754156e+03 1.555317e+03 
2.305354e-01 1.709839e+03 1.517944e+03 
2.335556e-01 1.670043e+03 1.481817e+03 
2.365758e-01 1.634538e+03 1.446885e+03 
2.395960e-01 1.602835e+03 1.413095e+03 
2.426162e-01 1.574293e+03 1.380402e+03 
2.456364e-01 1.548192e+03 1.348760e+03 
2.486566e-01 1.523793e+03 1.318126e+03 
2.516768e-01 1.500380e+03 1.288459e+03 
2.546970e-01 1.477283e+03 1.259720e+03 
2.577172e-01 1.453914e+03 1.231872e+03 
2.607374e-01 1.429799e+03 1.204880e+03 
2.637576e-01 1.404603e+03 1.178711e+03 
2.667778e-01 1.378224e+03 1.153333e+03 
2.697980e-01 1.350750e+03 1.128715e+03 
2.728182e-01 1.322462e+03 1.104828e+03 
2.758384e-01 1.293743e+03 1.081644e+03 
2.788586e-01 1.265017e+03 1.059138e+03 
2.818788e-01 1.236687e+03 1.037284e+03 
2.848990e-01 1.209071e+03 1.016058e+03 
2.879192e-01 1.182452e+03 9.954367e+02 
2.909394e-01 1.157076e+03 9.753983e+02 
2.939596e-01 1.133132e+03 9.559218e+02 
2.969798e-01 1.110753e+03 9.369871e+02 
3.000000e-01 1.089976e+03 9.185749e+02 
