1.000000e-03 3.718677e+03 3.718640e+03 
4.020202e-03 1.229153e+04 1.238661e+04 
7.040404e-03 1.788780e+04 1.800504e+04 
1.006061e-02 2.131929e+04 2.142293e+04 
1.308081e-02 2.315989e+04 2.324078e+04 
1.610101e-02 2.382335e+04 2.383761e+04 
1.912121e-02 2.362916e+04 2.351906e+04 
2.214141e-02 2.283934e+04 2.260405e+04 
2.516162e-02 2.167068e+04 2.139451e+04 
2.818182e-02 2.030056e+04 2.010809e+04 
3.120202e-02 1.886816e+04 1.886188e+04 
3.422222e-02 1.747585e+04 1.770163e+04 
3.724242e-02 1.619169e+04 1.663649e+04 
4.026263e-02 1.505606e+04 1.566107e+04 
4.328283e-02 1.408293e+04 1.476604e+04 
4.630303e-02 1.326405e+04 1.394204e+04 
4.932323e-02 1.259773e+04 1.318097e+04 
5.234343e-02 1.206088e+04 1.247602e+04 
5.536364e-02 1.161040e+04 1.182150e+04 
5.838384e-02 1.122333e+04 1.121262e+04 
6.140404e-02 1.087408e+04 1.064526e+04 
6.442424e-02 1.053468e+04 1.011586e+04 
6.744444e-02 1.018638e+04 9.621248e+03 
7.046465e-02 9.816038e+03 9.158624e+03 
7.348485e-02 9.416818e+03 8.725460e+03 
7.650505e-02 8.989786e+03 8.319478e+03 
7.952525e-02 8.542049e+03 7.938609e+03 
8.254545e-02 8.084423e+03 7.580968e+03 
8.556566e-02 7.629647e+03 7.244837e+03 
8.858586e-02 7.189812e+03 6.928645e+03 
9.160606e-02 6.775518e+03 6.630953e+03 
9.462626e-02 6.395494e+03 6.350441e+03 
9.764646e-02 6.056398e+03 6.085899e+03 
1.006667e-01 5.762566e+03 5.836213e+03 
1.036869e-01 5.514622e+03 5.600360e+03 
1.067071e-01 5.310162e+03 5.377399e+03 
1.097273e-01 5.143694e+03 5.166463e+03 
1.127475e-01 5.007660e+03 4.966750e+03 
1.157677e-01 4.893292e+03 4.777523e+03 
1.187879e-01 4.792271e+03 4.598101e+03 
1.218081e-01 4.696841e+03 4.427854e+03 
1.248283e-01 4.600650e+03 4.266200e+03 
1.278485e-01 4.498438e+03 4.112599e+03 
1.308687e-01 4.386573e+03 3.966553e+03 
1.338889e-01 4.263174e+03 3.827597e+03 
1.369091e-01 4.128304e+03 3.695303e+03 
1.399293e-01 3.983796e+03 3.569271e+03 
1.429495e-01 3.832739e+03 3.449131e+03 
1.459697e-01 3.678886e+03 3.334539e+03 
1.489899e-01 3.526208e+03 3.225172e+03 
1.520101e-01 3.378490e+03 3.120733e+03 
1.550303e-01 3.239158e+03 3.020943e+03 
1.580505e-01 3.110968e+03 2.925542e+03 
1.610707e-01 2.995948e+03 2.834288e+03 
1.640909e-01 2.895261e+03 2.746953e+03 
1.671111e-01 2.808858e+03 2.663325e+03 
1.701313e-01 2.735713e+03 2.583208e+03 
1.731515e-01 2.673821e+03 2.506414e+03 
1.761717e-01 2.620741e+03 2.432771e+03 
1.791919e-01 2.573921e+03 2.362114e+03 
1.822121e-01 2.530866e+03 2.294292e+03 
1.852323e-01 2.489280e+03 2.229160e+03 
1.882525e-01 2.447154e+03 2.166584e+03 
1.912727e-01 2.402844e+03 2.106437e+03 
1.942929e-01 2.355173e+03 2.048600e+03 
1.973131e-01 2.303402e+03 1.992960e+03 
2.003333e-01 2.247560e+03 1.939412e+03 
2.033535e-01 2.188162e+03 1.887856e+03 
2.063737e-01 2.126330e+03 1.838199e+03 
2.093939e-01 2.063371e+03 1.790352e+03 
2.124141e-01 2.000676e+03 1.744230e+03 
2.154343e-01 1.939550e+03 1.699756e+03 
2.184545e-01 1.881157e+03 1.656855e+03 
2.214747e-01 1.826395e+03 1.615455e+03 
2.244949e-01 1.775918e+03 1.575491e+03 
2.275152e-01 1.730065e+03 1.536899e+03 
2.305354e-01 1.688942e+03 1.499619e+03 
2.335556e-01 1.652277e+03 1.463595e+03 
2.365758e-01 1.619612e+03 1.428773e+03 
2.395960e-01 1.590291e+03 1.395101e+03 
2.426162e-01 1.563580e+03 1.362532e+03 
2.456364e-01 1.538679e+03 1.331020e+03 
2.486566e-01 1.514789e+03 1.300521e+03 
2.516768e-01 1.491138e+03 1.270993e+03 
2.546970e-01 1.467086e+03 1.242398e+03 
2.577172e-01 1.442119e+03 1.214697e+03 
2.607374e-01 1.415989e+03 1.187856e+03 
2.637576e-01 1.388626e+03 1.161839e+03 
2.667778e-01 1.360217e+03 1.136616e+03 
2.697980e-01 1.331055e+03 1.112154e+03 
2.728182e-01 1.301531e+03 1.088426e+03 
2.758384e-01 1.272042e+03 1.065402e+03 
2.788586e-01 1.242980e+03 1.043056e+03 
2.818788e-01 1.214694e+03 1.021363e+03 
2.848990e-01 1.187510e+03 1.000298e+03 
2.879192e-01 1.161698e+03 9.798383e+02 
2.909394e-01 1.137475e+03 9.599615e+02 
2.939596e-01 1.114947e+03 9.406466e+02 
2.969798e-01 1.094114e+03 9.218731e+02 
3.000000e-01 1.074840e+03 9.036218e+02 
