1.000000e-03 3.299947e+03 3.299915e+03 
4.020202e-03 1.090236e+04 1.098585e+04 
7.040404e-03 1.590471e+04 1.600500e+04 
1.006061e-02 1.901495e+04 1.909406e+04 
1.308081e-02 2.073250e+04 2.077791e+04 
1.610101e-02 2.141851e+04 2.139454e+04 
1.912121e-02 2.135129e+04 2.121837e+04 
2.214141e-02 2.075784e+04 2.052773e+04 
2.516162e-02 1.982549e+04 1.957629e+04 
2.818182e-02 1.870741e+04 1.854200e+04 
3.120202e-02 1.752270e+04 1.752036e+04 
3.422222e-02 1.635993e+04 1.655088e+04 
3.724242e-02 1.527784e+04 1.564463e+04 
4.026263e-02 1.431144e+04 1.480109e+04 
4.328283e-02 1.347451e+04 1.401597e+04 
4.630303e-02 1.276014e+04 1.328433e+04 
4.932323e-02 1.216563e+04 1.260155e+04 
5.234343e-02 1.167441e+04 1.196353e+04 
5.536364e-02 1.124913e+04 1.136668e+04 
5.838384e-02 1.086935e+04 1.080785e+04 
6.140404e-02 1.051718e+04 1.028418e+04 
6.442424e-02 1.017199e+04 9.793104e+03 
6.744444e-02 9.817908e+03 9.332278e+03 
7.046465e-02 9.444881e+03 8.899547e+03 
7.348485e-02 9.049064e+03 8.492924e+03 
7.650505e-02 8.633515e+03 8.110576e+03 
7.952525e-02 8.206377e+03 7.750810e+03 
8.254545e-02 7.778538e+03 7.412058e+03 
8.556566e-02 7.361041e+03 7.092870e+03 
8.858586e-02 6.963298e+03 6.791905e+03 
9.160606e-02 6.592958e+03 6.507922e+03 
9.462626e-02 6.255845e+03 6.239773e+03 
9.764646e-02 5.955948e+03 5.986396e+03 
1.006667e-01 5.695751e+03 5.746808e+03 
1.036869e-01 5.474680e+03 5.520099e+03 
1.067071e-01 5.289958e+03 5.305428e+03 
1.097273e-01 5.135653e+03 5.102014e+03 
1.127475e-01 5.004553e+03 4.909135e+03 
1.157677e-01 4.888426e+03 4.726123e+03 
1.187879e-01 4.779958e+03 4.552357e+03 
1.218081e-01 4.672807e+03 4.387261e+03 
1.248283e-01 4.562442e+03 4.230302e+03 
1.278485e-01 4.445558e+03 4.080983e+03 
1.308687e-01 4.320635e+03 3.938844e+03 
1.338889e-01 4.187272e+03 3.803456e+03 
1.369091e-01 4.046647e+03 3.674421e+03 
1.399293e-01 3.900846e+03 3.551368e+03 
1.429495e-01 3.752919e+03 3.433951e+03 
1.459697e-01 3.606142e+03 3.321849e+03 
1.489899e-01 3.463874e+03 3.214760e+03 
1.520101e-01 3.329014e+03 3.112405e+03 
1.550303e-01 3.204053e+03 3.014521e+03 
1.580505e-01 3.090630e+03 2.920864e+03 
1.610707e-01 2.989760e+03 2.831205e+03 
1.640909e-01 2.901426e+03 2.745330e+03 
1.671111e-01 2.824867e+03 2.663038e+03 
1.701313e-01 2.758398e+03 2.584142e+03 
1.731515e-01 2.699964e+03 2.508465e+03 
1.761717e-01 2.647252e+03 2.435841e+03 
1.791919e-01 2.598107e+03 2.366116e+03 
1.822121e-01 2.550534e+03 2.299144e+03 
1.852323e-01 2.502891e+03 2.234788e+03 
1.882525e-01 2.453781e+03 2.172919e+03 
1.912727e-01 2.402210e+03 2.113416e+03 
1.942929e-01 2.347609e+03 2.056164e+03 
1.973131e-01 2.290042e+03 2.001055e+03 
2.003333e-01 2.230027e+03 1.947989e+03 
2.033535e-01 2.168513e+03 1.896869e+03 
2.063737e-01 2.106652e+03 1.847606e+03 
2.093939e-01 2.045673e+03 1.800114e+03 
2.124141e-01 1.986567e+03 1.754312e+03 
2.154343e-01 1.930177e+03 1.710124e+03 
2.184545e-01 1.877160e+03 1.667478e+03 
2.214747e-01 1.828015e+03 1.626306e+03 
2.244949e-01 1.782986e+03 1.586543e+03 
2.275152e-01 1.742085e+03 1.548128e+03 
2.305354e-01 1.705064e+03 1.511004e+03 
2.335556e-01 1.671445e+03 1.475114e+03 
2.365758e-01 1.640585e+03 1.440408e+03 
2.395960e-01 1.611775e+03 1.406834e+03 
2.426162e-01 1.584310e+03 1.374347e+03 
2.456364e-01 1.557585e+03 1.342902e+03 
2.486566e-01 1.531072e+03 1.312456e+03 
2.516768e-01 1.504348e+03 1.282970e+03 
2.546970e-01 1.477090e+03 1.254403e+03 
2.577172e-01 1.449087e+03 1.226721e+03 
2.607374e-01 1.420302e+03 1.199887e+03 
2.637576e-01 1.390854e+03 1.173870e+03 
2.667778e-01 1.361041e+03 1.148637e+03 
2.697980e-01 1.331249e+03 1.124159e+03 
2.728182e-01 1.301872e+03 1.100406e+03 
2.758384e-01 1.273267e+03 1.077351e+03 
2.788586e-01 1.245687e+03 1.054968e+03 
2.818788e-01 1.219320e+03 1.033233e+03 
2.848990e-01 1.194274e+03 1.012120e+03 
2.879192e-01 1.170618e+03 9.916086e+02 
2.909394e-01 1.148380e+03 9.716756e+02 
2.939596e-01 1.127522e+03 9.523005e+02 
2.969798e-01 1.107955e+03 9.334633e+02 
3.000000e-01 1.089508e+03 9.151452e+02 
