1.000000e-03 3.431462e+03 3.431428e+03 
4.020202e-03 1.120677e+04 1.129386e+04 
7.040404e-03 1.621061e+04 1.630862e+04 
1.006061e-02 1.925509e+04 1.931567e+04 
1.308081e-02 2.089445e+04 2.089874e+04 
1.610101e-02 2.151722e+04 2.143487e+04 
1.912121e-02 2.141406e+04 2.122370e+04 
2.214141e-02 2.081439e+04 2.054725e+04 
2.516162e-02 1.990225e+04 1.964177e+04 
2.818182e-02 1.882370e+04 1.866220e+04 
3.120202e-02 1.769096e+04 1.768864e+04 
3.422222e-02 1.658361e+04 1.675472e+04 
3.724242e-02 1.555515e+04 1.587145e+04 
4.026263e-02 1.463423e+04 1.504054e+04 
4.328283e-02 1.382047e+04 1.426036e+04 
4.630303e-02 1.312609e+04 1.352823e+04 
4.932323e-02 1.254457e+04 1.284130e+04 
5.234343e-02 1.203954e+04 1.219677e+04 
5.536364e-02 1.158849e+04 1.159197e+04 
5.838384e-02 1.117343e+04 1.102435e+04 
6.140404e-02 1.077633e+04 1.049152e+04 
6.442424e-02 1.038179e+04 9.991189e+03 
6.744444e-02 9.979000e+03 9.521214e+03 
7.046465e-02 9.562742e+03 9.079567e+03 
7.348485e-02 9.133429e+03 8.664340e+03 
7.650505e-02 8.696027e+03 8.273748e+03 
7.952525e-02 8.259146e+03 7.906121e+03 
8.254545e-02 7.832772e+03 7.559901e+03 
8.556566e-02 7.425896e+03 7.233637e+03 
8.858586e-02 7.045629e+03 6.925978e+03 
9.160606e-02 6.697017e+03 6.635670e+03 
9.462626e-02 6.383605e+03 6.361551e+03 
9.764646e-02 6.107334e+03 6.102541e+03 
1.006667e-01 5.867722e+03 5.857639e+03 
1.036869e-01 5.662490e+03 5.625917e+03 
1.067071e-01 5.486220e+03 5.406516e+03 
1.097273e-01 5.332360e+03 5.198640e+03 
1.127475e-01 5.193296e+03 5.001549e+03 
1.157677e-01 5.062176e+03 4.814559e+03 
1.187879e-01 4.933284e+03 4.637035e+03 
1.218081e-01 4.802590e+03 4.468387e+03 
1.248283e-01 4.667536e+03 4.308069e+03 
1.278485e-01 4.526972e+03 4.155572e+03 
1.308687e-01 4.380755e+03 4.010423e+03 
1.338889e-01 4.230186e+03 3.872185e+03 
1.369091e-01 4.077343e+03 3.740448e+03 
1.399293e-01 3.925213e+03 3.614832e+03 
1.429495e-01 3.776835e+03 3.494983e+03 
1.459697e-01 3.634760e+03 3.380571e+03 
1.489899e-01 3.501110e+03 3.271289e+03 
1.520101e-01 3.377358e+03 3.166847e+03 
1.550303e-01 3.264508e+03 3.066980e+03 
1.580505e-01 3.163031e+03 2.971435e+03 
1.610707e-01 3.072691e+03 2.879977e+03 
1.640909e-01 2.992612e+03 2.792389e+03 
1.671111e-01 2.921169e+03 2.708464e+03 
1.701313e-01 2.856298e+03 2.628009e+03 
1.731515e-01 2.795818e+03 2.550845e+03 
1.761717e-01 2.737647e+03 2.476802e+03 
1.791919e-01 2.680278e+03 2.405720e+03 
1.822121e-01 2.622531e+03 2.337452e+03 
1.852323e-01 2.563724e+03 2.271856e+03 
1.882525e-01 2.503433e+03 2.208800e+03 
1.912727e-01 2.441559e+03 2.148161e+03 
1.942929e-01 2.378309e+03 2.089821e+03 
1.973131e-01 2.314244e+03 2.033670e+03 
2.003333e-01 2.250197e+03 1.979605e+03 
2.033535e-01 2.187200e+03 1.927527e+03 
2.063737e-01 2.126160e+03 1.877344e+03 
2.093939e-01 2.067862e+03 1.828969e+03 
2.124141e-01 2.012833e+03 1.782320e+03 
2.154343e-01 1.961428e+03 1.737318e+03 
2.184545e-01 1.913696e+03 1.693890e+03 
2.214747e-01 1.869540e+03 1.651965e+03 
2.244949e-01 1.828671e+03 1.611479e+03 
2.275152e-01 1.790709e+03 1.572368e+03 
2.305354e-01 1.755162e+03 1.534573e+03 
2.335556e-01 1.721497e+03 1.498039e+03 
2.365758e-01 1.689153e+03 1.462710e+03 
2.395960e-01 1.657650e+03 1.428538e+03 
2.426162e-01 1.626581e+03 1.395474e+03 
2.456364e-01 1.595641e+03 1.363472e+03 
2.486566e-01 1.564601e+03 1.332489e+03 
2.516768e-01 1.533346e+03 1.302484e+03 
2.546970e-01 1.501849e+03 1.273417e+03 
2.577172e-01 1.470249e+03 1.245252e+03 
2.607374e-01 1.438768e+03 1.217952e+03 
2.637576e-01 1.407718e+03 1.191484e+03 
2.667778e-01 1.377393e+03 1.165815e+03 
2.697980e-01 1.348019e+03 1.140916e+03 
2.728182e-01 1.319755e+03 1.116755e+03 
2.758384e-01 1.292682e+03 1.093307e+03 
2.788586e-01 1.266838e+03 1.070543e+03 
2.818788e-01 1.242225e+03 1.048438e+03 
2.848990e-01 1.218814e+03 1.026969e+03 
2.879192e-01 1.196551e+03 1.006111e+03 
2.909394e-01 1.175325e+03 9.858428e+02 
2.939596e-01 1.154994e+03 9.661429e+02 
2.969798e-01 1.135372e+03 9.469911e+02 
3.000000e-01 1.116274e+03 9.283679e+02 
