1.000000e-03 4.202918e+03 4.202869e+03 
4.020202e-03 1.397450e+04 1.408267e+04 
7.040404e-03 2.038930e+04 2.053036e+04 
1.006061e-02 2.432702e+04 2.447393e+04 
1.308081e-02 2.641995e+04 2.657380e+04 
1.610101e-02 2.713021e+04 2.723535e+04 
1.912121e-02 2.682048e+04 2.678007e+04 
2.214141e-02 2.579465e+04 2.556562e+04 
2.516162e-02 2.430963e+04 2.396515e+04 
2.818182e-02 2.257962e+04 2.227248e+04 
3.120202e-02 2.077470e+04 2.065596e+04 
3.422222e-02 1.902312e+04 1.918228e+04 
3.724242e-02 1.741100e+04 1.786161e+04 
4.026263e-02 1.599140e+04 1.668093e+04 
4.328283e-02 1.478179e+04 1.562124e+04 
4.630303e-02 1.377736e+04 1.466444e+04 
4.932323e-02 1.298045e+04 1.379528e+04 
5.234343e-02 1.235896e+04 1.300146e+04 
5.536364e-02 1.186735e+04 1.227313e+04 
5.838384e-02 1.147432e+04 1.160236e+04 
6.140404e-02 1.114534e+04 1.098266e+04 
6.442424e-02 1.084645e+04 1.040865e+04 
6.744444e-02 1.054834e+04 9.875752e+03 
7.046465e-02 1.022907e+04 9.380079e+03 
7.348485e-02 9.873996e+03 8.918238e+03 
7.650505e-02 9.476344e+03 8.487258e+03 
7.952525e-02 9.038456e+03 8.084511e+03 
8.254545e-02 8.569265e+03 7.707659e+03 
8.556566e-02 8.081843e+03 7.354607e+03 
8.858586e-02 7.591427e+03 7.023470e+03 
9.160606e-02 7.113224e+03 6.712549e+03 
9.462626e-02 6.661082e+03 6.420302e+03 
9.764646e-02 6.247177e+03 6.145332e+03 
1.006667e-01 5.880269e+03 5.886366e+03 
1.036869e-01 5.566187e+03 5.642243e+03 
1.067071e-01 5.305807e+03 5.411903e+03 
1.097273e-01 5.096923e+03 5.194376e+03 
1.127475e-01 4.933335e+03 4.988773e+03 
1.157677e-01 4.807242e+03 4.794279e+03 
1.187879e-01 4.709499e+03 4.610145e+03 
1.218081e-01 4.630846e+03 4.435680e+03 
1.248283e-01 4.562106e+03 4.270250e+03 
1.278485e-01 4.494892e+03 4.113269e+03 
1.308687e-01 4.421633e+03 3.964197e+03 
1.338889e-01 4.336588e+03 3.822535e+03 
1.369091e-01 4.235834e+03 3.687821e+03 
1.399293e-01 4.118214e+03 3.559627e+03 
1.429495e-01 3.984565e+03 3.437557e+03 
1.459697e-01 3.837622e+03 3.321244e+03 
1.489899e-01 3.681353e+03 3.210345e+03 
1.520101e-01 3.520457e+03 3.104545e+03 
1.550303e-01 3.359874e+03 3.003547e+03 
1.580505e-01 3.204478e+03 2.907078e+03 
1.610707e-01 3.058727e+03 2.814881e+03 
1.640909e-01 2.926298e+03 2.726717e+03 
1.671111e-01 2.809755e+03 2.642365e+03 
1.701313e-01 2.710179e+03 2.561616e+03 
1.731515e-01 2.627379e+03 2.484276e+03 
1.761717e-01 2.559916e+03 2.410163e+03 
1.791919e-01 2.505686e+03 2.339107e+03 
1.822121e-01 2.462088e+03 2.270948e+03 
1.852323e-01 2.426332e+03 2.205537e+03 
1.882525e-01 2.395501e+03 2.142734e+03 
1.912727e-01 2.366733e+03 2.082407e+03 
1.942929e-01 2.337278e+03 2.024432e+03 
1.973131e-01 2.304794e+03 1.968693e+03 
2.003333e-01 2.267352e+03 1.915082e+03 
2.033535e-01 2.223951e+03 1.863494e+03 
2.063737e-01 2.174241e+03 1.813833e+03 
2.093939e-01 2.118828e+03 1.766008e+03 
2.124141e-01 2.058777e+03 1.719932e+03 
2.154343e-01 1.995593e+03 1.675525e+03 
2.184545e-01 1.930943e+03 1.632710e+03 
2.214747e-01 1.866574e+03 1.591414e+03 
2.244949e-01 1.804093e+03 1.551568e+03 
2.275152e-01 1.744954e+03 1.513108e+03 
2.305354e-01 1.690275e+03 1.475973e+03 
2.335556e-01 1.640886e+03 1.440104e+03 
2.365758e-01 1.597192e+03 1.405447e+03 
2.395960e-01 1.559242e+03 1.371950e+03 
2.426162e-01 1.526725e+03 1.339563e+03 
2.456364e-01 1.499045e+03 1.308239e+03 
2.486566e-01 1.475407e+03 1.277935e+03 
2.516768e-01 1.454810e+03 1.248607e+03 
2.546970e-01 1.436180e+03 1.220215e+03 
2.577172e-01 1.418410e+03 1.192722e+03 
2.607374e-01 1.400499e+03 1.166092e+03 
2.637576e-01 1.381612e+03 1.140289e+03 
2.667778e-01 1.361176e+03 1.115281e+03 
2.697980e-01 1.338847e+03 1.091037e+03 
2.728182e-01 1.314554e+03 1.067527e+03 
2.758384e-01 1.288398e+03 1.044723e+03 
2.788586e-01 1.260686e+03 1.022598e+03 
2.818788e-01 1.231824e+03 1.001125e+03 
2.848990e-01 1.202325e+03 9.802810e+02 
2.879192e-01 1.172754e+03 9.600417e+02 
2.909394e-01 1.143714e+03 9.403849e+02 
2.939596e-01 1.115748e+03 9.212891e+02 
2.969798e-01 1.089331e+03 9.027340e+02 
3.000000e-01 1.064773e+03 8.846999e+02 
