1.000000e-03 2.139323e+03 2.139299e+03 
4.020202e-03 7.186108e+03 7.244120e+03 
7.040404e-03 1.057658e+04 1.063746e+04 
1.006061e-02 1.276763e+04 1.277792e+04 
1.308081e-02 1.409931e+04 1.403259e+04 
1.610101e-02 1.481133e+04 1.465893e+04 
1.912121e-02 1.507897e+04 1.485049e+04 
2.214141e-02 1.503319e+04 1.475836e+04 
2.516162e-02 1.477480e+04 1.449136e+04 
2.818182e-02 1.438062e+04 1.412004e+04 
3.120202e-02 1.390824e+04 1.368791e+04 
3.422222e-02 1.339928e+04 1.322211e+04 
3.724242e-02 1.288210e+04 1.274022e+04 
4.026263e-02 1.237587e+04 1.225401e+04 
4.328283e-02 1.188226e+04 1.177148e+04 
4.630303e-02 1.141256e+04 1.129810e+04 
4.932323e-02 1.097774e+04 1.083756e+04 
5.234343e-02 1.056174e+04 1.039224e+04 
5.536364e-02 1.015665e+04 9.963608e+03 
5.838384e-02 9.764105e+03 9.552462e+03 
6.140404e-02 9.385071e+03 9.159109e+03 
6.442424e-02 9.019585e+03 8.783514e+03 
6.744444e-02 8.665369e+03 8.425394e+03 
7.046465e-02 8.320653e+03 8.084299e+03 
7.348485e-02 7.986617e+03 7.759663e+03 
7.650505e-02 7.665620e+03 7.450849e+03 
7.952525e-02 7.361180e+03 7.157178e+03 
8.254545e-02 7.075628e+03 6.877951e+03 
8.556566e-02 6.809648e+03 6.612466e+03 
8.858586e-02 6.562101e+03 6.360027e+03 
9.160606e-02 6.330540e+03 6.119957e+03 
9.462626e-02 6.113041e+03 5.891598e+03 
9.764646e-02 5.908099e+03 5.674319e+03 
1.006667e-01 5.714916e+03 5.467517e+03 
1.036869e-01 5.532704e+03 5.270617e+03 
1.067071e-01 5.359892e+03 5.083072e+03 
1.097273e-01 5.194587e+03 4.904365e+03 
1.127475e-01 5.034589e+03 4.734009e+03 
1.157677e-01 4.878355e+03 4.571543e+03 
1.187879e-01 4.725426e+03 4.416531e+03 
1.218081e-01 4.576058e+03 4.268565e+03 
1.248283e-01 4.431151e+03 4.127259e+03 
1.278485e-01 4.291540e+03 3.992253e+03 
1.308687e-01 4.157852e+03 3.863206e+03 
1.338889e-01 4.030598e+03 3.739797e+03 
1.369091e-01 3.909796e+03 3.621727e+03 
1.399293e-01 3.795282e+03 3.508712e+03 
1.429495e-01 3.686702e+03 3.400486e+03 
1.459697e-01 3.583548e+03 3.296801e+03 
1.489899e-01 3.485345e+03 3.197422e+03 
1.520101e-01 3.391681e+03 3.102127e+03 
1.550303e-01 3.302158e+03 3.010708e+03 
1.580505e-01 3.216439e+03 2.922971e+03 
1.610707e-01 3.134185e+03 2.838731e+03 
1.640909e-01 3.054914e+03 2.757814e+03 
1.671111e-01 2.978062e+03 2.680058e+03 
1.701313e-01 2.903246e+03 2.605309e+03 
1.731515e-01 2.830320e+03 2.533420e+03 
1.761717e-01 2.759246e+03 2.464257e+03 
1.791919e-01 2.690258e+03 2.397688e+03 
1.822121e-01 2.623609e+03 2.333593e+03 
1.852323e-01 2.559323e+03 2.271856e+03 
1.882525e-01 2.497317e+03 2.212368e+03 
1.912727e-01 2.437492e+03 2.155026e+03 
1.942929e-01 2.379737e+03 2.099733e+03 
1.973131e-01 2.323991e+03 2.046398e+03 
2.003333e-01 2.270322e+03 1.994932e+03 
2.033535e-01 2.218781e+03 1.945253e+03 
2.063737e-01 2.169247e+03 1.897283e+03 
2.093939e-01 2.121533e+03 1.850948e+03 
2.124141e-01 2.075419e+03 1.806177e+03 
2.154343e-01 2.030658e+03 1.762904e+03 
2.184545e-01 1.987093e+03 1.721066e+03 
2.214747e-01 1.944728e+03 1.680602e+03 
2.244949e-01 1.903573e+03 1.641456e+03 
2.275152e-01 1.863603e+03 1.603573e+03 
2.305354e-01 1.824781e+03 1.566901e+03 
2.335556e-01 1.787056e+03 1.531392e+03 
2.365758e-01 1.750371e+03 1.496998e+03 
2.395960e-01 1.714686e+03 1.463676e+03 
2.426162e-01 1.679995e+03 1.431383e+03 
2.456364e-01 1.646296e+03 1.400079e+03 
2.486566e-01 1.613596e+03 1.369725e+03 
2.516768e-01 1.581900e+03 1.340285e+03 
2.546970e-01 1.551153e+03 1.311724e+03 
2.577172e-01 1.521278e+03 1.284008e+03 
2.607374e-01 1.492223e+03 1.257106e+03 
2.637576e-01 1.463965e+03 1.230988e+03 
2.667778e-01 1.436480e+03 1.205624e+03 
2.697980e-01 1.409741e+03 1.180986e+03 
2.728182e-01 1.383721e+03 1.157049e+03 
2.758384e-01 1.358387e+03 1.133787e+03 
2.788586e-01 1.333710e+03 1.111176e+03 
2.818788e-01 1.309656e+03 1.089192e+03 
2.848990e-01 1.286191e+03 1.067813e+03 
2.879192e-01 1.263291e+03 1.047019e+03 
2.909394e-01 1.240946e+03 1.026788e+03 
2.939596e-01 1.219151e+03 1.007102e+03 
2.969798e-01 1.197901e+03 9.879420e+02 
3.000000e-01 1.177192e+03 9.692894e+02 
