1.000000e-03 2.102418e+03 2.102395e+03 
4.020202e-03 7.141493e+03 7.198635e+03 
7.040404e-03 1.055733e+04 1.061764e+04 
1.006061e-02 1.277763e+04 1.278885e+04 
1.308081e-02 1.413239e+04 1.406931e+04 
1.610101e-02 1.485930e+04 1.471203e+04 
1.912121e-02 1.513281e+04 1.491024e+04 
2.214141e-02 1.508564e+04 1.481801e+04 
2.516162e-02 1.482058e+04 1.454792e+04 
2.818182e-02 1.441689e+04 1.417303e+04 
3.120202e-02 1.393439e+04 1.373789e+04 
3.422222e-02 1.341639e+04 1.326985e+04 
3.724242e-02 1.289252e+04 1.278637e+04 
4.026263e-02 1.238133e+04 1.229901e+04 
4.328283e-02 1.189274e+04 1.181563e+04 
4.630303e-02 1.142810e+04 1.134158e+04 
4.932323e-02 1.098950e+04 1.088044e+04 
5.234343e-02 1.057712e+04 1.043457e+04 
5.536364e-02 1.017964e+04 1.000540e+04 
5.838384e-02 9.791303e+03 9.593708e+03 
6.140404e-02 9.416322e+03 9.199790e+03 
6.442424e-02 9.054194e+03 8.823610e+03 
6.744444e-02 8.700716e+03 8.464887e+03 
7.046465e-02 8.355042e+03 8.123169e+03 
7.348485e-02 8.018362e+03 7.797897e+03 
7.650505e-02 7.693843e+03 7.488435e+03 
7.952525e-02 7.385003e+03 7.194107e+03 
8.254545e-02 7.095004e+03 6.914218e+03 
8.556566e-02 6.825110e+03 6.648069e+03 
8.858586e-02 6.574269e+03 6.394966e+03 
9.160606e-02 6.340645e+03 6.154233e+03 
9.462626e-02 6.122078e+03 5.925217e+03 
9.764646e-02 5.917249e+03 5.707287e+03 
1.006667e-01 5.725133e+03 5.499841e+03 
1.036869e-01 5.544550e+03 5.302305e+03 
1.067071e-01 5.373894e+03 5.114134e+03 
1.097273e-01 5.210805e+03 4.934812e+03 
1.127475e-01 5.052975e+03 4.763851e+03 
1.157677e-01 4.898372e+03 4.600791e+03 
1.187879e-01 4.746382e+03 4.445197e+03 
1.218081e-01 4.597316e+03 4.296661e+03 
1.248283e-01 4.451866e+03 4.154798e+03 
1.278485e-01 4.311159e+03 4.019246e+03 
1.308687e-01 4.176127e+03 3.889665e+03 
1.338889e-01 4.047218e+03 3.765735e+03 
1.369091e-01 3.924736e+03 3.647155e+03 
1.399293e-01 3.808640e+03 3.533643e+03 
1.429495e-01 3.698766e+03 3.424932e+03 
1.459697e-01 3.594714e+03 3.320774e+03 
1.489899e-01 3.495962e+03 3.220932e+03 
1.520101e-01 3.402078e+03 3.125186e+03 
1.550303e-01 3.312715e+03 3.033327e+03 
1.580505e-01 3.227465e+03 2.945161e+03 
1.610707e-01 3.145826e+03 2.860502e+03 
1.640909e-01 3.067253e+03 2.779177e+03 
1.671111e-01 2.991124e+03 2.701023e+03 
1.701313e-01 2.916859e+03 2.625885e+03 
1.731515e-01 2.844287e+03 2.553618e+03 
1.761717e-01 2.773405e+03 2.484085e+03 
1.791919e-01 2.704373e+03 2.417157e+03 
1.822121e-01 2.637461e+03 2.352710e+03 
1.852323e-01 2.572795e+03 2.290630e+03 
1.882525e-01 2.510297e+03 2.230808e+03 
1.912727e-01 2.449901e+03 2.173140e+03 
1.942929e-01 2.391593e+03 2.117529e+03 
1.973131e-01 2.335381e+03 2.063882e+03 
2.003333e-01 2.281321e+03 2.012113e+03 
2.033535e-01 2.229467e+03 1.962138e+03 
2.063737e-01 2.179724e+03 1.913880e+03 
2.093939e-01 2.131906e+03 1.867263e+03 
2.124141e-01 2.085788e+03 1.822217e+03 
2.154343e-01 2.041108e+03 1.778676e+03 
2.184545e-01 1.997674e+03 1.736575e+03 
2.214747e-01 1.955429e+03 1.695855e+03 
2.244949e-01 1.914337e+03 1.656458e+03 
2.275152e-01 1.874383e+03 1.618331e+03 
2.305354e-01 1.835549e+03 1.581420e+03 
2.335556e-01 1.797782e+03 1.545677e+03 
2.365758e-01 1.761011e+03 1.511056e+03 
2.395960e-01 1.725202e+03 1.477511e+03 
2.426162e-01 1.690353e+03 1.445000e+03 
2.456364e-01 1.656472e+03 1.413482e+03 
2.486566e-01 1.623580e+03 1.382920e+03 
2.516768e-01 1.591685e+03 1.353277e+03 
2.546970e-01 1.560748e+03 1.324516e+03 
2.577172e-01 1.530720e+03 1.296606e+03 
2.607374e-01 1.501552e+03 1.269513e+03 
2.637576e-01 1.473194e+03 1.243208e+03 
2.667778e-01 1.445621e+03 1.217661e+03 
2.697980e-01 1.418819e+03 1.192845e+03 
2.728182e-01 1.392757e+03 1.168733e+03 
2.758384e-01 1.367391e+03 1.145300e+03 
2.788586e-01 1.342674e+03 1.122521e+03 
2.818788e-01 1.318568e+03 1.100373e+03 
2.848990e-01 1.295039e+03 1.078834e+03 
2.879192e-01 1.272070e+03 1.057882e+03 
2.909394e-01 1.249650e+03 1.037498e+03 
2.939596e-01 1.227774e+03 1.017661e+03 
2.969798e-01 1.206438e+03 9.983525e+02 
3.000000e-01 1.185635e+03 9.795550e+02 
