1.000000e-03 3.708783e+03 3.708743e+03 
4.020202e-03 1.258039e+04 1.267743e+04 
7.040404e-03 1.853518e+04 1.866349e+04 
1.006061e-02 2.226987e+04 2.240518e+04 
1.308081e-02 2.432249e+04 2.446623e+04 
1.610101e-02 2.509724e+04 2.519965e+04 
1.912121e-02 2.491854e+04 2.488974e+04 
2.214141e-02 2.406127e+04 2.385869e+04 
2.516162e-02 2.276026e+04 2.244827e+04 
2.818182e-02 2.121373e+04 2.093203e+04 
3.120202e-02 1.958119e+04 1.947006e+04 
3.422222e-02 1.798329e+04 1.812852e+04 
3.724242e-02 1.650295e+04 1.692025e+04 
4.026263e-02 1.519249e+04 1.583561e+04 
4.328283e-02 1.407029e+04 1.485864e+04 
4.630303e-02 1.313472e+04 1.397371e+04 
4.932323e-02 1.238969e+04 1.316749e+04 
5.234343e-02 1.180667e+04 1.242915e+04 
5.536364e-02 1.134458e+04 1.175003e+04 
5.838384e-02 1.097306e+04 1.112312e+04 
6.140404e-02 1.066250e+04 1.054268e+04 
6.442424e-02 1.038240e+04 1.000392e+04 
6.744444e-02 1.010362e+04 9.502798e+03 
7.046465e-02 9.805044e+03 9.035837e+03 
7.348485e-02 9.472657e+03 8.600007e+03 
7.650505e-02 9.099859e+03 8.192647e+03 
7.952525e-02 8.688576e+03 7.811394e+03 
8.254545e-02 8.247254e+03 7.454139e+03 
8.556566e-02 7.788235e+03 7.118988e+03 
8.858586e-02 7.325710e+03 6.804232e+03 
9.160606e-02 6.873577e+03 6.508324e+03 
9.462626e-02 6.444662e+03 6.229860e+03 
9.764646e-02 6.050569e+03 5.967561e+03 
1.006667e-01 5.699828e+03 5.720261e+03 
1.036869e-01 5.398350e+03 5.486893e+03 
1.067071e-01 5.147455e+03 5.266482e+03 
1.097273e-01 4.945473e+03 5.058132e+03 
1.127475e-01 4.786887e+03 4.861021e+03 
1.157677e-01 4.664393e+03 4.674395e+03 
1.187879e-01 4.569214e+03 4.497558e+03 
1.218081e-01 4.492523e+03 4.329869e+03 
1.248283e-01 4.425638e+03 4.170738e+03 
1.278485e-01 4.360665e+03 4.019618e+03 
1.308687e-01 4.290544e+03 3.876004e+03 
1.338889e-01 4.209808e+03 3.739431e+03 
1.369091e-01 4.114683e+03 3.609465e+03 
1.399293e-01 4.003537e+03 3.485705e+03 
1.429495e-01 3.876979e+03 3.367781e+03 
1.459697e-01 3.737397e+03 3.255345e+03 
1.489899e-01 3.588530e+03 3.148078e+03 
1.520101e-01 3.434774e+03 3.045679e+03 
1.550303e-01 3.280897e+03 2.947872e+03 
1.580505e-01 3.131581e+03 2.854397e+03 
1.610707e-01 2.991167e+03 2.765012e+03 
1.640909e-01 2.863117e+03 2.679492e+03 
1.671111e-01 2.749949e+03 2.597625e+03 
1.701313e-01 2.652732e+03 2.519215e+03 
1.731515e-01 2.571517e+03 2.444078e+03 
1.761717e-01 2.505062e+03 2.372040e+03 
1.791919e-01 2.451518e+03 2.302940e+03 
1.822121e-01 2.408461e+03 2.236627e+03 
1.852323e-01 2.373237e+03 2.172959e+03 
1.882525e-01 2.343025e+03 2.111802e+03 
1.912727e-01 2.315047e+03 2.053030e+03 
1.942929e-01 2.286630e+03 1.996525e+03 
1.973131e-01 2.255472e+03 1.942178e+03 
2.003333e-01 2.219716e+03 1.889883e+03 
2.033535e-01 2.178359e+03 1.839542e+03 
2.063737e-01 2.131054e+03 1.791063e+03 
2.093939e-01 2.078204e+03 1.744357e+03 
2.124141e-01 2.020768e+03 1.699344e+03 
2.154343e-01 1.960107e+03 1.655944e+03 
2.184545e-01 1.897810e+03 1.614085e+03 
2.214747e-01 1.835526e+03 1.573696e+03 
2.244949e-01 1.774843e+03 1.534713e+03 
2.275152e-01 1.717198e+03 1.497073e+03 
2.305354e-01 1.663781e+03 1.460717e+03 
2.335556e-01 1.615397e+03 1.425589e+03 
2.365758e-01 1.572480e+03 1.391637e+03 
2.395960e-01 1.535058e+03 1.358811e+03 
2.426162e-01 1.502894e+03 1.327063e+03 
2.456364e-01 1.475433e+03 1.296347e+03 
2.486566e-01 1.451950e+03 1.266622e+03 
2.516768e-01 1.431548e+03 1.237847e+03 
2.546970e-01 1.413230e+03 1.209982e+03 
2.577172e-01 1.395921e+03 1.182991e+03 
2.607374e-01 1.378631e+03 1.156840e+03 
2.637576e-01 1.360474e+03 1.131494e+03 
2.667778e-01 1.340852e+03 1.106923e+03 
2.697980e-01 1.319381e+03 1.083095e+03 
2.728182e-01 1.295988e+03 1.059983e+03 
2.758384e-01 1.270780e+03 1.037559e+03 
2.788586e-01 1.244044e+03 1.015797e+03 
2.818788e-01 1.216162e+03 9.946715e+02 
2.848990e-01 1.187591e+03 9.741591e+02 
2.879192e-01 1.158854e+03 9.542370e+02 
2.909394e-01 1.130499e+03 9.348836e+02 
2.939596e-01 1.103075e+03 9.160781e+02 
2.969798e-01 1.077068e+03 8.978007e+02 
3.000000e-01 1.052844e+03 8.800325e+02 
