1.000000e-03 4.002145e+03 4.002101e+03 
4.020202e-03 1.332119e+04 1.342391e+04 
7.040404e-03 1.945444e+04 1.958741e+04 
1.006061e-02 2.323217e+04 2.336794e+04 
1.308081e-02 2.525378e+04 2.539142e+04 
1.610101e-02 2.595851e+04 2.604499e+04 
1.912121e-02 2.569237e+04 2.563929e+04 
2.214141e-02 2.474445e+04 2.451877e+04 
2.516162e-02 2.335940e+04 2.303702e+04 
2.818182e-02 2.174054e+04 2.146745e+04 
3.120202e-02 2.004950e+04 1.996437e+04 
3.422222e-02 1.840733e+04 1.858845e+04 
3.724242e-02 1.689544e+04 1.734924e+04 
4.026263e-02 1.556375e+04 1.623566e+04 
4.328283e-02 1.442777e+04 1.523126e+04 
4.630303e-02 1.348325e+04 1.432034e+04 
4.932323e-02 1.273235e+04 1.348962e+04 
5.234343e-02 1.214283e+04 1.272832e+04 
5.536364e-02 1.167147e+04 1.202780e+04 
5.838384e-02 1.128836e+04 1.138101e+04 
6.140404e-02 1.096161e+04 1.078217e+04 
6.442424e-02 1.065980e+04 1.022642e+04 
6.744444e-02 1.035527e+04 9.709617e+03 
7.046465e-02 1.002782e+04 9.228206e+03 
7.348485e-02 9.665087e+03 8.779062e+03 
7.650505e-02 9.262614e+03 8.359435e+03 
7.952525e-02 8.824004e+03 7.966877e+03 
8.254545e-02 8.359342e+03 7.599199e+03 
8.556566e-02 7.881983e+03 7.254433e+03 
8.858586e-02 7.406342e+03 6.930801e+03 
9.160606e-02 6.946602e+03 6.626693e+03 
9.462626e-02 6.515312e+03 6.340647e+03 
9.764646e-02 6.123252e+03 6.071331e+03 
1.006667e-01 5.777984e+03 5.817532e+03 
1.036869e-01 5.484297e+03 5.578139e+03 
1.067071e-01 5.242115e+03 5.352136e+03 
1.097273e-01 5.048318e+03 5.138594e+03 
1.127475e-01 4.896210e+03 4.936657e+03 
1.157677e-01 4.777613e+03 4.745539e+03 
1.187879e-01 4.683314e+03 4.564520e+03 
1.218081e-01 4.604299e+03 4.392932e+03 
1.248283e-01 4.531899e+03 4.230164e+03 
1.278485e-01 4.458441e+03 4.075648e+03 
1.308687e-01 4.377331e+03 3.928862e+03 
1.338889e-01 4.283740e+03 3.789321e+03 
1.369091e-01 4.174925e+03 3.656578e+03 
1.399293e-01 4.050332e+03 3.530217e+03 
1.429495e-01 3.911646e+03 3.409854e+03 
1.459697e-01 3.761991e+03 3.295131e+03 
1.489899e-01 3.605631e+03 3.185716e+03 
1.520101e-01 3.447216e+03 3.081300e+03 
1.550303e-01 3.291523e+03 2.981597e+03 
1.580505e-01 3.142999e+03 2.886338e+03 
1.610707e-01 3.005605e+03 2.795274e+03 
1.640909e-01 2.882227e+03 2.708172e+03 
1.671111e-01 2.774811e+03 2.624815e+03 
1.701313e-01 2.683731e+03 2.545000e+03 
1.731515e-01 2.608383e+03 2.468536e+03 
1.761717e-01 2.546941e+03 2.395246e+03 
1.791919e-01 2.497089e+03 2.324964e+03 
1.822121e-01 2.456126e+03 2.257533e+03 
1.852323e-01 2.421247e+03 2.192808e+03 
1.882525e-01 2.389625e+03 2.130650e+03 
1.912727e-01 2.358585e+03 2.070931e+03 
1.942929e-01 2.325676e+03 2.013530e+03 
1.973131e-01 2.288911e+03 1.958333e+03 
2.003333e-01 2.246918e+03 1.905233e+03 
2.033535e-01 2.199113e+03 1.854128e+03 
2.063737e-01 2.145697e+03 1.804923e+03 
2.093939e-01 2.087480e+03 1.757530e+03 
2.124141e-01 2.025799e+03 1.711863e+03 
2.154343e-01 1.962211e+03 1.667843e+03 
2.184545e-01 1.898368e+03 1.625393e+03 
2.214747e-01 1.835866e+03 1.584444e+03 
2.244949e-01 1.776183e+03 1.544927e+03 
2.275152e-01 1.720508e+03 1.506780e+03 
2.305354e-01 1.669747e+03 1.469940e+03 
2.335556e-01 1.624372e+03 1.434353e+03 
2.365758e-01 1.584549e+03 1.399963e+03 
2.395960e-01 1.550035e+03 1.366719e+03 
2.426162e-01 1.520356e+03 1.334573e+03 
2.456364e-01 1.494790e+03 1.303478e+03 
2.486566e-01 1.472458e+03 1.273392e+03 
2.516768e-01 1.452360e+03 1.244271e+03 
2.546970e-01 1.433453e+03 1.216077e+03 
2.577172e-01 1.414723e+03 1.188772e+03 
2.607374e-01 1.395312e+03 1.162320e+03 
2.637576e-01 1.374553e+03 1.136688e+03 
2.667778e-01 1.352064e+03 1.111843e+03 
2.697980e-01 1.327726e+03 1.087754e+03 
2.728182e-01 1.301648e+03 1.064392e+03 
2.758384e-01 1.274109e+03 1.041729e+03 
2.788586e-01 1.245488e+03 1.019739e+03 
2.818788e-01 1.216245e+03 9.983946e+02 
2.848990e-01 1.186880e+03 9.776732e+02 
2.879192e-01 1.157937e+03 9.575512e+02 
2.909394e-01 1.129938e+03 9.380064e+02 
2.939596e-01 1.103364e+03 9.190178e+02 
2.969798e-01 1.078553e+03 9.005651e+02 
3.000000e-01 1.055727e+03 8.826290e+02 
