1.000000e-03 3.561067e+03 3.561041e+03 
4.020202e-03 1.181835e+04 1.191135e+04 
7.040404e-03 1.718142e+04 1.729370e+04 
1.006061e-02 2.044631e+04 2.053848e+04 
1.308081e-02 2.218442e+04 2.224373e+04 
1.610101e-02 2.280362e+04 2.279212e+04 
1.912121e-02 2.261623e+04 2.249137e+04 
2.214141e-02 2.187375e+04 2.165013e+04 
2.516162e-02 2.078194e+04 2.054663e+04 
2.818182e-02 1.950761e+04 1.937334e+04 
3.120202e-02 1.817894e+04 1.823106e+04 
3.422222e-02 1.688973e+04 1.715914e+04 
3.724242e-02 1.570150e+04 1.616641e+04 
4.026263e-02 1.464907e+04 1.524968e+04 
4.328283e-02 1.374519e+04 1.440230e+04 
4.630303e-02 1.298119e+04 1.361738e+04 
4.932323e-02 1.234843e+04 1.288876e+04 
5.234343e-02 1.183014e+04 1.221110e+04 
5.536364e-02 1.138852e+04 1.157985e+04 
5.838384e-02 1.099630e+04 1.099104e+04 
6.140404e-02 1.063189e+04 1.044119e+04 
6.442424e-02 1.027281e+04 9.927189e+03 
6.744444e-02 9.903952e+03 9.446247e+03 
7.046465e-02 9.516124e+03 8.995834e+03 
7.348485e-02 9.105368e+03 8.573649e+03 
7.650505e-02 8.674588e+03 8.177587e+03 
7.952525e-02 8.231294e+03 7.805723e+03 
8.254545e-02 7.786091e+03 7.456291e+03 
8.556566e-02 7.350608e+03 7.127670e+03 
8.858586e-02 6.935458e+03 6.818368e+03 
9.160606e-02 6.549527e+03 6.527017e+03 
9.462626e-02 6.199819e+03 6.252354e+03 
9.764646e-02 5.890735e+03 5.993219e+03 
1.006667e-01 5.624453e+03 5.748544e+03 
1.036869e-01 5.399755e+03 5.517343e+03 
1.067071e-01 5.213097e+03 5.298707e+03 
1.097273e-01 5.057962e+03 5.091799e+03 
1.127475e-01 4.926759e+03 4.895844e+03 
1.157677e-01 4.811524e+03 4.710128e+03 
1.187879e-01 4.704775e+03 4.533990e+03 
1.218081e-01 4.600112e+03 4.366818e+03 
1.248283e-01 4.492318e+03 4.208048e+03 
1.278485e-01 4.377540e+03 4.057154e+03 
1.308687e-01 4.253698e+03 3.913651e+03 
1.338889e-01 4.120218e+03 3.777089e+03 
1.369091e-01 3.978590e+03 3.647048e+03 
1.399293e-01 3.831407e+03 3.523141e+03 
1.429495e-01 3.682065e+03 3.405004e+03 
1.459697e-01 3.534056e+03 3.292304e+03 
1.489899e-01 3.390544e+03 3.184725e+03 
1.520101e-01 3.254388e+03 3.081977e+03 
1.550303e-01 3.128021e+03 2.983787e+03 
1.580505e-01 3.013336e+03 2.889901e+03 
1.610707e-01 2.911626e+03 2.800083e+03 
1.640909e-01 2.823083e+03 2.714111e+03 
1.671111e-01 2.747036e+03 2.631777e+03 
1.701313e-01 2.681669e+03 2.552888e+03 
1.731515e-01 2.624670e+03 2.477261e+03 
1.761717e-01 2.573539e+03 2.404728e+03 
1.791919e-01 2.525922e+03 2.335128e+03 
1.822121e-01 2.479903e+03 2.268311e+03 
1.852323e-01 2.433828e+03 2.204138e+03 
1.882525e-01 2.386350e+03 2.142475e+03 
1.912727e-01 2.336458e+03 2.083199e+03 
1.942929e-01 2.283483e+03 2.026193e+03 
1.973131e-01 2.227365e+03 1.971347e+03 
2.003333e-01 2.168486e+03 1.918557e+03 
2.033535e-01 2.107819e+03 1.867726e+03 
2.063737e-01 2.046566e+03 1.818761e+03 
2.093939e-01 1.986008e+03 1.771576e+03 
2.124141e-01 1.927310e+03 1.726089e+03 
2.154343e-01 1.871379e+03 1.682222e+03 
2.184545e-01 1.818901e+03 1.639902e+03 
2.214747e-01 1.770316e+03 1.599060e+03 
2.244949e-01 1.725826e+03 1.559630e+03 
2.275152e-01 1.685432e+03 1.521550e+03 
2.305354e-01 1.648904e+03 1.484762e+03 
2.335556e-01 1.615861e+03 1.449209e+03 
2.365758e-01 1.585709e+03 1.414840e+03 
2.395960e-01 1.557774e+03 1.381604e+03 
2.426162e-01 1.531332e+03 1.349453e+03 
2.456364e-01 1.505695e+03 1.318343e+03 
2.486566e-01 1.480251e+03 1.288230e+03 
2.516768e-01 1.454517e+03 1.259074e+03 
2.546970e-01 1.428156e+03 1.230837e+03 
2.577172e-01 1.401014e+03 1.203480e+03 
2.607374e-01 1.373082e+03 1.176970e+03 
2.637576e-01 1.344524e+03 1.151273e+03 
2.667778e-01 1.315598e+03 1.126357e+03 
2.697980e-01 1.286640e+03 1.102193e+03 
2.728182e-01 1.257998e+03 1.078750e+03 
2.758384e-01 1.230000e+03 1.056002e+03 
2.788586e-01 1.202932e+03 1.033922e+03 
2.818788e-01 1.177023e+03 1.012485e+03 
2.848990e-01 1.152439e+03 9.916684e+02 
2.879192e-01 1.129291e+03 9.714479e+02 
2.909394e-01 1.107592e+03 9.518021e+02 
2.939596e-01 1.087291e+03 9.327103e+02 
2.969798e-01 1.068255e+03 9.141525e+02 
3.000000e-01 1.050315e+03 8.961096e+02 
