1.000000e-03 6.369650e+03 6.369579e+03 
4.020202e-03 2.112693e+04 2.129349e+04 
7.040404e-03 3.064131e+04 3.087803e+04 
1.006061e-02 3.628380e+04 3.659743e+04 
1.308081e-02 3.903391e+04 3.946456e+04 
1.610101e-02 3.960752e+04 4.005856e+04 
1.912121e-02 3.857697e+04 3.881822e+04 
2.214141e-02 3.642937e+04 3.628024e+04 
2.516162e-02 3.358674e+04 3.308422e+04 
2.818182e-02 3.040406e+04 2.979225e+04 
3.120202e-02 2.716591e+04 2.674949e+04 
3.422222e-02 2.408394e+04 2.409030e+04 
3.724242e-02 2.129863e+04 2.182016e+04 
4.026263e-02 1.889142e+04 1.989055e+04 
4.328283e-02 1.687817e+04 1.824121e+04 
4.630303e-02 1.525879e+04 1.681754e+04 
4.932323e-02 1.402001e+04 1.557532e+04 
5.234343e-02 1.309855e+04 1.448023e+04 
5.536364e-02 1.243644e+04 1.350604e+04 
5.838384e-02 1.197684e+04 1.263261e+04 
6.140404e-02 1.165703e+04 1.184436e+04 
6.442424e-02 1.142277e+04 1.112903e+04 
6.744444e-02 1.122572e+04 1.047682e+04 
7.046465e-02 1.102303e+04 9.879811e+03 
7.348485e-02 1.077884e+04 9.331443e+03 
7.650505e-02 1.046721e+04 8.826251e+03 
7.952525e-02 1.007467e+04 8.359614e+03 
8.254545e-02 9.601074e+03 7.927579e+03 
8.556566e-02 9.058353e+03 7.526736e+03 
8.858586e-02 8.466631e+03 7.154119e+03 
9.160606e-02 7.850756e+03 6.807128e+03 
9.462626e-02 7.237376e+03 6.483473e+03 
9.764646e-02 6.650606e+03 6.181125e+03 
1.006667e-01 6.111443e+03 5.898279e+03 
1.036869e-01 5.634550e+03 5.633319e+03 
1.067071e-01 5.229727e+03 5.384799e+03 
1.097273e-01 4.900008e+03 5.151416e+03 
1.127475e-01 4.644105e+03 4.931995e+03 
1.157677e-01 4.456597e+03 4.725474e+03 
1.187879e-01 4.329105e+03 4.530887e+03 
1.218081e-01 4.251263e+03 4.347360e+03 
1.248283e-01 4.210934e+03 4.174094e+03 
1.278485e-01 4.195249e+03 4.010361e+03 
1.308687e-01 4.190930e+03 3.855497e+03 
1.338889e-01 4.185647e+03 3.708892e+03 
1.369091e-01 4.168336e+03 3.569988e+03 
1.399293e-01 4.130660e+03 3.438273e+03 
1.429495e-01 4.066512e+03 3.313274e+03 
1.459697e-01 3.973122e+03 3.194559e+03 
1.489899e-01 3.850245e+03 3.081726e+03 
1.520101e-01 3.700432e+03 2.974406e+03 
1.550303e-01 3.529017e+03 2.872257e+03 
1.580505e-01 3.343306e+03 2.774965e+03 
1.610707e-01 3.152046e+03 2.682235e+03 
1.640909e-01 2.963955e+03 2.593797e+03 
1.671111e-01 2.786729e+03 2.509398e+03 
1.701313e-01 2.626178e+03 2.428805e+03 
1.731515e-01 2.486127e+03 2.351799e+03 
1.761717e-01 2.368388e+03 2.278179e+03 
1.791919e-01 2.273492e+03 2.207755e+03 
1.822121e-01 2.200691e+03 2.140350e+03 
1.852323e-01 2.148456e+03 2.075801e+03 
1.882525e-01 2.114414e+03 2.013953e+03 
1.912727e-01 2.095270e+03 1.954664e+03 
1.942929e-01 2.086999e+03 1.897798e+03 
1.973131e-01 2.085008e+03 1.843230e+03 
2.003333e-01 2.084658e+03 1.790841e+03 
2.033535e-01 2.081694e+03 1.740521e+03 
2.063737e-01 2.072630e+03 1.692166e+03 
2.093939e-01 2.054890e+03 1.645678e+03 
2.124141e-01 2.026955e+03 1.600966e+03 
2.154343e-01 1.988118e+03 1.557943e+03 
2.184545e-01 1.938731e+03 1.516528e+03 
2.214747e-01 1.879887e+03 1.476644e+03 
2.244949e-01 1.813558e+03 1.438219e+03 
2.275152e-01 1.742268e+03 1.401186e+03 
2.305354e-01 1.668921e+03 1.365480e+03 
2.335556e-01 1.596389e+03 1.331041e+03 
2.365758e-01 1.527310e+03 1.297810e+03 
2.395960e-01 1.463709e+03 1.265735e+03 
2.426162e-01 1.407101e+03 1.234764e+03 
2.456364e-01 1.358429e+03 1.204848e+03 
2.486566e-01 1.318078e+03 1.175941e+03 
2.516768e-01 1.285998e+03 1.148001e+03 
2.546970e-01 1.261649e+03 1.120986e+03 
2.577172e-01 1.244139e+03 1.094856e+03 
2.607374e-01 1.232150e+03 1.069576e+03 
2.637576e-01 1.224164e+03 1.045109e+03 
2.667778e-01 1.218525e+03 1.021422e+03 
2.697980e-01 1.213622e+03 9.984832e+02 
2.728182e-01 1.207956e+03 9.762628e+02 
2.758384e-01 1.200317e+03 9.547320e+02 
2.788586e-01 1.189739e+03 9.338633e+02 
2.818788e-01 1.175551e+03 9.136308e+02 
2.848990e-01 1.157426e+03 8.940096e+02 
2.879192e-01 1.135336e+03 8.749762e+02 
2.909394e-01 1.109635e+03 8.565081e+02 
2.939596e-01 1.080938e+03 8.385838e+02 
2.969798e-01 1.050169e+03 8.211828e+02 
3.000000e-01 1.018347e+03 8.042856e+02 
