1.000000e-03 4.682691e+03 4.682643e+03 
4.020202e-03 1.577365e+04 1.589657e+04 
7.040404e-03 2.308203e+04 2.324900e+04 
1.006061e-02 2.754435e+04 2.773969e+04 
1.308081e-02 2.986596e+04 3.010165e+04 
1.610101e-02 3.057188e+04 3.077818e+04 
1.912121e-02 3.008224e+04 3.012304e+04 
2.214141e-02 2.875397e+04 2.855127e+04 
2.516162e-02 2.689272e+04 2.651820e+04 
2.818182e-02 2.475540e+04 2.439454e+04 
3.120202e-02 2.254754e+04 2.239553e+04 
3.422222e-02 2.042204e+04 2.060399e+04 
3.724242e-02 1.848213e+04 1.902759e+04 
4.026263e-02 1.678971e+04 1.764353e+04 
4.328283e-02 1.535982e+04 1.642200e+04 
4.630303e-02 1.419182e+04 1.533551e+04 
4.932323e-02 1.328442e+04 1.436139e+04 
5.234343e-02 1.259118e+04 1.348171e+04 
5.536364e-02 1.206487e+04 1.268241e+04 
5.838384e-02 1.166613e+04 1.195240e+04 
6.140404e-02 1.135024e+04 1.128284e+04 
6.442424e-02 1.107615e+04 1.066653e+04 
6.744444e-02 1.080850e+04 1.009751e+04 
7.046465e-02 1.051865e+04 9.570819e+03 
7.348485e-02 1.018621e+04 9.082202e+03 
7.650505e-02 9.800190e+03 8.628010e+03 
7.952525e-02 9.359293e+03 8.205066e+03 
8.254545e-02 8.871639e+03 7.810581e+03 
8.556566e-02 8.351661e+03 7.442093e+03 
8.858586e-02 7.817212e+03 7.097411e+03 
9.160606e-02 7.287363e+03 6.774577e+03 
9.462626e-02 6.780425e+03 6.471837e+03 
9.764646e-02 6.312566e+03 6.187608e+03 
1.006667e-01 5.895851e+03 5.920463e+03 
1.036869e-01 5.538030e+03 5.669108e+03 
1.067071e-01 5.242360e+03 5.432367e+03 
1.097273e-01 5.006941e+03 5.209173e+03 
1.127475e-01 4.826577e+03 4.998549e+03 
1.157677e-01 4.693229e+03 4.799607e+03 
1.187879e-01 4.597606e+03 4.611531e+03 
1.218081e-01 4.529390e+03 4.433575e+03 
1.248283e-01 4.477918e+03 4.265055e+03 
1.278485e-01 4.432438e+03 4.105340e+03 
1.308687e-01 4.383334e+03 3.953853e+03 
1.338889e-01 4.322251e+03 3.810059e+03 
1.369091e-01 4.243544e+03 3.673466e+03 
1.399293e-01 4.143848e+03 3.543621e+03 
1.429495e-01 4.022925e+03 3.420102e+03 
1.459697e-01 3.882587e+03 3.302522e+03 
1.489899e-01 3.726445e+03 3.190519e+03 
1.520101e-01 3.559517e+03 3.083761e+03 
1.550303e-01 3.387612e+03 2.981937e+03 
1.580505e-01 3.217013e+03 2.884758e+03 
1.610707e-01 3.053786e+03 2.791958e+03 
1.640909e-01 2.903311e+03 2.703287e+03 
1.671111e-01 2.769465e+03 2.618511e+03 
1.701313e-01 2.654576e+03 2.537416e+03 
1.731515e-01 2.559105e+03 2.459798e+03 
1.761717e-01 2.482340e+03 2.385469e+03 
1.791919e-01 2.422396e+03 2.314253e+03 
1.822121e-01 2.376894e+03 2.245983e+03 
1.852323e-01 2.343041e+03 2.180506e+03 
1.882525e-01 2.317690e+03 2.117676e+03 
1.912727e-01 2.297397e+03 2.057359e+03 
1.942929e-01 2.278610e+03 1.999426e+03 
1.973131e-01 2.257890e+03 1.943757e+03 
2.003333e-01 2.232388e+03 1.890241e+03 
2.033535e-01 2.200000e+03 1.838772e+03 
2.063737e-01 2.159712e+03 1.789250e+03 
2.093939e-01 2.111455e+03 1.741581e+03 
2.124141e-01 2.055964e+03 1.695678e+03 
2.154343e-01 1.994624e+03 1.651457e+03 
2.184545e-01 1.929165e+03 1.608840e+03 
2.214747e-01 1.861570e+03 1.567753e+03 
2.244949e-01 1.793893e+03 1.528126e+03 
2.275152e-01 1.728192e+03 1.489893e+03 
2.305354e-01 1.666250e+03 1.452991e+03 
2.335556e-01 1.609543e+03 1.417362e+03 
2.365758e-01 1.559044e+03 1.382949e+03 
2.395960e-01 1.515334e+03 1.349700e+03 
2.426162e-01 1.478415e+03 1.317565e+03 
2.456364e-01 1.447934e+03 1.286495e+03 
2.486566e-01 1.423151e+03 1.256446e+03 
2.516768e-01 1.403070e+03 1.227376e+03 
2.546970e-01 1.386504e+03 1.199243e+03 
2.577172e-01 1.372164e+03 1.172009e+03 
2.607374e-01 1.358756e+03 1.145638e+03 
2.637576e-01 1.345088e+03 1.120094e+03 
2.667778e-01 1.330142e+03 1.095344e+03 
2.697980e-01 1.313140e+03 1.071357e+03 
2.728182e-01 1.293618e+03 1.048103e+03 
2.758384e-01 1.271372e+03 1.025553e+03 
2.788586e-01 1.246498e+03 1.003680e+03 
2.818788e-01 1.219286e+03 9.824583e+02 
2.848990e-01 1.190281e+03 9.618628e+02 
2.879192e-01 1.160133e+03 9.418699e+02 
2.909394e-01 1.129584e+03 9.224572e+02 
2.939596e-01 1.099368e+03 9.036030e+02 
2.969798e-01 1.070195e+03 8.852870e+02 
3.000000e-01 1.042649e+03 8.674894e+02 
