1.000000e-03 5.428462e+03 5.428410e+03 
4.020202e-03 1.819333e+04 1.833647e+04 
7.040404e-03 2.654794e+04 2.674964e+04 
1.006061e-02 3.159657e+04 3.185443e+04 
1.308081e-02 3.415758e+04 3.449941e+04 
1.610101e-02 3.483588e+04 3.518196e+04 
1.912121e-02 3.411794e+04 3.428535e+04 
2.214141e-02 3.241960e+04 3.227247e+04 
2.516162e-02 3.010010e+04 2.968366e+04 
2.818182e-02 2.746327e+04 2.698663e+04 
3.120202e-02 2.475358e+04 2.446727e+04 
3.422222e-02 2.215371e+04 2.223951e+04 
3.724242e-02 1.978744e+04 2.031323e+04 
4.026263e-02 1.772842e+04 1.865426e+04 
4.328283e-02 1.599465e+04 1.721800e+04 
4.630303e-02 1.458674e+04 1.596336e+04 
4.932323e-02 1.349946e+04 1.485665e+04 
5.234343e-02 1.268073e+04 1.387149e+04 
5.536364e-02 1.207855e+04 1.298750e+04 
5.838384e-02 1.164545e+04 1.218888e+04 
6.140404e-02 1.132894e+04 1.146328e+04 
6.442424e-02 1.108075e+04 1.080085e+04 
6.744444e-02 1.085836e+04 1.019367e+04 
7.046465e-02 1.062551e+04 9.635216e+03 
7.348485e-02 1.035327e+04 9.120056e+03 
7.650505e-02 1.002178e+04 8.643609e+03 
7.952525e-02 9.621922e+03 8.201958e+03 
8.254545e-02 9.156416e+03 7.791724e+03 
8.556566e-02 8.637135e+03 7.409965e+03 
8.858586e-02 8.082335e+03 7.054102e+03 
9.160606e-02 7.513972e+03 6.721857e+03 
9.462626e-02 6.954321e+03 6.411209e+03 
9.764646e-02 6.423870e+03 6.120356e+03 
1.006667e-01 5.940169e+03 5.847684e+03 
1.036869e-01 5.515173e+03 5.591745e+03 
1.067071e-01 5.156142e+03 5.351232e+03 
1.097273e-01 4.864601e+03 5.124963e+03 
1.127475e-01 4.638487e+03 4.911869e+03 
1.157677e-01 4.471563e+03 4.710977e+03 
1.187879e-01 4.355631e+03 4.521402e+03 
1.218081e-01 4.280840e+03 4.342338e+03 
1.248283e-01 4.236110e+03 4.173047e+03 
1.278485e-01 4.209695e+03 4.012854e+03 
1.308687e-01 4.189783e+03 3.861142e+03 
1.338889e-01 4.165448e+03 3.717342e+03 
1.369091e-01 4.127588e+03 3.580933e+03 
1.399293e-01 4.069604e+03 3.451434e+03 
1.429495e-01 3.987404e+03 3.328403e+03 
1.459697e-01 3.879960e+03 3.211431e+03 
1.489899e-01 3.748317e+03 3.100140e+03 
1.520101e-01 3.595953e+03 2.994181e+03 
1.550303e-01 3.427977e+03 2.893230e+03 
1.580505e-01 3.251236e+03 2.796989e+03 
1.610707e-01 3.073122e+03 2.705178e+03 
1.640909e-01 2.901093e+03 2.617540e+03 
1.671111e-01 2.741295e+03 2.533834e+03 
1.701313e-01 2.598571e+03 2.453836e+03 
1.731515e-01 2.475568e+03 2.377338e+03 
1.761717e-01 2.373416e+03 2.304146e+03 
1.791919e-01 2.291730e+03 2.234079e+03 
1.822121e-01 2.229256e+03 2.166967e+03 
1.852323e-01 2.184102e+03 2.102653e+03 
1.882525e-01 2.153617e+03 2.040987e+03 
1.912727e-01 2.134635e+03 1.981832e+03 
1.942929e-01 2.123377e+03 1.925058e+03 
1.973131e-01 2.115800e+03 1.870542e+03 
2.003333e-01 2.107759e+03 1.818172e+03 
2.033535e-01 2.095739e+03 1.767838e+03 
2.063737e-01 2.076869e+03 1.719442e+03 
2.093939e-01 2.049477e+03 1.672887e+03 
2.124141e-01 2.012714e+03 1.628085e+03 
2.154343e-01 1.966708e+03 1.584952e+03 
2.184545e-01 1.912320e+03 1.543408e+03 
2.214747e-01 1.851021e+03 1.503380e+03 
2.244949e-01 1.784809e+03 1.464796e+03 
2.275152e-01 1.715973e+03 1.427590e+03 
2.305354e-01 1.647044e+03 1.391700e+03 
2.335556e-01 1.580399e+03 1.357067e+03 
2.365758e-01 1.518101e+03 1.323633e+03 
2.395960e-01 1.461710e+03 1.291347e+03 
2.426162e-01 1.412333e+03 1.260158e+03 
2.456364e-01 1.370412e+03 1.230018e+03 
2.486566e-01 1.335986e+03 1.200883e+03 
2.516768e-01 1.308641e+03 1.172710e+03 
2.546970e-01 1.287646e+03 1.145458e+03 
2.577172e-01 1.271951e+03 1.119089e+03 
2.607374e-01 1.260263e+03 1.093566e+03 
2.637576e-01 1.251153e+03 1.068854e+03 
2.667778e-01 1.243166e+03 1.044922e+03 
2.697980e-01 1.234921e+03 1.021737e+03 
2.728182e-01 1.225210e+03 9.992693e+02 
2.758384e-01 1.213108e+03 9.774910e+02 
2.788586e-01 1.197984e+03 9.563749e+02 
2.818788e-01 1.179541e+03 9.358952e+02 
2.848990e-01 1.157732e+03 9.160276e+02 
2.879192e-01 1.132853e+03 8.967486e+02 
2.909394e-01 1.105404e+03 8.780359e+02 
2.939596e-01 1.076095e+03 8.598682e+02 
2.969798e-01 1.045755e+03 8.422253e+02 
3.000000e-01 1.015281e+03 8.250878e+02 
