1.000000e-03 4.163164e+03 4.163124e+03 
4.020202e-03 1.363511e+04 1.374083e+04 
7.040404e-03 1.973739e+04 1.986951e+04 
1.006061e-02 2.341741e+04 2.354338e+04 
1.308081e-02 2.532784e+04 2.544127e+04 
1.610101e-02 2.593333e+04 2.598268e+04 
1.912121e-02 2.559462e+04 2.550480e+04 
2.214141e-02 2.460448e+04 2.436636e+04 
2.516162e-02 2.320802e+04 2.291319e+04 
2.818182e-02 2.160391e+04 2.139634e+04 
3.120202e-02 1.994824e+04 1.994929e+04 
3.422222e-02 1.835454e+04 1.862110e+04 
3.724242e-02 1.689750e+04 1.741775e+04 
4.026263e-02 1.562055e+04 1.632879e+04 
4.328283e-02 1.453505e+04 1.533992e+04 
4.630303e-02 1.363233e+04 1.443773e+04 
4.932323e-02 1.291099e+04 1.361088e+04 
5.234343e-02 1.233734e+04 1.285010e+04 
5.536364e-02 1.186634e+04 1.214783e+04 
5.838384e-02 1.147207e+04 1.149782e+04 
6.140404e-02 1.112125e+04 1.089484e+04 
6.442424e-02 1.078279e+04 1.033441e+04 
6.744444e-02 1.043504e+04 9.812664e+03 
7.046465e-02 1.006206e+04 9.326215e+03 
7.348485e-02 9.655517e+03 8.872067e+03 
7.650505e-02 9.214990e+03 8.447548e+03 
7.952525e-02 8.747361e+03 8.050263e+03 
8.254545e-02 8.264450e+03 7.678055e+03 
8.556566e-02 7.780289e+03 7.328972e+03 
8.858586e-02 7.308771e+03 7.001243e+03 
9.160606e-02 6.862685e+03 6.693260e+03 
9.462626e-02 6.452768e+03 6.403557e+03 
9.764646e-02 6.087497e+03 6.130795e+03 
1.006667e-01 5.771670e+03 5.873753e+03 
1.036869e-01 5.506969e+03 5.631310e+03 
1.067071e-01 5.290693e+03 5.402440e+03 
1.097273e-01 5.117542e+03 5.186203e+03 
1.127475e-01 4.979176e+03 4.981734e+03 
1.157677e-01 4.866620e+03 4.788238e+03 
1.187879e-01 4.770811e+03 4.604982e+03 
1.218081e-01 4.683200e+03 4.431292e+03 
1.248283e-01 4.595889e+03 4.266546e+03 
1.278485e-01 4.502613e+03 4.110170e+03 
1.308687e-01 4.398451e+03 3.961633e+03 
1.338889e-01 4.280843e+03 3.820443e+03 
1.369091e-01 4.149065e+03 3.686147e+03 
1.399293e-01 4.005003e+03 3.558322e+03 
1.429495e-01 3.851714e+03 3.436579e+03 
1.459697e-01 3.693232e+03 3.320553e+03 
1.489899e-01 3.533897e+03 3.209909e+03 
1.520101e-01 3.378141e+03 3.104332e+03 
1.550303e-01 3.230000e+03 3.003532e+03 
1.580505e-01 3.093061e+03 2.907235e+03 
1.610707e-01 2.970009e+03 2.815190e+03 
1.640909e-01 2.862526e+03 2.727159e+03 
1.671111e-01 2.770967e+03 2.642923e+03 
1.701313e-01 2.694411e+03 2.562274e+03 
1.731515e-01 2.630912e+03 2.485020e+03 
1.761717e-01 2.577962e+03 2.410982e+03 
1.791919e-01 2.532810e+03 2.339989e+03 
1.822121e-01 2.492705e+03 2.271883e+03 
1.852323e-01 2.455026e+03 2.206517e+03 
1.882525e-01 2.417432e+03 2.143751e+03 
1.912727e-01 2.377841e+03 2.083453e+03 
1.942929e-01 2.334494e+03 2.025502e+03 
1.973131e-01 2.286387e+03 1.969781e+03 
2.003333e-01 2.233133e+03 1.916183e+03 
2.033535e-01 2.175253e+03 1.864603e+03 
2.063737e-01 2.113730e+03 1.814947e+03 
2.093939e-01 2.050008e+03 1.767123e+03 
2.124141e-01 1.985629e+03 1.721046e+03 
2.154343e-01 1.922153e+03 1.676634e+03 
2.184545e-01 1.860940e+03 1.633811e+03 
2.214747e-01 1.803161e+03 1.592505e+03 
2.244949e-01 1.749701e+03 1.552648e+03 
2.275152e-01 1.701204e+03 1.514175e+03 
2.305354e-01 1.657880e+03 1.477025e+03 
2.335556e-01 1.619671e+03 1.441141e+03 
2.365758e-01 1.586196e+03 1.406467e+03 
2.395960e-01 1.556843e+03 1.372952e+03 
2.426162e-01 1.530795e+03 1.340546e+03 
2.456364e-01 1.507151e+03 1.309203e+03 
2.486566e-01 1.484964e+03 1.278878e+03 
2.516768e-01 1.463303e+03 1.249530e+03 
2.546970e-01 1.441327e+03 1.221118e+03 
2.577172e-01 1.418410e+03 1.193604e+03 
2.607374e-01 1.394144e+03 1.166952e+03 
2.637576e-01 1.368370e+03 1.141128e+03 
2.667778e-01 1.341154e+03 1.116098e+03 
2.697980e-01 1.312731e+03 1.091833e+03 
2.728182e-01 1.283464e+03 1.068301e+03 
2.758384e-01 1.253779e+03 1.045476e+03 
2.788586e-01 1.224134e+03 1.023329e+03 
2.818788e-01 1.194997e+03 1.001835e+03 
2.848990e-01 1.166819e+03 9.809697e+02 
2.879192e-01 1.139987e+03 9.607094e+02 
2.909394e-01 1.114806e+03 9.410319e+02 
2.939596e-01 1.091444e+03 9.219156e+02 
2.969798e-01 1.069970e+03 9.033402e+02 
3.000000e-01 1.050287e+03 8.852862e+02 
