1.000000e-03 6.602101e+03 6.602038e+03 
4.020202e-03 2.184111e+04 2.201303e+04 
7.040404e-03 3.174010e+04 3.199239e+04 
1.006061e-02 3.768078e+04 3.802884e+04 
1.308081e-02 4.064017e+04 4.113910e+04 
1.610101e-02 4.133355e+04 4.189669e+04 
1.912121e-02 4.033567e+04 4.071676e+04 
2.214141e-02 3.814376e+04 3.810969e+04 
2.516162e-02 3.518889e+04 3.472057e+04 
2.818182e-02 3.184189e+04 3.115871e+04 
3.120202e-02 2.840281e+04 2.782955e+04 
3.422222e-02 2.509950e+04 2.491045e+04 
3.724242e-02 2.208794e+04 2.242534e+04 
4.026263e-02 1.946160e+04 2.032716e+04 
4.328283e-02 1.724720e+04 1.854938e+04 
4.630303e-02 1.544797e+04 1.702921e+04 
4.932323e-02 1.405256e+04 1.571486e+04 
5.234343e-02 1.300513e+04 1.456588e+04 
5.536364e-02 1.224547e+04 1.355134e+04 
5.838384e-02 1.171589e+04 1.264762e+04 
6.140404e-02 1.135909e+04 1.183658e+04 
6.442424e-02 1.111716e+04 1.110407e+04 
6.744444e-02 1.093772e+04 1.043892e+04 
7.046465e-02 1.077514e+04 9.832193e+03 
7.348485e-02 1.058929e+04 9.276569e+03 
7.650505e-02 1.034850e+04 8.766018e+03 
7.952525e-02 1.003197e+04 8.295492e+03 
8.254545e-02 9.631435e+03 7.860711e+03 
8.556566e-02 9.151228e+03 7.458016e+03 
8.858586e-02 8.605502e+03 7.084248e+03 
9.160606e-02 8.015467e+03 6.736659e+03 
9.462626e-02 7.406551e+03 6.412840e+03 
9.764646e-02 6.804209e+03 6.110671e+03 
1.006667e-01 6.232789e+03 5.828271e+03 
1.036869e-01 5.711332e+03 5.563969e+03 
1.067071e-01 5.254312e+03 5.316271e+03 
1.097273e-01 4.868916e+03 5.083837e+03 
1.127475e-01 4.557718e+03 4.865462e+03 
1.157677e-01 4.318382e+03 4.660058e+03 
1.187879e-01 4.145356e+03 4.466642e+03 
1.218081e-01 4.030677e+03 4.284322e+03 
1.248283e-01 3.964357e+03 4.112287e+03 
1.278485e-01 3.935227e+03 3.949800e+03 
1.308687e-01 3.930942e+03 3.796185e+03 
1.338889e-01 3.939008e+03 3.650829e+03 
1.369091e-01 3.947132e+03 3.513166e+03 
1.399293e-01 3.944601e+03 3.382680e+03 
1.429495e-01 3.922310e+03 3.258896e+03 
1.459697e-01 3.874196e+03 3.141377e+03 
1.489899e-01 3.796497e+03 3.029720e+03 
1.520101e-01 3.688440e+03 2.923555e+03 
1.550303e-01 3.552018e+03 2.822538e+03 
1.580505e-01 3.391782e+03 2.726352e+03 
1.610707e-01 3.214772e+03 2.634705e+03 
1.640909e-01 3.029251e+03 2.547325e+03 
1.671111e-01 2.843979e+03 2.463959e+03 
1.701313e-01 2.666812e+03 2.384373e+03 
1.731515e-01 2.504001e+03 2.308350e+03 
1.761717e-01 2.359848e+03 2.235687e+03 
1.791919e-01 2.237036e+03 2.166195e+03 
1.822121e-01 2.136501e+03 2.099699e+03 
1.852323e-01 2.058194e+03 2.036035e+03 
1.882525e-01 2.001055e+03 1.975048e+03 
1.912727e-01 1.963203e+03 1.916597e+03 
1.942929e-01 1.941898e+03 1.860547e+03 
1.973131e-01 1.933552e+03 1.806772e+03 
2.003333e-01 1.934033e+03 1.755156e+03 
2.033535e-01 1.938861e+03 1.705588e+03 
2.063737e-01 1.943687e+03 1.657964e+03 
2.093939e-01 1.944623e+03 1.612188e+03 
2.124141e-01 1.938544e+03 1.568168e+03 
2.154343e-01 1.923108e+03 1.525819e+03 
2.184545e-01 1.896999e+03 1.485059e+03 
2.214747e-01 1.859664e+03 1.445813e+03 
2.244949e-01 1.811602e+03 1.408010e+03 
2.275152e-01 1.754090e+03 1.371581e+03 
2.305354e-01 1.689264e+03 1.336463e+03 
2.335556e-01 1.619741e+03 1.302597e+03 
2.365758e-01 1.548416e+03 1.269924e+03 
2.395960e-01 1.478066e+03 1.238392e+03 
2.426162e-01 1.411229e+03 1.207949e+03 
2.456364e-01 1.349922e+03 1.178548e+03 
2.486566e-01 1.295633e+03 1.150143e+03 
2.516768e-01 1.249272e+03 1.122692e+03 
2.546970e-01 1.211214e+03 1.096153e+03 
2.577172e-01 1.181422e+03 1.070487e+03 
2.607374e-01 1.159339e+03 1.045659e+03 
2.637576e-01 1.144090e+03 1.021632e+03 
2.667778e-01 1.134451e+03 9.983749e+02 
2.697980e-01 1.128987e+03 9.758552e+02 
2.728182e-01 1.126118e+03 9.540433e+02 
2.758384e-01 1.124276e+03 9.329108e+02 
2.788586e-01 1.121966e+03 9.124306e+02 
2.818788e-01 1.117879e+03 8.925771e+02 
2.848990e-01 1.110931e+03 8.733257e+02 
2.879192e-01 1.100330e+03 8.546531e+02 
2.909394e-01 1.085643e+03 8.365370e+02 
2.939596e-01 1.066742e+03 8.189564e+02 
2.969798e-01 1.043897e+03 8.018909e+02 
3.000000e-01 1.017638e+03 7.853213e+02 
