1.000000e-03 2.324454e+03 2.324432e+03 
4.020202e-03 7.703510e+03 7.769062e+03 
7.040404e-03 1.123084e+04 1.130047e+04 
1.006061e-02 1.345853e+04 1.347181e+04 
1.308081e-02 1.478019e+04 1.470798e+04 
1.610101e-02 1.546508e+04 1.530090e+04 
1.912121e-02 1.570267e+04 1.546049e+04 
2.214141e-02 1.563079e+04 1.534023e+04 
2.516162e-02 1.535062e+04 1.504567e+04 
2.818182e-02 1.493770e+04 1.464488e+04 
3.120202e-02 1.444690e+04 1.418110e+04 
3.422222e-02 1.391718e+04 1.368237e+04 
3.724242e-02 1.337470e+04 1.316739e+04 
4.026263e-02 1.283695e+04 1.264884e+04 
4.328283e-02 1.231201e+04 1.213535e+04 
4.630303e-02 1.180274e+04 1.163275e+04 
4.932323e-02 1.131902e+04 1.114491e+04 
5.234343e-02 1.085860e+04 1.067426e+04 
5.536364e-02 1.041093e+04 1.022225e+04 
5.838384e-02 9.978927e+03 9.789594e+03 
6.140404e-02 9.567283e+03 9.376495e+03 
6.442424e-02 9.174186e+03 8.982798e+03 
6.744444e-02 8.797484e+03 8.608100e+03 
7.046465e-02 8.437124e+03 8.251828e+03 
7.348485e-02 8.093654e+03 7.913300e+03 
7.650505e-02 7.768569e+03 7.591769e+03 
7.952525e-02 7.463280e+03 7.286454e+03 
8.254545e-02 7.177377e+03 6.996560e+03 
8.556566e-02 6.909683e+03 6.721299e+03 
8.858586e-02 6.657928e+03 6.459896e+03 
9.160606e-02 6.419407e+03 6.211600e+03 
9.462626e-02 6.192823e+03 5.975690e+03 
9.764646e-02 5.977817e+03 5.751474e+03 
1.006667e-01 5.773870e+03 5.538294e+03 
1.036869e-01 5.580281e+03 5.335526e+03 
1.067071e-01 5.395897e+03 5.142579e+03 
1.097273e-01 5.219006e+03 4.958898e+03 
1.127475e-01 5.048346e+03 4.783956e+03 
1.157677e-01 4.883518e+03 4.617259e+03 
1.187879e-01 4.724473e+03 4.458344e+03 
1.218081e-01 4.571814e+03 4.306773e+03 
1.248283e-01 4.426094e+03 4.162137e+03 
1.278485e-01 4.287345e+03 4.024052e+03 
1.308687e-01 4.155442e+03 3.892156e+03 
1.338889e-01 4.030039e+03 3.766112e+03 
1.369091e-01 3.910717e+03 3.645601e+03 
1.399293e-01 3.797014e+03 3.530325e+03 
1.429495e-01 3.688450e+03 3.420005e+03 
1.459697e-01 3.584566e+03 3.314378e+03 
1.489899e-01 3.484967e+03 3.213197e+03 
1.520101e-01 3.389266e+03 3.116231e+03 
1.550303e-01 3.297192e+03 3.023262e+03 
1.580505e-01 3.208577e+03 2.934085e+03 
1.610707e-01 3.123250e+03 2.848508e+03 
1.640909e-01 3.040976e+03 2.766349e+03 
1.671111e-01 2.961495e+03 2.687440e+03 
1.701313e-01 2.884642e+03 2.611618e+03 
1.731515e-01 2.810447e+03 2.538734e+03 
1.761717e-01 2.738956e+03 2.468644e+03 
1.791919e-01 2.670128e+03 2.401215e+03 
1.822121e-01 2.603846e+03 2.336319e+03 
1.852323e-01 2.539988e+03 2.273838e+03 
1.882525e-01 2.478427e+03 2.213659e+03 
1.912727e-01 2.419033e+03 2.155674e+03 
1.942929e-01 2.361706e+03 2.099784e+03 
1.973131e-01 2.306403e+03 2.045893e+03 
2.003333e-01 2.253078e+03 1.993911e+03 
2.033535e-01 2.201605e+03 1.943753e+03 
2.063737e-01 2.151801e+03 1.895338e+03 
2.093939e-01 2.103510e+03 1.848590e+03 
2.124141e-01 2.056678e+03 1.803436e+03 
2.154343e-01 2.011283e+03 1.759807e+03 
2.184545e-01 1.967292e+03 1.717640e+03 
2.214747e-01 1.924667e+03 1.676870e+03 
2.244949e-01 1.883366e+03 1.637441e+03 
2.275152e-01 1.843326e+03 1.599296e+03 
2.305354e-01 1.804472e+03 1.562382e+03 
2.335556e-01 1.766745e+03 1.526649e+03 
2.365758e-01 1.730137e+03 1.492049e+03 
2.395960e-01 1.694652e+03 1.458537e+03 
2.426162e-01 1.660263e+03 1.426069e+03 
2.456364e-01 1.626904e+03 1.394604e+03 
2.486566e-01 1.594508e+03 1.364102e+03 
2.516768e-01 1.563016e+03 1.334527e+03 
2.546970e-01 1.532371e+03 1.305842e+03 
2.577172e-01 1.502536e+03 1.278014e+03 
2.607374e-01 1.473516e+03 1.251009e+03 
2.637576e-01 1.445327e+03 1.224798e+03 
2.667778e-01 1.417949e+03 1.199349e+03 
2.697980e-01 1.391322e+03 1.174636e+03 
2.728182e-01 1.365390e+03 1.150631e+03 
2.758384e-01 1.340121e+03 1.127309e+03 
2.788586e-01 1.315489e+03 1.104644e+03 
2.818788e-01 1.291479e+03 1.082613e+03 
2.848990e-01 1.268090e+03 1.061193e+03 
2.879192e-01 1.245324e+03 1.040363e+03 
2.909394e-01 1.223165e+03 1.020103e+03 
2.939596e-01 1.201578e+03 1.000391e+03 
2.969798e-01 1.180529e+03 9.812106e+02 
3.000000e-01 1.159992e+03 9.625419e+02 
