1.000000e-03 3.342244e+03 3.342209e+03 
4.020202e-03 1.118046e+04 1.126644e+04 
7.040404e-03 1.636182e+04 1.646589e+04 
1.006061e-02 1.958094e+04 1.966624e+04 
1.308081e-02 2.134873e+04 2.140337e+04 
1.610101e-02 2.203799e+04 2.202318e+04 
1.912121e-02 2.193898e+04 2.180837e+04 
2.214141e-02 2.128935e+04 2.105082e+04 
2.516162e-02 2.028659e+04 2.002095e+04 
2.818182e-02 1.909170e+04 1.891034e+04 
3.120202e-02 1.783159e+04 1.782168e+04 
3.422222e-02 1.659936e+04 1.679639e+04 
3.724242e-02 1.545745e+04 1.584475e+04 
4.026263e-02 1.444272e+04 1.496453e+04 
4.328283e-02 1.356894e+04 1.414968e+04 
4.630303e-02 1.282884e+04 1.339379e+04 
4.932323e-02 1.222003e+04 1.269106e+04 
5.234343e-02 1.172309e+04 1.203651e+04 
5.536364e-02 1.129836e+04 1.142586e+04 
5.838384e-02 1.092537e+04 1.085542e+04 
6.140404e-02 1.058294e+04 1.032194e+04 
6.442424e-02 1.024643e+04 9.822550e+03 
6.744444e-02 9.899556e+03 9.354638e+03 
7.046465e-02 9.531685e+03 8.915855e+03 
7.348485e-02 9.137942e+03 8.504053e+03 
7.650505e-02 8.720878e+03 8.117267e+03 
7.952525e-02 8.288460e+03 7.753694e+03 
8.254545e-02 7.851634e+03 7.411676e+03 
8.556566e-02 7.422209e+03 7.089688e+03 
8.858586e-02 7.010675e+03 6.786323e+03 
9.160606e-02 6.625953e+03 6.500287e+03 
9.462626e-02 6.275200e+03 6.230385e+03 
9.764646e-02 5.963478e+03 5.975517e+03 
1.006667e-01 5.693976e+03 5.734665e+03 
1.036869e-01 5.466431e+03 5.506890e+03 
1.067071e-01 5.277969e+03 5.291325e+03 
1.097273e-01 5.122538e+03 5.087168e+03 
1.127475e-01 4.992634e+03 4.893679e+03 
1.157677e-01 4.879776e+03 4.710172e+03 
1.187879e-01 4.776320e+03 4.536011e+03 
1.218081e-01 4.675400e+03 4.370610e+03 
1.248283e-01 4.571762e+03 4.213421e+03 
1.278485e-01 4.461292e+03 4.063941e+03 
1.308687e-01 4.341693e+03 3.921699e+03 
1.338889e-01 4.212055e+03 3.786260e+03 
1.369091e-01 4.073218e+03 3.657219e+03 
1.399293e-01 3.927322e+03 3.534198e+03 
1.429495e-01 3.777606e+03 3.416848e+03 
1.459697e-01 3.627707e+03 3.304841e+03 
1.489899e-01 3.481360e+03 3.197874e+03 
1.520101e-01 3.341776e+03 3.095662e+03 
1.550303e-01 3.211758e+03 2.997940e+03 
1.580505e-01 3.093400e+03 2.904461e+03 
1.610707e-01 2.988076e+03 2.814994e+03 
1.640909e-01 2.896154e+03 2.729322e+03 
1.671111e-01 2.817047e+03 2.647242e+03 
1.701313e-01 2.749283e+03 2.568566e+03 
1.731515e-01 2.690758e+03 2.493116e+03 
1.761717e-01 2.639040e+03 2.420724e+03 
1.791919e-01 2.591734e+03 2.351235e+03 
1.822121e-01 2.546581e+03 2.284501e+03 
1.852323e-01 2.501677e+03 2.220385e+03 
1.882525e-01 2.455403e+03 2.158758e+03 
1.912727e-01 2.406526e+03 2.099496e+03 
1.942929e-01 2.354318e+03 2.042485e+03 
1.973131e-01 2.298567e+03 1.987618e+03 
2.003333e-01 2.239683e+03 1.934792e+03 
2.033535e-01 2.178490e+03 1.883910e+03 
2.063737e-01 2.116183e+03 1.834883e+03 
2.093939e-01 2.054048e+03 1.787625e+03 
2.124141e-01 1.993294e+03 1.742054e+03 
2.154343e-01 1.934987e+03 1.698095e+03 
2.184545e-01 1.879969e+03 1.655675e+03 
2.214747e-01 1.828875e+03 1.614726e+03 
2.244949e-01 1.782115e+03 1.575182e+03 
2.275152e-01 1.739770e+03 1.536984e+03 
2.305354e-01 1.701673e+03 1.500072e+03 
2.335556e-01 1.667372e+03 1.464392e+03 
2.365758e-01 1.636279e+03 1.429891e+03 
2.395960e-01 1.607678e+03 1.396519e+03 
2.426162e-01 1.580847e+03 1.364231e+03 
2.456364e-01 1.555087e+03 1.332981e+03 
2.486566e-01 1.529751e+03 1.302726e+03 
2.516768e-01 1.504259e+03 1.273427e+03 
2.546970e-01 1.478160e+03 1.245045e+03 
2.577172e-01 1.451128e+03 1.217543e+03 
2.607374e-01 1.423086e+03 1.190886e+03 
2.637576e-01 1.394120e+03 1.165042e+03 
2.667778e-01 1.364549e+03 1.139979e+03 
2.697980e-01 1.334753e+03 1.115667e+03 
2.728182e-01 1.305135e+03 1.092078e+03 
2.758384e-01 1.276054e+03 1.069183e+03 
2.788586e-01 1.247814e+03 1.046956e+03 
2.818788e-01 1.220664e+03 1.025374e+03 
2.848990e-01 1.194809e+03 1.004412e+03 
2.879192e-01 1.170401e+03 9.840467e+02 
2.909394e-01 1.147541e+03 9.642574e+02 
2.939596e-01 1.126230e+03 9.450229e+02 
2.969798e-01 1.106391e+03 9.263235e+02 
3.000000e-01 1.087834e+03 9.081401e+02 
