1.000000e-03 4.399420e+03 4.399374e+03 
4.020202e-03 1.471724e+04 1.483176e+04 
7.040404e-03 2.155527e+04 2.171098e+04 
1.006061e-02 2.578820e+04 2.596595e+04 
1.308081e-02 2.805825e+04 2.826838e+04 
1.610101e-02 2.883958e+04 2.902516e+04 
1.912121e-02 2.851100e+04 2.855211e+04 
2.214141e-02 2.739277e+04 2.721213e+04 
2.516162e-02 2.576041e+04 2.540930e+04 
2.818182e-02 2.384681e+04 2.348405e+04 
3.120202e-02 2.183995e+04 2.164409e+04 
3.422222e-02 1.988274e+04 1.997699e+04 
3.724242e-02 1.807407e+04 1.849829e+04 
4.026263e-02 1.647592e+04 1.719218e+04 
4.328283e-02 1.511023e+04 1.603404e+04 
4.630303e-02 1.397673e+04 1.500000e+04 
4.932323e-02 1.307920e+04 1.406991e+04 
5.234343e-02 1.238511e+04 1.322762e+04 
5.536364e-02 1.184919e+04 1.246036e+04 
5.838384e-02 1.143516e+04 1.175801e+04 
6.140404e-02 1.110753e+04 1.111245e+04 
6.442424e-02 1.082952e+04 1.051706e+04 
6.744444e-02 1.056573e+04 9.966358e+03 
7.046465e-02 1.028881e+04 9.455741e+03 
7.348485e-02 9.978542e+03 8.981275e+03 
7.650505e-02 9.622494e+03 8.539569e+03 
7.952525e-02 9.217494e+03 8.127662e+03 
8.254545e-02 8.768898e+03 7.742952e+03 
8.556566e-02 8.287917e+03 7.383134e+03 
8.858586e-02 7.789528e+03 7.046153e+03 
9.160606e-02 7.290001e+03 6.730168e+03 
9.462626e-02 6.805373e+03 6.433525e+03 
9.764646e-02 6.350830e+03 6.154729e+03 
1.006667e-01 5.938338e+03 5.892430e+03 
1.036869e-01 5.577121e+03 5.645399e+03 
1.067071e-01 5.271733e+03 5.412521e+03 
1.097273e-01 5.022951e+03 5.192777e+03 
1.127475e-01 4.826944e+03 4.985238e+03 
1.157677e-01 4.677466e+03 4.789053e+03 
1.187879e-01 4.566454e+03 4.603443e+03 
1.218081e-01 4.484791e+03 4.427692e+03 
1.248283e-01 4.422939e+03 4.261143e+03 
1.278485e-01 4.371476e+03 4.103191e+03 
1.308687e-01 4.321452e+03 3.953278e+03 
1.338889e-01 4.264795e+03 3.810890e+03 
1.369091e-01 4.195174e+03 3.675552e+03 
1.399293e-01 4.108095e+03 3.546824e+03 
1.429495e-01 4.001966e+03 3.424301e+03 
1.459697e-01 3.877135e+03 3.307606e+03 
1.489899e-01 3.736248e+03 3.196390e+03 
1.520101e-01 3.583097e+03 3.090328e+03 
1.550303e-01 3.422614e+03 2.989120e+03 
1.580505e-01 3.260145e+03 2.892484e+03 
1.610707e-01 3.101251e+03 2.800161e+03 
1.640909e-01 2.950937e+03 2.711907e+03 
1.671111e-01 2.813569e+03 2.627495e+03 
1.701313e-01 2.692049e+03 2.546715e+03 
1.731515e-01 2.588115e+03 2.469369e+03 
1.761717e-01 2.501879e+03 2.395271e+03 
1.791919e-01 2.432423e+03 2.324250e+03 
1.822121e-01 2.377902e+03 2.256144e+03 
1.852323e-01 2.335966e+03 2.190801e+03 
1.882525e-01 2.303934e+03 2.128080e+03 
1.912727e-01 2.278800e+03 2.067846e+03 
1.942929e-01 2.257448e+03 2.009975e+03 
1.973131e-01 2.236733e+03 1.954350e+03 
2.003333e-01 2.213806e+03 1.900859e+03 
2.033535e-01 2.186238e+03 1.849399e+03 
2.063737e-01 2.152430e+03 1.799873e+03 
2.093939e-01 2.111480e+03 1.752187e+03 
2.124141e-01 2.063498e+03 1.706255e+03 
2.154343e-01 2.009159e+03 1.661995e+03 
2.184545e-01 1.949753e+03 1.619330e+03 
2.214747e-01 1.886886e+03 1.578186e+03 
2.244949e-01 1.822435e+03 1.538495e+03 
2.275152e-01 1.758275e+03 1.500191e+03 
2.305354e-01 1.696215e+03 1.463213e+03 
2.335556e-01 1.637769e+03 1.427503e+03 
2.365758e-01 1.584192e+03 1.393004e+03 
2.395960e-01 1.536311e+03 1.359665e+03 
2.426162e-01 1.494577e+03 1.327437e+03 
2.456364e-01 1.459012e+03 1.296271e+03 
2.486566e-01 1.429292e+03 1.266124e+03 
2.516768e-01 1.404820e+03 1.236952e+03 
2.546970e-01 1.384700e+03 1.208717e+03 
2.577172e-01 1.367871e+03 1.181379e+03 
2.607374e-01 1.353119e+03 1.154902e+03 
2.637576e-01 1.339258e+03 1.129251e+03 
2.667778e-01 1.325192e+03 1.104394e+03 
2.697980e-01 1.310026e+03 1.080299e+03 
2.728182e-01 1.293055e+03 1.056937e+03 
2.758384e-01 1.273889e+03 1.034279e+03 
2.788586e-01 1.252339e+03 1.012298e+03 
2.818788e-01 1.228467e+03 9.909682e+02 
2.848990e-01 1.202496e+03 9.702649e+02 
2.879192e-01 1.174842e+03 9.501647e+02 
2.909394e-01 1.146068e+03 9.306451e+02 
2.939596e-01 1.116845e+03 9.116848e+02 
2.969798e-01 1.087851e+03 8.932632e+02 
3.000000e-01 1.059736e+03 8.753608e+02 
