1.000000e-03 3.244892e+03 3.244860e+03 
4.020202e-03 1.107730e+04 1.116355e+04 
7.040404e-03 1.631111e+04 1.641629e+04 
1.006061e-02 1.957967e+04 1.966683e+04 
1.308081e-02 2.138426e+04 2.144121e+04 
1.610101e-02 2.209676e+04 2.208465e+04 
1.912121e-02 2.200956e+04 2.188192e+04 
2.214141e-02 2.136291e+04 2.112827e+04 
2.516162e-02 2.035635e+04 2.009776e+04 
2.818182e-02 1.915432e+04 1.898461e+04 
3.120202e-02 1.788546e+04 1.789296e+04 
3.422222e-02 1.664464e+04 1.686483e+04 
3.724242e-02 1.549536e+04 1.591064e+04 
4.026263e-02 1.447502e+04 1.502815e+04 
4.328283e-02 1.359810e+04 1.421128e+04 
4.630303e-02 1.285720e+04 1.345355e+04 
4.932323e-02 1.224783e+04 1.274910e+04 
5.234343e-02 1.175278e+04 1.209294e+04 
5.536364e-02 1.133254e+04 1.148077e+04 
5.838384e-02 1.096320e+04 1.090888e+04 
6.140404e-02 1.062330e+04 1.037402e+04 
6.442424e-02 1.028804e+04 9.873293e+03 
6.744444e-02 9.941496e+03 9.404104e+03 
7.046465e-02 9.573532e+03 8.964091e+03 
7.348485e-02 9.179254e+03 8.551106e+03 
7.650505e-02 8.761237e+03 8.163181e+03 
7.952525e-02 8.327004e+03 7.798510e+03 
8.254545e-02 7.887286e+03 7.455434e+03 
8.556566e-02 7.454155e+03 7.132425e+03 
8.858586e-02 7.038623e+03 6.828076e+03 
9.160606e-02 6.650196e+03 6.541091e+03 
9.462626e-02 6.296573e+03 6.270273e+03 
9.764646e-02 5.982909e+03 6.014519e+03 
1.006667e-01 5.712392e+03 5.772812e+03 
1.036869e-01 5.484414e+03 5.544211e+03 
1.067071e-01 5.296004e+03 5.327847e+03 
1.097273e-01 5.140839e+03 5.122919e+03 
1.127475e-01 5.011445e+03 4.928682e+03 
1.157677e-01 4.899443e+03 4.744452e+03 
1.187879e-01 4.797090e+03 4.569591e+03 
1.218081e-01 4.697457e+03 4.403510e+03 
1.248283e-01 4.595015e+03 4.245664e+03 
1.278485e-01 4.485371e+03 4.095547e+03 
1.308687e-01 4.366083e+03 3.952687e+03 
1.338889e-01 4.236082e+03 3.816648e+03 
1.369091e-01 4.096558e+03 3.687024e+03 
1.399293e-01 3.949778e+03 3.563439e+03 
1.429495e-01 3.799189e+03 3.445539e+03 
1.459697e-01 3.648430e+03 3.332999e+03 
1.489899e-01 3.501172e+03 3.225514e+03 
1.520101e-01 3.360629e+03 3.122798e+03 
1.550303e-01 3.229605e+03 3.024586e+03 
1.580505e-01 3.110236e+03 2.930630e+03 
1.610707e-01 3.004084e+03 2.840699e+03 
1.640909e-01 2.911565e+03 2.754575e+03 
1.671111e-01 2.832268e+03 2.672056e+03 
1.701313e-01 2.764551e+03 2.592952e+03 
1.731515e-01 2.706270e+03 2.517084e+03 
1.761717e-01 2.654836e+03 2.444286e+03 
1.791919e-01 2.607783e+03 2.374400e+03 
1.822121e-01 2.562817e+03 2.307280e+03 
1.852323e-01 2.518069e+03 2.242788e+03 
1.882525e-01 2.471956e+03 2.180793e+03 
1.912727e-01 2.423283e+03 2.121172e+03 
1.942929e-01 2.371214e+03 2.063812e+03 
1.973131e-01 2.315553e+03 2.008603e+03 
2.003333e-01 2.256580e+03 1.955443e+03 
2.033535e-01 2.195154e+03 1.904236e+03 
2.063737e-01 2.132457e+03 1.854891e+03 
2.093939e-01 2.069908e+03 1.807322e+03 
2.124141e-01 2.008753e+03 1.761448e+03 
2.154343e-01 1.950092e+03 1.717192e+03 
2.184545e-01 1.894773e+03 1.674482e+03 
2.214747e-01 1.843449e+03 1.633249e+03 
2.244949e-01 1.796430e+03 1.593429e+03 
2.275152e-01 1.753818e+03 1.554959e+03 
2.305354e-01 1.715442e+03 1.517782e+03 
2.335556e-01 1.680927e+03 1.481842e+03 
2.365758e-01 1.649696e+03 1.447088e+03 
2.395960e-01 1.621055e+03 1.413468e+03 
2.426162e-01 1.594247e+03 1.380936e+03 
2.456364e-01 1.568535e+03 1.349448e+03 
2.486566e-01 1.543219e+03 1.318961e+03 
2.516768e-01 1.517702e+03 1.289433e+03 
2.546970e-01 1.491511e+03 1.260827e+03 
2.577172e-01 1.464396e+03 1.233106e+03 
2.607374e-01 1.436278e+03 1.206235e+03 
2.637576e-01 1.407277e+03 1.180181e+03 
2.667778e-01 1.377657e+03 1.154912e+03 
2.697980e-01 1.347787e+03 1.130398e+03 
2.728182e-01 1.318041e+03 1.106610e+03 
2.758384e-01 1.288782e+03 1.083521e+03 
2.788586e-01 1.260336e+03 1.061104e+03 
2.818788e-01 1.232989e+03 1.039335e+03 
2.848990e-01 1.206960e+03 1.018190e+03 
2.879192e-01 1.182411e+03 9.976456e+02 
2.909394e-01 1.159436e+03 9.776802e+02 
2.939596e-01 1.138022e+03 9.582730e+02 
2.969798e-01 1.118061e+03 9.394040e+02 
3.000000e-01 1.099366e+03 9.210543e+02 
