1.000000e-03 4.209184e+03 4.209141e+03 
4.020202e-03 1.372619e+04 1.383289e+04 
7.040404e-03 1.984949e+04 1.998414e+04 
1.006061e-02 2.354266e+04 2.367396e+04 
1.308081e-02 2.546006e+04 2.558398e+04 
1.610101e-02 2.606585e+04 2.613150e+04 
1.912121e-02 2.572087e+04 2.564733e+04 
2.214141e-02 2.471714e+04 2.448532e+04 
2.516162e-02 2.329994e+04 2.299423e+04 
2.818182e-02 2.166915e+04 2.143395e+04 
3.120202e-02 1.998237e+04 1.994613e+04 
3.422222e-02 1.835526e+04 1.858406e+04 
3.724242e-02 1.686433e+04 1.735463e+04 
4.026263e-02 1.555494e+04 1.624659e+04 
4.328283e-02 1.444076e+04 1.524431e+04 
4.630303e-02 1.351335e+04 1.433305e+04 
4.932323e-02 1.277237e+04 1.350039e+04 
5.234343e-02 1.218694e+04 1.273619e+04 
5.536364e-02 1.171136e+04 1.203228e+04 
5.838384e-02 1.131866e+04 1.138191e+04 
6.140404e-02 1.097615e+04 1.077950e+04 
6.442424e-02 1.065189e+04 1.022031e+04 
6.744444e-02 1.032233e+04 9.700306e+03 
7.046465e-02 9.969853e+03 9.215938e+03 
7.348485e-02 9.584115e+03 8.764109e+03 
7.650505e-02 9.162662e+03 8.342068e+03 
7.952525e-02 8.710583e+03 7.947360e+03 
8.254545e-02 8.238441e+03 7.577782e+03 
8.556566e-02 7.759830e+03 7.231349e+03 
8.858586e-02 7.288725e+03 6.906266e+03 
9.160606e-02 6.838440e+03 6.600904e+03 
9.462626e-02 6.420546e+03 6.313782e+03 
9.764646e-02 6.044346e+03 6.043553e+03 
1.006667e-01 5.715987e+03 5.788987e+03 
1.036869e-01 5.438532e+03 5.548958e+03 
1.067071e-01 5.210534e+03 5.322437e+03 
1.097273e-01 5.027706e+03 5.108481e+03 
1.127475e-01 4.882735e+03 4.906224e+03 
1.157677e-01 4.767210e+03 4.714871e+03 
1.187879e-01 4.672039e+03 4.533690e+03 
1.218081e-01 4.588508e+03 4.362007e+03 
1.248283e-01 4.508549e+03 4.199202e+03 
1.278485e-01 4.425214e+03 4.044701e+03 
1.308687e-01 4.332657e+03 3.897975e+03 
1.338889e-01 4.227372e+03 3.758535e+03 
1.369091e-01 4.107551e+03 3.625928e+03 
1.399293e-01 3.974011e+03 3.499734e+03 
1.429495e-01 3.828979e+03 3.379565e+03 
1.459697e-01 3.676195e+03 3.265061e+03 
1.489899e-01 3.519848e+03 3.155884e+03 
1.520101e-01 3.364387e+03 3.051725e+03 
1.550303e-01 3.214051e+03 2.952294e+03 
1.580505e-01 3.072804e+03 2.857320e+03 
1.610707e-01 2.943855e+03 2.766552e+03 
1.640909e-01 2.829631e+03 2.679755e+03 
1.671111e-01 2.731172e+03 2.596710e+03 
1.701313e-01 2.648351e+03 2.517214e+03 
1.731515e-01 2.579734e+03 2.441074e+03 
1.761717e-01 2.523207e+03 2.368112e+03 
1.791919e-01 2.476199e+03 2.298160e+03 
1.822121e-01 2.436038e+03 2.231061e+03 
1.852323e-01 2.400052e+03 2.166669e+03 
1.882525e-01 2.365723e+03 2.104846e+03 
1.912727e-01 2.330699e+03 2.045460e+03 
1.942929e-01 2.292914e+03 1.988392e+03 
1.973131e-01 2.250863e+03 1.933527e+03 
2.003333e-01 2.203678e+03 1.880756e+03 
2.033535e-01 2.151308e+03 1.829979e+03 
2.063737e-01 2.094300e+03 1.781101e+03 
2.093939e-01 2.033853e+03 1.734030e+03 
2.124141e-01 1.971416e+03 1.688683e+03 
2.154343e-01 1.908550e+03 1.644979e+03 
2.184545e-01 1.846753e+03 1.602843e+03 
2.214747e-01 1.787386e+03 1.562203e+03 
2.244949e-01 1.731576e+03 1.522992e+03 
2.275152e-01 1.680217e+03 1.485147e+03 
2.305354e-01 1.633834e+03 1.448606e+03 
2.335556e-01 1.592677e+03 1.413313e+03 
2.365758e-01 1.556591e+03 1.379213e+03 
2.395960e-01 1.525190e+03 1.346256e+03 
2.426162e-01 1.497815e+03 1.314392e+03 
2.456364e-01 1.473662e+03 1.283576e+03 
2.486566e-01 1.451804e+03 1.253763e+03 
2.516768e-01 1.431281e+03 1.224912e+03 
2.546970e-01 1.411149e+03 1.196984e+03 
2.577172e-01 1.390613e+03 1.169940e+03 
2.607374e-01 1.369024e+03 1.143746e+03 
2.637576e-01 1.346013e+03 1.118367e+03 
2.667778e-01 1.321413e+03 1.093772e+03 
2.697980e-01 1.295300e+03 1.069928e+03 
2.728182e-01 1.267905e+03 1.046808e+03 
2.758384e-01 1.239586e+03 1.024382e+03 
2.788586e-01 1.210763e+03 1.002625e+03 
2.818788e-01 1.181898e+03 9.815107e+02 
2.848990e-01 1.153478e+03 9.610152e+02 
2.879192e-01 1.125973e+03 9.411154e+02 
2.909394e-01 1.099788e+03 9.217891e+02 
2.939596e-01 1.075233e+03 9.030153e+02 
2.969798e-01 1.052500e+03 8.847738e+02 
3.000000e-01 1.031644e+03 8.670454e+02 
