1.000000e-03 5.070973e+03 5.070926e+03 
4.020202e-03 1.683610e+04 1.696748e+04 
7.040404e-03 2.459948e+04 2.478536e+04 
1.006061e-02 2.938058e+04 2.961266e+04 
1.308081e-02 3.190752e+04 3.221162e+04 
1.610101e-02 3.271675e+04 3.302980e+04 
1.912121e-02 3.223789e+04 3.240188e+04 
2.214141e-02 3.083916e+04 3.072304e+04 
2.516162e-02 2.883945e+04 2.846342e+04 
2.818182e-02 2.651046e+04 2.604648e+04 
3.120202e-02 2.407439e+04 2.374620e+04 
3.422222e-02 2.170112e+04 2.168380e+04 
3.724242e-02 1.950884e+04 1.988186e+04 
4.026263e-02 1.757232e+04 1.831760e+04 
4.328283e-02 1.591816e+04 1.695487e+04 
4.630303e-02 1.455037e+04 1.575841e+04 
4.932323e-02 1.347030e+04 1.469851e+04 
5.234343e-02 1.264106e+04 1.375150e+04 
5.536364e-02 1.201495e+04 1.289893e+04 
5.838384e-02 1.154828e+04 1.212639e+04 
6.140404e-02 1.120208e+04 1.142254e+04 
6.442424e-02 1.093278e+04 1.077834e+04 
6.744444e-02 1.069773e+04 1.018646e+04 
7.046465e-02 1.046292e+04 9.640865e+03 
7.348485e-02 1.020044e+04 9.136517e+03 
7.650505e-02 9.890407e+03 8.669152e+03 
7.952525e-02 9.522569e+03 8.235116e+03 
8.254545e-02 9.097271e+03 7.831249e+03 
8.556566e-02 8.622470e+03 7.454792e+03 
8.858586e-02 8.111811e+03 7.103319e+03 
9.160606e-02 7.582972e+03 6.774682e+03 
9.462626e-02 7.054669e+03 6.466972e+03 
9.764646e-02 6.545282e+03 6.178481e+03 
1.006667e-01 6.071370e+03 5.907676e+03 
1.036869e-01 5.646243e+03 5.653177e+03 
1.067071e-01 5.278714e+03 5.413736e+03 
1.097273e-01 4.972614e+03 5.188225e+03 
1.127475e-01 4.727685e+03 4.975617e+03 
1.157677e-01 4.539437e+03 4.774978e+03 
1.187879e-01 4.401195e+03 4.585456e+03 
1.218081e-01 4.304434e+03 4.406274e+03 
1.248283e-01 4.239827e+03 4.236719e+03 
1.278485e-01 4.197388e+03 4.076138e+03 
1.308687e-01 4.166965e+03 3.923931e+03 
1.338889e-01 4.138496e+03 3.779547e+03 
1.369091e-01 4.102989e+03 3.642479e+03 
1.399293e-01 4.052802e+03 3.512259e+03 
1.429495e-01 3.982987e+03 3.388454e+03 
1.459697e-01 3.890852e+03 3.270665e+03 
1.489899e-01 3.776296e+03 3.158523e+03 
1.520101e-01 3.641447e+03 3.051687e+03 
1.550303e-01 3.490122e+03 2.949838e+03 
1.580505e-01 3.327639e+03 2.852682e+03 
1.610707e-01 3.159992e+03 2.759946e+03 
1.640909e-01 2.993584e+03 2.671376e+03 
1.671111e-01 2.834401e+03 2.586734e+03 
1.701313e-01 2.687670e+03 2.505801e+03 
1.731515e-01 2.557059e+03 2.428369e+03 
1.761717e-01 2.444907e+03 2.354249e+03 
1.791919e-01 2.351820e+03 2.283259e+03 
1.822121e-01 2.277425e+03 2.215233e+03 
1.852323e-01 2.220287e+03 2.150014e+03 
1.882525e-01 2.178383e+03 2.087455e+03 
1.912727e-01 2.149122e+03 2.027418e+03 
1.942929e-01 2.129454e+03 1.969774e+03 
1.973131e-01 2.116014e+03 1.914402e+03 
2.003333e-01 2.105258e+03 1.861189e+03 
2.033535e-01 2.093737e+03 1.810028e+03 
2.063737e-01 2.078395e+03 1.760818e+03 
2.093939e-01 2.056839e+03 1.713464e+03 
2.124141e-01 2.027501e+03 1.667878e+03 
2.154343e-01 1.989743e+03 1.623976e+03 
2.184545e-01 1.943660e+03 1.581679e+03 
2.214747e-01 1.890189e+03 1.540912e+03 
2.244949e-01 1.830736e+03 1.501604e+03 
2.275152e-01 1.767197e+03 1.463690e+03 
2.305354e-01 1.701660e+03 1.427106e+03 
2.335556e-01 1.636334e+03 1.391793e+03 
2.365758e-01 1.573215e+03 1.357695e+03 
2.395960e-01 1.514077e+03 1.324759e+03 
2.426162e-01 1.460260e+03 1.292934e+03 
2.456364e-01 1.412759e+03 1.262172e+03 
2.486566e-01 1.372060e+03 1.232428e+03 
2.516768e-01 1.338255e+03 1.203660e+03 
2.546970e-01 1.311019e+03 1.175826e+03 
2.577172e-01 1.289665e+03 1.148888e+03 
2.607374e-01 1.273246e+03 1.122810e+03 
2.637576e-01 1.260551e+03 1.097555e+03 
2.667778e-01 1.250280e+03 1.073091e+03 
2.697980e-01 1.241121e+03 1.049386e+03 
2.728182e-01 1.231869e+03 1.026411e+03 
2.758384e-01 1.221470e+03 1.004136e+03 
2.788586e-01 1.209097e+03 9.825351e+02 
2.818788e-01 1.194116e+03 9.615812e+02 
2.848990e-01 1.176204e+03 9.412499e+02 
2.879192e-01 1.155258e+03 9.215177e+02 
2.909394e-01 1.131472e+03 9.023620e+02 
2.939596e-01 1.105263e+03 8.837612e+02 
2.969798e-01 1.077256e+03 8.656949e+02 
3.000000e-01 1.048210e+03 8.481434e+02 
