1.000000e-03 1.051426e+04 1.051417e+04 
4.020202e-03 3.458613e+04 3.486010e+04 
7.040404e-03 4.997374e+04 5.040125e+04 
1.006061e-02 5.894112e+04 5.961567e+04 
1.308081e-02 6.305936e+04 6.413374e+04 
1.610101e-02 6.348531e+04 6.481946e+04 
1.912121e-02 6.115994e+04 6.225962e+04 
2.214141e-02 5.690892e+04 5.722917e+04 
2.516162e-02 5.146359e+04 5.081931e+04 
2.818182e-02 4.545413e+04 4.415385e+04 
3.120202e-02 3.939429e+04 3.802874e+04 
3.422222e-02 3.366761e+04 3.280094e+04 
3.724242e-02 2.853061e+04 2.850640e+04 
4.026263e-02 2.412247e+04 2.502715e+04 
4.328283e-02 2.047641e+04 2.220492e+04 
4.630303e-02 1.757948e+04 1.989368e+04 
4.932323e-02 1.537363e+04 1.797564e+04 
5.234343e-02 1.376397e+04 1.636109e+04 
5.536364e-02 1.264535e+04 1.498329e+04 
5.838384e-02 1.192073e+04 1.379282e+04 
6.140404e-02 1.149813e+04 1.275290e+04 
6.442424e-02 1.129136e+04 1.183586e+04 
6.744444e-02 1.122679e+04 1.102058e+04 
7.046465e-02 1.123427e+04 1.029071e+04 
7.348485e-02 1.124746e+04 9.633385e+03 
7.650505e-02 1.120693e+04 9.038340e+03 
7.952525e-02 1.106467e+04 8.497254e+03 
8.254545e-02 1.079065e+04 8.003301e+03 
8.556566e-02 1.037392e+04 7.550811e+03 
8.858586e-02 9.822348e+03 7.135024e+03 
9.160606e-02 9.160810e+03 6.751906e+03 
9.462626e-02 8.422808e+03 6.398004e+03 
9.764646e-02 7.648793e+03 6.070346e+03 
1.006667e-01 6.878383e+03 5.766350e+03 
1.036869e-01 6.148080e+03 5.483763e+03 
1.067071e-01 5.485658e+03 5.220607e+03 
1.097273e-01 4.910907e+03 4.975134e+03 
1.127475e-01 4.434267e+03 4.745800e+03 
1.157677e-01 4.058261e+03 4.531226e+03 
1.187879e-01 3.779828e+03 4.330183e+03 
1.218081e-01 3.591199e+03 4.141570e+03 
1.248283e-01 3.482234e+03 3.964396e+03 
1.278485e-01 3.440781e+03 3.797770e+03 
1.308687e-01 3.453294e+03 3.640885e+03 
1.338889e-01 3.505218e+03 3.493010e+03 
1.369091e-01 3.581207e+03 3.353483e+03 
1.399293e-01 3.665732e+03 3.221700e+03 
1.429495e-01 3.743410e+03 3.097112e+03 
1.459697e-01 3.799972e+03 2.979217e+03 
1.489899e-01 3.822689e+03 2.867555e+03 
1.520101e-01 3.802339e+03 2.761705e+03 
1.550303e-01 3.733637e+03 2.661282e+03 
1.580505e-01 3.616621e+03 2.565931e+03 
1.610707e-01 3.456528e+03 2.475324e+03 
1.640909e-01 3.262483e+03 2.389162e+03 
1.671111e-01 3.046436e+03 2.307165e+03 
1.701313e-01 2.820791e+03 2.229077e+03 
1.731515e-01 2.597281e+03 2.154660e+03 
1.761717e-01 2.385596e+03 2.083696e+03 
1.791919e-01 2.193503e+03 2.015978e+03 
1.822121e-01 2.026361e+03 1.951319e+03 
1.852323e-01 1.887783e+03 1.889541e+03 
1.882525e-01 1.779362e+03 1.830482e+03 
1.912727e-01 1.700977e+03 1.773989e+03 
1.942929e-01 1.651089e+03 1.719919e+03 
1.973131e-01 1.626727e+03 1.668141e+03 
2.003333e-01 1.624083e+03 1.618530e+03 
2.033535e-01 1.638569e+03 1.570971e+03 
2.063737e-01 1.665211e+03 1.525355e+03 
2.093939e-01 1.698775e+03 1.481581e+03 
2.124141e-01 1.733919e+03 1.439555e+03 
2.154343e-01 1.765381e+03 1.399188e+03 
2.184545e-01 1.788176e+03 1.360395e+03 
2.214747e-01 1.798143e+03 1.323098e+03 
2.244949e-01 1.792083e+03 1.287225e+03 
2.275152e-01 1.768554e+03 1.252705e+03 
2.305354e-01 1.727531e+03 1.219474e+03 
2.335556e-01 1.670756e+03 1.187470e+03 
2.365758e-01 1.601099e+03 1.156635e+03 
2.395960e-01 1.522262e+03 1.126915e+03 
2.426162e-01 1.438287e+03 1.098258e+03 
2.456364e-01 1.353221e+03 1.070616e+03 
2.486566e-01 1.270859e+03 1.043942e+03 
2.516768e-01 1.194413e+03 1.018194e+03 
2.546970e-01 1.126460e+03 9.933310e+02 
2.577172e-01 1.068687e+03 9.693132e+02 
2.607374e-01 1.022096e+03 9.461044e+02 
2.637576e-01 9.868493e+02 9.236697e+02 
2.667778e-01 9.625235e+02 9.019761e+02 
2.697980e-01 9.482040e+02 8.809923e+02 
2.728182e-01 9.426034e+02 8.606888e+02 
2.758384e-01 9.441932e+02 8.410372e+02 
2.788586e-01 9.511943e+02 8.220109e+02 
2.818788e-01 9.616517e+02 8.035843e+02 
2.848990e-01 9.734714e+02 7.857335e+02 
2.879192e-01 9.845315e+02 7.684352e+02 
2.909394e-01 9.928099e+02 7.516677e+02 
2.939596e-01 9.965680e+02 7.354102e+02 
2.969798e-01 9.945239e+02 7.196428e+02 
3.000000e-01 9.859059e+02 7.043467e+02 
