1.000000e-03 3.004400e+03 3.004371e+03 
4.020202e-03 1.004334e+04 1.012138e+04 
7.040404e-03 1.467618e+04 1.476437e+04 
1.006061e-02 1.755396e+04 1.760660e+04 
1.308081e-02 1.915393e+04 1.915234e+04 
1.610101e-02 1.981897e+04 1.973621e+04 
1.912121e-02 1.981022e+04 1.962827e+04 
2.214141e-02 1.933441e+04 1.908377e+04 
2.516162e-02 1.856013e+04 1.831677e+04 
2.818182e-02 1.762150e+04 1.746845e+04 
3.120202e-02 1.662184e+04 1.661317e+04 
3.422222e-02 1.563552e+04 1.578361e+04 
3.724242e-02 1.471268e+04 1.499192e+04 
4.026263e-02 1.388164e+04 1.424153e+04 
4.328283e-02 1.314312e+04 1.353243e+04 
4.630303e-02 1.250787e+04 1.286338e+04 
4.932323e-02 1.197329e+04 1.223267e+04 
5.234343e-02 1.150606e+04 1.163846e+04 
5.536364e-02 1.108513e+04 1.107885e+04 
5.838384e-02 1.069523e+04 1.055197e+04 
6.140404e-02 1.032087e+04 1.005594e+04 
6.442424e-02 9.948381e+03 9.588954e+03 
6.744444e-02 9.567802e+03 9.149250e+03 
7.046465e-02 9.174517e+03 8.735141e+03 
7.348485e-02 8.769434e+03 8.345015e+03 
7.650505e-02 8.357528e+03 7.977343e+03 
7.952525e-02 7.946991e+03 7.630680e+03 
8.254545e-02 7.547108e+03 7.303664e+03 
8.556566e-02 7.166246e+03 6.995019e+03 
8.858586e-02 6.810599e+03 6.703548e+03 
9.160606e-02 6.484567e+03 6.428135e+03 
9.462626e-02 6.191139e+03 6.167738e+03 
9.764646e-02 5.931827e+03 5.921385e+03 
1.006667e-01 5.706123e+03 5.688173e+03 
1.036869e-01 5.512003e+03 5.467261e+03 
1.067071e-01 5.344290e+03 5.257868e+03 
1.097273e-01 5.196706e+03 5.059265e+03 
1.127475e-01 5.062285e+03 4.870779e+03 
1.157677e-01 4.934591e+03 4.691780e+03 
1.187879e-01 4.808482e+03 4.521684e+03 
1.218081e-01 4.680263e+03 4.359949e+03 
1.248283e-01 4.547996e+03 4.206069e+03 
1.278485e-01 4.410813e+03 4.059574e+03 
1.308687e-01 4.268818e+03 3.920026e+03 
1.338889e-01 4.123324e+03 3.787018e+03 
1.369091e-01 3.976456e+03 3.660169e+03 
1.399293e-01 3.830871e+03 3.539126e+03 
1.429495e-01 3.689345e+03 3.423558e+03 
1.459697e-01 3.554156e+03 3.313157e+03 
1.489899e-01 3.427229e+03 3.207634e+03 
1.520101e-01 3.309850e+03 3.106721e+03 
1.550303e-01 3.202868e+03 3.010165e+03 
1.580505e-01 3.106483e+03 2.917732e+03 
1.610707e-01 3.020374e+03 2.829200e+03 
1.640909e-01 2.943582e+03 2.744363e+03 
1.671111e-01 2.874601e+03 2.663029e+03 
1.701313e-01 2.811437e+03 2.585014e+03 
1.731515e-01 2.752094e+03 2.510149e+03 
1.761717e-01 2.694660e+03 2.438274e+03 
1.791919e-01 2.637813e+03 2.369238e+03 
1.822121e-01 2.580571e+03 2.302901e+03 
1.852323e-01 2.522333e+03 2.239128e+03 
1.882525e-01 2.462735e+03 2.177796e+03 
1.912727e-01 2.401816e+03 2.118786e+03 
1.942929e-01 2.339850e+03 2.061988e+03 
1.973131e-01 2.277449e+03 2.007296e+03 
2.003333e-01 2.215380e+03 1.954611e+03 
2.033535e-01 2.154560e+03 1.903842e+03 
2.063737e-01 2.095825e+03 1.854899e+03 
2.093939e-01 2.039889e+03 1.807699e+03 
2.124141e-01 1.987163e+03 1.762164e+03 
2.154343e-01 1.937828e+03 1.718219e+03 
2.184545e-01 1.891926e+03 1.675794e+03 
2.214747e-01 1.849383e+03 1.634823e+03 
2.244949e-01 1.809891e+03 1.595242e+03 
2.275152e-01 1.773035e+03 1.556991e+03 
2.305354e-01 1.738318e+03 1.520013e+03 
2.335556e-01 1.705225e+03 1.484256e+03 
2.365758e-01 1.673258e+03 1.449667e+03 
2.395960e-01 1.641990e+03 1.416198e+03 
2.426162e-01 1.611097e+03 1.383803e+03 
2.456364e-01 1.580334e+03 1.352438e+03 
2.486566e-01 1.549537e+03 1.322062e+03 
2.516768e-01 1.518618e+03 1.292635e+03 
2.546970e-01 1.487557e+03 1.264119e+03 
2.577172e-01 1.456498e+03 1.236479e+03 
2.607374e-01 1.425671e+03 1.209679e+03 
2.637576e-01 1.395351e+03 1.183688e+03 
2.667778e-01 1.365812e+03 1.158475e+03 
2.697980e-01 1.337262e+03 1.134009e+03 
2.728182e-01 1.309850e+03 1.110263e+03 
2.758384e-01 1.283615e+03 1.087210e+03 
2.788586e-01 1.258556e+03 1.064823e+03 
2.818788e-01 1.234637e+03 1.043079e+03 
2.848990e-01 1.211815e+03 1.021954e+03 
2.879192e-01 1.190041e+03 1.001425e+03 
2.909394e-01 1.169216e+03 9.814708e+02 
2.939596e-01 1.149195e+03 9.620710e+02 
2.969798e-01 1.129820e+03 9.432059e+02 
3.000000e-01 1.110922e+03 9.248567e+02 
