1.000000e-03 2.441749e+03 2.441728e+03 
4.020202e-03 8.065994e+03 8.129221e+03 
7.040404e-03 1.177798e+04 1.184361e+04 
1.006061e-02 1.412824e+04 1.414426e+04 
1.308081e-02 1.550603e+04 1.544854e+04 
1.610101e-02 1.618364e+04 1.604247e+04 
1.912121e-02 1.636121e+04 1.614581e+04 
2.214141e-02 1.619106e+04 1.593774e+04 
2.516162e-02 1.579140e+04 1.554963e+04 
2.818182e-02 1.525316e+04 1.506446e+04 
3.120202e-02 1.464509e+04 1.453018e+04 
3.422222e-02 1.401574e+04 1.397434e+04 
3.724242e-02 1.339785e+04 1.341337e+04 
4.026263e-02 1.281116e+04 1.285756e+04 
4.328283e-02 1.225623e+04 1.231358e+04 
4.630303e-02 1.174364e+04 1.178573e+04 
4.932323e-02 1.127856e+04 1.127672e+04 
5.234343e-02 1.083982e+04 1.078815e+04 
5.536364e-02 1.041711e+04 1.032082e+04 
5.838384e-02 1.000884e+04 9.874959e+03 
6.140404e-02 9.613649e+03 9.450407e+03 
6.442424e-02 9.228978e+03 9.046719e+03 
6.744444e-02 8.850765e+03 8.663263e+03 
7.046465e-02 8.478215e+03 8.299283e+03 
7.348485e-02 8.113320e+03 7.953947e+03 
7.650505e-02 7.760694e+03 7.626385e+03 
7.952525e-02 7.425269e+03 7.315714e+03 
8.254545e-02 7.111285e+03 7.021054e+03 
8.556566e-02 6.820261e+03 6.741543e+03 
8.858586e-02 6.551738e+03 6.476346e+03 
9.160606e-02 6.303945e+03 6.224658e+03 
9.462626e-02 6.075098e+03 5.985711e+03 
9.764646e-02 5.863817e+03 5.758774e+03 
1.006667e-01 5.668573e+03 5.543156e+03 
1.036869e-01 5.487433e+03 5.338201e+03 
1.067071e-01 5.317380e+03 5.143293e+03 
1.097273e-01 5.155152e+03 4.957851e+03 
1.127475e-01 4.997493e+03 4.781329e+03 
1.157677e-01 4.842091e+03 4.613216e+03 
1.187879e-01 4.688323e+03 4.453030e+03 
1.218081e-01 4.536239e+03 4.300320e+03 
1.248283e-01 4.387004e+03 4.154665e+03 
1.278485e-01 4.241872e+03 4.015667e+03 
1.308687e-01 4.101927e+03 3.882956e+03 
1.338889e-01 3.968114e+03 3.756185e+03 
1.369091e-01 3.840975e+03 3.635026e+03 
1.399293e-01 3.720868e+03 3.519176e+03 
1.429495e-01 3.607717e+03 3.408346e+03 
1.459697e-01 3.501303e+03 3.302268e+03 
1.489899e-01 3.401290e+03 3.200691e+03 
1.520101e-01 3.307280e+03 3.103377e+03 
1.550303e-01 3.218748e+03 3.010105e+03 
1.580505e-01 3.135087e+03 2.920666e+03 
1.610707e-01 3.055479e+03 2.834863e+03 
1.640909e-01 2.978991e+03 2.752513e+03 
1.671111e-01 2.904802e+03 2.673442e+03 
1.701313e-01 2.832185e+03 2.597486e+03 
1.731515e-01 2.760848e+03 2.524493e+03 
1.761717e-01 2.690867e+03 2.454318e+03 
1.791919e-01 2.622404e+03 2.386824e+03 
1.822121e-01 2.555703e+03 2.321883e+03 
1.852323e-01 2.490910e+03 2.259373e+03 
1.882525e-01 2.428050e+03 2.199181e+03 
1.912727e-01 2.367184e+03 2.141198e+03 
1.942929e-01 2.308454e+03 2.085322e+03 
1.973131e-01 2.252014e+03 2.031457e+03 
2.003333e-01 2.198037e+03 1.979512e+03 
2.033535e-01 2.146604e+03 1.929400e+03 
2.063737e-01 2.097556e+03 1.881040e+03 
2.093939e-01 2.050667e+03 1.834354e+03 
2.124141e-01 2.005603e+03 1.789270e+03 
2.154343e-01 1.962049e+03 1.745718e+03 
2.184545e-01 1.919844e+03 1.703632e+03 
2.214747e-01 1.878873e+03 1.662950e+03 
2.244949e-01 1.839064e+03 1.623612e+03 
2.275152e-01 1.800352e+03 1.585563e+03 
2.305354e-01 1.762635e+03 1.548748e+03 
2.335556e-01 1.725803e+03 1.513118e+03 
2.365758e-01 1.689819e+03 1.478623e+03 
2.395960e-01 1.654683e+03 1.445219e+03 
2.426162e-01 1.620433e+03 1.412861e+03 
2.456364e-01 1.587127e+03 1.381507e+03 
2.486566e-01 1.554797e+03 1.351119e+03 
2.516768e-01 1.523449e+03 1.321659e+03 
2.546970e-01 1.493071e+03 1.293089e+03 
2.577172e-01 1.463624e+03 1.265378e+03 
2.607374e-01 1.435082e+03 1.238490e+03 
2.637576e-01 1.407428e+03 1.212397e+03 
2.667778e-01 1.380636e+03 1.187066e+03 
2.697980e-01 1.354663e+03 1.162472e+03 
2.728182e-01 1.329457e+03 1.138585e+03 
2.758384e-01 1.304952e+03 1.115381e+03 
2.788586e-01 1.281083e+03 1.092834e+03 
2.818788e-01 1.257794e+03 1.070920e+03 
2.848990e-01 1.235040e+03 1.049618e+03 
2.879192e-01 1.212814e+03 1.028905e+03 
2.909394e-01 1.191112e+03 1.008761e+03 
2.939596e-01 1.169929e+03 9.891658e+02 
2.969798e-01 1.149261e+03 9.701000e+02 
3.000000e-01 1.129098e+03 9.515458e+02 
