1.000000e-03 3.128668e+03 3.128634e+03 
4.020202e-03 1.024670e+04 1.032770e+04 
7.040404e-03 1.477387e+04 1.485445e+04 
1.006061e-02 1.750055e+04 1.751984e+04 
1.308081e-02 1.897045e+04 1.890209e+04 
1.610101e-02 1.955592e+04 1.938381e+04 
1.912121e-02 1.952543e+04 1.925858e+04 
2.214141e-02 1.908221e+04 1.876965e+04 
2.516162e-02 1.838193e+04 1.809460e+04 
2.818182e-02 1.754392e+04 1.734067e+04 
3.120202e-02 1.665578e+04 1.656433e+04 
3.422222e-02 1.577815e+04 1.579370e+04 
3.724242e-02 1.494903e+04 1.504291e+04 
4.026263e-02 1.418817e+04 1.431927e+04 
4.328283e-02 1.350128e+04 1.362660e+04 
4.630303e-02 1.288320e+04 1.296669e+04 
4.932323e-02 1.232731e+04 1.234012e+04 
5.234343e-02 1.182144e+04 1.174668e+04 
5.536364e-02 1.134660e+04 1.118560e+04 
5.838384e-02 1.088983e+04 1.065581e+04 
6.140404e-02 1.044305e+04 1.015597e+04 
6.442424e-02 1.000232e+04 9.684653e+03 
6.744444e-02 9.565824e+03 9.240358e+03 
7.046465e-02 9.133703e+03 8.821569e+03 
7.348485e-02 8.709490e+03 8.426794e+03 
7.650505e-02 8.298327e+03 8.054580e+03 
7.952525e-02 7.906198e+03 7.703530e+03 
8.254545e-02 7.538081e+03 7.372314e+03 
8.556566e-02 7.197451e+03 7.059671e+03 
8.858586e-02 6.885451e+03 6.764412e+03 
9.160606e-02 6.602084e+03 6.485422e+03 
9.462626e-02 6.346482e+03 6.221653e+03 
9.764646e-02 6.116830e+03 5.972129e+03 
1.006667e-01 5.909969e+03 5.735938e+03 
1.036869e-01 5.721283e+03 5.512230e+03 
1.067071e-01 5.545633e+03 5.300213e+03 
1.097273e-01 5.377890e+03 5.099151e+03 
1.127475e-01 5.214373e+03 4.908358e+03 
1.157677e-01 5.052257e+03 4.727196e+03 
1.187879e-01 4.890526e+03 4.555072e+03 
1.218081e-01 4.728999e+03 4.391435e+03 
1.248283e-01 4.568340e+03 4.235770e+03 
1.278485e-01 4.409641e+03 4.087600e+03 
1.308687e-01 4.254618e+03 3.946480e+03 
1.338889e-01 4.105163e+03 3.811996e+03 
1.369091e-01 3.962875e+03 3.683760e+03 
1.399293e-01 3.829064e+03 3.561412e+03 
1.429495e-01 3.704032e+03 3.444618e+03 
1.459697e-01 3.587691e+03 3.333063e+03 
1.489899e-01 3.479617e+03 3.226454e+03 
1.520101e-01 3.379287e+03 3.124517e+03 
1.550303e-01 3.286181e+03 3.026998e+03 
1.580505e-01 3.199654e+03 2.933656e+03 
1.610707e-01 3.118478e+03 2.844267e+03 
1.640909e-01 3.041250e+03 2.758622e+03 
1.671111e-01 2.966535e+03 2.676524e+03 
1.701313e-01 2.893075e+03 2.597789e+03 
1.731515e-01 2.820385e+03 2.522243e+03 
1.761717e-01 2.748290e+03 2.449724e+03 
1.791919e-01 2.677046e+03 2.380079e+03 
1.822121e-01 2.606986e+03 2.313165e+03 
1.852323e-01 2.538301e+03 2.248848e+03 
1.882525e-01 2.471178e+03 2.186999e+03 
1.912727e-01 2.405896e+03 2.127500e+03 
1.942929e-01 2.342777e+03 2.070238e+03 
1.973131e-01 2.282216e+03 2.015107e+03 
2.003333e-01 2.224555e+03 1.962006e+03 
2.033535e-01 2.169912e+03 1.910840e+03 
2.063737e-01 2.118270e+03 1.861522e+03 
2.093939e-01 2.069319e+03 1.813966e+03 
2.124141e-01 2.022695e+03 1.768092e+03 
2.154343e-01 1.978053e+03 1.723826e+03 
2.184545e-01 1.935081e+03 1.681096e+03 
2.214747e-01 1.893563e+03 1.639834e+03 
2.244949e-01 1.853296e+03 1.599976e+03 
2.275152e-01 1.814071e+03 1.561462e+03 
2.305354e-01 1.775712e+03 1.524235e+03 
2.335556e-01 1.738137e+03 1.488239e+03 
2.365758e-01 1.701291e+03 1.453423e+03 
2.395960e-01 1.665160e+03 1.419738e+03 
2.426162e-01 1.629757e+03 1.387138e+03 
2.456364e-01 1.595153e+03 1.355577e+03 
2.486566e-01 1.561429e+03 1.325014e+03 
2.516768e-01 1.528660e+03 1.295409e+03 
2.546970e-01 1.496918e+03 1.266723e+03 
2.577172e-01 1.466252e+03 1.238921e+03 
2.607374e-01 1.436681e+03 1.211967e+03 
2.637576e-01 1.408173e+03 1.185828e+03 
2.667778e-01 1.380673e+03 1.160474e+03 
2.697980e-01 1.354108e+03 1.135874e+03 
2.728182e-01 1.328400e+03 1.112000e+03 
2.758384e-01 1.303467e+03 1.088824e+03 
2.788586e-01 1.279235e+03 1.066321e+03 
2.818788e-01 1.255642e+03 1.044465e+03 
2.848990e-01 1.232632e+03 1.023233e+03 
2.879192e-01 1.210154e+03 1.002602e+03 
2.909394e-01 1.188170e+03 9.825505e+02 
2.939596e-01 1.166669e+03 9.630576e+02 
2.969798e-01 1.145643e+03 9.441036e+02 
3.000000e-01 1.125085e+03 9.256693e+02 
