1.000000e-03 2.486913e+03 2.486886e+03 
4.020202e-03 8.178380e+03 8.274967e+03 
7.040404e-03 1.188530e+04 1.204260e+04 
1.006061e-02 1.420490e+04 1.438152e+04 
1.308081e-02 1.555286e+04 1.574628e+04 
1.610101e-02 1.621488e+04 1.644853e+04 
1.912121e-02 1.639382e+04 1.670301e+04 
2.214141e-02 1.624046e+04 1.665868e+04 
2.516162e-02 1.586814e+04 1.641730e+04 
2.818182e-02 1.536218e+04 1.604764e+04 
3.120202e-02 1.478578e+04 1.559643e+04 
3.422222e-02 1.418268e+04 1.509585e+04 
3.724242e-02 1.358282e+04 1.456824e+04 
4.026263e-02 1.300357e+04 1.402924e+04 
4.328283e-02 1.244458e+04 1.348972e+04 
4.630303e-02 1.192222e+04 1.295722e+04 
4.932323e-02 1.144017e+04 1.243687e+04 
5.234343e-02 1.097765e+04 1.193208e+04 
5.536364e-02 1.053065e+04 1.144498e+04 
5.838384e-02 1.010116e+04 1.097685e+04 
6.140404e-02 9.687502e+03 1.052828e+04 
6.442424e-02 9.287704e+03 1.009942e+04 
6.744444e-02 8.900390e+03 9.690095e+03 
7.046465e-02 8.525637e+03 9.299886e+03 
7.348485e-02 8.165103e+03 8.928233e+03 
7.650505e-02 7.821666e+03 8.574468e+03 
7.952525e-02 7.498647e+03 8.237863e+03 
8.254545e-02 7.197221e+03 7.917658e+03 
8.556566e-02 6.917199e+03 7.613079e+03 
8.858586e-02 6.656542e+03 7.323355e+03 
9.160606e-02 6.413038e+03 7.047730e+03 
9.462626e-02 6.185111e+03 6.785467e+03 
9.764646e-02 5.971500e+03 6.535858e+03 
1.006667e-01 5.771226e+03 6.298220e+03 
1.036869e-01 5.582543e+03 6.071905e+03 
1.067071e-01 5.403007e+03 5.856294e+03 
1.097273e-01 5.230225e+03 5.650801e+03 
1.127475e-01 5.062085e+03 5.454872e+03 
1.157677e-01 4.897808e+03 5.267981e+03 
1.187879e-01 4.737341e+03 5.089636e+03 
1.218081e-01 4.581528e+03 4.919370e+03 
1.248283e-01 4.431340e+03 4.756744e+03 
1.278485e-01 4.287389e+03 4.601345e+03 
1.308687e-01 4.150127e+03 4.452785e+03 
1.338889e-01 4.019745e+03 4.310698e+03 
1.369091e-01 3.896217e+03 4.174742e+03 
1.399293e-01 3.779369e+03 4.044592e+03 
1.429495e-01 3.668803e+03 3.919944e+03 
1.459697e-01 3.564057e+03 3.800514e+03 
1.489899e-01 3.464554e+03 3.686031e+03 
1.520101e-01 3.369702e+03 3.576244e+03 
1.550303e-01 3.279024e+03 3.470915e+03 
1.580505e-01 3.192088e+03 3.369818e+03 
1.610707e-01 3.108425e+03 3.272743e+03 
1.640909e-01 3.027534e+03 3.179491e+03 
1.671111e-01 2.949019e+03 3.089876e+03 
1.701313e-01 2.872668e+03 3.003719e+03 
1.731515e-01 2.798357e+03 2.920855e+03 
1.761717e-01 2.726214e+03 2.841127e+03 
1.791919e-01 2.656407e+03 2.764386e+03 
1.822121e-01 2.588998e+03 2.690493e+03 
1.852323e-01 2.523997e+03 2.619314e+03 
1.882525e-01 2.461376e+03 2.550725e+03 
1.912727e-01 2.401067e+03 2.484608e+03 
1.942929e-01 2.343030e+03 2.420850e+03 
1.973131e-01 2.287268e+03 2.359346e+03 
2.003333e-01 2.233754e+03 2.299996e+03 
2.033535e-01 2.182328e+03 2.242705e+03 
2.063737e-01 2.132795e+03 2.187383e+03 
2.093939e-01 2.084952e+03 2.133944e+03 
2.124141e-01 2.038598e+03 2.082308e+03 
2.154343e-01 1.993615e+03 2.032399e+03 
2.184545e-01 1.949964e+03 1.984142e+03 
2.214747e-01 1.907601e+03 1.937469e+03 
2.244949e-01 1.866461e+03 1.892315e+03 
2.275152e-01 1.826480e+03 1.848617e+03 
2.305354e-01 1.787605e+03 1.806315e+03 
2.335556e-01 1.749793e+03 1.765353e+03 
2.365758e-01 1.713058e+03 1.725678e+03 
2.395960e-01 1.677444e+03 1.687238e+03 
2.426162e-01 1.642947e+03 1.649985e+03 
2.456364e-01 1.609512e+03 1.613872e+03 
2.486566e-01 1.577080e+03 1.578854e+03 
2.516768e-01 1.545587e+03 1.544890e+03 
2.546970e-01 1.514975e+03 1.511940e+03 
2.577172e-01 1.485233e+03 1.479965e+03 
2.607374e-01 1.456355e+03 1.448929e+03 
2.637576e-01 1.428324e+03 1.418796e+03 
2.667778e-01 1.401111e+03 1.389533e+03 
2.697980e-01 1.374665e+03 1.361108e+03 
2.728182e-01 1.348910e+03 1.333491e+03 
2.758384e-01 1.323789e+03 1.306653e+03 
2.788586e-01 1.299280e+03 1.280565e+03 
2.818788e-01 1.275371e+03 1.255202e+03 
2.848990e-01 1.252073e+03 1.230536e+03 
2.879192e-01 1.229400e+03 1.206545e+03 
2.909394e-01 1.207334e+03 1.183204e+03 
2.939596e-01 1.185835e+03 1.160491e+03 
2.969798e-01 1.164872e+03 1.138385e+03 
3.000000e-01 1.144419e+03 1.116865e+03 
