1.000000e-03 7.464075e+03 7.463995e+03 
4.020202e-03 2.474862e+04 2.494428e+04 
7.040404e-03 3.596350e+04 3.625449e+04 
1.006061e-02 4.266278e+04 4.307728e+04 
1.308081e-02 4.595171e+04 4.656453e+04 
1.610101e-02 4.664267e+04 4.735714e+04 
1.912121e-02 4.539339e+04 4.590981e+04 
2.214141e-02 4.277261e+04 4.279065e+04 
2.516162e-02 3.927811e+04 3.874238e+04 
2.818182e-02 3.533899e+04 3.448884e+04 
3.120202e-02 3.130457e+04 3.052459e+04 
3.422222e-02 2.743982e+04 2.707055e+04 
3.724242e-02 2.392526e+04 2.415706e+04 
4.026263e-02 2.086856e+04 2.172425e+04 
4.328283e-02 1.829996e+04 1.968715e+04 
4.630303e-02 1.622205e+04 1.796554e+04 
4.932323e-02 1.461605e+04 1.649341e+04 
5.234343e-02 1.341836e+04 1.521948e+04 
5.536364e-02 1.256087e+04 1.410477e+04 
5.838384e-02 1.197674e+04 1.311979e+04 
6.140404e-02 1.159966e+04 1.224206e+04 
6.442424e-02 1.136442e+04 1.145424e+04 
6.744444e-02 1.121294e+04 1.074280e+04 
7.046465e-02 1.109322e+04 1.009696e+04 
7.348485e-02 1.095751e+04 9.508056e+03 
7.650505e-02 1.076647e+04 8.968997e+03 
7.952525e-02 1.049211e+04 8.473898e+03 
8.254545e-02 1.011981e+04 8.017825e+03 
8.556566e-02 9.649797e+03 7.596593e+03 
8.858586e-02 9.094936e+03 7.206617e+03 
9.160606e-02 8.477539e+03 6.844803e+03 
9.462626e-02 7.825807e+03 6.508457e+03 
9.764646e-02 7.169067e+03 6.195222e+03 
1.006667e-01 6.536040e+03 5.903020e+03 
1.036869e-01 5.950219e+03 5.630015e+03 
1.067071e-01 5.429992e+03 5.374570e+03 
1.097273e-01 4.985992e+03 5.135228e+03 
1.127475e-01 4.623130e+03 4.910681e+03 
1.157677e-01 4.341034e+03 4.699754e+03 
1.187879e-01 4.134878e+03 4.501387e+03 
1.218081e-01 3.997116e+03 4.314624e+03 
1.248283e-01 3.917813e+03 4.138596e+03 
1.278485e-01 3.885533e+03 3.972517e+03 
1.308687e-01 3.887290e+03 3.815668e+03 
1.338889e-01 3.909602e+03 3.667396e+03 
1.369091e-01 3.938880e+03 3.527104e+03 
1.399293e-01 3.962590e+03 3.394245e+03 
1.429495e-01 3.969492e+03 3.268317e+03 
1.459697e-01 3.950778e+03 3.148861e+03 
1.489899e-01 3.900205e+03 3.035454e+03 
1.520101e-01 3.814454e+03 2.927706e+03 
1.550303e-01 3.693788e+03 2.825259e+03 
1.580505e-01 3.541349e+03 2.727780e+03 
1.610707e-01 3.364154e+03 2.634963e+03 
1.640909e-01 3.170910e+03 2.546526e+03 
1.671111e-01 2.971568e+03 2.462204e+03 
1.701313e-01 2.775427e+03 2.381756e+03 
1.731515e-01 2.590743e+03 2.304953e+03 
1.761717e-01 2.423310e+03 2.231588e+03 
1.791919e-01 2.277278e+03 2.161463e+03 
1.822121e-01 2.154872e+03 2.094397e+03 
1.852323e-01 2.057103e+03 2.030220e+03 
1.882525e-01 1.983709e+03 1.968773e+03 
1.912727e-01 1.933342e+03 1.909910e+03 
1.942929e-01 1.903743e+03 1.853491e+03 
1.973131e-01 1.891469e+03 1.799388e+03 
2.003333e-01 1.892411e+03 1.747479e+03 
2.033535e-01 1.901807e+03 1.697652e+03 
2.063737e-01 1.914897e+03 1.649800e+03 
2.093939e-01 1.927074e+03 1.603822e+03 
2.124141e-01 1.934337e+03 1.559627e+03 
2.154343e-01 1.933243e+03 1.517125e+03 
2.184545e-01 1.921319e+03 1.476234e+03 
2.214747e-01 1.896924e+03 1.436877e+03 
2.244949e-01 1.859488e+03 1.398979e+03 
2.275152e-01 1.809621e+03 1.362473e+03 
2.305354e-01 1.748931e+03 1.327292e+03 
2.335556e-01 1.680011e+03 1.293376e+03 
2.365758e-01 1.605907e+03 1.260666e+03 
2.395960e-01 1.529930e+03 1.229108e+03 
2.426162e-01 1.455189e+03 1.198650e+03 
2.456364e-01 1.384439e+03 1.169243e+03 
2.486566e-01 1.319803e+03 1.140841e+03 
2.516768e-01 1.262909e+03 1.113399e+03 
2.546970e-01 1.214764e+03 1.086878e+03 
2.577172e-01 1.175893e+03 1.061236e+03 
2.607374e-01 1.146194e+03 1.036438e+03 
2.637576e-01 1.125095e+03 1.012447e+03 
2.667778e-01 1.111605e+03 9.892294e+02 
2.697980e-01 1.104354e+03 9.667543e+02 
2.728182e-01 1.101768e+03 9.449909e+02 
2.758384e-01 1.102139e+03 9.239105e+02 
2.788586e-01 1.103765e+03 9.034857e+02 
2.818788e-01 1.105003e+03 8.836904e+02 
2.848990e-01 1.104378e+03 8.644999e+02 
2.879192e-01 1.100597e+03 8.458904e+02 
2.909394e-01 1.092704e+03 8.278396e+02 
2.939596e-01 1.080045e+03 8.103260e+02 
2.969798e-01 1.062427e+03 7.933292e+02 
3.000000e-01 1.040072e+03 7.768296e+02 
