1.000000e-03 3.294245e+03 3.294215e+03 
4.020202e-03 1.089669e+04 1.098126e+04 
7.040404e-03 1.585759e+04 1.595490e+04 
1.006061e-02 1.891240e+04 1.897790e+04 
1.308081e-02 2.058339e+04 2.059979e+04 
1.610101e-02 2.124277e+04 2.117884e+04 
1.912121e-02 2.117306e+04 2.100372e+04 
2.214141e-02 2.060056e+04 2.035251e+04 
2.516162e-02 1.970821e+04 1.946356e+04 
2.818182e-02 1.864332e+04 1.849599e+04 
3.120202e-02 1.751870e+04 1.753302e+04 
3.422222e-02 1.641633e+04 1.660964e+04 
3.724242e-02 1.539130e+04 1.573715e+04 
4.026263e-02 1.447268e+04 1.491711e+04 
4.328283e-02 1.366238e+04 1.414762e+04 
4.630303e-02 1.297478e+04 1.342577e+04 
4.932323e-02 1.240069e+04 1.274857e+04 
5.234343e-02 1.190593e+04 1.211312e+04 
5.536364e-02 1.146682e+04 1.151672e+04 
5.838384e-02 1.106466e+04 1.095683e+04 
6.140404e-02 1.068247e+04 1.043107e+04 
6.442424e-02 1.030289e+04 9.937185e+03 
6.744444e-02 9.913869e+03 9.473076e+03 
7.046465e-02 9.509462e+03 9.036757e+03 
7.348485e-02 9.089284e+03 8.626366e+03 
7.650505e-02 8.658171e+03 8.240161e+03 
7.952525e-02 8.224717e+03 7.876511e+03 
8.254545e-02 7.799221e+03 7.533896e+03 
8.556566e-02 7.391135e+03 7.210900e+03 
8.858586e-02 7.008259e+03 6.906204e+03 
9.160606e-02 6.656107e+03 6.618585e+03 
9.462626e-02 6.338832e+03 6.346904e+03 
9.764646e-02 6.058910e+03 6.090105e+03 
1.006667e-01 5.816519e+03 5.847210e+03 
1.036869e-01 5.609633e+03 5.617311e+03 
1.067071e-01 5.433476e+03 5.399565e+03 
1.097273e-01 5.281519e+03 5.193191e+03 
1.127475e-01 5.145868e+03 4.997464e+03 
1.157677e-01 5.019509e+03 4.811714e+03 
1.187879e-01 4.896262e+03 4.635316e+03 
1.218081e-01 4.771717e+03 4.467690e+03 
1.248283e-01 4.642608e+03 4.308300e+03 
1.278485e-01 4.507496e+03 4.156646e+03 
1.308687e-01 4.365961e+03 4.012263e+03 
1.338889e-01 4.219022e+03 3.874718e+03 
1.369091e-01 4.068552e+03 3.743611e+03 
1.399293e-01 3.917458e+03 3.618565e+03 
1.429495e-01 3.768753e+03 3.499233e+03 
1.459697e-01 3.625412e+03 3.385289e+03 
1.489899e-01 3.489825e+03 3.276428e+03 
1.520101e-01 3.363874e+03 3.172368e+03 
1.550303e-01 3.248780e+03 3.072844e+03 
1.580505e-01 3.145289e+03 2.977608e+03 
1.610707e-01 3.053349e+03 2.886429e+03 
1.640909e-01 2.972342e+03 2.799089e+03 
1.671111e-01 2.900657e+03 2.715386e+03 
1.701313e-01 2.836338e+03 2.635129e+03 
1.731515e-01 2.777133e+03 2.558141e+03 
1.761717e-01 2.720950e+03 2.484253e+03 
1.791919e-01 2.665990e+03 2.413308e+03 
1.822121e-01 2.610894e+03 2.345158e+03 
1.852323e-01 2.554714e+03 2.279666e+03 
1.882525e-01 2.496864e+03 2.216699e+03 
1.912727e-01 2.437036e+03 2.156135e+03 
1.942929e-01 2.375393e+03 2.097859e+03 
1.973131e-01 2.312385e+03 2.041760e+03 
2.003333e-01 2.248884e+03 1.987737e+03 
2.033535e-01 2.185880e+03 1.935692e+03 
2.063737e-01 2.124393e+03 1.885533e+03 
2.093939e-01 2.065321e+03 1.837174e+03 
2.124141e-01 2.009346e+03 1.790533e+03 
2.154343e-01 1.956908e+03 1.745533e+03 
2.184545e-01 1.908201e+03 1.702101e+03 
2.214747e-01 1.863231e+03 1.660167e+03 
2.244949e-01 1.821853e+03 1.619665e+03 
2.275152e-01 1.783702e+03 1.580535e+03 
2.305354e-01 1.748295e+03 1.542716e+03 
2.335556e-01 1.715046e+03 1.506153e+03 
2.365758e-01 1.683361e+03 1.470794e+03 
2.395960e-01 1.652707e+03 1.436587e+03 
2.426162e-01 1.622610e+03 1.403485e+03 
2.456364e-01 1.592697e+03 1.371443e+03 
2.486566e-01 1.562673e+03 1.340417e+03 
2.516768e-01 1.532338e+03 1.310367e+03 
2.546970e-01 1.501624e+03 1.281254e+03 
2.577172e-01 1.470590e+03 1.253040e+03 
2.607374e-01 1.439447e+03 1.225689e+03 
2.637576e-01 1.408496e+03 1.199170e+03 
2.667778e-01 1.378066e+03 1.173448e+03 
2.697980e-01 1.348463e+03 1.148494e+03 
2.728182e-01 1.319886e+03 1.124279e+03 
2.758384e-01 1.292474e+03 1.100774e+03 
2.788586e-01 1.266287e+03 1.077954e+03 
2.818788e-01 1.241359e+03 1.055792e+03 
2.848990e-01 1.217696e+03 1.034264e+03 
2.879192e-01 1.195265e+03 1.013348e+03 
2.909394e-01 1.173985e+03 9.930215e+02 
2.939596e-01 1.153718e+03 9.732627e+02 
2.969798e-01 1.134287e+03 9.540516e+02 
3.000000e-01 1.115487e+03 9.353690e+02 
