1.000000e-03 3.950742e+03 3.950700e+03 
4.020202e-03 1.320605e+04 1.330852e+04 
7.040404e-03 1.924974e+04 1.937857e+04 
1.006061e-02 2.292485e+04 2.304951e+04 
1.308081e-02 2.485000e+04 2.496508e+04 
1.610101e-02 2.547707e+04 2.552843e+04 
1.912121e-02 2.515845e+04 2.506913e+04 
2.214141e-02 2.418625e+04 2.394443e+04 
2.516162e-02 2.280429e+04 2.250237e+04 
2.818182e-02 2.121272e+04 2.099673e+04 
3.120202e-02 1.956890e+04 1.956244e+04 
3.422222e-02 1.798733e+04 1.824876e+04 
3.724242e-02 1.654331e+04 1.706121e+04 
4.026263e-02 1.528097e+04 1.598873e+04 
4.328283e-02 1.421152e+04 1.501652e+04 
4.630303e-02 1.332657e+04 1.413078e+04 
4.932323e-02 1.262472e+04 1.331990e+04 
5.234343e-02 1.207107e+04 1.257448e+04 
5.536364e-02 1.162103e+04 1.188685e+04 
5.838384e-02 1.124776e+04 1.125072e+04 
6.140404e-02 1.091651e+04 1.066085e+04 
6.442424e-02 1.059614e+04 1.011278e+04 
6.744444e-02 1.026516e+04 9.602665e+03 
7.046465e-02 9.907067e+03 9.127144e+03 
7.348485e-02 9.513284e+03 8.683260e+03 
7.650505e-02 9.083289e+03 8.268379e+03 
7.952525e-02 8.623615e+03 7.880144e+03 
8.254545e-02 8.146212e+03 7.516433e+03 
8.556566e-02 7.665571e+03 7.175331e+03 
8.858586e-02 7.196414e+03 6.855102e+03 
9.160606e-02 6.752266e+03 6.554169e+03 
9.462626e-02 6.344327e+03 6.271097e+03 
9.764646e-02 5.981441e+03 6.004576e+03 
1.006667e-01 5.668596e+03 5.753409e+03 
1.036869e-01 5.407656e+03 5.516502e+03 
1.067071e-01 5.195636e+03 5.292852e+03 
1.097273e-01 5.027056e+03 5.081539e+03 
1.127475e-01 4.893857e+03 4.881717e+03 
1.157677e-01 4.787161e+03 4.692610e+03 
1.187879e-01 4.697586e+03 4.513504e+03 
1.218081e-01 4.616318e+03 4.343738e+03 
1.248283e-01 4.535189e+03 4.182705e+03 
1.278485e-01 4.447524e+03 4.029846e+03 
1.308687e-01 4.348091e+03 3.884640e+03 
1.338889e-01 4.234336e+03 3.746609e+03 
1.369091e-01 4.105699e+03 3.615309e+03 
1.399293e-01 3.963946e+03 3.490329e+03 
1.429495e-01 3.812208e+03 3.371286e+03 
1.459697e-01 3.654616e+03 3.257827e+03 
1.489899e-01 3.495644e+03 3.149624e+03 
1.520101e-01 3.339836e+03 3.046369e+03 
1.550303e-01 3.191442e+03 2.947778e+03 
1.580505e-01 3.054251e+03 2.853586e+03 
1.610707e-01 2.931257e+03 2.763546e+03 
1.640909e-01 2.824211e+03 2.677427e+03 
1.671111e-01 2.733566e+03 2.595013e+03 
1.701313e-01 2.658249e+03 2.516104e+03 
1.731515e-01 2.596279e+03 2.440511e+03 
1.761717e-01 2.545070e+03 2.368059e+03 
1.791919e-01 2.501858e+03 2.298582e+03 
1.822121e-01 2.463857e+03 2.231926e+03 
1.852323e-01 2.428417e+03 2.167945e+03 
1.882525e-01 2.393070e+03 2.106505e+03 
1.912727e-01 2.355621e+03 2.047477e+03 
1.942929e-01 2.314182e+03 1.990742e+03 
1.973131e-01 2.267634e+03 1.936186e+03 
2.003333e-01 2.215503e+03 1.883703e+03 
2.033535e-01 2.158381e+03 1.833194e+03 
2.063737e-01 2.097336e+03 1.784565e+03 
2.093939e-01 2.033869e+03 1.737726e+03 
2.124141e-01 1.969567e+03 1.692593e+03 
2.154343e-01 1.906027e+03 1.649089e+03 
2.184545e-01 1.844667e+03 1.607139e+03 
2.214747e-01 1.786734e+03 1.566671e+03 
2.244949e-01 1.733163e+03 1.527619e+03 
2.275152e-01 1.684623e+03 1.489921e+03 
2.305354e-01 1.641427e+03 1.453516e+03 
2.335556e-01 1.603532e+03 1.418348e+03 
2.365758e-01 1.570569e+03 1.384364e+03 
2.395960e-01 1.541882e+03 1.351513e+03 
2.426162e-01 1.516639e+03 1.319747e+03 
2.456364e-01 1.493864e+03 1.289021e+03 
2.486566e-01 1.472556e+03 1.259290e+03 
2.516768e-01 1.451750e+03 1.230514e+03 
2.546970e-01 1.430611e+03 1.202654e+03 
2.577172e-01 1.408469e+03 1.175672e+03 
2.607374e-01 1.384911e+03 1.149534e+03 
2.637576e-01 1.359721e+03 1.124206e+03 
2.667778e-01 1.332961e+03 1.099655e+03 
2.697980e-01 1.304843e+03 1.075852e+03 
2.728182e-01 1.275749e+03 1.052767e+03 
2.758384e-01 1.246127e+03 1.030372e+03 
2.788586e-01 1.216475e+03 1.008642e+03 
2.818788e-01 1.187300e+03 9.875507e+02 
2.848990e-01 1.159095e+03 9.670747e+02 
2.879192e-01 1.132248e+03 9.471909e+02 
2.909394e-01 1.107068e+03 9.278775e+02 
2.939596e-01 1.083738e+03 9.091135e+02 
2.969798e-01 1.062334e+03 8.908790e+02 
3.000000e-01 1.042794e+03 8.731550e+02 
