1.000000e-03 3.790050e+03 3.790015e+03 
4.020202e-03 1.258953e+04 1.268763e+04 
7.040404e-03 1.837188e+04 1.849722e+04 
1.006061e-02 2.193827e+04 2.205867e+04 
1.308081e-02 2.386310e+04 2.397384e+04 
1.610101e-02 2.456322e+04 2.461953e+04 
1.912121e-02 2.436461e+04 2.429561e+04 
2.214141e-02 2.353476e+04 2.332242e+04 
2.516162e-02 2.229934e+04 2.201828e+04 
2.818182e-02 2.084386e+04 2.062458e+04 
3.120202e-02 1.931557e+04 1.927693e+04 
3.422222e-02 1.782449e+04 1.802999e+04 
3.724242e-02 1.644496e+04 1.689467e+04 
4.026263e-02 1.522236e+04 1.586390e+04 
4.328283e-02 1.417438e+04 1.492560e+04 
4.630303e-02 1.329414e+04 1.406780e+04 
4.932323e-02 1.258179e+04 1.328016e+04 
5.234343e-02 1.201601e+04 1.255416e+04 
5.536364e-02 1.155300e+04 1.188284e+04 
5.838384e-02 1.116655e+04 1.126041e+04 
6.140404e-02 1.082923e+04 1.068206e+04 
6.442424e-02 1.051143e+04 1.014365e+04 
6.744444e-02 1.019056e+04 9.641621e+03 
7.046465e-02 9.849834e+03 9.172850e+03 
7.348485e-02 9.478774e+03 8.734569e+03 
7.650505e-02 9.074716e+03 8.324309e+03 
7.952525e-02 8.642038e+03 7.939853e+03 
8.254545e-02 8.190072e+03 7.579199e+03 
8.556566e-02 7.731386e+03 7.240533e+03 
8.858586e-02 7.278947e+03 6.922206e+03 
9.160606e-02 6.844969e+03 6.622717e+03 
9.462626e-02 6.440203e+03 6.340695e+03 
9.764646e-02 6.073202e+03 6.074886e+03 
1.006667e-01 5.750425e+03 5.824141e+03 
1.036869e-01 5.474957e+03 5.587408e+03 
1.067071e-01 5.246556e+03 5.363719e+03 
1.097273e-01 5.061380e+03 5.152186e+03 
1.127475e-01 4.913110e+03 4.951990e+03 
1.157677e-01 4.793771e+03 4.762379e+03 
1.187879e-01 4.694839e+03 4.582657e+03 
1.218081e-01 4.607851e+03 4.412184e+03 
1.248283e-01 4.525347e+03 4.250366e+03 
1.278485e-01 4.440684e+03 4.096657e+03 
1.308687e-01 4.348478e+03 3.950550e+03 
1.338889e-01 4.245005e+03 3.811575e+03 
1.369091e-01 4.128415e+03 3.679297e+03 
1.399293e-01 3.998983e+03 3.553313e+03 
1.429495e-01 3.858546e+03 3.433247e+03 
1.459697e-01 3.710423e+03 3.318752e+03 
1.489899e-01 3.558537e+03 3.209502e+03 
1.520101e-01 3.406994e+03 3.105196e+03 
1.550303e-01 3.259795e+03 3.005554e+03 
1.580505e-01 3.120641e+03 2.910313e+03 
1.610707e-01 2.992637e+03 2.819228e+03 
1.640909e-01 2.878178e+03 2.732071e+03 
1.671111e-01 2.778409e+03 2.648630e+03 
1.701313e-01 2.693506e+03 2.568703e+03 
1.731515e-01 2.622400e+03 2.492105e+03 
1.761717e-01 2.563350e+03 2.418661e+03 
1.791919e-01 2.513885e+03 2.348206e+03 
1.822121e-01 2.471424e+03 2.280588e+03 
1.852323e-01 2.433457e+03 2.215661e+03 
1.882525e-01 2.397575e+03 2.153290e+03 
1.912727e-01 2.361507e+03 2.093349e+03 
1.942929e-01 2.323364e+03 2.035717e+03 
1.973131e-01 2.281606e+03 1.980281e+03 
2.003333e-01 2.235361e+03 1.926937e+03 
2.033535e-01 2.184266e+03 1.875582e+03 
2.063737e-01 2.128810e+03 1.826125e+03 
2.093939e-01 2.069890e+03 1.778476e+03 
2.124141e-01 2.008825e+03 1.732550e+03 
2.154343e-01 1.947044e+03 1.688269e+03 
2.184545e-01 1.886022e+03 1.645559e+03 
2.214747e-01 1.827044e+03 1.604348e+03 
2.244949e-01 1.771239e+03 1.564570e+03 
2.275152e-01 1.719469e+03 1.526161e+03 
2.305354e-01 1.672370e+03 1.489061e+03 
2.335556e-01 1.630174e+03 1.453214e+03 
2.365758e-01 1.592848e+03 1.418567e+03 
2.395960e-01 1.560040e+03 1.385067e+03 
2.426162e-01 1.531212e+03 1.352667e+03 
2.456364e-01 1.505665e+03 1.321320e+03 
2.486566e-01 1.482572e+03 1.290984e+03 
2.516768e-01 1.461044e+03 1.261616e+03 
2.546970e-01 1.440218e+03 1.233178e+03 
2.577172e-01 1.419292e+03 1.205631e+03 
2.607374e-01 1.397596e+03 1.178941e+03 
2.637576e-01 1.374663e+03 1.153073e+03 
2.667778e-01 1.350295e+03 1.127995e+03 
2.697980e-01 1.324501e+03 1.103676e+03 
2.728182e-01 1.297466e+03 1.080088e+03 
2.758384e-01 1.269513e+03 1.057201e+03 
2.788586e-01 1.241036e+03 1.034990e+03 
2.818788e-01 1.212444e+03 1.013429e+03 
2.848990e-01 1.184159e+03 9.924940e+02 
2.879192e-01 1.156610e+03 9.721613e+02 
2.909394e-01 1.130190e+03 9.524091e+02 
2.939596e-01 1.105224e+03 9.332162e+02 
2.969798e-01 1.081933e+03 9.145624e+02 
3.000000e-01 1.060430e+03 8.964284e+02 
