1.000000e-03 7.367920e+03 7.367842e+03 
4.020202e-03 2.457097e+04 2.476357e+04 
7.040404e-03 3.581455e+04 3.610277e+04 
1.006061e-02 4.257690e+04 4.299301e+04 
1.308081e-02 4.593032e+04 4.655117e+04 
1.610101e-02 4.667344e+04 4.739827e+04 
1.912121e-02 4.545741e+04 4.597934e+04 
2.214141e-02 4.285389e+04 4.286396e+04 
2.516162e-02 3.936279e+04 3.880466e+04 
2.818182e-02 3.541813e+04 3.453604e+04 
3.120202e-02 3.137272e+04 3.055901e+04 
3.422222e-02 2.749586e+04 2.709629e+04 
3.724242e-02 2.397063e+04 2.417770e+04 
4.026263e-02 2.090529e+04 2.174229e+04 
4.328283e-02 1.833092e+04 1.970411e+04 
4.630303e-02 1.625240e+04 1.798229e+04 
4.932323e-02 1.464715e+04 1.651040e+04 
5.234343e-02 1.345224e+04 1.523690e+04 
5.536364e-02 1.259749e+04 1.412270e+04 
5.838384e-02 1.201629e+04 1.313820e+04 
6.140404e-02 1.164412e+04 1.226089e+04 
6.442424e-02 1.141346e+04 1.147342e+04 
6.744444e-02 1.126513e+04 1.076223e+04 
7.046465e-02 1.114611e+04 1.011658e+04 
7.348485e-02 1.100845e+04 9.527782e+03 
7.650505e-02 1.081239e+04 8.988759e+03 
7.952525e-02 1.053098e+04 8.493635e+03 
8.254545e-02 1.015096e+04 8.037484e+03 
8.556566e-02 9.672810e+03 7.616127e+03 
8.858586e-02 9.109891e+03 7.225988e+03 
9.160606e-02 8.485215e+03 6.863977e+03 
9.462626e-02 7.827042e+03 6.527407e+03 
9.764646e-02 7.165558e+03 6.213925e+03 
1.006667e-01 6.529549e+03 5.921458e+03 
1.036869e-01 5.943174e+03 5.648173e+03 
1.067071e-01 5.424138e+03 5.392437e+03 
1.097273e-01 4.983469e+03 5.152795e+03 
1.127475e-01 4.624984e+03 4.927942e+03 
1.157677e-01 4.347908e+03 4.716704e+03 
1.187879e-01 4.146903e+03 4.518025e+03 
1.218081e-01 4.014177e+03 4.330948e+03 
1.248283e-01 3.939678e+03 4.154607e+03 
1.278485e-01 3.911626e+03 3.988216e+03 
1.308687e-01 3.917038e+03 3.831057e+03 
1.338889e-01 3.941989e+03 3.682479e+03 
1.369091e-01 3.972697e+03 3.541883e+03 
1.399293e-01 3.996225e+03 3.408725e+03 
1.429495e-01 4.001552e+03 3.282503e+03 
1.459697e-01 3.979683e+03 3.162758e+03 
1.489899e-01 3.924857e+03 3.049066e+03 
1.520101e-01 3.833999e+03 2.941040e+03 
1.550303e-01 3.707852e+03 2.838318e+03 
1.580505e-01 3.550346e+03 2.740572e+03 
1.610707e-01 3.368503e+03 2.647493e+03 
1.640909e-01 3.171559e+03 2.558799e+03 
1.671111e-01 2.969599e+03 2.474227e+03 
1.701313e-01 2.772100e+03 2.393534e+03 
1.731515e-01 2.587085e+03 2.316492e+03 
1.761717e-01 2.420483e+03 2.242893e+03 
1.791919e-01 2.276090e+03 2.172540e+03 
1.822121e-01 2.156077e+03 2.105251e+03 
1.852323e-01 2.061111e+03 2.040857e+03 
1.882525e-01 1.990844e+03 1.979198e+03 
1.912727e-01 1.943724e+03 1.920128e+03 
1.942929e-01 1.917175e+03 1.863508e+03 
1.973131e-01 1.907688e+03 1.809208e+03 
2.003333e-01 1.910884e+03 1.757107e+03 
2.033535e-01 1.921973e+03 1.707093e+03 
2.063737e-01 1.936019e+03 1.659058e+03 
2.093939e-01 1.948395e+03 1.612903e+03 
2.124141e-01 1.954973e+03 1.568534e+03 
2.154343e-01 1.952482e+03 1.525863e+03 
2.184545e-01 1.938409e+03 1.484807e+03 
2.214747e-01 1.911393e+03 1.445289e+03 
2.244949e-01 1.871053e+03 1.407235e+03 
2.275152e-01 1.818223e+03 1.370575e+03 
2.305354e-01 1.754793e+03 1.335245e+03 
2.335556e-01 1.683451e+03 1.301183e+03 
2.365758e-01 1.607456e+03 1.268331e+03 
2.395960e-01 1.530163e+03 1.236634e+03 
2.426162e-01 1.454735e+03 1.206041e+03 
2.456364e-01 1.383873e+03 1.176502e+03 
2.486566e-01 1.319754e+03 1.147971e+03 
2.516768e-01 1.263852e+03 1.120405e+03 
2.546970e-01 1.217126e+03 1.093760e+03 
2.577172e-01 1.179879e+03 1.067999e+03 
2.607374e-01 1.151932e+03 1.043083e+03 
2.637576e-01 1.132588e+03 1.018978e+03 
2.667778e-01 1.120722e+03 9.956497e+02 
2.697980e-01 1.114915e+03 9.730657e+02 
2.728182e-01 1.113507e+03 9.511960e+02 
2.758384e-01 1.114750e+03 9.300118e+02 
2.788586e-01 1.116862e+03 9.094855e+02 
2.818788e-01 1.118171e+03 8.895911e+02 
2.848990e-01 1.117152e+03 8.703036e+02 
2.879192e-01 1.112580e+03 8.515995e+02 
2.909394e-01 1.103517e+03 8.334562e+02 
2.939596e-01 1.089463e+03 8.158521e+02 
2.969798e-01 1.070323e+03 7.987668e+02 
3.000000e-01 1.046423e+03 7.821808e+02 
