1.000000e-03 2.528292e+03 2.528265e+03 
4.020202e-03 8.369610e+03 8.435069e+03 
7.040404e-03 1.221953e+04 1.228791e+04 
1.006061e-02 1.464723e+04 1.466616e+04 
1.308081e-02 1.605679e+04 1.600237e+04 
1.610101e-02 1.673222e+04 1.659081e+04 
1.912121e-02 1.688216e+04 1.665900e+04 
2.214141e-02 1.666713e+04 1.639768e+04 
2.516162e-02 1.621264e+04 1.595063e+04 
2.818182e-02 1.561575e+04 1.540934e+04 
3.120202e-02 1.495017e+04 1.482549e+04 
3.422222e-02 1.426871e+04 1.422726e+04 
3.724242e-02 1.360640e+04 1.363041e+04 
4.026263e-02 1.298395e+04 1.304424e+04 
4.328283e-02 1.241056e+04 1.247443e+04 
4.630303e-02 1.188507e+04 1.192447e+04 
4.932323e-02 1.140464e+04 1.139642e+04 
5.234343e-02 1.096414e+04 1.089136e+04 
5.536364e-02 1.054768e+04 1.040968e+04 
5.838384e-02 1.014499e+04 9.951291e+03 
6.140404e-02 9.755592e+03 9.515756e+03 
6.442424e-02 9.374592e+03 9.102414e+03 
6.744444e-02 8.996497e+03 8.710453e+03 
7.046465e-02 8.620715e+03 8.338963e+03 
7.348485e-02 8.249417e+03 7.986988e+03 
7.650505e-02 7.886920e+03 7.653549e+03 
7.952525e-02 7.538905e+03 7.337668e+03 
8.254545e-02 7.210508e+03 7.038386e+03 
8.556566e-02 6.904780e+03 6.754773e+03 
8.858586e-02 6.622511e+03 6.485932e+03 
9.160606e-02 6.362960e+03 6.231008e+03 
9.462626e-02 6.125125e+03 5.989186e+03 
9.764646e-02 5.907863e+03 5.759696e+03 
1.006667e-01 5.709801e+03 5.541810e+03 
1.036869e-01 5.528622e+03 5.334843e+03 
1.067071e-01 5.361133e+03 5.138151e+03 
1.097273e-01 5.203060e+03 4.951128e+03 
1.127475e-01 5.050324e+03 4.773208e+03 
1.157677e-01 4.900128e+03 4.603859e+03 
1.187879e-01 4.750493e+03 4.442583e+03 
1.218081e-01 4.601333e+03 4.288915e+03 
1.248283e-01 4.453144e+03 4.142419e+03 
1.278485e-01 4.307085e+03 4.002687e+03 
1.308687e-01 4.164427e+03 3.869337e+03 
1.338889e-01 4.026306e+03 3.742011e+03 
1.369091e-01 3.893770e+03 3.620375e+03 
1.399293e-01 3.767638e+03 3.504116e+03 
1.429495e-01 3.648571e+03 3.392939e+03 
1.459697e-01 3.536804e+03 3.286571e+03 
1.489899e-01 3.432383e+03 3.184754e+03 
1.520101e-01 3.334994e+03 3.087245e+03 
1.550303e-01 3.244178e+03 2.993819e+03 
1.580505e-01 3.159249e+03 2.904262e+03 
1.610707e-01 3.079407e+03 2.818374e+03 
1.640909e-01 3.003605e+03 2.735969e+03 
1.671111e-01 2.930752e+03 2.656869e+03 
1.701313e-01 2.859936e+03 2.580908e+03 
1.731515e-01 2.790390e+03 2.507932e+03 
1.761717e-01 2.721839e+03 2.437792e+03 
1.791919e-01 2.654211e+03 2.370351e+03 
1.822121e-01 2.587637e+03 2.305477e+03 
1.852323e-01 2.522307e+03 2.243049e+03 
1.882525e-01 2.458362e+03 2.182951e+03 
1.912727e-01 2.395940e+03 2.125072e+03 
1.942929e-01 2.335309e+03 2.069310e+03 
1.973131e-01 2.276787e+03 2.015568e+03 
2.003333e-01 2.220664e+03 1.963752e+03 
2.033535e-01 2.167182e+03 1.913776e+03 
2.063737e-01 2.116325e+03 1.865558e+03 
2.093939e-01 2.067949e+03 1.819019e+03 
2.124141e-01 2.021804e+03 1.774085e+03 
2.154343e-01 1.977599e+03 1.730687e+03 
2.184545e-01 1.935112e+03 1.688758e+03 
2.214747e-01 1.894155e+03 1.648236e+03 
2.244949e-01 1.854545e+03 1.609060e+03 
2.275152e-01 1.816104e+03 1.571174e+03 
2.305354e-01 1.778643e+03 1.534523e+03 
2.335556e-01 1.741977e+03 1.499058e+03 
2.365758e-01 1.706023e+03 1.464730e+03 
2.395960e-01 1.670766e+03 1.431491e+03 
2.426162e-01 1.636245e+03 1.399299e+03 
2.456364e-01 1.602529e+03 1.368112e+03 
2.486566e-01 1.569664e+03 1.337889e+03 
2.516768e-01 1.537678e+03 1.308593e+03 
2.546970e-01 1.506577e+03 1.280188e+03 
2.577172e-01 1.476359e+03 1.252639e+03 
2.607374e-01 1.447048e+03 1.225914e+03 
2.637576e-01 1.418691e+03 1.199981e+03 
2.667778e-01 1.391300e+03 1.174810e+03 
2.697980e-01 1.364861e+03 1.150374e+03 
2.728182e-01 1.339318e+03 1.126644e+03 
2.758384e-01 1.314580e+03 1.103594e+03 
2.788586e-01 1.290552e+03 1.081201e+03 
2.818788e-01 1.267134e+03 1.059440e+03 
2.848990e-01 1.244275e+03 1.038288e+03 
2.879192e-01 1.221959e+03 1.017723e+03 
2.909394e-01 1.200172e+03 9.977260e+02 
2.939596e-01 1.178902e+03 9.782756e+02 
2.969798e-01 1.158126e+03 9.593530e+02 
3.000000e-01 1.137813e+03 9.409401e+02 
