1.000000e-03 2.472965e+03 2.472935e+03 
4.020202e-03 8.312540e+03 8.323943e+03 
7.040404e-03 1.221149e+04 1.212664e+04 
1.006061e-02 1.469583e+04 1.447200e+04 
1.308081e-02 1.615770e+04 1.583005e+04 
1.610101e-02 1.687730e+04 1.652283e+04 
1.912121e-02 1.706249e+04 1.676851e+04 
2.214141e-02 1.687433e+04 1.671544e+04 
2.516162e-02 1.643944e+04 1.646450e+04 
2.818182e-02 1.585625e+04 1.608443e+04 
3.120202e-02 1.519980e+04 1.562245e+04 
3.422222e-02 1.452413e+04 1.511127e+04 
3.724242e-02 1.386527e+04 1.457364e+04 
4.026263e-02 1.324476e+04 1.402542e+04 
4.328283e-02 1.267232e+04 1.347762e+04 
4.630303e-02 1.214710e+04 1.293778e+04 
4.932323e-02 1.166648e+04 1.241102e+04 
5.234343e-02 1.122543e+04 1.190068e+04 
5.536364e-02 1.080787e+04 1.140885e+04 
5.838384e-02 1.040341e+04 1.093670e+04 
6.140404e-02 1.001163e+04 1.048477e+04 
6.442424e-02 9.627616e+03 1.005312e+04 
6.744444e-02 9.245777e+03 9.641511e+03 
7.046465e-02 8.865555e+03 9.249471e+03 
7.348485e-02 8.489228e+03 8.876378e+03 
7.650505e-02 8.121289e+03 8.521516e+03 
7.952525e-02 7.767637e+03 8.184113e+03 
8.254545e-02 7.433626e+03 7.863368e+03 
8.556566e-02 7.122464e+03 7.558474e+03 
8.858586e-02 6.835030e+03 7.268628e+03 
9.160606e-02 6.570621e+03 6.993048e+03 
9.462626e-02 6.328257e+03 6.730974e+03 
9.764646e-02 6.106808e+03 6.481675e+03 
1.006667e-01 5.904900e+03 6.244452e+03 
1.036869e-01 5.720178e+03 6.018640e+03 
1.067071e-01 5.549375e+03 5.803607e+03 
1.097273e-01 5.388090e+03 5.598754e+03 
1.127475e-01 5.232123e+03 5.403517e+03 
1.157677e-01 5.078592e+03 5.217360e+03 
1.187879e-01 4.925454e+03 5.039783e+03 
1.218081e-01 4.772630e+03 4.870313e+03 
1.248283e-01 4.620643e+03 4.708503e+03 
1.278485e-01 4.470705e+03 4.553937e+03 
1.308687e-01 4.324144e+03 4.406221e+03 
1.338889e-01 4.182149e+03 4.264985e+03 
1.369091e-01 4.045822e+03 4.129882e+03 
1.399293e-01 3.916025e+03 4.000587e+03 
1.429495e-01 3.793454e+03 3.876792e+03 
1.459697e-01 3.678369e+03 3.758210e+03 
1.489899e-01 3.570826e+03 3.644570e+03 
1.520101e-01 3.470511e+03 3.535618e+03 
1.550303e-01 3.376953e+03 3.431113e+03 
1.580505e-01 3.289450e+03 3.330832e+03 
1.610707e-01 3.207173e+03 3.234561e+03 
1.640909e-01 3.129040e+03 3.142101e+03 
1.671111e-01 3.053921e+03 3.053264e+03 
1.701313e-01 2.980868e+03 2.967874e+03 
1.731515e-01 2.909085e+03 2.885763e+03 
1.761717e-01 2.838289e+03 2.806773e+03 
1.791919e-01 2.768408e+03 2.730756e+03 
1.822121e-01 2.699579e+03 2.657572e+03 
1.852323e-01 2.632005e+03 2.587089e+03 
1.882525e-01 2.565833e+03 2.519181e+03 
1.912727e-01 2.501211e+03 2.453730e+03 
1.942929e-01 2.438421e+03 2.390625e+03 
1.973131e-01 2.377797e+03 2.329759e+03 
2.003333e-01 2.319644e+03 2.271033e+03 
2.033535e-01 2.264219e+03 2.214352e+03 
2.063737e-01 2.211506e+03 2.159626e+03 
2.093939e-01 2.161358e+03 2.106769e+03 
2.124141e-01 2.113516e+03 2.055702e+03 
2.154343e-01 2.067678e+03 2.006348e+03 
2.184545e-01 2.023614e+03 1.958634e+03 
2.214747e-01 1.981126e+03 1.912492e+03 
2.244949e-01 1.940028e+03 1.867855e+03 
2.275152e-01 1.900133e+03 1.824662e+03 
2.305354e-01 1.861244e+03 1.782854e+03 
2.335556e-01 1.823169e+03 1.742374e+03 
2.365758e-01 1.785823e+03 1.703169e+03 
2.395960e-01 1.749190e+03 1.665188e+03 
2.426162e-01 1.713312e+03 1.628382e+03 
2.456364e-01 1.678261e+03 1.592706e+03 
2.486566e-01 1.644087e+03 1.558116e+03 
2.516768e-01 1.610819e+03 1.524569e+03 
2.546970e-01 1.578467e+03 1.492025e+03 
2.577172e-01 1.547026e+03 1.460447e+03 
2.607374e-01 1.516524e+03 1.429798e+03 
2.637576e-01 1.487009e+03 1.400044e+03 
2.667778e-01 1.458497e+03 1.371150e+03 
2.697980e-01 1.430972e+03 1.343086e+03 
2.728182e-01 1.404377e+03 1.315821e+03 
2.758384e-01 1.378617e+03 1.289327e+03 
2.788586e-01 1.353591e+03 1.263575e+03 
2.818788e-01 1.329197e+03 1.238539e+03 
2.848990e-01 1.305381e+03 1.214194e+03 
2.879192e-01 1.282126e+03 1.190515e+03 
2.909394e-01 1.259420e+03 1.167479e+03 
2.939596e-01 1.237248e+03 1.145065e+03 
2.969798e-01 1.215587e+03 1.123250e+03 
3.000000e-01 1.194406e+03 1.102014e+03 
