1.000000e-03 4.723974e+03 4.723924e+03 
4.020202e-03 1.601823e+04 1.614317e+04 
7.040404e-03 2.354921e+04 2.372420e+04 
1.006061e-02 2.820660e+04 2.842171e+04 
1.308081e-02 3.067655e+04 3.095225e+04 
1.610101e-02 3.147559e+04 3.174534e+04 
1.912121e-02 3.102299e+04 3.113453e+04 
2.214141e-02 2.967937e+04 2.952005e+04 
2.516162e-02 2.775672e+04 2.736799e+04 
2.818182e-02 2.552221e+04 2.508399e+04 
3.120202e-02 2.319224e+04 2.292036e+04 
3.422222e-02 2.093106e+04 2.098313e+04 
3.724242e-02 1.885208e+04 1.928837e+04 
4.026263e-02 1.702572e+04 1.781275e+04 
4.328283e-02 1.547404e+04 1.652228e+04 
4.630303e-02 1.419981e+04 1.538463e+04 
4.932323e-02 1.320381e+04 1.437284e+04 
5.234343e-02 1.244474e+04 1.346555e+04 
5.536364e-02 1.187508e+04 1.264611e+04 
5.838384e-02 1.145318e+04 1.190150e+04 
6.140404e-02 1.113698e+04 1.122143e+04 
6.442424e-02 1.088312e+04 1.059768e+04 
6.744444e-02 1.065160e+04 1.002352e+04 
7.046465e-02 1.040986e+04 9.493413e+03 
7.348485e-02 1.013237e+04 9.002687e+03 
7.650505e-02 9.802435e+03 8.547375e+03 
7.952525e-02 9.413087e+03 8.124061e+03 
8.254545e-02 8.967234e+03 7.729775e+03 
8.556566e-02 8.475773e+03 7.361917e+03 
8.858586e-02 7.954730e+03 7.018188e+03 
9.160606e-02 7.422855e+03 6.696550e+03 
9.462626e-02 6.899574e+03 6.395183e+03 
9.764646e-02 6.403288e+03 6.112457e+03 
1.006667e-01 5.949507e+03 5.846903e+03 
1.036869e-01 5.549655e+03 5.597199e+03 
1.067071e-01 5.210433e+03 5.362145e+03 
1.097273e-01 4.933414e+03 5.140654e+03 
1.127475e-01 4.716468e+03 4.931737e+03 
1.157677e-01 4.553602e+03 4.734492e+03 
1.187879e-01 4.437029e+03 4.548096e+03 
1.218081e-01 4.357458e+03 4.371796e+03 
1.248283e-01 4.304833e+03 4.204902e+03 
1.278485e-01 4.268497e+03 4.046781e+03 
1.308687e-01 4.237979e+03 3.896851e+03 
1.338889e-01 4.203317e+03 3.754576e+03 
1.369091e-01 4.156345e+03 3.619464e+03 
1.399293e-01 4.090755e+03 3.491059e+03 
1.429495e-01 4.003217e+03 3.368940e+03 
1.459697e-01 3.892836e+03 3.252719e+03 
1.489899e-01 3.761130e+03 3.142036e+03 
1.520101e-01 3.611605e+03 3.036558e+03 
1.550303e-01 3.449092e+03 2.935974e+03 
1.580505e-01 3.279635e+03 2.839999e+03 
1.610707e-01 3.109664e+03 2.748363e+03 
1.640909e-01 2.945670e+03 2.660821e+03 
1.671111e-01 2.793230e+03 2.577139e+03 
1.701313e-01 2.656756e+03 2.497102e+03 
1.731515e-01 2.538762e+03 2.420509e+03 
1.761717e-01 2.440390e+03 2.347173e+03 
1.791919e-01 2.361144e+03 2.276917e+03 
1.822121e-01 2.299730e+03 2.209578e+03 
1.852323e-01 2.254087e+03 2.145001e+03 
1.882525e-01 2.221654e+03 2.083044e+03 
1.912727e-01 2.199409e+03 2.023572e+03 
1.942929e-01 2.183910e+03 1.966457e+03 
1.973131e-01 2.171512e+03 1.911581e+03 
2.003333e-01 2.158607e+03 1.858833e+03 
2.033535e-01 2.141951e+03 1.808108e+03 
2.063737e-01 2.119022e+03 1.759307e+03 
2.093939e-01 2.088210e+03 1.712337e+03 
2.124141e-01 2.048824e+03 1.667111e+03 
2.154343e-01 2.001113e+03 1.623547e+03 
2.184545e-01 1.945956e+03 1.581567e+03 
2.214747e-01 1.884905e+03 1.541097e+03 
2.244949e-01 1.819833e+03 1.502069e+03 
2.275152e-01 1.752898e+03 1.464417e+03 
2.305354e-01 1.686271e+03 1.428079e+03 
2.335556e-01 1.622059e+03 1.392997e+03 
2.365758e-01 1.562028e+03 1.359116e+03 
2.395960e-01 1.507626e+03 1.326382e+03 
2.426162e-01 1.459742e+03 1.294747e+03 
2.456364e-01 1.418867e+03 1.264164e+03 
2.486566e-01 1.384983e+03 1.234588e+03 
2.516768e-01 1.357680e+03 1.205977e+03 
2.546970e-01 1.336194e+03 1.178290e+03 
2.577172e-01 1.319466e+03 1.151489e+03 
2.607374e-01 1.306271e+03 1.125539e+03 
2.637576e-01 1.295272e+03 1.100405e+03 
2.667778e-01 1.285151e+03 1.076053e+03 
2.697980e-01 1.274677e+03 1.052454e+03 
2.728182e-01 1.262816e+03 1.029577e+03 
2.758384e-01 1.248743e+03 1.007394e+03 
2.788586e-01 1.231934e+03 9.858777e+02 
2.818788e-01 1.212094e+03 9.650032e+02 
2.848990e-01 1.189276e+03 9.447459e+02 
2.879192e-01 1.163748e+03 9.250823e+02 
2.909394e-01 1.136027e+03 9.059902e+02 
2.939596e-01 1.106795e+03 8.874484e+02 
2.969798e-01 1.076849e+03 8.694366e+02 
3.000000e-01 1.046991e+03 8.519355e+02 
