1.000000e-03 3.267704e+03 3.267672e+03 
4.020202e-03 1.075533e+04 1.083843e+04 
7.040404e-03 1.566919e+04 1.576811e+04 
1.006061e-02 1.872420e+04 1.879807e+04 
1.308081e-02 2.041904e+04 2.045352e+04 
1.610101e-02 2.111028e+04 2.107315e+04 
1.912121e-02 2.107040e+04 2.092765e+04 
2.214141e-02 2.051932e+04 2.028490e+04 
2.516162e-02 1.963787e+04 1.938602e+04 
2.818182e-02 1.857248e+04 1.840006e+04 
3.120202e-02 1.743777e+04 1.741880e+04 
3.422222e-02 1.631841e+04 1.648143e+04 
3.724242e-02 1.527134e+04 1.560018e+04 
4.026263e-02 1.433057e+04 1.477599e+04 
4.328283e-02 1.351091e+04 1.400587e+04 
4.630303e-02 1.280700e+04 1.328590e+04 
4.932323e-02 1.221292e+04 1.261224e+04 
5.234343e-02 1.171800e+04 1.198138e+04 
5.536364e-02 1.128773e+04 1.139016e+04 
5.838384e-02 1.089965e+04 1.083576e+04 
6.140404e-02 1.054022e+04 1.031556e+04 
6.442424e-02 1.018880e+04 9.827190e+03 
6.744444e-02 9.830247e+03 9.368450e+03 
7.046465e-02 9.455754e+03 8.937300e+03 
7.348485e-02 9.061707e+03 8.531847e+03 
7.650505e-02 8.650672e+03 8.150330e+03 
7.952525e-02 8.229853e+03 7.791116e+03 
8.254545e-02 7.809474e+03 7.452685e+03 
8.556566e-02 7.399726e+03 7.133628e+03 
8.858586e-02 7.009561e+03 6.832636e+03 
9.160606e-02 6.645891e+03 6.548497e+03 
9.462626e-02 6.313962e+03 6.280084e+03 
9.764646e-02 6.017412e+03 6.026354e+03 
1.006667e-01 5.758284e+03 5.786341e+03 
1.036869e-01 5.536347e+03 5.559149e+03 
1.067071e-01 5.349021e+03 5.343947e+03 
1.097273e-01 5.190994e+03 5.139964e+03 
1.127475e-01 5.055209e+03 4.946487e+03 
1.157677e-01 4.934204e+03 4.762855e+03 
1.187879e-01 4.820743e+03 4.588451e+03 
1.218081e-01 4.709169e+03 4.422705e+03 
1.248283e-01 4.594928e+03 4.265088e+03 
1.278485e-01 4.475246e+03 4.115108e+03 
1.308687e-01 4.348515e+03 3.972306e+03 
1.338889e-01 4.214564e+03 3.836256e+03 
1.369091e-01 4.074311e+03 3.706563e+03 
1.399293e-01 3.929707e+03 3.582857e+03 
1.429495e-01 3.783503e+03 3.464793e+03 
1.459697e-01 3.638899e+03 3.352052e+03 
1.489899e-01 3.498812e+03 3.244333e+03 
1.520101e-01 3.365911e+03 3.141358e+03 
1.550303e-01 3.242335e+03 3.042864e+03 
1.580505e-01 3.129735e+03 2.948608e+03 
1.610707e-01 3.028862e+03 2.858362e+03 
1.640909e-01 2.939820e+03 2.771910e+03 
1.671111e-01 2.861884e+03 2.689054e+03 
1.701313e-01 2.793655e+03 2.609605e+03 
1.731515e-01 2.733111e+03 2.533387e+03 
1.761717e-01 2.678151e+03 2.460235e+03 
1.791919e-01 2.626677e+03 2.389994e+03 
1.822121e-01 2.576877e+03 2.322517e+03 
1.852323e-01 2.527159e+03 2.257668e+03 
1.882525e-01 2.476360e+03 2.195317e+03 
1.912727e-01 2.423583e+03 2.135343e+03 
1.942929e-01 2.368350e+03 2.077632e+03 
1.973131e-01 2.310588e+03 2.022076e+03 
2.003333e-01 2.250783e+03 1.968573e+03 
2.033535e-01 2.189735e+03 1.917028e+03 
2.063737e-01 2.128514e+03 1.867349e+03 
2.093939e-01 2.068172e+03 1.819451e+03 
2.124141e-01 2.009707e+03 1.773254e+03 
2.154343e-01 1.953864e+03 1.728681e+03 
2.184545e-01 1.901234e+03 1.685659e+03 
2.214747e-01 1.852221e+03 1.644121e+03 
2.244949e-01 1.807070e+03 1.604000e+03 
2.275152e-01 1.765748e+03 1.565237e+03 
2.305354e-01 1.728047e+03 1.527773e+03 
2.335556e-01 1.693546e+03 1.491552e+03 
2.365758e-01 1.661685e+03 1.456522e+03 
2.395960e-01 1.631784e+03 1.422634e+03 
2.426162e-01 1.603226e+03 1.389840e+03 
2.456364e-01 1.575458e+03 1.358095e+03 
2.486566e-01 1.548017e+03 1.327357e+03 
2.516768e-01 1.520508e+03 1.297585e+03 
2.546970e-01 1.492658e+03 1.268740e+03 
2.577172e-01 1.464276e+03 1.240786e+03 
2.607374e-01 1.435308e+03 1.213688e+03 
2.637576e-01 1.405829e+03 1.187413e+03 
2.667778e-01 1.376104e+03 1.161928e+03 
2.697980e-01 1.346455e+03 1.137203e+03 
2.728182e-01 1.317243e+03 1.113210e+03 
2.758384e-01 1.288781e+03 1.089921e+03 
2.788586e-01 1.261331e+03 1.067310e+03 
2.818788e-01 1.235038e+03 1.045351e+03 
2.848990e-01 1.209984e+03 1.024021e+03 
2.879192e-01 1.186221e+03 1.003296e+03 
2.909394e-01 1.163767e+03 9.831552e+02 
2.939596e-01 1.142586e+03 9.635771e+02 
2.969798e-01 1.122602e+03 9.445417e+02 
3.000000e-01 1.103682e+03 9.260299e+02 
