1.000000e-03 6.020323e+03 6.020258e+03 
4.020202e-03 2.001576e+04 2.017290e+04 
7.040404e-03 2.906645e+04 2.928731e+04 
1.006061e-02 3.445551e+04 3.474174e+04 
1.308081e-02 3.710766e+04 3.749148e+04 
1.610101e-02 3.770052e+04 3.808847e+04 
1.912121e-02 3.677612e+04 3.695838e+04 
2.214141e-02 3.479668e+04 3.461957e+04 
2.516162e-02 3.215971e+04 3.167671e+04 
2.818182e-02 2.920069e+04 2.864863e+04 
3.120202e-02 2.618729e+04 2.584671e+04 
3.422222e-02 2.331773e+04 2.338929e+04 
3.724242e-02 2.072377e+04 2.127998e+04 
4.026263e-02 1.848180e+04 1.947539e+04 
4.328283e-02 1.660590e+04 1.792237e+04 
4.630303e-02 1.509613e+04 1.657295e+04 
4.932323e-02 1.394087e+04 1.538828e+04 
5.234343e-02 1.307891e+04 1.433819e+04 
5.536364e-02 1.245470e+04 1.339948e+04 
5.838384e-02 1.201445e+04 1.255428e+04 
6.140404e-02 1.169858e+04 1.178867e+04 
6.442424e-02 1.145524e+04 1.109163e+04 
6.744444e-02 1.123865e+04 1.045429e+04 
7.046465e-02 1.100903e+04 9.869424e+03 
7.348485e-02 1.073427e+04 9.331015e+03 
7.650505e-02 1.039245e+04 8.834014e+03 
7.952525e-02 9.973977e+03 8.374124e+03 
8.254545e-02 9.481890e+03 7.947649e+03 
8.556566e-02 8.929892e+03 7.551384e+03 
8.858586e-02 8.338800e+03 7.182529e+03 
9.160606e-02 7.732987e+03 6.838619e+03 
9.462626e-02 7.137475e+03 6.517473e+03 
9.764646e-02 6.574532e+03 6.217153e+03 
1.006667e-01 6.063154e+03 5.935927e+03 
1.036869e-01 5.615855e+03 5.672244e+03 
1.067071e-01 5.240340e+03 5.424708e+03 
1.097273e-01 4.937856e+03 5.192061e+03 
1.127475e-01 4.705679e+03 4.973165e+03 
1.157677e-01 4.537340e+03 4.766988e+03 
1.187879e-01 4.423746e+03 4.572593e+03 
1.218081e-01 4.354071e+03 4.389127e+03 
1.248283e-01 4.316040e+03 4.215811e+03 
1.278485e-01 4.296876e+03 4.051935e+03 
1.308687e-01 4.283683e+03 3.896847e+03 
1.338889e-01 4.264880e+03 3.749951e+03 
1.369091e-01 4.230504e+03 3.610699e+03 
1.399293e-01 4.173763e+03 3.478588e+03 
1.429495e-01 4.090231e+03 3.353154e+03 
1.459697e-01 3.978679e+03 3.233970e+03 
1.489899e-01 3.840309e+03 3.120642e+03 
1.520101e-01 3.678938e+03 3.012805e+03 
1.550303e-01 3.500664e+03 2.910123e+03 
1.580505e-01 3.313080e+03 2.812282e+03 
1.610707e-01 3.124616e+03 2.718995e+03 
1.640909e-01 2.943308e+03 2.629992e+03 
1.671111e-01 2.775866e+03 2.545023e+03 
1.701313e-01 2.627057e+03 2.463858e+03 
1.731515e-01 2.499713e+03 2.386280e+03 
1.761717e-01 2.394684e+03 2.312087e+03 
1.791919e-01 2.311652e+03 2.241093e+03 
1.822121e-01 2.249272e+03 2.173123e+03 
1.852323e-01 2.205491e+03 2.108012e+03 
1.882525e-01 2.177471e+03 2.045608e+03 
1.912727e-01 2.161581e+03 1.985769e+03 
1.942929e-01 2.153619e+03 1.928360e+03 
1.973131e-01 2.149026e+03 1.873255e+03 
2.003333e-01 2.143398e+03 1.820338e+03 
2.033535e-01 2.132958e+03 1.769497e+03 
2.063737e-01 2.114861e+03 1.720630e+03 
2.093939e-01 2.087267e+03 1.673638e+03 
2.124141e-01 2.049443e+03 1.628431e+03 
2.154343e-01 2.001441e+03 1.584921e+03 
2.184545e-01 1.944259e+03 1.543028e+03 
2.214747e-01 1.879513e+03 1.502676e+03 
2.244949e-01 1.809478e+03 1.463791e+03 
2.275152e-01 1.736785e+03 1.426307e+03 
2.305354e-01 1.664247e+03 1.390159e+03 
2.335556e-01 1.594448e+03 1.355285e+03 
2.365758e-01 1.529626e+03 1.321630e+03 
2.395960e-01 1.471363e+03 1.289138e+03 
2.426162e-01 1.420700e+03 1.257759e+03 
2.456364e-01 1.378122e+03 1.227444e+03 
2.486566e-01 1.343591e+03 1.198146e+03 
2.516768e-01 1.316686e+03 1.169823e+03 
2.546970e-01 1.296533e+03 1.142433e+03 
2.577172e-01 1.281980e+03 1.115936e+03 
2.607374e-01 1.271581e+03 1.090296e+03 
2.637576e-01 1.263761e+03 1.065477e+03 
2.667778e-01 1.256888e+03 1.041445e+03 
2.697980e-01 1.249502e+03 1.018170e+03 
2.728182e-01 1.240329e+03 9.956191e+02 
2.758384e-01 1.228428e+03 9.737652e+02 
2.788586e-01 1.213151e+03 9.525802e+02 
2.818788e-01 1.194179e+03 9.320381e+02 
2.848990e-01 1.171531e+03 9.121139e+02 
2.879192e-01 1.145486e+03 8.927839e+02 
2.909394e-01 1.116649e+03 8.740254e+02 
2.939596e-01 1.085811e+03 8.558168e+02 
2.969798e-01 1.053956e+03 8.381376e+02 
3.000000e-01 1.022081e+03 8.209680e+02 
