1.000000e-03 4.890098e+03 4.890052e+03 
4.020202e-03 1.648858e+04 1.661691e+04 
7.040404e-03 2.423821e+04 2.442141e+04 
1.006061e-02 2.905631e+04 2.928810e+04 
1.308081e-02 3.163440e+04 3.194188e+04 
1.610101e-02 3.249326e+04 3.281226e+04 
1.912121e-02 3.205609e+04 3.222487e+04 
2.214141e-02 3.068809e+04 3.057279e+04 
2.516162e-02 2.870957e+04 2.832919e+04 
2.818182e-02 2.639365e+04 2.592234e+04 
3.120202e-02 2.396555e+04 2.362993e+04 
3.422222e-02 2.159683e+04 2.157505e+04 
3.724242e-02 1.940796e+04 1.978084e+04 
4.026263e-02 1.747518e+04 1.822451e+04 
4.328283e-02 1.582506e+04 1.686968e+04 
4.630303e-02 1.446340e+04 1.568090e+04 
4.932323e-02 1.339112e+04 1.462831e+04 
5.234343e-02 1.257009e+04 1.368815e+04 
5.536364e-02 1.195301e+04 1.284194e+04 
5.838384e-02 1.149626e+04 1.207525e+04 
6.140404e-02 1.116061e+04 1.137677e+04 
6.442424e-02 1.090132e+04 1.073746e+04 
6.744444e-02 1.067562e+04 1.015003e+04 
7.046465e-02 1.044902e+04 9.608482e+03 
7.348485e-02 1.019305e+04 9.107809e+03 
7.650505e-02 9.887789e+03 8.643778e+03 
7.952525e-02 9.522990e+03 8.212768e+03 
8.254545e-02 9.098719e+03 7.811645e+03 
8.556566e-02 8.623408e+03 7.437678e+03 
8.858586e-02 8.111227e+03 7.088463e+03 
9.160606e-02 7.579983e+03 6.761877e+03 
9.462626e-02 7.048918e+03 6.456029e+03 
9.764646e-02 6.536879e+03 6.169228e+03 
1.006667e-01 6.061060e+03 5.899960e+03 
1.036869e-01 5.634768e+03 5.646857e+03 
1.067071e-01 5.267013e+03 5.408686e+03 
1.097273e-01 4.961454e+03 5.184329e+03 
1.127475e-01 4.717949e+03 4.972771e+03 
1.157677e-01 4.531751e+03 4.773088e+03 
1.187879e-01 4.396062e+03 4.584435e+03 
1.218081e-01 4.302325e+03 4.406044e+03 
1.248283e-01 4.241043e+03 4.237208e+03 
1.278485e-01 4.201994e+03 4.077282e+03 
1.308687e-01 4.174760e+03 3.925671e+03 
1.338889e-01 4.149109e+03 3.781828e+03 
1.369091e-01 4.115855e+03 3.645252e+03 
1.399293e-01 4.067349e+03 3.515479e+03 
1.429495e-01 3.998351e+03 3.392080e+03 
1.459697e-01 3.906306e+03 3.274659e+03 
1.489899e-01 3.791136e+03 3.162851e+03 
1.520101e-01 3.655160e+03 3.056316e+03 
1.550303e-01 3.502228e+03 2.954740e+03 
1.580505e-01 3.337846e+03 2.857831e+03 
1.610707e-01 3.168220e+03 2.765318e+03 
1.640909e-01 3.000066e+03 2.676947e+03 
1.671111e-01 2.839469e+03 2.592484e+03 
1.701313e-01 2.691718e+03 2.511711e+03 
1.731515e-01 2.560481e+03 2.434423e+03 
1.761717e-01 2.448173e+03 2.360430e+03 
1.791919e-01 2.355344e+03 2.289553e+03 
1.822121e-01 2.281550e+03 2.221626e+03 
1.852323e-01 2.225336e+03 2.156493e+03 
1.882525e-01 2.184599e+03 2.094009e+03 
1.912727e-01 2.156704e+03 2.034036e+03 
1.942929e-01 2.138476e+03 1.976447e+03 
1.973131e-01 2.126446e+03 1.921122e+03 
2.003333e-01 2.116924e+03 1.867947e+03 
2.033535e-01 2.106399e+03 1.816816e+03 
2.063737e-01 2.091733e+03 1.767629e+03 
2.093939e-01 2.070559e+03 1.720292e+03 
2.124141e-01 2.041232e+03 1.674718e+03 
2.154343e-01 2.003179e+03 1.630821e+03 
2.184545e-01 1.956524e+03 1.588525e+03 
2.214747e-01 1.902253e+03 1.547754e+03 
2.244949e-01 1.841845e+03 1.508438e+03 
2.275152e-01 1.777266e+03 1.470512e+03 
2.305354e-01 1.710704e+03 1.433913e+03 
2.335556e-01 1.644438e+03 1.398582e+03 
2.365758e-01 1.580525e+03 1.364463e+03 
2.395960e-01 1.520782e+03 1.331502e+03 
2.426162e-01 1.466605e+03 1.299650e+03 
2.456364e-01 1.418965e+03 1.268859e+03 
2.486566e-01 1.378348e+03 1.239085e+03 
2.516768e-01 1.344793e+03 1.210284e+03 
2.546970e-01 1.317980e+03 1.182415e+03 
2.577172e-01 1.297162e+03 1.155441e+03 
2.607374e-01 1.281339e+03 1.129325e+03 
2.637576e-01 1.269247e+03 1.104031e+03 
2.667778e-01 1.259553e+03 1.079527e+03 
2.697980e-01 1.250901e+03 1.055782e+03 
2.728182e-01 1.242061e+03 1.032764e+03 
2.758384e-01 1.231938e+03 1.010447e+03 
2.788586e-01 1.219695e+03 9.888024e+02 
2.818788e-01 1.204698e+03 9.678045e+02 
2.848990e-01 1.186612e+03 9.474287e+02 
2.879192e-01 1.165357e+03 9.276514e+02 
2.909394e-01 1.141129e+03 9.084502e+02 
2.939596e-01 1.114406e+03 8.898036e+02 
2.969798e-01 1.085858e+03 8.716912e+02 
3.000000e-01 1.056292e+03 8.540934e+02 
