1.000000e-03 2.803883e+03 2.803855e+03 
4.020202e-03 9.241584e+03 9.313244e+03 
7.040404e-03 1.345780e+04 1.353528e+04 
1.006061e-02 1.608770e+04 1.612146e+04 
1.308081e-02 1.757636e+04 1.754507e+04 
1.610101e-02 1.823816e+04 1.812229e+04 
1.912121e-02 1.830684e+04 1.810258e+04 
2.214141e-02 1.796501e+04 1.770747e+04 
2.516162e-02 1.735775e+04 1.711232e+04 
2.818182e-02 1.659948e+04 1.642978e+04 
3.120202e-02 1.577727e+04 1.572073e+04 
3.422222e-02 1.495393e+04 1.501491e+04 
3.724242e-02 1.417053e+04 1.432643e+04 
4.026263e-02 1.345234e+04 1.366207e+04 
4.328283e-02 1.280335e+04 1.302512e+04 
4.630303e-02 1.222327e+04 1.241709e+04 
4.932323e-02 1.171810e+04 1.183844e+04 
5.234343e-02 1.126554e+04 1.128901e+04 
5.536364e-02 1.084243e+04 1.076821e+04 
5.838384e-02 1.044188e+04 1.027515e+04 
6.140404e-02 1.005479e+04 9.808773e+03 
6.442424e-02 9.671629e+03 9.367893e+03 
6.744444e-02 9.286176e+03 8.951268e+03 
7.046465e-02 8.896169e+03 8.557632e+03 
7.348485e-02 8.503045e+03 8.185723e+03 
7.650505e-02 8.112266e+03 7.834301e+03 
7.952525e-02 7.731010e+03 7.502169e+03 
8.254545e-02 7.366751e+03 7.188173e+03 
8.556566e-02 7.024886e+03 6.891217e+03 
8.858586e-02 6.708670e+03 6.610258e+03 
9.160606e-02 6.419443e+03 6.344312e+03 
9.462626e-02 6.157663e+03 6.092454e+03 
9.764646e-02 5.923117e+03 5.853813e+03 
1.006667e-01 5.714733e+03 5.627573e+03 
1.036869e-01 5.529568e+03 5.412973e+03 
1.067071e-01 5.363637e+03 5.209299e+03 
1.097273e-01 5.211433e+03 5.015883e+03 
1.127475e-01 5.067247e+03 4.832104e+03 
1.157677e-01 4.926590e+03 4.657382e+03 
1.187879e-01 4.785927e+03 4.491174e+03 
1.218081e-01 4.643822e+03 4.332975e+03 
1.248283e-01 4.499724e+03 4.182313e+03 
1.278485e-01 4.354279e+03 4.038749e+03 
1.308687e-01 4.208565e+03 3.901871e+03 
1.338889e-01 4.064157e+03 3.771296e+03 
1.369091e-01 3.922766e+03 3.646666e+03 
1.399293e-01 3.786220e+03 3.527646e+03 
1.429495e-01 3.656114e+03 3.413923e+03 
1.459697e-01 3.533702e+03 3.305205e+03 
1.489899e-01 3.419761e+03 3.201218e+03 
1.520101e-01 3.314557e+03 3.101705e+03 
1.550303e-01 3.218026e+03 3.006427e+03 
1.580505e-01 3.129802e+03 2.915159e+03 
1.610707e-01 3.049022e+03 2.827690e+03 
1.640909e-01 2.974452e+03 2.743822e+03 
1.671111e-01 2.904631e+03 2.663370e+03 
1.701313e-01 2.838000e+03 2.586159e+03 
1.731515e-01 2.773273e+03 2.512026e+03 
1.761717e-01 2.709375e+03 2.440817e+03 
1.791919e-01 2.645764e+03 2.372386e+03 
1.822121e-01 2.582155e+03 2.306597e+03 
1.852323e-01 2.518518e+03 2.243323e+03 
1.882525e-01 2.454945e+03 2.182442e+03 
1.912727e-01 2.391706e+03 2.123840e+03 
1.942929e-01 2.329173e+03 2.067409e+03 
1.973131e-01 2.267896e+03 2.013048e+03 
2.003333e-01 2.208460e+03 1.960662e+03 
2.033535e-01 2.151449e+03 1.910160e+03 
2.063737e-01 2.097287e+03 1.861455e+03 
2.093939e-01 2.046075e+03 1.814468e+03 
2.124141e-01 1.997786e+03 1.769122e+03 
2.154343e-01 1.952248e+03 1.725344e+03 
2.184545e-01 1.909241e+03 1.683065e+03 
2.214747e-01 1.868503e+03 1.642221e+03 
2.244949e-01 1.829739e+03 1.602750e+03 
2.275152e-01 1.792625e+03 1.564594e+03 
2.305354e-01 1.756797e+03 1.527696e+03 
2.335556e-01 1.721867e+03 1.492005e+03 
2.365758e-01 1.687569e+03 1.457470e+03 
2.395960e-01 1.653732e+03 1.424044e+03 
2.426162e-01 1.620297e+03 1.391681e+03 
2.456364e-01 1.587270e+03 1.360340e+03 
2.486566e-01 1.554682e+03 1.329977e+03 
2.516768e-01 1.522575e+03 1.300556e+03 
2.546970e-01 1.491009e+03 1.272039e+03 
2.577172e-01 1.460064e+03 1.244390e+03 
2.607374e-01 1.429877e+03 1.217576e+03 
2.637576e-01 1.400596e+03 1.191565e+03 
2.667778e-01 1.372353e+03 1.166326e+03 
2.697980e-01 1.345242e+03 1.141831e+03 
2.728182e-01 1.319240e+03 1.118050e+03 
2.758384e-01 1.294285e+03 1.094959e+03 
2.788586e-01 1.270260e+03 1.072530e+03 
2.818788e-01 1.247055e+03 1.050741e+03 
2.848990e-01 1.224584e+03 1.029568e+03 
2.879192e-01 1.202777e+03 1.008988e+03 
2.909394e-01 1.181586e+03 9.889811e+02 
2.939596e-01 1.160946e+03 9.695261e+02 
2.969798e-01 1.140777e+03 9.506039e+02 
3.000000e-01 1.121005e+03 9.321959e+02 
