1.000000e-03 4.073417e+03 4.073377e+03 
4.020202e-03 1.347580e+04 1.358101e+04 
7.040404e-03 1.959022e+04 1.972411e+04 
1.006061e-02 2.330744e+04 2.343936e+04 
1.308081e-02 2.525877e+04 2.538550e+04 
1.610101e-02 2.590090e+04 2.597031e+04 
1.912121e-02 2.558726e+04 2.551969e+04 
2.214141e-02 2.461043e+04 2.438498e+04 
2.516162e-02 2.321394e+04 2.291477e+04 
2.818182e-02 2.159930e+04 2.137031e+04 
3.120202e-02 1.992404e+04 1.989487e+04 
3.422222e-02 1.830522e+04 1.854295e+04 
3.724242e-02 1.682028e+04 1.732216e+04 
4.026263e-02 1.551551e+04 1.622161e+04 
4.328283e-02 1.440554e+04 1.522589e+04 
4.630303e-02 1.348204e+04 1.432039e+04 
4.932323e-02 1.274473e+04 1.349277e+04 
5.234343e-02 1.216387e+04 1.273300e+04 
5.536364e-02 1.169320e+04 1.203294e+04 
5.838384e-02 1.130620e+04 1.138592e+04 
6.140404e-02 1.096969e+04 1.078643e+04 
6.442424e-02 1.065064e+04 1.022977e+04 
6.744444e-02 1.032613e+04 9.711941e+03 
7.046465e-02 9.978597e+03 9.229449e+03 
7.348485e-02 9.597276e+03 8.779229e+03 
7.650505e-02 9.179322e+03 8.358563e+03 
7.952525e-02 8.729699e+03 7.965024e+03 
8.254545e-02 8.258701e+03 7.596435e+03 
8.556566e-02 7.779909e+03 7.250832e+03 
8.858586e-02 7.307848e+03 6.926439e+03 
9.160606e-02 6.856089e+03 6.621646e+03 
9.462626e-02 6.436395e+03 6.334986e+03 
9.764646e-02 6.058301e+03 6.065125e+03 
1.006667e-01 5.728231e+03 5.810844e+03 
1.036869e-01 5.449284e+03 5.571028e+03 
1.067071e-01 5.220155e+03 5.344657e+03 
1.097273e-01 5.036549e+03 5.130796e+03 
1.127475e-01 4.891284e+03 4.928585e+03 
1.157677e-01 4.776019e+03 4.737235e+03 
1.187879e-01 4.681737e+03 4.556020e+03 
1.218081e-01 4.599615e+03 4.384271e+03 
1.248283e-01 4.521344e+03 4.221371e+03 
1.278485e-01 4.439784e+03 4.066751e+03 
1.308687e-01 4.348989e+03 3.919885e+03 
1.338889e-01 4.245279e+03 3.780286e+03 
1.369091e-01 4.126689e+03 3.647504e+03 
1.399293e-01 3.994026e+03 3.521123e+03 
1.429495e-01 3.849499e+03 3.400754e+03 
1.459697e-01 3.696841e+03 3.286040e+03 
1.489899e-01 3.540233e+03 3.176646e+03 
1.520101e-01 3.384142e+03 3.072263e+03 
1.550303e-01 3.232837e+03 2.972601e+03 
1.580505e-01 3.090351e+03 2.877393e+03 
1.610707e-01 2.960066e+03 2.786387e+03 
1.640909e-01 2.844611e+03 2.699349e+03 
1.671111e-01 2.745045e+03 2.616062e+03 
1.701313e-01 2.661326e+03 2.536322e+03 
1.731515e-01 2.592088e+03 2.459938e+03 
1.761717e-01 2.535226e+03 2.386732e+03 
1.791919e-01 2.488083e+03 2.316536e+03 
1.822121e-01 2.447989e+03 2.249194e+03 
1.852323e-01 2.412295e+03 2.184560e+03 
1.882525e-01 2.378439e+03 2.122496e+03 
1.912727e-01 2.344014e+03 2.062872e+03 
1.942929e-01 2.306925e+03 2.005567e+03 
1.973131e-01 2.265577e+03 1.950467e+03 
2.003333e-01 2.219012e+03 1.897464e+03 
2.033535e-01 2.167086e+03 1.846457e+03 
2.063737e-01 2.110320e+03 1.797350e+03 
2.093939e-01 2.049914e+03 1.750055e+03 
2.124141e-01 1.987356e+03 1.704486e+03 
2.154343e-01 1.924218e+03 1.660563e+03 
2.184545e-01 1.862020e+03 1.618211e+03 
2.214747e-01 1.802147e+03 1.577359e+03 
2.244949e-01 1.745756e+03 1.537938e+03 
2.275152e-01 1.693753e+03 1.499885e+03 
2.305354e-01 1.646720e+03 1.463141e+03 
2.335556e-01 1.604975e+03 1.427647e+03 
2.365758e-01 1.568401e+03 1.393349e+03 
2.395960e-01 1.536632e+03 1.360197e+03 
2.426162e-01 1.509013e+03 1.328142e+03 
2.456364e-01 1.484737e+03 1.297137e+03 
2.486566e-01 1.462852e+03 1.267138e+03 
2.516768e-01 1.442387e+03 1.238105e+03 
2.546970e-01 1.422383e+03 1.209997e+03 
2.577172e-01 1.402030e+03 1.182777e+03 
2.607374e-01 1.380656e+03 1.156409e+03 
2.637576e-01 1.357868e+03 1.130859e+03 
2.667778e-01 1.333462e+03 1.106096e+03 
2.697980e-01 1.307491e+03 1.082087e+03 
2.728182e-01 1.280158e+03 1.058804e+03 
2.758384e-01 1.251808e+03 1.036219e+03 
2.788586e-01 1.222871e+03 1.014305e+03 
2.818788e-01 1.193832e+03 9.930361e+02 
2.848990e-01 1.165191e+03 9.723889e+02 
2.879192e-01 1.137430e+03 9.523400e+02 
2.909394e-01 1.110964e+03 9.328671e+02 
2.939596e-01 1.086115e+03 9.139492e+02 
2.969798e-01 1.063071e+03 8.955660e+02 
3.000000e-01 1.041908e+03 8.776984e+02 
