1.000000e-03 3.666091e+03 3.666054e+03 
4.020202e-03 1.224015e+04 1.233515e+04 
7.040404e-03 1.782456e+04 1.793836e+04 
1.006061e-02 2.122183e+04 2.131604e+04 
1.308081e-02 2.301914e+04 2.308084e+04 
1.610101e-02 2.364013e+04 2.362509e+04 
1.912121e-02 2.341195e+04 2.327048e+04 
2.214141e-02 2.260099e+04 2.234721e+04 
2.516162e-02 2.142614e+04 2.115504e+04 
2.818182e-02 2.006465e+04 1.989993e+04 
3.120202e-02 1.865389e+04 1.868772e+04 
3.422222e-02 1.729310e+04 1.755782e+04 
3.724242e-02 1.604665e+04 1.651729e+04 
4.026263e-02 1.495092e+04 1.556092e+04 
4.328283e-02 1.401680e+04 1.468030e+04 
4.630303e-02 1.323394e+04 1.386718e+04 
4.932323e-02 1.259609e+04 1.311434e+04 
5.234343e-02 1.207867e+04 1.241572e+04 
5.536364e-02 1.163967e+04 1.176614e+04 
5.838384e-02 1.125334e+04 1.116120e+04 
6.140404e-02 1.089418e+04 1.059707e+04 
6.442424e-02 1.053707e+04 1.007036e+04 
6.744444e-02 1.016617e+04 9.578065e+03 
7.046465e-02 9.771492e+03 9.117461e+03 
7.348485e-02 9.349177e+03 8.686100e+03 
7.650505e-02 8.902881e+03 8.281752e+03 
7.952525e-02 8.441566e+03 7.902385e+03 
8.254545e-02 7.977114e+03 7.546142e+03 
8.556566e-02 7.522545e+03 7.211323e+03 
8.858586e-02 7.089699e+03 6.896370e+03 
9.160606e-02 6.688538e+03 6.599855e+03 
9.462626e-02 6.326718e+03 6.320467e+03 
9.764646e-02 6.009202e+03 6.056999e+03 
1.006667e-01 5.738325e+03 5.808343e+03 
1.036869e-01 5.512388e+03 5.573480e+03 
1.067071e-01 5.326858e+03 5.351470e+03 
1.097273e-01 5.174486e+03 5.141449e+03 
1.127475e-01 5.046963e+03 4.942618e+03 
1.157677e-01 4.935506e+03 4.754240e+03 
1.187879e-01 4.832138e+03 4.575636e+03 
1.218081e-01 4.729658e+03 4.406178e+03 
1.248283e-01 4.622469e+03 4.245283e+03 
1.278485e-01 4.506387e+03 4.092414e+03 
1.308687e-01 4.379254e+03 3.947073e+03 
1.338889e-01 4.240877e+03 3.808797e+03 
1.369091e-01 4.092990e+03 3.677158e+03 
1.399293e-01 3.938693e+03 3.551757e+03 
1.429495e-01 3.781858e+03 3.432225e+03 
1.459697e-01 3.626337e+03 3.318219e+03 
1.489899e-01 3.475822e+03 3.209417e+03 
1.520101e-01 3.333524e+03 3.105522e+03 
1.550303e-01 3.202236e+03 3.006256e+03 
1.580505e-01 3.084162e+03 2.911359e+03 
1.610707e-01 2.980486e+03 2.820591e+03 
1.640909e-01 2.891337e+03 2.733724e+03 
1.671111e-01 2.815510e+03 2.650549e+03 
1.701313e-01 2.750966e+03 2.570866e+03 
1.731515e-01 2.695079e+03 2.494491e+03 
1.761717e-01 2.645118e+03 2.421252e+03 
1.791919e-01 2.598577e+03 2.350985e+03 
1.822121e-01 2.553253e+03 2.283537e+03 
1.852323e-01 2.507369e+03 2.218767e+03 
1.882525e-01 2.459416e+03 2.156540e+03 
1.912727e-01 2.408178e+03 2.096729e+03 
1.942929e-01 2.353114e+03 2.039216e+03 
1.973131e-01 2.294196e+03 1.983889e+03 
2.003333e-01 2.232168e+03 1.930642e+03 
2.033535e-01 2.168136e+03 1.879377e+03 
2.063737e-01 2.103564e+03 1.830000e+03 
2.093939e-01 2.039878e+03 1.782423e+03 
2.124141e-01 1.978351e+03 1.736563e+03 
2.154343e-01 1.919983e+03 1.692340e+03 
2.184545e-01 1.865523e+03 1.649682e+03 
2.214747e-01 1.815430e+03 1.608517e+03 
2.244949e-01 1.769954e+03 1.568779e+03 
2.275152e-01 1.729027e+03 1.530406e+03 
2.305354e-01 1.692377e+03 1.493337e+03 
2.335556e-01 1.659453e+03 1.457517e+03 
2.365758e-01 1.629567e+03 1.422892e+03 
2.395960e-01 1.601907e+03 1.389410e+03 
2.426162e-01 1.575655e+03 1.357025e+03 
2.456364e-01 1.550022e+03 1.325691e+03 
2.486566e-01 1.524344e+03 1.295363e+03 
2.516768e-01 1.498077e+03 1.266002e+03 
2.546970e-01 1.470901e+03 1.237567e+03 
2.577172e-01 1.442665e+03 1.210021e+03 
2.607374e-01 1.413452e+03 1.183329e+03 
2.637576e-01 1.383478e+03 1.157458e+03 
2.667778e-01 1.353088e+03 1.132375e+03 
2.697980e-01 1.322670e+03 1.108049e+03 
2.728182e-01 1.292628e+03 1.084452e+03 
2.758384e-01 1.263329e+03 1.061555e+03 
2.788586e-01 1.235106e+03 1.039332e+03 
2.818788e-01 1.208224e+03 1.017758e+03 
2.848990e-01 1.182878e+03 9.968080e+02 
2.879192e-01 1.159158e+03 9.764598e+02 
2.909394e-01 1.137063e+03 9.566911e+02 
2.939596e-01 1.116501e+03 9.374806e+02 
2.969798e-01 1.097302e+03 9.188084e+02 
3.000000e-01 1.079245e+03 9.006552e+02 
