1.000000e-03 3.938118e+03 3.938079e+03 
4.020202e-03 1.306462e+04 1.316641e+04 
7.040404e-03 1.907445e+04 1.920807e+04 
1.006061e-02 2.278875e+04 2.292669e+04 
1.308081e-02 2.479346e+04 2.493614e+04 
1.610101e-02 2.551433e+04 2.561481e+04 
1.912121e-02 2.528682e+04 2.525894e+04 
2.214141e-02 2.438836e+04 2.419278e+04 
2.516162e-02 2.305453e+04 2.275471e+04 
2.818182e-02 2.148238e+04 2.121443e+04 
3.120202e-02 1.982856e+04 1.972996e+04 
3.422222e-02 1.821212e+04 1.836687e+04 
3.724242e-02 1.671425e+04 1.713806e+04 
4.026263e-02 1.538558e+04 1.603409e+04 
4.328283e-02 1.424645e+04 1.503915e+04 
4.630303e-02 1.329204e+04 1.413764e+04 
4.932323e-02 1.252483e+04 1.331623e+04 
5.234343e-02 1.192229e+04 1.256404e+04 
5.536364e-02 1.144091e+04 1.187232e+04 
5.838384e-02 1.105139e+04 1.123396e+04 
6.140404e-02 1.072403e+04 1.064313e+04 
6.442424e-02 1.042823e+04 1.009494e+04 
6.744444e-02 1.013682e+04 9.585271e+03 
7.046465e-02 9.828881e+03 9.110548e+03 
7.348485e-02 9.490340e+03 8.667670e+03 
7.650505e-02 9.114649e+03 8.253904e+03 
7.952525e-02 8.703056e+03 7.866825e+03 
8.254545e-02 8.262846e+03 7.504268e+03 
8.556566e-02 7.805744e+03 7.164287e+03 
8.858586e-02 7.345313e+03 6.845127e+03 
9.160606e-02 6.894979e+03 6.545201e+03 
9.462626e-02 6.467183e+03 6.263067e+03 
9.764646e-02 6.072839e+03 5.997413e+03 
1.006667e-01 5.720594e+03 5.747044e+03 
1.036869e-01 5.415979e+03 5.510867e+03 
1.067071e-01 5.160749e+03 5.287881e+03 
1.097273e-01 4.953318e+03 5.077171e+03 
1.127475e-01 4.788697e+03 4.877895e+03 
1.157677e-01 4.659974e+03 4.689281e+03 
1.187879e-01 4.558799e+03 4.510618e+03 
1.218081e-01 4.476568e+03 4.341251e+03 
1.248283e-01 4.405005e+03 4.180576e+03 
1.278485e-01 4.336430e+03 4.028036e+03 
1.308687e-01 4.263984e+03 3.883115e+03 
1.338889e-01 4.182243e+03 3.745338e+03 
1.369091e-01 4.087178e+03 3.614264e+03 
1.399293e-01 3.977338e+03 3.489483e+03 
1.429495e-01 3.852919e+03 3.370617e+03 
1.459697e-01 3.716212e+03 3.257314e+03 
1.489899e-01 3.570462e+03 3.149246e+03 
1.520101e-01 3.419858e+03 3.046111e+03 
1.550303e-01 3.268762e+03 2.947624e+03 
1.580505e-01 3.121563e+03 2.853521e+03 
1.610707e-01 2.982294e+03 2.763558e+03 
1.640909e-01 2.854547e+03 2.677505e+03 
1.671111e-01 2.740682e+03 2.595147e+03 
1.701313e-01 2.642167e+03 2.516285e+03 
1.731515e-01 2.559039e+03 2.440731e+03 
1.761717e-01 2.490461e+03 2.368309e+03 
1.791919e-01 2.434528e+03 2.298857e+03 
1.822121e-01 2.388998e+03 2.232219e+03 
1.852323e-01 2.351383e+03 2.168253e+03 
1.882525e-01 2.319068e+03 2.106821e+03 
1.912727e-01 2.289398e+03 2.047798e+03 
1.942929e-01 2.259930e+03 1.991064e+03 
1.973131e-01 2.228422e+03 1.936506e+03 
2.003333e-01 2.193055e+03 1.884018e+03 
2.033535e-01 2.152593e+03 1.833502e+03 
2.063737e-01 2.106655e+03 1.784862e+03 
2.093939e-01 2.055477e+03 1.738012e+03 
2.124141e-01 1.999853e+03 1.692866e+03 
2.154343e-01 1.941011e+03 1.649347e+03 
2.184545e-01 1.880425e+03 1.607381e+03 
2.214747e-01 1.819647e+03 1.566896e+03 
2.244949e-01 1.760189e+03 1.527826e+03 
2.275152e-01 1.703380e+03 1.490109e+03 
2.305354e-01 1.650340e+03 1.453685e+03 
2.335556e-01 1.601896e+03 1.418498e+03 
2.365758e-01 1.558521e+03 1.384494e+03 
2.395960e-01 1.520367e+03 1.351623e+03 
2.426162e-01 1.487246e+03 1.319836e+03 
2.456364e-01 1.458750e+03 1.289089e+03 
2.486566e-01 1.434203e+03 1.259337e+03 
2.516768e-01 1.412805e+03 1.230541e+03 
2.546970e-01 1.393617e+03 1.202660e+03 
2.577172e-01 1.375672e+03 1.175658e+03 
2.607374e-01 1.358004e+03 1.149499e+03 
2.637576e-01 1.339801e+03 1.124151e+03 
2.667778e-01 1.320412e+03 1.099580e+03 
2.697980e-01 1.299464e+03 1.075757e+03 
2.728182e-01 1.276776e+03 1.052653e+03 
2.758384e-01 1.252424e+03 1.030239e+03 
2.788586e-01 1.226608e+03 1.008490e+03 
2.818788e-01 1.199662e+03 9.873809e+02 
2.848990e-01 1.171993e+03 9.668869e+02 
2.879192e-01 1.144085e+03 9.469855e+02 
2.909394e-01 1.116436e+03 9.276548e+02 
2.939596e-01 1.089549e+03 9.088740e+02 
2.969798e-01 1.063864e+03 8.906230e+02 
3.000000e-01 1.039757e+03 8.728829e+02 
