1.000000e-03 3.102170e+03 3.102143e+03 
4.020202e-03 1.043226e+04 1.051298e+04 
7.040404e-03 1.528282e+04 1.537643e+04 
1.006061e-02 1.830288e+04 1.836676e+04 
1.308081e-02 1.997861e+04 1.999607e+04 
1.610101e-02 2.066387e+04 2.060383e+04 
1.912121e-02 2.063113e+04 2.046842e+04 
2.214141e-02 2.009991e+04 1.986165e+04 
2.516162e-02 1.925055e+04 1.901759e+04 
2.818182e-02 1.822706e+04 1.809262e+04 
3.120202e-02 1.714214e+04 1.716863e+04 
3.422222e-02 1.607622e+04 1.628027e+04 
3.724242e-02 1.508463e+04 1.543904e+04 
4.026263e-02 1.419553e+04 1.464685e+04 
4.328283e-02 1.341176e+04 1.390218e+04 
4.630303e-02 1.274888e+04 1.320253e+04 
4.932323e-02 1.219525e+04 1.254521e+04 
5.234343e-02 1.171794e+04 1.192762e+04 
5.536364e-02 1.129376e+04 1.134728e+04 
5.838384e-02 1.090458e+04 1.080188e+04 
6.140404e-02 1.053381e+04 1.028921e+04 
6.442424e-02 1.016379e+04 9.807182e+03 
6.744444e-02 9.782975e+03 9.353821e+03 
7.046465e-02 9.385796e+03 8.927264e+03 
7.348485e-02 8.972004e+03 8.525753e+03 
7.650505e-02 8.546920e+03 8.147638e+03 
7.952525e-02 8.119438e+03 7.791370e+03 
8.254545e-02 7.700131e+03 7.455499e+03 
8.556566e-02 7.298409e+03 7.138672e+03 
8.858586e-02 6.921915e+03 6.839628e+03 
9.160606e-02 6.576233e+03 6.557190e+03 
9.462626e-02 6.265437e+03 6.290267e+03 
9.764646e-02 5.991756e+03 6.037842e+03 
1.006667e-01 5.755470e+03 5.798971e+03 
1.036869e-01 5.554215e+03 5.572779e+03 
1.067071e-01 5.383184e+03 5.358451e+03 
1.097273e-01 5.235555e+03 5.155231e+03 
1.127475e-01 5.103492e+03 4.962420e+03 
1.157677e-01 4.979998e+03 4.779364e+03 
1.187879e-01 4.858887e+03 4.605459e+03 
1.218081e-01 4.735892e+03 4.440144e+03 
1.248283e-01 4.607911e+03 4.282894e+03 
1.278485e-01 4.473586e+03 4.133226e+03 
1.308687e-01 4.332688e+03 3.990686e+03 
1.338889e-01 4.186379e+03 3.854855e+03 
1.369091e-01 4.036732e+03 3.725339e+03 
1.399293e-01 3.886636e+03 3.601774e+03 
1.429495e-01 3.739142e+03 3.483820e+03 
1.459697e-01 3.597286e+03 3.371160e+03 
1.489899e-01 3.463389e+03 3.263495e+03 
1.520101e-01 3.339323e+03 3.160550e+03 
1.550303e-01 3.226316e+03 3.062066e+03 
1.580505e-01 3.125081e+03 2.967801e+03 
1.610707e-01 3.035380e+03 2.877527e+03 
1.640909e-01 2.956393e+03 2.791034e+03 
1.671111e-01 2.886534e+03 2.708122e+03 
1.701313e-01 2.823804e+03 2.628605e+03 
1.731515e-01 2.765833e+03 2.552307e+03 
1.761717e-01 2.710571e+03 2.479066e+03 
1.791919e-01 2.656277e+03 2.408726e+03 
1.822121e-01 2.601650e+03 2.341143e+03 
1.852323e-01 2.545694e+03 2.276180e+03 
1.882525e-01 2.487901e+03 2.213710e+03 
1.912727e-01 2.428047e+03 2.153611e+03 
1.942929e-01 2.366338e+03 2.095771e+03 
1.973131e-01 2.303291e+03 2.040080e+03 
2.003333e-01 2.239874e+03 1.986439e+03 
2.033535e-01 2.177118e+03 1.934752e+03 
2.063737e-01 2.116052e+03 1.884930e+03 
2.093939e-01 2.057524e+03 1.836885e+03 
2.124141e-01 2.002200e+03 1.790540e+03 
2.154343e-01 1.950474e+03 1.745816e+03 
2.184545e-01 1.902552e+03 1.702643e+03 
2.214747e-01 1.858391e+03 1.660951e+03 
2.244949e-01 1.817803e+03 1.620678e+03 
2.275152e-01 1.780397e+03 1.581760e+03 
2.305354e-01 1.745672e+03 1.544142e+03 
2.335556e-01 1.712987e+03 1.507766e+03 
2.365758e-01 1.681736e+03 1.472582e+03 
2.395960e-01 1.651396e+03 1.438539e+03 
2.426162e-01 1.621514e+03 1.405590e+03 
2.456364e-01 1.591710e+03 1.373692e+03 
2.486566e-01 1.561718e+03 1.342800e+03 
2.516768e-01 1.531366e+03 1.312875e+03 
2.546970e-01 1.500614e+03 1.283879e+03 
2.577172e-01 1.469524e+03 1.255774e+03 
2.607374e-01 1.438359e+03 1.228526e+03 
2.637576e-01 1.407441e+03 1.202101e+03 
2.667778e-01 1.377105e+03 1.176468e+03 
2.697980e-01 1.347642e+03 1.151597e+03 
2.728182e-01 1.319263e+03 1.127458e+03 
2.758384e-01 1.292094e+03 1.104024e+03 
2.788586e-01 1.266178e+03 1.081270e+03 
2.818788e-01 1.241535e+03 1.059169e+03 
2.848990e-01 1.218169e+03 1.037698e+03 
2.879192e-01 1.196027e+03 1.016834e+03 
2.909394e-01 1.175016e+03 9.965547e+02 
2.939596e-01 1.154991e+03 9.768399e+02 
2.969798e-01 1.135770e+03 9.576692e+02 
3.000000e-01 1.117128e+03 9.390235e+02 
