1.000000e-03 4.909721e+03 4.909670e+03 
4.020202e-03 1.627026e+04 1.639802e+04 
7.040404e-03 2.364396e+04 2.381576e+04 
1.006061e-02 2.809022e+04 2.828716e+04 
1.308081e-02 3.036268e+04 3.059650e+04 
1.610101e-02 3.101044e+04 3.121280e+04 
1.912121e-02 3.046490e+04 3.050226e+04 
2.214141e-02 2.908624e+04 2.888331e+04 
2.516162e-02 2.718284e+04 2.680988e+04 
2.818182e-02 2.501014e+04 2.465070e+04 
3.120202e-02 2.277221e+04 2.262000e+04 
3.422222e-02 2.062085e+04 2.080026e+04 
3.724242e-02 1.865759e+04 1.919894e+04 
4.026263e-02 1.694347e+04 1.779298e+04 
4.328283e-02 1.549509e+04 1.655225e+04 
4.630303e-02 1.430738e+04 1.544895e+04 
4.932323e-02 1.338041e+04 1.446010e+04 
5.234343e-02 1.267117e+04 1.356750e+04 
5.536364e-02 1.212942e+04 1.275684e+04 
5.838384e-02 1.171801e+04 1.201684e+04 
6.140404e-02 1.139081e+04 1.133846e+04 
6.442424e-02 1.110636e+04 1.071435e+04 
6.744444e-02 1.083098e+04 1.013845e+04 
7.046465e-02 1.053638e+04 9.605656e+03 
7.348485e-02 1.020204e+04 9.111628e+03 
7.650505e-02 9.816257e+03 8.652631e+03 
7.952525e-02 9.377032e+03 8.225416e+03 
8.254545e-02 8.891540e+03 7.827132e+03 
8.556566e-02 8.373479e+03 7.455261e+03 
8.858586e-02 7.840650e+03 7.107565e+03 
9.160606e-02 7.311892e+03 6.782044e+03 
9.462626e-02 6.804967e+03 6.476908e+03 
9.764646e-02 6.335994e+03 6.190541e+03 
1.006667e-01 5.916665e+03 5.921488e+03 
1.036869e-01 5.555147e+03 5.668431e+03 
1.067071e-01 5.254441e+03 5.430171e+03 
1.097273e-01 5.013532e+03 5.205622e+03 
1.127475e-01 4.827418e+03 4.993791e+03 
1.157677e-01 4.688591e+03 4.793772e+03 
1.187879e-01 4.587966e+03 4.604739e+03 
1.218081e-01 4.515437e+03 4.425931e+03 
1.248283e-01 4.460541e+03 4.256655e+03 
1.278485e-01 4.412752e+03 4.096270e+03 
1.308687e-01 4.362451e+03 3.944190e+03 
1.338889e-01 4.301314e+03 3.799873e+03 
1.369091e-01 4.223638e+03 3.662821e+03 
1.399293e-01 4.125885e+03 3.532572e+03 
1.429495e-01 4.007689e+03 3.408701e+03 
1.459697e-01 3.870462e+03 3.290815e+03 
1.489899e-01 3.717579e+03 3.178548e+03 
1.520101e-01 3.553585e+03 3.071564e+03 
1.550303e-01 3.384067e+03 2.969548e+03 
1.580505e-01 3.215015e+03 2.872209e+03 
1.610707e-01 3.052447e+03 2.779275e+03 
1.640909e-01 2.901605e+03 2.690496e+03 
1.671111e-01 2.766688e+03 2.605636e+03 
1.701313e-01 2.650063e+03 2.524477e+03 
1.731515e-01 2.552539e+03 2.446814e+03 
1.761717e-01 2.473379e+03 2.372457e+03 
1.791919e-01 2.410920e+03 2.301227e+03 
1.822121e-01 2.362918e+03 2.232958e+03 
1.852323e-01 2.326700e+03 2.167494e+03 
1.882525e-01 2.299319e+03 2.104689e+03 
1.912727e-01 2.277509e+03 2.044407e+03 
1.942929e-01 2.257874e+03 1.986517e+03 
1.973131e-01 2.236983e+03 1.930901e+03 
2.003333e-01 2.211987e+03 1.877444e+03 
2.033535e-01 2.180624e+03 1.826041e+03 
2.063737e-01 2.141812e+03 1.776591e+03 
2.093939e-01 2.095250e+03 1.728999e+03 
2.124141e-01 2.041629e+03 1.683178e+03 
2.154343e-01 1.982148e+03 1.639043e+03 
2.184545e-01 1.918440e+03 1.596516e+03 
2.214747e-01 1.852344e+03 1.555522e+03 
2.244949e-01 1.785800e+03 1.515991e+03 
2.275152e-01 1.720743e+03 1.477856e+03 
2.305354e-01 1.658978e+03 1.441054e+03 
2.335556e-01 1.602015e+03 1.405527e+03 
2.365758e-01 1.550937e+03 1.371218e+03 
2.395960e-01 1.506352e+03 1.338075e+03 
2.426162e-01 1.468359e+03 1.306045e+03 
2.456364e-01 1.436695e+03 1.275083e+03 
2.486566e-01 1.410682e+03 1.245142e+03 
2.516768e-01 1.389435e+03 1.216180e+03 
2.546970e-01 1.371867e+03 1.188155e+03 
2.577172e-01 1.356790e+03 1.161030e+03 
2.607374e-01 1.342950e+03 1.134767e+03 
2.637576e-01 1.329181e+03 1.109332e+03 
2.667778e-01 1.314428e+03 1.084690e+03 
2.697980e-01 1.297904e+03 1.060811e+03 
2.728182e-01 1.279049e+03 1.037665e+03 
2.758384e-01 1.257629e+03 1.015222e+03 
2.788586e-01 1.233672e+03 9.934563e+02 
2.818788e-01 1.207448e+03 9.723406e+02 
2.848990e-01 1.179416e+03 9.518506e+02 
2.879192e-01 1.150147e+03 9.319625e+02 
2.909394e-01 1.120317e+03 9.126538e+02 
2.939596e-01 1.090620e+03 8.939029e+02 
2.969798e-01 1.061735e+03 8.756892e+02 
3.000000e-01 1.034262e+03 8.579931e+02 
