1.000000e-03 3.919165e+03 3.919126e+03 
4.020202e-03 1.274392e+04 1.284306e+04 
7.040404e-03 1.834923e+04 1.846367e+04 
1.006061e-02 2.168878e+04 2.177448e+04 
1.308081e-02 2.340717e+04 2.344812e+04 
1.610101e-02 2.395433e+04 2.390907e+04 
1.912121e-02 2.366939e+04 2.349853e+04 
2.214141e-02 2.282176e+04 2.255182e+04 
2.516162e-02 2.162993e+04 2.135962e+04 
2.818182e-02 2.026717e+04 2.011402e+04 
3.120202e-02 1.886589e+04 1.891090e+04 
3.422222e-02 1.752027e+04 1.778544e+04 
3.724242e-02 1.629029e+04 1.674411e+04 
4.026263e-02 1.520844e+04 1.578263e+04 
4.328283e-02 1.428360e+04 1.489391e+04 
4.630303e-02 1.350401e+04 1.407081e+04 
4.932323e-02 1.285926e+04 1.330700e+04 
5.234343e-02 1.232703e+04 1.259701e+04 
5.536364e-02 1.186732e+04 1.193609e+04 
5.838384e-02 1.145297e+04 1.132010e+04 
6.140404e-02 1.106097e+04 1.074536e+04 
6.442424e-02 1.066954e+04 1.020858e+04 
6.744444e-02 1.026533e+04 9.706795e+03 
7.046465e-02 9.840839e+03 9.237298e+03 
7.348485e-02 9.394135e+03 8.797630e+03 
7.650505e-02 8.930170e+03 8.385543e+03 
7.952525e-02 8.458576e+03 7.998978e+03 
8.254545e-02 7.991386e+03 7.636048e+03 
8.556566e-02 7.540512e+03 7.295020e+03 
8.858586e-02 7.116307e+03 6.974305e+03 
9.160606e-02 6.727165e+03 6.672442e+03 
9.462626e-02 6.379055e+03 6.388089e+03 
9.764646e-02 6.075049e+03 6.120012e+03 
1.006667e-01 5.816032e+03 5.867076e+03 
1.036869e-01 5.598862e+03 5.628236e+03 
1.067071e-01 5.418227e+03 5.402528e+03 
1.097273e-01 5.266227e+03 5.189067e+03 
1.127475e-01 5.134504e+03 4.987035e+03 
1.157677e-01 5.014630e+03 4.795677e+03 
1.187879e-01 4.899401e+03 4.614295e+03 
1.218081e-01 4.782756e+03 4.442246e+03 
1.248283e-01 4.660343e+03 4.278936e+03 
1.278485e-01 4.529112e+03 4.123811e+03 
1.308687e-01 4.388308e+03 3.976363e+03 
1.338889e-01 4.238634e+03 3.836117e+03 
1.369091e-01 4.082828e+03 3.702636e+03 
1.399293e-01 3.924228e+03 3.575513e+03 
1.429495e-01 3.766585e+03 3.454367e+03 
1.459697e-01 3.613351e+03 3.338849e+03 
1.489899e-01 3.467636e+03 3.228631e+03 
1.520101e-01 3.331901e+03 3.123407e+03 
1.550303e-01 3.208154e+03 3.022895e+03 
1.580505e-01 3.097734e+03 2.926829e+03 
1.610707e-01 3.001245e+03 2.834962e+03 
1.640909e-01 2.917907e+03 2.747063e+03 
1.671111e-01 2.846111e+03 2.662917e+03 
1.701313e-01 2.783347e+03 2.582322e+03 
1.731515e-01 2.726984e+03 2.505089e+03 
1.761717e-01 2.674408e+03 2.431042e+03 
1.791919e-01 2.623525e+03 2.360014e+03 
1.822121e-01 2.572602e+03 2.291851e+03 
1.852323e-01 2.520363e+03 2.226406e+03 
1.882525e-01 2.465800e+03 2.163543e+03 
1.912727e-01 2.408294e+03 2.103132e+03 
1.942929e-01 2.347683e+03 2.045054e+03 
1.973131e-01 2.284442e+03 1.989193e+03 
2.003333e-01 2.219524e+03 1.935444e+03 
2.033535e-01 2.154269e+03 1.883704e+03 
2.063737e-01 2.090015e+03 1.833879e+03 
2.093939e-01 2.028017e+03 1.785879e+03 
2.124141e-01 1.969149e+03 1.739619e+03 
2.154343e-01 1.914061e+03 1.695019e+03 
2.184545e-01 1.863101e+03 1.652004e+03 
2.214747e-01 1.816428e+03 1.610502e+03 
2.244949e-01 1.773979e+03 1.570446e+03 
2.275152e-01 1.735480e+03 1.531772e+03 
2.305354e-01 1.700457e+03 1.494419e+03 
2.335556e-01 1.668277e+03 1.458330e+03 
2.365758e-01 1.638211e+03 1.423451e+03 
2.395960e-01 1.609511e+03 1.389729e+03 
2.426162e-01 1.581466e+03 1.357117e+03 
2.456364e-01 1.553505e+03 1.325568e+03 
2.486566e-01 1.525178e+03 1.295038e+03 
2.516768e-01 1.496212e+03 1.265484e+03 
2.546970e-01 1.466504e+03 1.236868e+03 
2.577172e-01 1.436122e+03 1.209151e+03 
2.607374e-01 1.405273e+03 1.182298e+03 
2.637576e-01 1.374259e+03 1.156273e+03 
2.667778e-01 1.343438e+03 1.131045e+03 
2.697980e-01 1.313177e+03 1.106583e+03 
2.728182e-01 1.283784e+03 1.082857e+03 
2.758384e-01 1.255529e+03 1.059838e+03 
2.788586e-01 1.228617e+03 1.037500e+03 
2.818788e-01 1.203174e+03 1.015817e+03 
2.848990e-01 1.179232e+03 9.947654e+02 
2.879192e-01 1.156758e+03 9.743206e+02 
2.909394e-01 1.135664e+03 9.544608e+02 
2.939596e-01 1.115782e+03 9.351646e+02 
2.969798e-01 1.096909e+03 9.164116e+02 
3.000000e-01 1.078830e+03 8.981823e+02 
