1.000000e-03 4.610155e+03 4.610114e+03 
4.020202e-03 1.544484e+04 1.556537e+04 
7.040404e-03 2.256759e+04 2.273123e+04 
1.006061e-02 2.691578e+04 2.710635e+04 
1.308081e-02 2.918319e+04 2.941155e+04 
1.610101e-02 2.988204e+04 3.008252e+04 
1.912121e-02 2.942128e+04 2.946519e+04 
2.214141e-02 2.814713e+04 2.796141e+04 
2.516162e-02 2.635485e+04 2.600938e+04 
2.818182e-02 2.429258e+04 2.396517e+04 
3.120202e-02 2.215884e+04 2.203589e+04 
3.422222e-02 2.010159e+04 2.030200e+04 
3.724242e-02 1.822059e+04 1.877200e+04 
4.026263e-02 1.657619e+04 1.742504e+04 
4.328283e-02 1.518400e+04 1.623332e+04 
4.630303e-02 1.404240e+04 1.517102e+04 
4.932323e-02 1.315135e+04 1.421678e+04 
5.234343e-02 1.246729e+04 1.335364e+04 
5.536364e-02 1.194335e+04 1.256826e+04 
5.838384e-02 1.154200e+04 1.185010e+04 
6.140404e-02 1.122115e+04 1.119071e+04 
6.442424e-02 1.094110e+04 1.058321e+04 
6.744444e-02 1.066742e+04 1.002187e+04 
7.046465e-02 1.037272e+04 9.501917e+03 
7.348485e-02 1.003782e+04 9.019245e+03 
7.650505e-02 9.652404e+03 8.570323e+03 
7.952525e-02 9.215430e+03 8.152071e+03 
8.254545e-02 8.735138e+03 7.761781e+03 
8.556566e-02 8.225278e+03 7.397054e+03 
8.858586e-02 7.702809e+03 7.055755e+03 
9.160606e-02 7.185988e+03 6.735975e+03 
9.462626e-02 6.691919e+03 6.435996e+03 
9.764646e-02 6.235919e+03 6.154273e+03 
1.006667e-01 5.829532e+03 5.889404e+03 
1.036869e-01 5.480336e+03 5.640122e+03 
1.067071e-01 5.191039e+03 5.405275e+03 
1.097273e-01 4.959918e+03 5.183811e+03 
1.127475e-01 4.781879e+03 4.974773e+03 
1.157677e-01 4.649076e+03 4.777286e+03 
1.187879e-01 4.552363e+03 4.590547e+03 
1.218081e-01 4.481704e+03 4.413823e+03 
1.248283e-01 4.426912e+03 4.246438e+03 
1.278485e-01 4.377881e+03 4.087772e+03 
1.308687e-01 4.325444e+03 3.937253e+03 
1.338889e-01 4.261564e+03 3.794357e+03 
1.369091e-01 4.180951e+03 3.658596e+03 
1.399293e-01 4.080405e+03 3.529523e+03 
1.429495e-01 3.959837e+03 3.406722e+03 
1.459697e-01 3.821016e+03 3.289810e+03 
1.489899e-01 3.667615e+03 3.178429e+03 
1.520101e-01 3.504390e+03 3.072251e+03 
1.550303e-01 3.336848e+03 2.970969e+03 
1.580505e-01 3.170917e+03 2.874297e+03 
1.610707e-01 3.012384e+03 2.781970e+03 
1.640909e-01 2.866199e+03 2.693742e+03 
1.671111e-01 2.736107e+03 2.609383e+03 
1.701313e-01 2.624260e+03 2.528678e+03 
1.731515e-01 2.531144e+03 2.451427e+03 
1.761717e-01 2.455960e+03 2.377442e+03 
1.791919e-01 2.396918e+03 2.306550e+03 
1.822121e-01 2.351696e+03 2.238586e+03 
1.852323e-01 2.317497e+03 2.173396e+03 
1.882525e-01 2.291269e+03 2.110838e+03 
1.912727e-01 2.269730e+03 2.050777e+03 
1.942929e-01 2.249551e+03 1.993086e+03 
1.973131e-01 2.227483e+03 1.937647e+03 
2.003333e-01 2.200899e+03 1.884348e+03 
2.033535e-01 2.167778e+03 1.833084e+03 
2.063737e-01 2.127209e+03 1.783757e+03 
2.093939e-01 2.079082e+03 1.736273e+03 
2.124141e-01 2.024184e+03 1.690545e+03 
2.154343e-01 1.963837e+03 1.646491e+03 
2.184545e-01 1.899737e+03 1.604032e+03 
2.214747e-01 1.833799e+03 1.563096e+03 
2.244949e-01 1.767990e+03 1.523612e+03 
2.275152e-01 1.704201e+03 1.485515e+03 
2.305354e-01 1.644112e+03 1.448744e+03 
2.335556e-01 1.589086e+03 1.413239e+03 
2.365758e-01 1.540036e+03 1.378945e+03 
2.395960e-01 1.497466e+03 1.345809e+03 
2.426162e-01 1.461376e+03 1.313782e+03 
2.456364e-01 1.431435e+03 1.282816e+03 
2.486566e-01 1.406917e+03 1.252866e+03 
2.516768e-01 1.386872e+03 1.223890e+03 
2.546970e-01 1.370128e+03 1.195848e+03 
2.577172e-01 1.355453e+03 1.168701e+03 
2.607374e-01 1.341605e+03 1.142413e+03 
2.637576e-01 1.327476e+03 1.116949e+03 
2.667778e-01 1.312102e+03 1.092276e+03 
2.697980e-01 1.294797e+03 1.068363e+03 
2.728182e-01 1.275110e+03 1.045180e+03 
2.758384e-01 1.252878e+03 1.022698e+03 
2.788586e-01 1.228192e+03 1.000891e+03 
2.818788e-01 1.201351e+03 9.797323e+02 
2.848990e-01 1.172865e+03 9.591975e+02 
2.879192e-01 1.143354e+03 9.392632e+02 
2.909394e-01 1.113534e+03 9.199069e+02 
2.939596e-01 1.084110e+03 9.011072e+02 
2.969798e-01 1.055745e+03 8.828436e+02 
3.000000e-01 1.028982e+03 8.650967e+02 
