1.000000e-03 9.768932e+03 9.768842e+03 
4.020202e-03 3.190825e+04 3.216340e+04 
7.040404e-03 4.604302e+04 4.643606e+04 
1.006061e-02 5.432519e+04 5.492217e+04 
1.308081e-02 5.821292e+04 5.914459e+04 
1.610101e-02 5.876006e+04 5.992092e+04 
1.912121e-02 5.681634e+04 5.779336e+04 
2.214141e-02 5.311647e+04 5.343735e+04 
2.516162e-02 4.830908e+04 4.779262e+04 
2.818182e-02 4.295188e+04 4.184198e+04 
3.120202e-02 3.750234e+04 3.630381e+04 
3.422222e-02 3.230740e+04 3.152142e+04 
3.724242e-02 2.760395e+04 2.755164e+04 
4.026263e-02 2.352932e+04 2.430621e+04 
4.328283e-02 2.012199e+04 2.165299e+04 
4.630303e-02 1.737758e+04 1.946556e+04 
4.932323e-02 1.525987e+04 1.763978e+04 
5.234343e-02 1.368772e+04 1.609523e+04 
5.536364e-02 1.257201e+04 1.477147e+04 
5.838384e-02 1.182542e+04 1.362338e+04 
6.140404e-02 1.136498e+04 1.261716e+04 
6.442424e-02 1.111282e+04 1.172724e+04 
6.744444e-02 1.100056e+04 1.093400e+04 
7.046465e-02 1.096555e+04 1.022221e+04 
7.348485e-02 1.094762e+04 9.579818e+03 
7.650505e-02 1.089255e+04 8.997180e+03 
7.952525e-02 1.075578e+04 8.466453e+03 
8.254545e-02 1.050640e+04 7.981184e+03 
8.556566e-02 1.013136e+04 7.535996e+03 
8.858586e-02 9.634580e+03 7.126364e+03 
9.160606e-02 9.034355e+03 6.748442e+03 
9.462626e-02 8.359014e+03 6.398931e+03 
9.764646e-02 7.642675e+03 6.074983e+03 
1.006667e-01 6.921236e+03 5.774122e+03 
1.036869e-01 6.227349e+03 5.494179e+03 
1.067071e-01 5.588388e+03 5.233248e+03 
1.097273e-01 5.024217e+03 4.989644e+03 
1.127475e-01 4.546625e+03 4.761870e+03 
1.157677e-01 4.160866e+03 4.548593e+03 
1.187879e-01 3.865391e+03 4.348620e+03 
1.218081e-01 3.654994e+03 4.160882e+03 
1.248283e-01 3.521039e+03 3.984413e+03 
1.278485e-01 3.453062e+03 3.818346e+03 
1.308687e-01 3.439102e+03 3.661894e+03 
1.338889e-01 3.466059e+03 3.514344e+03 
1.369091e-01 3.520197e+03 3.375046e+03 
1.399293e-01 3.587386e+03 3.243412e+03 
1.429495e-01 3.653742e+03 3.118902e+03 
1.459697e-01 3.705969e+03 3.001024e+03 
1.489899e-01 3.732464e+03 2.889327e+03 
1.520101e-01 3.723523e+03 2.783398e+03 
1.550303e-01 3.673316e+03 2.682856e+03 
1.580505e-01 3.579588e+03 2.587354e+03 
1.610707e-01 3.444894e+03 2.496567e+03 
1.640909e-01 3.275768e+03 2.410201e+03 
1.671111e-01 3.081837e+03 2.327981e+03 
1.701313e-01 2.874108e+03 2.249653e+03 
1.731515e-01 2.663523e+03 2.174982e+03 
1.761717e-01 2.459599e+03 2.103751e+03 
1.791919e-01 2.270117e+03 2.035759e+03 
1.822121e-01 2.100936e+03 1.970817e+03 
1.852323e-01 1.956027e+03 1.908751e+03 
1.882525e-01 1.837916e+03 1.849400e+03 
1.912727e-01 1.747266e+03 1.792611e+03 
1.942929e-01 1.683497e+03 1.738245e+03 
1.973131e-01 1.644667e+03 1.686168e+03 
2.003333e-01 1.627772e+03 1.636259e+03 
2.033535e-01 1.629011e+03 1.588403e+03 
2.063737e-01 1.643988e+03 1.542491e+03 
2.093939e-01 1.668047e+03 1.498424e+03 
2.124141e-01 1.696379e+03 1.456106e+03 
2.154343e-01 1.724239e+03 1.415450e+03 
2.184545e-01 1.747028e+03 1.376371e+03 
2.214747e-01 1.760669e+03 1.338793e+03 
2.244949e-01 1.761719e+03 1.302641e+03 
2.275152e-01 1.748005e+03 1.267847e+03 
2.305354e-01 1.718605e+03 1.234345e+03 
2.335556e-01 1.674068e+03 1.202075e+03 
2.365758e-01 1.616266e+03 1.170978e+03 
2.395960e-01 1.547977e+03 1.141000e+03 
2.426162e-01 1.472641e+03 1.112090e+03 
2.456364e-01 1.393848e+03 1.084200e+03 
2.486566e-01 1.315120e+03 1.057282e+03 
2.516768e-01 1.239613e+03 1.031295e+03 
2.546970e-01 1.170068e+03 1.006196e+03 
2.577172e-01 1.108540e+03 9.819481e+02 
2.607374e-01 1.056513e+03 9.585132e+02 
2.637576e-01 1.014643e+03 9.358569e+02 
2.667778e-01 9.830074e+02 9.139462e+02 
2.697980e-01 9.611193e+02 8.927496e+02 
2.728182e-01 9.480652e+02 8.722375e+02 
2.758384e-01 9.426457e+02 8.523817e+02 
2.788586e-01 9.433948e+02 8.331553e+02 
2.818788e-01 9.486920e+02 8.145328e+02 
2.848990e-01 9.567644e+02 7.964900e+02 
2.879192e-01 9.657671e+02 7.790038e+02 
2.909394e-01 9.738361e+02 7.620524e+02 
2.939596e-01 9.792395e+02 7.456147e+02 
2.969798e-01 9.804760e+02 7.296710e+02 
3.000000e-01 9.764800e+02 7.142022e+02 
