1.000000e-03 2.879473e+03 2.879441e+03 
4.020202e-03 9.677630e+03 9.751261e+03 
7.040404e-03 1.424008e+04 1.432671e+04 
1.006061e-02 1.713776e+04 1.719816e+04 
1.308081e-02 1.879741e+04 1.881609e+04 
1.610101e-02 1.953237e+04 1.947958e+04 
1.912121e-02 1.958755e+04 1.943405e+04 
2.214141e-02 1.916175e+04 1.892461e+04 
2.516162e-02 1.842122e+04 1.817050e+04 
2.818182e-02 1.750019e+04 1.732437e+04 
3.120202e-02 1.650528e+04 1.646946e+04 
3.422222e-02 1.551493e+04 1.564256e+04 
3.724242e-02 1.458410e+04 1.485671e+04 
4.026263e-02 1.374214e+04 1.411476e+04 
4.328283e-02 1.299647e+04 1.341580e+04 
4.630303e-02 1.236291e+04 1.275773e+04 
4.932323e-02 1.183250e+04 1.213822e+04 
5.234343e-02 1.137888e+04 1.155500e+04 
5.536364e-02 1.097861e+04 1.100589e+04 
5.838384e-02 1.061416e+04 1.048884e+04 
6.140404e-02 1.027068e+04 1.000193e+04 
6.442424e-02 9.932825e+03 9.543295e+03 
6.744444e-02 9.587216e+03 9.111202e+03 
7.046465e-02 9.224939e+03 8.703988e+03 
7.348485e-02 8.843646e+03 8.320084e+03 
7.650505e-02 8.446962e+03 7.958007e+03 
7.952525e-02 8.042687e+03 7.616362e+03 
8.254545e-02 7.641314e+03 7.293837e+03 
8.556566e-02 7.252748e+03 6.989203e+03 
8.858586e-02 6.885064e+03 6.701309e+03 
9.160606e-02 6.544140e+03 6.429079e+03 
9.462626e-02 6.234200e+03 6.171509e+03 
9.764646e-02 5.957946e+03 5.927665e+03 
1.006667e-01 5.716788e+03 5.696673e+03 
1.036869e-01 5.509849e+03 5.477723e+03 
1.067071e-01 5.334397e+03 5.270059e+03 
1.097273e-01 5.184907e+03 5.072977e+03 
1.127475e-01 5.054574e+03 4.885823e+03 
1.157677e-01 4.936059e+03 4.707988e+03 
1.187879e-01 4.822531e+03 4.538905e+03 
1.218081e-01 4.708806e+03 4.378047e+03 
1.248283e-01 4.591092e+03 4.224922e+03 
1.278485e-01 4.467432e+03 4.079073e+03 
1.308687e-01 4.337099e+03 3.940073e+03 
1.338889e-01 4.200522e+03 3.807525e+03 
1.369091e-01 4.059135e+03 3.681057e+03 
1.399293e-01 3.915087e+03 3.560324e+03 
1.429495e-01 3.771133e+03 3.445003e+03 
1.459697e-01 3.630211e+03 3.334792e+03 
1.489899e-01 3.494941e+03 3.229409e+03 
1.520101e-01 3.367675e+03 3.128589e+03 
1.550303e-01 3.250257e+03 3.032086e+03 
1.580505e-01 3.143959e+03 2.939670e+03 
1.610707e-01 3.049239e+03 2.851123e+03 
1.640909e-01 2.965750e+03 2.766242e+03 
1.671111e-01 2.892346e+03 2.684837e+03 
1.701313e-01 2.827284e+03 2.606729e+03 
1.731515e-01 2.768454e+03 2.531751e+03 
1.761717e-01 2.713814e+03 2.459745e+03 
1.791919e-01 2.661447e+03 2.390563e+03 
1.822121e-01 2.609862e+03 2.324065e+03 
1.852323e-01 2.557798e+03 2.260120e+03 
1.882525e-01 2.504313e+03 2.198605e+03 
1.912727e-01 2.448753e+03 2.139403e+03 
1.942929e-01 2.390866e+03 2.082404e+03 
1.973131e-01 2.330854e+03 2.027505e+03 
2.003333e-01 2.269383e+03 1.974608e+03 
2.033535e-01 2.207434e+03 1.923621e+03 
2.063737e-01 2.146171e+03 1.874456e+03 
2.093939e-01 2.086594e+03 1.827032e+03 
2.124141e-01 2.029559e+03 1.781269e+03 
2.154343e-01 1.975598e+03 1.737096e+03 
2.184545e-01 1.925088e+03 1.694440e+03 
2.214747e-01 1.878219e+03 1.653238e+03 
2.244949e-01 1.835048e+03 1.613425e+03 
2.275152e-01 1.795451e+03 1.574942e+03 
2.305354e-01 1.759122e+03 1.537733e+03 
2.335556e-01 1.725564e+03 1.501745e+03 
2.365758e-01 1.694157e+03 1.466926e+03 
2.395960e-01 1.664214e+03 1.433229e+03 
2.426162e-01 1.635145e+03 1.400607e+03 
2.456364e-01 1.606436e+03 1.369016e+03 
2.486566e-01 1.577741e+03 1.338417e+03 
2.516768e-01 1.548798e+03 1.308768e+03 
2.546970e-01 1.519468e+03 1.280032e+03 
2.577172e-01 1.489697e+03 1.252174e+03 
2.607374e-01 1.459543e+03 1.225159e+03 
2.637576e-01 1.429171e+03 1.198955e+03 
2.667778e-01 1.398857e+03 1.173532e+03 
2.697980e-01 1.368924e+03 1.148858e+03 
2.728182e-01 1.339715e+03 1.124907e+03 
2.758384e-01 1.311494e+03 1.101651e+03 
2.788586e-01 1.284463e+03 1.079065e+03 
2.818788e-01 1.258718e+03 1.057124e+03 
2.848990e-01 1.234296e+03 1.035804e+03 
2.879192e-01 1.211165e+03 1.015083e+03 
2.909394e-01 1.189263e+03 9.949400e+02 
2.939596e-01 1.168498e+03 9.753540e+02 
2.969798e-01 1.148747e+03 9.563054e+02 
3.000000e-01 1.129857e+03 9.377754e+02 
