1.000000e-03 4.067129e+03 4.067088e+03 
4.020202e-03 1.372594e+04 1.383200e+04 
7.040404e-03 2.017535e+04 2.031785e+04 
1.006061e-02 2.419562e+04 2.435284e+04 
1.308081e-02 2.637810e+04 2.655524e+04 
1.610101e-02 2.716433e+04 2.730665e+04 
1.912121e-02 2.691011e+04 2.691172e+04 
2.214141e-02 2.591570e+04 2.572019e+04 
2.516162e-02 2.443995e+04 2.411045e+04 
2.818182e-02 2.270037e+04 2.239032e+04 
3.120202e-02 2.087280e+04 2.074170e+04 
3.422222e-02 1.908980e+04 1.923933e+04 
3.724242e-02 1.744257e+04 1.789627e+04 
4.026263e-02 1.598822e+04 1.669956e+04 
4.328283e-02 1.474546e+04 1.562914e+04 
4.630303e-02 1.371404e+04 1.466560e+04 
4.932323e-02 1.289743e+04 1.379257e+04 
5.234343e-02 1.226213e+04 1.299687e+04 
5.536364e-02 1.176503e+04 1.226799e+04 
5.838384e-02 1.137222e+04 1.159754e+04 
6.140404e-02 1.105092e+04 1.097871e+04 
6.442424e-02 1.076689e+04 1.040588e+04 
6.744444e-02 1.048772e+04 9.874347e+03 
7.046465e-02 1.018926e+04 9.380100e+03 
7.348485e-02 9.854892e+03 8.919684e+03 
7.650505e-02 9.476098e+03 8.490084e+03 
7.952525e-02 9.053247e+03 8.088648e+03 
8.254545e-02 8.594519e+03 7.713019e+03 
8.556566e-02 8.112543e+03 7.361095e+03 
8.858586e-02 7.622315e+03 7.030991e+03 
9.160606e-02 7.139388e+03 6.721005e+03 
9.462626e-02 6.678315e+03 6.429603e+03 
9.764646e-02 6.252355e+03 6.155388e+03 
1.006667e-01 5.871527e+03 5.897095e+03 
1.036869e-01 5.542892e+03 5.653567e+03 
1.067071e-01 5.268838e+03 5.423752e+03 
1.097273e-01 5.048095e+03 5.206684e+03 
1.127475e-01 4.875692e+03 5.001480e+03 
1.157677e-01 4.744128e+03 4.807329e+03 
1.187879e-01 4.644425e+03 4.623488e+03 
1.218081e-01 4.567253e+03 4.449271e+03 
1.248283e-01 4.503328e+03 4.284047e+03 
1.278485e-01 4.443776e+03 4.127235e+03 
1.308687e-01 4.380646e+03 3.978299e+03 
1.338889e-01 4.307200e+03 3.836742e+03 
1.369091e-01 4.218812e+03 3.702105e+03 
1.399293e-01 4.112704e+03 3.573963e+03 
1.429495e-01 3.989063e+03 3.451923e+03 
1.459697e-01 3.849719e+03 3.335619e+03 
1.489899e-01 3.698280e+03 3.224713e+03 
1.520101e-01 3.539255e+03 3.118888e+03 
1.550303e-01 3.377896e+03 3.017851e+03 
1.580505e-01 3.219382e+03 2.921330e+03 
1.610707e-01 3.068653e+03 2.829070e+03 
1.640909e-01 2.929807e+03 2.740834e+03 
1.671111e-01 2.806057e+03 2.656399e+03 
1.701313e-01 2.699132e+03 2.575560e+03 
1.731515e-01 2.609504e+03 2.498122e+03 
1.761717e-01 2.536344e+03 2.423905e+03 
1.791919e-01 2.477911e+03 2.352740e+03 
1.822121e-01 2.431871e+03 2.284467e+03 
1.852323e-01 2.395490e+03 2.218938e+03 
1.882525e-01 2.365850e+03 2.156013e+03 
1.912727e-01 2.339893e+03 2.095561e+03 
1.942929e-01 2.314644e+03 2.037459e+03 
1.973131e-01 2.287308e+03 1.981591e+03 
2.003333e-01 2.255702e+03 1.927848e+03 
2.033535e-01 2.218205e+03 1.876128e+03 
2.063737e-01 2.174158e+03 1.826334e+03 
2.093939e-01 2.123545e+03 1.778375e+03 
2.124141e-01 2.067196e+03 1.732165e+03 
2.154343e-01 2.006362e+03 1.687623e+03 
2.184545e-01 1.942664e+03 1.644672e+03 
2.214747e-01 1.877877e+03 1.603241e+03 
2.244949e-01 1.813823e+03 1.563261e+03 
2.275152e-01 1.752168e+03 1.524667e+03 
2.305354e-01 1.694378e+03 1.487398e+03 
2.335556e-01 1.641554e+03 1.451397e+03 
2.365758e-01 1.594408e+03 1.416608e+03 
2.395960e-01 1.553214e+03 1.382980e+03 
2.426162e-01 1.517880e+03 1.350463e+03 
2.456364e-01 1.488034e+03 1.319010e+03 
2.486566e-01 1.462989e+03 1.288577e+03 
2.516768e-01 1.441876e+03 1.259122e+03 
2.546970e-01 1.423616e+03 1.230606e+03 
2.577172e-01 1.407069e+03 1.202988e+03 
2.607374e-01 1.391071e+03 1.176235e+03 
2.637576e-01 1.374612e+03 1.150311e+03 
2.667778e-01 1.356839e+03 1.125183e+03 
2.697980e-01 1.337221e+03 1.100820e+03 
2.728182e-01 1.315449e+03 1.077193e+03 
2.758384e-01 1.291521e+03 1.054273e+03 
2.788586e-01 1.265599e+03 1.032033e+03 
2.818788e-01 1.238001e+03 1.010447e+03 
2.848990e-01 1.209180e+03 9.894918e+02 
2.879192e-01 1.179680e+03 9.691424e+02 
2.909394e-01 1.150128e+03 9.493769e+02 
2.939596e-01 1.121161e+03 9.301740e+02 
2.969798e-01 1.093373e+03 9.115131e+02 
3.000000e-01 1.067249e+03 8.933748e+02 
