1.000000e-03 4.384890e+03 4.384848e+03 
4.020202e-03 1.464122e+04 1.475533e+04 
7.040404e-03 2.140983e+04 2.156354e+04 
1.006061e-02 2.558012e+04 2.575245e+04 
1.308081e-02 2.780154e+04 2.800028e+04 
1.610101e-02 2.855201e+04 2.871969e+04 
1.912121e-02 2.821087e+04 2.823422e+04 
2.214141e-02 2.709827e+04 2.691198e+04 
2.516162e-02 2.548680e+04 2.515293e+04 
2.818182e-02 2.360651e+04 2.328502e+04 
3.120202e-02 2.164152e+04 2.150309e+04 
3.422222e-02 1.973112e+04 1.988684e+04 
3.724242e-02 1.797015e+04 1.844908e+04 
4.026263e-02 1.641795e+04 1.717432e+04 
4.328283e-02 1.509430e+04 1.603947e+04 
4.630303e-02 1.399677e+04 1.502238e+04 
4.932323e-02 1.312839e+04 1.410446e+04 
5.234343e-02 1.245549e+04 1.327077e+04 
5.536364e-02 1.193214e+04 1.250947e+04 
5.838384e-02 1.152338e+04 1.181114e+04 
6.140404e-02 1.119290e+04 1.116815e+04 
6.442424e-02 1.090433e+04 1.057427e+04 
6.744444e-02 1.062432e+04 1.002430e+04 
7.046465e-02 1.032734e+04 9.513823e+03 
7.348485e-02 9.995201e+03 9.039069e+03 
7.650505e-02 9.617646e+03 8.596756e+03 
7.952525e-02 9.193551e+03 8.184012e+03 
8.254545e-02 8.730058e+03 7.798297e+03 
8.556566e-02 8.239446e+03 7.437355e+03 
8.858586e-02 7.736998e+03 7.099169e+03 
9.160606e-02 7.239197e+03 6.781928e+03 
9.462626e-02 6.761541e+03 6.483997e+03 
9.764646e-02 6.318098e+03 6.203901e+03 
1.006667e-01 5.919728e+03 5.940299e+03 
1.036869e-01 5.574472e+03 5.691975e+03 
1.067071e-01 5.285219e+03 5.457819e+03 
1.097273e-01 5.051417e+03 5.236819e+03 
1.127475e-01 4.868263e+03 5.028049e+03 
1.157677e-01 4.728744e+03 4.830662e+03 
1.187879e-01 4.624084e+03 4.643879e+03 
1.218081e-01 4.544987e+03 4.466988e+03 
1.248283e-01 4.481953e+03 4.299331e+03 
1.278485e-01 4.425702e+03 4.140304e+03 
1.308687e-01 4.367579e+03 3.989349e+03 
1.338889e-01 4.300254e+03 3.845952e+03 
1.369091e-01 4.218288e+03 3.709637e+03 
1.399293e-01 4.118467e+03 3.579965e+03 
1.429495e-01 4.000232e+03 3.456528e+03 
1.459697e-01 3.864983e+03 3.338950e+03 
1.489899e-01 3.716050e+03 3.226879e+03 
1.520101e-01 3.557718e+03 3.119992e+03 
1.550303e-01 3.395110e+03 3.017986e+03 
1.580505e-01 3.233501e+03 2.920580e+03 
1.610707e-01 3.078133e+03 2.827512e+03 
1.640909e-01 2.933577e+03 2.738538e+03 
1.671111e-01 2.803650e+03 2.653431e+03 
1.701313e-01 2.690483e+03 2.571979e+03 
1.731515e-01 2.595053e+03 2.493983e+03 
1.761717e-01 2.516761e+03 2.419258e+03 
1.791919e-01 2.454192e+03 2.347631e+03 
1.822121e-01 2.405075e+03 2.278938e+03 
1.852323e-01 2.366801e+03 2.213027e+03 
1.882525e-01 2.336503e+03 2.149757e+03 
1.912727e-01 2.311175e+03 2.088992e+03 
1.942929e-01 2.287766e+03 2.030608e+03 
1.973131e-01 2.263323e+03 1.974485e+03 
2.003333e-01 2.235246e+03 1.920513e+03 
2.033535e-01 2.201643e+03 1.868588e+03 
2.063737e-01 2.161402e+03 1.818610e+03 
2.093939e-01 2.114249e+03 1.770488e+03 
2.124141e-01 2.060728e+03 1.724132e+03 
2.154343e-01 2.001938e+03 1.679463e+03 
2.184545e-01 1.939441e+03 1.636400e+03 
2.214747e-01 1.874984e+03 1.594871e+03 
2.244949e-01 1.810404e+03 1.554807e+03 
2.275152e-01 1.747456e+03 1.516141e+03 
2.305354e-01 1.687741e+03 1.478812e+03 
2.335556e-01 1.632521e+03 1.442760e+03 
2.365758e-01 1.582751e+03 1.407931e+03 
2.395960e-01 1.538917e+03 1.374272e+03 
2.426162e-01 1.501185e+03 1.341731e+03 
2.456364e-01 1.469277e+03 1.310263e+03 
2.486566e-01 1.442653e+03 1.279822e+03 
2.516768e-01 1.420487e+03 1.250365e+03 
2.546970e-01 1.401767e+03 1.221853e+03 
2.577172e-01 1.385340e+03 1.194245e+03 
2.607374e-01 1.370045e+03 1.167506e+03 
2.637576e-01 1.354766e+03 1.141601e+03 
2.667778e-01 1.338587e+03 1.116496e+03 
2.697980e-01 1.320789e+03 1.092161e+03 
2.728182e-01 1.300945e+03 1.068565e+03 
2.758384e-01 1.278859e+03 1.045679e+03 
2.788586e-01 1.254560e+03 1.023476e+03 
2.818788e-01 1.228282e+03 1.001930e+03 
2.848990e-01 1.200405e+03 9.810170e+02 
2.879192e-01 1.171468e+03 9.607122e+02 
2.909394e-01 1.142080e+03 9.409935e+02 
2.939596e-01 1.112903e+03 9.218391e+02 
2.969798e-01 1.084568e+03 9.032285e+02 
3.000000e-01 1.057640e+03 8.851420e+02 
