1.000000e-03 3.218960e+03 3.218927e+03 
4.020202e-03 1.056885e+04 1.065021e+04 
7.040404e-03 1.532884e+04 1.541893e+04 
1.006061e-02 1.824291e+04 1.829533e+04 
1.308081e-02 1.982762e+04 1.982345e+04 
1.610101e-02 2.044812e+04 2.035864e+04 
1.912121e-02 2.037864e+04 2.018698e+04 
2.214141e-02 1.983683e+04 1.957710e+04 
2.516162e-02 1.899750e+04 1.875069e+04 
2.818182e-02 1.799932e+04 1.785095e+04 
3.120202e-02 1.694812e+04 1.695148e+04 
3.422222e-02 1.591934e+04 1.608364e+04 
3.724242e-02 1.496322e+04 1.525847e+04 
4.026263e-02 1.410545e+04 1.447856e+04 
4.328283e-02 1.334600e+04 1.374332e+04 
4.630303e-02 1.269773e+04 1.305103e+04 
4.932323e-02 1.215105e+04 1.239964e+04 
5.234343e-02 1.167150e+04 1.178699e+04 
5.536364e-02 1.123850e+04 1.121092e+04 
5.838384e-02 1.083593e+04 1.066932e+04 
6.140404e-02 1.044851e+04 1.016012e+04 
6.442424e-02 1.006167e+04 9.681331e+03 
6.744444e-02 9.665671e+03 9.231044e+03 
7.046465e-02 9.256569e+03 8.807434e+03 
7.348485e-02 8.836098e+03 8.408771e+03 
7.650505e-02 8.410302e+03 8.033420e+03 
7.952525e-02 7.988107e+03 7.679844e+03 
8.254545e-02 7.579344e+03 7.346599e+03 
8.556566e-02 7.192130e+03 7.032336e+03 
8.858586e-02 6.832498e+03 6.735796e+03 
9.160606e-02 6.504419e+03 6.455805e+03 
9.462626e-02 6.210602e+03 6.191269e+03 
9.764646e-02 5.952246e+03 5.941175e+03 
1.006667e-01 5.728421e+03 5.704578e+03 
1.036869e-01 5.536158e+03 5.480601e+03 
1.067071e-01 5.369719e+03 5.268433e+03 
1.097273e-01 5.222358e+03 5.067317e+03 
1.127475e-01 5.086597e+03 4.876553e+03 
1.157677e-01 4.956232e+03 4.695490e+03 
1.187879e-01 4.826235e+03 4.523524e+03 
1.218081e-01 4.693491e+03 4.360094e+03 
1.248283e-01 4.556092e+03 4.204678e+03 
1.278485e-01 4.413640e+03 4.056791e+03 
1.308687e-01 4.266614e+03 3.915983e+03 
1.338889e-01 4.116802e+03 3.781834e+03 
1.369091e-01 3.966509e+03 3.653954e+03 
1.399293e-01 3.818567e+03 3.531978e+03 
1.429495e-01 3.675647e+03 3.415567e+03 
1.459697e-01 3.540063e+03 3.304405e+03 
1.489899e-01 3.413581e+03 3.198197e+03 
1.520101e-01 3.297413e+03 3.096666e+03 
1.550303e-01 3.192151e+03 2.999557e+03 
1.580505e-01 3.097881e+03 2.906626e+03 
1.610707e-01 3.013868e+03 2.817650e+03 
1.640909e-01 2.938880e+03 2.732417e+03 
1.671111e-01 2.871042e+03 2.650730e+03 
1.701313e-01 2.808306e+03 2.572402e+03 
1.731515e-01 2.748656e+03 2.497262e+03 
1.761717e-01 2.690353e+03 2.425145e+03 
1.791919e-01 2.632202e+03 2.355898e+03 
1.822121e-01 2.573332e+03 2.289378e+03 
1.852323e-01 2.513232e+03 2.225449e+03 
1.882525e-01 2.451715e+03 2.163984e+03 
1.912727e-01 2.388894e+03 2.104863e+03 
1.942929e-01 2.325252e+03 2.047973e+03 
1.973131e-01 2.261524e+03 1.993208e+03 
2.003333e-01 2.198651e+03 1.940468e+03 
2.033535e-01 2.137603e+03 1.889658e+03 
2.063737e-01 2.079111e+03 1.840688e+03 
2.093939e-01 2.023743e+03 1.793475e+03 
2.124141e-01 1.971775e+03 1.747938e+03 
2.154343e-01 1.923345e+03 1.704002e+03 
2.184545e-01 1.878422e+03 1.661596e+03 
2.214747e-01 1.836813e+03 1.620653e+03 
2.244949e-01 1.798153e+03 1.581108e+03 
2.275152e-01 1.761956e+03 1.542900e+03 
2.305354e-01 1.727651e+03 1.505974e+03 
2.335556e-01 1.694705e+03 1.470273e+03 
2.365758e-01 1.662622e+03 1.435746e+03 
2.395960e-01 1.631043e+03 1.402345e+03 
2.426162e-01 1.599680e+03 1.370022e+03 
2.456364e-01 1.568347e+03 1.338734e+03 
2.486566e-01 1.536917e+03 1.308438e+03 
2.516768e-01 1.505350e+03 1.279095e+03 
2.546970e-01 1.473709e+03 1.250666e+03 
2.577172e-01 1.442202e+03 1.223114e+03 
2.607374e-01 1.411097e+03 1.196407e+03 
2.637576e-01 1.380711e+03 1.170510e+03 
2.667778e-01 1.351290e+03 1.145393e+03 
2.697980e-01 1.323015e+03 1.121025e+03 
2.728182e-01 1.295952e+03 1.097378e+03 
2.758384e-01 1.270104e+03 1.074425e+03 
2.788586e-01 1.245442e+03 1.052140e+03 
2.818788e-01 1.221923e+03 1.030498e+03 
2.848990e-01 1.199491e+03 1.009476e+03 
2.879192e-01 1.178066e+03 9.890507e+02 
2.909394e-01 1.157521e+03 9.692007e+02 
2.939596e-01 1.137699e+03 9.499054e+02 
2.969798e-01 1.118411e+03 9.311451e+02 
3.000000e-01 1.099500e+03 9.129007e+02 
