1.000000e-03 2.655307e+03 2.655286e+03 
4.020202e-03 9.098552e+03 9.169521e+03 
7.040404e-03 1.345751e+04 1.354045e+04 
1.006061e-02 1.623764e+04 1.629047e+04 
1.308081e-02 1.784444e+04 1.784988e+04 
1.610101e-02 1.857882e+04 1.851235e+04 
1.912121e-02 1.867357e+04 1.851782e+04 
2.214141e-02 1.831761e+04 1.809671e+04 
2.516162e-02 1.766506e+04 1.744707e+04 
2.818182e-02 1.684147e+04 1.670361e+04 
3.120202e-02 1.594437e+04 1.593995e+04 
3.422222e-02 1.504571e+04 1.519018e+04 
3.724242e-02 1.419479e+04 1.446819e+04 
4.026263e-02 1.342164e+04 1.377894e+04 
4.328283e-02 1.272966e+04 1.312370e+04 
4.630303e-02 1.212822e+04 1.250221e+04 
4.932323e-02 1.162038e+04 1.191363e+04 
5.234343e-02 1.117750e+04 1.135680e+04 
5.536364e-02 1.077805e+04 1.083042e+04 
5.838384e-02 1.040783e+04 1.033310e+04 
6.140404e-02 1.005432e+04 9.863428e+03 
6.442424e-02 9.704714e+03 9.419954e+03 
6.744444e-02 9.348109e+03 9.001252e+03 
7.046465e-02 8.979422e+03 8.605923e+03 
7.348485e-02 8.598399e+03 8.232606e+03 
7.650505e-02 8.208884e+03 7.879993e+03 
7.952525e-02 7.818558e+03 7.546831e+03 
8.254545e-02 7.436044e+03 7.231929e+03 
8.556566e-02 7.069568e+03 6.934162e+03 
8.858586e-02 6.725460e+03 6.652465e+03 
9.160606e-02 6.408067e+03 6.385838e+03 
9.462626e-02 6.120223e+03 6.133343e+03 
9.764646e-02 5.863844e+03 5.894101e+03 
1.006667e-01 5.639093e+03 5.667289e+03 
1.036869e-01 5.444616e+03 5.452138e+03 
1.067071e-01 5.276590e+03 5.247932e+03 
1.097273e-01 5.129629e+03 5.054000e+03 
1.127475e-01 4.997281e+03 4.869717e+03 
1.157677e-01 4.872960e+03 4.694503e+03 
1.187879e-01 4.751584e+03 4.527812e+03 
1.218081e-01 4.629075e+03 4.369140e+03 
1.248283e-01 4.503266e+03 4.218012e+03 
1.278485e-01 4.372904e+03 4.073989e+03 
1.308687e-01 4.237978e+03 3.936660e+03 
1.338889e-01 4.099276e+03 3.805640e+03 
1.369091e-01 3.958623e+03 3.680570e+03 
1.399293e-01 3.818199e+03 3.561117e+03 
1.429495e-01 3.680478e+03 3.446967e+03 
1.459697e-01 3.547780e+03 3.337827e+03 
1.489899e-01 3.422218e+03 3.233424e+03 
1.520101e-01 3.305253e+03 3.133500e+03 
1.550303e-01 3.197866e+03 3.037817e+03 
1.580505e-01 3.100487e+03 2.946150e+03 
1.610707e-01 3.013139e+03 2.858287e+03 
1.640909e-01 2.935057e+03 2.774030e+03 
1.671111e-01 2.865062e+03 2.693194e+03 
1.701313e-01 2.801409e+03 2.615605e+03 
1.731515e-01 2.742253e+03 2.541099e+03 
1.761717e-01 2.685822e+03 2.469522e+03 
1.791919e-01 2.630582e+03 2.400729e+03 
1.822121e-01 2.575423e+03 2.334583e+03 
1.852323e-01 2.519558e+03 2.270957e+03 
1.882525e-01 2.462580e+03 2.209728e+03 
1.912727e-01 2.404318e+03 2.150784e+03 
1.942929e-01 2.344831e+03 2.094017e+03 
1.973131e-01 2.284554e+03 2.039325e+03 
2.003333e-01 2.224192e+03 1.986611e+03 
2.033535e-01 2.164566e+03 1.935787e+03 
2.063737e-01 2.106527e+03 1.886765e+03 
2.093939e-01 2.050758e+03 1.839466e+03 
2.124141e-01 1.997820e+03 1.793812e+03 
2.154343e-01 1.948017e+03 1.749731e+03 
2.184545e-01 1.901508e+03 1.707154e+03 
2.214747e-01 1.858227e+03 1.666016e+03 
2.244949e-01 1.818015e+03 1.626256e+03 
2.275152e-01 1.780599e+03 1.587814e+03 
2.305354e-01 1.745592e+03 1.550636e+03 
2.335556e-01 1.712465e+03 1.514669e+03 
2.365758e-01 1.680710e+03 1.479862e+03 
2.395960e-01 1.649863e+03 1.446168e+03 
2.426162e-01 1.619555e+03 1.413542e+03 
2.456364e-01 1.589499e+03 1.381940e+03 
2.486566e-01 1.559512e+03 1.351323e+03 
2.516768e-01 1.529483e+03 1.321650e+03 
2.546970e-01 1.499364e+03 1.292885e+03 
2.577172e-01 1.469167e+03 1.264992e+03 
2.607374e-01 1.439018e+03 1.237938e+03 
2.637576e-01 1.409114e+03 1.211690e+03 
2.667778e-01 1.379743e+03 1.186218e+03 
2.697980e-01 1.351178e+03 1.161494e+03 
2.728182e-01 1.323609e+03 1.137487e+03 
2.758384e-01 1.297159e+03 1.114173e+03 
2.788586e-01 1.271858e+03 1.091526e+03 
2.818788e-01 1.247692e+03 1.069521e+03 
2.848990e-01 1.224610e+03 1.048136e+03 
2.879192e-01 1.202552e+03 1.027347e+03 
2.909394e-01 1.181457e+03 1.007134e+03 
2.939596e-01 1.161236e+03 9.874759e+02 
2.969798e-01 1.141776e+03 9.683539e+02 
3.000000e-01 1.122928e+03 9.497492e+02 
