1.000000e-03 6.840041e+03 6.839975e+03 
4.020202e-03 2.254636e+04 2.272350e+04 
7.040404e-03 3.267556e+04 3.293279e+04 
1.006061e-02 3.869851e+04 3.905109e+04 
1.308081e-02 4.164404e+04 4.214471e+04 
1.610101e-02 4.226320e+04 4.281441e+04 
1.912121e-02 4.115831e+04 4.150430e+04 
2.214141e-02 3.884643e+04 3.876347e+04 
2.516162e-02 3.577631e+04 3.527009e+04 
2.818182e-02 3.232808e+04 3.164394e+04 
3.120202e-02 2.880989e+04 2.828138e+04 
3.422222e-02 2.545085e+04 2.534529e+04 
3.724242e-02 2.240673e+04 2.284893e+04 
4.026263e-02 1.976715e+04 2.073975e+04 
4.328283e-02 1.755321e+04 1.894930e+04 
4.630303e-02 1.576725e+04 1.741462e+04 
4.932323e-02 1.439280e+04 1.608438e+04 
5.234343e-02 1.336763e+04 1.491874e+04 
5.536364e-02 1.262945e+04 1.388730e+04 
5.838384e-02 1.211783e+04 1.296682e+04 
6.140404e-02 1.177158e+04 1.213945e+04 
6.442424e-02 1.153084e+04 1.139121e+04 
6.744444e-02 1.134264e+04 1.071107e+04 
7.046465e-02 1.116070e+04 1.009010e+04 
7.348485e-02 1.094491e+04 9.521035e+03 
7.650505e-02 1.066503e+04 8.997823e+03 
7.952525e-02 1.030321e+04 8.515396e+03 
8.254545e-02 9.854721e+03 8.069446e+03 
8.556566e-02 9.327496e+03 7.656276e+03 
8.858586e-02 8.739598e+03 7.272687e+03 
9.160606e-02 8.115258e+03 6.915892e+03 
9.462626e-02 7.481607e+03 6.583441e+03 
9.764646e-02 6.864732e+03 6.273177e+03 
1.006667e-01 6.288579e+03 5.983181e+03 
1.036869e-01 5.771097e+03 5.711749e+03 
1.067071e-01 5.324830e+03 5.457352e+03 
1.097273e-01 4.955140e+03 5.218621e+03 
1.127475e-01 4.662364e+03 4.994322e+03 
1.157677e-01 4.442719e+03 4.783342e+03 
1.187879e-01 4.288928e+03 4.584673e+03 
1.218081e-01 4.191639e+03 4.397400e+03 
1.248283e-01 4.139461e+03 4.220692e+03 
1.278485e-01 4.119941e+03 4.053792e+03 
1.308687e-01 4.119781e+03 3.896008e+03 
1.338889e-01 4.125888e+03 3.746707e+03 
1.369091e-01 4.125848e+03 3.605312e+03 
1.399293e-01 4.109497e+03 3.471291e+03 
1.429495e-01 4.068848e+03 3.344156e+03 
1.459697e-01 3.998958e+03 3.223459e+03 
1.489899e-01 3.897795e+03 3.108785e+03 
1.520101e-01 3.766033e+03 2.999754e+03 
1.550303e-01 3.607639e+03 2.896013e+03 
1.580505e-01 3.428731e+03 2.797237e+03 
1.610707e-01 3.237805e+03 2.703125e+03 
1.640909e-01 3.043777e+03 2.613396e+03 
1.671111e-01 2.855430e+03 2.527792e+03 
1.701313e-01 2.679927e+03 2.446073e+03 
1.731515e-01 2.522880e+03 2.368013e+03 
1.761717e-01 2.387337e+03 2.293407e+03 
1.791919e-01 2.274922e+03 2.222058e+03 
1.822121e-01 2.185805e+03 2.153787e+03 
1.852323e-01 2.119163e+03 2.088425e+03 
1.882525e-01 2.073297e+03 2.025815e+03 
1.912727e-01 2.045482e+03 1.965809e+03 
1.942929e-01 2.032275e+03 1.908270e+03 
1.973131e-01 2.029364e+03 1.853068e+03 
2.003333e-01 2.032139e+03 1.800083e+03 
2.033535e-01 2.035866e+03 1.749202e+03 
2.063737e-01 2.036381e+03 1.700319e+03 
2.093939e-01 2.030116e+03 1.653333e+03 
2.124141e-01 2.014596e+03 1.608151e+03 
2.154343e-01 1.988174e+03 1.564685e+03 
2.184545e-01 1.950241e+03 1.522852e+03 
2.214747e-01 1.901140e+03 1.482574e+03 
2.244949e-01 1.842077e+03 1.443777e+03 
2.275152e-01 1.775195e+03 1.406391e+03 
2.305354e-01 1.703135e+03 1.370352e+03 
2.335556e-01 1.628907e+03 1.335598e+03 
2.365758e-01 1.555456e+03 1.302070e+03 
2.395960e-01 1.485512e+03 1.269713e+03 
2.426162e-01 1.421188e+03 1.238475e+03 
2.456364e-01 1.364087e+03 1.208306e+03 
2.486566e-01 1.315161e+03 1.179160e+03 
2.516768e-01 1.274895e+03 1.150994e+03 
2.546970e-01 1.243209e+03 1.123763e+03 
2.577172e-01 1.219567e+03 1.097430e+03 
2.607374e-01 1.203041e+03 1.071956e+03 
2.637576e-01 1.192334e+03 1.047306e+03 
2.667778e-01 1.185946e+03 1.023445e+03 
2.697980e-01 1.182210e+03 1.000342e+03 
2.728182e-01 1.179469e+03 9.779651e+02 
2.758384e-01 1.176145e+03 9.562857e+02 
2.788586e-01 1.170911e+03 9.352759e+02 
2.818788e-01 1.162668e+03 9.149094e+02 
2.848990e-01 1.150648e+03 8.951610e+02 
2.879192e-01 1.134389e+03 8.760067e+02 
2.909394e-01 1.113843e+03 8.574237e+02 
2.939596e-01 1.089305e+03 8.393903e+02 
2.969798e-01 1.061376e+03 8.218856e+02 
3.000000e-01 1.030951e+03 8.048898e+02 
