1.000000e-03 8.094258e+03 8.094188e+03 
4.020202e-03 2.735146e+04 2.756748e+04 
7.040404e-03 4.023828e+04 4.057901e+04 
1.006061e-02 4.820441e+04 4.872237e+04 
1.308081e-02 5.234415e+04 5.316389e+04 
1.610101e-02 5.349156e+04 5.454743e+04 
1.912121e-02 5.234084e+04 5.328824e+04 
2.214141e-02 4.950929e+04 4.990642e+04 
2.516162e-02 4.555538e+04 4.517202e+04 
2.818182e-02 4.097281e+04 3.995279e+04 
3.120202e-02 3.617880e+04 3.494128e+04 
3.422222e-02 3.150050e+04 3.051609e+04 
3.724242e-02 2.717503e+04 2.678587e+04 
4.026263e-02 2.335115e+04 2.370532e+04 
4.328283e-02 2.009273e+04 2.117097e+04 
4.630303e-02 1.741350e+04 1.907363e+04 
4.932323e-02 1.529438e+04 1.731912e+04 
5.234343e-02 1.368265e+04 1.583282e+04 
5.536364e-02 1.250271e+04 1.455771e+04 
5.838384e-02 1.167835e+04 1.345086e+04 
6.140404e-02 1.114336e+04 1.247991e+04 
6.442424e-02 1.082681e+04 1.162031e+04 
6.744444e-02 1.066333e+04 1.085325e+04 
7.046465e-02 1.059405e+04 1.016408e+04 
7.348485e-02 1.056361e+04 9.541271e+03 
7.650505e-02 1.052194e+04 8.975576e+03 
7.952525e-02 1.042620e+04 8.459510e+03 
8.254545e-02 1.024359e+04 7.986917e+03 
8.556566e-02 9.955459e+03 7.552677e+03 
8.858586e-02 9.556387e+03 7.152487e+03 
9.160606e-02 9.054114e+03 6.782690e+03 
9.462626e-02 8.467863e+03 6.440156e+03 
9.764646e-02 7.824082e+03 6.122181e+03 
1.006667e-01 7.154026e+03 5.826412e+03 
1.036869e-01 6.489112e+03 5.550792e+03 
1.067071e-01 5.858270e+03 5.293510e+03 
1.097273e-01 5.283771e+03 5.052965e+03 
1.127475e-01 4.781280e+03 4.827732e+03 
1.157677e-01 4.359215e+03 4.616542e+03 
1.187879e-01 4.019903e+03 4.418260e+03 
1.218081e-01 3.761531e+03 4.231862e+03 
1.248283e-01 3.578604e+03 4.056430e+03 
1.278485e-01 3.463695e+03 3.891132e+03 
1.308687e-01 3.407498e+03 3.735214e+03 
1.338889e-01 3.399316e+03 3.587994e+03 
1.369091e-01 3.427258e+03 3.448847e+03 
1.399293e-01 3.478589e+03 3.317208e+03 
1.429495e-01 3.540266e+03 3.192556e+03 
1.459697e-01 3.599451e+03 3.074418e+03 
1.489899e-01 3.644297e+03 2.962359e+03 
1.520101e-01 3.664503e+03 2.855978e+03 
1.550303e-01 3.652220e+03 2.754909e+03 
1.580505e-01 3.601995e+03 2.658811e+03 
1.610707e-01 3.512470e+03 2.567375e+03 
1.640909e-01 3.385358e+03 2.480310e+03 
1.671111e-01 3.226454e+03 2.397350e+03 
1.701313e-01 3.043915e+03 2.318249e+03 
1.731515e-01 2.847792e+03 2.242777e+03 
1.761717e-01 2.647930e+03 2.170722e+03 
1.791919e-01 2.453512e+03 2.101887e+03 
1.822121e-01 2.271793e+03 2.036089e+03 
1.852323e-01 2.108471e+03 1.973156e+03 
1.882525e-01 1.967276e+03 1.912929e+03 
1.912727e-01 1.850477e+03 1.855260e+03 
1.942929e-01 1.759085e+03 1.800011e+03 
1.973131e-01 1.692711e+03 1.747051e+03 
2.003333e-01 1.650027e+03 1.696261e+03 
2.033535e-01 1.628575e+03 1.647526e+03 
2.063737e-01 1.625172e+03 1.600741e+03 
2.093939e-01 1.635927e+03 1.555806e+03 
2.124141e-01 1.656539e+03 1.512627e+03 
2.154343e-01 1.682480e+03 1.471117e+03 
2.184545e-01 1.709250e+03 1.431195e+03 
2.214747e-01 1.732534e+03 1.392781e+03 
2.244949e-01 1.748424e+03 1.355804e+03 
2.275152e-01 1.753676e+03 1.320195e+03 
2.305354e-01 1.745809e+03 1.285889e+03 
2.335556e-01 1.723608e+03 1.252826e+03 
2.365758e-01 1.686848e+03 1.220948e+03 
2.395960e-01 1.636721e+03 1.190200e+03 
2.426162e-01 1.575294e+03 1.160532e+03 
2.456364e-01 1.505545e+03 1.131895e+03 
2.486566e-01 1.430771e+03 1.104244e+03 
2.516768e-01 1.354402e+03 1.077534e+03 
2.546970e-01 1.279586e+03 1.051726e+03 
2.577172e-01 1.209130e+03 1.026779e+03 
2.607374e-01 1.145246e+03 1.002658e+03 
2.637576e-01 1.089569e+03 9.793276e+02 
2.667778e-01 1.043115e+03 9.567544e+02 
2.697980e-01 1.006282e+03 9.349071e+02 
2.728182e-01 9.790187e+02 9.137559e+02 
2.758384e-01 9.607584e+02 8.932725e+02 
2.788586e-01 9.506241e+02 8.734298e+02 
2.818788e-01 9.474044e+02 8.542022e+02 
2.848990e-01 9.496647e+02 8.355654e+02 
2.879192e-01 9.557888e+02 8.174962e+02 
2.909394e-01 9.640431e+02 7.999723e+02 
2.939596e-01 9.726654e+02 7.829728e+02 
2.969798e-01 9.799553e+02 7.664776e+02 
3.000000e-01 9.843772e+02 7.504675e+02 
