1.000000e-03 6.351754e+03 6.351697e+03 
4.020202e-03 2.138093e+04 2.154944e+04 
7.040404e-03 3.130415e+04 3.155534e+04 
1.006061e-02 3.734492e+04 3.769772e+04 
1.308081e-02 4.042045e+04 4.093472e+04 
1.610101e-02 4.121941e+04 4.181085e+04 
1.912121e-02 4.030491e+04 4.072189e+04 
2.214141e-02 3.816909e+04 3.816593e+04 
2.516162e-02 3.524454e+04 3.478787e+04 
2.818182e-02 3.190469e+04 3.120892e+04 
3.120202e-02 2.845620e+04 2.785043e+04 
3.422222e-02 2.513165e+04 2.490168e+04 
3.724242e-02 2.209279e+04 2.239246e+04 
4.026263e-02 1.943701e+04 2.027716e+04 
4.328283e-02 1.719442e+04 1.848855e+04 
4.630303e-02 1.537119e+04 1.696249e+04 
4.932323e-02 1.395529e+04 1.564582e+04 
5.234343e-02 1.289281e+04 1.449698e+04 
5.536364e-02 1.212350e+04 1.348421e+04 
5.838384e-02 1.158944e+04 1.258327e+04 
6.140404e-02 1.123479e+04 1.177560e+04 
6.442424e-02 1.100042e+04 1.104677e+04 
6.744444e-02 1.083318e+04 1.038542e+04 
7.046465e-02 1.068664e+04 9.782464e+03 
7.348485e-02 1.051940e+04 9.230517e+03 
7.650505e-02 1.029850e+04 8.723495e+03 
7.952525e-02 1.000182e+04 8.256317e+03 
8.254545e-02 9.619497e+03 7.824691e+03 
8.556566e-02 9.154394e+03 7.424952e+03 
8.858586e-02 8.619596e+03 7.053943e+03 
9.160606e-02 8.035737e+03 6.708922e+03 
9.462626e-02 7.428214e+03 6.387487e+03 
9.764646e-02 6.823020e+03 6.087528e+03 
1.006667e-01 6.245309e+03 5.807176e+03 
1.036869e-01 5.715208e+03 5.544768e+03 
1.067071e-01 5.248126e+03 5.298822e+03 
1.097273e-01 4.852524e+03 5.068008e+03 
1.127475e-01 4.531547e+03 4.851131e+03 
1.157677e-01 4.283539e+03 4.647112e+03 
1.187879e-01 4.103165e+03 4.454976e+03 
1.218081e-01 3.982864e+03 4.273840e+03 
1.248283e-01 3.913058e+03 4.102900e+03 
1.278485e-01 3.882862e+03 3.941425e+03 
1.308687e-01 3.880114e+03 3.788748e+03 
1.338889e-01 3.892198e+03 3.644258e+03 
1.369091e-01 3.906548e+03 3.507398e+03 
1.399293e-01 3.912003e+03 3.377654e+03 
1.429495e-01 3.899010e+03 3.254558e+03 
1.459697e-01 3.860566e+03 3.137675e+03 
1.489899e-01 3.792349e+03 3.026608e+03 
1.520101e-01 3.692713e+03 2.920989e+03 
1.550303e-01 3.563302e+03 2.820479e+03 
1.580505e-01 3.408101e+03 2.724763e+03 
1.610707e-01 3.233932e+03 2.633550e+03 
1.640909e-01 3.048927e+03 2.546573e+03 
1.671111e-01 2.862157e+03 2.463581e+03 
1.701313e-01 2.681677e+03 2.384341e+03 
1.731515e-01 2.514379e+03 2.308639e+03 
1.761717e-01 2.364968e+03 2.236273e+03 
1.791919e-01 2.236623e+03 2.167057e+03 
1.822121e-01 2.130694e+03 2.100816e+03 
1.852323e-01 2.047403e+03 2.037387e+03 
1.882525e-01 1.986003e+03 1.976620e+03 
1.912727e-01 1.944746e+03 1.918371e+03 
1.942929e-01 1.921138e+03 1.862508e+03 
1.973131e-01 1.911698e+03 1.808907e+03 
2.003333e-01 1.912388e+03 1.757450e+03 
2.033535e-01 1.918704e+03 1.708030e+03 
2.063737e-01 1.926234e+03 1.660542e+03 
2.093939e-01 1.930820e+03 1.614892e+03 
2.124141e-01 1.929086e+03 1.570988e+03 
2.154343e-01 1.918350e+03 1.528745e+03 
2.184545e-01 1.896878e+03 1.488083e+03 
2.214747e-01 1.863901e+03 1.448927e+03 
2.244949e-01 1.819540e+03 1.411206e+03 
2.275152e-01 1.764947e+03 1.374852e+03 
2.305354e-01 1.701963e+03 1.339803e+03 
2.335556e-01 1.633219e+03 1.305999e+03 
2.365758e-01 1.561589e+03 1.273383e+03 
2.395960e-01 1.490048e+03 1.241902e+03 
2.426162e-01 1.421236e+03 1.211506e+03 
2.456364e-01 1.357447e+03 1.182146e+03 
2.486566e-01 1.300351e+03 1.153779e+03 
2.516768e-01 1.251124e+03 1.126361e+03 
2.546970e-01 1.210317e+03 1.099851e+03 
2.577172e-01 1.178001e+03 1.074211e+03 
2.607374e-01 1.153823e+03 1.049405e+03 
2.637576e-01 1.136968e+03 1.025398e+03 
2.667778e-01 1.126330e+03 1.002157e+03 
2.697980e-01 1.120493e+03 9.796509e+02 
2.728182e-01 1.117915e+03 9.578501e+02 
2.758384e-01 1.116972e+03 9.367262e+02 
2.788586e-01 1.116108e+03 9.162525e+02 
2.818788e-01 1.113869e+03 8.964032e+02 
2.848990e-01 1.109056e+03 8.771542e+02 
2.879192e-01 1.100717e+03 8.584821e+02 
2.909394e-01 1.088230e+03 8.403649e+02 
2.939596e-01 1.071351e+03 8.227815e+02 
2.969798e-01 1.050178e+03 8.057118e+02 
3.000000e-01 1.025213e+03 7.891365e+02 
