1.000000e-03 3.182485e+03 3.182452e+03 
4.020202e-03 1.046183e+04 1.054287e+04 
7.040404e-03 1.519634e+04 1.528800e+04 
1.006061e-02 1.811116e+04 1.816791e+04 
1.308081e-02 1.971156e+04 1.971494e+04 
1.610101e-02 2.035409e+04 2.027594e+04 
1.912121e-02 2.030804e+04 2.012782e+04 
2.214141e-02 1.978719e+04 1.953264e+04 
2.516162e-02 1.896367e+04 1.871188e+04 
2.818182e-02 1.797484e+04 1.781251e+04 
3.120202e-02 1.692685e+04 1.691177e+04 
3.422222e-02 1.589604e+04 1.604303e+04 
3.724242e-02 1.493358e+04 1.521797e+04 
4.026263e-02 1.406822e+04 1.443916e+04 
4.328283e-02 1.330075e+04 1.370577e+04 
4.630303e-02 1.264316e+04 1.301581e+04 
4.932323e-02 1.209120e+04 1.236700e+04 
5.234343e-02 1.161162e+04 1.175703e+04 
5.536364e-02 1.118227e+04 1.118361e+04 
5.838384e-02 1.078651e+04 1.064458e+04 
6.140404e-02 1.040911e+04 1.013781e+04 
6.442424e-02 1.003503e+04 9.661309e+03 
6.744444e-02 9.653123e+03 9.213140e+03 
7.046465e-02 9.258140e+03 8.791483e+03 
7.348485e-02 8.850232e+03 8.394611e+03 
7.650505e-02 8.433934e+03 8.020898e+03 
7.952525e-02 8.017401e+03 7.668814e+03 
8.254545e-02 7.610206e+03 7.336927e+03 
8.556566e-02 7.221009e+03 7.023897e+03 
8.858586e-02 6.856559e+03 6.728475e+03 
9.160606e-02 6.521627e+03 6.449497e+03 
9.462626e-02 6.219556e+03 6.185880e+03 
9.764646e-02 5.952242e+03 5.936616e+03 
1.006667e-01 5.719512e+03 5.700771e+03 
1.036869e-01 5.519616e+03 5.477474e+03 
1.067071e-01 5.347765e+03 5.265920e+03 
1.097273e-01 5.197954e+03 5.065360e+03 
1.127475e-01 5.062907e+03 4.875098e+03 
1.157677e-01 4.935917e+03 4.694488e+03 
1.187879e-01 4.811424e+03 4.522931e+03 
1.218081e-01 4.685413e+03 4.359870e+03 
1.248283e-01 4.555460e+03 4.204787e+03 
1.278485e-01 4.420372e+03 4.057200e+03 
1.308687e-01 4.279953e+03 3.916662e+03 
1.338889e-01 4.135343e+03 3.782755e+03 
1.369091e-01 3.988474e+03 3.655093e+03 
1.399293e-01 3.841951e+03 3.533312e+03 
1.429495e-01 3.698561e+03 3.417077e+03 
1.459697e-01 3.560847e+03 3.306072e+03 
1.489899e-01 3.431014e+03 3.200003e+03 
1.520101e-01 3.310514e+03 3.098598e+03 
1.550303e-01 3.200376e+03 3.001598e+03 
1.580505e-01 3.101071e+03 2.908766e+03 
1.610707e-01 3.012469e+03 2.819876e+03 
1.640909e-01 2.933735e+03 2.734719e+03 
1.671111e-01 2.863430e+03 2.653098e+03 
1.701313e-01 2.799620e+03 2.574829e+03 
1.731515e-01 2.740313e+03 2.499738e+03 
1.761717e-01 2.683547e+03 2.427664e+03 
1.791919e-01 2.627790e+03 2.358453e+03 
1.822121e-01 2.571801e+03 2.291963e+03 
1.852323e-01 2.514873e+03 2.228059e+03 
1.882525e-01 2.456557e+03 2.166613e+03 
1.912727e-01 2.396728e+03 2.107508e+03 
1.942929e-01 2.335519e+03 2.050629e+03 
1.973131e-01 2.273483e+03 1.995871e+03 
2.003333e-01 2.211366e+03 1.943135e+03 
2.033535e-01 2.150126e+03 1.892326e+03 
2.063737e-01 2.090648e+03 1.843354e+03 
2.093939e-01 2.033712e+03 1.796137e+03 
2.124141e-01 1.979848e+03 1.750593e+03 
2.154343e-01 1.929383e+03 1.706649e+03 
2.184545e-01 1.882413e+03 1.664232e+03 
2.214747e-01 1.838889e+03 1.623277e+03 
2.244949e-01 1.798606e+03 1.583718e+03 
2.275152e-01 1.761248e+03 1.545495e+03 
2.305354e-01 1.726311e+03 1.508552e+03 
2.335556e-01 1.693245e+03 1.472834e+03 
2.365758e-01 1.661523e+03 1.438289e+03 
2.395960e-01 1.630668e+03 1.404869e+03 
2.426162e-01 1.600293e+03 1.372526e+03 
2.456364e-01 1.570096e+03 1.341217e+03 
2.486566e-01 1.539877e+03 1.310900e+03 
2.516768e-01 1.509504e+03 1.281535e+03 
2.546970e-01 1.478911e+03 1.253083e+03 
2.577172e-01 1.448186e+03 1.225510e+03 
2.607374e-01 1.417518e+03 1.198779e+03 
2.637576e-01 1.387183e+03 1.172860e+03 
2.667778e-01 1.357477e+03 1.147719e+03 
2.697980e-01 1.328650e+03 1.123327e+03 
2.728182e-01 1.300900e+03 1.099657e+03 
2.758384e-01 1.274312e+03 1.076680e+03 
2.788586e-01 1.248921e+03 1.054371e+03 
2.818788e-01 1.224704e+03 1.032706e+03 
2.848990e-01 1.201629e+03 1.011660e+03 
2.879192e-01 1.179658e+03 9.912108e+02 
2.909394e-01 1.158713e+03 9.713372e+02 
2.939596e-01 1.138671e+03 9.520183e+02 
2.969798e-01 1.119374e+03 9.332344e+02 
3.000000e-01 1.100642e+03 9.149667e+02 
