1.000000e-03 2.407538e+03 2.407515e+03 
4.020202e-03 8.042034e+03 8.104160e+03 
7.040404e-03 1.180323e+04 1.186898e+04 
1.006061e-02 1.420292e+04 1.422370e+04 
1.308081e-02 1.561545e+04 1.556896e+04 
1.610101e-02 1.630828e+04 1.618095e+04 
1.912121e-02 1.648185e+04 1.627763e+04 
2.214141e-02 1.629244e+04 1.604565e+04 
2.516162e-02 1.586235e+04 1.562744e+04 
2.818182e-02 1.528896e+04 1.511399e+04 
3.120202e-02 1.464548e+04 1.455665e+04 
3.422222e-02 1.398520e+04 1.398333e+04 
3.724242e-02 1.334320e+04 1.340964e+04 
4.026263e-02 1.274075e+04 1.284480e+04 
4.328283e-02 1.218640e+04 1.229452e+04 
4.630303e-02 1.167774e+04 1.176235e+04 
4.932323e-02 1.121631e+04 1.125046e+04 
5.234343e-02 1.079458e+04 1.076004e+04 
5.536364e-02 1.039195e+04 1.029162e+04 
5.838384e-02 1.000282e+04 9.845205e+03 
6.140404e-02 9.626577e+03 9.420497e+03 
6.442424e-02 9.256587e+03 9.016941e+03 
6.744444e-02 8.888238e+03 8.633824e+03 
7.046465e-02 8.520060e+03 8.270332e+03 
7.348485e-02 8.154275e+03 7.925591e+03 
7.650505e-02 7.795578e+03 7.598698e+03 
7.952525e-02 7.450525e+03 7.288746e+03 
8.254545e-02 7.124641e+03 6.994837e+03 
8.556566e-02 6.821634e+03 6.716094e+03 
8.858586e-02 6.542306e+03 6.451671e+03 
9.160606e-02 6.286165e+03 6.200758e+03 
9.462626e-02 6.052024e+03 5.962578e+03 
9.764646e-02 5.838645e+03 5.736398e+03 
1.006667e-01 5.644487e+03 5.521522e+03 
1.036869e-01 5.467446e+03 5.317292e+03 
1.067071e-01 5.303967e+03 5.123091e+03 
1.097273e-01 5.149927e+03 4.938335e+03 
1.127475e-01 5.001388e+03 4.762480e+03 
1.157677e-01 4.854796e+03 4.595012e+03 
1.187879e-01 4.708515e+03 4.435451e+03 
1.218081e-01 4.561865e+03 4.283345e+03 
1.248283e-01 4.415584e+03 4.138273e+03 
1.278485e-01 4.270930e+03 3.999838e+03 
1.308687e-01 4.129287e+03 3.867670e+03 
1.338889e-01 3.992038e+03 3.741421e+03 
1.369091e-01 3.860323e+03 3.620767e+03 
1.399293e-01 3.735118e+03 3.505402e+03 
1.429495e-01 3.616950e+03 3.395040e+03 
1.459697e-01 3.506136e+03 3.289414e+03 
1.489899e-01 3.402649e+03 3.188270e+03 
1.520101e-01 3.306313e+03 3.091375e+03 
1.550303e-01 3.216739e+03 2.998505e+03 
1.580505e-01 3.133374e+03 2.909453e+03 
1.610707e-01 3.055247e+03 2.824023e+03 
1.640909e-01 2.981248e+03 2.742032e+03 
1.671111e-01 2.910146e+03 2.663307e+03 
1.701313e-01 2.840810e+03 2.587685e+03 
1.731515e-01 2.772584e+03 2.515013e+03 
1.761717e-01 2.705060e+03 2.445147e+03 
1.791919e-01 2.638316e+03 2.377950e+03 
1.822121e-01 2.572528e+03 2.313296e+03 
1.852323e-01 2.507851e+03 2.251063e+03 
1.882525e-01 2.444442e+03 2.191137e+03 
1.912727e-01 2.382454e+03 2.133411e+03 
1.942929e-01 2.322108e+03 2.077783e+03 
1.973131e-01 2.263802e+03 2.024157e+03 
2.003333e-01 2.207916e+03 1.972442e+03 
2.033535e-01 2.154692e+03 1.922552e+03 
2.063737e-01 2.104236e+03 1.874407e+03 
2.093939e-01 2.056369e+03 1.827928e+03 
2.124141e-01 2.010833e+03 1.783043e+03 
2.154343e-01 1.967284e+03 1.739684e+03 
2.184545e-01 1.925420e+03 1.697784e+03 
2.214747e-01 1.885063e+03 1.657281e+03 
2.244949e-01 1.846043e+03 1.618117e+03 
2.275152e-01 1.808171e+03 1.580235e+03 
2.305354e-01 1.771260e+03 1.543582e+03 
2.335556e-01 1.735145e+03 1.508108e+03 
2.365758e-01 1.699696e+03 1.473765e+03 
2.395960e-01 1.664851e+03 1.440506e+03 
2.426162e-01 1.630614e+03 1.408289e+03 
2.456364e-01 1.597097e+03 1.377073e+03 
2.486566e-01 1.564393e+03 1.346816e+03 
2.516768e-01 1.532544e+03 1.317483e+03 
2.546970e-01 1.501580e+03 1.289038e+03 
2.577172e-01 1.471532e+03 1.261446e+03 
2.607374e-01 1.442425e+03 1.234674e+03 
2.637576e-01 1.414281e+03 1.208692e+03 
2.667778e-01 1.387104e+03 1.183470e+03 
2.697980e-01 1.360870e+03 1.158981e+03 
2.728182e-01 1.335534e+03 1.135196e+03 
2.758384e-01 1.311014e+03 1.112089e+03 
2.788586e-01 1.287227e+03 1.089638e+03 
2.818788e-01 1.264081e+03 1.067817e+03 
2.848990e-01 1.241505e+03 1.046604e+03 
2.879192e-01 1.219455e+03 1.025978e+03 
2.909394e-01 1.197895e+03 1.005918e+03 
2.939596e-01 1.176806e+03 9.864040e+02 
2.969798e-01 1.156171e+03 9.674172e+02 
3.000000e-01 1.135984e+03 9.489395e+02 
