1.000000e-03 4.669571e+03 4.669524e+03 
4.020202e-03 1.562394e+04 1.574568e+04 
7.040404e-03 2.294170e+04 2.311365e+04 
1.006061e-02 2.751805e+04 2.772703e+04 
1.308081e-02 3.000739e+04 3.027528e+04 
1.610101e-02 3.089690e+04 3.116934e+04 
1.912121e-02 3.057873e+04 3.071521e+04 
2.214141e-02 2.938814e+04 2.926985e+04 
2.516162e-02 2.761780e+04 2.725904e+04 
2.818182e-02 2.551805e+04 2.507150e+04 
3.120202e-02 2.329505e+04 2.296464e+04 
3.422222e-02 2.110829e+04 2.105773e+04 
3.724242e-02 1.907097e+04 1.937843e+04 
4.026263e-02 1.725656e+04 1.791076e+04 
4.328283e-02 1.569557e+04 1.662466e+04 
4.630303e-02 1.439242e+04 1.548966e+04 
4.932323e-02 1.335222e+04 1.447966e+04 
5.234343e-02 1.254692e+04 1.357361e+04 
5.536364e-02 1.193227e+04 1.275499e+04 
5.838384e-02 1.146733e+04 1.201083e+04 
6.140404e-02 1.111708e+04 1.133087e+04 
6.442424e-02 1.084332e+04 1.070689e+04 
6.744444e-02 1.060531e+04 1.013221e+04 
7.046465e-02 1.037052e+04 9.601287e+03 
7.348485e-02 1.011247e+04 9.109503e+03 
7.650505e-02 9.811705e+03 8.652915e+03 
7.952525e-02 9.458195e+03 8.228139e+03 
8.254545e-02 9.051346e+03 7.832235e+03 
8.556566e-02 8.597843e+03 7.462628e+03 
8.858586e-02 8.110010e+03 7.117047e+03 
9.160606e-02 7.603726e+03 6.793476e+03 
9.462626e-02 7.095987e+03 6.490114e+03 
9.764646e-02 6.603830e+03 6.205348e+03 
1.006667e-01 6.142566e+03 5.937726e+03 
1.036869e-01 5.725480e+03 5.685939e+03 
1.067071e-01 5.361303e+03 5.448797e+03 
1.097273e-01 5.055059e+03 5.225224e+03 
1.127475e-01 4.806820e+03 5.014238e+03 
1.157677e-01 4.613283e+03 4.814944e+03 
1.187879e-01 4.468247e+03 4.626526e+03 
1.218081e-01 4.363883e+03 4.448234e+03 
1.248283e-01 4.291422e+03 4.279382e+03 
1.278485e-01 4.241470e+03 4.119340e+03 
1.308687e-01 4.204521e+03 3.967528e+03 
1.338889e-01 4.171253e+03 3.823413e+03 
1.369091e-01 4.133112e+03 3.686503e+03 
1.399293e-01 4.082598e+03 3.556343e+03 
1.429495e-01 4.014594e+03 3.432514e+03 
1.459697e-01 3.925931e+03 3.314627e+03 
1.489899e-01 3.816314e+03 3.202322e+03 
1.520101e-01 3.687157e+03 3.095265e+03 
1.550303e-01 3.541946e+03 2.993147e+03 
1.580505e-01 3.385275e+03 2.895679e+03 
1.610707e-01 3.222753e+03 2.802595e+03 
1.640909e-01 3.060208e+03 2.713644e+03 
1.671111e-01 2.903416e+03 2.628596e+03 
1.701313e-01 2.757265e+03 2.547232e+03 
1.731515e-01 2.625754e+03 2.469351e+03 
1.761717e-01 2.511244e+03 2.394765e+03 
1.791919e-01 2.414903e+03 2.323297e+03 
1.822121e-01 2.336538e+03 2.254781e+03 
1.852323e-01 2.275062e+03 2.189063e+03 
1.882525e-01 2.228689e+03 2.125999e+03 
1.912727e-01 2.195004e+03 2.065453e+03 
1.942929e-01 2.171226e+03 2.007296e+03 
1.973131e-01 2.154203e+03 1.951410e+03 
2.003333e-01 2.140663e+03 1.897681e+03 
2.033535e-01 2.127288e+03 1.846005e+03 
2.063737e-01 2.111148e+03 1.796281e+03 
2.093939e-01 2.089771e+03 1.748416e+03 
2.124141e-01 2.061546e+03 1.702322e+03 
2.154343e-01 2.025513e+03 1.657915e+03 
2.184545e-01 1.981660e+03 1.615117e+03 
2.214747e-01 1.930548e+03 1.573854e+03 
2.244949e-01 1.873421e+03 1.534055e+03 
2.275152e-01 1.811909e+03 1.495655e+03 
2.305354e-01 1.747967e+03 1.458592e+03 
2.335556e-01 1.683625e+03 1.422805e+03 
2.365758e-01 1.620883e+03 1.388239e+03 
2.395960e-01 1.561445e+03 1.354841e+03 
2.426162e-01 1.506742e+03 1.322561e+03 
2.456364e-01 1.457767e+03 1.291350e+03 
2.486566e-01 1.415129e+03 1.261165e+03 
2.516768e-01 1.379020e+03 1.231962e+03 
2.546970e-01 1.349266e+03 1.203699e+03 
2.577172e-01 1.325400e+03 1.176340e+03 
2.607374e-01 1.306588e+03 1.149846e+03 
2.637576e-01 1.291799e+03 1.124184e+03 
2.667778e-01 1.279804e+03 1.099318e+03 
2.697980e-01 1.269353e+03 1.075219e+03 
2.728182e-01 1.259222e+03 1.051856e+03 
2.758384e-01 1.248365e+03 1.029201e+03 
2.788586e-01 1.235905e+03 1.007225e+03 
2.818788e-01 1.221234e+03 9.859032e+02 
2.848990e-01 1.203932e+03 9.652104e+02 
2.879192e-01 1.183861e+03 9.451231e+02 
2.909394e-01 1.161076e+03 9.256186e+02 
2.939596e-01 1.135869e+03 9.066752e+02 
2.969798e-01 1.108737e+03 8.882724e+02 
3.000000e-01 1.080344e+03 8.703905e+02 
