1.000000e-03 3.578028e+03 3.577998e+03 
4.020202e-03 1.190885e+04 1.200107e+04 
7.040404e-03 1.736193e+04 1.747511e+04 
1.006061e-02 2.070673e+04 2.080571e+04 
1.308081e-02 2.250028e+04 2.257506e+04 
1.610101e-02 2.314644e+04 2.315457e+04 
1.912121e-02 2.295899e+04 2.284786e+04 
2.214141e-02 2.219372e+04 2.197049e+04 
2.516162e-02 2.106334e+04 2.081548e+04 
2.818182e-02 1.974109e+04 1.958924e+04 
3.120202e-02 1.836179e+04 1.840054e+04 
3.422222e-02 1.702436e+04 1.729122e+04 
3.724242e-02 1.579356e+04 1.626960e+04 
4.026263e-02 1.470727e+04 1.533096e+04 
4.328283e-02 1.377758e+04 1.446703e+04 
4.630303e-02 1.299567e+04 1.366955e+04 
4.932323e-02 1.235881e+04 1.293131e+04 
5.234343e-02 1.184236e+04 1.224622e+04 
5.536364e-02 1.140469e+04 1.160914e+04 
5.838384e-02 1.102412e+04 1.101572e+04 
6.140404e-02 1.067537e+04 1.046216e+04 
6.442424e-02 1.033188e+04 9.945153e+03 
6.744444e-02 9.976964e+03 9.461743e+03 
7.046465e-02 9.599393e+03 9.009284e+03 
7.348485e-02 9.194153e+03 8.585387e+03 
7.650505e-02 8.763815e+03 8.187881e+03 
7.952525e-02 8.316687e+03 7.814789e+03 
8.254545e-02 7.864118e+03 7.464305e+03 
8.556566e-02 7.418599e+03 7.134776e+03 
8.858586e-02 6.991468e+03 6.824687e+03 
9.160606e-02 6.592604e+03 6.532649e+03 
9.462626e-02 6.230024e+03 6.257384e+03 
9.764646e-02 5.909271e+03 5.997719e+03 
1.006667e-01 5.633401e+03 5.752575e+03 
1.036869e-01 5.402113e+03 5.520957e+03 
1.067071e-01 5.211877e+03 5.301951e+03 
1.097273e-01 5.056363e+03 5.094711e+03 
1.127475e-01 4.927577e+03 4.898459e+03 
1.157677e-01 4.816856e+03 4.712477e+03 
1.187879e-01 4.716214e+03 4.536099e+03 
1.218081e-01 4.618426e+03 4.368710e+03 
1.248283e-01 4.517725e+03 4.209744e+03 
1.278485e-01 4.409675e+03 4.058673e+03 
1.308687e-01 4.291496e+03 3.915009e+03 
1.338889e-01 4.162296e+03 3.778300e+03 
1.369091e-01 4.022822e+03 3.648126e+03 
1.399293e-01 3.875615e+03 3.524097e+03 
1.429495e-01 3.724117e+03 3.405850e+03 
1.459697e-01 3.572179e+03 3.293048e+03 
1.489899e-01 3.423601e+03 3.185376e+03 
1.520101e-01 3.281835e+03 3.082543e+03 
1.550303e-01 3.149842e+03 2.984276e+03 
1.580505e-01 3.029971e+03 2.890319e+03 
1.610707e-01 2.923646e+03 2.800436e+03 
1.640909e-01 2.831471e+03 2.714403e+03 
1.671111e-01 2.752754e+03 2.632014e+03 
1.701313e-01 2.686038e+03 2.553075e+03 
1.731515e-01 2.628982e+03 2.477402e+03 
1.761717e-01 2.579043e+03 2.404826e+03 
1.791919e-01 2.533677e+03 2.335187e+03 
1.822121e-01 2.490565e+03 2.268334e+03 
1.852323e-01 2.447665e+03 2.204127e+03 
1.882525e-01 2.403297e+03 2.142434e+03 
1.912727e-01 2.356101e+03 2.083130e+03 
1.942929e-01 2.305308e+03 2.026098e+03 
1.973131e-01 2.250597e+03 1.971228e+03 
2.003333e-01 2.192389e+03 1.918417e+03 
2.033535e-01 2.131518e+03 1.867565e+03 
2.063737e-01 2.069275e+03 1.818582e+03 
2.093939e-01 2.007011e+03 1.771380e+03 
2.124141e-01 1.946064e+03 1.725878e+03 
2.154343e-01 1.887561e+03 1.681996e+03 
2.184545e-01 1.832453e+03 1.639664e+03 
2.214747e-01 1.781391e+03 1.598809e+03 
2.244949e-01 1.734806e+03 1.559369e+03 
2.275152e-01 1.692789e+03 1.521279e+03 
2.305354e-01 1.655190e+03 1.484482e+03 
2.335556e-01 1.621568e+03 1.448921e+03 
2.365758e-01 1.591331e+03 1.414544e+03 
2.395960e-01 1.563763e+03 1.381302e+03 
2.426162e-01 1.538094e+03 1.349145e+03 
2.456364e-01 1.513540e+03 1.318029e+03 
2.486566e-01 1.489378e+03 1.287911e+03 
2.516768e-01 1.464958e+03 1.258751e+03 
2.546970e-01 1.439783e+03 1.230510e+03 
2.577172e-01 1.413547e+03 1.203150e+03 
2.607374e-01 1.386182e+03 1.176637e+03 
2.637576e-01 1.357826e+03 1.150938e+03 
2.667778e-01 1.328776e+03 1.126020e+03 
2.697980e-01 1.299400e+03 1.101853e+03 
2.728182e-01 1.270090e+03 1.078409e+03 
2.758384e-01 1.241220e+03 1.055659e+03 
2.788586e-01 1.213135e+03 1.033579e+03 
2.818788e-01 1.186130e+03 1.012141e+03 
2.848990e-01 1.160459e+03 9.913239e+02 
2.879192e-01 1.136328e+03 9.711031e+02 
2.909394e-01 1.113829e+03 9.514574e+02 
2.939596e-01 1.092960e+03 9.323657e+02 
2.969798e-01 1.073601e+03 9.138082e+02 
3.000000e-01 1.055563e+03 8.957658e+02 
