1.000000e-03 7.784434e+03 7.784359e+03 
4.020202e-03 2.624708e+04 2.645523e+04 
7.040404e-03 3.844642e+04 3.876775e+04 
1.006061e-02 4.585369e+04 4.633559e+04 
1.308081e-02 4.957768e+04 5.032398e+04 
1.610101e-02 5.045263e+04 5.137723e+04 
1.912121e-02 4.916812e+04 4.993247e+04 
2.214141e-02 4.633148e+04 4.654709e+04 
2.516162e-02 4.248535e+04 4.200515e+04 
2.818182e-02 3.810374e+04 3.713266e+04 
3.120202e-02 3.357963e+04 3.254083e+04 
3.422222e-02 2.921627e+04 2.853160e+04 
3.724242e-02 2.522554e+04 2.516798e+04 
4.026263e-02 2.173645e+04 2.238918e+04 
4.328283e-02 1.879320e+04 2.009421e+04 
4.630303e-02 1.640139e+04 1.818365e+04 
4.932323e-02 1.453936e+04 1.657431e+04 
5.234343e-02 1.314490e+04 1.520127e+04 
5.536364e-02 1.214330e+04 1.401531e+04 
5.838384e-02 1.146200e+04 1.297938e+04 
6.140404e-02 1.103353e+04 1.206556e+04 
6.442424e-02 1.078753e+04 1.125259e+04 
6.744444e-02 1.066176e+04 1.052404e+04 
7.046465e-02 1.060041e+04 9.867090e+03 
7.348485e-02 1.055016e+04 9.271524e+03 
7.650505e-02 1.046395e+04 8.729121e+03 
7.952525e-02 1.030419e+04 8.233162e+03 
8.254545e-02 1.004539e+04 7.778080e+03 
8.556566e-02 9.676971e+03 7.359216e+03 
8.858586e-02 9.202848e+03 6.972625e+03 
9.160606e-02 8.639387e+03 6.614937e+03 
9.462626e-02 8.011944e+03 6.283248e+03 
9.764646e-02 7.350746e+03 5.975039e+03 
1.006667e-01 6.687914e+03 5.688109e+03 
1.036869e-01 6.052238e+03 5.420523e+03 
1.067071e-01 5.468158e+03 5.170572e+03 
1.097273e-01 4.953086e+03 4.936741e+03 
1.127475e-01 4.517340e+03 4.717678e+03 
1.157677e-01 4.164795e+03 4.512175e+03 
1.187879e-01 3.894083e+03 4.319147e+03 
1.218081e-01 3.700611e+03 4.137619e+03 
1.248283e-01 3.576531e+03 3.966709e+03 
1.278485e-01 3.512267e+03 3.805619e+03 
1.308687e-01 3.496633e+03 3.653626e+03 
1.338889e-01 3.517225e+03 3.510071e+03 
1.369091e-01 3.560877e+03 3.374356e+03 
1.399293e-01 3.614231e+03 3.245932e+03 
1.429495e-01 3.664360e+03 3.124300e+03 
1.459697e-01 3.699426e+03 3.009000e+03 
1.489899e-01 3.709414e+03 2.899612e+03 
1.520101e-01 3.686372e+03 2.795750e+03 
1.550303e-01 3.625785e+03 2.697056e+03 
1.580505e-01 3.526100e+03 2.603204e+03 
1.610707e-01 3.390349e+03 2.513890e+03 
1.640909e-01 3.224542e+03 2.428834e+03 
1.671111e-01 3.037700e+03 2.347779e+03 
1.701313e-01 2.839859e+03 2.270484e+03 
1.731515e-01 2.641243e+03 2.196726e+03 
1.761717e-01 2.450363e+03 2.126301e+03 
1.791919e-01 2.274276e+03 2.059014e+03 
1.822121e-01 2.117956e+03 1.994690e+03 
1.852323e-01 1.984754e+03 1.933160e+03 
1.882525e-01 1.876492e+03 1.874271e+03 
1.912727e-01 1.793606e+03 1.817879e+03 
1.942929e-01 1.735508e+03 1.763847e+03 
1.973131e-01 1.700269e+03 1.712050e+03 
2.003333e-01 1.685070e+03 1.662371e+03 
2.033535e-01 1.686149e+03 1.614699e+03 
2.063737e-01 1.699211e+03 1.568930e+03 
2.093939e-01 1.719632e+03 1.524968e+03 
2.124141e-01 1.742783e+03 1.482721e+03 
2.154343e-01 1.764198e+03 1.442105e+03 
2.184545e-01 1.779808e+03 1.403039e+03 
2.214747e-01 1.786120e+03 1.365447e+03 
2.244949e-01 1.780321e+03 1.329258e+03 
2.275152e-01 1.760764e+03 1.294407e+03 
2.305354e-01 1.726799e+03 1.260829e+03 
2.335556e-01 1.679308e+03 1.228465e+03 
2.365758e-01 1.620116e+03 1.197259e+03 
2.395960e-01 1.552025e+03 1.167158e+03 
2.426162e-01 1.478286e+03 1.138113e+03 
2.456364e-01 1.402367e+03 1.110075e+03 
2.486566e-01 1.327432e+03 1.083001e+03 
2.516768e-01 1.256337e+03 1.056848e+03 
2.546970e-01 1.191414e+03 1.031576e+03 
2.577172e-01 1.134427e+03 1.007147e+03 
2.607374e-01 1.086518e+03 9.835253e+02 
2.637576e-01 1.048185e+03 9.606764e+02 
2.667778e-01 1.019449e+03 9.385682e+02 
2.697980e-01 9.997527e+02 9.171701e+02 
2.728182e-01 9.881816e+02 8.964528e+02 
2.758384e-01 9.834421e+02 8.763886e+02 
2.788586e-01 9.840404e+02 8.569513e+02 
2.818788e-01 9.883389e+02 8.381158e+02 
2.848990e-01 9.946119e+02 8.198582e+02 
2.879192e-01 1.001128e+03 8.021558e+02 
2.909394e-01 1.006222e+03 7.849871e+02 
2.939596e-01 1.008397e+03 7.683315e+02 
2.969798e-01 1.006379e+03 7.521694e+02 
3.000000e-01 9.993253e+02 7.364820e+02 
