1.000000e-03 3.482403e+03 3.482367e+03 
4.020202e-03 1.173309e+04 1.182394e+04 
7.040404e-03 1.722246e+04 1.733645e+04 
1.006061e-02 2.064668e+04 2.075004e+04 
1.308081e-02 2.253016e+04 2.261477e+04 
1.610101e-02 2.325920e+04 2.328282e+04 
1.912121e-02 2.313883e+04 2.304027e+04 
2.214141e-02 2.241972e+04 2.219170e+04 
2.516162e-02 2.131392e+04 2.103354e+04 
2.818182e-02 1.999588e+04 1.978564e+04 
3.120202e-02 1.860402e+04 1.856978e+04 
3.422222e-02 1.724153e+04 1.743537e+04 
3.724242e-02 1.597830e+04 1.639350e+04 
4.026263e-02 1.485689e+04 1.543964e+04 
4.328283e-02 1.389384e+04 1.456468e+04 
4.630303e-02 1.308241e+04 1.375937e+04 
4.932323e-02 1.242276e+04 1.301559e+04 
5.234343e-02 1.189455e+04 1.232654e+04 
5.536364e-02 1.145572e+04 1.168660e+04 
5.838384e-02 1.108243e+04 1.109104e+04 
6.140404e-02 1.074973e+04 1.053581e+04 
6.442424e-02 1.043022e+04 1.001743e+04 
6.744444e-02 1.010357e+04 9.532833e+03 
7.046465e-02 9.755367e+03 9.079293e+03 
7.348485e-02 9.377522e+03 8.654369e+03 
7.650505e-02 8.969544e+03 8.255859e+03 
7.952525e-02 8.537328e+03 7.881767e+03 
8.254545e-02 8.091025e+03 7.530276e+03 
8.556566e-02 7.643264e+03 7.199726e+03 
8.858586e-02 7.206277e+03 6.888602e+03 
9.160606e-02 6.791168e+03 6.595513e+03 
9.462626e-02 6.407426e+03 6.319186e+03 
9.764646e-02 6.062334e+03 6.058448e+03 
1.006667e-01 5.761086e+03 5.812224e+03 
1.036869e-01 5.505490e+03 5.579523e+03 
1.067071e-01 5.294225e+03 5.359431e+03 
1.097273e-01 5.122614e+03 5.151109e+03 
1.127475e-01 4.983742e+03 4.953779e+03 
1.157677e-01 4.869276e+03 4.766725e+03 
1.187879e-01 4.770784e+03 4.589285e+03 
1.218081e-01 4.680181e+03 4.420847e+03 
1.248283e-01 4.590692e+03 4.260842e+03 
1.278485e-01 4.496581e+03 4.108748e+03 
1.308687e-01 4.393590e+03 3.964076e+03 
1.338889e-01 4.279152e+03 3.826375e+03 
1.369091e-01 4.152481e+03 3.695226e+03 
1.399293e-01 4.014732e+03 3.570240e+03 
1.429495e-01 3.868400e+03 3.451054e+03 
1.459697e-01 3.717158e+03 3.337332e+03 
1.489899e-01 3.565050e+03 3.228759e+03 
1.520101e-01 3.416031e+03 3.125044e+03 
1.550303e-01 3.273755e+03 3.025913e+03 
1.580505e-01 3.141379e+03 2.931112e+03 
1.610707e-01 3.021333e+03 2.840403e+03 
1.640909e-01 2.915282e+03 2.753564e+03 
1.671111e-01 2.823646e+03 2.670387e+03 
1.701313e-01 2.745956e+03 2.590678e+03 
1.731515e-01 2.680598e+03 2.514254e+03 
1.761717e-01 2.625447e+03 2.440944e+03 
1.791919e-01 2.577935e+03 2.370589e+03 
1.822121e-01 2.535487e+03 2.303038e+03 
1.852323e-01 2.495640e+03 2.238149e+03 
1.882525e-01 2.456224e+03 2.175791e+03 
1.912727e-01 2.415350e+03 2.115838e+03 
1.942929e-01 2.371530e+03 2.058173e+03 
1.973131e-01 2.323651e+03 2.002685e+03 
2.003333e-01 2.271405e+03 1.949271e+03 
2.033535e-01 2.214989e+03 1.897832e+03 
2.063737e-01 2.155280e+03 1.848275e+03 
2.093939e-01 2.093437e+03 1.800514e+03 
2.124141e-01 2.030858e+03 1.754466e+03 
2.154343e-01 1.968929e+03 1.710052e+03 
2.184545e-01 1.908979e+03 1.667200e+03 
2.214747e-01 1.852069e+03 1.625839e+03 
2.244949e-01 1.799072e+03 1.585904e+03 
2.275152e-01 1.750553e+03 1.547331e+03 
2.305354e-01 1.706825e+03 1.510063e+03 
2.335556e-01 1.667824e+03 1.474043e+03 
2.365758e-01 1.633246e+03 1.439218e+03 
2.395960e-01 1.602543e+03 1.405537e+03 
2.426162e-01 1.575020e+03 1.372953e+03 
2.456364e-01 1.549886e+03 1.341420e+03 
2.486566e-01 1.526328e+03 1.310895e+03 
2.516768e-01 1.503538e+03 1.281337e+03 
2.546970e-01 1.480759e+03 1.252707e+03 
2.577172e-01 1.457345e+03 1.224968e+03 
2.607374e-01 1.432836e+03 1.198085e+03 
2.637576e-01 1.407008e+03 1.172023e+03 
2.667778e-01 1.379872e+03 1.146751e+03 
2.697980e-01 1.351646e+03 1.122239e+03 
2.728182e-01 1.322670e+03 1.098457e+03 
2.758384e-01 1.293344e+03 1.075378e+03 
2.788586e-01 1.264079e+03 1.052974e+03 
2.818788e-01 1.235258e+03 1.031222e+03 
2.848990e-01 1.207249e+03 1.010096e+03 
2.879192e-01 1.180394e+03 9.895739e+02 
2.909394e-01 1.154975e+03 9.696334e+02 
2.939596e-01 1.131207e+03 9.502535e+02 
2.969798e-01 1.109174e+03 9.314141e+02 
3.000000e-01 1.088867e+03 9.130958e+02 
