1.000000e-03 3.669289e+03 3.669253e+03 
4.020202e-03 1.206033e+04 1.215355e+04 
7.040404e-03 1.755518e+04 1.767102e+04 
1.006061e-02 2.095127e+04 2.105395e+04 
1.308081e-02 2.280250e+04 2.288289e+04 
1.610101e-02 2.350587e+04 2.352347e+04 
1.912121e-02 2.336921e+04 2.326721e+04 
2.214141e-02 2.264358e+04 2.241740e+04 
2.516162e-02 2.153890e+04 2.126478e+04 
2.818182e-02 2.022606e+04 2.002335e+04 
3.120202e-02 1.884119e+04 1.881139e+04 
3.422222e-02 1.748482e+04 1.767730e+04 
3.724242e-02 1.622521e+04 1.663248e+04 
4.026263e-02 1.510359e+04 1.567315e+04 
4.328283e-02 1.413657e+04 1.479103e+04 
4.630303e-02 1.331745e+04 1.397748e+04 
4.932323e-02 1.264522e+04 1.322489e+04 
5.234343e-02 1.210187e+04 1.252679e+04 
5.536364e-02 1.164614e+04 1.187780e+04 
5.838384e-02 1.125326e+04 1.127332e+04 
6.140404e-02 1.090052e+04 1.070944e+04 
6.442424e-02 1.056310e+04 1.018271e+04 
6.744444e-02 1.022047e+04 9.690118e+03 
7.046465e-02 9.858304e+03 9.228944e+03 
7.348485e-02 9.468949e+03 8.796757e+03 
7.650505e-02 9.052025e+03 8.391350e+03 
7.952525e-02 8.613740e+03 8.010719e+03 
8.254545e-02 8.164438e+03 7.653034e+03 
8.556566e-02 7.716144e+03 7.316622e+03 
8.858586e-02 7.280455e+03 6.999953e+03 
9.160606e-02 6.867665e+03 6.701619e+03 
9.462626e-02 6.486210e+03 6.420331e+03 
9.764646e-02 6.142658e+03 6.154902e+03 
1.006667e-01 5.841861e+03 5.904240e+03 
1.036869e-01 5.585291e+03 5.667340e+03 
1.067071e-01 5.371811e+03 5.443276e+03 
1.097273e-01 5.196883e+03 5.231191e+03 
1.127475e-01 5.053809e+03 5.030299e+03 
1.157677e-01 4.934114e+03 4.839871e+03 
1.187879e-01 4.829567e+03 4.659232e+03 
1.218081e-01 4.732366e+03 4.487760e+03 
1.248283e-01 4.636102e+03 4.324879e+03 
1.278485e-01 4.535393e+03 4.170054e+03 
1.308687e-01 4.426589e+03 4.022790e+03 
1.338889e-01 4.307378e+03 3.882628e+03 
1.369091e-01 4.177233e+03 3.749139e+03 
1.399293e-01 4.037202e+03 3.621929e+03 
1.429495e-01 3.889797e+03 3.500628e+03 
1.459697e-01 3.738385e+03 3.384893e+03 
1.489899e-01 3.586786e+03 3.274404e+03 
1.520101e-01 3.438751e+03 3.168864e+03 
1.550303e-01 3.297807e+03 3.067995e+03 
1.580505e-01 3.166854e+03 2.971536e+03 
1.610707e-01 3.048156e+03 2.879247e+03 
1.640909e-01 2.943056e+03 2.790901e+03 
1.671111e-01 2.851881e+03 2.706285e+03 
1.701313e-01 2.773959e+03 2.625202e+03 
1.731515e-01 2.707735e+03 2.547466e+03 
1.761717e-01 2.651102e+03 2.472903e+03 
1.791919e-01 2.601656e+03 2.401350e+03 
1.822121e-01 2.556945e+03 2.332652e+03 
1.852323e-01 2.514697e+03 2.266668e+03 
1.882525e-01 2.472823e+03 2.203261e+03 
1.912727e-01 2.429523e+03 2.142303e+03 
1.942929e-01 2.383411e+03 2.083677e+03 
1.973131e-01 2.333553e+03 2.027268e+03 
2.003333e-01 2.279727e+03 1.972971e+03 
2.033535e-01 2.222219e+03 1.920686e+03 
2.063737e-01 2.161919e+03 1.870318e+03 
2.093939e-01 2.099966e+03 1.821778e+03 
2.124141e-01 2.037663e+03 1.774983e+03 
2.154343e-01 1.976272e+03 1.729853e+03 
2.184545e-01 1.916940e+03 1.686312e+03 
2.214747e-01 1.860660e+03 1.644290e+03 
2.244949e-01 1.808257e+03 1.603720e+03 
2.275152e-01 1.760235e+03 1.564537e+03 
2.305354e-01 1.716850e+03 1.526682e+03 
2.335556e-01 1.677999e+03 1.490098e+03 
2.365758e-01 1.643361e+03 1.454730e+03 
2.395960e-01 1.612335e+03 1.420528e+03 
2.426162e-01 1.584227e+03 1.387441e+03 
2.456364e-01 1.558284e+03 1.355425e+03 
2.486566e-01 1.533758e+03 1.324434e+03 
2.516768e-01 1.509926e+03 1.294428e+03 
2.546970e-01 1.486129e+03 1.265366e+03 
2.577172e-01 1.461780e+03 1.237211e+03 
2.607374e-01 1.436477e+03 1.209926e+03 
2.637576e-01 1.409977e+03 1.183478e+03 
2.667778e-01 1.382320e+03 1.157833e+03 
2.697980e-01 1.353703e+03 1.132961e+03 
2.728182e-01 1.324490e+03 1.108832e+03 
2.758384e-01 1.295081e+03 1.085418e+03 
2.788586e-01 1.265887e+03 1.062692e+03 
2.818788e-01 1.237271e+03 1.040628e+03 
2.848990e-01 1.209558e+03 1.019201e+03 
2.879192e-01 1.183010e+03 9.983878e+02 
2.909394e-01 1.157852e+03 9.781665e+02 
2.939596e-01 1.134256e+03 9.585152e+02 
2.969798e-01 1.112314e+03 9.394136e+02 
3.000000e-01 1.092004e+03 9.208420e+02 
