1.000000e-03 2.519033e+03 2.519011e+03 
4.020202e-03 8.506156e+03 8.572451e+03 
7.040404e-03 1.249537e+04 1.256618e+04 
1.006061e-02 1.501706e+04 1.504339e+04 
1.308081e-02 1.647357e+04 1.643348e+04 
1.610101e-02 1.715441e+04 1.703226e+04 
1.912121e-02 1.727795e+04 1.707551e+04 
2.214141e-02 1.701386e+04 1.676881e+04 
2.516162e-02 1.649758e+04 1.627058e+04 
2.818182e-02 1.583500e+04 1.568132e+04 
3.120202e-02 1.510660e+04 1.505616e+04 
3.422222e-02 1.437023e+04 1.442353e+04 
3.724242e-02 1.366378e+04 1.379832e+04 
4.026263e-02 1.300974e+04 1.318869e+04 
4.328283e-02 1.241461e+04 1.259933e+04 
4.630303e-02 1.187552e+04 1.203292e+04 
4.932323e-02 1.139577e+04 1.149092e+04 
5.234343e-02 1.096084e+04 1.097393e+04 
5.536364e-02 1.054781e+04 1.048198e+04 
5.838384e-02 1.015252e+04 1.001469e+04 
6.140404e-02 9.769673e+03 9.571419e+03 
6.442424e-02 9.389664e+03 9.151319e+03 
6.744444e-02 9.008590e+03 8.753435e+03 
7.046465e-02 8.626103e+03 8.376743e+03 
7.348485e-02 8.244672e+03 8.020185e+03 
7.650505e-02 7.869844e+03 7.682702e+03 
7.952525e-02 7.508374e+03 7.363246e+03 
8.254545e-02 7.166382e+03 7.060800e+03 
8.556566e-02 6.847697e+03 6.774383e+03 
8.858586e-02 6.554102e+03 6.503054e+03 
9.160606e-02 6.285845e+03 6.245921e+03 
9.462626e-02 6.042568e+03 6.002137e+03 
9.764646e-02 5.823455e+03 5.770903e+03 
1.006667e-01 5.626839e+03 5.551466e+03 
1.036869e-01 5.449779e+03 5.343120e+03 
1.067071e-01 5.287799e+03 5.145201e+03 
1.097273e-01 5.136088e+03 4.957087e+03 
1.127475e-01 4.989621e+03 4.778197e+03 
1.157677e-01 4.844814e+03 4.607986e+03 
1.187879e-01 4.699795e+03 4.445945e+03 
1.218081e-01 4.553903e+03 4.291597e+03 
1.248283e-01 4.407604e+03 4.144499e+03 
1.278485e-01 4.261857e+03 4.004233e+03 
1.308687e-01 4.118010e+03 3.870410e+03 
1.338889e-01 3.977540e+03 3.742668e+03 
1.369091e-01 3.841986e+03 3.620665e+03 
1.399293e-01 3.712674e+03 3.504082e+03 
1.429495e-01 3.590731e+03 3.392623e+03 
1.459697e-01 3.476723e+03 3.286008e+03 
1.489899e-01 3.370861e+03 3.183975e+03 
1.520101e-01 3.273007e+03 3.086280e+03 
1.550303e-01 3.182796e+03 2.992693e+03 
1.580505e-01 3.099455e+03 2.902999e+03 
1.610707e-01 3.021992e+03 2.816995e+03 
1.640909e-01 2.949126e+03 2.734491e+03 
1.671111e-01 2.879506e+03 2.655310e+03 
1.701313e-01 2.811952e+03 2.579283e+03 
1.731515e-01 2.745466e+03 2.506254e+03 
1.761717e-01 2.679611e+03 2.436073e+03 
1.791919e-01 2.614166e+03 2.368601e+03 
1.822121e-01 2.549172e+03 2.303708e+03 
1.852323e-01 2.484758e+03 2.241267e+03 
1.882525e-01 2.421142e+03 2.181164e+03 
1.912727e-01 2.358621e+03 2.123288e+03 
1.942929e-01 2.297636e+03 2.067534e+03 
1.973131e-01 2.238648e+03 2.013805e+03 
2.003333e-01 2.182107e+03 1.962007e+03 
2.033535e-01 2.128326e+03 1.912054e+03 
2.063737e-01 2.077365e+03 1.863861e+03 
2.093939e-01 2.029152e+03 1.817352e+03 
2.124141e-01 1.983445e+03 1.772450e+03 
2.154343e-01 1.939996e+03 1.729086e+03 
2.184545e-01 1.898573e+03 1.687194e+03 
2.214747e-01 1.858914e+03 1.646709e+03 
2.244949e-01 1.820731e+03 1.607572e+03 
2.275152e-01 1.783728e+03 1.569727e+03 
2.305354e-01 1.747616e+03 1.533118e+03 
2.335556e-01 1.712188e+03 1.497696e+03 
2.365758e-01 1.677319e+03 1.463410e+03 
2.395960e-01 1.642987e+03 1.430215e+03 
2.426162e-01 1.609246e+03 1.398067e+03 
2.456364e-01 1.576142e+03 1.366923e+03 
2.486566e-01 1.543710e+03 1.336745e+03 
2.516768e-01 1.511989e+03 1.307493e+03 
2.546970e-01 1.481023e+03 1.279131e+03 
2.577172e-01 1.450898e+03 1.251626e+03 
2.607374e-01 1.421718e+03 1.224944e+03 
2.637576e-01 1.393562e+03 1.199054e+03 
2.667778e-01 1.366486e+03 1.173926e+03 
2.697980e-01 1.340455e+03 1.149532e+03 
2.728182e-01 1.315390e+03 1.125844e+03 
2.758384e-01 1.291169e+03 1.102835e+03 
2.788586e-01 1.267666e+03 1.080483e+03 
2.818788e-01 1.244813e+03 1.058761e+03 
2.848990e-01 1.222564e+03 1.037648e+03 
2.879192e-01 1.200888e+03 1.017123e+03 
2.909394e-01 1.179749e+03 9.971634e+02 
2.939596e-01 1.159090e+03 9.777502e+02 
2.969798e-01 1.138857e+03 9.588642e+02 
3.000000e-01 1.119006e+03 9.404871e+02 
