1.000000e-03 4.533098e+03 4.533066e+03 
4.020202e-03 1.543534e+04 1.555641e+04 
7.040404e-03 2.266008e+04 2.282670e+04 
1.006061e-02 2.708064e+04 2.727964e+04 
1.308081e-02 2.938318e+04 2.962671e+04 
1.610101e-02 3.008325e+04 3.030266e+04 
1.912121e-02 2.959842e+04 2.966004e+04 
2.214141e-02 2.828280e+04 2.811511e+04 
2.516162e-02 2.644174e+04 2.612124e+04 
2.818182e-02 2.433055e+04 2.404305e+04 
3.120202e-02 2.215307e+04 2.208926e+04 
3.422222e-02 2.006103e+04 2.033858e+04 
3.724242e-02 1.815567e+04 1.879721e+04 
4.026263e-02 1.649749e+04 1.744245e+04 
4.328283e-02 1.509965e+04 1.624526e+04 
4.630303e-02 1.396062e+04 1.517903e+04 
4.932323e-02 1.307843e+04 1.422192e+04 
5.234343e-02 1.240470e+04 1.335665e+04 
5.536364e-02 1.189279e+04 1.256969e+04 
5.838384e-02 1.150418e+04 1.185034e+04 
6.140404e-02 1.119244e+04 1.119007e+04 
6.442424e-02 1.091740e+04 1.058192e+04 
6.744444e-02 1.064547e+04 1.002013e+04 
7.046465e-02 1.034902e+04 9.499859e+03 
7.348485e-02 1.000878e+04 9.016990e+03 
7.650505e-02 9.615045e+03 8.567963e+03 
7.952525e-02 9.167793e+03 8.149680e+03 
8.254545e-02 8.676176e+03 7.759415e+03 
8.556566e-02 8.155313e+03 7.394761e+03 
8.858586e-02 7.623484e+03 7.053571e+03 
9.160606e-02 7.099907e+03 6.733927e+03 
9.462626e-02 6.602385e+03 6.434106e+03 
9.764646e-02 6.146300e+03 6.152556e+03 
1.006667e-01 5.742996e+03 5.887872e+03 
1.036869e-01 5.399141e+03 5.638783e+03 
1.067071e-01 5.116883e+03 5.404132e+03 
1.097273e-01 4.893580e+03 5.182867e+03 
1.127475e-01 4.723652e+03 4.974028e+03 
1.157677e-01 4.598709e+03 4.776739e+03 
1.187879e-01 4.509196e+03 4.590195e+03 
1.218081e-01 4.444640e+03 4.413662e+03 
1.248283e-01 4.394386e+03 4.246464e+03 
1.278485e-01 4.347883e+03 4.087979e+03 
1.308687e-01 4.295848e+03 3.937637e+03 
1.338889e-01 4.230458e+03 3.794911e+03 
1.369091e-01 4.146772e+03 3.659314e+03 
1.399293e-01 4.042273e+03 3.530398e+03 
1.429495e-01 3.917271e+03 3.407749e+03 
1.459697e-01 3.774124e+03 3.290981e+03 
1.489899e-01 3.616732e+03 3.179739e+03 
1.520101e-01 3.450297e+03 3.073692e+03 
1.550303e-01 3.280638e+03 2.972535e+03 
1.580505e-01 3.113983e+03 2.875983e+03 
1.610707e-01 2.956172e+03 2.783770e+03 
1.640909e-01 2.812316e+03 2.695650e+03 
1.671111e-01 2.685729e+03 2.611392e+03 
1.701313e-01 2.578240e+03 2.530784e+03 
1.731515e-01 2.489785e+03 2.453624e+03 
1.761717e-01 2.419295e+03 2.379725e+03 
1.791919e-01 2.364706e+03 2.308914e+03 
1.822121e-01 2.323504e+03 2.241026e+03 
1.852323e-01 2.292791e+03 2.175909e+03 
1.882525e-01 2.269366e+03 2.113418e+03 
1.912727e-01 2.249827e+03 2.053420e+03 
1.942929e-01 2.230642e+03 1.995789e+03 
1.973131e-01 2.208554e+03 1.940405e+03 
2.003333e-01 2.180956e+03 1.887157e+03 
2.033535e-01 2.146170e+03 1.835941e+03 
2.063737e-01 2.103468e+03 1.786659e+03 
2.093939e-01 2.053171e+03 1.739216e+03 
2.124141e-01 1.996249e+03 1.693527e+03 
2.154343e-01 1.934244e+03 1.649508e+03 
2.184545e-01 1.868950e+03 1.607083e+03 
2.214747e-01 1.802356e+03 1.566176e+03 
2.244949e-01 1.736472e+03 1.526720e+03 
2.275152e-01 1.673260e+03 1.488649e+03 
2.305354e-01 1.614340e+03 1.451900e+03 
2.335556e-01 1.561025e+03 1.416416e+03 
2.365758e-01 1.514100e+03 1.382140e+03 
2.395960e-01 1.473916e+03 1.349021e+03 
2.426162e-01 1.440304e+03 1.317008e+03 
2.456364e-01 1.412727e+03 1.286055e+03 
2.486566e-01 1.390354e+03 1.256117e+03 
2.516768e-01 1.372094e+03 1.227151e+03 
2.546970e-01 1.356737e+03 1.199117e+03 
2.577172e-01 1.343013e+03 1.171977e+03 
2.607374e-01 1.329692e+03 1.145694e+03 
2.637576e-01 1.315641e+03 1.120234e+03 
2.667778e-01 1.299970e+03 1.095564e+03 
2.697980e-01 1.282023e+03 1.071652e+03 
2.728182e-01 1.261491e+03 1.048469e+03 
2.758384e-01 1.238300e+03 1.025987e+03 
2.788586e-01 1.212672e+03 1.004178e+03 
2.818788e-01 1.185019e+03 9.830170e+02 
2.848990e-01 1.155927e+03 9.624788e+02 
2.879192e-01 1.126076e+03 9.425402e+02 
2.909394e-01 1.096192e+03 9.231788e+02 
2.939596e-01 1.066992e+03 9.043733e+02 
2.969798e-01 1.039127e+03 8.861032e+02 
3.000000e-01 1.013108e+03 8.683490e+02 
