1.000000e-03 3.078096e+03 3.078065e+03 
4.020202e-03 1.035740e+04 1.043683e+04 
7.040404e-03 1.521986e+04 1.531563e+04 
1.006061e-02 1.828145e+04 1.835577e+04 
1.308081e-02 2.000410e+04 2.004370e+04 
1.610101e-02 2.072725e+04 2.069851e+04 
1.912121e-02 2.071654e+04 2.058154e+04 
2.214141e-02 2.018907e+04 1.995912e+04 
2.516162e-02 1.932563e+04 1.907529e+04 
2.818182e-02 1.827357e+04 1.810259e+04 
3.120202e-02 1.714984e+04 1.713477e+04 
3.422222e-02 1.604052e+04 1.621161e+04 
3.724242e-02 1.500396e+04 1.534517e+04 
4.026263e-02 1.407526e+04 1.453596e+04 
4.328283e-02 1.326901e+04 1.378065e+04 
4.630303e-02 1.257957e+04 1.307504e+04 
4.932323e-02 1.200392e+04 1.241510e+04 
5.234343e-02 1.152818e+04 1.179721e+04 
5.536364e-02 1.111627e+04 1.121820e+04 
5.838384e-02 1.074786e+04 1.067520e+04 
6.140404e-02 1.040644e+04 1.016563e+04 
6.442424e-02 1.007126e+04 9.687155e+03 
6.744444e-02 9.727141e+03 9.237601e+03 
7.046465e-02 9.364438e+03 8.814977e+03 
7.348485e-02 8.979246e+03 8.417434e+03 
7.650505e-02 8.574315e+03 8.043257e+03 
7.952525e-02 8.157338e+03 7.690853e+03 
8.254545e-02 7.739064e+03 7.358745e+03 
8.556566e-02 7.330231e+03 7.045560e+03 
8.858586e-02 6.940106e+03 6.750026e+03 
9.160606e-02 6.576244e+03 6.470961e+03 
9.462626e-02 6.244432e+03 6.207271e+03 
9.764646e-02 5.948705e+03 5.957939e+03 
1.006667e-01 5.691667e+03 5.722024e+03 
1.036869e-01 5.472846e+03 5.498654e+03 
1.067071e-01 5.289702e+03 5.287019e+03 
1.097273e-01 5.136517e+03 5.086369e+03 
1.127475e-01 5.006327e+03 4.896007e+03 
1.157677e-01 4.891077e+03 4.715287e+03 
1.187879e-01 4.783495e+03 4.543611e+03 
1.218081e-01 4.677454e+03 4.380421e+03 
1.248283e-01 4.568396e+03 4.225199e+03 
1.278485e-01 4.453050e+03 4.077466e+03 
1.308687e-01 4.329827e+03 3.936773e+03 
1.338889e-01 4.198244e+03 3.802705e+03 
1.369091e-01 4.059423e+03 3.674875e+03 
1.399293e-01 3.915341e+03 3.552921e+03 
1.429495e-01 3.769014e+03 3.436506e+03 
1.459697e-01 3.623667e+03 3.325318e+03 
1.489899e-01 3.482587e+03 3.219063e+03 
1.520101e-01 3.348658e+03 3.117467e+03 
1.550303e-01 3.224334e+03 3.020275e+03 
1.580505e-01 3.111255e+03 2.927248e+03 
1.610707e-01 3.010448e+03 2.838161e+03 
1.640909e-01 2.921940e+03 2.752806e+03 
1.671111e-01 2.845097e+03 2.670986e+03 
1.701313e-01 2.778304e+03 2.592517e+03 
1.731515e-01 2.719581e+03 2.517226e+03 
1.761717e-01 2.666633e+03 2.444952e+03 
1.791919e-01 2.617304e+03 2.375542e+03 
1.822121e-01 2.569627e+03 2.308853e+03 
1.852323e-01 2.521968e+03 2.244750e+03 
1.882525e-01 2.472953e+03 2.183107e+03 
1.912727e-01 2.421622e+03 2.123806e+03 
1.942929e-01 2.367357e+03 2.066732e+03 
1.973131e-01 2.310189e+03 2.011781e+03 
2.003333e-01 2.250553e+03 1.958853e+03 
2.033535e-01 2.189388e+03 1.907853e+03 
2.063737e-01 2.127794e+03 1.858693e+03 
2.093939e-01 2.066971e+03 1.811289e+03 
2.124141e-01 2.007936e+03 1.765561e+03 
2.154343e-01 1.951547e+03 1.721434e+03 
2.184545e-01 1.898447e+03 1.678837e+03 
2.214747e-01 1.849133e+03 1.637702e+03 
2.244949e-01 1.803847e+03 1.597967e+03 
2.275152e-01 1.762642e+03 1.559570e+03 
2.305354e-01 1.725274e+03 1.522455e+03 
2.335556e-01 1.691306e+03 1.486566e+03 
2.365758e-01 1.660098e+03 1.451853e+03 
2.395960e-01 1.630970e+03 1.418267e+03 
2.426162e-01 1.603229e+03 1.385761e+03 
2.456364e-01 1.576288e+03 1.354291e+03 
2.486566e-01 1.549627e+03 1.323815e+03 
2.516768e-01 1.522813e+03 1.294293e+03 
2.546970e-01 1.495496e+03 1.265687e+03 
2.577172e-01 1.467476e+03 1.237961e+03 
2.607374e-01 1.438690e+03 1.211080e+03 
2.637576e-01 1.409259e+03 1.185012e+03 
2.667778e-01 1.379447e+03 1.159725e+03 
2.697980e-01 1.349638e+03 1.135190e+03 
2.728182e-01 1.320207e+03 1.111378e+03 
2.758384e-01 1.291512e+03 1.088262e+03 
2.788586e-01 1.263810e+03 1.065815e+03 
2.818788e-01 1.237299e+03 1.044014e+03 
2.848990e-01 1.212077e+03 1.022834e+03 
2.879192e-01 1.188211e+03 1.002254e+03 
2.909394e-01 1.165739e+03 9.822504e+02 
2.939596e-01 1.144639e+03 9.628038e+02 
2.969798e-01 1.124827e+03 9.438941e+02 
3.000000e-01 1.106143e+03 9.255024e+02 
