1.000000e-03 3.668791e+03 3.668746e+03 
4.020202e-03 1.215475e+04 1.224878e+04 
7.040404e-03 1.764307e+04 1.775169e+04 
1.006061e-02 2.096638e+04 2.104702e+04 
1.308081e-02 2.271918e+04 2.275569e+04 
1.610101e-02 2.332534e+04 2.327540e+04 
1.912121e-02 2.310840e+04 2.293011e+04 
2.214141e-02 2.232910e+04 2.204426e+04 
2.516162e-02 2.120044e+04 2.090444e+04 
2.818182e-02 1.989343e+04 1.970338e+04 
3.120202e-02 1.853936e+04 1.853891e+04 
3.422222e-02 1.723311e+04 1.744778e+04 
3.724242e-02 1.603581e+04 1.643741e+04 
4.026263e-02 1.498114e+04 1.550402e+04 
4.328283e-02 1.407957e+04 1.464082e+04 
4.630303e-02 1.332066e+04 1.384089e+04 
4.932323e-02 1.269605e+04 1.309810e+04 
5.234343e-02 1.218361e+04 1.240715e+04 
5.536364e-02 1.174315e+04 1.176348e+04 
5.838384e-02 1.134903e+04 1.116310e+04 
6.140404e-02 1.097808e+04 1.060250e+04 
6.442424e-02 1.060727e+04 1.007853e+04 
6.744444e-02 1.022256e+04 9.588347e+03 
7.046465e-02 9.815711e+03 9.129374e+03 
7.348485e-02 9.384147e+03 8.699258e+03 
7.650505e-02 8.932686e+03 8.295849e+03 
7.952525e-02 8.470717e+03 7.917175e+03 
8.254545e-02 8.010031e+03 7.561427e+03 
8.556566e-02 7.562880e+03 7.226943e+03 
8.858586e-02 7.140027e+03 6.912197e+03 
9.160606e-02 6.750411e+03 6.615783e+03 
9.462626e-02 6.400748e+03 6.336410e+03 
9.764646e-02 6.094738e+03 6.072889e+03 
1.006667e-01 5.833831e+03 5.824124e+03 
1.036869e-01 5.615490e+03 5.589107e+03 
1.067071e-01 5.434809e+03 5.366907e+03 
1.097273e-01 5.283995e+03 5.156665e+03 
1.127475e-01 5.154707e+03 4.957592e+03 
1.157677e-01 5.038434e+03 4.768954e+03 
1.187879e-01 4.927750e+03 4.590076e+03 
1.218081e-01 4.816202e+03 4.420333e+03 
1.248283e-01 4.699017e+03 4.259147e+03 
1.278485e-01 4.572731e+03 4.105983e+03 
1.308687e-01 4.436270e+03 3.960343e+03 
1.338889e-01 4.290038e+03 3.821767e+03 
1.369091e-01 4.136413e+03 3.689829e+03 
1.399293e-01 3.978621e+03 3.564131e+03 
1.429495e-01 3.820605e+03 3.444305e+03 
1.459697e-01 3.665971e+03 3.330007e+03 
1.489899e-01 3.517977e+03 3.220917e+03 
1.520101e-01 3.379413e+03 3.116739e+03 
1.550303e-01 3.252663e+03 3.017195e+03 
1.580505e-01 3.139265e+03 2.922026e+03 
1.610707e-01 3.040001e+03 2.830991e+03 
1.640909e-01 2.954358e+03 2.743863e+03 
1.671111e-01 2.880925e+03 2.660432e+03 
1.701313e-01 2.817272e+03 2.580500e+03 
1.731515e-01 2.760772e+03 2.503881e+03 
1.761717e-01 2.708743e+03 2.430404e+03 
1.791919e-01 2.658938e+03 2.359905e+03 
1.822121e-01 2.609431e+03 2.292232e+03 
1.852323e-01 2.558769e+03 2.227242e+03 
1.882525e-01 2.505771e+03 2.164801e+03 
1.912727e-01 2.449637e+03 2.104782e+03 
1.942929e-01 2.390062e+03 2.047065e+03 
1.973131e-01 2.327456e+03 1.991541e+03 
2.003333e-01 2.262684e+03 1.938102e+03 
2.033535e-01 2.197004e+03 1.886651e+03 
2.063737e-01 2.131813e+03 1.837092e+03 
2.093939e-01 2.068504e+03 1.789339e+03 
2.124141e-01 2.008056e+03 1.743307e+03 
2.154343e-01 1.951226e+03 1.698918e+03 
2.184545e-01 1.898516e+03 1.656098e+03 
2.214747e-01 1.850221e+03 1.614776e+03 
2.244949e-01 1.806329e+03 1.574885e+03 
2.275152e-01 1.766626e+03 1.536363e+03 
2.305354e-01 1.730690e+03 1.499149e+03 
2.335556e-01 1.697905e+03 1.463189e+03 
2.365758e-01 1.667526e+03 1.428427e+03 
2.395960e-01 1.638792e+03 1.394813e+03 
2.426162e-01 1.610959e+03 1.362299e+03 
2.456364e-01 1.583366e+03 1.330839e+03 
2.486566e-01 1.555464e+03 1.300389e+03 
2.516768e-01 1.526908e+03 1.270909e+03 
2.546970e-01 1.497518e+03 1.242359e+03 
2.577172e-01 1.467302e+03 1.214701e+03 
2.607374e-01 1.436431e+03 1.187901e+03 
2.637576e-01 1.405199e+03 1.161923e+03 
2.667778e-01 1.373980e+03 1.136737e+03 
2.697980e-01 1.343166e+03 1.112311e+03 
2.728182e-01 1.313082e+03 1.088616e+03 
2.758384e-01 1.284021e+03 1.065624e+03 
2.788586e-01 1.256244e+03 1.043309e+03 
2.818788e-01 1.229934e+03 1.021645e+03 
2.848990e-01 1.205168e+03 1.000608e+03 
2.879192e-01 1.181955e+03 9.801751e+02 
2.909394e-01 1.160236e+03 9.603235e+02 
2.939596e-01 1.139856e+03 9.410326e+02 
2.969798e-01 1.120602e+03 9.222819e+02 
3.000000e-01 1.102251e+03 9.040524e+02 
