1.000000e-03 2.418497e+03 2.418470e+03 
4.020202e-03 8.000818e+03 8.064534e+03 
7.040404e-03 1.168730e+04 1.175323e+04 
1.006061e-02 1.402685e+04 1.403976e+04 
1.308081e-02 1.540889e+04 1.534240e+04 
1.610101e-02 1.610389e+04 1.594783e+04 
1.912121e-02 1.630921e+04 1.607247e+04 
2.214141e-02 1.617307e+04 1.588929e+04 
2.516162e-02 1.580949e+04 1.552456e+04 
2.818182e-02 1.530602e+04 1.505896e+04 
3.120202e-02 1.472823e+04 1.454018e+04 
3.422222e-02 1.412361e+04 1.399628e+04 
3.724242e-02 1.352332e+04 1.344442e+04 
4.026263e-02 1.294753e+04 1.289554e+04 
4.328283e-02 1.240336e+04 1.235681e+04 
4.630303e-02 1.189046e+04 1.183289e+04 
4.932323e-02 1.141730e+04 1.132681e+04 
5.234343e-02 1.097665e+04 1.084037e+04 
5.536364e-02 1.055042e+04 1.037454e+04 
5.838384e-02 1.013813e+04 9.929685e+03 
6.140404e-02 9.741976e+03 9.505731e+03 
6.442424e-02 9.357105e+03 9.102318e+03 
6.744444e-02 8.980138e+03 8.718876e+03 
7.046465e-02 8.610835e+03 8.354697e+03 
7.348485e-02 8.250929e+03 8.008992e+03 
7.650505e-02 7.903493e+03 7.680925e+03 
7.952525e-02 7.572792e+03 7.369639e+03 
8.254545e-02 7.262422e+03 7.074276e+03 
8.556566e-02 6.973743e+03 6.793994e+03 
8.858586e-02 6.706329e+03 6.527971e+03 
9.160606e-02 6.458180e+03 6.275417e+03 
9.462626e-02 6.227629e+03 6.035574e+03 
9.764646e-02 6.013279e+03 5.807720e+03 
1.006667e-01 5.813953e+03 5.591171e+03 
1.036869e-01 5.628093e+03 5.385277e+03 
1.067071e-01 5.453291e+03 5.189427e+03 
1.097273e-01 5.286669e+03 5.003044e+03 
1.127475e-01 5.125149e+03 4.825587e+03 
1.157677e-01 4.966939e+03 4.656546e+03 
1.187879e-01 4.810948e+03 4.495443e+03 
1.218081e-01 4.657276e+03 4.341828e+03 
1.248283e-01 4.506948e+03 4.195281e+03 
1.278485e-01 4.360974e+03 4.055407e+03 
1.308687e-01 4.220307e+03 3.921836e+03 
1.338889e-01 4.085725e+03 3.794220e+03 
1.369091e-01 3.957649e+03 3.672235e+03 
1.399293e-01 3.836345e+03 3.555574e+03 
1.429495e-01 3.721701e+03 3.443953e+03 
1.459697e-01 3.613500e+03 3.337102e+03 
1.489899e-01 3.511382e+03 3.234769e+03 
1.520101e-01 3.414930e+03 3.136717e+03 
1.550303e-01 3.323637e+03 3.042725e+03 
1.580505e-01 3.236941e+03 2.952583e+03 
1.610707e-01 3.154205e+03 2.866095e+03 
1.640909e-01 3.074723e+03 2.783077e+03 
1.671111e-01 2.997830e+03 2.703355e+03 
1.701313e-01 2.922928e+03 2.626765e+03 
1.731515e-01 2.849601e+03 2.553154e+03 
1.761717e-01 2.777851e+03 2.482376e+03 
1.791919e-01 2.707772e+03 2.414295e+03 
1.822121e-01 2.639565e+03 2.348782e+03 
1.852323e-01 2.573435e+03 2.285716e+03 
1.882525e-01 2.509405e+03 2.224981e+03 
1.912727e-01 2.447427e+03 2.166470e+03 
1.942929e-01 2.387560e+03 2.110079e+03 
1.973131e-01 2.329931e+03 2.055713e+03 
2.003333e-01 2.274636e+03 2.003280e+03 
2.033535e-01 2.221733e+03 1.952692e+03 
2.063737e-01 2.171162e+03 1.903869e+03 
2.093939e-01 2.122659e+03 1.856732e+03 
2.124141e-01 2.075952e+03 1.811208e+03 
2.154343e-01 2.030807e+03 1.767228e+03 
2.184545e-01 1.987024e+03 1.724724e+03 
2.214747e-01 1.944531e+03 1.683635e+03 
2.244949e-01 1.903290e+03 1.643901e+03 
2.275152e-01 1.863213e+03 1.605465e+03 
2.305354e-01 1.824188e+03 1.568274e+03 
2.335556e-01 1.786137e+03 1.532276e+03 
2.365758e-01 1.749011e+03 1.497424e+03 
2.395960e-01 1.712806e+03 1.463670e+03 
2.426162e-01 1.677570e+03 1.430972e+03 
2.456364e-01 1.643337e+03 1.399286e+03 
2.486566e-01 1.610116e+03 1.368574e+03 
2.516768e-01 1.577897e+03 1.338798e+03 
2.546970e-01 1.546638e+03 1.309920e+03 
2.577172e-01 1.516293e+03 1.281908e+03 
2.607374e-01 1.486831e+03 1.254727e+03 
2.637576e-01 1.458227e+03 1.228347e+03 
2.667778e-01 1.430468e+03 1.202737e+03 
2.697980e-01 1.403546e+03 1.177869e+03 
2.728182e-01 1.377423e+03 1.153716e+03 
2.758384e-01 1.352028e+03 1.130251e+03 
2.788586e-01 1.327295e+03 1.107450e+03 
2.818788e-01 1.303160e+03 1.085289e+03 
2.848990e-01 1.279577e+03 1.063744e+03 
2.879192e-01 1.256546e+03 1.042794e+03 
2.909394e-01 1.234071e+03 1.022419e+03 
2.939596e-01 1.212156e+03 1.002597e+03 
2.969798e-01 1.190800e+03 9.833102e+02 
3.000000e-01 1.169982e+03 9.645398e+02 
