1.000000e-03 2.345939e+03 2.345913e+03 
4.020202e-03 7.808379e+03 7.871387e+03 
7.040404e-03 1.141356e+04 1.147729e+04 
1.006061e-02 1.369797e+04 1.370485e+04 
1.308081e-02 1.504922e+04 1.497199e+04 
1.610101e-02 1.573662e+04 1.556752e+04 
1.912121e-02 1.595357e+04 1.570645e+04 
2.214141e-02 1.584473e+04 1.555366e+04 
2.516162e-02 1.551859e+04 1.522503e+04 
2.818182e-02 1.505771e+04 1.479404e+04 
3.120202e-02 1.452303e+04 1.430537e+04 
3.422222e-02 1.395739e+04 1.378668e+04 
3.724242e-02 1.338983e+04 1.325573e+04 
4.026263e-02 1.283847e+04 1.272431e+04 
4.328283e-02 1.230424e+04 1.220031e+04 
4.630303e-02 1.179955e+04 1.168903e+04 
4.932323e-02 1.133204e+04 1.119391e+04 
5.234343e-02 1.088285e+04 1.071710e+04 
5.536364e-02 1.044638e+04 1.025983e+04 
5.838384e-02 1.002643e+04 9.822636e+03 
6.140404e-02 9.622297e+03 9.405597e+03 
6.442424e-02 9.231955e+03 9.008461e+03 
6.744444e-02 8.853814e+03 8.630745e+03 
7.046465e-02 8.487562e+03 8.271813e+03 
7.348485e-02 8.135239e+03 7.930933e+03 
7.650505e-02 7.799579e+03 7.607315e+03 
7.952525e-02 7.483740e+03 7.300143e+03 
8.254545e-02 7.189037e+03 7.008594e+03 
8.556566e-02 6.915037e+03 6.731854e+03 
8.858586e-02 6.659728e+03 6.469127e+03 
9.160606e-02 6.420457e+03 6.219646e+03 
9.462626e-02 6.195701e+03 5.982670e+03 
9.764646e-02 5.984376e+03 5.757497e+03 
1.006667e-01 5.785551e+03 5.543457e+03 
1.036869e-01 5.597910e+03 5.339914e+03 
1.067071e-01 5.419219e+03 5.146270e+03 
1.097273e-01 5.247229e+03 4.961959e+03 
1.127475e-01 5.079896e+03 4.786450e+03 
1.157677e-01 4.916341e+03 4.619241e+03 
1.187879e-01 4.756809e+03 4.459864e+03 
1.218081e-01 4.602014e+03 4.307876e+03 
1.248283e-01 4.452929e+03 4.162864e+03 
1.278485e-01 4.310266e+03 4.024439e+03 
1.308687e-01 4.174387e+03 3.892237e+03 
1.338889e-01 4.045484e+03 3.765917e+03 
1.369091e-01 3.923324e+03 3.645157e+03 
1.399293e-01 3.807575e+03 3.529657e+03 
1.429495e-01 3.697794e+03 3.419135e+03 
1.459697e-01 3.593487e+03 3.313327e+03 
1.489899e-01 3.494177e+03 3.211983e+03 
1.520101e-01 3.399404e+03 3.114871e+03 
1.550303e-01 3.308714e+03 3.021770e+03 
1.580505e-01 3.221678e+03 2.932477e+03 
1.610707e-01 3.137853e+03 2.846795e+03 
1.640909e-01 3.056754e+03 2.764544e+03 
1.671111e-01 2.977912e+03 2.685553e+03 
1.701313e-01 2.901189e+03 2.609658e+03 
1.731515e-01 2.826662e+03 2.536710e+03 
1.761717e-01 2.754434e+03 2.466565e+03 
1.791919e-01 2.684637e+03 2.399087e+03 
1.822121e-01 2.617351e+03 2.334150e+03 
1.852323e-01 2.552472e+03 2.271633e+03 
1.882525e-01 2.489878e+03 2.211424e+03 
1.912727e-01 2.429542e+03 2.153414e+03 
1.942929e-01 2.371479e+03 2.097503e+03 
1.973131e-01 2.315667e+03 2.043596e+03 
2.003333e-01 2.262047e+03 1.991601e+03 
2.033535e-01 2.210503e+03 1.941434e+03 
2.063737e-01 2.160806e+03 1.893013e+03 
2.093939e-01 2.112727e+03 1.846262e+03 
2.124141e-01 2.066110e+03 1.801108e+03 
2.154343e-01 2.020829e+03 1.757481e+03 
2.184545e-01 1.976838e+03 1.715318e+03 
2.214747e-01 1.934147e+03 1.674554e+03 
2.244949e-01 1.892730e+03 1.635133e+03 
2.275152e-01 1.852512e+03 1.596997e+03 
2.305354e-01 1.813423e+03 1.560095e+03 
2.335556e-01 1.775425e+03 1.524374e+03 
2.365758e-01 1.738491e+03 1.489788e+03 
2.395960e-01 1.702636e+03 1.456290e+03 
2.426162e-01 1.667898e+03 1.423838e+03 
2.456364e-01 1.634253e+03 1.392389e+03 
2.486566e-01 1.601624e+03 1.361904e+03 
2.516768e-01 1.569938e+03 1.332347e+03 
2.546970e-01 1.539141e+03 1.303680e+03 
2.577172e-01 1.509185e+03 1.275871e+03 
2.607374e-01 1.480065e+03 1.248886e+03 
2.637576e-01 1.451785e+03 1.222694e+03 
2.667778e-01 1.424315e+03 1.197266e+03 
2.697980e-01 1.397603e+03 1.172573e+03 
2.728182e-01 1.371597e+03 1.148589e+03 
2.758384e-01 1.346248e+03 1.125287e+03 
2.788586e-01 1.321513e+03 1.102643e+03 
2.818788e-01 1.297385e+03 1.080633e+03 
2.848990e-01 1.273861e+03 1.059234e+03 
2.879192e-01 1.250943e+03 1.038426e+03 
2.909394e-01 1.228635e+03 1.018186e+03 
2.939596e-01 1.206918e+03 9.984964e+02 
2.969798e-01 1.185754e+03 9.793367e+02 
3.000000e-01 1.165108e+03 9.606892e+02 
