1.000000e-03 3.126926e+03 3.126898e+03 
4.020202e-03 1.026837e+04 1.034851e+04 
7.040404e-03 1.488191e+04 1.496871e+04 
1.006061e-02 1.770523e+04 1.774757e+04 
1.308081e-02 1.925079e+04 1.922697e+04 
1.610101e-02 1.987671e+04 1.976395e+04 
1.912121e-02 1.984885e+04 1.964067e+04 
2.214141e-02 1.937479e+04 1.911031e+04 
2.516162e-02 1.861855e+04 1.837365e+04 
2.818182e-02 1.770960e+04 1.755802e+04 
3.120202e-02 1.674489e+04 1.672984e+04 
3.422222e-02 1.579400e+04 1.591940e+04 
3.724242e-02 1.490192e+04 1.513946e+04 
4.026263e-02 1.409463e+04 1.439497e+04 
4.328283e-02 1.337249e+04 1.368752e+04 
4.630303e-02 1.273832e+04 1.301718e+04 
4.932323e-02 1.219478e+04 1.238323e+04 
5.234343e-02 1.171000e+04 1.178453e+04 
5.536364e-02 1.126213e+04 1.121968e+04 
5.838384e-02 1.084234e+04 1.068715e+04 
6.140404e-02 1.043532e+04 1.018529e+04 
6.442424e-02 1.002954e+04 9.712454e+03 
6.744444e-02 9.619636e+03 9.266989e+03 
7.046465e-02 9.203273e+03 8.847274e+03 
7.348485e-02 8.782345e+03 8.451741e+03 
7.650505e-02 8.363036e+03 8.078884e+03 
7.952525e-02 7.953211e+03 7.727272e+03 
8.254545e-02 7.560649e+03 7.395548e+03 
8.556566e-02 7.191973e+03 7.082432e+03 
8.858586e-02 6.851259e+03 6.786726e+03 
9.160606e-02 6.540975e+03 6.507303e+03 
9.462626e-02 6.262374e+03 6.243113e+03 
9.764646e-02 6.015538e+03 5.993175e+03 
1.006667e-01 5.798870e+03 5.756574e+03 
1.036869e-01 5.608646e+03 5.532460e+03 
1.067071e-01 5.439811e+03 5.320040e+03 
1.097273e-01 5.285839e+03 5.118577e+03 
1.127475e-01 5.140660e+03 4.927385e+03 
1.157677e-01 4.998898e+03 4.745828e+03 
1.187879e-01 4.857019e+03 4.573313e+03 
1.218081e-01 4.713065e+03 4.409287e+03 
1.248283e-01 4.566324e+03 4.253239e+03 
1.278485e-01 4.416956e+03 4.104690e+03 
1.308687e-01 4.266066e+03 3.963196e+03 
1.338889e-01 4.115315e+03 3.828342e+03 
1.369091e-01 3.966969e+03 3.699743e+03 
1.399293e-01 3.823430e+03 3.577039e+03 
1.429495e-01 3.686690e+03 3.459894e+03 
1.459697e-01 3.558375e+03 3.347995e+03 
1.489899e-01 3.439240e+03 3.241049e+03 
1.520101e-01 3.329717e+03 3.138782e+03 
1.550303e-01 3.229862e+03 3.040939e+03 
1.580505e-01 3.139353e+03 2.947280e+03 
1.610707e-01 3.057250e+03 2.857581e+03 
1.640909e-01 2.982254e+03 2.771633e+03 
1.671111e-01 2.912642e+03 2.689239e+03 
1.701313e-01 2.846668e+03 2.610214e+03 
1.731515e-01 2.782626e+03 2.534386e+03 
1.761717e-01 2.719301e+03 2.461592e+03 
1.791919e-01 2.655950e+03 2.391678e+03 
1.822121e-01 2.592220e+03 2.324502e+03 
1.852323e-01 2.528042e+03 2.259929e+03 
1.882525e-01 2.463553e+03 2.197831e+03 
1.912727e-01 2.399029e+03 2.138089e+03 
1.942929e-01 2.334953e+03 2.080590e+03 
1.973131e-01 2.271919e+03 2.025228e+03 
2.003333e-01 2.210651e+03 1.971902e+03 
2.033535e-01 2.151846e+03 1.920517e+03 
2.063737e-01 2.095941e+03 1.870985e+03 
2.093939e-01 2.043228e+03 1.823221e+03 
2.124141e-01 1.993738e+03 1.777145e+03 
2.154343e-01 1.947383e+03 1.732681e+03 
2.184545e-01 1.903908e+03 1.689759e+03 
2.214747e-01 1.862998e+03 1.648309e+03 
2.244949e-01 1.824270e+03 1.608269e+03 
2.275152e-01 1.787307e+03 1.569577e+03 
2.305354e-01 1.751658e+03 1.532177e+03 
2.335556e-01 1.716958e+03 1.496012e+03 
2.365758e-01 1.682935e+03 1.461032e+03 
2.395960e-01 1.649385e+03 1.427187e+03 
2.426162e-01 1.616156e+03 1.394431e+03 
2.456364e-01 1.583176e+03 1.362718e+03 
2.486566e-01 1.550430e+03 1.332007e+03 
2.516768e-01 1.517974e+03 1.302257e+03 
2.546970e-01 1.485913e+03 1.273431e+03 
2.577172e-01 1.454430e+03 1.245491e+03 
2.607374e-01 1.423733e+03 1.218404e+03 
2.637576e-01 1.394016e+03 1.192135e+03 
2.667778e-01 1.365427e+03 1.166654e+03 
2.697980e-01 1.337994e+03 1.141930e+03 
2.728182e-01 1.311696e+03 1.117935e+03 
2.758384e-01 1.286464e+03 1.094642e+03 
2.788586e-01 1.262228e+03 1.072024e+03 
2.818788e-01 1.238927e+03 1.050056e+03 
2.848990e-01 1.216490e+03 1.028715e+03 
2.879192e-01 1.194825e+03 1.007977e+03 
2.909394e-01 1.173822e+03 9.878221e+02 
2.939596e-01 1.153352e+03 9.682279e+02 
2.969798e-01 1.133309e+03 9.491749e+02 
3.000000e-01 1.113607e+03 9.306442e+02 
