1.000000e-03 4.901133e+03 4.901082e+03 
4.020202e-03 1.634274e+04 1.647068e+04 
7.040404e-03 2.384636e+04 2.402395e+04 
1.006061e-02 2.841799e+04 2.863372e+04 
1.308081e-02 3.078745e+04 3.106085e+04 
1.610101e-02 3.149127e+04 3.175595e+04 
1.912121e-02 3.095846e+04 3.106460e+04 
2.214141e-02 2.955266e+04 2.939284e+04 
2.516162e-02 2.758715e+04 2.720602e+04 
2.818182e-02 2.532637e+04 2.490417e+04 
3.120202e-02 2.298368e+04 2.273302e+04 
3.422222e-02 2.072006e+04 2.079362e+04 
3.724242e-02 1.864529e+04 1.909919e+04 
4.026263e-02 1.682680e+04 1.762498e+04 
4.328283e-02 1.528490e+04 1.633643e+04 
4.630303e-02 1.401957e+04 1.520100e+04 
4.932323e-02 1.303101e+04 1.419167e+04 
5.234343e-02 1.227746e+04 1.328706e+04 
5.536364e-02 1.171086e+04 1.247049e+04 
5.838384e-02 1.129067e+04 1.172893e+04 
6.140404e-02 1.097315e+04 1.105208e+04 
6.442424e-02 1.071564e+04 1.043167e+04 
6.744444e-02 1.047970e+04 9.860975e+03 
7.046465e-02 1.023361e+04 9.334400e+03 
7.348485e-02 9.952781e+03 8.847259e+03 
7.650505e-02 9.620939e+03 8.395560e+03 
7.952525e-02 9.231225e+03 7.975866e+03 
8.254545e-02 8.787054e+03 7.585188e+03 
8.556566e-02 8.299214e+03 7.220910e+03 
8.858586e-02 7.783555e+03 6.880722e+03 
9.160606e-02 7.258858e+03 6.562573e+03 
9.462626e-02 6.744080e+03 6.264636e+03 
9.764646e-02 6.257123e+03 5.985273e+03 
1.006667e-01 5.812762e+03 5.723012e+03 
1.036869e-01 5.422006e+03 5.476523e+03 
1.067071e-01 5.090929e+03 5.244607e+03 
1.097273e-01 4.820843e+03 5.026173e+03 
1.127475e-01 4.609265e+03 4.820231e+03 
1.157677e-01 4.450330e+03 4.625880e+03 
1.187879e-01 4.336395e+03 4.442295e+03 
1.218081e-01 4.258277e+03 4.268725e+03 
1.248283e-01 4.206045e+03 4.104481e+03 
1.278485e-01 4.169157e+03 3.948930e+03 
1.308687e-01 4.137372e+03 3.801492e+03 
1.338889e-01 4.101024e+03 3.661634e+03 
1.369091e-01 4.052328e+03 3.528863e+03 
1.399293e-01 3.985314e+03 3.402727e+03 
1.429495e-01 3.897119e+03 3.282807e+03 
1.459697e-01 3.787025e+03 3.168716e+03 
1.489899e-01 3.656590e+03 3.060096e+03 
1.520101e-01 3.509238e+03 2.956616e+03 
1.550303e-01 3.349740e+03 2.857969e+03 
1.580505e-01 3.183952e+03 2.763868e+03 
1.610707e-01 3.018136e+03 2.674050e+03 
1.640909e-01 2.858649e+03 2.588267e+03 
1.671111e-01 2.710894e+03 2.506291e+03 
1.701313e-01 2.578929e+03 2.427906e+03 
1.731515e-01 2.465060e+03 2.352915e+03 
1.761717e-01 2.370238e+03 2.281131e+03 
1.791919e-01 2.293890e+03 2.212379e+03 
1.822121e-01 2.234687e+03 2.146499e+03 
1.852323e-01 2.190590e+03 2.083337e+03 
1.882525e-01 2.159096e+03 2.022752e+03 
1.912727e-01 2.137249e+03 1.964609e+03 
1.942929e-01 2.121711e+03 1.908785e+03 
1.973131e-01 2.108944e+03 1.855162e+03 
2.003333e-01 2.095457e+03 1.803629e+03 
2.033535e-01 2.078120e+03 1.754083e+03 
2.063737e-01 2.054593e+03 1.706427e+03 
2.093939e-01 2.023394e+03 1.660569e+03 
2.124141e-01 1.983958e+03 1.616423e+03 
2.154343e-01 1.936620e+03 1.573907e+03 
2.184545e-01 1.882322e+03 1.532946e+03 
2.214747e-01 1.822568e+03 1.493466e+03 
2.244949e-01 1.759153e+03 1.455401e+03 
2.275152e-01 1.694159e+03 1.418684e+03 
2.305354e-01 1.629662e+03 1.383255e+03 
2.335556e-01 1.567666e+03 1.349058e+03 
2.365758e-01 1.509851e+03 1.316036e+03 
2.395960e-01 1.457587e+03 1.284140e+03 
2.426162e-01 1.411685e+03 1.253319e+03 
2.456364e-01 1.372562e+03 1.223528e+03 
2.486566e-01 1.340133e+03 1.194723e+03 
2.516768e-01 1.313959e+03 1.166862e+03 
2.546970e-01 1.293271e+03 1.139906e+03 
2.577172e-01 1.277045e+03 1.113818e+03 
2.607374e-01 1.264105e+03 1.088561e+03 
2.637576e-01 1.253171e+03 1.064102e+03 
2.667778e-01 1.242983e+03 1.040409e+03 
2.697980e-01 1.232374e+03 1.017452e+03 
2.728182e-01 1.220360e+03 9.951998e+02 
2.758384e-01 1.206161e+03 9.736264e+02 
2.788586e-01 1.189313e+03 9.527050e+02 
2.818788e-01 1.169585e+03 9.324104e+02 
2.848990e-01 1.147056e+03 9.127186e+02 
2.879192e-01 1.122013e+03 8.936068e+02 
2.909394e-01 1.094990e+03 8.750531e+02 
2.939596e-01 1.066635e+03 8.570367e+02 
2.969798e-01 1.037682e+03 8.395378e+02 
3.000000e-01 1.008890e+03 8.225374e+02 
