1.000000e-03 4.420846e+03 4.420797e+03 
4.020202e-03 1.466280e+04 1.477711e+04 
7.040404e-03 2.128152e+04 2.142780e+04 
1.006061e-02 2.525417e+04 2.540528e+04 
1.308081e-02 2.727960e+04 2.743444e+04 
1.610101e-02 2.786344e+04 2.795919e+04 
1.912121e-02 2.739991e+04 2.733814e+04 
2.214141e-02 2.621621e+04 2.596753e+04 
2.516162e-02 2.458514e+04 2.424483e+04 
2.818182e-02 2.273204e+04 2.246678e+04 
3.120202e-02 2.083300e+04 2.079252e+04 
3.422222e-02 1.901666e+04 1.927834e+04 
3.724242e-02 1.736702e+04 1.792719e+04 
4.026263e-02 1.593297e+04 1.672201e+04 
4.328283e-02 1.472460e+04 1.564178e+04 
4.630303e-02 1.373364e+04 1.466735e+04 
4.932323e-02 1.295849e+04 1.378295e+04 
5.234343e-02 1.235700e+04 1.297595e+04 
5.536364e-02 1.188179e+04 1.223628e+04 
5.838384e-02 1.150069e+04 1.155580e+04 
6.140404e-02 1.117246e+04 1.092784e+04 
6.442424e-02 1.086234e+04 1.034687e+04 
6.744444e-02 1.054474e+04 9.808158e+03 
7.046465e-02 1.019889e+04 9.307679e+03 
7.348485e-02 9.812630e+03 8.841916e+03 
7.650505e-02 9.382378e+03 8.407786e+03 
7.952525e-02 8.912768e+03 8.002561e+03 
8.254545e-02 8.415822e+03 7.623814e+03 
8.556566e-02 7.907201e+03 7.269370e+03 
8.858586e-02 7.403836e+03 6.937279e+03 
9.160606e-02 6.921870e+03 6.625777e+03 
9.462626e-02 6.475029e+03 6.333273e+03 
9.764646e-02 6.074752e+03 6.058321e+03 
1.006667e-01 5.727737e+03 5.799608e+03 
1.036869e-01 5.437264e+03 5.555939e+03 
1.067071e-01 5.201667e+03 5.326223e+03 
1.097273e-01 5.016261e+03 5.109462e+03 
1.127475e-01 4.873293e+03 4.904746e+03 
1.157677e-01 4.763682e+03 4.711237e+03 
1.187879e-01 4.677526e+03 4.528170e+03 
1.218081e-01 4.604926e+03 4.354840e+03 
1.248283e-01 4.536321e+03 4.190598e+03 
1.278485e-01 4.463254e+03 4.034847e+03 
1.308687e-01 4.378917e+03 3.887038e+03 
1.338889e-01 4.278902e+03 3.746663e+03 
1.369091e-01 4.161479e+03 3.613251e+03 
1.399293e-01 4.027266e+03 3.486370e+03 
1.429495e-01 3.878965e+03 3.365618e+03 
1.459697e-01 3.720410e+03 3.250622e+03 
1.489899e-01 3.556251e+03 3.141037e+03 
1.520101e-01 3.391493e+03 3.036543e+03 
1.550303e-01 3.231407e+03 2.936841e+03 
1.580505e-01 3.080818e+03 2.841654e+03 
1.610707e-01 2.943913e+03 2.750725e+03 
1.640909e-01 2.823433e+03 2.663813e+03 
1.671111e-01 2.720899e+03 2.580695e+03 
1.701313e-01 2.635811e+03 2.501160e+03 
1.731515e-01 2.566684e+03 2.425014e+03 
1.761717e-01 2.511071e+03 2.352074e+03 
1.791919e-01 2.466287e+03 2.282170e+03 
1.822121e-01 2.429507e+03 2.215141e+03 
1.852323e-01 2.397801e+03 2.150838e+03 
1.882525e-01 2.368199e+03 2.089120e+03 
1.912727e-01 2.337845e+03 2.029856e+03 
1.942929e-01 2.304153e+03 1.972922e+03 
1.973131e-01 2.265168e+03 1.918203e+03 
2.003333e-01 2.219785e+03 1.865588e+03 
2.033535e-01 2.167959e+03 1.814974e+03 
2.063737e-01 2.110424e+03 1.766267e+03 
2.093939e-01 2.048485e+03 1.719374e+03 
2.124141e-01 1.983796e+03 1.674209e+03 
2.154343e-01 1.918119e+03 1.630691e+03 
2.184545e-01 1.853128e+03 1.588745e+03 
2.214747e-01 1.790399e+03 1.548298e+03 
2.244949e-01 1.731356e+03 1.509282e+03 
2.275152e-01 1.677126e+03 1.471633e+03 
2.305354e-01 1.628530e+03 1.435289e+03 
2.335556e-01 1.585872e+03 1.400194e+03 
2.365758e-01 1.549107e+03 1.366292e+03 
2.395960e-01 1.517749e+03 1.333532e+03 
2.426162e-01 1.491072e+03 1.301865e+03 
2.456364e-01 1.468087e+03 1.271244e+03 
2.486566e-01 1.447734e+03 1.241626e+03 
2.516768e-01 1.428916e+03 1.212968e+03 
2.546970e-01 1.410589e+03 1.185232e+03 
2.577172e-01 1.391782e+03 1.158378e+03 
2.607374e-01 1.371755e+03 1.132372e+03 
2.637576e-01 1.349966e+03 1.107180e+03 
2.667778e-01 1.326176e+03 1.082768e+03 
2.697980e-01 1.300390e+03 1.059106e+03 
2.728182e-01 1.272857e+03 1.036165e+03 
2.758384e-01 1.243984e+03 1.013916e+03 
2.788586e-01 1.214282e+03 9.923334e+02 
2.818788e-01 1.184337e+03 9.713911e+02 
2.848990e-01 1.154741e+03 9.510650e+02 
2.879192e-01 1.126033e+03 9.313321e+02 
2.909394e-01 1.098689e+03 9.121700e+02 
2.939596e-01 1.073096e+03 8.935579e+02 
2.969798e-01 1.049511e+03 8.754755e+02 
3.000000e-01 1.028069e+03 8.579036e+02 
