1.000000e-03 2.416665e+03 2.416642e+03 
4.020202e-03 8.174487e+03 8.239017e+03 
7.040404e-03 1.200433e+04 1.207007e+04 
1.006061e-02 1.442721e+04 1.444012e+04 
1.308081e-02 1.584013e+04 1.577532e+04 
1.610101e-02 1.652591e+04 1.637235e+04 
1.912121e-02 1.669321e+04 1.646152e+04 
2.214141e-02 1.650150e+04 1.623114e+04 
2.516162e-02 1.607503e+04 1.581845e+04 
2.818182e-02 1.550868e+04 1.530923e+04 
3.120202e-02 1.487419e+04 1.475248e+04 
3.422222e-02 1.422164e+04 1.417600e+04 
3.724242e-02 1.358481e+04 1.359624e+04 
4.026263e-02 1.298312e+04 1.302340e+04 
4.328283e-02 1.241657e+04 1.246401e+04 
4.630303e-02 1.189587e+04 1.192225e+04 
4.932323e-02 1.142455e+04 1.140070e+04 
5.234343e-02 1.097880e+04 1.090083e+04 
5.536364e-02 1.054968e+04 1.042332e+04 
5.838384e-02 1.013731e+04 9.968294e+03 
6.140404e-02 9.736638e+03 9.535491e+03 
6.442424e-02 9.343248e+03 9.124373e+03 
6.744444e-02 8.955489e+03 8.734221e+03 
7.046465e-02 8.574079e+03 8.364204e+03 
7.348485e-02 8.201649e+03 8.013423e+03 
7.650505e-02 7.843120e+03 7.680946e+03 
7.952525e-02 7.503238e+03 7.365835e+03 
8.254545e-02 7.185574e+03 7.067161e+03 
8.556566e-02 6.891200e+03 6.784019e+03 
8.858586e-02 6.619574e+03 6.515534e+03 
9.160606e-02 6.369281e+03 6.260866e+03 
9.462626e-02 6.138933e+03 6.019216e+03 
9.764646e-02 5.927341e+03 5.789826e+03 
1.006667e-01 5.732611e+03 5.571979e+03 
1.036869e-01 5.552078e+03 5.364997e+03 
1.067071e-01 5.381874e+03 5.168244e+03 
1.097273e-01 5.218322e+03 4.981122e+03 
1.127475e-01 5.058321e+03 4.803068e+03 
1.157677e-01 4.899993e+03 4.633557e+03 
1.187879e-01 4.743313e+03 4.472095e+03 
1.218081e-01 4.588736e+03 4.318219e+03 
1.248283e-01 4.437333e+03 4.171497e+03 
1.278485e-01 4.290209e+03 4.031524e+03 
1.308687e-01 4.148385e+03 3.897919e+03 
1.338889e-01 4.012780e+03 3.770328e+03 
1.369091e-01 3.884040e+03 3.648418e+03 
1.399293e-01 3.762634e+03 3.531876e+03 
1.429495e-01 3.648576e+03 3.420412e+03 
1.459697e-01 3.541706e+03 3.313752e+03 
1.489899e-01 3.441523e+03 3.211638e+03 
1.520101e-01 3.347424e+03 3.113830e+03 
1.550303e-01 3.258745e+03 3.020102e+03 
1.580505e-01 3.174772e+03 2.930243e+03 
1.610707e-01 3.094622e+03 2.844052e+03 
1.640909e-01 3.017364e+03 2.761344e+03 
1.671111e-01 2.942250e+03 2.681941e+03 
1.701313e-01 2.868664e+03 2.605679e+03 
1.731515e-01 2.796391e+03 2.532403e+03 
1.761717e-01 2.725467e+03 2.461964e+03 
1.791919e-01 2.656042e+03 2.394227e+03 
1.822121e-01 2.588343e+03 2.329059e+03 
1.852323e-01 2.522535e+03 2.266339e+03 
1.882525e-01 2.458726e+03 2.205952e+03 
1.912727e-01 2.397067e+03 2.147787e+03 
1.942929e-01 2.337756e+03 2.091742e+03 
1.973131e-01 2.280950e+03 2.037719e+03 
2.003333e-01 2.226744e+03 1.985626e+03 
2.033535e-01 2.175092e+03 1.935377e+03 
2.063737e-01 2.125735e+03 1.886888e+03 
2.093939e-01 2.078405e+03 1.840082e+03 
2.124141e-01 2.032849e+03 1.794885e+03 
2.154343e-01 1.988851e+03 1.751227e+03 
2.184545e-01 1.946279e+03 1.709042e+03 
2.214747e-01 1.904999e+03 1.668266e+03 
2.244949e-01 1.864836e+03 1.628841e+03 
2.275152e-01 1.825634e+03 1.590708e+03 
2.305354e-01 1.787325e+03 1.553816e+03 
2.335556e-01 1.749876e+03 1.518112e+03 
2.365758e-01 1.713329e+03 1.483548e+03 
2.395960e-01 1.677738e+03 1.450077e+03 
2.426162e-01 1.643131e+03 1.417656e+03 
2.456364e-01 1.609521e+03 1.386244e+03 
2.486566e-01 1.576881e+03 1.355799e+03 
2.516768e-01 1.545173e+03 1.326285e+03 
2.546970e-01 1.514399e+03 1.297665e+03 
2.577172e-01 1.484578e+03 1.269904e+03 
2.607374e-01 1.455725e+03 1.242970e+03 
2.637576e-01 1.427847e+03 1.216832e+03 
2.667778e-01 1.400884e+03 1.191459e+03 
2.697980e-01 1.374727e+03 1.166823e+03 
2.728182e-01 1.349279e+03 1.142897e+03 
2.758384e-01 1.324460e+03 1.119655e+03 
2.788586e-01 1.300227e+03 1.097071e+03 
2.818788e-01 1.276577e+03 1.075123e+03 
2.848990e-01 1.253510e+03 1.053786e+03 
2.879192e-01 1.231028e+03 1.033041e+03 
2.909394e-01 1.209117e+03 1.012865e+03 
2.939596e-01 1.187724e+03 9.932384e+02 
2.969798e-01 1.166814e+03 9.741427e+02 
3.000000e-01 1.146377e+03 9.555593e+02 
