1.000000e-03 2.840737e+03 2.840710e+03 
4.020202e-03 9.608739e+03 9.682684e+03 
7.040404e-03 1.414607e+04 1.423229e+04 
1.006061e-02 1.701662e+04 1.707453e+04 
1.308081e-02 1.865232e+04 1.866538e+04 
1.610101e-02 1.937031e+04 1.931036e+04 
1.912121e-02 1.941708e+04 1.926012e+04 
2.214141e-02 1.899162e+04 1.876034e+04 
2.516162e-02 1.825871e+04 1.802537e+04 
2.818182e-02 1.735183e+04 1.720135e+04 
3.120202e-02 1.637481e+04 1.636704e+04 
3.422222e-02 1.540414e+04 1.555736e+04 
3.724242e-02 1.449263e+04 1.478513e+04 
4.026263e-02 1.366907e+04 1.405372e+04 
4.328283e-02 1.293780e+04 1.336287e+04 
4.630303e-02 1.231351e+04 1.271108e+04 
4.932323e-02 1.178981e+04 1.209649e+04 
5.234343e-02 1.133758e+04 1.151719e+04 
5.536364e-02 1.093392e+04 1.097127e+04 
5.838384e-02 1.056290e+04 1.045686e+04 
6.140404e-02 1.021183e+04 9.972170e+03 
6.442424e-02 9.863726e+03 9.515450e+03 
6.744444e-02 9.506486e+03 9.085026e+03 
7.046465e-02 9.134118e+03 8.679291e+03 
7.348485e-02 8.745686e+03 8.296714e+03 
7.650505e-02 8.345431e+03 7.935842e+03 
7.952525e-02 7.941488e+03 7.595300e+03 
8.254545e-02 7.543972e+03 7.273792e+03 
8.556566e-02 7.161872e+03 6.970103e+03 
8.858586e-02 6.802418e+03 6.683090e+03 
9.160606e-02 6.470769e+03 6.411687e+03 
9.462626e-02 6.170579e+03 6.154896e+03 
9.764646e-02 5.904078e+03 5.911785e+03 
1.006667e-01 5.671955e+03 5.681488e+03 
1.036869e-01 5.472878e+03 5.463196e+03 
1.067071e-01 5.302969e+03 5.256155e+03 
1.097273e-01 5.156474e+03 5.059667e+03 
1.127475e-01 5.026192e+03 4.873077e+03 
1.157677e-01 4.905291e+03 4.695780e+03 
1.187879e-01 4.787505e+03 4.527209e+03 
1.218081e-01 4.668590e+03 4.366840e+03 
1.248283e-01 4.545486e+03 4.214181e+03 
1.278485e-01 4.416813e+03 4.068777e+03 
1.308687e-01 4.282164e+03 3.930203e+03 
1.338889e-01 4.142466e+03 3.798061e+03 
1.369091e-01 3.999373e+03 3.671982e+03 
1.399293e-01 3.855321e+03 3.551621e+03 
1.429495e-01 3.712986e+03 3.436656e+03 
1.459697e-01 3.575168e+03 3.326785e+03 
1.489899e-01 3.444246e+03 3.221727e+03 
1.520101e-01 3.322226e+03 3.121219e+03 
1.550303e-01 3.210387e+03 3.025015e+03 
1.580505e-01 3.109520e+03 2.932884e+03 
1.610707e-01 3.019629e+03 2.844611e+03 
1.640909e-01 2.940150e+03 2.759993e+03 
1.671111e-01 2.869646e+03 2.678840e+03 
1.701313e-01 2.806334e+03 2.600974e+03 
1.731515e-01 2.748127e+03 2.526228e+03 
1.761717e-01 2.693081e+03 2.454444e+03 
1.791919e-01 2.639461e+03 2.385475e+03 
1.822121e-01 2.585972e+03 2.319181e+03 
1.852323e-01 2.531635e+03 2.255433e+03 
1.882525e-01 2.475802e+03 2.194106e+03 
1.912727e-01 2.418069e+03 2.135085e+03 
1.942929e-01 2.358501e+03 2.078260e+03 
1.973131e-01 2.297479e+03 2.023528e+03 
2.003333e-01 2.235861e+03 1.970791e+03 
2.033535e-01 2.174608e+03 1.919958e+03 
2.063737e-01 2.114712e+03 1.870941e+03 
2.093939e-01 2.057015e+03 1.823659e+03 
2.124141e-01 2.002183e+03 1.778034e+03 
2.154343e-01 1.950612e+03 1.733992e+03 
2.184545e-01 1.902513e+03 1.691463e+03 
2.214747e-01 1.857968e+03 1.650382e+03 
2.244949e-01 1.816940e+03 1.610686e+03 
2.275152e-01 1.779110e+03 1.572317e+03 
2.305354e-01 1.744041e+03 1.535216e+03 
2.335556e-01 1.711176e+03 1.499332e+03 
2.365758e-01 1.679933e+03 1.464614e+03 
2.395960e-01 1.649732e+03 1.431013e+03 
2.426162e-01 1.620094e+03 1.398484e+03 
2.456364e-01 1.590658e+03 1.366984e+03 
2.486566e-01 1.561178e+03 1.336471e+03 
2.516768e-01 1.531494e+03 1.306905e+03 
2.546970e-01 1.501520e+03 1.278250e+03 
2.577172e-01 1.471244e+03 1.250469e+03 
2.607374e-01 1.440813e+03 1.223529e+03 
2.637576e-01 1.410450e+03 1.197397e+03 
2.667778e-01 1.380469e+03 1.172042e+03 
2.697980e-01 1.351178e+03 1.147436e+03 
2.728182e-01 1.322857e+03 1.123549e+03 
2.758384e-01 1.295692e+03 1.100355e+03 
2.788586e-01 1.269761e+03 1.077829e+03 
2.818788e-01 1.245072e+03 1.055945e+03 
2.848990e-01 1.221584e+03 1.034681e+03 
2.879192e-01 1.199254e+03 1.014014e+03 
2.909394e-01 1.178027e+03 9.939228e+02 
2.939596e-01 1.157795e+03 9.743868e+02 
2.969798e-01 1.138425e+03 9.553865e+02 
3.000000e-01 1.119745e+03 9.369032e+02 
