1.000000e-03 5.128641e+03 5.128591e+03 
4.020202e-03 1.695107e+04 1.708410e+04 
7.040404e-03 2.460019e+04 2.478005e+04 
1.006061e-02 2.919357e+04 2.940388e+04 
1.308081e-02 3.152204e+04 3.177555e+04 
1.610101e-02 3.215753e+04 3.238259e+04 
1.912121e-02 3.155070e+04 3.160540e+04 
2.214141e-02 3.007981e+04 2.988115e+04 
2.516162e-02 2.806637e+04 2.768634e+04 
2.818182e-02 2.577770e+04 2.540870e+04 
3.120202e-02 2.342679e+04 2.327309e+04 
3.422222e-02 2.117174e+04 2.136510e+04 
3.724242e-02 1.911808e+04 1.969116e+04 
4.026263e-02 1.732869e+04 1.822563e+04 
4.328283e-02 1.581897e+04 1.693576e+04 
4.630303e-02 1.458457e+04 1.579147e+04 
4.932323e-02 1.362434e+04 1.476803e+04 
5.234343e-02 1.289124e+04 1.384589e+04 
5.536364e-02 1.233427e+04 1.300977e+04 
5.838384e-02 1.191387e+04 1.224759e+04 
6.140404e-02 1.158163e+04 1.154975e+04 
6.442424e-02 1.129476e+04 1.090845e+04 
6.744444e-02 1.101787e+04 1.031726e+04 
7.046465e-02 1.072114e+04 9.770808e+03 
7.348485e-02 1.038308e+04 9.264518e+03 
7.650505e-02 9.991313e+03 8.794471e+03 
7.952525e-02 9.543194e+03 8.357262e+03 
8.254545e-02 9.046310e+03 7.949912e+03 
8.556566e-02 8.514837e+03 7.569792e+03 
8.858586e-02 7.966997e+03 7.214572e+03 
9.160606e-02 7.422670e+03 6.882171e+03 
9.462626e-02 6.900477e+03 6.570729e+03 
9.764646e-02 6.417166e+03 6.278573e+03 
1.006667e-01 5.985220e+03 6.004193e+03 
1.036869e-01 5.613083e+03 5.746226e+03 
1.067071e-01 5.303859e+03 5.503434e+03 
1.097273e-01 5.056336e+03 5.274692e+03 
1.127475e-01 4.865720e+03 5.058979e+03 
1.157677e-01 4.724295e+03 4.855360e+03 
1.187879e-01 4.622786e+03 4.662982e+03 
1.218081e-01 4.550743e+03 4.481064e+03 
1.248283e-01 4.497332e+03 4.308892e+03 
1.278485e-01 4.451575e+03 4.145807e+03 
1.308687e-01 4.403495e+03 3.991206e+03 
1.338889e-01 4.344347e+03 3.844534e+03 
1.369091e-01 4.268183e+03 3.705277e+03 
1.399293e-01 4.171205e+03 3.572965e+03 
1.429495e-01 4.052832e+03 3.447160e+03 
1.459697e-01 3.914420e+03 3.327458e+03 
1.489899e-01 3.759385e+03 3.213487e+03 
1.520101e-01 3.592412e+03 3.104900e+03 
1.550303e-01 3.419154e+03 3.001376e+03 
1.580505e-01 3.245972e+03 2.902616e+03 
1.610707e-01 3.079229e+03 2.808344e+03 
1.640909e-01 2.924467e+03 2.718302e+03 
1.671111e-01 2.785975e+03 2.632250e+03 
1.701313e-01 2.666314e+03 2.549964e+03 
1.731515e-01 2.566264e+03 2.471236e+03 
1.761717e-01 2.485197e+03 2.395871e+03 
1.791919e-01 2.421439e+03 2.323687e+03 
1.822121e-01 2.372774e+03 2.254514e+03 
1.852323e-01 2.336522e+03 2.188193e+03 
1.882525e-01 2.309645e+03 2.124574e+03 
1.912727e-01 2.288712e+03 2.063519e+03 
1.942929e-01 2.270163e+03 2.004896e+03 
1.973131e-01 2.250449e+03 1.948582e+03 
2.003333e-01 2.226557e+03 1.894462e+03 
2.033535e-01 2.196095e+03 1.842427e+03 
2.063737e-01 2.157895e+03 1.792376e+03 
2.093939e-01 2.111641e+03 1.744212e+03 
2.124141e-01 2.057954e+03 1.697844e+03 
2.154343e-01 1.998037e+03 1.653189e+03 
2.184545e-01 1.933508e+03 1.610164e+03 
2.214747e-01 1.866277e+03 1.568696e+03 
2.244949e-01 1.798370e+03 1.528711e+03 
2.275152e-01 1.731843e+03 1.490143e+03 
2.305354e-01 1.668588e+03 1.452927e+03 
2.335556e-01 1.610225e+03 1.417004e+03 
2.365758e-01 1.557876e+03 1.382315e+03 
2.395960e-01 1.512226e+03 1.348808e+03 
2.426162e-01 1.473393e+03 1.316431e+03 
2.456364e-01 1.441138e+03 1.285135e+03 
2.486566e-01 1.414793e+03 1.254874e+03 
2.516768e-01 1.393461e+03 1.225605e+03 
2.546970e-01 1.376020e+03 1.197287e+03 
2.577172e-01 1.361235e+03 1.169879e+03 
2.607374e-01 1.347815e+03 1.143345e+03 
2.637576e-01 1.334537e+03 1.117649e+03 
2.667778e-01 1.320294e+03 1.092757e+03 
2.697980e-01 1.304230e+03 1.068637e+03 
2.728182e-01 1.285753e+03 1.045260e+03 
2.758384e-01 1.264587e+03 1.022594e+03 
2.788586e-01 1.240747e+03 1.000614e+03 
2.818788e-01 1.214476e+03 9.792917e+02 
2.848990e-01 1.186238e+03 9.586029e+02 
2.879192e-01 1.156621e+03 9.385233e+02 
2.909394e-01 1.126327e+03 9.190300e+02 
2.939596e-01 1.096085e+03 9.001013e+02 
2.969798e-01 1.066616e+03 8.817161e+02 
3.000000e-01 1.038551e+03 8.638546e+02 
