1.000000e-03 3.689487e+03 3.689455e+03 
4.020202e-03 1.237353e+04 1.247067e+04 
7.040404e-03 1.813305e+04 1.826020e+04 
1.006061e-02 2.171326e+04 2.184116e+04 
1.308081e-02 2.366557e+04 2.379262e+04 
1.610101e-02 2.439498e+04 2.447762e+04 
1.912121e-02 2.422016e+04 2.418303e+04 
2.214141e-02 2.340583e+04 2.321943e+04 
2.516162e-02 2.217502e+04 2.190510e+04 
2.818182e-02 2.071442e+04 2.048984e+04 
3.120202e-02 1.917282e+04 1.911868e+04 
3.422222e-02 1.766241e+04 1.785209e+04 
3.724242e-02 1.626015e+04 1.670298e+04 
4.026263e-02 1.501388e+04 1.566413e+04 
4.328283e-02 1.394380e+04 1.472243e+04 
4.630303e-02 1.304433e+04 1.386474e+04 
4.932323e-02 1.231676e+04 1.307972e+04 
5.234343e-02 1.174282e+04 1.235806e+04 
5.536364e-02 1.127917e+04 1.169218e+04 
5.838384e-02 1.089879e+04 1.107589e+04 
6.140404e-02 1.057423e+04 1.050405e+04 
6.442424e-02 1.027506e+04 9.972325e+03 
6.744444e-02 9.977583e+03 9.476995e+03 
7.046465e-02 9.663354e+03 9.014837e+03 
7.348485e-02 9.319769e+03 8.583015e+03 
7.650505e-02 8.942035e+03 8.179017e+03 
7.952525e-02 8.532184e+03 7.800597e+03 
8.254545e-02 8.097729e+03 7.445737e+03 
8.556566e-02 7.650489e+03 7.112619e+03 
8.858586e-02 7.203389e+03 6.799591e+03 
9.160606e-02 6.769118e+03 6.505156e+03 
9.462626e-02 6.359268e+03 6.227948e+03 
9.764646e-02 5.983411e+03 5.966721e+03 
1.006667e-01 5.649273e+03 5.720336e+03 
1.036869e-01 5.361098e+03 5.487749e+03 
1.067071e-01 5.120210e+03 5.268004e+03 
1.097273e-01 4.924149e+03 5.060220e+03 
1.127475e-01 4.767829e+03 4.863590e+03 
1.157677e-01 4.643941e+03 4.677370e+03 
1.187879e-01 4.544506e+03 4.500875e+03 
1.218081e-01 4.461280e+03 4.333472e+03 
1.248283e-01 4.386453e+03 4.174578e+03 
1.278485e-01 4.312730e+03 4.023653e+03 
1.308687e-01 4.233990e+03 3.880197e+03 
1.338889e-01 4.145395e+03 3.743750e+03 
1.369091e-01 4.044045e+03 3.613882e+03 
1.399293e-01 3.928932e+03 3.490196e+03 
1.429495e-01 3.800969e+03 3.372324e+03 
1.459697e-01 3.662662e+03 3.259922e+03 
1.489899e-01 3.517544e+03 3.152672e+03 
1.520101e-01 3.369592e+03 3.050277e+03 
1.550303e-01 3.222910e+03 2.952461e+03 
1.580505e-01 3.081466e+03 2.858967e+03 
1.610707e-01 2.948882e+03 2.769554e+03 
1.640909e-01 2.828115e+03 2.683997e+03 
1.671111e-01 2.721214e+03 2.602087e+03 
1.701313e-01 2.629158e+03 2.523628e+03 
1.731515e-01 2.551677e+03 2.448437e+03 
1.761717e-01 2.487543e+03 2.376341e+03 
1.791919e-01 2.434755e+03 2.307180e+03 
1.822121e-01 2.390955e+03 2.240803e+03 
1.852323e-01 2.353634e+03 2.177068e+03 
1.882525e-01 2.320303e+03 2.115842e+03 
1.912727e-01 2.288604e+03 2.057000e+03 
1.942929e-01 2.256341e+03 2.000425e+03 
1.973131e-01 2.221543e+03 1.946006e+03 
2.003333e-01 2.182789e+03 1.893638e+03 
2.033535e-01 2.139171e+03 1.843225e+03 
2.063737e-01 2.090561e+03 1.794672e+03 
2.093939e-01 2.037343e+03 1.747894e+03 
2.124141e-01 1.980593e+03 1.702808e+03 
2.154343e-01 1.921621e+03 1.659337e+03 
2.184545e-01 1.861868e+03 1.617406e+03 
2.214747e-01 1.802750e+03 1.576947e+03 
2.244949e-01 1.745601e+03 1.537894e+03 
2.275152e-01 1.691547e+03 1.500184e+03 
2.305354e-01 1.641498e+03 1.463760e+03 
2.335556e-01 1.596035e+03 1.428565e+03 
2.365758e-01 1.555494e+03 1.394547e+03 
2.395960e-01 1.519819e+03 1.361655e+03 
2.426162e-01 1.488737e+03 1.329843e+03 
2.456364e-01 1.461703e+03 1.299064e+03 
2.486566e-01 1.438027e+03 1.269277e+03 
2.516768e-01 1.416865e+03 1.240441e+03 
2.546970e-01 1.397331e+03 1.212516e+03 
2.577172e-01 1.378526e+03 1.185467e+03 
2.607374e-01 1.359638e+03 1.159258e+03 
2.637576e-01 1.339955e+03 1.133856e+03 
2.667778e-01 1.319028e+03 1.109230e+03 
2.697980e-01 1.296582e+03 1.085349e+03 
2.728182e-01 1.272614e+03 1.062184e+03 
2.758384e-01 1.247256e+03 1.039708e+03 
2.788586e-01 1.220791e+03 1.017895e+03 
2.818788e-01 1.193579e+03 9.967201e+02 
2.848990e-01 1.166040e+03 9.761593e+02 
2.879192e-01 1.138626e+03 9.561899e+02 
2.909394e-01 1.111798e+03 9.367902e+02 
2.939596e-01 1.085976e+03 9.179395e+02 
2.969798e-01 1.061526e+03 8.996178e+02 
3.000000e-01 1.038698e+03 8.818064e+02 
