1.000000e-03 5.103430e+03 5.103384e+03 
4.020202e-03 1.720485e+04 1.733807e+04 
7.040404e-03 2.538732e+04 2.558540e+04 
1.006061e-02 3.055674e+04 3.082244e+04 
1.308081e-02 3.339197e+04 3.376853e+04 
1.610101e-02 3.440883e+04 3.484181e+04 
1.912121e-02 3.403192e+04 3.434025e+04 
2.214141e-02 3.263365e+04 3.262744e+04 
2.516162e-02 3.054498e+04 3.018055e+04 
2.818182e-02 2.805592e+04 2.747739e+04 
3.120202e-02 2.540864e+04 2.486222e+04 
3.422222e-02 2.279365e+04 2.250835e+04 
3.724242e-02 2.034858e+04 2.046264e+04 
4.026263e-02 1.816377e+04 1.870636e+04 
4.328283e-02 1.627898e+04 1.719752e+04 
4.630303e-02 1.470738e+04 1.589206e+04 
4.932323e-02 1.345038e+04 1.475175e+04 
5.234343e-02 1.247769e+04 1.374585e+04 
5.536364e-02 1.174574e+04 1.285037e+04 
5.838384e-02 1.120859e+04 1.204678e+04 
6.140404e-02 1.082419e+04 1.132066e+04 
6.442424e-02 1.055072e+04 1.066072e+04 
6.744444e-02 1.034551e+04 1.005796e+04 
7.046465e-02 1.016670e+04 9.505128e+03 
7.348485e-02 9.979646e+03 8.996275e+03 
7.650505e-02 9.756820e+03 8.526457e+03 
7.952525e-02 9.479076e+03 8.091513e+03 
8.254545e-02 9.137947e+03 7.687899e+03 
8.556566e-02 8.734212e+03 7.312564e+03 
8.858586e-02 8.276050e+03 6.962861e+03 
9.160606e-02 7.777478e+03 6.636473e+03 
9.462626e-02 7.256044e+03 6.331358e+03 
9.764646e-02 6.730551e+03 6.045709e+03 
1.006667e-01 6.220485e+03 5.777914e+03 
1.036869e-01 5.743234e+03 5.526532e+03 
1.067071e-01 5.313464e+03 5.290270e+03 
1.097273e-01 4.940470e+03 5.067962e+03 
1.127475e-01 4.629508e+03 4.858553e+03 
1.157677e-01 4.380255e+03 4.661089e+03 
1.187879e-01 4.189480e+03 4.474701e+03 
1.218081e-01 4.051068e+03 4.298599e+03 
1.248283e-01 3.957484e+03 4.132061e+03 
1.278485e-01 3.900123e+03 3.974428e+03 
1.308687e-01 3.869620e+03 3.825095e+03 
1.338889e-01 3.856189e+03 3.683508e+03 
1.369091e-01 3.849734e+03 3.549157e+03 
1.399293e-01 3.840650e+03 3.421574e+03 
1.429495e-01 3.820283e+03 3.300327e+03 
1.459697e-01 3.781934e+03 3.185016e+03 
1.489899e-01 3.720787e+03 3.075274e+03 
1.520101e-01 3.634974e+03 2.970759e+03 
1.550303e-01 3.524661e+03 2.871156e+03 
1.580505e-01 3.392678e+03 2.776173e+03 
1.610707e-01 3.243431e+03 2.685538e+03 
1.640909e-01 3.082845e+03 2.598998e+03 
1.671111e-01 2.917403e+03 2.516318e+03 
1.701313e-01 2.753762e+03 2.437282e+03 
1.731515e-01 2.597907e+03 2.361684e+03 
1.761717e-01 2.454904e+03 2.289335e+03 
1.791919e-01 2.328123e+03 2.220058e+03 
1.822121e-01 2.219716e+03 2.153687e+03 
1.852323e-01 2.130600e+03 2.090067e+03 
1.882525e-01 2.060530e+03 2.029055e+03 
1.912727e-01 2.008436e+03 1.970513e+03 
1.942929e-01 1.972405e+03 1.914315e+03 
1.973131e-01 1.949978e+03 1.860342e+03 
2.003333e-01 1.938051e+03 1.808482e+03 
2.033535e-01 1.933203e+03 1.758629e+03 
2.063737e-01 1.931791e+03 1.710685e+03 
2.093939e-01 1.930332e+03 1.664557e+03 
2.124141e-01 1.925594e+03 1.620157e+03 
2.154343e-01 1.915009e+03 1.577404e+03 
2.184545e-01 1.896589e+03 1.536218e+03 
2.214747e-01 1.869165e+03 1.496528e+03 
2.244949e-01 1.832359e+03 1.458264e+03 
2.275152e-01 1.786554e+03 1.421360e+03 
2.305354e-01 1.732987e+03 1.385756e+03 
2.335556e-01 1.673410e+03 1.351393e+03 
2.365758e-01 1.610027e+03 1.318215e+03 
2.395960e-01 1.545147e+03 1.286171e+03 
2.426162e-01 1.481068e+03 1.255211e+03 
2.456364e-01 1.419824e+03 1.225289e+03 
2.486566e-01 1.363160e+03 1.196361e+03 
2.516768e-01 1.312317e+03 1.168383e+03 
2.546970e-01 1.268196e+03 1.141317e+03 
2.577172e-01 1.231243e+03 1.115124e+03 
2.607374e-01 1.201522e+03 1.089768e+03 
2.637576e-01 1.178646e+03 1.065216e+03 
2.667778e-01 1.161865e+03 1.041435e+03 
2.697980e-01 1.150152e+03 1.018394e+03 
2.728182e-01 1.142260e+03 9.960628e+02 
2.758384e-01 1.136860e+03 9.744147e+02 
2.788586e-01 1.132617e+03 9.534225e+02 
2.818788e-01 1.128274e+03 9.330608e+02 
2.848990e-01 1.122699e+03 9.133056e+02 
2.879192e-01 1.114972e+03 8.941336e+02 
2.909394e-01 1.104358e+03 8.755230e+02 
2.939596e-01 1.090393e+03 8.574527e+02 
2.969798e-01 1.072849e+03 8.399027e+02 
3.000000e-01 1.051852e+03 8.228538e+02 
