1.000000e-03 3.434447e+03 3.434412e+03 
4.020202e-03 1.152216e+04 1.161109e+04 
7.040404e-03 1.688183e+04 1.699161e+04 
1.006061e-02 2.021478e+04 2.031088e+04 
1.308081e-02 2.204252e+04 2.211514e+04 
1.610101e-02 2.274710e+04 2.275500e+04 
1.912121e-02 2.262779e+04 2.251657e+04 
2.214141e-02 2.193139e+04 2.170075e+04 
2.516162e-02 2.086358e+04 2.059375e+04 
2.818182e-02 1.959361e+04 1.940296e+04 
3.120202e-02 1.825524e+04 1.824114e+04 
3.422222e-02 1.694725e+04 1.715354e+04 
3.724242e-02 1.573596e+04 1.615051e+04 
4.026263e-02 1.466126e+04 1.522834e+04 
4.328283e-02 1.373788e+04 1.437921e+04 
4.630303e-02 1.295886e+04 1.359507e+04 
4.932323e-02 1.232337e+04 1.286882e+04 
5.234343e-02 1.181009e+04 1.219448e+04 
5.536364e-02 1.137816e+04 1.156700e+04 
5.838384e-02 1.100526e+04 1.098212e+04 
6.140404e-02 1.066778e+04 1.043615e+04 
6.442424e-02 1.033997e+04 9.925859e+03 
6.744444e-02 1.000299e+04 9.448383e+03 
7.046465e-02 9.643976e+03 9.001156e+03 
7.348485e-02 9.256567e+03 8.581864e+03 
7.650505e-02 8.842005e+03 8.188404e+03 
7.952525e-02 8.407377e+03 7.818861e+03 
8.254545e-02 7.963386e+03 7.471485e+03 
8.556566e-02 7.522533e+03 7.144672e+03 
8.858586e-02 7.096281e+03 6.836951e+03 
9.160606e-02 6.694681e+03 6.546972e+03 
9.462626e-02 6.326125e+03 6.273494e+03 
9.764646e-02 5.996958e+03 6.015373e+03 
1.006667e-01 5.711370e+03 5.771558e+03 
1.036869e-01 5.470103e+03 5.541079e+03 
1.067071e-01 5.270900e+03 5.323042e+03 
1.097273e-01 5.108382e+03 5.116621e+03 
1.127475e-01 4.975186e+03 4.921056e+03 
1.157677e-01 4.862767e+03 4.735642e+03 
1.187879e-01 4.762967e+03 4.559728e+03 
1.218081e-01 4.668203e+03 4.392711e+03 
1.248283e-01 4.572437e+03 4.234034e+03 
1.278485e-01 4.470705e+03 4.083179e+03 
1.308687e-01 4.359589e+03 3.939667e+03 
1.338889e-01 4.237351e+03 3.803053e+03 
1.369091e-01 4.104133e+03 3.672924e+03 
1.399293e-01 3.961676e+03 3.548895e+03 
1.429495e-01 3.812898e+03 3.430610e+03 
1.459697e-01 3.661531e+03 3.317734e+03 
1.489899e-01 3.511549e+03 3.209959e+03 
1.520101e-01 3.366573e+03 3.106996e+03 
1.550303e-01 3.229905e+03 3.008575e+03 
1.580505e-01 3.104309e+03 2.914444e+03 
1.610707e-01 2.991723e+03 2.824370e+03 
1.640909e-01 2.893076e+03 2.738131e+03 
1.671111e-01 2.808248e+03 2.655522e+03 
1.701313e-01 2.736255e+03 2.576351e+03 
1.731515e-01 2.675142e+03 2.500438e+03 
1.761717e-01 2.622520e+03 2.427613e+03 
1.791919e-01 2.575924e+03 2.357719e+03 
1.822121e-01 2.532934e+03 2.290605e+03 
1.852323e-01 2.491288e+03 2.226134e+03 
1.882525e-01 2.449002e+03 2.164172e+03 
1.912727e-01 2.404459e+03 2.104597e+03 
1.942929e-01 2.356559e+03 2.047293e+03 
1.973131e-01 2.304672e+03 1.992149e+03 
2.003333e-01 2.248877e+03 1.939063e+03 
2.033535e-01 2.189708e+03 1.887937e+03 
2.063737e-01 2.128287e+03 1.838680e+03 
2.093939e-01 2.065902e+03 1.791206e+03 
2.124141e-01 2.003878e+03 1.745432e+03 
2.154343e-01 1.943463e+03 1.701280e+03 
2.184545e-01 1.885779e+03 1.658679e+03 
2.214747e-01 1.831701e+03 1.617560e+03 
2.244949e-01 1.781873e+03 1.577855e+03 
2.275152e-01 1.736621e+03 1.539505e+03 
2.305354e-01 1.696031e+03 1.502450e+03 
2.335556e-01 1.659795e+03 1.466634e+03 
2.365758e-01 1.627428e+03 1.432005e+03 
2.395960e-01 1.598264e+03 1.398513e+03 
2.426162e-01 1.571577e+03 1.366111e+03 
2.456364e-01 1.546601e+03 1.334753e+03 
2.486566e-01 1.522572e+03 1.304396e+03 
2.516768e-01 1.498752e+03 1.275000e+03 
2.546970e-01 1.474532e+03 1.246526e+03 
2.577172e-01 1.449421e+03 1.218937e+03 
2.607374e-01 1.423164e+03 1.192199e+03 
2.637576e-01 1.395684e+03 1.166277e+03 
2.667778e-01 1.367193e+03 1.141140e+03 
2.697980e-01 1.338005e+03 1.116759e+03 
2.728182e-01 1.308522e+03 1.093102e+03 
2.758384e-01 1.279137e+03 1.070145e+03 
2.788586e-01 1.250232e+03 1.047859e+03 
2.818788e-01 1.222141e+03 1.026220e+03 
2.848990e-01 1.195166e+03 1.005204e+03 
2.879192e-01 1.169552e+03 9.847884e+02 
2.909394e-01 1.145495e+03 9.649508e+02 
2.939596e-01 1.123101e+03 9.456705e+02 
2.969798e-01 1.102375e+03 9.269276e+02 
3.000000e-01 1.083183e+03 9.087029e+02 
