1.000000e-03 3.108005e+03 3.107981e+03 
4.020202e-03 1.033929e+04 1.041922e+04 
7.040404e-03 1.513725e+04 1.523368e+04 
1.006061e-02 1.815019e+04 1.822401e+04 
1.308081e-02 1.984622e+04 1.988376e+04 
1.610101e-02 2.056445e+04 2.053533e+04 
1.912121e-02 2.056689e+04 2.043902e+04 
2.214141e-02 2.006595e+04 1.985379e+04 
2.516162e-02 1.923740e+04 1.901309e+04 
2.818182e-02 1.822353e+04 1.808093e+04 
3.120202e-02 1.713684e+04 1.714692e+04 
3.422222e-02 1.605987e+04 1.625005e+04 
3.724242e-02 1.505025e+04 1.540321e+04 
4.026263e-02 1.413960e+04 1.460826e+04 
4.328283e-02 1.333439e+04 1.386306e+04 
4.630303e-02 1.265034e+04 1.316446e+04 
4.932323e-02 1.208003e+04 1.250920e+04 
5.234343e-02 1.159528e+04 1.189425e+04 
5.536364e-02 1.117064e+04 1.131686e+04 
5.838384e-02 1.078758e+04 1.077449e+04 
6.140404e-02 1.043065e+04 1.026481e+04 
6.442424e-02 1.008141e+04 9.785651e+03 
6.744444e-02 9.725566e+03 9.334988e+03 
7.046465e-02 9.354025e+03 8.910934e+03 
7.348485e-02 8.963479e+03 8.511721e+03 
7.650505e-02 8.556753e+03 8.135699e+03 
7.952525e-02 8.141124e+03 7.781325e+03 
8.254545e-02 7.726733e+03 7.447161e+03 
8.556566e-02 7.323641e+03 7.131865e+03 
8.858586e-02 6.940501e+03 6.834189e+03 
9.160606e-02 6.583726e+03 6.552972e+03 
9.462626e-02 6.258265e+03 6.287133e+03 
9.764646e-02 5.967518e+03 6.035669e+03 
1.006667e-01 5.713277e+03 5.797648e+03 
1.036869e-01 5.495171e+03 5.572204e+03 
1.067071e-01 5.310654e+03 5.358533e+03 
1.097273e-01 5.154505e+03 5.155890e+03 
1.127475e-01 5.019825e+03 4.963582e+03 
1.157677e-01 4.899254e+03 4.780964e+03 
1.187879e-01 4.785664e+03 4.607438e+03 
1.218081e-01 4.673568e+03 4.442449e+03 
1.248283e-01 4.558626e+03 4.285479e+03 
1.278485e-01 4.438354e+03 4.136048e+03 
1.308687e-01 4.311360e+03 3.993709e+03 
1.338889e-01 4.177578e+03 3.858044e+03 
1.369091e-01 4.038017e+03 3.728665e+03 
1.399293e-01 3.894706e+03 3.605211e+03 
1.429495e-01 3.750287e+03 3.487345e+03 
1.459697e-01 3.607752e+03 3.374750e+03 
1.489899e-01 3.469906e+03 3.267133e+03 
1.520101e-01 3.339353e+03 3.164220e+03 
1.550303e-01 3.218149e+03 3.065753e+03 
1.580505e-01 3.107867e+03 2.971492e+03 
1.610707e-01 3.009165e+03 2.881212e+03 
1.640909e-01 2.922048e+03 2.794701e+03 
1.671111e-01 2.845663e+03 2.711764e+03 
1.701313e-01 2.778562e+03 2.632213e+03 
1.731515e-01 2.718749e+03 2.555876e+03 
1.761717e-01 2.664166e+03 2.482590e+03 
1.791919e-01 2.612777e+03 2.412199e+03 
1.822121e-01 2.562875e+03 2.344562e+03 
1.852323e-01 2.512979e+03 2.279541e+03 
1.882525e-01 2.461976e+03 2.217010e+03 
1.912727e-01 2.409016e+03 2.156848e+03 
1.942929e-01 2.353698e+03 2.098942e+03 
1.973131e-01 2.295995e+03 2.043184e+03 
2.003333e-01 2.236409e+03 1.989475e+03 
2.033535e-01 2.175761e+03 1.937718e+03 
2.063737e-01 2.115163e+03 1.887825e+03 
2.093939e-01 2.055631e+03 1.839710e+03 
2.124141e-01 1.998078e+03 1.793294e+03 
2.154343e-01 1.943210e+03 1.748499e+03 
2.184545e-01 1.891589e+03 1.705255e+03 
2.214747e-01 1.843538e+03 1.663494e+03 
2.244949e-01 1.799242e+03 1.623150e+03 
2.275152e-01 1.758672e+03 1.584164e+03 
2.305354e-01 1.721628e+03 1.546476e+03 
2.335556e-01 1.687656e+03 1.510033e+03 
2.365758e-01 1.656191e+03 1.474781e+03 
2.395960e-01 1.626567e+03 1.440672e+03 
2.426162e-01 1.598167e+03 1.407659e+03 
2.456364e-01 1.570435e+03 1.375696e+03 
2.486566e-01 1.542953e+03 1.344741e+03 
2.516768e-01 1.515387e+03 1.314754e+03 
2.546970e-01 1.487488e+03 1.285697e+03 
2.577172e-01 1.459083e+03 1.257532e+03 
2.607374e-01 1.430154e+03 1.230225e+03 
2.637576e-01 1.400794e+03 1.203743e+03 
2.667778e-01 1.371250e+03 1.178054e+03 
2.697980e-01 1.341831e+03 1.153127e+03 
2.728182e-01 1.312896e+03 1.128934e+03 
2.758384e-01 1.284756e+03 1.105448e+03 
2.788586e-01 1.257665e+03 1.082641e+03 
2.818788e-01 1.231757e+03 1.060490e+03 
2.848990e-01 1.207101e+03 1.038969e+03 
2.879192e-01 1.183720e+03 1.018057e+03 
2.909394e-01 1.161610e+03 9.977308e+02 
2.939596e-01 1.140726e+03 9.779699e+02 
2.969798e-01 1.120985e+03 9.587543e+02 
3.000000e-01 1.102243e+03 9.400646e+02 
