1.000000e-03 3.903338e+03 3.903291e+03 
4.020202e-03 1.310443e+04 1.320573e+04 
7.040404e-03 1.915605e+04 1.928384e+04 
1.006061e-02 2.286663e+04 2.299014e+04 
1.308081e-02 2.483802e+04 2.495182e+04 
1.610101e-02 2.551187e+04 2.556260e+04 
1.912121e-02 2.523524e+04 2.514362e+04 
2.214141e-02 2.429716e+04 2.404566e+04 
2.516162e-02 2.294004e+04 2.261597e+04 
2.818182e-02 2.136335e+04 2.111247e+04 
3.120202e-02 1.972537e+04 1.967520e+04 
3.422222e-02 1.814242e+04 1.835691e+04 
3.724242e-02 1.669157e+04 1.716480e+04 
4.026263e-02 1.541922e+04 1.608839e+04 
4.328283e-02 1.433855e+04 1.511293e+04 
4.630303e-02 1.344211e+04 1.422447e+04 
4.932323e-02 1.273056e+04 1.341127e+04 
5.234343e-02 1.217042e+04 1.266377e+04 
5.536364e-02 1.171681e+04 1.197421e+04 
5.838384e-02 1.134353e+04 1.133624e+04 
6.140404e-02 1.101615e+04 1.074457e+04 
6.442424e-02 1.070261e+04 1.019471e+04 
6.744444e-02 1.038018e+04 9.682812e+03 
7.046465e-02 1.003147e+04 9.205509e+03 
7.348485e-02 9.646691e+03 8.759842e+03 
7.650505e-02 9.224111e+03 8.343181e+03 
7.952525e-02 8.769572e+03 7.953172e+03 
8.254545e-02 8.294519e+03 7.587698e+03 
8.556566e-02 7.813177e+03 7.244850e+03 
8.858586e-02 7.340202e+03 6.922894e+03 
9.160606e-02 6.889449e+03 6.620259e+03 
9.462626e-02 6.472717e+03 6.335512e+03 
9.764646e-02 6.099530e+03 6.067347e+03 
1.006667e-01 5.775715e+03 5.814569e+03 
1.036869e-01 5.503991e+03 5.576085e+03 
1.067071e-01 5.282242e+03 5.350894e+03 
1.097273e-01 5.105680e+03 5.138077e+03 
1.127475e-01 4.966559e+03 4.936790e+03 
1.157677e-01 4.856128e+03 4.746256e+03 
1.187879e-01 4.764941e+03 4.565761e+03 
1.218081e-01 4.684030e+03 4.394645e+03 
1.248283e-01 4.605026e+03 4.232300e+03 
1.278485e-01 4.520931e+03 4.078166e+03 
1.308687e-01 4.426002e+03 3.931724e+03 
1.338889e-01 4.316952e+03 3.792492e+03 
1.369091e-01 4.192430e+03 3.660028e+03 
1.399293e-01 4.053705e+03 3.533918e+03 
1.429495e-01 3.903583e+03 3.413780e+03 
1.459697e-01 3.746163e+03 3.299259e+03 
1.489899e-01 3.585871e+03 3.190026e+03 
1.520101e-01 3.427258e+03 3.085773e+03 
1.550303e-01 3.274746e+03 2.986216e+03 
1.580505e-01 3.132415e+03 2.891086e+03 
1.610707e-01 3.003561e+03 2.800138e+03 
1.640909e-01 2.890399e+03 2.713138e+03 
1.671111e-01 2.793777e+03 2.629871e+03 
1.701313e-01 2.713119e+03 2.550135e+03 
1.731515e-01 2.646763e+03 2.473740e+03 
1.761717e-01 2.592282e+03 2.400511e+03 
1.791919e-01 2.546922e+03 2.330280e+03 
1.822121e-01 2.507835e+03 2.262893e+03 
1.852323e-01 2.472260e+03 2.198204e+03 
1.882525e-01 2.437631e+03 2.136076e+03 
1.912727e-01 2.401587e+03 2.076381e+03 
1.942929e-01 2.362025e+03 2.018999e+03 
1.973131e-01 2.317596e+03 1.963815e+03 
2.003333e-01 2.267554e+03 1.910723e+03 
2.033535e-01 2.212116e+03 1.859623e+03 
2.063737e-01 2.152052e+03 1.810420e+03 
2.093939e-01 2.088768e+03 1.763023e+03 
2.124141e-01 2.023857e+03 1.717350e+03 
2.154343e-01 1.959014e+03 1.673321e+03 
2.184545e-01 1.895760e+03 1.630859e+03 
2.214747e-01 1.835452e+03 1.589895e+03 
2.244949e-01 1.779177e+03 1.550362e+03 
2.275152e-01 1.727785e+03 1.512195e+03 
2.305354e-01 1.681719e+03 1.475335e+03 
2.335556e-01 1.641116e+03 1.439725e+03 
2.365758e-01 1.605739e+03 1.405310e+03 
2.395960e-01 1.575059e+03 1.372041e+03 
2.426162e-01 1.548301e+03 1.339868e+03 
2.456364e-01 1.524542e+03 1.308745e+03 
2.486566e-01 1.502781e+03 1.278628e+03 
2.516768e-01 1.481999e+03 1.249477e+03 
2.546970e-01 1.461254e+03 1.221252e+03 
2.577172e-01 1.439772e+03 1.193915e+03 
2.607374e-01 1.416989e+03 1.167430e+03 
2.637576e-01 1.392574e+03 1.141765e+03 
2.667778e-01 1.366472e+03 1.116885e+03 
2.697980e-01 1.338822e+03 1.092762e+03 
2.728182e-01 1.309933e+03 1.069365e+03 
2.758384e-01 1.280206e+03 1.046667e+03 
2.788586e-01 1.250140e+03 1.024640e+03 
2.818788e-01 1.220254e+03 1.003260e+03 
2.848990e-01 1.191057e+03 9.825026e+02 
2.879192e-01 1.163009e+03 9.623442e+02 
2.909394e-01 1.136509e+03 9.427629e+02 
2.939596e-01 1.111816e+03 9.237377e+02 
2.969798e-01 1.089082e+03 9.052482e+02 
3.000000e-01 1.068300e+03 8.872754e+02 
