1.000000e-03 6.491284e+03 6.491215e+03 
4.020202e-03 2.127498e+04 2.144228e+04 
7.040404e-03 3.074742e+04 3.098428e+04 
1.006061e-02 3.635275e+04 3.666339e+04 
1.308081e-02 3.908450e+04 3.950804e+04 
1.610101e-02 3.965957e+04 4.010319e+04 
1.912121e-02 3.864651e+04 3.888679e+04 
2.214141e-02 3.652933e+04 3.638682e+04 
2.516162e-02 3.372116e+04 3.323045e+04 
2.818182e-02 3.057319e+04 2.997049e+04 
3.120202e-02 2.736508e+04 2.694886e+04 
3.422222e-02 2.430559e+04 2.430092e+04 
3.724242e-02 2.153420e+04 2.203466e+04 
4.026263e-02 1.913229e+04 2.010397e+04 
4.328283e-02 1.711729e+04 1.845042e+04 
4.630303e-02 1.548908e+04 1.702067e+04 
4.932323e-02 1.423641e+04 1.577131e+04 
5.234343e-02 1.329877e+04 1.466856e+04 
5.536364e-02 1.261789e+04 1.368651e+04 
5.838384e-02 1.213829e+04 1.280524e+04 
6.140404e-02 1.180033e+04 1.200929e+04 
6.442424e-02 1.154931e+04 1.128649e+04 
6.744444e-02 1.133679e+04 1.062710e+04 
7.046465e-02 1.112073e+04 1.002320e+04 
7.348485e-02 1.086593e+04 9.468262e+03 
7.650505e-02 1.054714e+04 8.956814e+03 
7.952525e-02 1.015110e+04 8.484232e+03 
8.254545e-02 9.677332e+03 8.046556e+03 
8.556566e-02 9.136737e+03 7.640364e+03 
8.858586e-02 8.548363e+03 7.262677e+03 
9.160606e-02 7.936097e+03 6.910884e+03 
9.462626e-02 7.325526e+03 6.582681e+03 
9.764646e-02 6.740256e+03 6.276026e+03 
1.006667e-01 6.201093e+03 5.989099e+03 
1.036869e-01 5.722786e+03 5.720273e+03 
1.067071e-01 5.315317e+03 5.468090e+03 
1.097273e-01 4.981728e+03 5.231234e+03 
1.127475e-01 4.720921e+03 5.008521e+03 
1.157677e-01 4.527474e+03 4.798876e+03 
1.187879e-01 4.393400e+03 4.601325e+03 
1.218081e-01 4.308755e+03 4.414983e+03 
1.248283e-01 4.261841e+03 4.239044e+03 
1.278485e-01 4.240134e+03 4.072772e+03 
1.308687e-01 4.230646e+03 3.915494e+03 
1.338889e-01 4.221135e+03 3.766593e+03 
1.369091e-01 4.200614e+03 3.625504e+03 
1.399293e-01 4.160728e+03 3.491709e+03 
1.429495e-01 4.095395e+03 3.364729e+03 
1.459697e-01 4.001936e+03 3.244126e+03 
1.489899e-01 3.879966e+03 3.129494e+03 
1.520101e-01 3.731923e+03 3.020458e+03 
1.550303e-01 3.562660e+03 2.916672e+03 
1.580505e-01 3.379185e+03 2.817817e+03 
1.610707e-01 3.189694e+03 2.723594e+03 
1.640909e-01 3.002638e+03 2.633730e+03 
1.671111e-01 2.825529e+03 2.547968e+03 
1.701313e-01 2.664420e+03 2.466071e+03 
1.731515e-01 2.523247e+03 2.387818e+03 
1.761717e-01 2.404011e+03 2.313004e+03 
1.791919e-01 2.307170e+03 2.241437e+03 
1.822121e-01 2.232049e+03 2.172937e+03 
1.852323e-01 2.177220e+03 2.107339e+03 
1.882525e-01 2.140334e+03 2.044485e+03 
1.912727e-01 2.118326e+03 1.984231e+03 
1.942929e-01 2.107364e+03 1.926440e+03 
1.973131e-01 2.103102e+03 1.870983e+03 
2.003333e-01 2.100972e+03 1.817741e+03 
2.033535e-01 2.096785e+03 1.766602e+03 
2.063737e-01 2.086933e+03 1.717460e+03 
2.093939e-01 2.068859e+03 1.670215e+03 
2.124141e-01 2.040948e+03 1.624776e+03 
2.154343e-01 2.002530e+03 1.581053e+03 
2.184545e-01 1.953887e+03 1.538964e+03 
2.214747e-01 1.895997e+03 1.498432e+03 
2.244949e-01 1.830734e+03 1.459384e+03 
2.275152e-01 1.760426e+03 1.421750e+03 
2.305354e-01 1.687816e+03 1.385464e+03 
2.335556e-01 1.615660e+03 1.350467e+03 
2.365758e-01 1.546604e+03 1.316698e+03 
2.395960e-01 1.482710e+03 1.284104e+03 
2.426162e-01 1.425577e+03 1.252632e+03 
2.456364e-01 1.376123e+03 1.222233e+03 
2.486566e-01 1.334808e+03 1.192860e+03 
2.516768e-01 1.301597e+03 1.164470e+03 
2.546970e-01 1.275998e+03 1.137020e+03 
2.577172e-01 1.257170e+03 1.110470e+03 
2.607374e-01 1.243898e+03 1.084784e+03 
2.637576e-01 1.234769e+03 1.059924e+03 
2.667778e-01 1.228175e+03 1.035858e+03 
2.697980e-01 1.222539e+03 1.012552e+03 
2.728182e-01 1.216369e+03 9.899773e+02 
2.758384e-01 1.208434e+03 9.681030e+02 
2.788586e-01 1.197727e+03 9.469020e+02 
2.818788e-01 1.183597e+03 9.263477e+02 
2.848990e-01 1.165676e+03 9.064150e+02 
2.879192e-01 1.143950e+03 8.870799e+02 
2.909394e-01 1.118710e+03 8.683194e+02 
2.939596e-01 1.090513e+03 8.501118e+02 
2.969798e-01 1.060178e+03 8.324362e+02 
3.000000e-01 1.028661e+03 8.152729e+02 
