1.000000e-03 2.885454e+03 2.885422e+03 
4.020202e-03 9.534957e+03 9.608899e+03 
7.040404e-03 1.388596e+04 1.396637e+04 
1.006061e-02 1.658940e+04 1.662758e+04 
1.308081e-02 1.810538e+04 1.808048e+04 
1.610101e-02 1.875966e+04 1.864937e+04 
1.912121e-02 1.879569e+04 1.859150e+04 
2.214141e-02 1.840386e+04 1.813991e+04 
2.516162e-02 1.773766e+04 1.748261e+04 
2.818182e-02 1.691704e+04 1.674130e+04 
3.120202e-02 1.603467e+04 1.598090e+04 
3.422222e-02 1.515678e+04 1.523186e+04 
3.724242e-02 1.432721e+04 1.450749e+04 
4.026263e-02 1.357250e+04 1.381336e+04 
4.328283e-02 1.289476e+04 1.315160e+04 
4.630303e-02 1.229691e+04 1.252275e+04 
4.932323e-02 1.178387e+04 1.192652e+04 
5.234343e-02 1.132793e+04 1.136213e+04 
5.536364e-02 1.090698e+04 1.082853e+04 
5.838384e-02 1.051165e+04 1.032449e+04 
6.140404e-02 1.012991e+04 9.848628e+03 
6.442424e-02 9.751064e+03 9.399547e+03 
6.744444e-02 9.367801e+03 8.975808e+03 
7.046465e-02 8.977190e+03 8.575990e+03 
7.348485e-02 8.580471e+03 8.198698e+03 
7.650505e-02 8.183065e+03 7.842587e+03 
7.952525e-02 7.792630e+03 7.506365e+03 
8.254545e-02 7.416959e+03 7.188803e+03 
8.556566e-02 7.062517e+03 6.888735e+03 
8.858586e-02 6.733559e+03 6.605065e+03 
9.160606e-02 6.432678e+03 6.336757e+03 
9.462626e-02 6.161104e+03 6.082844e+03 
9.764646e-02 5.919208e+03 5.842419e+03 
1.006667e-01 5.706096e+03 5.614634e+03 
1.036869e-01 5.518880e+03 5.398698e+03 
1.067071e-01 5.353336e+03 5.193874e+03 
1.097273e-01 5.203439e+03 4.999473e+03 
1.127475e-01 5.063286e+03 4.814854e+03 
1.157677e-01 4.927455e+03 4.639420e+03 
1.187879e-01 4.792019e+03 4.472615e+03 
1.218081e-01 4.654646e+03 4.313919e+03 
1.248283e-01 4.514413e+03 4.162851e+03 
1.278485e-01 4.371519e+03 4.018960e+03 
1.308687e-01 4.226827e+03 3.881825e+03 
1.338889e-01 4.081670e+03 3.751056e+03 
1.369091e-01 3.938033e+03 3.626288e+03 
1.399293e-01 3.798153e+03 3.507178e+03 
1.429495e-01 3.663965e+03 3.393409e+03 
1.459697e-01 3.537169e+03 3.284683e+03 
1.489899e-01 3.418880e+03 3.180721e+03 
1.520101e-01 3.309845e+03 3.081265e+03 
1.550303e-01 3.210136e+03 2.986069e+03 
1.580505e-01 3.119507e+03 2.894906e+03 
1.610707e-01 3.037281e+03 2.807563e+03 
1.640909e-01 2.962395e+03 2.723839e+03 
1.671111e-01 2.893223e+03 2.643545e+03 
1.701313e-01 2.828093e+03 2.566507e+03 
1.731515e-01 2.765366e+03 2.492558e+03 
1.761717e-01 2.703777e+03 2.421542e+03 
1.791919e-01 2.642465e+03 2.353313e+03 
1.822121e-01 2.580907e+03 2.287734e+03 
1.852323e-01 2.518857e+03 2.224675e+03 
1.882525e-01 2.456336e+03 2.164015e+03 
1.912727e-01 2.393549e+03 2.105637e+03 
1.942929e-01 2.330911e+03 2.049434e+03 
1.973131e-01 2.268965e+03 1.995303e+03 
2.003333e-01 2.208434e+03 1.943149e+03 
2.033535e-01 2.150047e+03 1.892879e+03 
2.063737e-01 2.094288e+03 1.844408e+03 
2.093939e-01 2.041499e+03 1.797655e+03 
2.124141e-01 1.991772e+03 1.752542e+03 
2.154343e-01 1.945094e+03 1.708996e+03 
2.184545e-01 1.901305e+03 1.666949e+03 
2.214747e-01 1.860176e+03 1.626335e+03 
2.244949e-01 1.821382e+03 1.587093e+03 
2.275152e-01 1.784545e+03 1.549164e+03 
2.305354e-01 1.749222e+03 1.512491e+03 
2.335556e-01 1.714997e+03 1.477023e+03 
2.365758e-01 1.681496e+03 1.442708e+03 
2.395960e-01 1.648480e+03 1.409500e+03 
2.426162e-01 1.615827e+03 1.377353e+03 
2.456364e-01 1.583459e+03 1.346224e+03 
2.486566e-01 1.551335e+03 1.316072e+03 
2.516768e-01 1.519472e+03 1.286858e+03 
2.546970e-01 1.487929e+03 1.258546e+03 
2.577172e-01 1.456821e+03 1.231098e+03 
2.607374e-01 1.426303e+03 1.204483e+03 
2.637576e-01 1.396596e+03 1.178668e+03 
2.667778e-01 1.367907e+03 1.153622e+03 
2.697980e-01 1.340333e+03 1.129316e+03 
2.728182e-01 1.313915e+03 1.105723e+03 
2.758384e-01 1.288604e+03 1.082815e+03 
2.788586e-01 1.264323e+03 1.060568e+03 
2.818788e-01 1.240970e+03 1.038957e+03 
2.848990e-01 1.218462e+03 1.017959e+03 
2.879192e-01 1.196746e+03 9.975515e+02 
2.909394e-01 1.175748e+03 9.777137e+02 
2.939596e-01 1.155364e+03 9.584253e+02 
2.969798e-01 1.135484e+03 9.396669e+02 
3.000000e-01 1.115995e+03 9.214199e+02 
