1.000000e-03 2.760210e+03 2.760185e+03 
4.020202e-03 9.261539e+03 9.333943e+03 
7.040404e-03 1.358044e+04 1.366222e+04 
1.006061e-02 1.630010e+04 1.634452e+04 
1.308081e-02 1.785284e+04 1.784040e+04 
1.610101e-02 1.855056e+04 1.845941e+04 
1.912121e-02 1.862896e+04 1.844875e+04 
2.214141e-02 1.827496e+04 1.803574e+04 
2.516162e-02 1.763943e+04 1.740782e+04 
2.818182e-02 1.684188e+04 1.668902e+04 
3.120202e-02 1.597548e+04 1.594676e+04 
3.422222e-02 1.510767e+04 1.521306e+04 
3.724242e-02 1.428361e+04 1.450201e+04 
4.026263e-02 1.353145e+04 1.381955e+04 
4.328283e-02 1.285500e+04 1.316802e+04 
4.630303e-02 1.225714e+04 1.254808e+04 
4.932323e-02 1.174480e+04 1.195956e+04 
5.234343e-02 1.129245e+04 1.140180e+04 
5.536364e-02 1.087677e+04 1.087386e+04 
5.838384e-02 1.048749e+04 1.037459e+04 
6.140404e-02 1.011307e+04 9.902745e+03 
6.442424e-02 9.742698e+03 9.456995e+03 
6.744444e-02 9.368159e+03 9.035992e+03 
7.046465e-02 8.985685e+03 8.638387e+03 
7.348485e-02 8.595664e+03 8.262854e+03 
7.650505e-02 8.202891e+03 7.908106e+03 
7.952525e-02 7.814552e+03 7.572905e+03 
8.254545e-02 7.438524e+03 7.256065e+03 
8.556566e-02 7.081830e+03 6.956463e+03 
8.858586e-02 6.749315e+03 6.673036e+03 
9.160606e-02 6.444004e+03 6.404781e+03 
9.462626e-02 6.167463e+03 6.150756e+03 
9.764646e-02 5.920422e+03 5.910078e+03 
1.006667e-01 5.702527e+03 5.681920e+03 
1.036869e-01 5.511423e+03 5.465510e+03 
1.067071e-01 5.343490e+03 5.260123e+03 
1.097273e-01 5.192998e+03 5.065087e+03 
1.127475e-01 5.054030e+03 4.879772e+03 
1.157677e-01 4.920983e+03 4.703591e+03 
1.187879e-01 4.789376e+03 4.535997e+03 
1.218081e-01 4.656442e+03 4.376478e+03 
1.248283e-01 4.520637e+03 4.224560e+03 
1.278485e-01 4.381757e+03 4.079798e+03 
1.308687e-01 4.240364e+03 3.941776e+03 
1.338889e-01 4.097714e+03 3.810109e+03 
1.369091e-01 3.955536e+03 3.684434e+03 
1.399293e-01 3.815909e+03 3.564414e+03 
1.429495e-01 3.680897e+03 3.449733e+03 
1.459697e-01 3.552482e+03 3.340097e+03 
1.489899e-01 3.432003e+03 3.235229e+03 
1.520101e-01 3.320402e+03 3.134871e+03 
1.550303e-01 3.218043e+03 3.038781e+03 
1.580505e-01 3.124956e+03 2.946733e+03 
1.610707e-01 3.040622e+03 2.858513e+03 
1.640909e-01 2.964197e+03 2.773922e+03 
1.671111e-01 2.894256e+03 2.692775e+03 
1.701313e-01 2.829201e+03 2.614893e+03 
1.731515e-01 2.767330e+03 2.540114e+03 
1.761717e-01 2.707131e+03 2.468281e+03 
1.791919e-01 2.647558e+03 2.399248e+03 
1.822121e-01 2.587863e+03 2.332879e+03 
1.852323e-01 2.527709e+03 2.269043e+03 
1.882525e-01 2.466952e+03 2.207619e+03 
1.912727e-01 2.405666e+03 2.148492e+03 
1.942929e-01 2.344136e+03 2.091554e+03 
1.973131e-01 2.282866e+03 2.036702e+03 
2.003333e-01 2.222485e+03 1.983840e+03 
2.033535e-01 2.163716e+03 1.932877e+03 
2.063737e-01 2.107179e+03 1.883726e+03 
2.093939e-01 2.053394e+03 1.836306e+03 
2.124141e-01 2.002602e+03 1.790540e+03 
2.154343e-01 1.954872e+03 1.746355e+03 
2.184545e-01 1.910116e+03 1.703681e+03 
2.214747e-01 1.868160e+03 1.662453e+03 
2.244949e-01 1.828760e+03 1.622610e+03 
2.275152e-01 1.791609e+03 1.584091e+03 
2.305354e-01 1.756265e+03 1.546842e+03 
2.335556e-01 1.722269e+03 1.510808e+03 
2.365758e-01 1.689225e+03 1.475941e+03 
2.395960e-01 1.656800e+03 1.442191e+03 
2.426162e-01 1.624788e+03 1.409514e+03 
2.456364e-01 1.593045e+03 1.377866e+03 
2.486566e-01 1.561518e+03 1.347205e+03 
2.516768e-01 1.530187e+03 1.317493e+03 
2.546970e-01 1.499064e+03 1.288693e+03 
2.577172e-01 1.468224e+03 1.260768e+03 
2.607374e-01 1.437811e+03 1.233686e+03 
2.637576e-01 1.408010e+03 1.207412e+03 
2.667778e-01 1.379037e+03 1.181918e+03 
2.697980e-01 1.351061e+03 1.157173e+03 
2.728182e-01 1.324200e+03 1.133150e+03 
2.758384e-01 1.298473e+03 1.109821e+03 
2.788586e-01 1.273833e+03 1.087161e+03 
2.818788e-01 1.250198e+03 1.065146e+03 
2.848990e-01 1.227470e+03 1.043751e+03 
2.879192e-01 1.205581e+03 1.022956e+03 
2.909394e-01 1.184467e+03 1.002738e+03 
2.939596e-01 1.164049e+03 9.830776e+02 
2.969798e-01 1.144232e+03 9.639542e+02 
3.000000e-01 1.124889e+03 9.453496e+02 
