1.000000e-03 1.014072e+04 1.014062e+04 
4.020202e-03 3.342852e+04 3.369651e+04 
7.040404e-03 4.796471e+04 4.836780e+04 
1.006061e-02 5.612065e+04 5.673415e+04 
1.308081e-02 5.956076e+04 6.048885e+04 
1.610101e-02 5.949006e+04 6.054589e+04 
1.912121e-02 5.687943e+04 5.759149e+04 
2.214141e-02 5.255909e+04 5.252788e+04 
2.516162e-02 4.724767e+04 4.648832e+04 
2.818182e-02 4.154825e+04 4.048750e+04 
3.120202e-02 3.593329e+04 3.513442e+04 
3.422222e-02 3.073992e+04 3.063330e+04 
3.724242e-02 2.617800e+04 2.694516e+04 
4.026263e-02 2.234517e+04 2.393782e+04 
4.328283e-02 1.923613e+04 2.146862e+04 
4.630303e-02 1.683159e+04 1.941600e+04 
4.932323e-02 1.506324e+04 1.768543e+04 
5.234343e-02 1.381936e+04 1.620612e+04 
5.536364e-02 1.299736e+04 1.492567e+04 
5.838384e-02 1.249413e+04 1.380514e+04 
6.140404e-02 1.221875e+04 1.281532e+04 
6.442424e-02 1.209507e+04 1.193395e+04 
6.744444e-02 1.204955e+04 1.114383e+04 
7.046465e-02 1.201011e+04 1.043139e+04 
7.348485e-02 1.191168e+04 9.785817e+03 
7.650505e-02 1.170280e+04 9.198314e+03 
7.952525e-02 1.135298e+04 8.661652e+03 
8.254545e-02 1.085691e+04 8.169809e+03 
8.556566e-02 1.023000e+04 7.717711e+03 
8.858586e-02 9.502602e+03 7.301047e+03 
9.160606e-02 8.713806e+03 6.916117e+03 
9.462626e-02 7.904470e+03 6.559724e+03 
9.764646e-02 7.114858e+03 6.229087e+03 
1.006667e-01 6.379273e+03 5.921770e+03 
1.036869e-01 5.725718e+03 5.635632e+03 
1.067071e-01 5.171525e+03 5.368779e+03 
1.097273e-01 4.725412e+03 5.119531e+03 
1.127475e-01 4.386504e+03 4.886389e+03 
1.157677e-01 4.147786e+03 4.668014e+03 
1.187879e-01 3.998214e+03 4.463205e+03 
1.218081e-01 3.924103e+03 4.270882e+03 
1.248283e-01 3.910436e+03 4.090069e+03 
1.278485e-01 3.941096e+03 3.919886e+03 
1.308687e-01 3.999212e+03 3.759534e+03 
1.338889e-01 4.067520e+03 3.608288e+03 
1.369091e-01 4.129038e+03 3.465488e+03 
1.399293e-01 4.168021e+03 3.330533e+03 
1.429495e-01 4.170999e+03 3.202872e+03 
1.459697e-01 4.128907e+03 3.082004e+03 
1.489899e-01 4.037015e+03 2.967469e+03 
1.520101e-01 3.896909e+03 2.858843e+03 
1.550303e-01 3.714572e+03 2.755738e+03 
1.580505e-01 3.500716e+03 2.657797e+03 
1.610707e-01 3.267973e+03 2.564690e+03 
1.640909e-01 3.029736e+03 2.476114e+03 
1.671111e-01 2.797829e+03 2.391788e+03 
1.701313e-01 2.582308e+03 2.311452e+03 
1.731515e-01 2.390640e+03 2.234866e+03 
1.761717e-01 2.227750e+03 2.161807e+03 
1.791919e-01 2.096360e+03 2.092068e+03 
1.822121e-01 1.996956e+03 2.025457e+03 
1.852323e-01 1.928518e+03 1.961795e+03 
1.882525e-01 1.888363e+03 1.900916e+03 
1.912727e-01 1.872612e+03 1.842664e+03 
1.942929e-01 1.876423e+03 1.786896e+03 
1.973131e-01 1.894234e+03 1.733476e+03 
2.003333e-01 1.920149e+03 1.682278e+03 
2.033535e-01 1.948104e+03 1.633185e+03 
2.063737e-01 1.972326e+03 1.586086e+03 
2.093939e-01 1.987503e+03 1.540878e+03 
2.124141e-01 1.989453e+03 1.497464e+03 
2.154343e-01 1.975148e+03 1.455754e+03 
2.184545e-01 1.943291e+03 1.415661e+03 
2.214747e-01 1.894205e+03 1.377106e+03 
2.244949e-01 1.829718e+03 1.340014e+03 
2.275152e-01 1.753041e+03 1.304314e+03 
2.305354e-01 1.668086e+03 1.269939e+03 
2.335556e-01 1.579201e+03 1.236826e+03 
2.365758e-01 1.490604e+03 1.204916e+03 
2.395960e-01 1.406207e+03 1.174154e+03 
2.426162e-01 1.329151e+03 1.144487e+03 
2.456364e-01 1.261862e+03 1.115865e+03 
2.486566e-01 1.205732e+03 1.088240e+03 
2.516768e-01 1.161367e+03 1.061569e+03 
2.546970e-01 1.128628e+03 1.035810e+03 
2.577172e-01 1.106732e+03 1.010922e+03 
2.607374e-01 1.094461e+03 9.868677e+02 
2.637576e-01 1.090158e+03 9.636120e+02 
2.667778e-01 1.091905e+03 9.411207e+02 
2.697980e-01 1.097568e+03 9.193616e+02 
2.728182e-01 1.104905e+03 8.983044e+02 
2.758384e-01 1.111684e+03 8.779199e+02 
2.788586e-01 1.115855e+03 8.581809e+02 
2.818788e-01 1.115683e+03 8.390610e+02 
2.848990e-01 1.109843e+03 8.205356e+02 
2.879192e-01 1.097631e+03 8.025809e+02 
2.909394e-01 1.078846e+03 7.851744e+02 
2.939596e-01 1.053921e+03 7.682948e+02 
2.969798e-01 1.023735e+03 7.519216e+02 
3.000000e-01 9.895895e+02 7.360354e+02 
