1.000000e-03 3.030419e+03 3.030388e+03 
4.020202e-03 1.024786e+04 1.032629e+04 
7.040404e-03 1.508492e+04 1.517900e+04 
1.006061e-02 1.813590e+04 1.820858e+04 
1.308081e-02 1.985563e+04 1.989330e+04 
1.610101e-02 2.058072e+04 2.054884e+04 
1.912121e-02 2.057422e+04 2.043621e+04 
2.214141e-02 2.005327e+04 1.982230e+04 
2.516162e-02 1.919760e+04 1.895041e+04 
2.818182e-02 1.815575e+04 1.799111e+04 
3.120202e-02 1.704315e+04 1.703641e+04 
3.422222e-02 1.594605e+04 1.612509e+04 
3.724242e-02 1.492211e+04 1.526892e+04 
4.026263e-02 1.400592e+04 1.446850e+04 
4.328283e-02 1.321137e+04 1.372068e+04 
4.630303e-02 1.253255e+04 1.302146e+04 
4.932323e-02 1.196673e+04 1.236703e+04 
5.234343e-02 1.149824e+04 1.175393e+04 
5.536364e-02 1.109103e+04 1.117909e+04 
5.838384e-02 1.072581e+04 1.063976e+04 
6.140404e-02 1.038559e+04 1.013345e+04 
6.442424e-02 1.004995e+04 9.657865e+03 
6.744444e-02 9.704095e+03 9.210899e+03 
7.046465e-02 9.338787e+03 8.790598e+03 
7.348485e-02 8.950596e+03 8.395148e+03 
7.650505e-02 8.543180e+03 8.022862e+03 
7.952525e-02 8.124867e+03 7.672172e+03 
8.254545e-02 7.706454e+03 7.341621e+03 
8.556566e-02 7.298748e+03 7.029854e+03 
8.858586e-02 6.910930e+03 6.735613e+03 
9.160606e-02 6.550411e+03 6.457730e+03 
9.462626e-02 6.222765e+03 6.195122e+03 
9.764646e-02 5.931747e+03 5.946783e+03 
1.006667e-01 5.679644e+03 5.711780e+03 
1.036869e-01 5.465728e+03 5.489248e+03 
1.067071e-01 5.287057e+03 5.278385e+03 
1.097273e-01 5.137401e+03 5.078446e+03 
1.127475e-01 5.009477e+03 4.888740e+03 
1.157677e-01 4.895266e+03 4.708627e+03 
1.187879e-01 4.787645e+03 4.537512e+03 
1.218081e-01 4.680479e+03 4.374840e+03 
1.248283e-01 4.569531e+03 4.220099e+03 
1.278485e-01 4.451823e+03 4.072811e+03 
1.308687e-01 4.326048e+03 3.932532e+03 
1.338889e-01 4.191994e+03 3.798847e+03 
1.369091e-01 4.051037e+03 3.671373e+03 
1.399293e-01 3.905404e+03 3.549750e+03 
1.429495e-01 3.758206e+03 3.433644e+03 
1.459697e-01 3.612719e+03 3.322742e+03 
1.489899e-01 3.472241e+03 3.216754e+03 
1.520101e-01 3.339554e+03 3.115406e+03 
1.550303e-01 3.216999e+03 3.018446e+03 
1.580505e-01 3.106095e+03 2.925634e+03 
1.610707e-01 3.007715e+03 2.836749e+03 
1.640909e-01 2.921642e+03 2.751582e+03 
1.671111e-01 2.846956e+03 2.669937e+03 
1.701313e-01 2.781909e+03 2.591632e+03 
1.731515e-01 2.724397e+03 2.516494e+03 
1.761717e-01 2.672075e+03 2.444362e+03 
1.791919e-01 2.622843e+03 2.375085e+03 
1.822121e-01 2.574801e+03 2.308521e+03 
1.852323e-01 2.526377e+03 2.244534e+03 
1.882525e-01 2.476262e+03 2.183000e+03 
1.912727e-01 2.423602e+03 2.123800e+03 
1.942929e-01 2.367956e+03 2.066822e+03 
1.973131e-01 2.309450e+03 2.011959e+03 
2.003333e-01 2.248700e+03 1.959114e+03 
2.033535e-01 2.186763e+03 1.908192e+03 
2.063737e-01 2.124794e+03 1.859104e+03 
2.093939e-01 2.063962e+03 1.811768e+03 
2.124141e-01 2.005229e+03 1.766103e+03 
2.154343e-01 1.949413e+03 1.722034e+03 
2.184545e-01 1.897107e+03 1.679492e+03 
2.214747e-01 1.848731e+03 1.638409e+03 
2.244949e-01 1.804466e+03 1.598722e+03 
2.275152e-01 1.764252e+03 1.560370e+03 
2.305354e-01 1.727780e+03 1.523296e+03 
2.335556e-01 1.694523e+03 1.487446e+03 
2.365758e-01 1.663814e+03 1.452770e+03 
2.395960e-01 1.634951e+03 1.419217e+03 
2.426162e-01 1.607251e+03 1.386742e+03 
2.456364e-01 1.580141e+03 1.355301e+03 
2.486566e-01 1.553126e+03 1.324851e+03 
2.516768e-01 1.525820e+03 1.295354e+03 
2.546970e-01 1.497932e+03 1.266771e+03 
2.577172e-01 1.469287e+03 1.239066e+03 
2.607374e-01 1.439909e+03 1.212205e+03 
2.637576e-01 1.409980e+03 1.186155e+03 
2.667778e-01 1.379823e+03 1.160885e+03 
2.697980e-01 1.349821e+03 1.136365e+03 
2.728182e-01 1.320359e+03 1.112566e+03 
2.758384e-01 1.291774e+03 1.089463e+03 
2.788586e-01 1.264289e+03 1.067028e+03 
2.818788e-01 1.238059e+03 1.045237e+03 
2.848990e-01 1.213167e+03 1.024067e+03 
2.879192e-01 1.189664e+03 1.003494e+03 
2.909394e-01 1.167571e+03 9.834984e+02 
2.939596e-01 1.146827e+03 9.640584e+02 
2.969798e-01 1.127323e+03 9.451545e+02 
3.000000e-01 1.108863e+03 9.267679e+02 
