1.000000e-03 2.702076e+03 2.702049e+03 
4.020202e-03 9.002292e+03 9.073261e+03 
7.040404e-03 1.311916e+04 1.319094e+04 
1.006061e-02 1.567630e+04 1.569229e+04 
1.308081e-02 1.712543e+04 1.706044e+04 
1.610101e-02 1.778354e+04 1.762430e+04 
1.912121e-02 1.788236e+04 1.763821e+04 
2.214141e-02 1.759784e+04 1.731205e+04 
2.516162e-02 1.706735e+04 1.679951e+04 
2.818182e-02 1.639536e+04 1.619552e+04 
3.120202e-02 1.566080e+04 1.555263e+04 
3.422222e-02 1.491829e+04 1.489916e+04 
3.724242e-02 1.420347e+04 1.425090e+04 
4.026263e-02 1.353601e+04 1.361711e+04 
4.328283e-02 1.292341e+04 1.300336e+04 
4.630303e-02 1.236434e+04 1.241299e+04 
4.932323e-02 1.185289e+04 1.184785e+04 
5.234343e-02 1.137996e+04 1.130882e+04 
5.536364e-02 1.093275e+04 1.079604e+04 
5.838384e-02 1.050154e+04 1.030919e+04 
6.140404e-02 1.008140e+04 9.847624e+03 
6.442424e-02 9.668342e+03 9.410459e+03 
6.744444e-02 9.259846e+03 8.996688e+03 
7.046465e-02 8.856314e+03 8.605220e+03 
7.348485e-02 8.460968e+03 8.234929e+03 
7.650505e-02 8.079149e+03 7.884684e+03 
7.952525e-02 7.716170e+03 7.553369e+03 
8.254545e-02 7.376153e+03 7.239900e+03 
8.556566e-02 7.061043e+03 6.943232e+03 
8.858586e-02 6.771043e+03 6.662366e+03 
9.160606e-02 6.505320e+03 6.396353e+03 
9.462626e-02 6.262868e+03 6.144296e+03 
9.764646e-02 6.042252e+03 5.905349e+03 
1.006667e-01 5.841340e+03 5.678715e+03 
1.036869e-01 5.656508e+03 5.463648e+03 
1.067071e-01 5.483414e+03 5.259448e+03 
1.097273e-01 5.317660e+03 5.065459e+03 
1.127475e-01 5.155527e+03 4.881069e+03 
1.157677e-01 4.995208e+03 4.705706e+03 
1.187879e-01 4.835726e+03 4.538834e+03 
1.218081e-01 4.677599e+03 4.379954e+03 
1.248283e-01 4.521692e+03 4.228598e+03 
1.278485e-01 4.369099e+03 4.084331e+03 
1.308687e-01 4.220996e+03 3.946745e+03 
1.338889e-01 4.078657e+03 3.815459e+03 
1.369091e-01 3.943261e+03 3.690119e+03 
1.399293e-01 3.815547e+03 3.570391e+03 
1.429495e-01 3.695983e+03 3.455963e+03 
1.459697e-01 3.584339e+03 3.346546e+03 
1.489899e-01 3.480183e+03 3.241867e+03 
1.520101e-01 3.382929e+03 3.141670e+03 
1.550303e-01 3.291914e+03 3.045715e+03 
1.580505e-01 3.206313e+03 2.953780e+03 
1.610707e-01 3.125210e+03 2.865654e+03 
1.640909e-01 3.047519e+03 2.781139e+03 
1.671111e-01 2.972160e+03 2.700050e+03 
1.701313e-01 2.898397e+03 2.622213e+03 
1.731515e-01 2.825687e+03 2.547465e+03 
1.761717e-01 2.753986e+03 2.475651e+03 
1.791919e-01 2.683433e+03 2.406627e+03 
1.822121e-01 2.614247e+03 2.340257e+03 
1.852323e-01 2.546674e+03 2.276412e+03 
1.882525e-01 2.480957e+03 2.214971e+03 
1.912727e-01 2.417336e+03 2.155820e+03 
1.942929e-01 2.356043e+03 2.098852e+03 
1.973131e-01 2.297295e+03 2.043965e+03 
2.003333e-01 2.241226e+03 1.991063e+03 
2.033535e-01 2.187906e+03 1.940055e+03 
2.063737e-01 2.137180e+03 1.890856e+03 
2.093939e-01 2.088784e+03 1.843384e+03 
2.124141e-01 2.042460e+03 1.797563e+03 
2.154343e-01 1.997953e+03 1.753320e+03 
2.184545e-01 1.955027e+03 1.710586e+03 
2.214747e-01 1.913457e+03 1.669297e+03 
2.244949e-01 1.873035e+03 1.629389e+03 
2.275152e-01 1.833568e+03 1.590806e+03 
2.305354e-01 1.794957e+03 1.553490e+03 
2.335556e-01 1.757167e+03 1.517390e+03 
2.365758e-01 1.720220e+03 1.482454e+03 
2.395960e-01 1.684173e+03 1.448635e+03 
2.426162e-01 1.649038e+03 1.415889e+03 
2.456364e-01 1.614797e+03 1.384171e+03 
2.486566e-01 1.581456e+03 1.353440e+03 
2.516768e-01 1.549041e+03 1.323658e+03 
2.546970e-01 1.517596e+03 1.294788e+03 
2.577172e-01 1.487181e+03 1.266793e+03 
2.607374e-01 1.457818e+03 1.239640e+03 
2.637576e-01 1.429498e+03 1.213298e+03 
2.667778e-01 1.402155e+03 1.187734e+03 
2.697980e-01 1.375674e+03 1.162920e+03 
2.728182e-01 1.349950e+03 1.138828e+03 
2.758384e-01 1.324900e+03 1.115431e+03 
2.788586e-01 1.300478e+03 1.092703e+03 
2.818788e-01 1.276681e+03 1.070620e+03 
2.848990e-01 1.253496e+03 1.049159e+03 
2.879192e-01 1.230889e+03 1.028298e+03 
2.909394e-01 1.208819e+03 1.008015e+03 
2.939596e-01 1.187230e+03 9.882892e+02 
2.969798e-01 1.166096e+03 9.691017e+02 
3.000000e-01 1.145430e+03 9.504336e+02 
