1.000000e-03 3.537611e+03 3.537573e+03 
4.020202e-03 1.164456e+04 1.173507e+04 
7.040404e-03 1.685815e+04 1.696008e+04 
1.006061e-02 2.000895e+04 2.007519e+04 
1.308081e-02 2.167754e+04 2.168954e+04 
1.610101e-02 2.227300e+04 2.219607e+04 
1.912121e-02 2.210408e+04 2.191092e+04 
2.214141e-02 2.141499e+04 2.113738e+04 
2.516162e-02 2.040297e+04 2.013177e+04 
2.818182e-02 1.922461e+04 1.906146e+04 
3.120202e-02 1.799938e+04 1.801103e+04 
3.422222e-02 1.681267e+04 1.701392e+04 
3.724242e-02 1.571921e+04 1.607921e+04 
4.026263e-02 1.474876e+04 1.520635e+04 
4.328283e-02 1.391105e+04 1.439177e+04 
4.630303e-02 1.319769e+04 1.363124e+04 
4.932323e-02 1.259607e+04 1.292069e+04 
5.234343e-02 1.208852e+04 1.225641e+04 
5.536364e-02 1.164325e+04 1.163501e+04 
5.838384e-02 1.123426e+04 1.105340e+04 
6.140404e-02 1.084223e+04 1.050872e+04 
6.442424e-02 1.045035e+04 9.998359e+03 
6.744444e-02 1.004736e+04 9.519871e+03 
7.046465e-02 9.627668e+03 9.070997e+03 
7.348485e-02 9.191401e+03 8.649642e+03 
7.650505e-02 8.743933e+03 8.253857e+03 
7.952525e-02 8.294236e+03 7.881841e+03 
8.254545e-02 7.853381e+03 7.531921e+03 
8.556566e-02 7.431535e+03 7.202550e+03 
8.858586e-02 7.037166e+03 6.892298e+03 
9.160606e-02 6.676564e+03 6.599841e+03 
9.462626e-02 6.354261e+03 6.323956e+03 
9.764646e-02 6.072428e+03 6.063511e+03 
1.006667e-01 5.830629e+03 5.817464e+03 
1.036869e-01 5.625678e+03 5.584846e+03 
1.067071e-01 5.451839e+03 5.364767e+03 
1.097273e-01 5.301864e+03 5.156400e+03 
1.127475e-01 5.167722e+03 4.958981e+03 
1.157677e-01 5.042208e+03 4.771805e+03 
1.187879e-01 4.918893e+03 4.594217e+03 
1.218081e-01 4.793269e+03 4.425611e+03 
1.248283e-01 4.661979e+03 4.265425e+03 
1.278485e-01 4.523434e+03 4.113139e+03 
1.308687e-01 4.377395e+03 3.968270e+03 
1.338889e-01 4.225441e+03 3.830368e+03 
1.369091e-01 4.070111e+03 3.699017e+03 
1.399293e-01 3.914803e+03 3.573828e+03 
1.429495e-01 3.762751e+03 3.454441e+03 
1.459697e-01 3.616950e+03 3.340521e+03 
1.489899e-01 3.479653e+03 3.231754e+03 
1.520101e-01 3.352663e+03 3.127849e+03 
1.550303e-01 3.237274e+03 3.028532e+03 
1.580505e-01 3.134307e+03 2.933551e+03 
1.610707e-01 3.043604e+03 2.842667e+03 
1.640909e-01 2.964277e+03 2.755658e+03 
1.671111e-01 2.894374e+03 2.672318e+03 
1.701313e-01 2.831598e+03 2.592450e+03 
1.731515e-01 2.773395e+03 2.515874e+03 
1.761717e-01 2.717605e+03 2.442417e+03 
1.791919e-01 2.662476e+03 2.371920e+03 
1.822121e-01 2.606817e+03 2.304233e+03 
1.852323e-01 2.549792e+03 2.239214e+03 
1.882525e-01 2.490841e+03 2.176731e+03 
1.912727e-01 2.429649e+03 2.116657e+03 
1.942929e-01 2.366465e+03 2.058877e+03 
1.973131e-01 2.301868e+03 2.003279e+03 
2.003333e-01 2.236922e+03 1.949759e+03 
2.033535e-01 2.172762e+03 1.898219e+03 
2.063737e-01 2.110519e+03 1.848565e+03 
2.093939e-01 2.051097e+03 1.800712e+03 
2.124141e-01 1.995144e+03 1.754575e+03 
2.154343e-01 1.943012e+03 1.710076e+03 
2.184545e-01 1.894833e+03 1.667143e+03 
2.214747e-01 1.850490e+03 1.625705e+03 
2.244949e-01 1.809732e+03 1.585696e+03 
2.275152e-01 1.772167e+03 1.547053e+03 
2.305354e-01 1.737318e+03 1.509718e+03 
2.335556e-01 1.704567e+03 1.473634e+03 
2.365758e-01 1.673284e+03 1.438747e+03 
2.395960e-01 1.642866e+03 1.405008e+03 
2.426162e-01 1.612797e+03 1.372368e+03 
2.456364e-01 1.582672e+03 1.340782e+03 
2.486566e-01 1.552239e+03 1.310207e+03 
2.516768e-01 1.521373e+03 1.280601e+03 
2.546970e-01 1.490106e+03 1.251925e+03 
2.577172e-01 1.458574e+03 1.224142e+03 
2.607374e-01 1.427051e+03 1.197217e+03 
2.637576e-01 1.395850e+03 1.171116e+03 
2.667778e-01 1.365278e+03 1.145807e+03 
2.697980e-01 1.335602e+03 1.121259e+03 
2.728182e-01 1.307017e+03 1.097444e+03 
2.758384e-01 1.279672e+03 1.074332e+03 
2.788586e-01 1.253659e+03 1.051898e+03 
2.818788e-01 1.229013e+03 1.030117e+03 
2.848990e-01 1.205712e+03 1.008964e+03 
2.879192e-01 1.183660e+03 9.884158e+02 
2.909394e-01 1.162715e+03 9.684508e+02 
2.939596e-01 1.142702e+03 9.490477e+02 
2.969798e-01 1.123433e+03 9.301864e+02 
3.000000e-01 1.104725e+03 9.118475e+02 
