1.000000e-03 2.562620e+03 2.562594e+03 
4.020202e-03 8.652038e+03 8.719278e+03 
7.040404e-03 1.271344e+04 1.278569e+04 
1.006061e-02 1.528296e+04 1.531141e+04 
1.308081e-02 1.676735e+04 1.672979e+04 
1.610101e-02 1.745972e+04 1.733815e+04 
1.912121e-02 1.758070e+04 1.737384e+04 
2.214141e-02 1.730374e+04 1.704701e+04 
2.516162e-02 1.676711e+04 1.652274e+04 
2.818182e-02 1.607972e+04 1.590702e+04 
3.120202e-02 1.532503e+04 1.525780e+04 
3.422222e-02 1.456331e+04 1.460438e+04 
3.724242e-02 1.383407e+04 1.396151e+04 
4.026263e-02 1.316146e+04 1.333687e+04 
4.328283e-02 1.255141e+04 1.273466e+04 
4.630303e-02 1.200201e+04 1.215714e+04 
4.932323e-02 1.151848e+04 1.160542e+04 
5.234343e-02 1.108344e+04 1.107987e+04 
5.536364e-02 1.067300e+04 1.058029e+04 
5.838384e-02 1.028248e+04 1.010618e+04 
6.140404e-02 9.904598e+03 9.656757e+03 
6.442424e-02 9.528925e+03 9.231085e+03 
6.744444e-02 9.150997e+03 8.828133e+03 
7.046465e-02 8.769698e+03 8.446813e+03 
7.348485e-02 8.386719e+03 8.086018e+03 
7.650505e-02 8.007483e+03 7.744642e+03 
7.952525e-02 7.638926e+03 7.421603e+03 
8.254545e-02 7.288082e+03 7.115850e+03 
8.556566e-02 6.959531e+03 6.826375e+03 
8.858586e-02 6.655939e+03 6.552215e+03 
9.160606e-02 6.378369e+03 6.292454e+03 
9.462626e-02 6.126907e+03 6.046228e+03 
9.764646e-02 5.900955e+03 5.812721e+03 
1.006667e-01 5.699370e+03 5.591166e+03 
1.036869e-01 5.519317e+03 5.380843e+03 
1.067071e-01 5.356382e+03 5.181076e+03 
1.097273e-01 5.205500e+03 4.991235e+03 
1.127475e-01 5.061240e+03 4.810726e+03 
1.157677e-01 4.919585e+03 4.638998e+03 
1.187879e-01 4.777656e+03 4.475532e+03 
1.218081e-01 4.634333e+03 4.319847e+03 
1.248283e-01 4.489585e+03 4.171490e+03 
1.278485e-01 4.344214e+03 4.030040e+03 
1.308687e-01 4.199458e+03 3.895102e+03 
1.338889e-01 4.056835e+03 3.766307e+03 
1.369091e-01 3.917977e+03 3.643310e+03 
1.399293e-01 3.784520e+03 3.525790e+03 
1.429495e-01 3.657964e+03 3.413444e+03 
1.459697e-01 3.539214e+03 3.305990e+03 
1.489899e-01 3.428850e+03 3.203163e+03 
1.520101e-01 3.326888e+03 3.104716e+03 
1.550303e-01 3.233102e+03 3.010415e+03 
1.580505e-01 3.146940e+03 2.920044e+03 
1.610707e-01 3.067576e+03 2.833397e+03 
1.640909e-01 2.993685e+03 2.750282e+03 
1.671111e-01 2.923864e+03 2.670521e+03 
1.701313e-01 2.856721e+03 2.593942e+03 
1.731515e-01 2.791086e+03 2.520386e+03 
1.761717e-01 2.726165e+03 2.449705e+03 
1.791919e-01 2.661473e+03 2.381756e+03 
1.822121e-01 2.596915e+03 2.316407e+03 
1.852323e-01 2.532546e+03 2.253532e+03 
1.882525e-01 2.468572e+03 2.193015e+03 
1.912727e-01 2.405284e+03 2.134742e+03 
1.942929e-01 2.343056e+03 2.078610e+03 
1.973131e-01 2.282391e+03 2.024519e+03 
2.003333e-01 2.223882e+03 1.972376e+03 
2.033535e-01 2.167957e+03 1.922091e+03 
2.063737e-01 2.114897e+03 1.873582e+03 
2.093939e-01 2.064725e+03 1.826768e+03 
2.124141e-01 2.017303e+03 1.781575e+03 
2.154343e-01 1.972443e+03 1.737932e+03 
2.184545e-01 1.929922e+03 1.695772e+03 
2.214747e-01 1.889455e+03 1.655030e+03 
2.244949e-01 1.850726e+03 1.615647e+03 
2.275152e-01 1.813414e+03 1.577564e+03 
2.305354e-01 1.777198e+03 1.540728e+03 
2.335556e-01 1.741781e+03 1.505086e+03 
2.365758e-01 1.706920e+03 1.470590e+03 
2.395960e-01 1.672545e+03 1.437193e+03 
2.426162e-01 1.638645e+03 1.404849e+03 
2.456364e-01 1.605258e+03 1.373518e+03 
2.486566e-01 1.572424e+03 1.343159e+03 
2.516768e-01 1.540173e+03 1.313732e+03 
2.546970e-01 1.508554e+03 1.285203e+03 
2.577172e-01 1.477668e+03 1.257536e+03 
2.607374e-01 1.447631e+03 1.230698e+03 
2.637576e-01 1.418571e+03 1.204658e+03 
2.667778e-01 1.390583e+03 1.179385e+03 
2.697980e-01 1.363705e+03 1.154850e+03 
2.728182e-01 1.337906e+03 1.131026e+03 
2.758384e-01 1.313066e+03 1.107887e+03 
2.788586e-01 1.289069e+03 1.085408e+03 
2.818788e-01 1.265804e+03 1.063564e+03 
2.848990e-01 1.243202e+03 1.042333e+03 
2.879192e-01 1.221231e+03 1.021693e+03 
2.909394e-01 1.199838e+03 1.001623e+03 
2.939596e-01 1.178960e+03 9.821033e+02 
2.969798e-01 1.158530e+03 9.631137e+02 
3.000000e-01 1.138488e+03 9.446364e+02 
