1.000000e-03 2.504211e+03 2.504186e+03 
4.020202e-03 8.395236e+03 8.460172e+03 
7.040404e-03 1.232686e+04 1.239708e+04 
1.006061e-02 1.482558e+04 1.485367e+04 
1.308081e-02 1.628126e+04 1.624578e+04 
1.610101e-02 1.697412e+04 1.685799e+04 
1.912121e-02 1.711493e+04 1.691685e+04 
2.214141e-02 1.686990e+04 1.662278e+04 
2.516162e-02 1.637063e+04 1.613380e+04 
2.818182e-02 1.572241e+04 1.555208e+04 
3.120202e-02 1.500495e+04 1.493415e+04 
3.422222e-02 1.427662e+04 1.430903e+04 
3.724242e-02 1.357598e+04 1.369160e+04 
4.026263e-02 1.292699e+04 1.308984e+04 
4.328283e-02 1.233614e+04 1.250823e+04 
4.630303e-02 1.180171e+04 1.194929e+04 
4.932323e-02 1.132954e+04 1.141435e+04 
5.234343e-02 1.090431e+04 1.090396e+04 
5.536364e-02 1.050303e+04 1.041813e+04 
5.838384e-02 1.011981e+04 9.956488e+03 
6.140404e-02 9.748846e+03 9.518385e+03 
6.442424e-02 9.382356e+03 9.103008e+03 
6.744444e-02 9.014750e+03 8.709430e+03 
7.046465e-02 8.643688e+03 8.336657e+03 
7.348485e-02 8.270667e+03 7.983662e+03 
7.650505e-02 7.900821e+03 7.649415e+03 
7.952525e-02 7.540890e+03 7.332900e+03 
8.254545e-02 7.197897e+03 7.033125e+03 
8.556566e-02 6.876587e+03 6.749134e+03 
8.858586e-02 6.579648e+03 6.480009e+03 
9.160606e-02 6.307743e+03 6.224879e+03 
9.462626e-02 6.060699e+03 5.982917e+03 
9.764646e-02 5.837837e+03 5.753339e+03 
1.006667e-01 5.638076e+03 5.535410e+03 
1.036869e-01 5.459024e+03 5.328436e+03 
1.067071e-01 5.296931e+03 5.131767e+03 
1.097273e-01 5.147197e+03 4.944793e+03 
1.127475e-01 5.004556e+03 4.766941e+03 
1.157677e-01 4.864893e+03 4.597678e+03 
1.187879e-01 4.725174e+03 4.436503e+03 
1.218081e-01 4.584128e+03 4.282946e+03 
1.248283e-01 4.441774e+03 4.136570e+03 
1.278485e-01 4.298874e+03 3.996964e+03 
1.308687e-01 4.156664e+03 3.863745e+03 
1.338889e-01 4.016667e+03 3.736555e+03 
1.369091e-01 3.880527e+03 3.615058e+03 
1.399293e-01 3.749619e+03 3.498939e+03 
1.429495e-01 3.625146e+03 3.387903e+03 
1.459697e-01 3.507993e+03 3.281677e+03 
1.489899e-01 3.398829e+03 3.180000e+03 
1.520101e-01 3.297797e+03 3.082632e+03 
1.550303e-01 3.204775e+03 2.989344e+03 
1.580505e-01 3.119219e+03 2.899925e+03 
1.610707e-01 3.040345e+03 2.814172e+03 
1.640909e-01 2.966919e+03 2.731900e+03 
1.671111e-01 2.897579e+03 2.652931e+03 
1.701313e-01 2.830940e+03 2.577099e+03 
1.731515e-01 2.765789e+03 2.504248e+03 
1.761717e-01 2.701446e+03 2.434231e+03 
1.791919e-01 2.637469e+03 2.366910e+03 
1.822121e-01 2.573778e+03 2.302154e+03 
1.852323e-01 2.510396e+03 2.239841e+03 
1.882525e-01 2.447443e+03 2.179854e+03 
1.912727e-01 2.385131e+03 2.122084e+03 
1.942929e-01 2.323806e+03 2.066428e+03 
1.973131e-01 2.263920e+03 2.012788e+03 
2.003333e-01 2.206065e+03 1.961073e+03 
2.033535e-01 2.150713e+03 1.911194e+03 
2.063737e-01 2.098149e+03 1.863071e+03 
2.093939e-01 2.048454e+03 1.816624e+03 
2.124141e-01 2.001469e+03 1.771780e+03 
2.154343e-01 1.956976e+03 1.728469e+03 
2.184545e-01 1.914708e+03 1.686624e+03 
2.214747e-01 1.874415e+03 1.646183e+03 
2.244949e-01 1.835866e+03 1.607086e+03 
2.275152e-01 1.798787e+03 1.569277e+03 
2.305354e-01 1.762867e+03 1.532702e+03 
2.335556e-01 1.727813e+03 1.497309e+03 
2.365758e-01 1.693357e+03 1.463050e+03 
2.395960e-01 1.659373e+03 1.429880e+03 
2.426162e-01 1.625824e+03 1.397754e+03 
2.456364e-01 1.592746e+03 1.366630e+03 
2.486566e-01 1.560210e+03 1.336469e+03 
2.516768e-01 1.528286e+03 1.307234e+03 
2.546970e-01 1.497044e+03 1.278887e+03 
2.577172e-01 1.466546e+03 1.251394e+03 
2.607374e-01 1.436857e+03 1.224724e+03 
2.637576e-01 1.408077e+03 1.198844e+03 
2.667778e-01 1.380304e+03 1.173724e+03 
2.697980e-01 1.353576e+03 1.149338e+03 
2.728182e-01 1.327896e+03 1.125656e+03 
2.758384e-01 1.303195e+03 1.102653e+03 
2.788586e-01 1.279380e+03 1.080305e+03 
2.818788e-01 1.256333e+03 1.058587e+03 
2.848990e-01 1.233947e+03 1.037478e+03 
2.879192e-01 1.212154e+03 1.016955e+03 
2.909394e-01 1.190899e+03 9.969971e+02 
2.939596e-01 1.170146e+03 9.775852e+02 
2.969798e-01 1.149857e+03 9.587000e+02 
3.000000e-01 1.129982e+03 9.403232e+02 
