1.000000e-03 5.988922e+03 5.988856e+03 
4.020202e-03 1.989814e+04 2.005358e+04 
7.040404e-03 2.894447e+04 2.916456e+04 
1.006061e-02 3.438031e+04 3.466625e+04 
1.308081e-02 3.710263e+04 3.749037e+04 
1.610101e-02 3.777383e+04 3.817422e+04 
1.912121e-02 3.692534e+04 3.712721e+04 
2.214141e-02 3.500932e+04 3.484942e+04 
2.516162e-02 3.242006e+04 3.193537e+04 
2.818182e-02 2.948997e+04 2.890761e+04 
3.120202e-02 2.648703e+04 2.608905e+04 
3.422222e-02 2.361170e+04 2.360870e+04 
3.724242e-02 2.099910e+04 2.147658e+04 
4.026263e-02 1.872910e+04 1.965201e+04 
4.328283e-02 1.682045e+04 1.808242e+04 
4.630303e-02 1.527585e+04 1.671954e+04 
4.932323e-02 1.408522e+04 1.552395e+04 
5.234343e-02 1.319193e+04 1.446489e+04 
5.536364e-02 1.254021e+04 1.351869e+04 
5.838384e-02 1.207719e+04 1.266711e+04 
6.140404e-02 1.174815e+04 1.189596e+04 
6.442424e-02 1.149945e+04 1.119402e+04 
6.744444e-02 1.128374e+04 1.055227e+04 
7.046465e-02 1.106076e+04 9.963382e+03 
7.348485e-02 1.079722e+04 9.421261e+03 
7.650505e-02 1.047028e+04 8.920805e+03 
7.952525e-02 1.006882e+04 8.457674e+03 
8.254545e-02 9.593546e+03 8.028143e+03 
8.556566e-02 9.056142e+03 7.628986e+03 
8.858586e-02 8.475424e+03 7.257382e+03 
9.160606e-02 7.874346e+03 6.910855e+03 
9.462626e-02 7.277529e+03 6.587212e+03 
9.764646e-02 6.707700e+03 6.284506e+03 
1.006667e-01 6.184950e+03 6.000998e+03 
1.036869e-01 5.723185e+03 5.735131e+03 
1.067071e-01 5.331477e+03 5.485502e+03 
1.097273e-01 5.012235e+03 5.250850e+03 
1.127475e-01 4.763645e+03 5.030030e+03 
1.157677e-01 4.579997e+03 4.822009e+03 
1.187879e-01 4.452920e+03 4.625844e+03 
1.218081e-01 4.372343e+03 4.440679e+03 
1.248283e-01 4.326756e+03 4.265732e+03 
1.278485e-01 4.303888e+03 4.100290e+03 
1.308687e-01 4.290880e+03 3.943698e+03 
1.338889e-01 4.275902e+03 3.795357e+03 
1.369091e-01 4.248425e+03 3.654716e+03 
1.399293e-01 4.200631e+03 3.521271e+03 
1.429495e-01 4.127038e+03 3.394554e+03 
1.459697e-01 4.025619e+03 3.274136e+03 
1.489899e-01 3.896870e+03 3.159621e+03 
1.520101e-01 3.743781e+03 3.050643e+03 
1.550303e-01 3.571645e+03 2.946862e+03 
1.580505e-01 3.387285e+03 2.847964e+03 
1.610707e-01 3.198873e+03 2.753659e+03 
1.640909e-01 3.014502e+03 2.663675e+03 
1.671111e-01 2.841491e+03 2.577763e+03 
1.701313e-01 2.685276e+03 2.495688e+03 
1.731515e-01 2.549517e+03 2.417233e+03 
1.761717e-01 2.435711e+03 2.342195e+03 
1.791919e-01 2.344105e+03 2.270387e+03 
1.822121e-01 2.273699e+03 2.201630e+03 
1.852323e-01 2.222725e+03 2.135761e+03 
1.882525e-01 2.188684e+03 2.072626e+03 
1.912727e-01 2.168288e+03 2.012080e+03 
1.942929e-01 2.157698e+03 1.953989e+03 
1.973131e-01 2.152518e+03 1.898226e+03 
2.003333e-01 2.148357e+03 1.844673e+03 
2.033535e-01 2.141104e+03 1.793218e+03 
2.063737e-01 2.127491e+03 1.743757e+03 
2.093939e-01 2.105092e+03 1.696191e+03 
2.124141e-01 2.072702e+03 1.650429e+03 
2.154343e-01 2.029933e+03 1.606382e+03 
2.184545e-01 1.977389e+03 1.563970e+03 
2.214747e-01 1.916377e+03 1.523115e+03 
2.244949e-01 1.848878e+03 1.483744e+03 
2.275152e-01 1.777340e+03 1.445788e+03 
2.305354e-01 1.704451e+03 1.409184e+03 
2.335556e-01 1.632908e+03 1.373869e+03 
2.365758e-01 1.565141e+03 1.339786e+03 
2.395960e-01 1.503092e+03 1.306879e+03 
2.426162e-01 1.448124e+03 1.275098e+03 
2.456364e-01 1.401077e+03 1.244393e+03 
2.486566e-01 1.362166e+03 1.214717e+03 
2.516768e-01 1.331200e+03 1.186027e+03 
2.546970e-01 1.307507e+03 1.158281e+03 
2.577172e-01 1.290097e+03 1.131439e+03 
2.607374e-01 1.277679e+03 1.105464e+03 
2.637576e-01 1.268773e+03 1.080319e+03 
2.667778e-01 1.261808e+03 1.055972e+03 
2.697980e-01 1.255244e+03 1.032389e+03 
2.728182e-01 1.247677e+03 1.009541e+03 
2.758384e-01 1.237937e+03 9.873974e+02 
2.788586e-01 1.225164e+03 9.659310e+02 
2.818788e-01 1.208792e+03 9.451153e+02 
2.848990e-01 1.188646e+03 9.249252e+02 
2.879192e-01 1.164825e+03 9.053365e+02 
2.909394e-01 1.137772e+03 8.863264e+02 
2.939596e-01 1.108161e+03 8.678731e+02 
2.969798e-01 1.076879e+03 8.499557e+02 
3.000000e-01 1.044893e+03 8.325543e+02 
