1.000000e-03 3.774972e+03 3.774933e+03 
4.020202e-03 1.255473e+04 1.265175e+04 
7.040404e-03 1.824360e+04 1.835933e+04 
1.006061e-02 2.168340e+04 2.177970e+04 
1.308081e-02 2.348210e+04 2.354624e+04 
1.610101e-02 2.407772e+04 2.406263e+04 
1.912121e-02 2.380734e+04 2.366130e+04 
2.214141e-02 2.294546e+04 2.268442e+04 
2.516162e-02 2.171767e+04 2.144116e+04 
2.818182e-02 2.030589e+04 2.014190e+04 
3.120202e-02 1.885074e+04 1.889305e+04 
3.422222e-02 1.745316e+04 1.773301e+04 
3.724242e-02 1.617807e+04 1.666753e+04 
4.026263e-02 1.506164e+04 1.569030e+04 
4.328283e-02 1.411260e+04 1.479205e+04 
4.630303e-02 1.332017e+04 1.396388e+04 
4.932323e-02 1.267843e+04 1.319811e+04 
5.234343e-02 1.215825e+04 1.248829e+04 
5.536364e-02 1.171706e+04 1.182899e+04 
5.838384e-02 1.132929e+04 1.121556e+04 
6.140404e-02 1.096733e+04 1.064400e+04 
6.442424e-02 1.060581e+04 1.011077e+04 
6.744444e-02 1.022902e+04 9.612725e+03 
7.046465e-02 9.826807e+03 9.147057e+03 
7.348485e-02 9.395882e+03 8.711224e+03 
7.650505e-02 8.940388e+03 8.302921e+03 
7.952525e-02 8.469962e+03 7.920050e+03 
8.254545e-02 7.997203e+03 7.560701e+03 
8.556566e-02 7.535621e+03 7.223126e+03 
8.858586e-02 7.097177e+03 6.905726e+03 
9.160606e-02 6.692093e+03 6.607036e+03 
9.462626e-02 6.328219e+03 6.325715e+03 
9.764646e-02 6.010492e+03 6.060528e+03 
1.006667e-01 5.740567e+03 5.810343e+03 
1.036869e-01 5.516621e+03 5.574121e+03 
1.067071e-01 5.333396e+03 5.350903e+03 
1.097273e-01 5.183402e+03 5.139807e+03 
1.127475e-01 5.057836e+03 4.940022e+03 
1.157677e-01 4.947730e+03 4.750798e+03 
1.187879e-01 4.844916e+03 4.571443e+03 
1.218081e-01 4.742190e+03 4.401320e+03 
1.248283e-01 4.633749e+03 4.239838e+03 
1.278485e-01 4.515657e+03 4.086451e+03 
1.308687e-01 4.385788e+03 3.940653e+03 
1.338889e-01 4.244427e+03 3.801977e+03 
1.369091e-01 4.093412e+03 3.669987e+03 
1.399293e-01 3.936269e+03 3.544281e+03 
1.429495e-01 3.776976e+03 3.424485e+03 
1.459697e-01 3.619509e+03 3.310250e+03 
1.489899e-01 3.467612e+03 3.201253e+03 
1.520101e-01 3.324681e+03 3.097192e+03 
1.550303e-01 3.193488e+03 2.997787e+03 
1.580505e-01 3.076190e+03 2.902776e+03 
1.610707e-01 2.973736e+03 2.811915e+03 
1.640909e-01 2.886146e+03 2.724974e+03 
1.671111e-01 2.811920e+03 2.641742e+03 
1.701313e-01 2.748873e+03 2.562020e+03 
1.731515e-01 2.694169e+03 2.485619e+03 
1.761717e-01 2.645054e+03 2.412366e+03 
1.791919e-01 2.598968e+03 2.342097e+03 
1.822121e-01 2.553770e+03 2.274658e+03 
1.852323e-01 2.507614e+03 2.209906e+03 
1.882525e-01 2.458991e+03 2.147705e+03 
1.912727e-01 2.406755e+03 2.087927e+03 
1.942929e-01 2.350444e+03 2.030454e+03 
1.973131e-01 2.290197e+03 1.975173e+03 
2.003333e-01 2.226885e+03 1.921978e+03 
2.033535e-01 2.161780e+03 1.870769e+03 
2.063737e-01 2.096421e+03 1.821452e+03 
2.093939e-01 2.032231e+03 1.773939e+03 
2.124141e-01 1.970497e+03 1.728146e+03 
2.154343e-01 1.912169e+03 1.683993e+03 
2.184545e-01 1.857982e+03 1.641407e+03 
2.214747e-01 1.808372e+03 1.600316e+03 
2.244949e-01 1.763520e+03 1.560655e+03 
2.275152e-01 1.723331e+03 1.522359e+03 
2.305354e-01 1.687427e+03 1.485370e+03 
2.335556e-01 1.655217e+03 1.449629e+03 
2.365758e-01 1.625923e+03 1.415085e+03 
2.395960e-01 1.598694e+03 1.381685e+03 
2.426162e-01 1.572683e+03 1.349382e+03 
2.456364e-01 1.547102e+03 1.318130e+03 
2.486566e-01 1.521277e+03 1.287885e+03 
2.516768e-01 1.494717e+03 1.258606e+03 
2.546970e-01 1.467126e+03 1.230254e+03 
2.577172e-01 1.438435e+03 1.202791e+03 
2.607374e-01 1.408735e+03 1.176181e+03 
2.637576e-01 1.378315e+03 1.150392e+03 
2.667778e-01 1.347539e+03 1.125390e+03 
2.697980e-01 1.316834e+03 1.101146e+03 
2.728182e-01 1.286611e+03 1.077629e+03 
2.758384e-01 1.257250e+03 1.054812e+03 
2.788586e-01 1.229073e+03 1.032669e+03 
2.818788e-01 1.202348e+03 1.011174e+03 
2.848990e-01 1.177231e+03 9.903024e+02 
2.879192e-01 1.153807e+03 9.700316e+02 
2.909394e-01 1.132036e+03 9.503396e+02 
2.939596e-01 1.111805e+03 9.312051e+02 
2.969798e-01 1.092912e+03 9.126081e+02 
3.000000e-01 1.075120e+03 8.945292e+02 
