1.000000e-03 3.125014e+03 3.124981e+03 
4.020202e-03 1.034162e+04 1.042181e+04 
7.040404e-03 1.502876e+04 1.511598e+04 
1.006061e-02 1.790407e+04 1.794869e+04 
1.308081e-02 1.947747e+04 1.945838e+04 
1.610101e-02 2.010940e+04 2.000070e+04 
1.912121e-02 2.006956e+04 1.986030e+04 
2.214141e-02 1.957009e+04 1.929824e+04 
2.516162e-02 1.878061e+04 1.852508e+04 
2.818182e-02 1.783533e+04 1.767523e+04 
3.120202e-02 1.683528e+04 1.681817e+04 
3.422222e-02 1.585297e+04 1.598462e+04 
3.724242e-02 1.493574e+04 1.518657e+04 
4.026263e-02 1.411018e+04 1.442799e+04 
4.328283e-02 1.337504e+04 1.370956e+04 
4.630303e-02 1.273816e+04 1.303061e+04 
4.932323e-02 1.219781e+04 1.238987e+04 
5.234343e-02 1.171865e+04 1.178577e+04 
5.536364e-02 1.128082e+04 1.121663e+04 
5.838384e-02 1.087170e+04 1.068065e+04 
6.140404e-02 1.047458e+04 1.017604e+04 
6.442424e-02 1.007769e+04 9.700993e+03 
6.744444e-02 9.673940e+03 9.253766e+03 
7.046465e-02 9.260363e+03 8.832652e+03 
7.348485e-02 8.839169e+03 8.436018e+03 
7.650505e-02 8.416348e+03 8.062308e+03 
7.952525e-02 8.000424e+03 7.710045e+03 
8.254545e-02 7.600016e+03 7.377840e+03 
8.556566e-02 7.222583e+03 7.064385e+03 
8.858586e-02 6.873167e+03 6.768457e+03 
9.160606e-02 6.555056e+03 6.488912e+03 
9.462626e-02 6.270199e+03 6.224682e+03 
9.764646e-02 6.019234e+03 5.974772e+03 
1.006667e-01 5.800434e+03 5.738258e+03 
1.036869e-01 5.610406e+03 5.514277e+03 
1.067071e-01 5.443479e+03 5.302030e+03 
1.097273e-01 5.292997e+03 5.100773e+03 
1.127475e-01 5.152312e+03 4.909814e+03 
1.157677e-01 5.015430e+03 4.728511e+03 
1.187879e-01 4.878551e+03 4.556267e+03 
1.218081e-01 4.738976e+03 4.392526e+03 
1.248283e-01 4.595520e+03 4.236774e+03 
1.278485e-01 4.447994e+03 4.088528e+03 
1.308687e-01 4.297508e+03 3.947343e+03 
1.338889e-01 4.145859e+03 3.812802e+03 
1.369091e-01 3.995510e+03 3.684518e+03 
1.399293e-01 3.848996e+03 3.562130e+03 
1.429495e-01 3.708811e+03 3.445300e+03 
1.459697e-01 3.576747e+03 3.333714e+03 
1.489899e-01 3.454083e+03 3.227078e+03 
1.520101e-01 3.341467e+03 3.125119e+03 
1.550303e-01 3.239169e+03 3.027580e+03 
1.580505e-01 3.146935e+03 2.934221e+03 
1.610707e-01 3.064106e+03 2.844817e+03 
1.640909e-01 2.989214e+03 2.759160e+03 
1.671111e-01 2.920492e+03 2.677051e+03 
1.701313e-01 2.855886e+03 2.598306e+03 
1.731515e-01 2.793550e+03 2.522752e+03 
1.761717e-01 2.732069e+03 2.450226e+03 
1.791919e-01 2.670452e+03 2.380575e+03 
1.822121e-01 2.608182e+03 2.313657e+03 
1.852323e-01 2.545060e+03 2.249335e+03 
1.882525e-01 2.481154e+03 2.187482e+03 
1.912727e-01 2.416707e+03 2.127980e+03 
1.942929e-01 2.352120e+03 2.070715e+03 
1.973131e-01 2.288133e+03 2.015581e+03 
2.003333e-01 2.225612e+03 1.962478e+03 
2.033535e-01 2.165323e+03 1.911311e+03 
2.063737e-01 2.107913e+03 1.861991e+03 
2.093939e-01 2.053743e+03 1.814434e+03 
2.124141e-01 2.003008e+03 1.768559e+03 
2.154343e-01 1.955648e+03 1.724292e+03 
2.184545e-01 1.911479e+03 1.681560e+03 
2.214747e-01 1.870168e+03 1.640297e+03 
2.244949e-01 1.831329e+03 1.600439e+03 
2.275152e-01 1.794524e+03 1.561924e+03 
2.305354e-01 1.759282e+03 1.524696e+03 
2.335556e-01 1.725116e+03 1.488699e+03 
2.365758e-01 1.691662e+03 1.453883e+03 
2.395960e-01 1.658641e+03 1.420198e+03 
2.426162e-01 1.625869e+03 1.387596e+03 
2.456364e-01 1.593221e+03 1.356035e+03 
2.486566e-01 1.560641e+03 1.325471e+03 
2.516768e-01 1.528140e+03 1.295865e+03 
2.546970e-01 1.495859e+03 1.267179e+03 
2.577172e-01 1.463999e+03 1.239375e+03 
2.607374e-01 1.432826e+03 1.212420e+03 
2.637576e-01 1.402574e+03 1.186281e+03 
2.667778e-01 1.373411e+03 1.160926e+03 
2.697980e-01 1.345426e+03 1.136325e+03 
2.728182e-01 1.318622e+03 1.112450e+03 
2.758384e-01 1.292969e+03 1.089273e+03 
2.788586e-01 1.268413e+03 1.066769e+03 
2.818788e-01 1.244895e+03 1.044912e+03 
2.848990e-01 1.222348e+03 1.023678e+03 
2.879192e-01 1.200665e+03 1.003046e+03 
2.909394e-01 1.179718e+03 9.829933e+02 
2.939596e-01 1.159357e+03 9.634992e+02 
2.969798e-01 1.139439e+03 9.445437e+02 
3.000000e-01 1.119861e+03 9.261081e+02 
