1.000000e-03 4.491289e+03 4.491246e+03 
4.020202e-03 1.504628e+04 1.516325e+04 
7.040404e-03 2.214137e+04 2.230856e+04 
1.006061e-02 2.661635e+04 2.682140e+04 
1.308081e-02 2.908668e+04 2.935241e+04 
1.610101e-02 3.001168e+04 3.028965e+04 
1.912121e-02 2.976403e+04 2.991852e+04 
2.214141e-02 2.866162e+04 2.857129e+04 
2.516162e-02 2.698516e+04 2.665151e+04 
2.818182e-02 2.497512e+04 2.453692e+04 
3.120202e-02 2.283142e+04 2.248504e+04 
3.422222e-02 2.070957e+04 2.062004e+04 
3.724242e-02 1.872167e+04 1.897443e+04 
4.026263e-02 1.694161e+04 1.753548e+04 
4.328283e-02 1.540254e+04 1.627492e+04 
4.630303e-02 1.411083e+04 1.516323e+04 
4.932323e-02 1.307255e+04 1.417470e+04 
5.234343e-02 1.226414e+04 1.328856e+04 
5.536364e-02 1.164470e+04 1.248839e+04 
5.838384e-02 1.117479e+04 1.176132e+04 
6.140404e-02 1.082071e+04 1.109719e+04 
6.442424e-02 1.054700e+04 1.048785e+04 
6.744444e-02 1.031508e+04 9.926709e+03 
7.046465e-02 1.009227e+04 9.408314e+03 
7.348485e-02 9.851661e+03 8.928112e+03 
7.650505e-02 9.573027e+03 8.482238e+03 
7.952525e-02 9.244822e+03 8.067378e+03 
8.254545e-02 8.864729e+03 7.680657e+03 
8.556566e-02 8.437888e+03 7.319562e+03 
8.858586e-02 7.975244e+03 6.981876e+03 
9.160606e-02 7.491086e+03 6.665634e+03 
9.462626e-02 7.001146e+03 6.369085e+03 
9.764646e-02 6.521596e+03 6.090656e+03 
1.006667e-01 6.067432e+03 5.828936e+03 
1.036869e-01 5.652172e+03 5.582649e+03 
1.067071e-01 5.285313e+03 5.350641e+03 
1.097273e-01 4.973133e+03 5.131863e+03 
1.127475e-01 4.716826e+03 4.925360e+03 
1.157677e-01 4.514417e+03 4.730263e+03 
1.187879e-01 4.360621e+03 4.545777e+03 
1.218081e-01 4.248435e+03 4.371172e+03 
1.248283e-01 4.169666e+03 4.205781e+03 
1.278485e-01 4.115576e+03 4.048992e+03 
1.308687e-01 4.077199e+03 3.900240e+03 
1.338889e-01 4.045600e+03 3.759004e+03 
1.369091e-01 4.012335e+03 3.624808e+03 
1.399293e-01 3.969905e+03 3.497207e+03 
1.429495e-01 3.912524e+03 3.375793e+03 
1.459697e-01 3.836237e+03 3.260187e+03 
1.489899e-01 3.739687e+03 3.150039e+03 
1.520101e-01 3.623351e+03 3.045023e+03 
1.550303e-01 3.489923e+03 2.944837e+03 
1.580505e-01 3.343271e+03 2.849201e+03 
1.610707e-01 3.188533e+03 2.757853e+03 
1.640909e-01 3.031210e+03 2.670550e+03 
1.671111e-01 2.876977e+03 2.587066e+03 
1.701313e-01 2.730849e+03 2.507190e+03 
1.731515e-01 2.597138e+03 2.430724e+03 
1.761717e-01 2.478661e+03 2.357484e+03 
1.791919e-01 2.377208e+03 2.287297e+03 
1.822121e-01 2.293102e+03 2.220003e+03 
1.852323e-01 2.225861e+03 2.155450e+03 
1.882525e-01 2.174110e+03 2.093497e+03 
1.912727e-01 2.135888e+03 2.034010e+03 
1.942929e-01 2.108727e+03 1.976867e+03 
1.973131e-01 2.089739e+03 1.921948e+03 
2.003333e-01 2.075815e+03 1.869146e+03 
2.033535e-01 2.063760e+03 1.818355e+03 
2.063737e-01 2.050544e+03 1.769479e+03 
2.093939e-01 2.033558e+03 1.722426e+03 
2.124141e-01 2.010804e+03 1.677109e+03 
2.154343e-01 1.980991e+03 1.633448e+03 
2.184545e-01 1.943614e+03 1.591365e+03 
2.214747e-01 1.898784e+03 1.550788e+03 
2.244949e-01 1.847356e+03 1.511649e+03 
2.275152e-01 1.790596e+03 1.473882e+03 
2.305354e-01 1.730220e+03 1.437426e+03 
2.335556e-01 1.668121e+03 1.402224e+03 
2.365758e-01 1.606329e+03 1.368220e+03 
2.395960e-01 1.546670e+03 1.335364e+03 
2.426162e-01 1.490739e+03 1.303604e+03 
2.456364e-01 1.439708e+03 1.272895e+03 
2.486566e-01 1.394442e+03 1.243193e+03 
2.516768e-01 1.355344e+03 1.214455e+03 
2.546970e-01 1.322522e+03 1.186641e+03 
2.577172e-01 1.295711e+03 1.159715e+03 
2.607374e-01 1.274369e+03 1.133639e+03 
2.637576e-01 1.257677e+03 1.108379e+03 
2.667778e-01 1.244577e+03 1.083903e+03 
2.697980e-01 1.233870e+03 1.060179e+03 
2.728182e-01 1.224343e+03 1.037179e+03 
2.758384e-01 1.214845e+03 1.014875e+03 
2.788586e-01 1.204401e+03 9.932379e+02 
2.818788e-01 1.192225e+03 9.722440e+02 
2.848990e-01 1.177774e+03 9.518686e+02 
2.879192e-01 1.160731e+03 9.320882e+02 
2.909394e-01 1.140977e+03 9.128809e+02 
2.939596e-01 1.118638e+03 8.942252e+02 
2.969798e-01 1.094009e+03 8.761011e+02 
3.000000e-01 1.067611e+03 8.584892e+02 
