1.000000e-03 2.246106e+03 2.246083e+03 
4.020202e-03 7.552506e+03 7.612036e+03 
7.040404e-03 1.111887e+04 1.118157e+04 
1.006061e-02 1.341673e+04 1.343104e+04 
1.308081e-02 1.479775e+04 1.473937e+04 
1.610101e-02 1.551314e+04 1.537141e+04 
1.912121e-02 1.574867e+04 1.553136e+04 
2.214141e-02 1.564651e+04 1.538605e+04 
2.516162e-02 1.531765e+04 1.505918e+04 
2.818182e-02 1.484748e+04 1.463034e+04 
3.120202e-02 1.430141e+04 1.414668e+04 
3.422222e-02 1.372658e+04 1.363589e+04 
3.724242e-02 1.315447e+04 1.311494e+04 
4.026263e-02 1.260590e+04 1.259468e+04 
4.328283e-02 1.208528e+04 1.208227e+04 
4.630303e-02 1.159623e+04 1.158251e+04 
4.932323e-02 1.114936e+04 1.109849e+04 
5.234343e-02 1.073060e+04 1.063218e+04 
5.536364e-02 1.032502e+04 1.018470e+04 
5.838384e-02 9.932483e+03 9.756549e+03 
6.140404e-02 9.552444e+03 9.347808e+03 
6.442424e-02 9.182531e+03 8.958247e+03 
6.744444e-02 8.819805e+03 8.587422e+03 
7.046465e-02 8.462445e+03 8.234742e+03 
7.348485e-02 8.112092e+03 7.899522e+03 
7.650505e-02 7.772265e+03 7.581022e+03 
7.952525e-02 7.447898e+03 7.278470e+03 
8.254545e-02 7.142766e+03 6.991089e+03 
8.556566e-02 6.859214e+03 6.718105e+03 
8.858586e-02 6.596736e+03 6.458762e+03 
9.160606e-02 6.353854e+03 6.212326e+03 
9.462626e-02 6.128607e+03 5.978090e+03 
9.764646e-02 5.919579e+03 5.755380e+03 
1.006667e-01 5.725666e+03 5.543552e+03 
1.036869e-01 5.545180e+03 5.341995e+03 
1.067071e-01 5.375842e+03 5.150133e+03 
1.097273e-01 5.214532e+03 4.967419e+03 
1.127475e-01 5.058449e+03 4.793338e+03 
1.157677e-01 4.905254e+03 4.627407e+03 
1.187879e-01 4.753697e+03 4.469170e+03 
1.218081e-01 4.603982e+03 4.318198e+03 
1.248283e-01 4.456748e+03 4.174090e+03 
1.278485e-01 4.313230e+03 4.036467e+03 
1.308687e-01 4.174602e+03 3.904974e+03 
1.338889e-01 4.041721e+03 3.779280e+03 
1.369091e-01 3.915259e+03 3.659070e+03 
1.399293e-01 3.795418e+03 3.544051e+03 
1.429495e-01 3.682245e+03 3.433949e+03 
1.459697e-01 3.575514e+03 3.328502e+03 
1.489899e-01 3.474905e+03 3.227470e+03 
1.520101e-01 3.380009e+03 3.130622e+03 
1.550303e-01 3.290375e+03 3.037745e+03 
1.580505e-01 3.205479e+03 2.948635e+03 
1.610707e-01 3.124744e+03 2.863104e+03 
1.640909e-01 3.047397e+03 2.780971e+03 
1.671111e-01 2.972530e+03 2.702069e+03 
1.701313e-01 2.899477e+03 2.626239e+03 
1.731515e-01 2.827823e+03 2.553331e+03 
1.761717e-01 2.757446e+03 2.483206e+03 
1.791919e-01 2.688596e+03 2.415728e+03 
1.822121e-01 2.621499e+03 2.350774e+03 
1.852323e-01 2.556293e+03 2.288225e+03 
1.882525e-01 2.493070e+03 2.227969e+03 
1.912727e-01 2.431826e+03 2.169900e+03 
1.942929e-01 2.372583e+03 2.113919e+03 
1.973131e-01 2.315486e+03 2.059931e+03 
2.003333e-01 2.260692e+03 2.007847e+03 
2.033535e-01 2.208275e+03 1.957581e+03 
2.063737e-01 2.158254e+03 1.909055e+03 
2.093939e-01 2.110418e+03 1.862192e+03 
2.124141e-01 2.064467e+03 1.816920e+03 
2.154343e-01 2.020121e+03 1.773171e+03 
2.184545e-01 1.977119e+03 1.730880e+03 
2.214747e-01 1.935332e+03 1.689986e+03 
2.244949e-01 1.894727e+03 1.650430e+03 
2.275152e-01 1.855253e+03 1.612157e+03 
2.305354e-01 1.816832e+03 1.575114e+03 
2.335556e-01 1.779383e+03 1.539252e+03 
2.365758e-01 1.742825e+03 1.504522e+03 
2.395960e-01 1.707115e+03 1.470879e+03 
2.426162e-01 1.672277e+03 1.438280e+03 
2.456364e-01 1.638351e+03 1.406685e+03 
2.486566e-01 1.605387e+03 1.376053e+03 
2.516768e-01 1.573419e+03 1.346347e+03 
2.546970e-01 1.542418e+03 1.317533e+03 
2.577172e-01 1.512343e+03 1.289575e+03 
2.607374e-01 1.483167e+03 1.262442e+03 
2.637576e-01 1.454862e+03 1.236103e+03 
2.667778e-01 1.427405e+03 1.210528e+03 
2.697980e-01 1.400771e+03 1.185688e+03 
2.728182e-01 1.374912e+03 1.161558e+03 
2.758384e-01 1.349772e+03 1.138111e+03 
2.788586e-01 1.325297e+03 1.115323e+03 
2.818788e-01 1.301434e+03 1.093170e+03 
2.848990e-01 1.278140e+03 1.071630e+03 
2.879192e-01 1.255388e+03 1.050680e+03 
2.909394e-01 1.233160e+03 1.030301e+03 
2.939596e-01 1.211454e+03 1.010473e+03 
2.969798e-01 1.190267e+03 9.911758e+02 
3.000000e-01 1.169591e+03 9.723925e+02 
