1.000000e-03 3.712905e+03 3.712871e+03 
4.020202e-03 1.251071e+04 1.260812e+04 
7.040404e-03 1.842474e+04 1.855567e+04 
1.006061e-02 2.215976e+04 2.229799e+04 
1.308081e-02 2.424508e+04 2.439304e+04 
1.610101e-02 2.507502e+04 2.518949e+04 
1.912121e-02 2.496410e+04 2.495983e+04 
2.214141e-02 2.417702e+04 2.400634e+04 
2.516162e-02 2.294103e+04 2.265448e+04 
2.818182e-02 2.144764e+04 2.117369e+04 
3.120202e-02 1.985231e+04 1.972894e+04 
3.422222e-02 1.827467e+04 1.839324e+04 
3.724242e-02 1.679844e+04 1.718467e+04 
4.026263e-02 1.547766e+04 1.609667e+04 
4.328283e-02 1.433678e+04 1.511491e+04 
4.630303e-02 1.337417e+04 1.422449e+04 
4.932323e-02 1.259437e+04 1.341246e+04 
5.234343e-02 1.198002e+04 1.266817e+04 
5.536364e-02 1.149055e+04 1.198301e+04 
5.838384e-02 1.109502e+04 1.135003e+04 
6.140404e-02 1.076609e+04 1.076351e+04 
6.442424e-02 1.047637e+04 1.021871e+04 
6.744444e-02 1.019682e+04 9.711584e+03 
7.046465e-02 9.904915e+03 9.238686e+03 
7.348485e-02 9.585109e+03 8.797004e+03 
7.650505e-02 9.228687e+03 8.383890e+03 
7.952525e-02 8.835019e+03 7.996995e+03 
8.254545e-02 8.409818e+03 7.634221e+03 
8.556566e-02 7.963665e+03 7.293681e+03 
8.858586e-02 7.509531e+03 6.973674e+03 
9.160606e-02 7.060579e+03 6.672657e+03 
9.462626e-02 6.629174e+03 6.389230e+03 
9.764646e-02 6.226337e+03 6.122114e+03 
1.006667e-01 5.861453e+03 5.870145e+03 
1.036869e-01 5.541263e+03 5.632255e+03 
1.067071e-01 5.269256e+03 5.407467e+03 
1.097273e-01 5.045473e+03 5.194884e+03 
1.127475e-01 4.866304e+03 4.993682e+03 
1.157677e-01 4.725701e+03 4.803104e+03 
1.187879e-01 4.615929e+03 4.622449e+03 
1.218081e-01 4.528649e+03 4.451074e+03 
1.248283e-01 4.455468e+03 4.288385e+03 
1.278485e-01 4.388492e+03 4.133831e+03 
1.308687e-01 4.320757e+03 3.986904e+03 
1.338889e-01 4.246367e+03 3.847133e+03 
1.369091e-01 4.160591e+03 3.714082e+03 
1.399293e-01 4.060785e+03 3.587347e+03 
1.429495e-01 3.945906e+03 3.466550e+03 
1.459697e-01 3.817271e+03 3.351344e+03 
1.489899e-01 3.677388e+03 3.241403e+03 
1.520101e-01 3.530001e+03 3.136425e+03 
1.550303e-01 3.379325e+03 3.036128e+03 
1.580505e-01 3.229942e+03 2.940249e+03 
1.610707e-01 3.086108e+03 2.848544e+03 
1.640909e-01 2.951661e+03 2.760784e+03 
1.671111e-01 2.829521e+03 2.676754e+03 
1.701313e-01 2.721841e+03 2.596255e+03 
1.731515e-01 2.629366e+03 2.519099e+03 
1.761717e-01 2.551971e+03 2.445112e+03 
1.791919e-01 2.488349e+03 2.374129e+03 
1.822121e-01 2.436687e+03 2.305995e+03 
1.852323e-01 2.394708e+03 2.240566e+03 
1.882525e-01 2.359912e+03 2.177707e+03 
1.912727e-01 2.329650e+03 2.117289e+03 
1.942929e-01 2.301321e+03 2.059192e+03 
1.973131e-01 2.272441e+03 2.003305e+03 
2.003333e-01 2.240929e+03 1.949519e+03 
2.033535e-01 2.205113e+03 1.897735e+03 
2.063737e-01 2.164016e+03 1.847859e+03 
2.093939e-01 2.117334e+03 1.799802e+03 
2.124141e-01 2.065520e+03 1.753478e+03 
2.154343e-01 2.009469e+03 1.708810e+03 
2.184545e-01 1.950394e+03 1.665721e+03 
2.214747e-01 1.889740e+03 1.624141e+03 
2.244949e-01 1.829036e+03 1.584003e+03 
2.275152e-01 1.769759e+03 1.545243e+03 
2.305354e-01 1.713269e+03 1.507801e+03 
2.335556e-01 1.660699e+03 1.471620e+03 
2.365758e-01 1.612855e+03 1.436646e+03 
2.395960e-01 1.570171e+03 1.402828e+03 
2.426162e-01 1.532715e+03 1.370117e+03 
2.456364e-01 1.500281e+03 1.338468e+03 
2.486566e-01 1.472388e+03 1.307836e+03 
2.516768e-01 1.448396e+03 1.278179e+03 
2.546970e-01 1.427490e+03 1.249458e+03 
2.577172e-01 1.408777e+03 1.221636e+03 
2.607374e-01 1.391294e+03 1.194677e+03 
2.637576e-01 1.374109e+03 1.168546e+03 
2.667778e-01 1.356346e+03 1.143212e+03 
2.697980e-01 1.337365e+03 1.118642e+03 
2.728182e-01 1.316718e+03 1.094808e+03 
2.758384e-01 1.294272e+03 1.071682e+03 
2.788586e-01 1.270065e+03 1.049237e+03 
2.818788e-01 1.244341e+03 1.027447e+03 
2.848990e-01 1.217431e+03 1.006288e+03 
2.879192e-01 1.189759e+03 9.857363e+02 
2.909394e-01 1.161785e+03 9.657701e+02 
2.939596e-01 1.133992e+03 9.463679e+02 
2.969798e-01 1.106872e+03 9.275093e+02 
3.000000e-01 1.080899e+03 9.091750e+02 
