1.000000e-03 2.658211e+03 2.658187e+03 
4.020202e-03 8.821580e+03 8.892062e+03 
7.040404e-03 1.283514e+04 1.290626e+04 
1.006061e-02 1.532635e+04 1.533965e+04 
1.308081e-02 1.674423e+04 1.667358e+04 
1.610101e-02 1.740050e+04 1.723545e+04 
1.912121e-02 1.752024e+04 1.727362e+04 
2.214141e-02 1.727321e+04 1.698665e+04 
2.516162e-02 1.678868e+04 1.651692e+04 
2.818182e-02 1.616607e+04 1.595255e+04 
3.120202e-02 1.547792e+04 1.534362e+04 
3.422222e-02 1.477557e+04 1.471840e+04 
3.724242e-02 1.409231e+04 1.409350e+04 
4.026263e-02 1.344804e+04 1.347912e+04 
4.328283e-02 1.284432e+04 1.288165e+04 
4.630303e-02 1.228525e+04 1.230508e+04 
4.932323e-02 1.177797e+04 1.175176e+04 
5.234343e-02 1.130244e+04 1.122293e+04 
5.536364e-02 1.084439e+04 1.071904e+04 
5.838384e-02 1.040435e+04 1.023998e+04 
6.140404e-02 9.978809e+03 9.785270e+03 
6.442424e-02 9.562599e+03 9.354175e+03 
6.744444e-02 9.154689e+03 8.945798e+03 
7.046465e-02 8.756023e+03 8.559140e+03 
7.348485e-02 8.369221e+03 8.193151e+03 
7.650505e-02 7.998283e+03 7.846764e+03 
7.952525e-02 7.647682e+03 7.518918e+03 
8.254545e-02 7.320173e+03 7.208574e+03 
8.556566e-02 7.016861e+03 6.914726e+03 
8.858586e-02 6.736683e+03 6.636410e+03 
9.160606e-02 6.478323e+03 6.372707e+03 
9.462626e-02 6.240437e+03 6.122745e+03 
9.764646e-02 6.021622e+03 5.885700e+03 
1.006667e-01 5.819952e+03 5.660797e+03 
1.036869e-01 5.632341e+03 5.447306e+03 
1.067071e-01 5.455150e+03 5.244542e+03 
1.097273e-01 5.284531e+03 5.051865e+03 
1.127475e-01 5.118008e+03 4.868673e+03 
1.157677e-01 4.953859e+03 4.694405e+03 
1.187879e-01 4.791954e+03 4.528535e+03 
1.218081e-01 4.633103e+03 4.370572e+03 
1.248283e-01 4.478136e+03 4.220058e+03 
1.278485e-01 4.327888e+03 4.076563e+03 
1.308687e-01 4.183253e+03 3.939685e+03 
1.338889e-01 4.045179e+03 3.809051e+03 
1.369091e-01 3.914368e+03 3.684309e+03 
1.399293e-01 3.791156e+03 3.565131e+03 
1.429495e-01 3.675577e+03 3.451210e+03 
1.459697e-01 3.567141e+03 3.342259e+03 
1.489899e-01 3.465266e+03 3.238008e+03 
1.520101e-01 3.369294e+03 3.138207e+03 
1.550303e-01 3.278556e+03 3.042617e+03 
1.580505e-01 3.192401e+03 2.951018e+03 
1.610707e-01 3.110145e+03 2.863201e+03 
1.640909e-01 3.030949e+03 2.778972e+03 
1.671111e-01 2.953973e+03 2.698147e+03 
1.701313e-01 2.878732e+03 2.620554e+03 
1.731515e-01 2.804928e+03 2.546031e+03 
1.761717e-01 2.732596e+03 2.474425e+03 
1.791919e-01 2.661962e+03 2.405593e+03 
1.822121e-01 2.593232e+03 2.339399e+03 
1.852323e-01 2.526593e+03 2.275718e+03 
1.882525e-01 2.462182e+03 2.214428e+03 
1.912727e-01 2.400084e+03 2.155416e+03 
1.942929e-01 2.340390e+03 2.098577e+03 
1.973131e-01 2.283197e+03 2.043808e+03 
2.003333e-01 2.228534e+03 1.991015e+03 
2.033535e-01 2.176312e+03 1.940108e+03 
2.063737e-01 2.126383e+03 1.891002e+03 
2.093939e-01 2.078487e+03 1.843616e+03 
2.124141e-01 2.032369e+03 1.797874e+03 
2.154343e-01 1.987836e+03 1.753703e+03 
2.184545e-01 1.944710e+03 1.711037e+03 
2.214747e-01 1.902839e+03 1.669808e+03 
2.244949e-01 1.862078e+03 1.629958e+03 
2.275152e-01 1.822334e+03 1.591426e+03 
2.305354e-01 1.783538e+03 1.554157e+03 
2.335556e-01 1.745699e+03 1.518100e+03 
2.365758e-01 1.708866e+03 1.483204e+03 
2.395960e-01 1.673058e+03 1.449421e+03 
2.426162e-01 1.638271e+03 1.416707e+03 
2.456364e-01 1.604482e+03 1.385019e+03 
2.486566e-01 1.571651e+03 1.354316e+03 
2.516768e-01 1.539765e+03 1.324558e+03 
2.546970e-01 1.508846e+03 1.295710e+03 
2.577172e-01 1.478909e+03 1.267735e+03 
2.607374e-01 1.449957e+03 1.240600e+03 
2.637576e-01 1.421965e+03 1.214272e+03 
2.667778e-01 1.394848e+03 1.188723e+03 
2.697980e-01 1.368514e+03 1.163921e+03 
2.728182e-01 1.342875e+03 1.139839e+03 
2.758384e-01 1.317859e+03 1.116451e+03 
2.788586e-01 1.293458e+03 1.093731e+03 
2.818788e-01 1.269680e+03 1.071655e+03 
2.848990e-01 1.246516e+03 1.050200e+03 
2.879192e-01 1.223950e+03 1.029343e+03 
2.909394e-01 1.201943e+03 1.009062e+03 
2.939596e-01 1.180446e+03 9.893392e+02 
2.969798e-01 1.159441e+03 9.701531e+02 
3.000000e-01 1.138933e+03 9.514857e+02 
