1.000000e-03 3.187030e+03 3.186996e+03 
4.020202e-03 1.042892e+04 1.050946e+04 
7.040404e-03 1.508994e+04 1.517562e+04 
1.006061e-02 1.793009e+04 1.796983e+04 
1.308081e-02 1.947210e+04 1.944395e+04 
1.610101e-02 2.008068e+04 1.996042e+04 
1.912121e-02 2.002756e+04 1.980767e+04 
2.214141e-02 1.952433e+04 1.924588e+04 
2.516162e-02 1.873879e+04 1.848065e+04 
2.818182e-02 1.780284e+04 1.764101e+04 
3.120202e-02 1.681572e+04 1.679321e+04 
3.422222e-02 1.584757e+04 1.596684e+04 
3.724242e-02 1.494381e+04 1.517386e+04 
4.026263e-02 1.412942e+04 1.441863e+04 
4.328283e-02 1.340273e+04 1.370227e+04 
4.630303e-02 1.277051e+04 1.302450e+04 
4.932323e-02 1.223033e+04 1.238433e+04 
5.234343e-02 1.174734e+04 1.178041e+04 
5.536364e-02 1.130244e+04 1.121119e+04 
5.838384e-02 1.088417e+04 1.067497e+04 
6.140404e-02 1.047718e+04 1.017003e+04 
6.442424e-02 1.007053e+04 9.694624e+03 
6.744444e-02 9.657825e+03 9.247012e+03 
7.046465e-02 9.237064e+03 8.825519e+03 
7.348485e-02 8.811177e+03 8.428522e+03 
7.650505e-02 8.386618e+03 8.054471e+03 
7.952525e-02 7.972052e+03 7.701896e+03 
8.254545e-02 7.575724e+03 7.369409e+03 
8.556566e-02 7.204331e+03 7.055702e+03 
8.858586e-02 6.861927e+03 6.759551e+03 
9.160606e-02 6.551059e+03 6.479811e+03 
9.462626e-02 6.273054e+03 6.215413e+03 
9.764646e-02 6.027850e+03 5.965360e+03 
1.006667e-01 5.813310e+03 5.728726e+03 
1.036869e-01 5.625797e+03 5.504647e+03 
1.067071e-01 5.459374e+03 5.292321e+03 
1.097273e-01 5.307196e+03 5.091003e+03 
1.127475e-01 5.163005e+03 4.899999e+03 
1.157677e-01 5.021342e+03 4.718667e+03 
1.187879e-01 4.878943e+03 4.546407e+03 
1.218081e-01 4.733690e+03 4.382662e+03 
1.248283e-01 4.585123e+03 4.226917e+03 
1.278485e-01 4.433597e+03 4.078688e+03 
1.308687e-01 4.280452e+03 3.937529e+03 
1.338889e-01 4.127575e+03 3.803022e+03 
1.369091e-01 3.977396e+03 3.674779e+03 
1.399293e-01 3.832293e+03 3.552438e+03 
1.429495e-01 3.694500e+03 3.435661e+03 
1.459697e-01 3.565494e+03 3.324133e+03 
1.489899e-01 3.446188e+03 3.217561e+03 
1.520101e-01 3.336953e+03 3.115668e+03 
1.550303e-01 3.237801e+03 3.018199e+03 
1.580505e-01 3.148169e+03 2.924913e+03 
1.610707e-01 3.067115e+03 2.835585e+03 
1.640909e-01 2.993027e+03 2.750006e+03 
1.671111e-01 2.924092e+03 2.667977e+03 
1.701313e-01 2.858398e+03 2.589314e+03 
1.731515e-01 2.794296e+03 2.513843e+03 
1.761717e-01 2.730664e+03 2.441401e+03 
1.791919e-01 2.666758e+03 2.371836e+03 
1.822121e-01 2.602274e+03 2.305003e+03 
1.852323e-01 2.537165e+03 2.240767e+03 
1.882525e-01 2.471620e+03 2.179002e+03 
1.912727e-01 2.406027e+03 2.119587e+03 
1.942929e-01 2.340928e+03 2.062409e+03 
1.973131e-01 2.277057e+03 2.007363e+03 
2.003333e-01 2.215209e+03 1.954347e+03 
2.033535e-01 2.156007e+03 1.903267e+03 
2.063737e-01 2.099941e+03 1.854034e+03 
2.093939e-01 2.047203e+03 1.806563e+03 
2.124141e-01 1.997836e+03 1.760774e+03 
2.154343e-01 1.951660e+03 1.716592e+03 
2.184545e-01 1.908413e+03 1.673945e+03 
2.214747e-01 1.867750e+03 1.632767e+03 
2.244949e-01 1.829257e+03 1.592992e+03 
2.275152e-01 1.792438e+03 1.554560e+03 
2.305354e-01 1.756846e+03 1.517414e+03 
2.335556e-01 1.722092e+03 1.481499e+03 
2.365758e-01 1.687899e+03 1.446763e+03 
2.395960e-01 1.654080e+03 1.413158e+03 
2.426162e-01 1.620521e+03 1.380635e+03 
2.456364e-01 1.587158e+03 1.349152e+03 
2.486566e-01 1.554004e+03 1.318666e+03 
2.516768e-01 1.521118e+03 1.289136e+03 
2.546970e-01 1.488661e+03 1.260525e+03 
2.577172e-01 1.456836e+03 1.232797e+03 
2.607374e-01 1.425891e+03 1.205916e+03 
2.637576e-01 1.396030e+03 1.179849e+03 
2.667778e-01 1.367349e+03 1.154566e+03 
2.697980e-01 1.339879e+03 1.130037e+03 
2.728182e-01 1.313571e+03 1.106232e+03 
2.758384e-01 1.288356e+03 1.083124e+03 
2.788586e-01 1.264152e+03 1.060688e+03 
2.818788e-01 1.240886e+03 1.038899e+03 
2.848990e-01 1.218485e+03 1.017732e+03 
2.879192e-01 1.196846e+03 9.971659e+02 
2.909394e-01 1.175842e+03 9.771781e+02 
2.939596e-01 1.155337e+03 9.577480e+02 
2.969798e-01 1.135206e+03 9.388558e+02 
3.000000e-01 1.115382e+03 9.204826e+02 
