1.000000e-03 4.521152e+03 4.521103e+03 
4.020202e-03 1.499153e+04 1.510710e+04 
7.040404e-03 2.193447e+04 2.209385e+04 
1.006061e-02 2.625332e+04 2.643955e+04 
1.308081e-02 2.858869e+04 2.881665e+04 
1.610101e-02 2.941305e+04 2.962677e+04 
1.912121e-02 2.910366e+04 2.917532e+04 
2.214141e-02 2.798134e+04 2.781628e+04 
2.516162e-02 2.632414e+04 2.595674e+04 
2.818182e-02 2.436779e+04 2.395252e+04 
3.120202e-02 2.230470e+04 2.202911e+04 
3.422222e-02 2.028272e+04 2.028598e+04 
3.724242e-02 1.840510e+04 1.874357e+04 
4.026263e-02 1.673816e+04 1.738643e+04 
4.328283e-02 1.530696e+04 1.618829e+04 
4.630303e-02 1.411504e+04 1.512312e+04 
4.932323e-02 1.316641e+04 1.416880e+04 
5.234343e-02 1.243031e+04 1.330754e+04 
5.536364e-02 1.186346e+04 1.252531e+04 
5.838384e-02 1.142710e+04 1.181102e+04 
6.140404e-02 1.108897e+04 1.115584e+04 
6.442424e-02 1.081222e+04 1.055264e+04 
6.744444e-02 1.055873e+04 9.995518e+03 
7.046465e-02 1.029918e+04 9.479584e+03 
7.348485e-02 1.001044e+04 9.000678e+03 
7.650505e-02 9.677197e+03 8.555234e+03 
7.952525e-02 9.293638e+03 8.140160e+03 
8.254545e-02 8.863127e+03 7.752750e+03 
8.556566e-02 8.395285e+03 7.390617e+03 
8.858586e-02 7.903873e+03 7.051641e+03 
9.160606e-02 7.404620e+03 6.733930e+03 
9.462626e-02 6.913509e+03 6.435788e+03 
9.764646e-02 6.446056e+03 6.155687e+03 
1.006667e-01 6.015622e+03 5.892246e+03 
1.036869e-01 5.633053e+03 5.644216e+03 
1.067071e-01 5.304888e+03 5.410461e+03 
1.097273e-01 5.033563e+03 5.189946e+03 
1.127475e-01 4.817261e+03 4.981729e+03 
1.157677e-01 4.650787e+03 4.784947e+03 
1.187879e-01 4.526798e+03 4.598811e+03 
1.218081e-01 4.436540e+03 4.422598e+03 
1.248283e-01 4.370793e+03 4.255641e+03 
1.278485e-01 4.320257e+03 4.097331e+03 
1.308687e-01 4.275868e+03 3.947103e+03 
1.338889e-01 4.228989e+03 3.804439e+03 
1.369091e-01 4.172450e+03 3.668861e+03 
1.399293e-01 4.100485e+03 3.539924e+03 
1.429495e-01 4.009948e+03 3.417219e+03 
1.459697e-01 3.899579e+03 3.300367e+03 
1.489899e-01 3.770748e+03 3.189016e+03 
1.520101e-01 3.626419e+03 3.082840e+03 
1.550303e-01 3.471088e+03 2.981535e+03 
1.580505e-01 3.309996e+03 2.884819e+03 
1.610707e-01 3.148772e+03 2.792430e+03 
1.640909e-01 2.992847e+03 2.704124e+03 
1.671111e-01 2.847140e+03 2.619673e+03 
1.701313e-01 2.715388e+03 2.538863e+03 
1.731515e-01 2.600126e+03 2.461497e+03 
1.761717e-01 2.502469e+03 2.387389e+03 
1.791919e-01 2.422303e+03 2.316366e+03 
1.822121e-01 2.358587e+03 2.248264e+03 
1.852323e-01 2.309422e+03 2.182932e+03 
1.882525e-01 2.272447e+03 2.120227e+03 
1.912727e-01 2.244859e+03 2.060016e+03 
1.942929e-01 2.223602e+03 2.002172e+03 
1.973131e-01 2.205393e+03 1.946578e+03 
2.003333e-01 2.187115e+03 1.893122e+03 
2.033535e-01 2.165896e+03 1.841701e+03 
2.063737e-01 2.139592e+03 1.792216e+03 
2.093939e-01 2.106652e+03 1.744574e+03 
2.124141e-01 2.066467e+03 1.698689e+03 
2.154343e-01 2.019076e+03 1.654478e+03 
2.184545e-01 1.965230e+03 1.611864e+03 
2.214747e-01 1.906192e+03 1.570773e+03 
2.244949e-01 1.843604e+03 1.531136e+03 
2.275152e-01 1.779368e+03 1.492888e+03 
2.305354e-01 1.715454e+03 1.455967e+03 
2.335556e-01 1.653722e+03 1.420314e+03 
2.365758e-01 1.595773e+03 1.385874e+03 
2.395960e-01 1.542827e+03 1.352594e+03 
2.426162e-01 1.495676e+03 1.320425e+03 
2.456364e-01 1.454744e+03 1.289320e+03 
2.486566e-01 1.420034e+03 1.259234e+03 
2.516768e-01 1.391271e+03 1.230123e+03 
2.546970e-01 1.367832e+03 1.201949e+03 
2.577172e-01 1.348877e+03 1.174672e+03 
2.607374e-01 1.333328e+03 1.148256e+03 
2.637576e-01 1.319993e+03 1.122667e+03 
2.667778e-01 1.307616e+03 1.097872e+03 
2.697980e-01 1.295068e+03 1.073838e+03 
2.728182e-01 1.281366e+03 1.050537e+03 
2.758384e-01 1.265826e+03 1.027940e+03 
2.788586e-01 1.247985e+03 1.006020e+03 
2.818788e-01 1.227651e+03 9.847501e+02 
2.848990e-01 1.204840e+03 9.641069e+02 
2.879192e-01 1.179752e+03 9.440663e+02 
2.909394e-01 1.152787e+03 9.246061e+02 
2.939596e-01 1.124473e+03 9.057046e+02 
2.969798e-01 1.095477e+03 8.873415e+02 
3.000000e-01 1.066504e+03 8.694972e+02 
