1.000000e-03 4.484906e+03 4.484866e+03 
4.020202e-03 1.505690e+04 1.517349e+04 
7.040404e-03 2.206644e+04 2.222695e+04 
1.006061e-02 2.639271e+04 2.658286e+04 
1.308081e-02 2.869031e+04 2.892296e+04 
1.610101e-02 2.944649e+04 2.965886e+04 
1.912121e-02 2.905424e+04 2.911625e+04 
2.214141e-02 2.784881e+04 2.767886e+04 
2.516162e-02 2.611868e+04 2.577507e+04 
2.818182e-02 2.410789e+04 2.376159e+04 
3.120202e-02 2.201257e+04 2.185149e+04 
3.422222e-02 1.998127e+04 2.013100e+04 
3.724242e-02 1.811503e+04 1.861211e+04 
4.026263e-02 1.647639e+04 1.727557e+04 
4.328283e-02 1.508285e+04 1.609406e+04 
4.630303e-02 1.393657e+04 1.504182e+04 
4.932323e-02 1.303799e+04 1.409735e+04 
5.234343e-02 1.234633e+04 1.324358e+04 
5.536364e-02 1.181657e+04 1.246706e+04 
5.838384e-02 1.141021e+04 1.175720e+04 
6.140404e-02 1.109035e+04 1.110551e+04 
6.442424e-02 1.081710e+04 1.050512e+04 
6.744444e-02 1.055417e+04 9.950324e+03 
7.046465e-02 1.027367e+04 9.436363e+03 
7.348485e-02 9.955087e+03 8.959173e+03 
7.650505e-02 9.587047e+03 8.515260e+03 
7.952525e-02 9.167564e+03 8.101578e+03 
8.254545e-02 8.703473e+03 7.715458e+03 
8.556566e-02 8.207618e+03 7.354534e+03 
8.858586e-02 7.696040e+03 7.016706e+03 
9.160606e-02 7.186010e+03 6.700093e+03 
9.462626e-02 6.694476e+03 6.403007e+03 
9.764646e-02 6.236837e+03 6.123925e+03 
1.006667e-01 5.825566e+03 5.861472e+03 
1.036869e-01 5.469024e+03 5.614400e+03 
1.067071e-01 5.171385e+03 5.381575e+03 
1.097273e-01 4.931724e+03 5.161964e+03 
1.127475e-01 4.745884e+03 4.954626e+03 
1.157677e-01 4.606485e+03 4.758698e+03 
1.187879e-01 4.504833e+03 4.573392e+03 
1.218081e-01 4.431226e+03 4.397984e+03 
1.248283e-01 4.375786e+03 4.231810e+03 
1.278485e-01 4.328653e+03 4.074258e+03 
1.308687e-01 4.280623e+03 3.924767e+03 
1.338889e-01 4.223437e+03 3.782817e+03 
1.369091e-01 4.151111e+03 3.647931e+03 
1.399293e-01 4.059712e+03 3.519664e+03 
1.429495e-01 3.948010e+03 3.397608e+03 
1.459697e-01 3.817166e+03 3.281385e+03 
1.489899e-01 3.670319e+03 3.170643e+03 
1.520101e-01 3.512007e+03 3.065055e+03 
1.550303e-01 3.347522e+03 2.964319e+03 
1.580505e-01 3.182731e+03 2.868154e+03 
1.610707e-01 3.023344e+03 2.776298e+03 
1.640909e-01 2.874577e+03 2.688506e+03 
1.671111e-01 2.740397e+03 2.604553e+03 
1.701313e-01 2.623558e+03 2.524224e+03 
1.731515e-01 2.525070e+03 2.447323e+03 
1.761717e-01 2.444816e+03 2.373664e+03 
1.791919e-01 2.381322e+03 2.303074e+03 
1.822121e-01 2.332532e+03 2.235392e+03 
1.852323e-01 2.295880e+03 2.170465e+03 
1.882525e-01 2.268383e+03 2.108151e+03 
1.912727e-01 2.246772e+03 2.048318e+03 
1.942929e-01 2.227720e+03 1.990839e+03 
1.973131e-01 2.208005e+03 1.935598e+03 
2.003333e-01 2.184769e+03 1.882484e+03 
2.033535e-01 2.155786e+03 1.831392e+03 
2.063737e-01 2.119672e+03 1.782226e+03 
2.093939e-01 2.075980e+03 1.734892e+03 
2.124141e-01 2.025015e+03 1.689305e+03 
2.154343e-01 1.967852e+03 1.645381e+03 
2.184545e-01 1.905976e+03 1.603045e+03 
2.214747e-01 1.841268e+03 1.562223e+03 
2.244949e-01 1.775714e+03 1.522846e+03 
2.275152e-01 1.711331e+03 1.484849e+03 
2.305354e-01 1.649887e+03 1.448171e+03 
2.335556e-01 1.592901e+03 1.412753e+03 
2.365758e-01 1.541457e+03 1.378541e+03 
2.395960e-01 1.496286e+03 1.345481e+03 
2.426162e-01 1.457585e+03 1.313525e+03 
2.456364e-01 1.425213e+03 1.282626e+03 
2.486566e-01 1.398679e+03 1.252739e+03 
2.516768e-01 1.377167e+03 1.223821e+03 
2.546970e-01 1.359636e+03 1.195834e+03 
2.577172e-01 1.344851e+03 1.168737e+03 
2.607374e-01 1.331538e+03 1.142497e+03 
2.637576e-01 1.318470e+03 1.117077e+03 
2.667778e-01 1.304591e+03 1.092446e+03 
2.697980e-01 1.289067e+03 1.068571e+03 
2.728182e-01 1.271351e+03 1.045424e+03 
2.758384e-01 1.251118e+03 1.022976e+03 
2.788586e-01 1.228332e+03 1.001200e+03 
2.818788e-01 1.203140e+03 9.800705e+02 
2.848990e-01 1.175923e+03 9.595629e+02 
2.879192e-01 1.147216e+03 9.396539e+02 
2.909394e-01 1.117702e+03 9.203211e+02 
2.939596e-01 1.088119e+03 9.015432e+02 
2.969798e-01 1.059208e+03 8.833000e+02 
3.000000e-01 1.031600e+03 8.655719e+02 
