1.000000e-03 4.374001e+03 4.373946e+03 
4.020202e-03 1.459132e+04 1.470489e+04 
7.040404e-03 2.119439e+04 2.133600e+04 
1.006061e-02 2.515027e+04 2.528828e+04 
1.308081e-02 2.716350e+04 2.729223e+04 
1.610101e-02 2.774378e+04 2.780065e+04 
1.912121e-02 2.728860e+04 2.718311e+04 
2.214141e-02 2.612459e+04 2.584186e+04 
2.516162e-02 2.452375e+04 2.416864e+04 
2.818182e-02 2.270879e+04 2.244708e+04 
3.120202e-02 2.085325e+04 2.082506e+04 
3.422222e-02 1.908258e+04 1.935335e+04 
3.724242e-02 1.747815e+04 1.803399e+04 
4.026263e-02 1.608602e+04 1.685125e+04 
4.328283e-02 1.491534e+04 1.578602e+04 
4.630303e-02 1.395580e+04 1.482101e+04 
4.932323e-02 1.320372e+04 1.394194e+04 
5.234343e-02 1.261884e+04 1.313732e+04 
5.536364e-02 1.215196e+04 1.239793e+04 
5.838384e-02 1.176858e+04 1.171624e+04 
6.140404e-02 1.142972e+04 1.108603e+04 
6.442424e-02 1.110247e+04 1.050209e+04 
6.744444e-02 1.076312e+04 9.959933e+03 
7.046465e-02 1.039308e+04 9.455693e+03 
7.348485e-02 9.982136e+03 8.985982e+03 
7.650505e-02 9.528656e+03 8.547805e+03 
7.952525e-02 9.039359e+03 8.138503e+03 
8.254545e-02 8.527635e+03 7.755695e+03 
8.556566e-02 8.010069e+03 7.397241e+03 
8.858586e-02 7.503963e+03 7.061215e+03 
9.160606e-02 7.025099e+03 6.745871e+03 
9.462626e-02 6.586215e+03 6.449628e+03 
9.764646e-02 6.197246e+03 6.171050e+03 
1.006667e-01 5.863309e+03 5.908826e+03 
1.036869e-01 5.586115e+03 5.661764e+03 
1.067071e-01 5.362662e+03 5.428772e+03 
1.097273e-01 5.187196e+03 5.208854e+03 
1.127475e-01 5.051063e+03 5.001096e+03 
1.157677e-01 4.944577e+03 4.804658e+03 
1.187879e-01 4.857436e+03 4.618772e+03 
1.218081e-01 4.779584e+03 4.442728e+03 
1.248283e-01 4.701582e+03 4.275876e+03 
1.278485e-01 4.615755e+03 4.117616e+03 
1.308687e-01 4.516357e+03 3.967392e+03 
1.338889e-01 4.400366e+03 3.824693e+03 
1.369091e-01 4.267405e+03 3.689047e+03 
1.399293e-01 4.119359e+03 3.560016e+03 
1.429495e-01 3.959685e+03 3.437195e+03 
1.459697e-01 3.792679e+03 3.320207e+03 
1.489899e-01 3.623217e+03 3.208705e+03 
1.520101e-01 3.456345e+03 3.102365e+03 
1.550303e-01 3.297139e+03 3.000885e+03 
1.580505e-01 3.150069e+03 2.903986e+03 
1.610707e-01 3.018821e+03 2.811406e+03 
1.640909e-01 2.905223e+03 2.722904e+03 
1.671111e-01 2.809752e+03 2.638251e+03 
1.701313e-01 2.731071e+03 2.557238e+03 
1.731515e-01 2.667030e+03 2.479665e+03 
1.761717e-01 2.614770e+03 2.405348e+03 
1.791919e-01 2.571411e+03 2.334115e+03 
1.822121e-01 2.534111e+03 2.265803e+03 
1.852323e-01 2.499944e+03 2.200260e+03 
1.882525e-01 2.466006e+03 2.137346e+03 
1.912727e-01 2.429639e+03 2.076925e+03 
1.942929e-01 2.388645e+03 2.018873e+03 
1.973131e-01 2.341615e+03 1.963071e+03 
2.003333e-01 2.288175e+03 1.909410e+03 
2.033535e-01 2.228947e+03 1.857785e+03 
2.063737e-01 2.165213e+03 1.808098e+03 
2.093939e-01 2.098597e+03 1.760257e+03 
2.124141e-01 2.030819e+03 1.714174e+03 
2.154343e-01 1.963567e+03 1.669768e+03 
2.184545e-01 1.898404e+03 1.626960e+03 
2.214747e-01 1.836726e+03 1.585679e+03 
2.244949e-01 1.779724e+03 1.545853e+03 
2.275152e-01 1.728221e+03 1.507419e+03 
2.305354e-01 1.682709e+03 1.470315e+03 
2.335556e-01 1.643107e+03 1.434481e+03 
2.365758e-01 1.609005e+03 1.399863e+03 
2.395960e-01 1.579623e+03 1.366407e+03 
2.426162e-01 1.554023e+03 1.334065e+03 
2.456364e-01 1.531142e+03 1.302789e+03 
2.486566e-01 1.509927e+03 1.272534e+03 
2.516768e-01 1.489347e+03 1.243258e+03 
2.546970e-01 1.468466e+03 1.214921e+03 
2.577172e-01 1.446487e+03 1.187483e+03 
2.607374e-01 1.422871e+03 1.160909e+03 
2.637576e-01 1.397344e+03 1.135164e+03 
2.667778e-01 1.369912e+03 1.110215e+03 
2.697980e-01 1.340846e+03 1.086031e+03 
2.728182e-01 1.310584e+03 1.062581e+03 
2.758384e-01 1.279653e+03 1.039837e+03 
2.788586e-01 1.248607e+03 1.017772e+03 
2.818788e-01 1.217999e+03 9.963610e+02 
2.848990e-01 1.188331e+03 9.755780e+02 
2.879192e-01 1.160047e+03 9.553999e+02 
2.909394e-01 1.133509e+03 9.358043e+02 
2.939596e-01 1.108995e+03 9.167696e+02 
2.969798e-01 1.086606e+03 8.982753e+02 
3.000000e-01 1.066318e+03 8.803018e+02 
