1.000000e-03 2.575441e+03 2.575417e+03 
4.020202e-03 8.508658e+03 8.575692e+03 
7.040404e-03 1.240551e+04 1.247585e+04 
1.006061e-02 1.485426e+04 1.487454e+04 
1.308081e-02 1.627020e+04 1.621633e+04 
1.610101e-02 1.694352e+04 1.680302e+04 
1.912121e-02 1.708747e+04 1.686661e+04 
2.214141e-02 1.686432e+04 1.659976e+04 
2.516162e-02 1.640080e+04 1.614657e+04 
2.818182e-02 1.579476e+04 1.559839e+04 
3.120202e-02 1.511993e+04 1.500695e+04 
3.422222e-02 1.442899e+04 1.440063e+04 
3.724242e-02 1.375764e+04 1.379546e+04 
4.026263e-02 1.312583e+04 1.320095e+04 
4.328283e-02 1.253337e+04 1.262295e+04 
4.630303e-02 1.199608e+04 1.206508e+04 
4.932323e-02 1.151410e+04 1.152947e+04 
5.234343e-02 1.106363e+04 1.101722e+04 
5.536364e-02 1.063446e+04 1.052875e+04 
5.838384e-02 1.022206e+04 1.006396e+04 
6.140404e-02 9.822874e+03 9.622409e+03 
6.442424e-02 9.432467e+03 9.203429e+03 
6.744444e-02 9.046484e+03 8.806183e+03 
7.046465e-02 8.664200e+03 8.429746e+03 
7.348485e-02 8.287593e+03 8.073137e+03 
7.650505e-02 7.921388e+03 7.735359e+03 
7.952525e-02 7.570814e+03 7.415415e+03 
8.254545e-02 7.240644e+03 7.112327e+03 
8.556566e-02 6.933358e+03 6.825145e+03 
8.858586e-02 6.649704e+03 6.552957e+03 
9.160606e-02 6.388783e+03 6.294891e+03 
9.462626e-02 6.149446e+03 6.050119e+03 
9.764646e-02 5.930446e+03 5.817857e+03 
1.006667e-01 5.730403e+03 5.597364e+03 
1.036869e-01 5.547013e+03 5.387943e+03 
1.067071e-01 5.376872e+03 5.188939e+03 
1.097273e-01 5.215979e+03 4.999738e+03 
1.127475e-01 5.060271e+03 4.819762e+03 
1.157677e-01 4.907191e+03 4.648473e+03 
1.187879e-01 4.755070e+03 4.485365e+03 
1.218081e-01 4.603784e+03 4.329965e+03 
1.248283e-01 4.454055e+03 4.181830e+03 
1.278485e-01 4.306924e+03 4.040546e+03 
1.308687e-01 4.163608e+03 3.905725e+03 
1.338889e-01 4.025180e+03 3.777006e+03 
1.369091e-01 3.892610e+03 3.654047e+03 
1.399293e-01 3.766659e+03 3.536532e+03 
1.429495e-01 3.647916e+03 3.424163e+03 
1.459697e-01 3.536555e+03 3.316662e+03 
1.489899e-01 3.432415e+03 3.213766e+03 
1.520101e-01 3.335153e+03 3.115231e+03 
1.550303e-01 3.244265e+03 3.020827e+03 
1.580505e-01 3.159070e+03 2.930338e+03 
1.610707e-01 3.078726e+03 2.843562e+03 
1.640909e-01 3.002285e+03 2.760310e+03 
1.671111e-01 2.928706e+03 2.680401e+03 
1.701313e-01 2.857130e+03 2.603668e+03 
1.731515e-01 2.786915e+03 2.529953e+03 
1.761717e-01 2.717729e+03 2.459107e+03 
1.791919e-01 2.649609e+03 2.390991e+03 
1.822121e-01 2.582671e+03 2.325471e+03 
1.852323e-01 2.517112e+03 2.262424e+03 
1.882525e-01 2.453103e+03 2.201732e+03 
1.912727e-01 2.390765e+03 2.143285e+03 
1.942929e-01 2.330299e+03 2.086978e+03 
1.973131e-01 2.272041e+03 2.032713e+03 
2.003333e-01 2.216254e+03 1.980395e+03 
2.033535e-01 2.163045e+03 1.929937e+03 
2.063737e-01 2.112412e+03 1.881256e+03 
2.093939e-01 2.064179e+03 1.834272e+03 
2.124141e-01 2.018124e+03 1.788911e+03 
2.154343e-01 1.973962e+03 1.745101e+03 
2.184545e-01 1.931441e+03 1.702777e+03 
2.214747e-01 1.890397e+03 1.661873e+03 
2.244949e-01 1.850673e+03 1.622330e+03 
2.275152e-01 1.812094e+03 1.584090e+03 
2.305354e-01 1.774486e+03 1.547099e+03 
2.335556e-01 1.737699e+03 1.511305e+03 
2.365758e-01 1.701623e+03 1.476660e+03 
2.395960e-01 1.666288e+03 1.443116e+03 
2.426162e-01 1.631752e+03 1.410629e+03 
2.456364e-01 1.598075e+03 1.379156e+03 
2.486566e-01 1.565300e+03 1.348659e+03 
2.516768e-01 1.533424e+03 1.319097e+03 
2.546970e-01 1.502434e+03 1.290435e+03 
2.577172e-01 1.472333e+03 1.262638e+03 
2.607374e-01 1.443136e+03 1.235673e+03 
2.637576e-01 1.414882e+03 1.209508e+03 
2.667778e-01 1.387607e+03 1.184113e+03 
2.697980e-01 1.361272e+03 1.159459e+03 
2.728182e-01 1.335805e+03 1.135518e+03 
2.758384e-01 1.311113e+03 1.112265e+03 
2.788586e-01 1.287095e+03 1.089675e+03 
2.818788e-01 1.263680e+03 1.067722e+03 
2.848990e-01 1.240815e+03 1.046385e+03 
2.879192e-01 1.218488e+03 1.025641e+03 
2.909394e-01 1.196707e+03 1.005469e+03 
2.939596e-01 1.175454e+03 9.858501e+02 
2.969798e-01 1.154699e+03 9.667636e+02 
3.000000e-01 1.134415e+03 9.481916e+02 
