1.000000e-03 2.539202e+03 2.539175e+03 
4.020202e-03 8.517187e+03 8.584736e+03 
7.040404e-03 1.246208e+04 1.253170e+04 
1.006061e-02 1.494005e+04 1.495652e+04 
1.308081e-02 1.636995e+04 1.630795e+04 
1.610101e-02 1.704734e+04 1.689377e+04 
1.912121e-02 1.718891e+04 1.695140e+04 
2.214141e-02 1.696056e+04 1.667712e+04 
2.516162e-02 1.649022e+04 1.621654e+04 
2.818182e-02 1.587802e+04 1.566132e+04 
3.120202e-02 1.519802e+04 1.506317e+04 
3.422222e-02 1.450299e+04 1.445046e+04 
3.724242e-02 1.382861e+04 1.383928e+04 
4.026263e-02 1.319523e+04 1.323919e+04 
4.328283e-02 1.260206e+04 1.265608e+04 
4.630303e-02 1.206261e+04 1.209357e+04 
4.932323e-02 1.157943e+04 1.155378e+04 
5.234343e-02 1.112685e+04 1.103779e+04 
5.536364e-02 1.069500e+04 1.054600e+04 
5.838384e-02 1.028130e+04 1.007828e+04 
6.140404e-02 9.879238e+03 9.634145e+03 
6.442424e-02 9.484000e+03 9.212891e+03 
6.744444e-02 9.093640e+03 8.813654e+03 
7.046465e-02 8.708144e+03 8.435477e+03 
7.348485e-02 8.329440e+03 8.077352e+03 
7.650505e-02 7.962366e+03 7.738257e+03 
7.952525e-02 7.611877e+03 7.417172e+03 
8.254545e-02 7.282250e+03 7.113098e+03 
8.556566e-02 6.975581e+03 6.825068e+03 
8.858586e-02 6.692492e+03 6.552153e+03 
9.160606e-02 6.432174e+03 6.293468e+03 
9.462626e-02 6.193646e+03 6.048171e+03 
9.764646e-02 5.975829e+03 5.815466e+03 
1.006667e-01 5.776929e+03 5.594603e+03 
1.036869e-01 5.594272e+03 5.384876e+03 
1.067071e-01 5.423891e+03 5.185622e+03 
1.097273e-01 5.261803e+03 4.996220e+03 
1.127475e-01 5.104209e+03 4.816088e+03 
1.157677e-01 4.948736e+03 4.644679e+03 
1.187879e-01 4.794460e+03 4.481485e+03 
1.218081e-01 4.641290e+03 4.326027e+03 
1.248283e-01 4.490053e+03 4.177859e+03 
1.278485e-01 4.341712e+03 4.036564e+03 
1.308687e-01 4.197349e+03 3.901751e+03 
1.338889e-01 4.058059e+03 3.773055e+03 
1.369091e-01 3.924946e+03 3.650135e+03 
1.399293e-01 3.798883e+03 3.532670e+03 
1.429495e-01 3.680299e+03 3.420362e+03 
1.459697e-01 3.569336e+03 3.312929e+03 
1.489899e-01 3.465603e+03 3.210110e+03 
1.520101e-01 3.368589e+03 3.111657e+03 
1.550303e-01 3.277673e+03 3.017340e+03 
1.580505e-01 3.192181e+03 2.926943e+03 
1.610707e-01 3.111317e+03 2.840262e+03 
1.640909e-01 3.034223e+03 2.757107e+03 
1.671111e-01 2.959899e+03 2.677297e+03 
1.701313e-01 2.887390e+03 2.600664e+03 
1.731515e-01 2.816189e+03 2.527051e+03 
1.761717e-01 2.745986e+03 2.456306e+03 
1.791919e-01 2.676849e+03 2.388291e+03 
1.822121e-01 2.608985e+03 2.322873e+03 
1.852323e-01 2.542601e+03 2.259927e+03 
1.882525e-01 2.477902e+03 2.199335e+03 
1.912727e-01 2.415097e+03 2.140987e+03 
1.942929e-01 2.354394e+03 2.084777e+03 
1.973131e-01 2.296000e+03 2.030608e+03 
2.003333e-01 2.240114e+03 1.978385e+03 
2.033535e-01 2.186800e+03 1.928020e+03 
2.063737e-01 2.136017e+03 1.879430e+03 
2.093939e-01 2.087603e+03 1.832535e+03 
2.124141e-01 2.041289e+03 1.787262e+03 
2.154343e-01 1.996834e+03 1.743538e+03 
2.184545e-01 1.954025e+03 1.701297e+03 
2.214747e-01 1.912652e+03 1.660475e+03 
2.244949e-01 1.872500e+03 1.621012e+03 
2.275152e-01 1.833387e+03 1.582850e+03 
2.305354e-01 1.795184e+03 1.545936e+03 
2.335556e-01 1.757807e+03 1.510216e+03 
2.365758e-01 1.721248e+03 1.475643e+03 
2.395960e-01 1.685519e+03 1.442169e+03 
2.426162e-01 1.650665e+03 1.409750e+03 
2.456364e-01 1.616717e+03 1.378344e+03 
2.486566e-01 1.583652e+03 1.347911e+03 
2.516768e-01 1.551457e+03 1.318412e+03 
2.546970e-01 1.520161e+03 1.289811e+03 
2.577172e-01 1.489799e+03 1.262074e+03 
2.607374e-01 1.460416e+03 1.235166e+03 
2.637576e-01 1.432042e+03 1.209057e+03 
2.667778e-01 1.404646e+03 1.183716e+03 
2.697980e-01 1.378167e+03 1.159114e+03 
2.728182e-01 1.352497e+03 1.135225e+03 
2.758384e-01 1.327519e+03 1.112021e+03 
2.788586e-01 1.303178e+03 1.089478e+03 
2.818788e-01 1.279445e+03 1.067572e+03 
2.848990e-01 1.256308e+03 1.046279e+03 
2.879192e-01 1.233757e+03 1.025579e+03 
2.909394e-01 1.211763e+03 1.005450e+03 
2.939596e-01 1.190285e+03 9.858709e+02 
2.969798e-01 1.169286e+03 9.668238e+02 
3.000000e-01 1.148733e+03 9.482900e+02 
