1.000000e-03 2.322489e+03 2.322469e+03 
4.020202e-03 7.773029e+03 7.837085e+03 
7.040404e-03 1.137886e+04 1.144590e+04 
1.006061e-02 1.366579e+04 1.367851e+04 
1.308081e-02 1.502053e+04 1.495172e+04 
1.610101e-02 1.571162e+04 1.555419e+04 
1.912121e-02 1.593319e+04 1.569989e+04 
2.214141e-02 1.582824e+04 1.555261e+04 
2.516162e-02 1.550521e+04 1.522795e+04 
2.818182e-02 1.504610e+04 1.479970e+04 
3.120202e-02 1.451135e+04 1.431293e+04 
3.422222e-02 1.394415e+04 1.379558e+04 
3.724242e-02 1.337319e+04 1.326559e+04 
4.026263e-02 1.281754e+04 1.273485e+04 
4.328283e-02 1.228074e+04 1.221135e+04 
4.630303e-02 1.176855e+04 1.170042e+04 
4.932323e-02 1.129338e+04 1.120554e+04 
5.234343e-02 1.084158e+04 1.072889e+04 
5.536364e-02 1.040175e+04 1.027170e+04 
5.838384e-02 9.978372e+03 9.834534e+03 
6.140404e-02 9.572332e+03 9.417482e+03 
6.442424e-02 9.180260e+03 9.020299e+03 
6.744444e-02 8.800824e+03 8.642508e+03 
7.046465e-02 8.434301e+03 8.283480e+03 
7.348485e-02 8.082287e+03 7.942487e+03 
7.650505e-02 7.747025e+03 7.618743e+03 
7.952525e-02 7.430905e+03 7.311435e+03 
8.254545e-02 7.135700e+03 7.019741e+03 
8.556566e-02 6.860660e+03 6.742851e+03 
8.858586e-02 6.604201e+03 6.479970e+03 
9.160606e-02 6.364100e+03 6.230330e+03 
9.462626e-02 6.138530e+03 5.993195e+03 
9.764646e-02 5.926599e+03 5.767862e+03 
1.006667e-01 5.727294e+03 5.553660e+03 
1.036869e-01 5.539286e+03 5.349957e+03 
1.067071e-01 5.360685e+03 5.156153e+03 
1.097273e-01 5.189122e+03 4.971684e+03 
1.127475e-01 5.022814e+03 4.796017e+03 
1.157677e-01 4.860554e+03 4.628654e+03 
1.187879e-01 4.702446e+03 4.469123e+03 
1.218081e-01 4.549237e+03 4.316984e+03 
1.248283e-01 4.401579e+03 4.171824e+03 
1.278485e-01 4.260080e+03 4.033253e+03 
1.308687e-01 4.125100e+03 3.900907e+03 
1.338889e-01 3.996773e+03 3.774445e+03 
1.369091e-01 3.875108e+03 3.653547e+03 
1.399293e-01 3.759848e+03 3.537911e+03 
1.429495e-01 3.650665e+03 3.427255e+03 
1.459697e-01 3.547054e+03 3.321316e+03 
1.489899e-01 3.448439e+03 3.219843e+03 
1.520101e-01 3.354311e+03 3.122605e+03 
1.550303e-01 3.264227e+03 3.029382e+03 
1.580505e-01 3.177767e+03 2.939967e+03 
1.610707e-01 3.094562e+03 2.854167e+03 
1.640909e-01 3.014253e+03 2.771800e+03 
1.671111e-01 2.936493e+03 2.692695e+03 
1.701313e-01 2.860949e+03 2.616690e+03 
1.731515e-01 2.787506e+03 2.543633e+03 
1.761717e-01 2.716282e+03 2.473380e+03 
1.791919e-01 2.647384e+03 2.405798e+03 
1.822121e-01 2.580857e+03 2.340759e+03 
1.852323e-01 2.516729e+03 2.278142e+03 
1.882525e-01 2.454940e+03 2.217834e+03 
1.912727e-01 2.395397e+03 2.159728e+03 
1.942929e-01 2.338047e+03 2.103723e+03 
1.973131e-01 2.282883e+03 2.049724e+03 
2.003333e-01 2.229867e+03 1.997639e+03 
2.033535e-01 2.178860e+03 1.947383e+03 
2.063737e-01 2.129701e+03 1.898876e+03 
2.093939e-01 2.082214e+03 1.852039e+03 
2.124141e-01 2.036212e+03 1.806802e+03 
2.154343e-01 1.991574e+03 1.763094e+03 
2.184545e-01 1.948259e+03 1.720850e+03 
2.214747e-01 1.906225e+03 1.680009e+03 
2.244949e-01 1.865424e+03 1.640510e+03 
2.275152e-01 1.825808e+03 1.602299e+03 
2.305354e-01 1.787313e+03 1.565323e+03 
2.335556e-01 1.749873e+03 1.529530e+03 
2.365758e-01 1.713471e+03 1.494873e+03 
2.395960e-01 1.678153e+03 1.461305e+03 
2.426162e-01 1.643950e+03 1.428785e+03 
2.456364e-01 1.610809e+03 1.397269e+03 
2.486566e-01 1.578662e+03 1.366719e+03 
2.516768e-01 1.547444e+03 1.337097e+03 
2.546970e-01 1.517090e+03 1.308368e+03 
2.577172e-01 1.487563e+03 1.280496e+03 
2.607374e-01 1.458867e+03 1.253450e+03 
2.637576e-01 1.430998e+03 1.227199e+03 
2.667778e-01 1.403933e+03 1.201712e+03 
2.697980e-01 1.377638e+03 1.176962e+03 
2.728182e-01 1.352053e+03 1.152921e+03 
2.758384e-01 1.327105e+03 1.129564e+03 
2.788586e-01 1.302748e+03 1.106866e+03 
2.818788e-01 1.278988e+03 1.084802e+03 
2.848990e-01 1.255833e+03 1.063351e+03 
2.879192e-01 1.233283e+03 1.042491e+03 
2.909394e-01 1.211333e+03 1.022202e+03 
2.939596e-01 1.189960e+03 1.002462e+03 
2.969798e-01 1.169127e+03 9.832535e+02 
3.000000e-01 1.148801e+03 9.645580e+02 
