1.000000e-03 2.129654e+03 2.129630e+03 
4.020202e-03 7.275311e+03 7.333539e+03 
7.040404e-03 1.076438e+04 1.082503e+04 
1.006061e-02 1.302673e+04 1.303637e+04 
1.308081e-02 1.440112e+04 1.433384e+04 
1.610101e-02 1.513176e+04 1.497784e+04 
1.912121e-02 1.539850e+04 1.516785e+04 
2.214141e-02 1.533863e+04 1.506280e+04 
2.516162e-02 1.505757e+04 1.477824e+04 
2.818182e-02 1.463668e+04 1.438862e+04 
3.120202e-02 1.413782e+04 1.393912e+04 
3.422222e-02 1.360473e+04 1.345735e+04 
3.724242e-02 1.306756e+04 1.296089e+04 
4.026263e-02 1.254492e+04 1.246138e+04 
4.328283e-02 1.204636e+04 1.196668e+04 
4.630303e-02 1.157304e+04 1.148212e+04 
4.932323e-02 1.112713e+04 1.101127e+04 
5.234343e-02 1.070767e+04 1.055642e+04 
5.536364e-02 1.030288e+04 1.011898e+04 
5.838384e-02 9.907951e+03 9.699657e+03 
6.140404e-02 9.526530e+03 9.298717e+03 
6.442424e-02 9.157289e+03 8.916069e+03 
6.744444e-02 8.796435e+03 8.551386e+03 
7.046465e-02 8.443761e+03 8.204178e+03 
7.348485e-02 8.100877e+03 7.873842e+03 
7.650505e-02 7.771155e+03 7.559709e+03 
7.952525e-02 7.458092e+03 7.261067e+03 
8.254545e-02 7.164791e+03 6.977192e+03 
8.556566e-02 6.892005e+03 6.707355e+03 
8.858586e-02 6.638448e+03 6.450839e+03 
9.160606e-02 6.402203e+03 6.206943e+03 
9.462626e-02 6.181283e+03 5.974993e+03 
9.764646e-02 5.974541e+03 5.754339e+03 
1.006667e-01 5.780907e+03 5.544362e+03 
1.036869e-01 5.599021e+03 5.344472e+03 
1.067071e-01 5.426886e+03 5.154108e+03 
1.097273e-01 5.261806e+03 4.972743e+03 
1.127475e-01 5.101487e+03 4.799876e+03 
1.157677e-01 4.944178e+03 4.635036e+03 
1.187879e-01 4.789635e+03 4.477779e+03 
1.218081e-01 4.638218e+03 4.327688e+03 
1.248283e-01 4.490747e+03 4.184368e+03 
1.278485e-01 4.348345e+03 4.047451e+03 
1.308687e-01 4.211830e+03 3.916590e+03 
1.338889e-01 4.081640e+03 3.791458e+03 
1.369091e-01 3.958037e+03 3.671748e+03 
1.399293e-01 3.840948e+03 3.557174e+03 
1.429495e-01 3.730192e+03 3.447464e+03 
1.459697e-01 3.625349e+03 3.342364e+03 
1.489899e-01 3.525935e+03 3.241635e+03 
1.520101e-01 3.431493e+03 3.145052e+03 
1.550303e-01 3.341571e+03 3.052403e+03 
1.580505e-01 3.255688e+03 2.963490e+03 
1.610707e-01 3.173336e+03 2.878125e+03 
1.640909e-01 3.093946e+03 2.796133e+03 
1.671111e-01 3.016869e+03 2.717346e+03 
1.701313e-01 2.941613e+03 2.641609e+03 
1.731515e-01 2.868108e+03 2.568774e+03 
1.761717e-01 2.796380e+03 2.498702e+03 
1.791919e-01 2.726615e+03 2.431261e+03 
1.822121e-01 2.659029e+03 2.366328e+03 
1.852323e-01 2.593678e+03 2.303786e+03 
1.882525e-01 2.530529e+03 2.243524e+03 
1.912727e-01 2.469557e+03 2.185437e+03 
1.942929e-01 2.410739e+03 2.129427e+03 
1.973131e-01 2.354095e+03 2.075401e+03 
2.003333e-01 2.299711e+03 2.023269e+03 
2.033535e-01 2.247609e+03 1.972949e+03 
2.063737e-01 2.197603e+03 1.924360e+03 
2.093939e-01 2.149463e+03 1.877428e+03 
2.124141e-01 2.102940e+03 1.832081e+03 
2.154343e-01 2.057790e+03 1.788251e+03 
2.184545e-01 2.013904e+03 1.745875e+03 
2.214747e-01 1.971258e+03 1.704891e+03 
2.244949e-01 1.929819e+03 1.665241e+03 
2.275152e-01 1.889541e+03 1.626871e+03 
2.305354e-01 1.850366e+03 1.589728e+03 
2.335556e-01 1.812214e+03 1.553763e+03 
2.365758e-01 1.775027e+03 1.518927e+03 
2.395960e-01 1.738824e+03 1.485177e+03 
2.426162e-01 1.703641e+03 1.452469e+03 
2.456364e-01 1.669499e+03 1.420762e+03 
2.486566e-01 1.636410e+03 1.390018e+03 
2.516768e-01 1.604328e+03 1.360199e+03 
2.546970e-01 1.573171e+03 1.331269e+03 
2.577172e-01 1.542883e+03 1.303197e+03 
2.607374e-01 1.513446e+03 1.275948e+03 
2.637576e-01 1.484841e+03 1.249492e+03 
2.667778e-01 1.457053e+03 1.223800e+03 
2.697980e-01 1.430057e+03 1.198844e+03 
2.728182e-01 1.403807e+03 1.174597e+03 
2.758384e-01 1.378252e+03 1.151033e+03 
2.788586e-01 1.353337e+03 1.128128e+03 
2.818788e-01 1.329012e+03 1.105859e+03 
2.848990e-01 1.305253e+03 1.084202e+03 
2.879192e-01 1.282060e+03 1.063137e+03 
2.909394e-01 1.259436e+03 1.042642e+03 
2.939596e-01 1.237386e+03 1.022699e+03 
2.969798e-01 1.215905e+03 1.003288e+03 
3.000000e-01 1.194966e+03 9.843908e+02 
