1.000000e-03 8.641662e+03 8.641569e+03 
4.020202e-03 2.859651e+04 2.882241e+04 
7.040404e-03 4.147266e+04 4.181474e+04 
1.006061e-02 4.908597e+04 4.959682e+04 
1.308081e-02 5.272205e+04 5.350406e+04 
1.610101e-02 5.332778e+04 5.426399e+04 
1.912121e-02 5.167043e+04 5.238531e+04 
2.214141e-02 4.842032e+04 4.852217e+04 
2.516162e-02 4.416847e+04 4.355787e+04 
2.818182e-02 3.942199e+04 3.837239e+04 
3.120202e-02 3.459586e+04 3.357439e+04 
3.422222e-02 3.000092e+04 2.943452e+04 
3.724242e-02 2.584885e+04 2.598408e+04 
4.026263e-02 2.226042e+04 2.314101e+04 
4.328283e-02 1.926599e+04 2.079283e+04 
4.630303e-02 1.686474e+04 1.883477e+04 
4.932323e-02 1.502264e+04 1.718145e+04 
5.234343e-02 1.366324e+04 1.576718e+04 
5.536364e-02 1.270514e+04 1.454250e+04 
5.838384e-02 1.206903e+04 1.347033e+04 
6.140404e-02 1.167810e+04 1.252272e+04 
6.442424e-02 1.145824e+04 1.167835e+04 
6.744444e-02 1.134425e+04 1.092073e+04 
7.046465e-02 1.127612e+04 1.023689e+04 
7.348485e-02 1.119816e+04 9.616519e+03 
7.650505e-02 1.106216e+04 9.051240e+03 
7.952525e-02 1.083254e+04 8.534194e+03 
8.254545e-02 1.048907e+04 8.059676e+03 
8.556566e-02 1.002807e+04 7.622892e+03 
8.858586e-02 9.461556e+03 7.219772e+03 
9.160606e-02 8.813968e+03 6.846827e+03 
9.462626e-02 8.116322e+03 6.501046e+03 
9.764646e-02 7.403080e+03 6.179809e+03 
1.006667e-01 6.707473e+03 5.880822e+03 
1.036869e-01 6.058601e+03 5.602069e+03 
1.067071e-01 5.477980e+03 5.341764e+03 
1.097273e-01 4.980120e+03 5.098322e+03 
1.127475e-01 4.571304e+03 4.870330e+03 
1.157677e-01 4.252629e+03 4.656521e+03 
1.187879e-01 4.019592e+03 4.455761e+03 
1.218081e-01 3.864544e+03 4.267026e+03 
1.248283e-01 3.777231e+03 4.089392e+03 
1.278485e-01 3.745527e+03 3.922023e+03 
1.308687e-01 3.756101e+03 3.764160e+03 
1.338889e-01 3.794461e+03 3.615112e+03 
1.369091e-01 3.845984e+03 3.474252e+03 
1.399293e-01 3.896301e+03 3.341005e+03 
1.429495e-01 3.932475e+03 3.214846e+03 
1.459697e-01 3.943061e+03 3.095295e+03 
1.489899e-01 3.919359e+03 2.981911e+03 
1.520101e-01 3.855668e+03 2.874289e+03 
1.550303e-01 3.750329e+03 2.772055e+03 
1.580505e-01 3.606124e+03 2.674866e+03 
1.610707e-01 3.429435e+03 2.582406e+03 
1.640909e-01 3.230062e+03 2.494381e+03 
1.671111e-01 3.018914e+03 2.410520e+03 
1.701313e-01 2.806985e+03 2.330573e+03 
1.731515e-01 2.603688e+03 2.254307e+03 
1.761717e-01 2.416650e+03 2.181506e+03 
1.791919e-01 2.251118e+03 2.111970e+03 
1.822121e-01 2.110719e+03 2.045513e+03 
1.852323e-01 1.997198e+03 1.981961e+03 
1.882525e-01 1.911006e+03 1.921152e+03 
1.912727e-01 1.851308e+03 1.862935e+03 
1.942929e-01 1.815845e+03 1.807170e+03 
1.973131e-01 1.801361e+03 1.753726e+03 
2.003333e-01 1.803547e+03 1.702479e+03 
2.033535e-01 1.817622e+03 1.653314e+03 
2.063737e-01 1.838466e+03 1.606123e+03 
2.093939e-01 1.861080e+03 1.560805e+03 
2.124141e-01 1.880680e+03 1.517266e+03 
2.154343e-01 1.893039e+03 1.475417e+03 
2.184545e-01 1.894544e+03 1.435174e+03 
2.214747e-01 1.882507e+03 1.396458e+03 
2.244949e-01 1.855511e+03 1.359196e+03 
2.275152e-01 1.813373e+03 1.323317e+03 
2.305354e-01 1.757488e+03 1.288757e+03 
2.335556e-01 1.690221e+03 1.255453e+03 
2.365758e-01 1.614924e+03 1.223348e+03 
2.395960e-01 1.535181e+03 1.192386e+03 
2.426162e-01 1.454632e+03 1.162515e+03 
2.456364e-01 1.376547e+03 1.133687e+03 
2.486566e-01 1.303808e+03 1.105854e+03 
2.516768e-01 1.238613e+03 1.078973e+03 
2.546970e-01 1.182567e+03 1.053002e+03 
2.577172e-01 1.136605e+03 1.027903e+03 
2.607374e-01 1.100965e+03 1.003637e+03 
2.637576e-01 1.075354e+03 9.801691e+02 
2.667778e-01 1.058873e+03 9.574661e+02 
2.697980e-01 1.050282e+03 9.354961e+02 
2.728182e-01 1.048012e+03 9.142288e+02 
2.758384e-01 1.050336e+03 8.936354e+02 
2.788586e-01 1.055426e+03 8.736887e+02 
2.818788e-01 1.061414e+03 8.543627e+02 
2.848990e-01 1.066478e+03 8.356327e+02 
2.879192e-01 1.068932e+03 8.174753e+02 
2.909394e-01 1.067348e+03 7.998680e+02 
2.939596e-01 1.060618e+03 7.827895e+02 
2.969798e-01 1.048191e+03 7.662196e+02 
3.000000e-01 1.029956e+03 7.501389e+02 
