1.000000e-03 2.884002e+03 2.883974e+03 
4.020202e-03 9.661967e+03 9.736275e+03 
7.040404e-03 1.419100e+04 1.427859e+04 
1.006061e-02 1.705756e+04 1.711768e+04 
1.308081e-02 1.869478e+04 1.871151e+04 
1.610101e-02 1.941810e+04 1.936414e+04 
1.912121e-02 1.947216e+04 1.932247e+04 
2.214141e-02 1.905461e+04 1.882836e+04 
2.516162e-02 1.832789e+04 1.809489e+04 
2.818182e-02 1.742476e+04 1.726933e+04 
3.120202e-02 1.644839e+04 1.643207e+04 
3.422222e-02 1.547543e+04 1.561913e+04 
3.724242e-02 1.455872e+04 1.484384e+04 
4.026263e-02 1.372852e+04 1.410972e+04 
4.328283e-02 1.298971e+04 1.341648e+04 
4.630303e-02 1.235654e+04 1.276258e+04 
4.932323e-02 1.182479e+04 1.214610e+04 
5.234343e-02 1.136671e+04 1.156505e+04 
5.536364e-02 1.095904e+04 1.101748e+04 
5.838384e-02 1.058544e+04 1.050152e+04 
6.140404e-02 1.023374e+04 1.001534e+04 
6.442424e-02 9.887637e+03 9.557185e+03 
6.744444e-02 9.534363e+03 9.125371e+03 
7.046465e-02 9.166718e+03 8.718286e+03 
7.348485e-02 8.782848e+03 8.334398e+03 
7.650505e-02 8.386179e+03 7.972251e+03 
7.952525e-02 7.984369e+03 7.630470e+03 
8.254545e-02 7.587255e+03 7.307761e+03 
8.556566e-02 7.204078e+03 7.002905e+03 
8.858586e-02 6.842456e+03 6.714761e+03 
9.160606e-02 6.507487e+03 6.442262e+03 
9.462626e-02 6.202897e+03 6.184410e+03 
9.764646e-02 5.931163e+03 5.940274e+03 
1.006667e-01 5.693233e+03 5.708985e+03 
1.036869e-01 5.488369e+03 5.489735e+03 
1.067071e-01 5.313290e+03 5.281771e+03 
1.097273e-01 5.162905e+03 5.084390e+03 
1.127475e-01 5.030335e+03 4.896941e+03 
1.157677e-01 4.908772e+03 4.718814e+03 
1.187879e-01 4.791740e+03 4.549445e+03 
1.218081e-01 4.674559e+03 4.388306e+03 
1.248283e-01 4.553790e+03 4.234906e+03 
1.278485e-01 4.427765e+03 4.088789e+03 
1.308687e-01 4.295812e+03 3.949527e+03 
1.338889e-01 4.158659e+03 3.816724e+03 
1.369091e-01 4.017689e+03 3.690008e+03 
1.399293e-01 3.875071e+03 3.569034e+03 
1.429495e-01 3.733279e+03 3.453478e+03 
1.459697e-01 3.595062e+03 3.343039e+03 
1.489899e-01 3.462870e+03 3.237435e+03 
1.520101e-01 3.338791e+03 3.136401e+03 
1.550303e-01 3.224365e+03 3.039690e+03 
1.580505e-01 3.120662e+03 2.947072e+03 
1.610707e-01 3.027916e+03 2.858330e+03 
1.640909e-01 2.945796e+03 2.773259e+03 
1.671111e-01 2.873050e+03 2.691671e+03 
1.701313e-01 2.808043e+03 2.613386e+03 
1.731515e-01 2.748783e+03 2.538236e+03 
1.761717e-01 2.693325e+03 2.466063e+03 
1.791919e-01 2.639945e+03 2.396719e+03 
1.822121e-01 2.587201e+03 2.330064e+03 
1.852323e-01 2.533992e+03 2.265967e+03 
1.882525e-01 2.479515e+03 2.204305e+03 
1.912727e-01 2.423242e+03 2.144960e+03 
1.942929e-01 2.365069e+03 2.087824e+03 
1.973131e-01 2.305209e+03 2.032791e+03 
2.003333e-01 2.244358e+03 1.979764e+03 
2.033535e-01 2.183418e+03 1.928651e+03 
2.063737e-01 2.123391e+03 1.879365e+03 
2.093939e-01 2.065216e+03 1.831822e+03 
2.124141e-01 2.009598e+03 1.785945e+03 
2.154343e-01 1.957057e+03 1.741661e+03 
2.184545e-01 1.907865e+03 1.698898e+03 
2.214747e-01 1.862151e+03 1.657590e+03 
2.244949e-01 1.819903e+03 1.617676e+03 
2.275152e-01 1.780956e+03 1.579095e+03 
2.305354e-01 1.745011e+03 1.541790e+03 
2.335556e-01 1.711573e+03 1.505709e+03 
2.365758e-01 1.680053e+03 1.470801e+03 
2.395960e-01 1.649852e+03 1.437016e+03 
2.426162e-01 1.620415e+03 1.404309e+03 
2.456364e-01 1.591337e+03 1.372636e+03 
2.486566e-01 1.562302e+03 1.341956e+03 
2.516768e-01 1.533117e+03 1.312229e+03 
2.546970e-01 1.503664e+03 1.283418e+03 
2.577172e-01 1.473920e+03 1.255487e+03 
2.607374e-01 1.443950e+03 1.228400e+03 
2.637576e-01 1.413901e+03 1.202127e+03 
2.667778e-01 1.384027e+03 1.176636e+03 
2.697980e-01 1.354643e+03 1.151897e+03 
2.728182e-01 1.326042e+03 1.127882e+03 
2.758384e-01 1.298481e+03 1.104564e+03 
2.788586e-01 1.272099e+03 1.081917e+03 
2.818788e-01 1.246964e+03 1.059917e+03 
2.848990e-01 1.223060e+03 1.038540e+03 
2.879192e-01 1.200342e+03 1.017763e+03 
2.909394e-01 1.178747e+03 9.975659e+02 
2.939596e-01 1.158191e+03 9.779270e+02 
2.969798e-01 1.138565e+03 9.588269e+02 
3.000000e-01 1.119730e+03 9.402468e+02 
