1.000000e-03 6.530080e+03 6.530017e+03 
4.020202e-03 2.179202e+04 2.196486e+04 
7.040404e-03 3.166596e+04 3.191623e+04 
1.006061e-02 3.752770e+04 3.786831e+04 
1.308081e-02 4.037869e+04 4.085813e+04 
1.610101e-02 4.095756e+04 4.147678e+04 
1.912121e-02 3.985681e+04 4.016904e+04 
2.214141e-02 3.758501e+04 3.748528e+04 
2.516162e-02 3.458314e+04 3.409458e+04 
2.818182e-02 3.122408e+04 3.059623e+04 
3.120202e-02 2.780805e+04 2.736469e+04 
3.422222e-02 2.455768e+04 2.454835e+04 
3.724242e-02 2.162188e+04 2.215460e+04 
4.026263e-02 1.908635e+04 2.013063e+04 
4.328283e-02 1.696794e+04 1.841021e+04 
4.630303e-02 1.526617e+04 1.693319e+04 
4.932323e-02 1.396616e+04 1.565084e+04 
5.234343e-02 1.300248e+04 1.452543e+04 
5.536364e-02 1.231536e+04 1.352820e+04 
5.838384e-02 1.184525e+04 1.263717e+04 
6.140404e-02 1.152612e+04 1.183542e+04 
6.442424e-02 1.130232e+04 1.110971e+04 
6.744444e-02 1.112392e+04 1.044954e+04 
7.046465e-02 1.094566e+04 9.846407e+03 
7.348485e-02 1.072867e+04 9.293372e+03 
7.650505e-02 1.044406e+04 8.784655e+03 
7.952525e-02 1.007526e+04 8.315396e+03 
8.254545e-02 9.619262e+03 7.881458e+03 
8.556566e-02 9.086707e+03 7.479287e+03 
8.858586e-02 8.497592e+03 7.105803e+03 
9.160606e-02 7.877268e+03 6.758317e+03 
9.462626e-02 7.253210e+03 6.434466e+03 
9.764646e-02 6.650875e+03 6.132162e+03 
1.006667e-01 6.092970e+03 5.849554e+03 
1.036869e-01 5.595779e+03 5.584987e+03 
1.067071e-01 5.170618e+03 5.336984e+03 
1.097273e-01 4.821908e+03 5.104217e+03 
1.127475e-01 4.549422e+03 4.885489e+03 
1.157677e-01 4.348497e+03 4.679721e+03 
1.187879e-01 4.211280e+03 4.485933e+03 
1.218081e-01 4.127787e+03 4.303239e+03 
1.248283e-01 4.086035e+03 4.130830e+03 
1.278485e-01 4.073170e+03 3.967970e+03 
1.308687e-01 4.075752e+03 3.813989e+03 
1.338889e-01 4.080986e+03 3.668270e+03 
1.369091e-01 4.077054e+03 3.530253e+03 
1.399293e-01 4.054640e+03 3.399419e+03 
1.429495e-01 4.006495e+03 3.275295e+03 
1.459697e-01 3.928485e+03 3.157444e+03 
1.489899e-01 3.819177e+03 3.045463e+03 
1.520101e-01 3.680174e+03 2.938982e+03 
1.550303e-01 3.516219e+03 2.837658e+03 
1.580505e-01 3.334275e+03 2.741174e+03 
1.610707e-01 3.143166e+03 2.649236e+03 
1.640909e-01 2.951966e+03 2.561572e+03 
1.671111e-01 2.769136e+03 2.477931e+03 
1.701313e-01 2.601231e+03 2.398078e+03 
1.731515e-01 2.452824e+03 2.321795e+03 
1.761717e-01 2.326403e+03 2.248879e+03 
1.791919e-01 2.223136e+03 2.179141e+03 
1.822121e-01 2.142822e+03 2.112405e+03 
1.852323e-01 2.084381e+03 2.048508e+03 
1.882525e-01 2.045779e+03 1.987295e+03 
1.912727e-01 2.023967e+03 1.928623e+03 
1.942929e-01 2.015105e+03 1.872359e+03 
1.973131e-01 2.014645e+03 1.818375e+03 
2.003333e-01 2.017884e+03 1.766556e+03 
2.033535e-01 2.020302e+03 1.716789e+03 
2.063737e-01 2.018029e+03 1.668973e+03 
2.093939e-01 2.007972e+03 1.623009e+03 
2.124141e-01 1.988050e+03 1.578806e+03 
2.154343e-01 1.956971e+03 1.536278e+03 
2.184545e-01 1.914535e+03 1.495344e+03 
2.214747e-01 1.861386e+03 1.455929e+03 
2.244949e-01 1.799184e+03 1.417960e+03 
2.275152e-01 1.730315e+03 1.381370e+03 
2.305354e-01 1.657680e+03 1.346094e+03 
2.335556e-01 1.584300e+03 1.312074e+03 
2.365758e-01 1.513044e+03 1.279251e+03 
2.395960e-01 1.446274e+03 1.247572e+03 
2.426162e-01 1.385836e+03 1.216986e+03 
2.456364e-01 1.333008e+03 1.187446e+03 
2.486566e-01 1.288508e+03 1.158904e+03 
2.516768e-01 1.252613e+03 1.131319e+03 
2.546970e-01 1.225026e+03 1.104650e+03 
2.577172e-01 1.205057e+03 1.078857e+03 
2.607374e-01 1.191550e+03 1.053903e+03 
2.637576e-01 1.183065e+03 1.029755e+03 
2.667778e-01 1.177955e+03 1.006378e+03 
2.697980e-01 1.174561e+03 9.837420e+02 
2.728182e-01 1.171292e+03 9.618160e+02 
2.758384e-01 1.166762e+03 9.405717e+02 
2.788586e-01 1.159791e+03 9.199822e+02 
2.818788e-01 1.149451e+03 9.000216e+02 
2.848990e-01 1.135154e+03 8.806653e+02 
2.879192e-01 1.116609e+03 8.618901e+02 
2.909394e-01 1.093945e+03 8.436735e+02 
2.939596e-01 1.067601e+03 8.259944e+02 
2.969798e-01 1.038417e+03 8.088324e+02 
3.000000e-01 1.007387e+03 7.921683e+02 
