1.000000e-03 6.246240e+03 6.246170e+03 
4.020202e-03 2.074226e+04 2.090472e+04 
7.040404e-03 3.020866e+04 3.044344e+04 
1.006061e-02 3.592834e+04 3.624366e+04 
1.308081e-02 3.881895e+04 3.926156e+04 
1.610101e-02 3.955606e+04 4.004189e+04 
1.912121e-02 3.868520e+04 3.898459e+04 
2.214141e-02 3.667424e+04 3.658057e+04 
2.516162e-02 3.393249e+04 3.344179e+04 
2.818182e-02 3.081051e+04 3.013778e+04 
3.120202e-02 2.759233e+04 2.704276e+04 
3.422222e-02 2.449366e+04 2.431899e+04 
3.724242e-02 2.166326e+04 2.198866e+04 
4.026263e-02 1.919064e+04 2.000979e+04 
4.328283e-02 1.710196e+04 1.832292e+04 
4.630303e-02 1.540169e+04 1.687190e+04 
4.932323e-02 1.408119e+04 1.561030e+04 
5.234343e-02 1.308764e+04 1.450182e+04 
5.536364e-02 1.236349e+04 1.351856e+04 
5.838384e-02 1.185397e+04 1.263916e+04 
6.140404e-02 1.150503e+04 1.184711e+04 
6.442424e-02 1.126051e+04 1.112949e+04 
6.744444e-02 1.106981e+04 1.047605e+04 
7.046465e-02 1.088948e+04 9.878507e+03 
7.348485e-02 1.068168e+04 9.330083e+03 
7.650505e-02 1.041755e+04 8.825145e+03 
7.952525e-02 1.007917e+04 8.358951e+03 
8.254545e-02 9.660771e+03 7.927470e+03 
8.556566e-02 9.168258e+03 7.527235e+03 
8.858586e-02 8.616722e+03 7.155240e+03 
9.160606e-02 8.027555e+03 6.808863e+03 
9.462626e-02 7.425403e+03 6.485795e+03 
9.764646e-02 6.834652e+03 6.183998e+03 
1.006667e-01 6.278379e+03 5.901660e+03 
1.036869e-01 5.774193e+03 5.637163e+03 
1.067071e-01 5.335171e+03 5.389060e+03 
1.097273e-01 4.967448e+03 5.156050e+03 
1.127475e-01 4.672651e+03 4.936958e+03 
1.157677e-01 4.447459e+03 4.730725e+03 
1.187879e-01 4.285700e+03 4.536388e+03 
1.218081e-01 4.179023e+03 4.353075e+03 
1.248283e-01 4.117166e+03 4.179991e+03 
1.278485e-01 4.088775e+03 4.016410e+03 
1.308687e-01 4.081486e+03 3.861671e+03 
1.338889e-01 4.082939e+03 3.715166e+03 
1.369091e-01 4.081168e+03 3.576340e+03 
1.399293e-01 4.066090e+03 3.444682e+03 
1.429495e-01 4.029459e+03 3.319723e+03 
1.459697e-01 3.966292e+03 3.201030e+03 
1.489899e-01 3.873940e+03 3.088206e+03 
1.520101e-01 3.752752e+03 2.980883e+03 
1.550303e-01 3.605591e+03 2.878719e+03 
1.580505e-01 3.437672e+03 2.781401e+03 
1.610707e-01 3.256252e+03 2.688637e+03 
1.640909e-01 3.069551e+03 2.600157e+03 
1.671111e-01 2.885897e+03 2.515709e+03 
1.701313e-01 2.712657e+03 2.435061e+03 
1.731515e-01 2.555514e+03 2.357995e+03 
1.761717e-01 2.418156e+03 2.284310e+03 
1.791919e-01 2.302582e+03 2.213817e+03 
1.822121e-01 2.209213e+03 2.146341e+03 
1.852323e-01 2.137536e+03 2.081718e+03 
1.882525e-01 2.086049e+03 2.019794e+03 
1.912727e-01 2.052516e+03 1.960426e+03 
1.942929e-01 2.033921e+03 1.903480e+03 
1.973131e-01 2.026498e+03 1.848830e+03 
2.003333e-01 2.026000e+03 1.796360e+03 
2.033535e-01 2.027981e+03 1.745957e+03 
2.063737e-01 2.028226e+03 1.697519e+03 
2.093939e-01 2.023143e+03 1.650948e+03 
2.124141e-01 2.009982e+03 1.606153e+03 
2.154343e-01 1.986881e+03 1.563047e+03 
2.184545e-01 1.953048e+03 1.521549e+03 
2.214747e-01 1.908471e+03 1.481584e+03 
2.244949e-01 1.854123e+03 1.443078e+03 
2.275152e-01 1.791626e+03 1.405964e+03 
2.305354e-01 1.723320e+03 1.370178e+03 
2.335556e-01 1.651870e+03 1.335659e+03 
2.365758e-01 1.580111e+03 1.302351e+03 
2.395960e-01 1.510655e+03 1.270198e+03 
2.426162e-01 1.445815e+03 1.239151e+03 
2.456364e-01 1.387299e+03 1.209159e+03 
2.486566e-01 1.336302e+03 1.180179e+03 
2.516768e-01 1.293445e+03 1.152166e+03 
2.546970e-01 1.258828e+03 1.125079e+03 
2.577172e-01 1.232148e+03 1.098878e+03 
2.607374e-01 1.212624e+03 1.073528e+03 
2.637576e-01 1.199201e+03 1.048993e+03 
2.667778e-01 1.190531e+03 1.025239e+03 
2.697980e-01 1.185116e+03 1.002234e+03 
2.728182e-01 1.181351e+03 9.799488e+02 
2.758384e-01 1.177729e+03 9.583542e+02 
2.788586e-01 1.172858e+03 9.374229e+02 
2.818788e-01 1.165582e+03 9.171290e+02 
2.848990e-01 1.155005e+03 8.974475e+02 
2.879192e-01 1.140582e+03 8.783549e+02 
2.909394e-01 1.122114e+03 8.598287e+02 
2.939596e-01 1.099705e+03 8.418474e+02 
2.969798e-01 1.073826e+03 8.243905e+02 
3.000000e-01 1.045170e+03 8.074385e+02 
