1.000000e-03 4.942566e+03 4.942515e+03 
4.020202e-03 1.615958e+04 1.628442e+04 
7.040404e-03 2.339720e+04 2.356352e+04 
1.006061e-02 2.775285e+04 2.794201e+04 
1.308081e-02 2.997662e+04 3.019773e+04 
1.610101e-02 3.060843e+04 3.079270e+04 
1.912121e-02 3.007279e+04 3.009039e+04 
2.214141e-02 2.872548e+04 2.850690e+04 
2.516162e-02 2.686670e+04 2.648858e+04 
2.818182e-02 2.474793e+04 2.439219e+04 
3.120202e-02 2.256780e+04 2.242143e+04 
3.422222e-02 2.047400e+04 2.065305e+04 
3.724242e-02 1.856474e+04 1.909305e+04 
4.026263e-02 1.689898e+04 1.771921e+04 
4.328283e-02 1.548978e+04 1.650303e+04 
4.630303e-02 1.433558e+04 1.541835e+04 
4.932323e-02 1.343435e+04 1.444361e+04 
5.234343e-02 1.273992e+04 1.356171e+04 
5.536364e-02 1.220497e+04 1.275917e+04 
5.838384e-02 1.179053e+04 1.202534e+04 
6.140404e-02 1.145617e+04 1.135163e+04 
6.442424e-02 1.116142e+04 1.073105e+04 
6.744444e-02 1.087090e+04 1.015779e+04 
7.046465e-02 1.055774e+04 9.626936e+03 
7.348485e-02 1.020326e+04 9.134307e+03 
7.650505e-02 9.798318e+03 8.676282e+03 
7.952525e-02 9.343352e+03 8.249701e+03 
8.254545e-02 8.847506e+03 7.851782e+03 
8.556566e-02 8.325287e+03 7.480063e+03 
8.858586e-02 7.793858e+03 7.132349e+03 
9.160606e-02 7.271079e+03 6.806678e+03 
9.462626e-02 6.773727e+03 6.501284e+03 
9.764646e-02 6.316596e+03 6.214577e+03 
1.006667e-01 5.911106e+03 5.945119e+03 
1.036869e-01 5.564098e+03 5.691607e+03 
1.067071e-01 5.277949e+03 5.452855e+03 
1.097273e-01 5.050016e+03 5.227786e+03 
1.127475e-01 4.874646e+03 5.015415e+03 
1.157677e-01 4.743372e+03 4.814844e+03 
1.187879e-01 4.646689e+03 4.625250e+03 
1.218081e-01 4.574385e+03 4.445880e+03 
1.248283e-01 4.516204e+03 4.276041e+03 
1.278485e-01 4.462091e+03 4.115098e+03 
1.308687e-01 4.403166e+03 3.962464e+03 
1.338889e-01 4.331883e+03 3.817602e+03 
1.369091e-01 4.243187e+03 3.680012e+03 
1.399293e-01 4.134485e+03 3.549237e+03 
1.429495e-01 4.005974e+03 3.424852e+03 
1.459697e-01 3.860090e+03 3.306462e+03 
1.489899e-01 3.700803e+03 3.193705e+03 
1.520101e-01 3.533215e+03 3.086243e+03 
1.550303e-01 3.362932e+03 2.983761e+03 
1.580505e-01 3.195906e+03 2.885970e+03 
1.610707e-01 3.037639e+03 2.792597e+03 
1.640909e-01 2.892929e+03 2.703392e+03 
1.671111e-01 2.764978e+03 2.618119e+03 
1.701313e-01 2.655698e+03 2.536559e+03 
1.731515e-01 2.565140e+03 2.458508e+03 
1.761717e-01 2.492332e+03 2.383775e+03 
1.791919e-01 2.435252e+03 2.312181e+03 
1.822121e-01 2.391356e+03 2.243560e+03 
1.852323e-01 2.357701e+03 2.177755e+03 
1.882525e-01 2.331107e+03 2.114620e+03 
1.912727e-01 2.308267e+03 2.054018e+03 
1.942929e-01 2.285808e+03 1.995821e+03 
1.973131e-01 2.260682e+03 1.939906e+03 
2.003333e-01 2.230408e+03 1.886161e+03 
2.033535e-01 2.193400e+03 1.834479e+03 
2.063737e-01 2.148879e+03 1.784759e+03 
2.093939e-01 2.097101e+03 1.736907e+03 
2.124141e-01 2.038938e+03 1.690834e+03 
2.154343e-01 1.975909e+03 1.646456e+03 
2.184545e-01 1.909802e+03 1.603693e+03 
2.214747e-01 1.842608e+03 1.562471e+03 
2.244949e-01 1.776289e+03 1.522720e+03 
2.275152e-01 1.712712e+03 1.484372e+03 
2.305354e-01 1.653403e+03 1.447365e+03 
2.335556e-01 1.599572e+03 1.411639e+03 
2.365758e-01 1.551944e+03 1.377138e+03 
2.395960e-01 1.510832e+03 1.343808e+03 
2.426162e-01 1.476134e+03 1.311598e+03 
2.456364e-01 1.447352e+03 1.280462e+03 
2.486566e-01 1.423709e+03 1.250353e+03 
2.516768e-01 1.404140e+03 1.221228e+03 
2.546970e-01 1.387452e+03 1.193046e+03 
2.577172e-01 1.372352e+03 1.165768e+03 
2.607374e-01 1.357629e+03 1.139357e+03 
2.637576e-01 1.342192e+03 1.113779e+03 
2.667778e-01 1.325227e+03 1.089000e+03 
2.697980e-01 1.306138e+03 1.064987e+03 
2.728182e-01 1.284648e+03 1.041711e+03 
2.758384e-01 1.260692e+03 1.019143e+03 
2.788586e-01 1.234438e+03 9.972556e+02 
2.818788e-01 1.206267e+03 9.760224e+02 
2.848990e-01 1.176725e+03 9.554184e+02 
2.879192e-01 1.146485e+03 9.354200e+02 
2.909394e-01 1.116266e+03 9.160045e+02 
2.939596e-01 1.086784e+03 8.971501e+02 
2.969798e-01 1.058659e+03 8.788361e+02 
3.000000e-01 1.032383e+03 8.610429e+02 
