1.000000e-03 3.766750e+03 3.766716e+03 
4.020202e-03 1.279239e+04 1.289122e+04 
7.040404e-03 1.888946e+04 1.902389e+04 
1.006061e-02 2.274333e+04 2.289234e+04 
1.308081e-02 2.488579e+04 2.505504e+04 
1.610101e-02 2.571874e+04 2.585996e+04 
1.912121e-02 2.556780e+04 2.558380e+04 
2.214141e-02 2.470970e+04 2.454434e+04 
2.516162e-02 2.338384e+04 2.308998e+04 
2.818182e-02 2.179359e+04 2.150992e+04 
3.120202e-02 2.010358e+04 1.997983e+04 
3.422222e-02 1.844055e+04 1.857548e+04 
3.724242e-02 1.689219e+04 1.731346e+04 
4.026263e-02 1.551503e+04 1.618440e+04 
4.328283e-02 1.433073e+04 1.517113e+04 
4.630303e-02 1.334004e+04 1.425647e+04 
4.932323e-02 1.254807e+04 1.342567e+04 
5.234343e-02 1.192821e+04 1.266675e+04 
5.536364e-02 1.144011e+04 1.197015e+04 
5.838384e-02 1.105102e+04 1.132817e+04 
6.140404e-02 1.073251e+04 1.073458e+04 
6.442424e-02 1.045409e+04 1.018421e+04 
6.744444e-02 1.018409e+04 9.672729e+03 
7.046465e-02 9.898880e+03 9.196439e+03 
7.348485e-02 9.581928e+03 8.752147e+03 
7.650505e-02 9.224109e+03 8.337059e+03 
7.952525e-02 8.824947e+03 7.948710e+03 
8.254545e-02 8.391336e+03 7.584909e+03 
8.556566e-02 7.934703e+03 7.243694e+03 
8.858586e-02 7.468848e+03 6.923302e+03 
9.160606e-02 7.007933e+03 6.622139e+03 
9.462626e-02 6.565277e+03 6.338763e+03 
9.764646e-02 6.153115e+03 6.071862e+03 
1.006667e-01 5.781284e+03 5.820241e+03 
1.036869e-01 5.457344e+03 5.582810e+03 
1.067071e-01 5.184335e+03 5.358570e+03 
1.097273e-01 4.962154e+03 5.146609e+03 
1.127475e-01 4.786599e+03 4.946087e+03 
1.157677e-01 4.651202e+03 4.756234e+03 
1.187879e-01 4.547596e+03 4.576342e+03 
1.218081e-01 4.467059e+03 4.405757e+03 
1.248283e-01 4.400815e+03 4.243877e+03 
1.278485e-01 4.340579e+03 4.090147e+03 
1.308687e-01 4.278732e+03 3.944053e+03 
1.338889e-01 4.208941e+03 3.805120e+03 
1.369091e-01 4.126375e+03 3.672907e+03 
1.399293e-01 4.028011e+03 3.547008e+03 
1.429495e-01 3.913194e+03 3.427042e+03 
1.459697e-01 3.783088e+03 3.312660e+03 
1.489899e-01 3.640719e+03 3.203533e+03 
1.520101e-01 3.490058e+03 3.099359e+03 
1.550303e-01 3.335907e+03 2.999855e+03 
1.580505e-01 3.183146e+03 2.904756e+03 
1.610707e-01 3.036501e+03 2.813817e+03 
1.640909e-01 2.900014e+03 2.726809e+03 
1.671111e-01 2.776993e+03 2.643517e+03 
1.701313e-01 2.669302e+03 2.563741e+03 
1.731515e-01 2.577816e+03 2.487293e+03 
1.761717e-01 2.502062e+03 2.413998e+03 
1.791919e-01 2.440823e+03 2.343692e+03 
1.822121e-01 2.392084e+03 2.276220e+03 
1.852323e-01 2.353415e+03 2.211437e+03 
1.882525e-01 2.322076e+03 2.149209e+03 
1.912727e-01 2.295247e+03 2.089408e+03 
1.942929e-01 2.270098e+03 2.031913e+03 
1.973131e-01 2.243910e+03 1.976612e+03 
2.003333e-01 2.214341e+03 1.923399e+03 
2.033535e-01 2.179773e+03 1.872174e+03 
2.063737e-01 2.139279e+03 1.822842e+03 
2.093939e-01 2.092639e+03 1.775316e+03 
2.124141e-01 2.040350e+03 1.729510e+03 
2.154343e-01 1.983387e+03 1.685346e+03 
2.184545e-01 1.923140e+03 1.642749e+03 
2.214747e-01 1.861177e+03 1.601648e+03 
2.244949e-01 1.799196e+03 1.561977e+03 
2.275152e-01 1.738834e+03 1.523673e+03 
2.305354e-01 1.681601e+03 1.486675e+03 
2.335556e-01 1.628674e+03 1.450927e+03 
2.365758e-01 1.580929e+03 1.416375e+03 
2.395960e-01 1.538731e+03 1.382968e+03 
2.426162e-01 1.502146e+03 1.350658e+03 
2.456364e-01 1.470887e+03 1.319399e+03 
2.486566e-01 1.444446e+03 1.289147e+03 
2.516768e-01 1.422083e+03 1.259862e+03 
2.546970e-01 1.402902e+03 1.231503e+03 
2.577172e-01 1.385894e+03 1.204034e+03 
2.607374e-01 1.369980e+03 1.177418e+03 
2.637576e-01 1.354107e+03 1.151623e+03 
2.667778e-01 1.337384e+03 1.126616e+03 
2.697980e-01 1.319123e+03 1.102365e+03 
2.728182e-01 1.298939e+03 1.078843e+03 
2.758384e-01 1.276690e+03 1.056020e+03 
2.788586e-01 1.252459e+03 1.033871e+03 
2.818788e-01 1.226517e+03 1.012370e+03 
2.848990e-01 1.199241e+03 9.914928e+02 
2.879192e-01 1.171097e+03 9.712163e+02 
2.909394e-01 1.142599e+03 9.515186e+02 
2.939596e-01 1.114327e+03 9.323784e+02 
2.969798e-01 1.086847e+03 9.137756e+02 
3.000000e-01 1.060690e+03 8.956910e+02 
