1.000000e-03 5.488195e+03 5.488132e+03 
4.020202e-03 1.832425e+04 1.846718e+04 
7.040404e-03 2.670432e+04 2.690294e+04 
1.006061e-02 3.176273e+04 3.201079e+04 
1.308081e-02 3.432717e+04 3.464967e+04 
1.610101e-02 3.500862e+04 3.532329e+04 
1.912121e-02 3.429563e+04 3.442175e+04 
2.214141e-02 3.260536e+04 3.241404e+04 
2.516162e-02 3.029693e+04 2.984147e+04 
2.818182e-02 2.767331e+04 2.716680e+04 
3.120202e-02 2.497857e+04 2.466943e+04 
3.422222e-02 2.239422e+04 2.245906e+04 
3.724242e-02 2.004288e+04 2.054419e+04 
4.026263e-02 1.799760e+04 1.889107e+04 
4.328283e-02 1.627546e+04 1.745620e+04 
4.630303e-02 1.487773e+04 1.619964e+04 
4.932323e-02 1.379884e+04 1.508871e+04 
5.234343e-02 1.298556e+04 1.409779e+04 
5.536364e-02 1.238570e+04 1.320707e+04 
5.838384e-02 1.195148e+04 1.240116e+04 
6.140404e-02 1.163095e+04 1.166798e+04 
6.442424e-02 1.137538e+04 1.099790e+04 
6.744444e-02 1.114196e+04 1.038311e+04 
7.046465e-02 1.089474e+04 9.817195e+03 
7.348485e-02 1.060526e+04 9.294776e+03 
7.650505e-02 1.025493e+04 8.811311e+03 
7.952525e-02 9.836169e+03 8.362906e+03 
8.254545e-02 9.352758e+03 7.946193e+03 
8.556566e-02 8.817708e+03 7.558235e+03 
8.858586e-02 8.249978e+03 7.196449e+03 
9.160606e-02 7.671691e+03 6.858554e+03 
9.462626e-02 7.105326e+03 6.542520e+03 
9.764646e-02 6.571156e+03 6.246537e+03 
1.006667e-01 6.086274e+03 5.968980e+03 
1.036869e-01 5.662270e+03 5.708391e+03 
1.067071e-01 5.306174e+03 5.463450e+03 
1.097273e-01 5.018557e+03 5.232966e+03 
1.127475e-01 4.796430e+03 5.015858e+03 
1.157677e-01 4.633127e+03 4.811144e+03 
1.187879e-01 4.519970e+03 4.617928e+03 
1.218081e-01 4.446619e+03 4.435395e+03 
1.248283e-01 4.401572e+03 4.262798e+03 
1.278485e-01 4.372830e+03 4.099453e+03 
1.308687e-01 4.348533e+03 3.944733e+03 
1.338889e-01 4.317886e+03 3.798064e+03 
1.369091e-01 4.271918e+03 3.658916e+03 
1.399293e-01 4.204491e+03 3.526801e+03 
1.429495e-01 4.112049e+03 3.401270e+03 
1.459697e-01 3.994225e+03 3.281908e+03 
1.489899e-01 3.852699e+03 3.168332e+03 
1.520101e-01 3.691542e+03 3.060187e+03 
1.550303e-01 3.516330e+03 2.957145e+03 
1.580505e-01 3.334077e+03 2.858900e+03 
1.610707e-01 3.152283e+03 2.765171e+03 
1.640909e-01 2.978381e+03 2.675693e+03 
1.671111e-01 2.818329e+03 2.590224e+03 
1.701313e-01 2.676614e+03 2.508535e+03 
1.731515e-01 2.555454e+03 2.430415e+03 
1.761717e-01 2.455592e+03 2.355665e+03 
1.791919e-01 2.376435e+03 2.284102e+03 
1.822121e-01 2.316396e+03 2.215553e+03 
1.852323e-01 2.273242e+03 2.149857e+03 
1.882525e-01 2.244094e+03 2.086863e+03 
1.912727e-01 2.225577e+03 2.026431e+03 
1.942929e-01 2.213725e+03 1.968427e+03 
1.973131e-01 2.204407e+03 1.912729e+03 
2.003333e-01 2.193517e+03 1.859219e+03 
2.033535e-01 2.177682e+03 1.807788e+03 
2.063737e-01 2.154247e+03 1.758334e+03 
2.093939e-01 2.121802e+03 1.710760e+03 
2.124141e-01 2.079815e+03 1.664975e+03 
2.154343e-01 2.028715e+03 1.620893e+03 
2.184545e-01 1.969649e+03 1.578435e+03 
2.214747e-01 1.904302e+03 1.537523e+03 
2.244949e-01 1.834853e+03 1.498086e+03 
2.275152e-01 1.763700e+03 1.460057e+03 
2.305354e-01 1.693365e+03 1.423371e+03 
2.335556e-01 1.626143e+03 1.387968e+03 
2.365758e-01 1.563991e+03 1.353791e+03 
2.395960e-01 1.508301e+03 1.320785e+03 
2.426162e-01 1.460001e+03 1.288900e+03 
2.456364e-01 1.419376e+03 1.258087e+03 
2.486566e-01 1.386303e+03 1.228300e+03 
2.516768e-01 1.360194e+03 1.199496e+03 
2.546970e-01 1.340144e+03 1.171633e+03 
2.577172e-01 1.324984e+03 1.144671e+03 
2.607374e-01 1.313333e+03 1.118575e+03 
2.637576e-01 1.303720e+03 1.093308e+03 
2.667778e-01 1.294679e+03 1.068836e+03 
2.697980e-01 1.284872e+03 1.045128e+03 
2.728182e-01 1.273174e+03 1.022153e+03 
2.758384e-01 1.258777e+03 9.998829e+02 
2.788586e-01 1.241159e+03 9.782892e+02 
2.818788e-01 1.220159e+03 9.573460e+02 
2.848990e-01 1.195874e+03 9.370283e+02 
2.879192e-01 1.168725e+03 9.173121e+02 
2.909394e-01 1.139318e+03 8.981747e+02 
2.939596e-01 1.108431e+03 8.795945e+02 
2.969798e-01 1.076938e+03 8.615506e+02 
3.000000e-01 1.045749e+03 8.440233e+02 
