1.000000e-03 3.976663e+03 3.976616e+03 
4.020202e-03 1.317147e+04 1.327320e+04 
7.040404e-03 1.913490e+04 1.925817e+04 
1.006061e-02 2.274945e+04 2.285779e+04 
1.308081e-02 2.464500e+04 2.472758e+04 
1.610101e-02 2.527340e+04 2.527989e+04 
1.912121e-02 2.498543e+04 2.485061e+04 
2.214141e-02 2.406665e+04 2.379268e+04 
2.516162e-02 2.275375e+04 2.243743e+04 
2.818182e-02 2.123961e+04 2.101918e+04 
3.120202e-02 1.967414e+04 1.966010e+04 
3.422222e-02 1.816665e+04 1.840500e+04 
3.724242e-02 1.678821e+04 1.726012e+04 
4.026263e-02 1.557993e+04 1.621716e+04 
4.328283e-02 1.455297e+04 1.526431e+04 
4.630303e-02 1.369733e+04 1.439038e+04 
4.932323e-02 1.301020e+04 1.358580e+04 
5.234343e-02 1.246050e+04 1.284267e+04 
5.536364e-02 1.200299e+04 1.215448e+04 
5.838384e-02 1.161218e+04 1.151574e+04 
6.140404e-02 1.125707e+04 1.092180e+04 
6.442424e-02 1.090819e+04 1.036864e+04 
6.744444e-02 1.054640e+04 9.852752e+03 
7.046465e-02 1.015810e+04 9.371000e+03 
7.348485e-02 9.736950e+03 8.920606e+03 
7.650505e-02 9.284666e+03 8.499065e+03 
7.952525e-02 8.809602e+03 8.104116e+03 
8.254545e-02 8.324144e+03 7.733712e+03 
8.556566e-02 7.842479e+03 7.385988e+03 
8.858586e-02 7.378141e+03 7.059247e+03 
9.160606e-02 6.943079e+03 6.751941e+03 
9.462626e-02 6.546983e+03 6.462654e+03 
9.764646e-02 6.196963e+03 6.190089e+03 
1.006667e-01 5.896723e+03 5.933059e+03 
1.036869e-01 5.646562e+03 5.690473e+03 
1.067071e-01 5.442519e+03 5.461332e+03 
1.097273e-01 5.278024e+03 5.244713e+03 
1.127475e-01 5.144471e+03 5.039772e+03 
1.157677e-01 5.032683e+03 4.845727e+03 
1.187879e-01 4.933519e+03 4.661861e+03 
1.218081e-01 4.838720e+03 4.487510e+03 
1.248283e-01 4.741270e+03 4.322061e+03 
1.278485e-01 4.635694e+03 4.164949e+03 
1.308687e-01 4.517990e+03 4.015649e+03 
1.338889e-01 4.386901e+03 3.873676e+03 
1.369091e-01 4.242923e+03 3.738582e+03 
1.399293e-01 4.088818e+03 3.609948e+03 
1.429495e-01 3.928215e+03 3.487389e+03 
1.459697e-01 3.765443e+03 3.370544e+03 
1.489899e-01 3.604763e+03 3.259080e+03 
1.520101e-01 3.450250e+03 3.152685e+03 
1.550303e-01 3.305513e+03 3.051070e+03 
1.580505e-01 3.173682e+03 2.953965e+03 
1.610707e-01 3.056769e+03 2.861118e+03 
1.640909e-01 2.955823e+03 2.772293e+03 
1.671111e-01 2.870289e+03 2.687272e+03 
1.701313e-01 2.798650e+03 2.605849e+03 
1.731515e-01 2.738405e+03 2.527831e+03 
1.761717e-01 2.686799e+03 2.453040e+03 
1.791919e-01 2.640973e+03 2.381307e+03 
1.822121e-01 2.598342e+03 2.312473e+03 
1.852323e-01 2.556512e+03 2.246391e+03 
1.882525e-01 2.513387e+03 2.182921e+03 
1.912727e-01 2.467213e+03 2.121934e+03 
1.942929e-01 2.416791e+03 2.063305e+03 
1.973131e-01 2.361594e+03 2.006920e+03 
2.003333e-01 2.301815e+03 1.952669e+03 
2.033535e-01 2.238362e+03 1.900451e+03 
2.063737e-01 2.172591e+03 1.850169e+03 
2.093939e-01 2.106073e+03 1.801732e+03 
2.124141e-01 2.040375e+03 1.755053e+03 
2.154343e-01 1.976873e+03 1.710053e+03 
2.184545e-01 1.916725e+03 1.666654e+03 
2.214747e-01 1.860803e+03 1.624783e+03 
2.244949e-01 1.809690e+03 1.584374e+03 
2.275152e-01 1.763703e+03 1.545360e+03 
2.305354e-01 1.722775e+03 1.507681e+03 
2.335556e-01 1.686589e+03 1.471279e+03 
2.365758e-01 1.654529e+03 1.436098e+03 
2.395960e-01 1.625829e+03 1.402086e+03 
2.426162e-01 1.599579e+03 1.369195e+03 
2.456364e-01 1.574852e+03 1.337377e+03 
2.486566e-01 1.550740e+03 1.306587e+03 
2.516768e-01 1.526465e+03 1.276783e+03 
2.546970e-01 1.501375e+03 1.247925e+03 
2.577172e-01 1.475095e+03 1.219975e+03 
2.607374e-01 1.447433e+03 1.192897e+03 
2.637576e-01 1.418475e+03 1.166655e+03 
2.667778e-01 1.388446e+03 1.141217e+03 
2.697980e-01 1.357715e+03 1.116551e+03 
2.728182e-01 1.326706e+03 1.092628e+03 
2.758384e-01 1.295874e+03 1.069419e+03 
2.788586e-01 1.265660e+03 1.046897e+03 
2.818788e-01 1.236480e+03 1.025035e+03 
2.848990e-01 1.208681e+03 1.003810e+03 
2.879192e-01 1.182540e+03 9.831976e+02 
2.909394e-01 1.158204e+03 9.631751e+02 
2.939596e-01 1.135706e+03 9.437209e+02 
2.969798e-01 1.114953e+03 9.248146e+02 
3.000000e-01 1.095772e+03 9.064365e+02 
