1.000000e-03 2.591211e+03 2.591185e+03 
4.020202e-03 8.784097e+03 8.851683e+03 
7.040404e-03 1.293880e+04 1.301192e+04 
1.006061e-02 1.557942e+04 1.561086e+04 
1.308081e-02 1.711039e+04 1.707846e+04 
1.610101e-02 1.782587e+04 1.771099e+04 
1.912121e-02 1.795053e+04 1.774891e+04 
2.214141e-02 1.766228e+04 1.740974e+04 
2.516162e-02 1.710481e+04 1.686656e+04 
2.818182e-02 1.639108e+04 1.623072e+04 
3.120202e-02 1.560905e+04 1.556264e+04 
3.422222e-02 1.482171e+04 1.489230e+04 
3.724242e-02 1.407064e+04 1.423432e+04 
4.026263e-02 1.338139e+04 1.359612e+04 
4.328283e-02 1.275706e+04 1.298159e+04 
4.630303e-02 1.220033e+04 1.239276e+04 
4.932323e-02 1.171613e+04 1.183057e+04 
5.234343e-02 1.127929e+04 1.129522e+04 
5.536364e-02 1.086941e+04 1.078647e+04 
5.838384e-02 1.047930e+04 1.030371e+04 
6.140404e-02 1.010019e+04 9.846129e+03 
6.442424e-02 9.723387e+03 9.412742e+03 
6.744444e-02 9.341997e+03 9.002485e+03 
7.046465e-02 8.954221e+03 8.614240e+03 
7.348485e-02 8.562353e+03 8.246875e+03 
7.650505e-02 8.172388e+03 7.899264e+03 
7.952525e-02 7.792283e+03 7.570302e+03 
8.254545e-02 7.429736e+03 7.258922e+03 
8.556566e-02 7.090317e+03 6.964096e+03 
8.858586e-02 6.776947e+03 6.684847e+03 
9.160606e-02 6.490875e+03 6.420245e+03 
9.462626e-02 6.232483e+03 6.169410e+03 
9.764646e-02 6.001481e+03 5.931514e+03 
1.006667e-01 5.796541e+03 5.705777e+03 
1.036869e-01 5.614510e+03 5.491467e+03 
1.067071e-01 5.451122e+03 5.287900e+03 
1.097273e-01 5.300446e+03 5.094432e+03 
1.127475e-01 5.156847e+03 4.910462e+03 
1.157677e-01 5.015601e+03 4.735429e+03 
1.187879e-01 4.873497e+03 4.568806e+03 
1.218081e-01 4.729275e+03 4.410103e+03 
1.248283e-01 4.582764e+03 4.258861e+03 
1.278485e-01 4.434841e+03 4.114650e+03 
1.308687e-01 4.286841e+03 3.977070e+03 
1.338889e-01 4.140459e+03 3.845746e+03 
1.369091e-01 3.997508e+03 3.720326e+03 
1.399293e-01 3.859845e+03 3.600484e+03 
1.429495e-01 3.728992e+03 3.485912e+03 
1.459697e-01 3.606211e+03 3.376322e+03 
1.489899e-01 3.492191e+03 3.271446e+03 
1.520101e-01 3.387283e+03 3.171031e+03 
1.550303e-01 3.291313e+03 3.074841e+03 
1.580505e-01 3.203785e+03 2.982655e+03 
1.610707e-01 3.123590e+03 2.894263e+03 
1.640909e-01 3.049357e+03 2.809471e+03 
1.671111e-01 2.979430e+03 2.728095e+03 
1.701313e-01 2.912217e+03 2.649963e+03 
1.731515e-01 2.846476e+03 2.574913e+03 
1.761717e-01 2.781277e+03 2.502791e+03 
1.791919e-01 2.716221e+03 2.433455e+03 
1.822121e-01 2.651090e+03 2.366769e+03 
1.852323e-01 2.585859e+03 2.302605e+03 
1.882525e-01 2.520660e+03 2.240844e+03 
1.912727e-01 2.455809e+03 2.181372e+03 
1.942929e-01 2.391789e+03 2.124082e+03 
1.973131e-01 2.329247e+03 2.068873e+03 
2.003333e-01 2.268829e+03 2.015650e+03 
2.033535e-01 2.211152e+03 1.964323e+03 
2.063737e-01 2.156511e+03 1.914805e+03 
2.093939e-01 2.104966e+03 1.867017e+03 
2.124141e-01 2.056401e+03 1.820881e+03 
2.154343e-01 2.010600e+03 1.776327e+03 
2.184545e-01 1.967299e+03 1.733284e+03 
2.214747e-01 1.926211e+03 1.691689e+03 
2.244949e-01 1.887037e+03 1.651478e+03 
2.275152e-01 1.849452e+03 1.612595e+03 
2.305354e-01 1.813040e+03 1.574983e+03 
2.335556e-01 1.777406e+03 1.538590e+03 
2.365758e-01 1.742298e+03 1.503365e+03 
2.395960e-01 1.707554e+03 1.469261e+03 
2.426162e-01 1.673167e+03 1.436232e+03 
2.456364e-01 1.639171e+03 1.404236e+03 
2.486566e-01 1.605634e+03 1.373232e+03 
2.516768e-01 1.572626e+03 1.343180e+03 
2.546970e-01 1.540216e+03 1.314043e+03 
2.577172e-01 1.508508e+03 1.285786e+03 
2.607374e-01 1.477659e+03 1.258375e+03 
2.637576e-01 1.447809e+03 1.231777e+03 
2.667778e-01 1.419079e+03 1.205963e+03 
2.697980e-01 1.391516e+03 1.180902e+03 
2.728182e-01 1.365101e+03 1.156566e+03 
2.758384e-01 1.339743e+03 1.132930e+03 
2.788586e-01 1.315304e+03 1.109967e+03 
2.818788e-01 1.291675e+03 1.087652e+03 
2.848990e-01 1.268762e+03 1.065964e+03 
2.879192e-01 1.246498e+03 1.044878e+03 
2.909394e-01 1.224819e+03 1.024374e+03 
2.939596e-01 1.203655e+03 1.004431e+03 
2.969798e-01 1.182932e+03 9.850299e+02 
3.000000e-01 1.162586e+03 9.661517e+02 
