1.000000e-03 3.257049e+03 3.257016e+03 
4.020202e-03 1.096988e+04 1.105381e+04 
7.040404e-03 1.613977e+04 1.624425e+04 
1.006061e-02 1.940266e+04 1.949320e+04 
1.308081e-02 2.123663e+04 2.130360e+04 
1.610101e-02 2.199626e+04 2.200122e+04 
1.912121e-02 2.196107e+04 2.185269e+04 
2.214141e-02 2.136335e+04 2.113959e+04 
2.516162e-02 2.039742e+04 2.013229e+04 
2.818182e-02 1.922473e+04 1.902953e+04 
3.120202e-02 1.797323e+04 1.794170e+04 
3.422222e-02 1.673907e+04 1.691513e+04 
3.724242e-02 1.558752e+04 1.596227e+04 
4.026263e-02 1.455870e+04 1.508150e+04 
4.328283e-02 1.366903e+04 1.426675e+04 
4.630303e-02 1.291342e+04 1.351134e+04 
4.932323e-02 1.229253e+04 1.280923e+04 
5.234343e-02 1.178824e+04 1.215525e+04 
5.536364e-02 1.136234e+04 1.154500e+04 
5.838384e-02 1.099154e+04 1.097472e+04 
6.140404e-02 1.065512e+04 1.044114e+04 
6.442424e-02 1.033160e+04 9.941371e+03 
6.744444e-02 1.000086e+04 9.472818e+03 
7.046465e-02 9.649438e+03 9.033152e+03 
7.348485e-02 9.270860e+03 8.620250e+03 
7.650505e-02 8.865493e+03 8.232176e+03 
7.952525e-02 8.440282e+03 7.867152e+03 
8.254545e-02 8.005865e+03 7.523548e+03 
8.556566e-02 7.574249e+03 7.199860e+03 
8.858586e-02 7.156491e+03 6.894705e+03 
9.160606e-02 6.762112e+03 6.606808e+03 
9.462626e-02 6.398830e+03 6.334990e+03 
9.764646e-02 6.072488e+03 6.078167e+03 
1.006667e-01 5.787238e+03 5.835333e+03 
1.036869e-01 5.544469e+03 5.605561e+03 
1.067071e-01 5.342679e+03 5.387994e+03 
1.097273e-01 5.177101e+03 5.181839e+03 
1.127475e-01 5.040851e+03 4.986361e+03 
1.157677e-01 4.925656e+03 4.800880e+03 
1.187879e-01 4.823434e+03 4.624766e+03 
1.218081e-01 4.726596e+03 4.457436e+03 
1.248283e-01 4.629155e+03 4.298348e+03 
1.278485e-01 4.526290e+03 4.146999e+03 
1.308687e-01 4.414917e+03 4.002921e+03 
1.338889e-01 4.293349e+03 3.865681e+03 
1.369091e-01 4.161481e+03 3.734875e+03 
1.399293e-01 4.020722e+03 3.610126e+03 
1.429495e-01 3.873661e+03 3.491086e+03 
1.459697e-01 3.723731e+03 3.377427e+03 
1.489899e-01 3.574693e+03 3.268845e+03 
1.520101e-01 3.430146e+03 3.165058e+03 
1.550303e-01 3.293415e+03 3.065798e+03 
1.580505e-01 3.167257e+03 2.970820e+03 
1.610707e-01 3.053657e+03 2.879890e+03 
1.640909e-01 2.953612e+03 2.792792e+03 
1.671111e-01 2.867056e+03 2.709324e+03 
1.701313e-01 2.793035e+03 2.629295e+03 
1.731515e-01 2.729781e+03 2.552526e+03 
1.761717e-01 2.675114e+03 2.478850e+03 
1.791919e-01 2.626664e+03 2.408110e+03 
1.822121e-01 2.582085e+03 2.340159e+03 
1.852323e-01 2.539227e+03 2.274858e+03 
1.882525e-01 2.496137e+03 2.212076e+03 
1.912727e-01 2.451129e+03 2.151691e+03 
1.942929e-01 2.402995e+03 2.093586e+03 
1.973131e-01 2.350997e+03 2.037654e+03 
2.003333e-01 2.295188e+03 1.983790e+03 
2.033535e-01 2.236104e+03 1.931900e+03 
2.063737e-01 2.174777e+03 1.881890e+03 
2.093939e-01 2.112410e+03 1.833674e+03 
2.124141e-01 2.050296e+03 1.787172e+03 
2.154343e-01 1.989630e+03 1.742305e+03 
2.184545e-01 1.931446e+03 1.699002e+03 
2.214747e-01 1.876618e+03 1.657192e+03 
2.244949e-01 1.825854e+03 1.616810e+03 
2.275152e-01 1.779542e+03 1.577795e+03 
2.305354e-01 1.737828e+03 1.540087e+03 
2.335556e-01 1.700494e+03 1.503632e+03 
2.365758e-01 1.667114e+03 1.468376e+03 
2.395960e-01 1.637003e+03 1.434269e+03 
2.426162e-01 1.609412e+03 1.401263e+03 
2.456364e-01 1.583557e+03 1.369314e+03 
2.486566e-01 1.558720e+03 1.338378e+03 
2.516768e-01 1.534245e+03 1.308414e+03 
2.546970e-01 1.509556e+03 1.279384e+03 
2.577172e-01 1.484157e+03 1.251250e+03 
2.607374e-01 1.457750e+03 1.223977e+03 
2.637576e-01 1.430188e+03 1.197532e+03 
2.667778e-01 1.401572e+03 1.171883e+03 
2.697980e-01 1.372155e+03 1.146999e+03 
2.728182e-01 1.342358e+03 1.122851e+03 
2.758384e-01 1.312609e+03 1.099411e+03 
2.788586e-01 1.283325e+03 1.076653e+03 
2.818788e-01 1.254848e+03 1.054551e+03 
2.848990e-01 1.227467e+03 1.033082e+03 
2.879192e-01 1.201394e+03 1.012223e+03 
2.909394e-01 1.176793e+03 9.919502e+02 
2.939596e-01 1.153765e+03 9.722439e+02 
2.969798e-01 1.132345e+03 9.530835e+02 
3.000000e-01 1.112480e+03 9.344498e+02 
