1.000000e-03 3.715946e+03 3.715914e+03 
4.020202e-03 1.240738e+04 1.250358e+04 
7.040404e-03 1.810483e+04 1.822486e+04 
1.006061e-02 2.159600e+04 2.170724e+04 
1.308081e-02 2.345709e+04 2.355195e+04 
1.610101e-02 2.410837e+04 2.414000e+04 
1.912121e-02 2.387806e+04 2.378349e+04 
2.214141e-02 2.303690e+04 2.281409e+04 
2.516162e-02 2.180914e+04 2.154756e+04 
2.818182e-02 2.037976e+04 2.021054e+04 
3.120202e-02 1.889309e+04 1.892332e+04 
3.422222e-02 1.745515e+04 1.773136e+04 
3.724242e-02 1.613551e+04 1.664218e+04 
4.026263e-02 1.497506e+04 1.564869e+04 
4.328283e-02 1.398561e+04 1.474008e+04 
4.630303e-02 1.315877e+04 1.390589e+04 
4.932323e-02 1.249359e+04 1.313718e+04 
5.234343e-02 1.196035e+04 1.242653e+04 
5.536364e-02 1.151606e+04 1.176781e+04 
5.838384e-02 1.113787e+04 1.115590e+04 
6.140404e-02 1.079609e+04 1.058642e+04 
6.442424e-02 1.046204e+04 1.005561e+04 
6.744444e-02 1.011697e+04 9.560164e+03 
7.046465e-02 9.747096e+03 9.097159e+03 
7.348485e-02 9.345927e+03 8.663976e+03 
7.650505e-02 8.914884e+03 8.258263e+03 
7.952525e-02 8.461485e+03 7.877893e+03 
8.254545e-02 7.997355e+03 7.520934e+03 
8.556566e-02 7.535965e+03 7.185628e+03 
8.858586e-02 7.090055e+03 6.870374e+03 
9.160606e-02 6.670948e+03 6.573707e+03 
9.462626e-02 6.287976e+03 6.294285e+03 
9.764646e-02 5.948239e+03 6.030880e+03 
1.006667e-01 5.655630e+03 5.782366e+03 
1.036869e-01 5.410943e+03 5.547707e+03 
1.067071e-01 5.210842e+03 5.325951e+03 
1.097273e-01 5.049496e+03 5.116224e+03 
1.127475e-01 4.918717e+03 4.917718e+03 
1.157677e-01 4.809757e+03 4.729691e+03 
1.187879e-01 4.713925e+03 4.551457e+03 
1.218081e-01 4.623341e+03 4.382382e+03 
1.248283e-01 4.531140e+03 4.221882e+03 
1.278485e-01 4.431984e+03 4.069414e+03 
1.308687e-01 4.321890e+03 3.924479e+03 
1.338889e-01 4.199307e+03 3.786611e+03 
1.369091e-01 4.064288e+03 3.655380e+03 
1.399293e-01 3.919088e+03 3.530386e+03 
1.429495e-01 3.766962e+03 3.411259e+03 
1.459697e-01 3.612060e+03 3.297653e+03 
1.489899e-01 3.458494e+03 3.189248e+03 
1.520101e-01 3.310232e+03 3.085744e+03 
1.550303e-01 3.170771e+03 2.986864e+03 
1.580505e-01 3.043135e+03 2.892347e+03 
1.610707e-01 2.929374e+03 2.801951e+03 
1.640909e-01 2.830614e+03 2.715451e+03 
1.671111e-01 2.746657e+03 2.632635e+03 
1.701313e-01 2.676257e+03 2.553304e+03 
1.731515e-01 2.617228e+03 2.477275e+03 
1.761717e-01 2.567013e+03 2.404373e+03 
1.791919e-01 2.522903e+03 2.334437e+03 
1.822121e-01 2.482339e+03 2.267313e+03 
1.852323e-01 2.442943e+03 2.202859e+03 
1.882525e-01 2.402663e+03 2.140940e+03 
1.912727e-01 2.359787e+03 2.081432e+03 
1.942929e-01 2.313020e+03 2.024213e+03 
1.973131e-01 2.261769e+03 1.969174e+03 
2.003333e-01 2.206038e+03 1.916209e+03 
2.033535e-01 2.146599e+03 1.865219e+03 
2.063737e-01 2.084606e+03 1.816110e+03 
2.093939e-01 2.021500e+03 1.768795e+03 
2.124141e-01 1.958747e+03 1.723190e+03 
2.154343e-01 1.897743e+03 1.679218e+03 
2.184545e-01 1.839663e+03 1.636803e+03 
2.214747e-01 1.785453e+03 1.595876e+03 
2.244949e-01 1.735737e+03 1.556371e+03 
2.275152e-01 1.690894e+03 1.518224e+03 
2.305354e-01 1.650916e+03 1.481377e+03 
2.335556e-01 1.615558e+03 1.445772e+03 
2.365758e-01 1.584288e+03 1.411358e+03 
2.395960e-01 1.556415e+03 1.378083e+03 
2.426162e-01 1.531119e+03 1.345899e+03 
2.456364e-01 1.507534e+03 1.314760e+03 
2.486566e-01 1.484790e+03 1.284625e+03 
2.516768e-01 1.462094e+03 1.255450e+03 
2.546970e-01 1.438760e+03 1.227198e+03 
2.577172e-01 1.414331e+03 1.199831e+03 
2.607374e-01 1.388560e+03 1.173314e+03 
2.637576e-01 1.361468e+03 1.147613e+03 
2.667778e-01 1.333251e+03 1.122696e+03 
2.697980e-01 1.304242e+03 1.098533e+03 
2.728182e-01 1.274835e+03 1.075095e+03 
2.758384e-01 1.245451e+03 1.052353e+03 
2.788586e-01 1.216513e+03 1.030282e+03 
2.818788e-01 1.188422e+03 1.008856e+03 
2.848990e-01 1.161538e+03 9.880519e+02 
2.879192e-01 1.136147e+03 9.678456e+02 
2.909394e-01 1.112458e+03 9.482155e+02 
2.939596e-01 1.090540e+03 9.291407e+02 
2.969798e-01 1.070359e+03 9.106012e+02 
3.000000e-01 1.051754e+03 8.925777e+02 
