1.000000e-03 4.117102e+03 4.117063e+03 
4.020202e-03 1.351320e+04 1.361832e+04 
7.040404e-03 1.956028e+04 1.969047e+04 
1.006061e-02 2.319915e+04 2.332056e+04 
1.308081e-02 2.508222e+04 2.518745e+04 
1.610101e-02 2.567453e+04 2.571244e+04 
1.912121e-02 2.533462e+04 2.523484e+04 
2.214141e-02 2.435427e+04 2.411245e+04 
2.516162e-02 2.297551e+04 2.268577e+04 
2.818182e-02 2.139487e+04 2.119886e+04 
3.120202e-02 1.976587e+04 1.978010e+04 
3.422222e-02 1.819983e+04 1.847623e+04 
3.724242e-02 1.676937e+04 1.729284e+04 
4.026263e-02 1.551642e+04 1.621997e+04 
4.328283e-02 1.445254e+04 1.524406e+04 
4.630303e-02 1.356740e+04 1.435238e+04 
4.932323e-02 1.285817e+04 1.353417e+04 
5.234343e-02 1.229372e+04 1.278059e+04 
5.536364e-02 1.182813e+04 1.208441e+04 
5.838384e-02 1.143490e+04 1.143961e+04 
6.140404e-02 1.108205e+04 1.084115e+04 
6.442424e-02 1.073906e+04 1.028468e+04 
6.744444e-02 1.038576e+04 9.766432e+03 
7.046465e-02 1.000735e+04 9.283106e+03 
7.348485e-02 9.596155e+03 8.831763e+03 
7.650505e-02 9.152535e+03 8.409779e+03 
7.952525e-02 8.683783e+03 8.014798e+03 
8.254545e-02 8.201744e+03 7.644691e+03 
8.556566e-02 7.720550e+03 7.297533e+03 
8.858586e-02 7.253974e+03 6.971575e+03 
9.160606e-02 6.814407e+03 6.665225e+03 
9.462626e-02 6.412154e+03 6.377032e+03 
9.764646e-02 6.055064e+03 6.105670e+03 
1.006667e-01 5.747504e+03 5.849928e+03 
1.036869e-01 5.490308e+03 5.608696e+03 
1.067071e-01 5.280295e+03 5.380955e+03 
1.097273e-01 5.111664e+03 5.165773e+03 
1.127475e-01 4.976209e+03 4.962290e+03 
1.157677e-01 4.864953e+03 4.769718e+03 
1.187879e-01 4.768835e+03 4.587329e+03 
1.218081e-01 4.679402e+03 4.414453e+03 
1.248283e-01 4.589194e+03 4.250473e+03 
1.278485e-01 4.492189e+03 4.094818e+03 
1.308687e-01 4.383812e+03 3.946960e+03 
1.338889e-01 4.262107e+03 3.806411e+03 
1.369091e-01 4.126889e+03 3.672719e+03 
1.399293e-01 3.980324e+03 3.545466e+03 
1.429495e-01 3.825642e+03 3.424263e+03 
1.459697e-01 3.667089e+03 3.308749e+03 
1.489899e-01 3.508926e+03 3.198589e+03 
1.520101e-01 3.355248e+03 3.093471e+03 
1.550303e-01 3.209874e+03 2.993106e+03 
1.580505e-01 3.076270e+03 2.897224e+03 
1.610707e-01 2.956835e+03 2.805571e+03 
1.640909e-01 2.853084e+03 2.717913e+03 
1.671111e-01 2.764933e+03 2.634032e+03 
1.701313e-01 2.691316e+03 2.553721e+03 
1.731515e-01 2.629978e+03 2.476789e+03 
1.761717e-01 2.578337e+03 2.403057e+03 
1.791919e-01 2.533611e+03 2.332356e+03 
1.822121e-01 2.493165e+03 2.264529e+03 
1.852323e-01 2.454502e+03 2.199429e+03 
1.882525e-01 2.415418e+03 2.136916e+03 
1.912727e-01 2.373961e+03 2.076861e+03 
1.942929e-01 2.328640e+03 2.019142e+03 
1.973131e-01 2.278541e+03 1.963643e+03 
2.003333e-01 2.223543e+03 1.910256e+03 
2.033535e-01 2.164242e+03 1.858880e+03 
2.063737e-01 2.101838e+03 1.809418e+03 
2.093939e-01 2.037812e+03 1.761780e+03 
2.124141e-01 1.973750e+03 1.715881e+03 
2.154343e-01 1.911082e+03 1.671640e+03 
2.184545e-01 1.851089e+03 1.628981e+03 
2.214747e-01 1.794788e+03 1.587832e+03 
2.244949e-01 1.742951e+03 1.548126e+03 
2.275152e-01 1.696059e+03 1.509798e+03 
2.305354e-01 1.654256e+03 1.472788e+03 
2.335556e-01 1.617399e+03 1.437037e+03 
2.365758e-01 1.585011e+03 1.402492e+03 
2.395960e-01 1.556423e+03 1.369100e+03 
2.426162e-01 1.530779e+03 1.336813e+03 
2.456364e-01 1.507166e+03 1.305585e+03 
2.486566e-01 1.484648e+03 1.275370e+03 
2.516768e-01 1.462369e+03 1.246127e+03 
2.546970e-01 1.439590e+03 1.217817e+03 
2.577172e-01 1.415792e+03 1.190402e+03 
2.607374e-01 1.390637e+03 1.163845e+03 
2.637576e-01 1.364066e+03 1.138112e+03 
2.667778e-01 1.336180e+03 1.113171e+03 
2.697980e-01 1.307284e+03 1.088990e+03 
2.728182e-01 1.277757e+03 1.065541e+03 
2.758384e-01 1.248040e+03 1.042794e+03 
2.788586e-01 1.218588e+03 1.020724e+03 
2.818788e-01 1.189855e+03 9.993036e+02 
2.848990e-01 1.162241e+03 9.785095e+02 
2.879192e-01 1.136093e+03 9.583180e+02 
2.909394e-01 1.111623e+03 9.387069e+02 
2.939596e-01 1.088958e+03 9.196549e+02 
2.969798e-01 1.068094e+03 9.011417e+02 
3.000000e-01 1.048935e+03 8.831477e+02 
