1.000000e-03 2.953180e+03 2.953149e+03 
4.020202e-03 9.677227e+03 9.752374e+03 
7.040404e-03 1.403705e+04 1.411645e+04 
1.006061e-02 1.672737e+04 1.675846e+04 
1.308081e-02 1.822723e+04 1.818721e+04 
1.610101e-02 1.887104e+04 1.874058e+04 
1.912121e-02 1.890586e+04 1.868361e+04 
2.214141e-02 1.852328e+04 1.824827e+04 
2.516162e-02 1.787328e+04 1.761459e+04 
2.818182e-02 1.707461e+04 1.689618e+04 
3.120202e-02 1.621590e+04 1.615366e+04 
3.422222e-02 1.536069e+04 1.541650e+04 
3.724242e-02 1.455006e+04 1.469869e+04 
4.026263e-02 1.380837e+04 1.400699e+04 
4.328283e-02 1.313914e+04 1.334465e+04 
4.630303e-02 1.254074e+04 1.271313e+04 
4.932323e-02 1.201782e+04 1.211282e+04 
5.234343e-02 1.154746e+04 1.154345e+04 
5.536364e-02 1.110574e+04 1.100432e+04 
5.838384e-02 1.068749e+04 1.049443e+04 
6.140404e-02 1.028284e+04 1.001260e+04 
6.442424e-02 9.880859e+03 9.557527e+03 
6.744444e-02 9.476909e+03 9.127872e+03 
7.046465e-02 9.069871e+03 8.722262e+03 
7.348485e-02 8.661736e+03 8.339343e+03 
7.650505e-02 8.258512e+03 7.977791e+03 
7.952525e-02 7.867470e+03 7.636327e+03 
8.254545e-02 7.495798e+03 7.313730e+03 
8.556566e-02 7.148370e+03 7.008837e+03 
8.858586e-02 6.828016e+03 6.720546e+03 
9.160606e-02 6.535711e+03 6.447823e+03 
9.462626e-02 6.271672e+03 6.189691e+03 
9.764646e-02 6.035422e+03 5.945238e+03 
1.006667e-01 5.825507e+03 5.713609e+03 
1.036869e-01 5.638402e+03 5.494005e+03 
1.067071e-01 5.469447e+03 5.285680e+03 
1.097273e-01 5.312986e+03 5.087940e+03 
1.127475e-01 5.163275e+03 4.900134e+03 
1.157677e-01 5.016188e+03 4.721659e+03 
1.187879e-01 4.868632e+03 4.551950e+03 
1.218081e-01 4.719703e+03 4.390483e+03 
1.248283e-01 4.569315e+03 4.236767e+03 
1.278485e-01 4.418241e+03 4.090346e+03 
1.308687e-01 4.267646e+03 3.950794e+03 
1.338889e-01 4.119256e+03 3.817713e+03 
1.369091e-01 3.974888e+03 3.690734e+03 
1.399293e-01 3.836350e+03 3.569510e+03 
1.429495e-01 3.705161e+03 3.453716e+03 
1.459697e-01 3.582312e+03 3.343052e+03 
1.489899e-01 3.468366e+03 3.237235e+03 
1.520101e-01 3.363338e+03 3.136000e+03 
1.550303e-01 3.266960e+03 3.039099e+03 
1.580505e-01 3.178664e+03 2.946302e+03 
1.610707e-01 3.097462e+03 2.857390e+03 
1.640909e-01 3.021957e+03 2.772161e+03 
1.671111e-01 2.950669e+03 2.690423e+03 
1.701313e-01 2.882087e+03 2.611996e+03 
1.731515e-01 2.815018e+03 2.536714e+03 
1.761717e-01 2.748536e+03 2.464417e+03 
1.791919e-01 2.682244e+03 2.394956e+03 
1.822121e-01 2.616056e+03 2.328192e+03 
1.852323e-01 2.550032e+03 2.263993e+03 
1.882525e-01 2.484335e+03 2.202235e+03 
1.912727e-01 2.419319e+03 2.142801e+03 
1.942929e-01 2.355434e+03 2.085580e+03 
1.973131e-01 2.293243e+03 2.030469e+03 
2.003333e-01 2.233312e+03 1.977370e+03 
2.033535e-01 2.176086e+03 1.926189e+03 
2.063737e-01 2.121880e+03 1.876839e+03 
2.093939e-01 2.070689e+03 1.829238e+03 
2.124141e-01 2.022399e+03 1.783307e+03 
2.154343e-01 1.976785e+03 1.738971e+03 
2.184545e-01 1.933592e+03 1.696162e+03 
2.214747e-01 1.892543e+03 1.654811e+03 
2.244949e-01 1.853318e+03 1.614857e+03 
2.275152e-01 1.815531e+03 1.576240e+03 
2.305354e-01 1.778817e+03 1.538902e+03 
2.335556e-01 1.742858e+03 1.502790e+03 
2.365758e-01 1.707463e+03 1.467853e+03 
2.395960e-01 1.672585e+03 1.434043e+03 
2.426162e-01 1.638200e+03 1.401313e+03 
2.456364e-01 1.604305e+03 1.369620e+03 
2.486566e-01 1.570927e+03 1.338922e+03 
2.516768e-01 1.538120e+03 1.309178e+03 
2.546970e-01 1.505963e+03 1.280353e+03 
2.577172e-01 1.474556e+03 1.252408e+03 
2.607374e-01 1.444051e+03 1.225311e+03 
2.637576e-01 1.414610e+03 1.199029e+03 
2.667778e-01 1.386305e+03 1.173530e+03 
2.697980e-01 1.359146e+03 1.148784e+03 
2.728182e-01 1.333065e+03 1.124764e+03 
2.758384e-01 1.307958e+03 1.101443e+03 
2.788586e-01 1.283710e+03 1.078794e+03 
2.818788e-01 1.260216e+03 1.056792e+03 
2.848990e-01 1.237429e+03 1.035415e+03 
2.879192e-01 1.215304e+03 1.014639e+03 
2.909394e-01 1.193769e+03 9.944438e+02 
2.939596e-01 1.172748e+03 9.748077e+02 
2.969798e-01 1.152159e+03 9.557113e+02 
3.000000e-01 1.131938e+03 9.371357e+02 
