1.000000e-03 5.913379e+03 5.913309e+03 
4.020202e-03 1.933995e+04 1.949137e+04 
7.040404e-03 2.784320e+04 2.804737e+04 
1.006061e-02 3.280299e+04 3.305086e+04 
1.308081e-02 3.516497e+04 3.547475e+04 
1.610101e-02 3.560502e+04 3.588372e+04 
1.912121e-02 3.465367e+04 3.472145e+04 
2.214141e-02 3.275248e+04 3.250827e+04 
2.516162e-02 3.027698e+04 2.981102e+04 
2.818182e-02 2.753580e+04 2.708229e+04 
3.120202e-02 2.477213e+04 2.457377e+04 
3.422222e-02 2.216206e+04 2.237062e+04 
3.724242e-02 1.981969e+04 2.046697e+04 
4.026263e-02 1.780818e+04 1.882294e+04 
4.328283e-02 1.613389e+04 1.739343e+04 
4.630303e-02 1.479212e+04 1.613881e+04 
4.932323e-02 1.377079e+04 1.502729e+04 
5.234343e-02 1.300679e+04 1.403415e+04 
5.536364e-02 1.244595e+04 1.314029e+04 
5.838384e-02 1.203761e+04 1.233085e+04 
6.140404e-02 1.172294e+04 1.159410e+04 
6.442424e-02 1.145586e+04 1.092063e+04 
6.744444e-02 1.119676e+04 1.030277e+04 
7.046465e-02 1.091134e+04 9.734173e+03 
7.348485e-02 1.057430e+04 9.209486e+03 
7.650505e-02 1.017112e+04 8.724166e+03 
7.952525e-02 9.699257e+03 8.274303e+03 
8.254545e-02 9.168030e+03 7.856504e+03 
8.556566e-02 8.595466e+03 7.467798e+03 
8.858586e-02 8.004111e+03 7.105570e+03 
9.160606e-02 7.417612e+03 6.767506e+03 
9.462626e-02 6.858037e+03 6.451544e+03 
9.764646e-02 6.343681e+03 6.155843e+03 
1.006667e-01 5.888667e+03 5.878753e+03 
1.036869e-01 5.500934e+03 5.618787e+03 
1.067071e-01 5.183937e+03 5.374606e+03 
1.097273e-01 4.935375e+03 5.144998e+03 
1.127475e-01 4.749721e+03 4.928863e+03 
1.157677e-01 4.618294e+03 4.725202e+03 
1.187879e-01 4.530400e+03 4.533107e+03 
1.218081e-01 4.473988e+03 4.351750e+03 
1.248283e-01 4.436371e+03 4.180371e+03 
1.278485e-01 4.405094e+03 4.018279e+03 
1.308687e-01 4.368786e+03 3.864838e+03 
1.338889e-01 4.318278e+03 3.719466e+03 
1.369091e-01 4.246948e+03 3.581626e+03 
1.399293e-01 4.151376e+03 3.450827e+03 
1.429495e-01 4.030498e+03 3.326613e+03 
1.459697e-01 3.886149e+03 3.208567e+03 
1.489899e-01 3.722052e+03 3.096300e+03 
1.520101e-01 3.544006e+03 2.989456e+03 
1.550303e-01 3.359087e+03 2.887703e+03 
1.580505e-01 3.175148e+03 2.790735e+03 
1.610707e-01 2.999608e+03 2.698266e+03 
1.640909e-01 2.838838e+03 2.610032e+03 
1.671111e-01 2.696892e+03 2.525789e+03 
1.701313e-01 2.576026e+03 2.445307e+03 
1.731515e-01 2.476664e+03 2.368373e+03 
1.761717e-01 2.397945e+03 2.294790e+03 
1.791919e-01 2.338168e+03 2.224372e+03 
1.822121e-01 2.294948e+03 2.156947e+03 
1.852323e-01 2.265336e+03 2.092354e+03 
1.882525e-01 2.245659e+03 2.030441e+03 
1.912727e-01 2.231801e+03 1.971068e+03 
1.942929e-01 2.219385e+03 1.914102e+03 
1.973131e-01 2.204469e+03 1.859419e+03 
2.003333e-01 2.183705e+03 1.806904e+03 
2.033535e-01 2.154987e+03 1.756446e+03 
2.063737e-01 2.117170e+03 1.707944e+03 
2.093939e-01 2.070173e+03 1.661302e+03 
2.124141e-01 2.014697e+03 1.616428e+03 
2.154343e-01 1.952036e+03 1.573237e+03 
2.184545e-01 1.884105e+03 1.531649e+03 
2.214747e-01 1.813156e+03 1.491589e+03 
2.244949e-01 1.741740e+03 1.452984e+03 
2.275152e-01 1.672310e+03 1.415769e+03 
2.305354e-01 1.607108e+03 1.379878e+03 
2.335556e-01 1.547772e+03 1.345252e+03 
2.365758e-01 1.495458e+03 1.311835e+03 
2.395960e-01 1.450638e+03 1.279572e+03 
2.426162e-01 1.413366e+03 1.248413e+03 
2.456364e-01 1.383250e+03 1.218309e+03 
2.486566e-01 1.359550e+03 1.189216e+03 
2.516768e-01 1.341241e+03 1.161089e+03 
2.546970e-01 1.326983e+03 1.133888e+03 
2.577172e-01 1.315304e+03 1.107574e+03 
2.607374e-01 1.304667e+03 1.082111e+03 
2.637576e-01 1.293668e+03 1.057462e+03 
2.667778e-01 1.281095e+03 1.033595e+03 
2.697980e-01 1.266114e+03 1.010479e+03 
2.728182e-01 1.248173e+03 9.880823e+02 
2.758384e-01 1.227080e+03 9.663774e+02 
2.788586e-01 1.202873e+03 9.453366e+02 
2.818788e-01 1.175865e+03 9.249341e+02 
2.848990e-01 1.146590e+03 9.051452e+02 
2.879192e-01 1.115768e+03 8.859463e+02 
2.909394e-01 1.084273e+03 8.673149e+02 
2.939596e-01 1.053015e+03 8.492296e+02 
2.969798e-01 1.022853e+03 8.316699e+02 
3.000000e-01 9.945041e+02 8.146165e+02 
