1.000000e-03 3.489778e+03 3.489739e+03 
4.020202e-03 1.148842e+04 1.157753e+04 
7.040404e-03 1.661944e+04 1.671773e+04 
1.006061e-02 1.971021e+04 1.976983e+04 
1.308081e-02 2.133987e+04 2.134138e+04 
1.610101e-02 2.191629e+04 2.182575e+04 
1.912121e-02 2.174517e+04 2.154010e+04 
2.214141e-02 2.106747e+04 2.078485e+04 
2.516162e-02 2.007763e+04 1.980873e+04 
2.818182e-02 1.892881e+04 1.877097e+04 
3.120202e-02 1.773697e+04 1.775106e+04 
3.422222e-02 1.658465e+04 1.678044e+04 
3.724242e-02 1.552424e+04 1.586799e+04 
4.026263e-02 1.458348e+04 1.501376e+04 
4.328283e-02 1.377061e+04 1.421485e+04 
4.630303e-02 1.307719e+04 1.346766e+04 
4.932323e-02 1.248960e+04 1.276863e+04 
5.234343e-02 1.198923e+04 1.211443e+04 
5.536364e-02 1.154645e+04 1.150195e+04 
5.838384e-02 1.113620e+04 1.092832e+04 
6.140404e-02 1.073944e+04 1.039084e+04 
6.442424e-02 1.034134e+04 9.887024e+03 
6.744444e-02 9.932215e+03 9.414518e+03 
7.046465e-02 9.507591e+03 8.971141e+03 
7.348485e-02 9.068755e+03 8.554857e+03 
7.650505e-02 8.621872e+03 8.163768e+03 
7.952525e-02 8.176213e+03 7.796112e+03 
8.254545e-02 7.742538e+03 7.450251e+03 
8.556566e-02 7.330407e+03 7.124669e+03 
8.858586e-02 6.947544e+03 6.817959e+03 
9.160606e-02 6.599451e+03 6.528819e+03 
9.462626e-02 6.289800e+03 6.256046e+03 
9.764646e-02 6.019926e+03 5.998525e+03 
1.006667e-01 5.788642e+03 5.755227e+03 
1.036869e-01 5.592030e+03 5.525200e+03 
1.067071e-01 5.423781e+03 5.307563e+03 
1.097273e-01 5.276451e+03 5.101502e+03 
1.127475e-01 5.142187e+03 4.906262e+03 
1.157677e-01 5.014293e+03 4.721146e+03 
1.187879e-01 4.887010e+03 4.545508e+03 
1.218081e-01 4.756434e+03 4.378750e+03 
1.248283e-01 4.619885e+03 4.220317e+03 
1.278485e-01 4.476436e+03 4.069694e+03 
1.308687e-01 4.326551e+03 3.926404e+03 
1.338889e-01 4.172252e+03 3.790003e+03 
1.369091e-01 4.016406e+03 3.660080e+03 
1.399293e-01 3.862432e+03 3.536250e+03 
1.429495e-01 3.713282e+03 3.418158e+03 
1.459697e-01 3.571532e+03 3.305471e+03 
1.489899e-01 3.439105e+03 3.197881e+03 
1.520101e-01 3.317523e+03 3.095098e+03 
1.550303e-01 3.207698e+03 2.996853e+03 
1.580505e-01 3.110007e+03 2.902896e+03 
1.610707e-01 3.024000e+03 2.812990e+03 
1.640909e-01 2.948355e+03 2.726918e+03 
1.671111e-01 2.880816e+03 2.644473e+03 
1.701313e-01 2.818988e+03 2.565463e+03 
1.731515e-01 2.760473e+03 2.489708e+03 
1.761717e-01 2.703429e+03 2.417039e+03 
1.791919e-01 2.646400e+03 2.347298e+03 
1.822121e-01 2.588509e+03 2.280335e+03 
1.852323e-01 2.529139e+03 2.216011e+03 
1.882525e-01 2.467927e+03 2.154195e+03 
1.912727e-01 2.404831e+03 2.094763e+03 
1.942929e-01 2.340292e+03 2.037599e+03 
1.973131e-01 2.275092e+03 1.982594e+03 
2.003333e-01 2.210337e+03 1.929644e+03 
2.033535e-01 2.147142e+03 1.878652e+03 
2.063737e-01 2.086563e+03 1.829527e+03 
2.093939e-01 2.029257e+03 1.782182e+03 
2.124141e-01 1.975639e+03 1.736534e+03 
2.154343e-01 1.925841e+03 1.692508e+03 
2.184545e-01 1.879841e+03 1.650030e+03 
2.214747e-01 1.837414e+03 1.609031e+03 
2.244949e-01 1.798230e+03 1.569446e+03 
2.275152e-01 1.761833e+03 1.531212e+03 
2.305354e-01 1.727674e+03 1.494271e+03 
2.335556e-01 1.695127e+03 1.458569e+03 
2.365758e-01 1.663625e+03 1.424051e+03 
2.395960e-01 1.632651e+03 1.390667e+03 
2.426162e-01 1.601801e+03 1.358372e+03 
2.456364e-01 1.570762e+03 1.327119e+03 
2.486566e-01 1.539420e+03 1.296865e+03 
2.516768e-01 1.507763e+03 1.267571e+03 
2.546970e-01 1.475912e+03 1.239197e+03 
2.577172e-01 1.444077e+03 1.211706e+03 
2.607374e-01 1.412568e+03 1.185064e+03 
2.637576e-01 1.381669e+03 1.159237e+03 
2.667778e-01 1.351637e+03 1.134193e+03 
2.697980e-01 1.322675e+03 1.109903e+03 
2.728182e-01 1.294945e+03 1.086336e+03 
2.758384e-01 1.268519e+03 1.063467e+03 
2.788586e-01 1.243422e+03 1.041268e+03 
2.818788e-01 1.219621e+03 1.019714e+03 
2.848990e-01 1.197044e+03 9.987822e+02 
2.879192e-01 1.175568e+03 9.784488e+02 
2.909394e-01 1.155033e+03 9.586921e+02 
2.939596e-01 1.135245e+03 9.394914e+02 
2.969798e-01 1.116037e+03 9.208267e+02 
3.000000e-01 1.097259e+03 9.026789e+02 
