1.000000e-03 4.821316e+03 4.821278e+03 
4.020202e-03 1.587473e+04 1.599913e+04 
7.040404e-03 2.308167e+04 2.325402e+04 
1.006061e-02 2.746785e+04 2.767488e+04 
1.308081e-02 2.974857e+04 3.000734e+04 
1.610101e-02 3.044286e+04 3.069244e+04 
1.912121e-02 2.996143e+04 3.006637e+04 
2.214141e-02 2.864989e+04 2.851635e+04 
2.516162e-02 2.680594e+04 2.647922e+04 
2.818182e-02 2.467848e+04 2.432716e+04 
3.120202e-02 2.246850e+04 2.228820e+04 
3.422222e-02 2.032787e+04 2.045698e+04 
3.724242e-02 1.836001e+04 1.884749e+04 
4.026263e-02 1.662927e+04 1.743874e+04 
4.328283e-02 1.515616e+04 1.620037e+04 
4.630303e-02 1.393960e+04 1.510347e+04 
4.932323e-02 1.298107e+04 1.412390e+04 
5.234343e-02 1.224347e+04 1.324243e+04 
5.536364e-02 1.167994e+04 1.244399e+04 
5.838384e-02 1.125147e+04 1.171673e+04 
6.140404e-02 1.091928e+04 1.105121e+04 
6.442424e-02 1.064372e+04 1.043981e+04 
6.744444e-02 1.038762e+04 9.876291e+03 
7.046465e-02 1.012162e+04 9.355435e+03 
7.348485e-02 9.823454e+03 8.872842e+03 
7.650505e-02 9.478770e+03 8.424745e+03 
7.952525e-02 9.082345e+03 8.007881e+03 
8.254545e-02 8.638380e+03 7.619404e+03 
8.556566e-02 8.157513e+03 7.256809e+03 
8.858586e-02 7.654662e+03 6.917876e+03 
9.160606e-02 7.146904e+03 6.600631e+03 
9.462626e-02 6.651288e+03 6.303304e+03 
9.764646e-02 6.184004e+03 6.024309e+03 
1.006667e-01 5.758248e+03 5.762214e+03 
1.036869e-01 5.384108e+03 5.515726e+03 
1.067071e-01 5.066752e+03 5.283671e+03 
1.097273e-01 4.807310e+03 5.064984e+03 
1.127475e-01 4.602957e+03 4.858696e+03 
1.157677e-01 4.447774e+03 4.663921e+03 
1.187879e-01 4.333966e+03 4.479850e+03 
1.218081e-01 4.252607e+03 4.305744e+03 
1.248283e-01 4.194300e+03 4.140922e+03 
1.278485e-01 4.149344e+03 3.984763e+03 
1.308687e-01 4.108367e+03 3.836692e+03 
1.338889e-01 4.062584e+03 3.696183e+03 
1.369091e-01 4.005032e+03 3.562749e+03 
1.399293e-01 3.930405e+03 3.435941e+03 
1.429495e-01 3.836339e+03 3.315344e+03 
1.459697e-01 3.722422e+03 3.200576e+03 
1.489899e-01 3.590744e+03 3.091280e+03 
1.520101e-01 3.444729e+03 2.987127e+03 
1.550303e-01 3.288999e+03 2.887813e+03 
1.580505e-01 3.128923e+03 2.793053e+03 
1.610707e-01 2.970228e+03 2.702583e+03 
1.640909e-01 2.818393e+03 2.616158e+03 
1.671111e-01 2.678255e+03 2.533550e+03 
1.701313e-01 2.553312e+03 2.454545e+03 
1.731515e-01 2.445679e+03 2.378945e+03 
1.761717e-01 2.355953e+03 2.306563e+03 
1.791919e-01 2.283491e+03 2.237227e+03 
1.822121e-01 2.226816e+03 2.170774e+03 
1.852323e-01 2.183840e+03 2.107053e+03 
1.882525e-01 2.152095e+03 2.045920e+03 
1.912727e-01 2.128669e+03 1.987244e+03 
1.942929e-01 2.110456e+03 1.930898e+03 
1.973131e-01 2.094210e+03 1.876765e+03 
2.003333e-01 2.076877e+03 1.824736e+03 
2.033535e-01 2.055682e+03 1.774705e+03 
2.063737e-01 2.028659e+03 1.726577e+03 
2.093939e-01 1.994506e+03 1.680258e+03 
2.124141e-01 1.952944e+03 1.635664e+03 
2.154343e-01 1.904347e+03 1.592711e+03 
2.184545e-01 1.849757e+03 1.551324e+03 
2.214747e-01 1.790665e+03 1.511429e+03 
2.244949e-01 1.728854e+03 1.472959e+03 
2.275152e-01 1.666228e+03 1.435849e+03 
2.305354e-01 1.604674e+03 1.400037e+03 
2.335556e-01 1.545911e+03 1.365466e+03 
2.365758e-01 1.491395e+03 1.332081e+03 
2.395960e-01 1.442242e+03 1.299831e+03 
2.426162e-01 1.399103e+03 1.268666e+03 
2.456364e-01 1.362255e+03 1.238539e+03 
2.486566e-01 1.331534e+03 1.209407e+03 
2.516768e-01 1.306494e+03 1.181228e+03 
2.546970e-01 1.286352e+03 1.153962e+03 
2.577172e-01 1.270127e+03 1.127572e+03 
2.607374e-01 1.256649e+03 1.102021e+03 
2.637576e-01 1.244727e+03 1.077276e+03 
2.667778e-01 1.233192e+03 1.053304e+03 
2.697980e-01 1.221038e+03 1.030075e+03 
2.728182e-01 1.207414e+03 1.007559e+03 
2.758384e-01 1.191734e+03 9.857273e+02 
2.788586e-01 1.173631e+03 9.645548e+02 
2.818788e-01 1.152988e+03 9.440154e+02 
2.848990e-01 1.129920e+03 9.240852e+02 
2.879192e-01 1.104726e+03 9.047409e+02 
2.909394e-01 1.077931e+03 8.859608e+02 
2.939596e-01 1.050169e+03 8.677236e+02 
2.969798e-01 1.022145e+03 8.500095e+02 
3.000000e-01 9.945483e+02 8.327993e+02 
