1.000000e-03 3.623621e+03 3.623586e+03 
4.020202e-03 1.204503e+04 1.213875e+04 
7.040404e-03 1.750573e+04 1.761611e+04 
1.006061e-02 2.081802e+04 2.090434e+04 
1.308081e-02 2.256794e+04 2.261572e+04 
1.610101e-02 2.317543e+04 2.314333e+04 
1.912121e-02 2.296170e+04 2.280788e+04 
2.214141e-02 2.218618e+04 2.193157e+04 
2.516162e-02 2.106161e+04 2.080008e+04 
2.818182e-02 1.975761e+04 1.960620e+04 
3.120202e-02 1.840621e+04 1.844814e+04 
3.422222e-02 1.710193e+04 1.736294e+04 
3.724242e-02 1.590591e+04 1.635813e+04 
4.026263e-02 1.485199e+04 1.542999e+04 
4.328283e-02 1.395063e+04 1.457171e+04 
4.630303e-02 1.319156e+04 1.377639e+04 
4.932323e-02 1.256661e+04 1.303791e+04 
5.234343e-02 1.205399e+04 1.235096e+04 
5.536364e-02 1.161378e+04 1.171100e+04 
5.838384e-02 1.122018e+04 1.111405e+04 
6.140404e-02 1.085016e+04 1.055663e+04 
6.442424e-02 1.048088e+04 1.003560e+04 
6.744444e-02 1.009833e+04 9.548129e+03 
7.046465e-02 9.694235e+03 9.091666e+03 
7.348485e-02 9.265929e+03 8.663873e+03 
7.650505e-02 8.817968e+03 8.262614e+03 
7.952525e-02 8.359484e+03 7.885932e+03 
8.254545e-02 7.902092e+03 7.532031e+03 
8.556566e-02 7.457979e+03 7.199260e+03 
8.858586e-02 7.037906e+03 6.886105e+03 
9.160606e-02 6.650748e+03 6.591171e+03 
9.462626e-02 6.303072e+03 6.313174e+03 
9.764646e-02 5.998576e+03 6.050935e+03 
1.006667e-01 5.738800e+03 5.803365e+03 
1.036869e-01 5.521342e+03 5.569462e+03 
1.067071e-01 5.341452e+03 5.348303e+03 
1.097273e-01 5.191457e+03 5.139036e+03 
1.127475e-01 5.063138e+03 4.940872e+03 
1.157677e-01 4.948106e+03 4.753088e+03 
1.187879e-01 4.838982e+03 4.575009e+03 
1.218081e-01 4.729326e+03 4.406017e+03 
1.248283e-01 4.614390e+03 4.245535e+03 
1.278485e-01 4.490689e+03 4.093032e+03 
1.308687e-01 4.356962e+03 3.948015e+03 
1.338889e-01 4.213462e+03 3.810025e+03 
1.369091e-01 4.062602e+03 3.678638e+03 
1.399293e-01 3.907549e+03 3.553460e+03 
1.429495e-01 3.752060e+03 3.434125e+03 
1.459697e-01 3.599697e+03 3.320290e+03 
1.489899e-01 3.453770e+03 3.211638e+03 
1.520101e-01 3.317002e+03 3.107873e+03 
1.550303e-01 3.191697e+03 3.008720e+03 
1.580505e-01 3.079448e+03 2.913922e+03 
1.610707e-01 2.981140e+03 2.823237e+03 
1.640909e-01 2.896339e+03 2.736441e+03 
1.671111e-01 2.823707e+03 2.653325e+03 
1.701313e-01 2.760859e+03 2.573692e+03 
1.731515e-01 2.705223e+03 2.497358e+03 
1.761717e-01 2.654167e+03 2.424150e+03 
1.791919e-01 2.605464e+03 2.353907e+03 
1.822121e-01 2.557191e+03 2.286478e+03 
1.852323e-01 2.507863e+03 2.221720e+03 
1.882525e-01 2.456278e+03 2.159499e+03 
1.912727e-01 2.401656e+03 2.099690e+03 
1.942929e-01 2.343662e+03 2.042174e+03 
1.973131e-01 2.282601e+03 1.986841e+03 
2.003333e-01 2.219289e+03 1.933584e+03 
2.033535e-01 2.155007e+03 1.882306e+03 
2.063737e-01 2.091089e+03 1.832914e+03 
2.093939e-01 2.028848e+03 1.785319e+03 
2.124141e-01 1.969332e+03 1.739438e+03 
2.154343e-01 1.913381e+03 1.695194e+03 
2.184545e-01 1.861458e+03 1.652512e+03 
2.214747e-01 1.813829e+03 1.611322e+03 
2.244949e-01 1.770525e+03 1.571558e+03 
2.275152e-01 1.731371e+03 1.533157e+03 
2.305354e-01 1.695972e+03 1.496060e+03 
2.335556e-01 1.663739e+03 1.460210e+03 
2.365758e-01 1.633952e+03 1.425555e+03 
2.395960e-01 1.605853e+03 1.392043e+03 
2.426162e-01 1.578689e+03 1.359627e+03 
2.456364e-01 1.551807e+03 1.328261e+03 
2.486566e-01 1.524659e+03 1.297902e+03 
2.516768e-01 1.496890e+03 1.268508e+03 
2.546970e-01 1.468301e+03 1.240041e+03 
2.577172e-01 1.438881e+03 1.212463e+03 
2.607374e-01 1.408782e+03 1.185739e+03 
2.637576e-01 1.378285e+03 1.159836e+03 
2.667778e-01 1.347744e+03 1.134721e+03 
2.697980e-01 1.317539e+03 1.110363e+03 
2.728182e-01 1.288018e+03 1.086734e+03 
2.758384e-01 1.259490e+03 1.063805e+03 
2.788586e-01 1.232189e+03 1.041551e+03 
2.818788e-01 1.206297e+03 1.019945e+03 
2.848990e-01 1.181923e+03 9.989646e+02 
2.879192e-01 1.159088e+03 9.785857e+02 
2.909394e-01 1.137723e+03 9.587866e+02 
2.939596e-01 1.117688e+03 9.395460e+02 
2.969798e-01 1.098795e+03 9.208440e+02 
3.000000e-01 1.080817e+03 9.026613e+02 
