1.000000e-03 3.923555e+03 3.923521e+03 
4.020202e-03 1.297125e+04 1.307113e+04 
7.040404e-03 1.884648e+04 1.897050e+04 
1.006061e-02 2.241216e+04 2.252878e+04 
1.308081e-02 2.428083e+04 2.438243e+04 
1.610101e-02 2.489463e+04 2.493051e+04 
1.912121e-02 2.459865e+04 2.450109e+04 
2.214141e-02 2.367598e+04 2.344432e+04 
2.516162e-02 2.236213e+04 2.209183e+04 
2.818182e-02 2.084926e+04 2.067878e+04 
3.120202e-02 1.928736e+04 1.932752e+04 
3.422222e-02 1.778518e+04 1.808240e+04 
3.724242e-02 1.641356e+04 1.694898e+04 
4.026263e-02 1.521345e+04 1.591830e+04 
4.328283e-02 1.419352e+04 1.497810e+04 
4.630303e-02 1.334615e+04 1.411681e+04 
4.932323e-02 1.266947e+04 1.332465e+04 
5.234343e-02 1.212646e+04 1.259355e+04 
5.536364e-02 1.167557e+04 1.191692e+04 
5.838384e-02 1.129210e+04 1.128922e+04 
6.140404e-02 1.094388e+04 1.070578e+04 
6.442424e-02 1.060270e+04 1.016258e+04 
6.744444e-02 1.024830e+04 9.656109e+03 
7.046465e-02 9.866471e+03 9.183263e+03 
7.348485e-02 9.451564e+03 8.741278e+03 
7.650505e-02 9.005666e+03 8.327675e+03 
7.952525e-02 8.537300e+03 7.940218e+03 
8.254545e-02 8.059193e+03 7.576882e+03 
8.556566e-02 7.585239e+03 7.235832e+03 
8.858586e-02 7.128737e+03 6.915392e+03 
9.160606e-02 6.701303e+03 6.614038e+03 
9.462626e-02 6.312349e+03 6.330376e+03 
9.764646e-02 5.969318e+03 6.063129e+03 
1.006667e-01 5.675651e+03 5.811130e+03 
1.036869e-01 5.431786e+03 5.573307e+03 
1.067071e-01 5.233581e+03 5.348677e+03 
1.097273e-01 5.074589e+03 5.136334e+03 
1.127475e-01 4.946085e+03 4.935447e+03 
1.157677e-01 4.838941e+03 4.745250e+03 
1.187879e-01 4.743996e+03 4.565038e+03 
1.218081e-01 4.653257e+03 4.394159e+03 
1.248283e-01 4.559710e+03 4.232011e+03 
1.278485e-01 4.458070e+03 4.078039e+03 
1.308687e-01 4.344605e+03 3.931728e+03 
1.338889e-01 4.217829e+03 3.792603e+03 
1.369091e-01 4.078295e+03 3.660223e+03 
1.399293e-01 3.928476e+03 3.534178e+03 
1.429495e-01 3.772034e+03 3.414089e+03 
1.459697e-01 3.613259e+03 3.299603e+03 
1.489899e-01 3.456547e+03 3.190392e+03 
1.520101e-01 3.306086e+03 3.086151e+03 
1.550303e-01 3.165505e+03 2.986596e+03 
1.580505e-01 3.037727e+03 2.891462e+03 
1.610707e-01 2.924813e+03 2.800502e+03 
1.640909e-01 2.827462e+03 2.713486e+03 
1.671111e-01 2.745303e+03 2.630197e+03 
1.701313e-01 2.676700e+03 2.550435e+03 
1.731515e-01 2.619403e+03 2.474012e+03 
1.761717e-01 2.570636e+03 2.400751e+03 
1.791919e-01 2.527609e+03 2.330487e+03 
1.822121e-01 2.487657e+03 2.263064e+03 
1.852323e-01 2.448379e+03 2.198339e+03 
1.882525e-01 2.407633e+03 2.136174e+03 
1.912727e-01 2.363719e+03 2.076441e+03 
1.942929e-01 2.315386e+03 2.019020e+03 
1.973131e-01 2.262265e+03 1.963797e+03 
2.003333e-01 2.204570e+03 1.910667e+03 
2.033535e-01 2.143218e+03 1.859528e+03 
2.063737e-01 2.079517e+03 1.810286e+03 
2.093939e-01 2.015053e+03 1.762851e+03 
2.124141e-01 1.951324e+03 1.717141e+03 
2.154343e-01 1.889725e+03 1.673074e+03 
2.184545e-01 1.831431e+03 1.630576e+03 
2.214747e-01 1.777389e+03 1.589577e+03 
2.244949e-01 1.728185e+03 1.550009e+03 
2.275152e-01 1.684090e+03 1.511808e+03 
2.305354e-01 1.645052e+03 1.474915e+03 
2.335556e-01 1.610679e+03 1.439272e+03 
2.365758e-01 1.580360e+03 1.404826e+03 
2.395960e-01 1.553307e+03 1.371526e+03 
2.426162e-01 1.528656e+03 1.339323e+03 
2.456364e-01 1.505485e+03 1.308172e+03 
2.486566e-01 1.482897e+03 1.278027e+03 
2.516768e-01 1.460058e+03 1.248849e+03 
2.546970e-01 1.436339e+03 1.220598e+03 
2.577172e-01 1.411301e+03 1.193236e+03 
2.607374e-01 1.384819e+03 1.166727e+03 
2.637576e-01 1.356955e+03 1.141038e+03 
2.667778e-01 1.328003e+03 1.116136e+03 
2.697980e-01 1.298335e+03 1.091991e+03 
2.728182e-01 1.268383e+03 1.068573e+03 
2.758384e-01 1.238584e+03 1.045855e+03 
2.788586e-01 1.209376e+03 1.023809e+03 
2.818788e-01 1.181169e+03 1.002411e+03 
2.848990e-01 1.154337e+03 9.816354e+02 
2.879192e-01 1.129159e+03 9.614600e+02 
2.909394e-01 1.105814e+03 9.418624e+02 
2.939596e-01 1.084332e+03 9.228216e+02 
2.969798e-01 1.064616e+03 9.043173e+02 
3.000000e-01 1.046456e+03 8.863302e+02 
