1.000000e-03 2.355299e+03 2.355275e+03 
4.020202e-03 8.018381e+03 8.080793e+03 
7.040404e-03 1.184016e+04 1.190685e+04 
1.006061e-02 1.429155e+04 1.431408e+04 
1.308081e-02 1.574061e+04 1.569646e+04 
1.610101e-02 1.645510e+04 1.632933e+04 
1.912121e-02 1.663729e+04 1.643236e+04 
2.214141e-02 1.644620e+04 1.619641e+04 
2.516162e-02 1.600742e+04 1.576898e+04 
2.818182e-02 1.542127e+04 1.524486e+04 
3.120202e-02 1.476334e+04 1.467735e+04 
3.422222e-02 1.408869e+04 1.409502e+04 
3.724242e-02 1.343419e+04 1.351351e+04 
4.026263e-02 1.282193e+04 1.294192e+04 
4.328283e-02 1.226071e+04 1.238574e+04 
4.630303e-02 1.174800e+04 1.184837e+04 
4.932323e-02 1.128570e+04 1.133183e+04 
5.234343e-02 1.086549e+04 1.083724e+04 
5.536364e-02 1.046548e+04 1.036501e+04 
5.838384e-02 1.007995e+04 9.915134e+03 
6.140404e-02 9.707315e+03 9.487243e+03 
6.442424e-02 9.339150e+03 9.080751e+03 
6.744444e-02 8.970681e+03 8.694919e+03 
7.046465e-02 8.601239e+03 8.328906e+03 
7.348485e-02 8.233065e+03 7.981820e+03 
7.650505e-02 7.870856e+03 7.652741e+03 
7.952525e-02 7.521300e+03 7.340745e+03 
8.254545e-02 7.190150e+03 7.044923e+03 
8.556566e-02 6.881415e+03 6.764386e+03 
8.858586e-02 6.596416e+03 6.498279e+03 
9.160606e-02 6.335135e+03 6.245780e+03 
9.462626e-02 6.096825e+03 6.006108e+03 
9.764646e-02 5.880591e+03 5.778520e+03 
1.006667e-01 5.685003e+03 5.562313e+03 
1.036869e-01 5.507811e+03 5.356825e+03 
1.067071e-01 5.345123e+03 5.161433e+03 
1.097273e-01 5.192479e+03 4.975548e+03 
1.127475e-01 5.045561e+03 4.798621e+03 
1.157677e-01 4.900488e+03 4.630135e+03 
1.187879e-01 4.755536e+03 4.469604e+03 
1.218081e-01 4.609945e+03 4.316576e+03 
1.248283e-01 4.464252e+03 4.170624e+03 
1.278485e-01 4.319477e+03 4.031350e+03 
1.308687e-01 4.176944e+03 3.898380e+03 
1.338889e-01 4.038059e+03 3.771366e+03 
1.369091e-01 3.904134e+03 3.649979e+03 
1.399293e-01 3.776369e+03 3.533912e+03 
1.429495e-01 3.655567e+03 3.422877e+03 
1.459697e-01 3.542315e+03 3.316604e+03 
1.489899e-01 3.436738e+03 3.214841e+03 
1.520101e-01 3.338753e+03 3.117350e+03 
1.550303e-01 3.247934e+03 3.023908e+03 
1.580505e-01 3.163679e+03 2.934305e+03 
1.610707e-01 3.085025e+03 2.848345e+03 
1.640909e-01 3.010876e+03 2.765843e+03 
1.671111e-01 2.939958e+03 2.686625e+03 
1.701313e-01 2.871064e+03 2.610527e+03 
1.731515e-01 2.803412e+03 2.537396e+03 
1.761717e-01 2.736449e+03 2.467087e+03 
1.791919e-01 2.670098e+03 2.399462e+03 
1.822121e-01 2.604417e+03 2.334393e+03 
1.852323e-01 2.539538e+03 2.271759e+03 
1.882525e-01 2.475633e+03 2.211445e+03 
1.912727e-01 2.412942e+03 2.153343e+03 
1.942929e-01 2.351761e+03 2.097351e+03 
1.973131e-01 2.292532e+03 2.043371e+03 
2.003333e-01 2.235677e+03 1.991314e+03 
2.033535e-01 2.181464e+03 1.941092e+03 
2.063737e-01 2.130046e+03 1.892623e+03 
2.093939e-01 2.081305e+03 1.845831e+03 
2.124141e-01 2.035034e+03 1.800641e+03 
2.154343e-01 1.990917e+03 1.756986e+03 
2.184545e-01 1.948655e+03 1.714798e+03 
2.214747e-01 1.908055e+03 1.674015e+03 
2.244949e-01 1.868922e+03 1.634578e+03 
2.275152e-01 1.831015e+03 1.596431e+03 
2.305354e-01 1.794090e+03 1.559520e+03 
2.335556e-01 1.757926e+03 1.523794e+03 
2.365758e-01 1.722361e+03 1.489205e+03 
2.395960e-01 1.687373e+03 1.455707e+03 
2.426162e-01 1.652985e+03 1.423257e+03 
2.456364e-01 1.619271e+03 1.391813e+03 
2.486566e-01 1.586304e+03 1.361335e+03 
2.516768e-01 1.554124e+03 1.331785e+03 
2.546970e-01 1.522769e+03 1.303128e+03 
2.577172e-01 1.492277e+03 1.275330e+03 
2.607374e-01 1.462692e+03 1.248356e+03 
2.637576e-01 1.434072e+03 1.222178e+03 
2.667778e-01 1.406457e+03 1.196763e+03 
2.697980e-01 1.379851e+03 1.172085e+03 
2.728182e-01 1.354217e+03 1.148116e+03 
2.758384e-01 1.329447e+03 1.124830e+03 
2.788586e-01 1.305432e+03 1.102203e+03 
2.818788e-01 1.282073e+03 1.080210e+03 
2.848990e-01 1.259294e+03 1.058829e+03 
2.879192e-01 1.237058e+03 1.038038e+03 
2.909394e-01 1.215339e+03 1.017816e+03 
2.939596e-01 1.194117e+03 9.981442e+02 
2.969798e-01 1.173368e+03 9.790027e+02 
3.000000e-01 1.153052e+03 9.603735e+02 
