1.000000e-03 2.276903e+03 2.276880e+03 
4.020202e-03 7.730499e+03 7.790411e+03 
7.040404e-03 1.143804e+04 1.150276e+04 
1.006061e-02 1.384562e+04 1.386691e+04 
1.308081e-02 1.529818e+04 1.525343e+04 
1.610101e-02 1.604764e+04 1.592286e+04 
1.912121e-02 1.628422e+04 1.608223e+04 
2.214141e-02 1.615740e+04 1.591013e+04 
2.516162e-02 1.578626e+04 1.554482e+04 
2.818182e-02 1.526451e+04 1.507637e+04 
3.120202e-02 1.466462e+04 1.455677e+04 
3.422222e-02 1.403943e+04 1.401494e+04 
3.724242e-02 1.342489e+04 1.346749e+04 
4.026263e-02 1.284294e+04 1.292448e+04 
4.328283e-02 1.230409e+04 1.239228e+04 
4.630303e-02 1.180713e+04 1.187504e+04 
4.932323e-02 1.135268e+04 1.137540e+04 
5.234343e-02 1.093717e+04 1.089495e+04 
5.536364e-02 1.054168e+04 1.043454e+04 
5.838384e-02 1.015755e+04 9.994500e+03 
6.140404e-02 9.785649e+03 9.574754e+03 
6.442424e-02 9.420977e+03 9.174959e+03 
6.744444e-02 9.058439e+03 8.794583e+03 
7.046465e-02 8.696036e+03 8.432962e+03 
7.348485e-02 8.335137e+03 8.089355e+03 
7.650505e-02 7.979697e+03 7.762968e+03 
7.952525e-02 7.636029e+03 7.452991e+03 
8.254545e-02 7.309900e+03 7.158608e+03 
8.556566e-02 7.005561e+03 6.879013e+03 
8.858586e-02 6.724329e+03 6.613420e+03 
9.160606e-02 6.465893e+03 6.361071e+03 
9.462626e-02 6.228869e+03 6.121235e+03 
9.764646e-02 6.011927e+03 5.893217e+03 
1.006667e-01 5.813745e+03 5.676353e+03 
1.036869e-01 5.632516e+03 5.470015e+03 
1.067071e-01 5.465430e+03 5.273610e+03 
1.097273e-01 5.308523e+03 5.086576e+03 
1.127475e-01 5.157985e+03 4.908385e+03 
1.157677e-01 5.010356e+03 4.738541e+03 
1.187879e-01 4.863301e+03 4.576576e+03 
1.218081e-01 4.716090e+03 4.422050e+03 
1.248283e-01 4.568861e+03 4.274551e+03 
1.278485e-01 4.422888e+03 4.133692e+03 
1.308687e-01 4.279563e+03 3.999109e+03 
1.338889e-01 4.140312e+03 3.870461e+03 
1.369091e-01 4.006371e+03 3.747428e+03 
1.399293e-01 3.878642e+03 3.629708e+03 
1.429495e-01 3.757777e+03 3.517019e+03 
1.459697e-01 3.644026e+03 3.409096e+03 
1.489899e-01 3.537463e+03 3.305691e+03 
1.520101e-01 3.437902e+03 3.206569e+03 
1.550303e-01 3.345050e+03 3.111509e+03 
1.580505e-01 3.258465e+03 3.020306e+03 
1.610707e-01 3.177469e+03 2.932764e+03 
1.640909e-01 3.100947e+03 2.848701e+03 
1.671111e-01 3.027740e+03 2.767943e+03 
1.701313e-01 2.956723e+03 2.690330e+03 
1.731515e-01 2.886986e+03 2.615707e+03 
1.761717e-01 2.818109e+03 2.543930e+03 
1.791919e-01 2.749909e+03 2.474863e+03 
1.822121e-01 2.682623e+03 2.408379e+03 
1.852323e-01 2.616498e+03 2.344356e+03 
1.882525e-01 2.551659e+03 2.282678e+03 
1.912727e-01 2.488233e+03 2.223240e+03 
1.942929e-01 2.426407e+03 2.165937e+03 
1.973131e-01 2.366421e+03 2.110674e+03 
2.003333e-01 2.308632e+03 2.057359e+03 
2.033535e-01 2.253364e+03 2.005905e+03 
2.063737e-01 2.200785e+03 1.956230e+03 
2.093939e-01 2.150937e+03 1.908258e+03 
2.124141e-01 2.103552e+03 1.861914e+03 
2.154343e-01 2.058302e+03 1.817128e+03 
2.184545e-01 2.014869e+03 1.773834e+03 
2.214747e-01 1.972968e+03 1.731969e+03 
2.244949e-01 1.932439e+03 1.691474e+03 
2.275152e-01 1.893138e+03 1.652291e+03 
2.305354e-01 1.854894e+03 1.614368e+03 
2.335556e-01 1.817540e+03 1.577652e+03 
2.365758e-01 1.780959e+03 1.542095e+03 
2.395960e-01 1.745059e+03 1.507651e+03 
2.426162e-01 1.709811e+03 1.474275e+03 
2.456364e-01 1.675223e+03 1.441925e+03 
2.486566e-01 1.641377e+03 1.410562e+03 
2.516768e-01 1.608370e+03 1.380147e+03 
2.546970e-01 1.576246e+03 1.350643e+03 
2.577172e-01 1.545038e+03 1.322017e+03 
2.607374e-01 1.514777e+03 1.294234e+03 
2.637576e-01 1.485491e+03 1.267263e+03 
2.667778e-01 1.457171e+03 1.241075e+03 
2.697980e-01 1.429794e+03 1.215640e+03 
2.728182e-01 1.403323e+03 1.190930e+03 
2.758384e-01 1.377710e+03 1.166919e+03 
2.788586e-01 1.352879e+03 1.143583e+03 
2.818788e-01 1.328745e+03 1.120897e+03 
2.848990e-01 1.305240e+03 1.098838e+03 
2.879192e-01 1.282308e+03 1.077383e+03 
2.909394e-01 1.259898e+03 1.056512e+03 
2.939596e-01 1.237969e+03 1.036205e+03 
2.969798e-01 1.216505e+03 1.016442e+03 
3.000000e-01 1.195497e+03 9.972046e+02 
