1.000000e-03 3.894731e+03 3.894687e+03 
4.020202e-03 1.323489e+04 1.333743e+04 
7.040404e-03 1.948571e+04 1.962078e+04 
1.006061e-02 2.338586e+04 2.352795e+04 
1.308081e-02 2.550963e+04 2.565992e+04 
1.610101e-02 2.628753e+04 2.639283e+04 
1.912121e-02 2.606478e+04 2.602961e+04 
2.214141e-02 2.513206e+04 2.491295e+04 
2.516162e-02 2.373790e+04 2.340480e+04 
2.818182e-02 2.209196e+04 2.179322e+04 
3.120202e-02 2.036172e+04 2.024542e+04 
3.422222e-02 1.867389e+04 1.882933e+04 
3.724242e-02 1.711481e+04 1.755698e+04 
4.026263e-02 1.573838e+04 1.641716e+04 
4.328283e-02 1.456336e+04 1.539231e+04 
4.630303e-02 1.358650e+04 1.446544e+04 
4.932323e-02 1.281152e+04 1.362218e+04 
5.234343e-02 1.220758e+04 1.285087e+04 
5.536364e-02 1.173063e+04 1.214222e+04 
5.838384e-02 1.135015e+04 1.148870e+04 
6.140404e-02 1.103265e+04 1.088417e+04 
6.442424e-02 1.074492e+04 1.032354e+04 
6.744444e-02 1.045782e+04 9.802468e+03 
7.046465e-02 1.014933e+04 9.317267e+03 
7.348485e-02 9.804886e+03 8.864715e+03 
7.650505e-02 9.417721e+03 8.441988e+03 
7.952525e-02 8.989657e+03 8.046583e+03 
8.254545e-02 8.529495e+03 7.676268e+03 
8.556566e-02 8.050276e+03 7.329043e+03 
8.858586e-02 7.567028e+03 7.003106e+03 
9.160606e-02 7.094750e+03 6.696826e+03 
9.462626e-02 6.647262e+03 6.408726e+03 
9.764646e-02 6.236901e+03 6.137462e+03 
1.006667e-01 5.872609e+03 5.881809e+03 
1.036869e-01 5.560413e+03 5.640648e+03 
1.067071e-01 5.301398e+03 5.412956e+03 
1.097273e-01 5.093541e+03 5.197797e+03 
1.127475e-01 4.930931e+03 4.994311e+03 
1.157677e-01 4.805892e+03 4.801707e+03 
1.187879e-01 4.709306e+03 4.619260e+03 
1.218081e-01 4.631966e+03 4.446300e+03 
1.248283e-01 4.564778e+03 4.282211e+03 
1.278485e-01 4.499363e+03 4.126423e+03 
1.308687e-01 4.428182e+03 3.978411e+03 
1.338889e-01 4.345352e+03 3.837688e+03 
1.369091e-01 4.246957e+03 3.703805e+03 
1.399293e-01 4.131508e+03 3.576343e+03 
1.429495e-01 3.999835e+03 3.454917e+03 
1.459697e-01 3.854522e+03 3.339167e+03 
1.489899e-01 3.699554e+03 3.228760e+03 
1.520101e-01 3.539543e+03 3.123384e+03 
1.550303e-01 3.379446e+03 3.022752e+03 
1.580505e-01 3.224148e+03 2.926594e+03 
1.610707e-01 3.078267e+03 2.834660e+03 
1.640909e-01 2.945462e+03 2.746715e+03 
1.671111e-01 2.828409e+03 2.662542e+03 
1.701313e-01 2.728192e+03 2.581935e+03 
1.731515e-01 2.644818e+03 2.504704e+03 
1.761717e-01 2.576900e+03 2.430670e+03 
1.791919e-01 2.522407e+03 2.359666e+03 
1.822121e-01 2.478709e+03 2.291535e+03 
1.852323e-01 2.443025e+03 2.226129e+03 
1.882525e-01 2.412484e+03 2.163312e+03 
1.912727e-01 2.384185e+03 2.102952e+03 
1.942929e-01 2.355316e+03 2.044928e+03 
1.973131e-01 2.323491e+03 1.989126e+03 
2.003333e-01 2.286793e+03 1.935437e+03 
2.033535e-01 2.244068e+03 1.883760e+03 
2.063737e-01 2.194980e+03 1.834000e+03 
2.093939e-01 2.140022e+03 1.786066e+03 
2.124141e-01 2.080293e+03 1.739873e+03 
2.154343e-01 2.017254e+03 1.695340e+03 
2.184545e-01 1.952576e+03 1.652392e+03 
2.214747e-01 1.887979e+03 1.610958e+03 
2.244949e-01 1.825153e+03 1.570968e+03 
2.275152e-01 1.765566e+03 1.532360e+03 
2.305354e-01 1.710392e+03 1.495072e+03 
2.335556e-01 1.660448e+03 1.459048e+03 
2.365758e-01 1.616243e+03 1.424232e+03 
2.395960e-01 1.577799e+03 1.390573e+03 
2.426162e-01 1.544858e+03 1.358022e+03 
2.456364e-01 1.516848e+03 1.326532e+03 
2.486566e-01 1.492989e+03 1.296060e+03 
2.516768e-01 1.472285e+03 1.266563e+03 
2.546970e-01 1.453652e+03 1.238002e+03 
2.577172e-01 1.435968e+03 1.210339e+03 
2.607374e-01 1.418223e+03 1.183538e+03 
2.637576e-01 1.399541e+03 1.157565e+03 
2.667778e-01 1.379313e+03 1.132386e+03 
2.697980e-01 1.357164e+03 1.107972e+03 
2.728182e-01 1.333010e+03 1.084292e+03 
2.758384e-01 1.306957e+03 1.061318e+03 
2.788586e-01 1.279266e+03 1.039024e+03 
2.818788e-01 1.250360e+03 1.017383e+03 
2.848990e-01 1.220745e+03 9.963714e+02 
2.879192e-01 1.190989e+03 9.759656e+02 
2.909394e-01 1.161678e+03 9.561434e+02 
2.939596e-01 1.133402e+03 9.368834e+02 
2.969798e-01 1.106635e+03 9.181652e+02 
3.000000e-01 1.081727e+03 8.999694e+02 
