1.000000e-03 2.563469e+03 2.563442e+03 
4.020202e-03 8.432423e+03 8.498188e+03 
7.040404e-03 1.228347e+04 1.235121e+04 
1.006061e-02 1.470578e+04 1.472206e+04 
1.308081e-02 1.610993e+04 1.605040e+04 
1.610101e-02 1.678258e+04 1.663464e+04 
1.912121e-02 1.693348e+04 1.670443e+04 
2.214141e-02 1.672294e+04 1.644955e+04 
2.516162e-02 1.627502e+04 1.601087e+04 
2.818182e-02 1.568666e+04 1.547730e+04 
3.120202e-02 1.503002e+04 1.489930e+04 
3.422222e-02 1.435651e+04 1.430485e+04 
3.724242e-02 1.370113e+04 1.371002e+04 
4.026263e-02 1.308307e+04 1.312449e+04 
4.328283e-02 1.250242e+04 1.255433e+04 
4.630303e-02 1.197505e+04 1.200332e+04 
4.932323e-02 1.149994e+04 1.147373e+04 
5.234343e-02 1.105408e+04 1.096681e+04 
5.536364e-02 1.062761e+04 1.048307e+04 
5.838384e-02 1.021643e+04 1.002249e+04 
6.140404e-02 9.818733e+03 9.584697e+03 
6.442424e-02 9.430228e+03 9.169080e+03 
6.744444e-02 9.045968e+03 8.774852e+03 
7.046465e-02 8.665512e+03 8.401128e+03 
7.348485e-02 8.291131e+03 8.046965e+03 
7.650505e-02 7.927453e+03 7.711393e+03 
7.952525e-02 7.579961e+03 7.393443e+03 
8.254545e-02 7.253614e+03 7.092160e+03 
8.556566e-02 6.950565e+03 6.806615e+03 
8.858586e-02 6.671075e+03 6.535913e+03 
9.160606e-02 6.413856e+03 6.279198e+03 
9.462626e-02 6.177559e+03 6.035655e+03 
9.764646e-02 5.960823e+03 5.804513e+03 
1.006667e-01 5.762194e+03 5.585042e+03 
1.036869e-01 5.579342e+03 5.376554e+03 
1.067071e-01 5.409014e+03 5.178403e+03 
1.097273e-01 5.247290e+03 4.989982e+03 
1.127475e-01 5.090254e+03 4.810721e+03 
1.157677e-01 4.935548e+03 4.640088e+03 
1.187879e-01 4.781640e+03 4.477581e+03 
1.218081e-01 4.628694e+03 4.322733e+03 
1.248283e-01 4.477639e+03 4.175106e+03 
1.278485e-01 4.329648e+03 4.034289e+03 
1.308687e-01 4.185995e+03 3.899899e+03 
1.338889e-01 4.047726e+03 3.771575e+03 
1.369091e-01 3.915738e+03 3.648982e+03 
1.399293e-01 3.790625e+03 3.531804e+03 
1.429495e-01 3.672771e+03 3.419747e+03 
1.459697e-01 3.562199e+03 3.312533e+03 
1.489899e-01 3.458681e+03 3.209903e+03 
1.520101e-01 3.361847e+03 3.111614e+03 
1.550303e-01 3.271211e+03 3.017438e+03 
1.580505e-01 3.186072e+03 2.927160e+03 
1.610707e-01 3.105544e+03 2.840580e+03 
1.640909e-01 3.028629e+03 2.757509e+03 
1.671111e-01 2.954235e+03 2.677768e+03 
1.701313e-01 2.881573e+03 2.601192e+03 
1.731515e-01 2.810176e+03 2.527622e+03 
1.761717e-01 2.739862e+03 2.456911e+03 
1.791919e-01 2.670759e+03 2.388920e+03 
1.822121e-01 2.603032e+03 2.323517e+03 
1.852323e-01 2.536867e+03 2.260579e+03 
1.882525e-01 2.472410e+03 2.199989e+03 
1.912727e-01 2.409753e+03 2.141636e+03 
1.942929e-01 2.349073e+03 2.085417e+03 
1.973131e-01 2.290691e+03 2.031233e+03 
2.003333e-01 2.234861e+03 1.978992e+03 
2.033535e-01 2.181690e+03 1.928606e+03 
2.063737e-01 2.131147e+03 1.879991e+03 
2.093939e-01 2.082946e+03 1.833069e+03 
2.124141e-01 2.036787e+03 1.787766e+03 
2.154343e-01 1.992400e+03 1.744011e+03 
2.184545e-01 1.949554e+03 1.701737e+03 
2.214747e-01 1.908109e+03 1.660880e+03 
2.244949e-01 1.867931e+03 1.621382e+03 
2.275152e-01 1.828862e+03 1.583183e+03 
2.305354e-01 1.790752e+03 1.546231e+03 
2.335556e-01 1.753478e+03 1.510474e+03 
2.365758e-01 1.716957e+03 1.475863e+03 
2.395960e-01 1.681210e+03 1.442351e+03 
2.426162e-01 1.646290e+03 1.409894e+03 
2.456364e-01 1.612260e+03 1.378449e+03 
2.486566e-01 1.579179e+03 1.347978e+03 
2.516768e-01 1.547051e+03 1.318441e+03 
2.546970e-01 1.515869e+03 1.289802e+03 
2.577172e-01 1.485622e+03 1.262027e+03 
2.607374e-01 1.456305e+03 1.235082e+03 
2.637576e-01 1.427929e+03 1.208937e+03 
2.667778e-01 1.400506e+03 1.183560e+03 
2.697980e-01 1.373994e+03 1.158923e+03 
2.728182e-01 1.348328e+03 1.134998e+03 
2.758384e-01 1.323420e+03 1.111760e+03 
2.788586e-01 1.299172e+03 1.089184e+03 
2.818788e-01 1.275522e+03 1.067244e+03 
2.848990e-01 1.252424e+03 1.045920e+03 
2.879192e-01 1.229858e+03 1.025187e+03 
2.909394e-01 1.207823e+03 1.005027e+03 
2.939596e-01 1.186311e+03 9.854179e+02 
2.969798e-01 1.165309e+03 9.663413e+02 
3.000000e-01 1.144799e+03 9.477785e+02 
