1.000000e-03 3.567623e+03 3.567582e+03 
4.020202e-03 1.192012e+04 1.201168e+04 
7.040404e-03 1.744148e+04 1.755537e+04 
1.006061e-02 2.086667e+04 2.096974e+04 
1.308081e-02 2.273424e+04 2.281809e+04 
1.610101e-02 2.343741e+04 2.345788e+04 
1.912121e-02 2.328560e+04 2.317969e+04 
2.214141e-02 2.253429e+04 2.229382e+04 
2.516162e-02 2.139705e+04 2.110175e+04 
2.818182e-02 2.005093e+04 1.982574e+04 
3.120202e-02 1.863537e+04 1.858769e+04 
3.422222e-02 1.725417e+04 1.743608e+04 
3.724242e-02 1.597719e+04 1.638092e+04 
4.026263e-02 1.484675e+04 1.541675e+04 
4.328283e-02 1.387760e+04 1.453376e+04 
4.630303e-02 1.306335e+04 1.372216e+04 
4.932323e-02 1.240472e+04 1.297347e+04 
5.234343e-02 1.187734e+04 1.228061e+04 
5.536364e-02 1.143991e+04 1.163772e+04 
5.838384e-02 1.106823e+04 1.103992e+04 
6.140404e-02 1.073630e+04 1.048303e+04 
6.442424e-02 1.041753e+04 9.963459e+03 
6.744444e-02 1.009067e+04 9.478060e+03 
7.046465e-02 9.740937e+03 9.024038e+03 
7.348485e-02 9.360604e+03 8.598898e+03 
7.650505e-02 8.949416e+03 8.200389e+03 
7.952525e-02 8.513811e+03 7.826479e+03 
8.254545e-02 8.064486e+03 7.475317e+03 
8.556566e-02 7.614316e+03 7.145218e+03 
8.858586e-02 7.175608e+03 6.834644e+03 
9.160606e-02 6.759538e+03 6.542186e+03 
9.462626e-02 6.375643e+03 6.266554e+03 
9.764646e-02 6.031346e+03 6.006563e+03 
1.006667e-01 5.731541e+03 5.761126e+03 
1.036869e-01 5.478128e+03 5.529242e+03 
1.067071e-01 5.269303e+03 5.309991e+03 
1.097273e-01 5.100394e+03 5.102524e+03 
1.127475e-01 4.964000e+03 4.906061e+03 
1.157677e-01 4.851635e+03 4.719879e+03 
1.187879e-01 4.754719e+03 4.543313e+03 
1.218081e-01 4.665210e+03 4.375746e+03 
1.248283e-01 4.576170e+03 4.216609e+03 
1.278485e-01 4.481946e+03 4.065374e+03 
1.308687e-01 4.378291e+03 3.921553e+03 
1.338889e-01 4.262873e+03 3.784692e+03 
1.369091e-01 4.134895e+03 3.654372e+03 
1.399293e-01 3.995788e+03 3.530202e+03 
1.429495e-01 3.848159e+03 3.411818e+03 
1.459697e-01 3.695830e+03 3.298883e+03 
1.489899e-01 3.542864e+03 3.191083e+03 
1.520101e-01 3.393328e+03 3.088125e+03 
1.550303e-01 3.250936e+03 2.989737e+03 
1.580505e-01 3.118971e+03 2.895662e+03 
1.610707e-01 2.999784e+03 2.805664e+03 
1.640909e-01 2.894951e+03 2.719520e+03 
1.671111e-01 2.804717e+03 2.637022e+03 
1.701313e-01 2.728480e+03 2.557977e+03 
1.731515e-01 2.664492e+03 2.482202e+03 
1.761717e-01 2.610541e+03 2.409525e+03 
1.791919e-01 2.564012e+03 2.339789e+03 
1.822121e-01 2.522343e+03 2.272841e+03 
1.852323e-01 2.483070e+03 2.208542e+03 
1.882525e-01 2.443971e+03 2.146759e+03 
1.912727e-01 2.403066e+03 2.087367e+03 
1.942929e-01 2.358891e+03 2.030250e+03 
1.973131e-01 2.310450e+03 1.975297e+03 
2.003333e-01 2.257503e+03 1.922404e+03 
2.033535e-01 2.200380e+03 1.871473e+03 
2.063737e-01 2.140015e+03 1.822413e+03 
2.093939e-01 2.077661e+03 1.775136e+03 
2.124141e-01 2.014764e+03 1.729560e+03 
2.154343e-01 1.952694e+03 1.685607e+03 
2.184545e-01 1.892741e+03 1.643205e+03 
2.214747e-01 1.836000e+03 1.602283e+03 
2.244949e-01 1.783362e+03 1.562776e+03 
2.275152e-01 1.735387e+03 1.524622e+03 
2.305354e-01 1.692313e+03 1.487761e+03 
2.335556e-01 1.654042e+03 1.452140e+03 
2.365758e-01 1.620185e+03 1.417703e+03 
2.395960e-01 1.590156e+03 1.384401e+03 
2.426162e-01 1.563220e+03 1.352188e+03 
2.456364e-01 1.538577e+03 1.321016e+03 
2.486566e-01 1.515388e+03 1.290844e+03 
2.516768e-01 1.492829e+03 1.261631e+03 
2.546970e-01 1.470131e+03 1.233338e+03 
2.577172e-01 1.446675e+03 1.205928e+03 
2.607374e-01 1.422009e+03 1.179366e+03 
2.637576e-01 1.395963e+03 1.153618e+03 
2.667778e-01 1.368568e+03 1.128653e+03 
2.697980e-01 1.340096e+03 1.104440e+03 
2.728182e-01 1.310915e+03 1.080951e+03 
2.758384e-01 1.281439e+03 1.058158e+03 
2.788586e-01 1.252087e+03 1.036035e+03 
2.818788e-01 1.223261e+03 1.014556e+03 
2.848990e-01 1.195331e+03 9.936972e+02 
2.879192e-01 1.168631e+03 9.734366e+02 
2.909394e-01 1.143436e+03 9.537518e+02 
2.939596e-01 1.119957e+03 9.346220e+02 
2.969798e-01 1.098256e+03 9.160272e+02 
3.000000e-01 1.078300e+03 8.979484e+02 
