1.000000e-03 3.638447e+03 3.638411e+03 
4.020202e-03 1.213959e+04 1.223308e+04 
7.040404e-03 1.778344e+04 1.790343e+04 
1.006061e-02 2.130608e+04 2.142236e+04 
1.308081e-02 2.324373e+04 2.335163e+04 
1.610101e-02 2.398892e+04 2.404474e+04 
1.912121e-02 2.385270e+04 2.378535e+04 
2.214141e-02 2.309244e+04 2.288090e+04 
2.516162e-02 2.192577e+04 2.164101e+04 
2.818182e-02 2.053424e+04 2.030324e+04 
3.120202e-02 1.906256e+04 1.900283e+04 
3.422222e-02 1.761932e+04 1.779556e+04 
3.724242e-02 1.627883e+04 1.669372e+04 
4.026263e-02 1.508736e+04 1.569144e+04 
4.328283e-02 1.406256e+04 1.477756e+04 
4.630303e-02 1.319993e+04 1.394081e+04 
4.932323e-02 1.250183e+04 1.317142e+04 
5.234343e-02 1.194585e+04 1.246130e+04 
5.536364e-02 1.149108e+04 1.180383e+04 
5.838384e-02 1.111025e+04 1.119351e+04 
6.140404e-02 1.077782e+04 1.062577e+04 
6.442424e-02 1.046779e+04 1.009666e+04 
6.744444e-02 1.015523e+04 9.602804e+03 
7.046465e-02 9.822493e+03 9.141215e+03 
7.348485e-02 9.459260e+03 8.709252e+03 
7.650505e-02 9.062496e+03 8.304553e+03 
7.952525e-02 8.636610e+03 7.924993e+03 
8.254545e-02 8.191112e+03 7.568650e+03 
8.556566e-02 7.738561e+03 7.233782e+03 
8.858586e-02 7.291752e+03 6.918800e+03 
9.160606e-02 6.862427e+03 6.622256e+03 
9.462626e-02 6.460889e+03 6.342825e+03 
9.764646e-02 6.095864e+03 6.079294e+03 
1.006667e-01 5.773783e+03 5.830550e+03 
1.036869e-01 5.498243e+03 5.595572e+03 
1.067071e-01 5.269171e+03 5.373420e+03 
1.097273e-01 5.083523e+03 5.163230e+03 
1.127475e-01 4.934961e+03 4.964205e+03 
1.157677e-01 4.815608e+03 4.775611e+03 
1.187879e-01 4.716756e+03 4.596770e+03 
1.218081e-01 4.629990e+03 4.427055e+03 
1.248283e-01 4.547832e+03 4.265889e+03 
1.278485e-01 4.463792e+03 4.112734e+03 
1.308687e-01 4.372485e+03 3.967095e+03 
1.338889e-01 4.270339e+03 3.828512e+03 
1.369091e-01 4.155254e+03 3.696557e+03 
1.399293e-01 4.027393e+03 3.570834e+03 
1.429495e-01 3.888245e+03 3.450976e+03 
1.459697e-01 3.740958e+03 3.336639e+03 
1.489899e-01 3.589330e+03 3.227504e+03 
1.520101e-01 3.437704e+03 3.123275e+03 
1.550303e-01 3.290178e+03 3.023675e+03 
1.580505e-01 3.150512e+03 2.928446e+03 
1.610707e-01 3.021823e+03 2.837346e+03 
1.640909e-01 2.906598e+03 2.750150e+03 
1.671111e-01 2.805942e+03 2.666648e+03 
1.701313e-01 2.720066e+03 2.586642e+03 
1.731515e-01 2.647960e+03 2.509947e+03 
1.761717e-01 2.587972e+03 2.436392e+03 
1.791919e-01 2.537814e+03 2.365814e+03 
1.822121e-01 2.495013e+03 2.298060e+03 
1.852323e-01 2.456995e+03 2.232988e+03 
1.882525e-01 2.421262e+03 2.170464e+03 
1.912727e-01 2.385453e+03 2.110362e+03 
1.942929e-01 2.347597e+03 2.052562e+03 
1.973131e-01 2.306110e+03 1.996954e+03 
2.003333e-01 2.260039e+03 1.943432e+03 
2.033535e-01 2.209101e+03 1.891897e+03 
2.063737e-01 2.153741e+03 1.842256e+03 
2.093939e-01 2.094872e+03 1.794420e+03 
2.124141e-01 2.033723e+03 1.748306e+03 
2.154343e-01 1.971688e+03 1.703835e+03 
2.184545e-01 1.910195e+03 1.660934e+03 
2.214747e-01 1.850568e+03 1.619532e+03 
2.244949e-01 1.793998e+03 1.579562e+03 
2.275152e-01 1.741463e+03 1.540962e+03 
2.305354e-01 1.693622e+03 1.503671e+03 
2.335556e-01 1.650794e+03 1.467634e+03 
2.365758e-01 1.612925e+03 1.432797e+03 
2.395960e-01 1.579696e+03 1.399109e+03 
2.426162e-01 1.550503e+03 1.366522e+03 
2.456364e-01 1.524626e+03 1.334990e+03 
2.486566e-01 1.501270e+03 1.304470e+03 
2.516768e-01 1.479599e+03 1.274920e+03 
2.546970e-01 1.458736e+03 1.246301e+03 
2.577172e-01 1.437873e+03 1.218576e+03 
2.607374e-01 1.416288e+03 1.191709e+03 
2.637576e-01 1.393486e+03 1.165667e+03 
2.667778e-01 1.369153e+03 1.140417e+03 
2.697980e-01 1.343305e+03 1.115928e+03 
2.728182e-01 1.316123e+03 1.092171e+03 
2.758384e-01 1.287955e+03 1.069119e+03 
2.788586e-01 1.259209e+03 1.046744e+03 
2.818788e-01 1.230329e+03 1.025022e+03 
2.848990e-01 1.201735e+03 1.003927e+03 
2.879192e-01 1.173829e+03 9.834377e+02 
2.909394e-01 1.146990e+03 9.635309e+02 
2.939596e-01 1.121566e+03 9.441858e+02 
2.969798e-01 1.097811e+03 9.253820e+02 
3.000000e-01 1.075884e+03 9.071002e+02 
