1.000000e-03 2.746583e+03 2.746556e+03 
4.020202e-03 9.248211e+03 9.321131e+03 
7.040404e-03 1.350811e+04 1.358333e+04 
1.006061e-02 1.614487e+04 1.616749e+04 
1.308081e-02 1.762129e+04 1.756718e+04 
1.610101e-02 1.826605e+04 1.811867e+04 
1.912121e-02 1.832127e+04 1.808629e+04 
2.214141e-02 1.797397e+04 1.769521e+04 
2.516162e-02 1.737056e+04 1.711424e+04 
2.818182e-02 1.662417e+04 1.644768e+04 
3.120202e-02 1.581928e+04 1.575152e+04 
3.422222e-02 1.501550e+04 1.505409e+04 
3.724242e-02 1.425117e+04 1.436992e+04 
4.026263e-02 1.354740e+04 1.370680e+04 
4.328283e-02 1.291063e+04 1.306899e+04 
4.630303e-02 1.233644e+04 1.245877e+04 
4.932323e-02 1.182217e+04 1.187719e+04 
5.234343e-02 1.135589e+04 1.132445e+04 
5.536364e-02 1.091658e+04 1.080022e+04 
5.838384e-02 1.049373e+04 1.030379e+04 
6.140404e-02 1.008081e+04 9.834190e+03 
6.442424e-02 9.671686e+03 9.390296e+03 
6.744444e-02 9.263656e+03 8.970892e+03 
7.046465e-02 8.857020e+03 8.574720e+03 
7.348485e-02 8.455109e+03 8.200517e+03 
7.650505e-02 8.063124e+03 7.847034e+03 
7.952525e-02 7.687332e+03 7.513058e+03 
8.254545e-02 7.333190e+03 7.197422e+03 
8.556566e-02 7.004390e+03 6.899012e+03 
8.858586e-02 6.702333e+03 6.616769e+03 
9.160606e-02 6.427451e+03 6.349693e+03 
9.462626e-02 6.179384e+03 6.096843e+03 
9.764646e-02 5.956745e+03 5.857336e+03 
1.006667e-01 5.756906e+03 5.630342e+03 
1.036869e-01 5.576023e+03 5.415087e+03 
1.067071e-01 5.408836e+03 5.210847e+03 
1.097273e-01 5.250088e+03 5.016946e+03 
1.127475e-01 5.095796e+03 4.832752e+03 
1.157677e-01 4.942817e+03 4.657677e+03 
1.187879e-01 4.789933e+03 4.491172e+03 
1.218081e-01 4.636643e+03 4.332725e+03 
1.248283e-01 4.483464e+03 4.181860e+03 
1.278485e-01 4.331339e+03 4.038130e+03 
1.308687e-01 4.181881e+03 3.901121e+03 
1.338889e-01 4.036826e+03 3.770445e+03 
1.369091e-01 3.897899e+03 3.645740e+03 
1.399293e-01 3.766533e+03 3.526668e+03 
1.429495e-01 3.643388e+03 3.412913e+03 
1.459697e-01 3.528772e+03 3.304181e+03 
1.489899e-01 3.422434e+03 3.200195e+03 
1.520101e-01 3.323979e+03 3.100697e+03 
1.550303e-01 3.232871e+03 3.005445e+03 
1.580505e-01 3.148401e+03 2.914213e+03 
1.610707e-01 3.069514e+03 2.826788e+03 
1.640909e-01 2.994978e+03 2.742972e+03 
1.671111e-01 2.923285e+03 2.662578e+03 
1.701313e-01 2.853159e+03 2.585430e+03 
1.731515e-01 2.783839e+03 2.511364e+03 
1.761717e-01 2.714915e+03 2.440225e+03 
1.791919e-01 2.646512e+03 2.371867e+03 
1.822121e-01 2.578850e+03 2.306154e+03 
1.852323e-01 2.512210e+03 2.242957e+03 
1.882525e-01 2.446859e+03 2.182154e+03 
1.912727e-01 2.383022e+03 2.123630e+03 
1.942929e-01 2.321028e+03 2.067279e+03 
1.973131e-01 2.261363e+03 2.012997e+03 
2.003333e-01 2.204398e+03 1.960690e+03 
2.033535e-01 2.150314e+03 1.910266e+03 
2.063737e-01 2.099141e+03 1.861639e+03 
2.093939e-01 2.050719e+03 1.814728e+03 
2.124141e-01 2.004801e+03 1.769458e+03 
2.154343e-01 1.961041e+03 1.725754e+03 
2.184545e-01 1.919104e+03 1.683548e+03 
2.214747e-01 1.878686e+03 1.642776e+03 
2.244949e-01 1.839527e+03 1.603375e+03 
2.275152e-01 1.801422e+03 1.565287e+03 
2.305354e-01 1.764197e+03 1.528456e+03 
2.335556e-01 1.727712e+03 1.492831e+03 
2.365758e-01 1.691884e+03 1.458359e+03 
2.395960e-01 1.656687e+03 1.424995e+03 
2.426162e-01 1.622131e+03 1.392693e+03 
2.456364e-01 1.588260e+03 1.361409e+03 
2.486566e-01 1.555133e+03 1.331104e+03 
2.516768e-01 1.522823e+03 1.301738e+03 
2.546970e-01 1.491427e+03 1.273274e+03 
2.577172e-01 1.461060e+03 1.245676e+03 
2.607374e-01 1.431775e+03 1.218912e+03 
2.637576e-01 1.403573e+03 1.192950e+03 
2.667778e-01 1.376401e+03 1.167758e+03 
2.697980e-01 1.350170e+03 1.143307e+03 
2.728182e-01 1.324800e+03 1.119570e+03 
2.758384e-01 1.300222e+03 1.096520e+03 
2.788586e-01 1.276376e+03 1.074132e+03 
2.818788e-01 1.253205e+03 1.052382e+03 
2.848990e-01 1.230642e+03 1.031246e+03 
2.879192e-01 1.208615e+03 1.010702e+03 
2.909394e-01 1.187067e+03 9.907297e+02 
2.939596e-01 1.165958e+03 9.713079e+02 
2.969798e-01 1.145272e+03 9.524176e+02 
3.000000e-01 1.125009e+03 9.340401e+02 
