1.000000e-03 3.657980e+03 3.657945e+03 
4.020202e-03 1.230432e+04 1.240018e+04 
7.040404e-03 1.795811e+04 1.807458e+04 
1.006061e-02 2.140155e+04 2.150203e+04 
1.308081e-02 2.322070e+04 2.329396e+04 
1.610101e-02 2.384239e+04 2.384233e+04 
1.912121e-02 2.359770e+04 2.346981e+04 
2.214141e-02 2.275770e+04 2.251199e+04 
2.516162e-02 2.154617e+04 2.127778e+04 
2.818182e-02 2.014415e+04 1.998168e+04 
3.120202e-02 1.869330e+04 1.873430e+04 
3.422222e-02 1.729540e+04 1.757641e+04 
3.724242e-02 1.601696e+04 1.651451e+04 
4.026263e-02 1.489563e+04 1.554219e+04 
4.328283e-02 1.394235e+04 1.464983e+04 
4.630303e-02 1.314652e+04 1.382815e+04 
4.932323e-02 1.250259e+04 1.306915e+04 
5.234343e-02 1.198481e+04 1.236615e+04 
5.536364e-02 1.155018e+04 1.171355e+04 
5.838384e-02 1.117146e+04 1.110662e+04 
6.140404e-02 1.082150e+04 1.054128e+04 
6.442424e-02 1.047451e+04 1.001396e+04 
6.744444e-02 1.011379e+04 9.521499e+03 
7.046465e-02 9.728300e+03 9.061091e+03 
7.348485e-02 9.313305e+03 8.630197e+03 
7.650505e-02 8.871573e+03 8.226524e+03 
7.952525e-02 8.411598e+03 7.847990e+03 
8.254545e-02 7.945389e+03 7.492699e+03 
8.556566e-02 7.486665e+03 7.158920e+03 
8.858586e-02 7.048019e+03 6.845070e+03 
9.160606e-02 6.640220e+03 6.549702e+03 
9.462626e-02 6.271693e+03 6.271489e+03 
9.764646e-02 5.947940e+03 6.009211e+03 
1.006667e-01 5.671659e+03 5.761752e+03 
1.036869e-01 5.441727e+03 5.528083e+03 
1.067071e-01 5.253874e+03 5.307259e+03 
1.097273e-01 5.101097e+03 5.098409e+03 
1.127475e-01 4.975120e+03 4.900732e+03 
1.157677e-01 4.867117e+03 4.713489e+03 
1.187879e-01 4.768749e+03 4.535996e+03 
1.218081e-01 4.672343e+03 4.367624e+03 
1.248283e-01 4.571664e+03 4.207790e+03 
1.278485e-01 4.462019e+03 4.055955e+03 
1.308687e-01 4.340754e+03 3.911620e+03 
1.338889e-01 4.207375e+03 3.774323e+03 
1.369091e-01 4.063274e+03 3.643635e+03 
1.399293e-01 3.911464e+03 3.519159e+03 
1.429495e-01 3.755750e+03 3.400524e+03 
1.459697e-01 3.600033e+03 3.287387e+03 
1.489899e-01 3.448150e+03 3.179429e+03 
1.520101e-01 3.303682e+03 3.076352e+03 
1.550303e-01 3.169758e+03 2.977878e+03 
1.580505e-01 3.048885e+03 2.883749e+03 
1.610707e-01 2.942563e+03 2.793724e+03 
1.640909e-01 2.851330e+03 2.707578e+03 
1.671111e-01 2.774129e+03 2.625100e+03 
1.701313e-01 2.709027e+03 2.546092e+03 
1.731515e-01 2.653388e+03 2.470371e+03 
1.761717e-01 2.604475e+03 2.397765e+03 
1.791919e-01 2.559720e+03 2.328111e+03 
1.822121e-01 2.516828e+03 2.261257e+03 
1.852323e-01 2.473822e+03 2.197062e+03 
1.882525e-01 2.428986e+03 2.135391e+03 
1.912727e-01 2.380870e+03 2.076119e+03 
1.942929e-01 2.328686e+03 2.019127e+03 
1.973131e-01 2.272165e+03 1.964306e+03 
2.003333e-01 2.211945e+03 1.911549e+03 
2.033535e-01 2.149092e+03 1.860758e+03 
2.063737e-01 2.085106e+03 1.811841e+03 
2.093939e-01 2.021461e+03 1.764710e+03 
2.124141e-01 1.959530e+03 1.719281e+03 
2.154343e-01 1.900405e+03 1.675477e+03 
2.184545e-01 1.844960e+03 1.633224e+03 
2.214747e-01 1.793779e+03 1.592453e+03 
2.244949e-01 1.747249e+03 1.553097e+03 
2.275152e-01 1.705460e+03 1.515093e+03 
2.305354e-01 1.668254e+03 1.478384e+03 
2.335556e-01 1.635136e+03 1.442911e+03 
2.365758e-01 1.605426e+03 1.408624e+03 
2.395960e-01 1.578293e+03 1.375471e+03 
2.426162e-01 1.552870e+03 1.343404e+03 
2.456364e-01 1.528301e+03 1.312378e+03 
2.486566e-01 1.503870e+03 1.282351e+03 
2.516768e-01 1.478971e+03 1.253280e+03 
2.546970e-01 1.453183e+03 1.225128e+03 
2.577172e-01 1.426259e+03 1.197857e+03 
2.607374e-01 1.398189e+03 1.171433e+03 
2.637576e-01 1.369129e+03 1.145821e+03 
2.667778e-01 1.339381e+03 1.120990e+03 
2.697980e-01 1.309337e+03 1.096909e+03 
2.728182e-01 1.279431e+03 1.073550e+03 
2.758384e-01 1.250082e+03 1.050885e+03 
2.788586e-01 1.221674e+03 1.028888e+03 
2.818788e-01 1.194516e+03 1.007533e+03 
2.848990e-01 1.168841e+03 9.867966e+02 
2.879192e-01 1.144787e+03 9.666560e+02 
2.909394e-01 1.122400e+03 9.470892e+02 
2.939596e-01 1.101640e+03 9.280753e+02 
2.969798e-01 1.082376e+03 9.095945e+02 
3.000000e-01 1.064415e+03 8.916276e+02 
