1.000000e-03 2.551030e+03 2.551008e+03 
4.020202e-03 8.670079e+03 8.736553e+03 
7.040404e-03 1.288225e+04 1.296573e+04 
1.006061e-02 1.564014e+04 1.570564e+04 
1.308081e-02 1.729501e+04 1.733027e+04 
1.610101e-02 1.811045e+04 1.809111e+04 
1.912121e-02 1.829493e+04 1.819100e+04 
2.214141e-02 1.802099e+04 1.783526e+04 
2.516162e-02 1.743353e+04 1.721857e+04 
2.818182e-02 1.665417e+04 1.648735e+04 
3.120202e-02 1.578013e+04 1.572826e+04 
3.422222e-02 1.488628e+04 1.498319e+04 
3.724242e-02 1.402665e+04 1.426891e+04 
4.026263e-02 1.323605e+04 1.359058e+04 
4.328283e-02 1.252514e+04 1.294863e+04 
4.630303e-02 1.190761e+04 1.234184e+04 
4.932323e-02 1.138650e+04 1.176848e+04 
5.234343e-02 1.094334e+04 1.122678e+04 
5.536364e-02 1.055815e+04 1.071502e+04 
5.838384e-02 1.021246e+04 1.023156e+04 
6.140404e-02 9.890696e+03 9.774811e+03 
6.442424e-02 9.582287e+03 9.343284e+03 
6.744444e-02 9.276318e+03 8.935536e+03 
7.046465e-02 8.959970e+03 8.550189e+03 
7.348485e-02 8.627011e+03 8.185928e+03 
7.650505e-02 8.276538e+03 7.841500e+03 
7.952525e-02 7.912313e+03 7.515716e+03 
8.254545e-02 7.542334e+03 7.207449e+03 
8.556566e-02 7.175907e+03 6.915634e+03 
8.858586e-02 6.821830e+03 6.639269e+03 
9.160606e-02 6.486979e+03 6.377409e+03 
9.462626e-02 6.176444e+03 6.129170e+03 
9.764646e-02 5.893590e+03 5.893721e+03 
1.006667e-01 5.640497e+03 5.670285e+03 
1.036869e-01 5.418359e+03 5.458133e+03 
1.067071e-01 5.226543e+03 5.256585e+03 
1.097273e-01 5.063021e+03 5.065006e+03 
1.127475e-01 4.923286e+03 4.882801e+03 
1.157677e-01 4.801889e+03 4.709415e+03 
1.187879e-01 4.692434e+03 4.544330e+03 
1.218081e-01 4.588970e+03 4.387062e+03 
1.248283e-01 4.486315e+03 4.237158e+03 
1.278485e-01 4.380743e+03 4.094197e+03 
1.308687e-01 4.269911e+03 3.957782e+03 
1.338889e-01 4.152939e+03 3.827546e+03 
1.369091e-01 4.029969e+03 3.703142e+03 
1.399293e-01 3.902082e+03 3.584248e+03 
1.429495e-01 3.770901e+03 3.470562e+03 
1.459697e-01 3.638658e+03 3.361800e+03 
1.489899e-01 3.507762e+03 3.257699e+03 
1.520101e-01 3.380543e+03 3.158008e+03 
1.550303e-01 3.259199e+03 3.062496e+03 
1.580505e-01 3.145634e+03 2.970944e+03 
1.610707e-01 3.041359e+03 2.883146e+03 
1.640909e-01 2.947296e+03 2.798911e+03 
1.671111e-01 2.863699e+03 2.718058e+03 
1.701313e-01 2.790080e+03 2.640416e+03 
1.731515e-01 2.725245e+03 2.565825e+03 
1.761717e-01 2.667453e+03 2.494135e+03 
1.791919e-01 2.614854e+03 2.425205e+03 
1.822121e-01 2.565596e+03 2.358900e+03 
1.852323e-01 2.518151e+03 2.295095e+03 
1.882525e-01 2.471191e+03 2.233672e+03 
1.912727e-01 2.423714e+03 2.174518e+03 
1.942929e-01 2.374902e+03 2.117527e+03 
1.973131e-01 2.324233e+03 2.062600e+03 
2.003333e-01 2.271427e+03 2.009643e+03 
2.033535e-01 2.216592e+03 1.958566e+03 
2.063737e-01 2.160204e+03 1.909286e+03 
2.093939e-01 2.103189e+03 1.861721e+03 
2.124141e-01 2.046529e+03 1.815797e+03 
2.154343e-01 1.991221e+03 1.771442e+03 
2.184545e-01 1.938054e+03 1.728589e+03 
2.214747e-01 1.887643e+03 1.687172e+03 
2.244949e-01 1.840330e+03 1.647131e+03 
2.275152e-01 1.796297e+03 1.608408e+03 
2.305354e-01 1.755575e+03 1.570948e+03 
2.335556e-01 1.718101e+03 1.534699e+03 
2.365758e-01 1.683670e+03 1.499610e+03 
2.395960e-01 1.651965e+03 1.465636e+03 
2.426162e-01 1.622487e+03 1.432731e+03 
2.456364e-01 1.594683e+03 1.400852e+03 
2.486566e-01 1.567963e+03 1.369958e+03 
2.516768e-01 1.541803e+03 1.340012e+03 
2.546970e-01 1.515772e+03 1.310975e+03 
2.577172e-01 1.489562e+03 1.282813e+03 
2.607374e-01 1.462970e+03 1.255493e+03 
2.637576e-01 1.435923e+03 1.228982e+03 
2.667778e-01 1.408432e+03 1.203250e+03 
2.697980e-01 1.380616e+03 1.178268e+03 
2.728182e-01 1.352652e+03 1.154008e+03 
2.758384e-01 1.324800e+03 1.130443e+03 
2.788586e-01 1.297334e+03 1.107548e+03 
2.818788e-01 1.270515e+03 1.085299e+03 
2.848990e-01 1.244577e+03 1.063673e+03 
2.879192e-01 1.219691e+03 1.042646e+03 
2.909394e-01 1.195979e+03 1.022199e+03 
2.939596e-01 1.173487e+03 1.002311e+03 
2.969798e-01 1.152214e+03 9.829621e+02 
3.000000e-01 1.132108e+03 9.641338e+02 
