1.000000e-03 2.099669e+03 2.099648e+03 
4.020202e-03 7.039210e+03 7.099524e+03 
7.040404e-03 1.034788e+04 1.041485e+04 
1.006061e-02 1.248731e+04 1.250471e+04 
1.308081e-02 1.379929e+04 1.373845e+04 
1.610101e-02 1.452217e+04 1.437511e+04 
1.912121e-02 1.482525e+04 1.460258e+04 
2.214141e-02 1.483259e+04 1.455935e+04 
2.516162e-02 1.463680e+04 1.434220e+04 
2.818182e-02 1.430660e+04 1.401503e+04 
3.120202e-02 1.389333e+04 1.361941e+04 
3.422222e-02 1.343342e+04 1.318294e+04 
3.724242e-02 1.295322e+04 1.272439e+04 
4.026263e-02 1.246905e+04 1.225672e+04 
4.328283e-02 1.198260e+04 1.178900e+04 
4.630303e-02 1.151441e+04 1.132747e+04 
4.932323e-02 1.107210e+04 1.087645e+04 
5.234343e-02 1.064199e+04 1.043878e+04 
5.536364e-02 1.022235e+04 1.001630e+04 
5.838384e-02 9.816105e+03 9.610079e+03 
6.140404e-02 9.426705e+03 9.220644e+03 
6.442424e-02 9.055564e+03 8.848133e+03 
6.744444e-02 8.700360e+03 8.492407e+03 
7.046465e-02 8.359366e+03 8.153128e+03 
7.348485e-02 8.033027e+03 7.829824e+03 
7.650505e-02 7.722217e+03 7.521935e+03 
7.952525e-02 7.428323e+03 7.228848e+03 
8.254545e-02 7.152599e+03 6.949916e+03 
8.556566e-02 6.894006e+03 6.684483e+03 
8.858586e-02 6.650384e+03 6.431892e+03 
9.160606e-02 6.419643e+03 6.191497e+03 
9.462626e-02 6.199769e+03 5.962670e+03 
9.764646e-02 5.989605e+03 5.744802e+03 
1.006667e-01 5.789286e+03 5.537310e+03 
1.036869e-01 5.598785e+03 5.339637e+03 
1.067071e-01 5.417344e+03 5.151250e+03 
1.097273e-01 5.244024e+03 4.971647e+03 
1.127475e-01 5.077621e+03 4.800349e+03 
1.157677e-01 4.916932e+03 4.636905e+03 
1.187879e-01 4.761690e+03 4.480889e+03 
1.218081e-01 4.612175e+03 4.331898e+03 
1.248283e-01 4.468725e+03 4.189554e+03 
1.278485e-01 4.331721e+03 4.053500e+03 
1.308687e-01 4.201317e+03 3.923400e+03 
1.338889e-01 4.077249e+03 3.798937e+03 
1.369091e-01 3.959156e+03 3.679815e+03 
1.399293e-01 3.846500e+03 3.565754e+03 
1.429495e-01 3.738720e+03 3.456490e+03 
1.459697e-01 3.635381e+03 3.351775e+03 
1.489899e-01 3.536090e+03 3.251376e+03 
1.520101e-01 3.440521e+03 3.155075e+03 
1.550303e-01 3.348552e+03 3.062664e+03 
1.580505e-01 3.260091e+03 2.973948e+03 
1.610707e-01 3.174972e+03 2.888745e+03 
1.640909e-01 3.092915e+03 2.806882e+03 
1.671111e-01 3.013640e+03 2.728195e+03 
1.701313e-01 2.936988e+03 2.652531e+03 
1.731515e-01 2.862887e+03 2.579746e+03 
1.761717e-01 2.791280e+03 2.509703e+03 
1.791919e-01 2.722197e+03 2.442271e+03 
1.822121e-01 2.655700e+03 2.377331e+03 
1.852323e-01 2.591767e+03 2.314765e+03 
1.882525e-01 2.530159e+03 2.254466e+03 
1.912727e-01 2.470603e+03 2.196331e+03 
1.942929e-01 2.412946e+03 2.140261e+03 
1.973131e-01 2.357192e+03 2.086165e+03 
2.003333e-01 2.303347e+03 2.033955e+03 
2.033535e-01 2.251355e+03 1.983549e+03 
2.063737e-01 2.201113e+03 1.934867e+03 
2.093939e-01 2.152514e+03 1.887836e+03 
2.124141e-01 2.105426e+03 1.842385e+03 
2.154343e-01 2.059712e+03 1.798447e+03 
2.184545e-01 2.015279e+03 1.755959e+03 
2.214747e-01 1.972143e+03 1.714859e+03 
2.244949e-01 1.930339e+03 1.675091e+03 
2.275152e-01 1.889851e+03 1.636600e+03 
2.305354e-01 1.850608e+03 1.599335e+03 
2.335556e-01 1.812537e+03 1.563245e+03 
2.365758e-01 1.775576e+03 1.528284e+03 
2.395960e-01 1.739673e+03 1.494407e+03 
2.426162e-01 1.704781e+03 1.461572e+03 
2.456364e-01 1.670883e+03 1.429738e+03 
2.486566e-01 1.637971e+03 1.398866e+03 
2.516768e-01 1.606021e+03 1.368920e+03 
2.546970e-01 1.574976e+03 1.339863e+03 
2.577172e-01 1.544775e+03 1.311664e+03 
2.607374e-01 1.515373e+03 1.284289e+03 
2.637576e-01 1.486745e+03 1.257707e+03 
2.667778e-01 1.458868e+03 1.231891e+03 
2.697980e-01 1.431728e+03 1.206811e+03 
2.728182e-01 1.405319e+03 1.182441e+03 
2.758384e-01 1.379626e+03 1.158756e+03 
2.788586e-01 1.354614e+03 1.135730e+03 
2.818788e-01 1.330240e+03 1.113341e+03 
2.848990e-01 1.306469e+03 1.091567e+03 
2.879192e-01 1.283287e+03 1.070385e+03 
2.909394e-01 1.260681e+03 1.049775e+03 
2.939596e-01 1.238641e+03 1.029718e+03 
2.969798e-01 1.217156e+03 1.010195e+03 
3.000000e-01 1.196218e+03 9.911868e+02 
