1.000000e-03 2.706418e+03 2.706392e+03 
4.020202e-03 9.253336e+03 9.324835e+03 
7.040404e-03 1.368455e+04 1.376853e+04 
1.006061e-02 1.651263e+04 1.656836e+04 
1.308081e-02 1.814581e+04 1.815661e+04 
1.610101e-02 1.888713e+04 1.882660e+04 
1.912121e-02 1.897294e+04 1.881936e+04 
2.214141e-02 1.859598e+04 1.837062e+04 
2.516162e-02 1.791472e+04 1.768652e+04 
2.818182e-02 1.705786e+04 1.690868e+04 
3.120202e-02 1.612688e+04 1.611446e+04 
3.422222e-02 1.519627e+04 1.533901e+04 
3.724242e-02 1.431753e+04 1.459596e+04 
4.026263e-02 1.352100e+04 1.388951e+04 
4.328283e-02 1.281065e+04 1.322014e+04 
4.630303e-02 1.219962e+04 1.258696e+04 
4.932323e-02 1.168625e+04 1.198857e+04 
5.234343e-02 1.124203e+04 1.142342e+04 
5.536364e-02 1.084476e+04 1.088992e+04 
5.838384e-02 1.047861e+04 1.038646e+04 
6.140404e-02 1.013162e+04 9.911421e+03 
6.442424e-02 9.788519e+03 9.463245e+03 
6.744444e-02 9.437188e+03 9.040394e+03 
7.046465e-02 9.071778e+03 8.641383e+03 
7.348485e-02 8.691318e+03 8.264785e+03 
7.650505e-02 8.299437e+03 7.909235e+03 
7.952525e-02 7.903940e+03 7.573436e+03 
8.254545e-02 7.514298e+03 7.256160e+03 
8.556566e-02 7.139346e+03 6.956247e+03 
8.858586e-02 6.786198e+03 6.672608e+03 
9.160606e-02 6.459763e+03 6.404218e+03 
9.462626e-02 6.163553e+03 6.150121e+03 
9.764646e-02 5.899831e+03 5.909419e+03 
1.006667e-01 5.669144e+03 5.681274e+03 
1.036869e-01 5.470610e+03 5.464906e+03 
1.067071e-01 5.300416e+03 5.259586e+03 
1.097273e-01 5.153351e+03 5.064633e+03 
1.127475e-01 5.022486e+03 4.879414e+03 
1.157677e-01 4.901137e+03 4.703339e+03 
1.187879e-01 4.783357e+03 4.535858e+03 
1.218081e-01 4.664699e+03 4.376457e+03 
1.248283e-01 4.542279e+03 4.224659e+03 
1.278485e-01 4.414678e+03 4.080018e+03 
1.308687e-01 4.281589e+03 3.942118e+03 
1.338889e-01 4.143734e+03 3.810571e+03 
1.369091e-01 4.002519e+03 3.685015e+03 
1.399293e-01 3.860346e+03 3.565112e+03 
1.429495e-01 3.719916e+03 3.450545e+03 
1.459697e-01 3.583784e+03 3.341020e+03 
1.489899e-01 3.454275e+03 3.236260e+03 
1.520101e-01 3.333210e+03 3.136006e+03 
1.550303e-01 3.221961e+03 3.040016e+03 
1.580505e-01 3.121263e+03 2.948064e+03 
1.610707e-01 3.031222e+03 2.859936e+03 
1.640909e-01 2.951250e+03 2.775435e+03 
1.671111e-01 2.880142e+03 2.694372e+03 
1.701313e-01 2.816200e+03 2.616572e+03 
1.731515e-01 2.757478e+03 2.541870e+03 
1.761717e-01 2.701965e+03 2.470110e+03 
1.791919e-01 2.648065e+03 2.401148e+03 
1.822121e-01 2.594433e+03 2.334845e+03 
1.852323e-01 2.540123e+03 2.271072e+03 
1.882525e-01 2.484437e+03 2.209708e+03 
1.912727e-01 2.427090e+03 2.150638e+03 
1.942929e-01 2.368063e+03 2.093753e+03 
1.973131e-01 2.307719e+03 2.038952e+03 
2.003333e-01 2.246713e+03 1.986138e+03 
2.033535e-01 2.186022e+03 1.935219e+03 
2.063737e-01 2.126581e+03 1.886111e+03 
2.093939e-01 2.069239e+03 1.838730e+03 
2.124141e-01 2.014617e+03 1.793001e+03 
2.154343e-01 1.963155e+03 1.748850e+03 
2.184545e-01 1.915060e+03 1.706209e+03 
2.214747e-01 1.870404e+03 1.665012e+03 
2.244949e-01 1.829102e+03 1.625196e+03 
2.275152e-01 1.790953e+03 1.586703e+03 
2.305354e-01 1.755538e+03 1.549478e+03 
2.335556e-01 1.722351e+03 1.513467e+03 
2.365758e-01 1.690796e+03 1.478620e+03 
2.395960e-01 1.660327e+03 1.444889e+03 
2.426162e-01 1.630489e+03 1.412229e+03 
2.456364e-01 1.600929e+03 1.380596e+03 
2.486566e-01 1.571391e+03 1.349950e+03 
2.516768e-01 1.541718e+03 1.320251e+03 
2.546970e-01 1.511828e+03 1.291462e+03 
2.577172e-01 1.481715e+03 1.263548e+03 
2.607374e-01 1.451442e+03 1.236474e+03 
2.637576e-01 1.421237e+03 1.210209e+03 
2.667778e-01 1.391387e+03 1.184721e+03 
2.697980e-01 1.362186e+03 1.159982e+03 
2.728182e-01 1.333900e+03 1.135963e+03 
2.758384e-01 1.306720e+03 1.112637e+03 
2.788586e-01 1.280751e+03 1.089980e+03 
2.818788e-01 1.255983e+03 1.067967e+03 
2.848990e-01 1.232386e+03 1.046573e+03 
2.879192e-01 1.209918e+03 1.025778e+03 
2.909394e-01 1.188516e+03 1.005560e+03 
2.939596e-01 1.168090e+03 9.858978e+02 
2.969798e-01 1.148522e+03 9.667724e+02 
3.000000e-01 1.129668e+03 9.481652e+02 
