1.000000e-03 8.165812e+03 8.165732e+03 
4.020202e-03 2.712376e+04 2.733874e+04 
7.040404e-03 3.943637e+04 3.976317e+04 
1.006061e-02 4.678202e+04 4.726549e+04 
1.308081e-02 5.036038e+04 5.109862e+04 
1.610101e-02 5.105901e+04 5.195057e+04 
1.912121e-02 4.959763e+04 5.029729e+04 
2.214141e-02 4.660631e+04 4.674196e+04 
2.516162e-02 4.263903e+04 4.210353e+04 
2.818182e-02 3.817588e+04 3.721034e+04 
3.120202e-02 3.360945e+04 3.264816e+04 
3.422222e-02 2.923842e+04 2.868818e+04 
3.724242e-02 2.526739e+04 2.537243e+04 
4.026263e-02 2.181707e+04 2.263075e+04 
4.328283e-02 1.892254e+04 2.036028e+04 
4.630303e-02 1.658553e+04 1.846310e+04 
4.932323e-02 1.477995e+04 1.685855e+04 
5.234343e-02 1.343702e+04 1.548411e+04 
5.536364e-02 1.248034e+04 1.429253e+04 
5.838384e-02 1.183572e+04 1.324825e+04 
6.140404e-02 1.143188e+04 1.232442e+04 
6.442424e-02 1.119747e+04 1.150052e+04 
6.744444e-02 1.106993e+04 1.076066e+04 
7.046465e-02 1.099259e+04 1.009235e+04 
7.348485e-02 1.091226e+04 9.485609e+03 
7.650505e-02 1.078292e+04 8.932373e+03 
7.952525e-02 1.056952e+04 8.426007e+03 
8.254545e-02 1.025078e+04 7.960999e+03 
8.556566e-02 9.821415e+03 7.532711e+03 
8.858586e-02 9.290483e+03 7.137205e+03 
9.160606e-02 8.678908e+03 6.771103e+03 
9.462626e-02 8.015344e+03 6.431487e+03 
9.764646e-02 7.331760e+03 6.115818e+03 
1.006667e-01 6.660082e+03 5.821871e+03 
1.036869e-01 6.027850e+03 5.547689e+03 
1.067071e-01 5.457099e+03 5.291539e+03 
1.097273e-01 4.962922e+03 5.051880e+03 
1.127475e-01 4.552697e+03 4.827337e+03 
1.157677e-01 4.228188e+03 4.616681e+03 
1.187879e-01 3.986027e+03 4.418805e+03 
1.218081e-01 3.819876e+03 4.232712e+03 
1.248283e-01 3.720364e+03 4.057503e+03 
1.278485e-01 3.676464e+03 3.892362e+03 
1.308687e-01 3.675818e+03 3.736548e+03 
1.338889e-01 3.704855e+03 3.589389e+03 
1.369091e-01 3.749636e+03 3.450271e+03 
1.399293e-01 3.796523e+03 3.318633e+03 
1.429495e-01 3.832890e+03 3.193961e+03 
1.459697e-01 3.847516e+03 3.075786e+03 
1.489899e-01 3.831739e+03 2.963677e+03 
1.520101e-01 3.779296e+03 2.857237e+03 
1.550303e-01 3.687891e+03 2.756100e+03 
1.580505e-01 3.558642e+03 2.659931e+03 
1.610707e-01 3.396810e+03 2.568418e+03 
1.640909e-01 3.210582e+03 2.481275e+03 
1.671111e-01 3.010077e+03 2.398236e+03 
1.701313e-01 2.805762e+03 2.319055e+03 
1.731515e-01 2.607278e+03 2.243504e+03 
1.761717e-01 2.422165e+03 2.171370e+03 
1.791919e-01 2.256129e+03 2.102458e+03 
1.822121e-01 2.113093e+03 2.036584e+03 
1.852323e-01 1.995138e+03 1.973577e+03 
1.882525e-01 1.903126e+03 1.913278e+03 
1.912727e-01 1.836596e+03 1.855540e+03 
1.942929e-01 1.793985e+03 1.800224e+03 
1.973131e-01 1.772496e+03 1.747200e+03 
2.003333e-01 1.768409e+03 1.696348e+03 
2.033535e-01 1.777363e+03 1.647553e+03 
2.063737e-01 1.794540e+03 1.600711e+03 
2.093939e-01 1.815098e+03 1.555721e+03 
2.124141e-01 1.834417e+03 1.512490e+03 
2.154343e-01 1.848320e+03 1.470931e+03 
2.184545e-01 1.853133e+03 1.430961e+03 
2.214747e-01 1.846098e+03 1.392502e+03 
2.244949e-01 1.825309e+03 1.355482e+03 
2.275152e-01 1.790199e+03 1.319832e+03 
2.305354e-01 1.741408e+03 1.285487e+03 
2.335556e-01 1.680825e+03 1.252387e+03 
2.365758e-01 1.611248e+03 1.220474e+03 
2.395960e-01 1.535976e+03 1.189693e+03 
2.426162e-01 1.458505e+03 1.159994e+03 
2.456364e-01 1.382122e+03 1.131327e+03 
2.486566e-01 1.309670e+03 1.103647e+03 
2.516768e-01 1.243484e+03 1.076911e+03 
2.546970e-01 1.185405e+03 1.051077e+03 
2.577172e-01 1.136522e+03 1.026107e+03 
2.607374e-01 1.097405e+03 1.001964e+03 
2.637576e-01 1.068003e+03 9.786125e+02 
2.667778e-01 1.047756e+03 9.560196e+02 
2.697980e-01 1.035626e+03 9.341537e+02 
2.728182e-01 1.030253e+03 9.129851e+02 
2.758384e-01 1.030079e+03 8.924853e+02 
2.788586e-01 1.033384e+03 8.726273e+02 
2.818788e-01 1.038411e+03 8.533854e+02 
2.848990e-01 1.043416e+03 8.347352e+02 
2.879192e-01 1.046755e+03 8.166535e+02 
2.909394e-01 1.046931e+03 7.991180e+02 
2.939596e-01 1.042779e+03 7.821077e+02 
2.969798e-01 1.033475e+03 7.656024e+02 
3.000000e-01 1.018683e+03 7.495831e+02 
