1.000000e-03 2.854183e+03 2.854152e+03 
4.020202e-03 9.467902e+03 9.541009e+03 
7.040404e-03 1.382852e+04 1.390917e+04 
1.006061e-02 1.656013e+04 1.660101e+04 
1.308081e-02 1.810981e+04 1.809018e+04 
1.610101e-02 1.879534e+04 1.869278e+04 
1.912121e-02 1.885742e+04 1.866119e+04 
2.214141e-02 1.848550e+04 1.822709e+04 
2.516162e-02 1.783236e+04 1.758024e+04 
2.818182e-02 1.701935e+04 1.684507e+04 
3.120202e-02 1.613989e+04 1.608858e+04 
3.422222e-02 1.526168e+04 1.534228e+04 
3.724242e-02 1.443008e+04 1.461995e+04 
4.026263e-02 1.367252e+04 1.392730e+04 
4.328283e-02 1.299135e+04 1.326651e+04 
4.630303e-02 1.239204e+04 1.263816e+04 
4.932323e-02 1.187894e+04 1.204199e+04 
5.234343e-02 1.142409e+04 1.147727e+04 
5.536364e-02 1.100584e+04 1.094298e+04 
5.838384e-02 1.061271e+04 1.043794e+04 
6.140404e-02 1.023428e+04 9.960819e+03 
6.442424e-02 9.859971e+03 9.510259e+03 
6.744444e-02 9.480462e+03 9.084863e+03 
7.046465e-02 9.092184e+03 8.683242e+03 
7.348485e-02 8.696150e+03 8.304035e+03 
7.650505e-02 8.297326e+03 7.945923e+03 
7.952525e-02 7.903690e+03 7.607637e+03 
8.254545e-02 7.523472e+03 7.287967e+03 
8.556566e-02 7.163784e+03 6.985766e+03 
8.858586e-02 6.829217e+03 6.699949e+03 
9.160606e-02 6.522601e+03 6.429494e+03 
9.462626e-02 6.245354e+03 6.173444e+03 
9.764646e-02 5.998047e+03 5.930900e+03 
1.006667e-01 5.779994e+03 5.701020e+03 
1.036869e-01 5.589003e+03 5.483018e+03 
1.067071e-01 5.421013e+03 5.276162e+03 
1.097273e-01 5.270045e+03 5.079767e+03 
1.127475e-01 5.130024e+03 4.893193e+03 
1.157677e-01 4.995023e+03 4.715847e+03 
1.187879e-01 4.860884e+03 4.547173e+03 
1.218081e-01 4.724757e+03 4.386653e+03 
1.248283e-01 4.585584e+03 4.233805e+03 
1.278485e-01 4.443269e+03 4.088180e+03 
1.308687e-01 4.298577e+03 3.949356e+03 
1.338889e-01 4.152760e+03 3.816943e+03 
1.369091e-01 4.007821e+03 3.690575e+03 
1.399293e-01 3.865925e+03 3.569910e+03 
1.429495e-01 3.729138e+03 3.454629e+03 
1.459697e-01 3.599298e+03 3.344434e+03 
1.489899e-01 3.477783e+03 3.239045e+03 
1.520101e-01 3.365524e+03 3.138201e+03 
1.550303e-01 3.262828e+03 3.041659e+03 
1.580505e-01 3.169593e+03 2.949188e+03 
1.610707e-01 3.085267e+03 2.860575e+03 
1.640909e-01 3.008756e+03 2.775617e+03 
1.671111e-01 2.938503e+03 2.694126e+03 
1.701313e-01 2.872799e+03 2.615925e+03 
1.731515e-01 2.809896e+03 2.540847e+03 
1.761717e-01 2.748446e+03 2.468735e+03 
1.791919e-01 2.687382e+03 2.399442e+03 
1.822121e-01 2.626141e+03 2.332829e+03 
1.852323e-01 2.564383e+03 2.268766e+03 
1.882525e-01 2.501983e+03 2.207131e+03 
1.912727e-01 2.438993e+03 2.147806e+03 
1.942929e-01 2.375836e+03 2.090683e+03 
1.973131e-01 2.313080e+03 2.035659e+03 
2.003333e-01 2.251455e+03 1.982636e+03 
2.033535e-01 2.191688e+03 1.931523e+03 
2.063737e-01 2.134452e+03 1.882232e+03 
2.093939e-01 2.080181e+03 1.834681e+03 
2.124141e-01 2.029019e+03 1.788793e+03 
2.154343e-01 1.980973e+03 1.744495e+03 
2.184545e-01 1.935938e+03 1.701715e+03 
2.214747e-01 1.893717e+03 1.660389e+03 
2.244949e-01 1.854047e+03 1.620454e+03 
2.275152e-01 1.816548e+03 1.581851e+03 
2.305354e-01 1.780783e+03 1.544523e+03 
2.335556e-01 1.746302e+03 1.508416e+03 
2.365758e-01 1.712674e+03 1.473481e+03 
2.395960e-01 1.679592e+03 1.439668e+03 
2.426162e-01 1.646827e+03 1.406933e+03 
2.456364e-01 1.614295e+03 1.375231e+03 
2.486566e-01 1.581962e+03 1.344521e+03 
2.516768e-01 1.549840e+03 1.314764e+03 
2.546970e-01 1.517973e+03 1.285922e+03 
2.577172e-01 1.486450e+03 1.257959e+03 
2.607374e-01 1.455420e+03 1.230841e+03 
2.637576e-01 1.425096e+03 1.204537e+03 
2.667778e-01 1.395680e+03 1.179013e+03 
2.697980e-01 1.367346e+03 1.154242e+03 
2.728182e-01 1.340178e+03 1.130195e+03 
2.758384e-01 1.314188e+03 1.106845e+03 
2.788586e-01 1.289310e+03 1.084166e+03 
2.818788e-01 1.265440e+03 1.062134e+03 
2.848990e-01 1.242489e+03 1.040726e+03 
2.879192e-01 1.220372e+03 1.019917e+03 
2.909394e-01 1.199003e+03 9.996887e+02 
2.939596e-01 1.178294e+03 9.800187e+02 
2.969798e-01 1.158147e+03 9.608877e+02 
3.000000e-01 1.138459e+03 9.422769e+02 
