1.000000e-03 3.349227e+03 3.349199e+03 
4.020202e-03 1.116327e+04 1.125008e+04 
7.040404e-03 1.630507e+04 1.641019e+04 
1.006061e-02 1.948846e+04 1.957323e+04 
1.308081e-02 2.123228e+04 2.128411e+04 
1.610101e-02 2.191176e+04 2.189480e+04 
1.912121e-02 2.181607e+04 2.168982e+04 
2.214141e-02 2.118054e+04 2.095666e+04 
2.516162e-02 2.019955e+04 1.995755e+04 
2.818182e-02 1.903013e+04 1.887680e+04 
3.120202e-02 1.779564e+04 1.781326e+04 
3.422222e-02 1.658693e+04 1.680740e+04 
3.724242e-02 1.546442e+04 1.587006e+04 
4.026263e-02 1.446360e+04 1.500001e+04 
4.328283e-02 1.359903e+04 1.419222e+04 
4.630303e-02 1.286342e+04 1.344108e+04 
4.932323e-02 1.225135e+04 1.274141e+04 
5.234343e-02 1.174815e+04 1.208869e+04 
5.536364e-02 1.131568e+04 1.147898e+04 
5.838384e-02 1.093126e+04 1.090884e+04 
6.140404e-02 1.057682e+04 1.037519e+04 
6.442424e-02 1.022865e+04 9.875276e+03 
6.744444e-02 9.871243e+03 9.406599e+03 
7.046465e-02 9.495351e+03 8.966874e+03 
7.348485e-02 9.096841e+03 8.554007e+03 
7.650505e-02 8.678263e+03 8.166072e+03 
7.952525e-02 8.246979e+03 7.801297e+03 
8.254545e-02 7.813603e+03 7.458045e+03 
8.556566e-02 7.389264e+03 7.134808e+03 
8.858586e-02 6.983822e+03 6.830194e+03 
9.160606e-02 6.605454e+03 6.542918e+03 
9.462626e-02 6.260768e+03 6.271792e+03 
9.764646e-02 5.954253e+03 6.015720e+03 
1.006667e-01 5.688598e+03 5.773690e+03 
1.036869e-01 5.463205e+03 5.544765e+03 
1.067071e-01 5.275228e+03 5.328081e+03 
1.097273e-01 5.118580e+03 5.122836e+03 
1.127475e-01 4.985987e+03 4.928291e+03 
1.157677e-01 4.869475e+03 4.743760e+03 
1.187879e-01 4.761618e+03 4.568609e+03 
1.218081e-01 4.656130e+03 4.402248e+03 
1.248283e-01 4.548038e+03 4.244132e+03 
1.278485e-01 4.433721e+03 4.093756e+03 
1.308687e-01 4.311148e+03 3.950649e+03 
1.338889e-01 4.179540e+03 3.814374e+03 
1.369091e-01 4.039977e+03 3.684525e+03 
1.399293e-01 3.894551e+03 3.560726e+03 
1.429495e-01 3.746474e+03 3.442624e+03 
1.459697e-01 3.599177e+03 3.329892e+03 
1.489899e-01 3.455996e+03 3.222224e+03 
1.520101e-01 3.319875e+03 3.119336e+03 
1.550303e-01 3.193205e+03 3.020962e+03 
1.580505e-01 3.077789e+03 2.926853e+03 
1.610707e-01 2.974855e+03 2.836778e+03 
1.640909e-01 2.884629e+03 2.750519e+03 
1.671111e-01 2.806609e+03 2.667873e+03 
1.701313e-01 2.739208e+03 2.588650e+03 
1.731515e-01 2.680389e+03 2.512671e+03 
1.761717e-01 2.627791e+03 2.439768e+03 
1.791919e-01 2.579121e+03 2.369786e+03 
1.822121e-01 2.532324e+03 2.302576e+03 
1.852323e-01 2.485658e+03 2.237999e+03 
1.882525e-01 2.437724e+03 2.175926e+03 
1.912727e-01 2.387513e+03 2.116234e+03 
1.942929e-01 2.334354e+03 2.058807e+03 
1.973131e-01 2.278189e+03 2.003536e+03 
2.003333e-01 2.219349e+03 1.950320e+03 
2.033535e-01 2.158707e+03 1.899061e+03 
2.063737e-01 2.097332e+03 1.849669e+03 
2.093939e-01 2.036427e+03 1.802057e+03 
2.124141e-01 1.977118e+03 1.756144e+03 
2.154343e-01 1.920369e+03 1.711853e+03 
2.184545e-01 1.866917e+03 1.669112e+03 
2.214747e-01 1.817278e+03 1.627851e+03 
2.244949e-01 1.771713e+03 1.588006e+03 
2.275152e-01 1.730284e+03 1.549515e+03 
2.305354e-01 1.692758e+03 1.512320e+03 
2.335556e-01 1.658736e+03 1.476365e+03 
2.365758e-01 1.627619e+03 1.441597e+03 
2.395960e-01 1.598757e+03 1.407967e+03 
2.426162e-01 1.571483e+03 1.375427e+03 
2.456364e-01 1.545168e+03 1.343933e+03 
2.486566e-01 1.519228e+03 1.313442e+03 
2.516768e-01 1.493163e+03 1.283913e+03 
2.546970e-01 1.466554e+03 1.255307e+03 
2.577172e-01 1.439179e+03 1.227588e+03 
2.607374e-01 1.410963e+03 1.200721e+03 
2.637576e-01 1.382064e+03 1.174673e+03 
2.667778e-01 1.352748e+03 1.149411e+03 
2.697980e-01 1.323374e+03 1.124905e+03 
2.728182e-01 1.294299e+03 1.101127e+03 
2.758384e-01 1.265843e+03 1.078049e+03 
2.788586e-01 1.238272e+03 1.055645e+03 
2.818788e-01 1.211793e+03 1.033889e+03 
2.848990e-01 1.186570e+03 1.012758e+03 
2.879192e-01 1.162732e+03 9.922291e+02 
2.909394e-01 1.140334e+03 9.722801e+02 
2.939596e-01 1.119376e+03 9.528902e+02 
2.969798e-01 1.099747e+03 9.340394e+02 
3.000000e-01 1.081282e+03 9.157085e+02 
