1.000000e-03 2.771180e+03 2.771152e+03 
4.020202e-03 9.218127e+03 9.288940e+03 
7.040404e-03 1.348784e+04 1.356607e+04 
1.006061e-02 1.617619e+04 1.621509e+04 
1.308081e-02 1.771290e+04 1.769228e+04 
1.610101e-02 1.840610e+04 1.830441e+04 
1.912121e-02 1.848915e+04 1.829781e+04 
2.214141e-02 1.814698e+04 1.789817e+04 
2.516162e-02 1.752790e+04 1.728908e+04 
2.818182e-02 1.675078e+04 1.659035e+04 
3.120202e-02 1.590641e+04 1.586665e+04 
3.422222e-02 1.506079e+04 1.514889e+04 
3.724242e-02 1.425818e+04 1.445106e+04 
4.026263e-02 1.352530e+04 1.377944e+04 
4.328283e-02 1.286430e+04 1.313675e+04 
4.630303e-02 1.228104e+04 1.252404e+04 
4.932323e-02 1.177932e+04 1.194147e+04 
5.234343e-02 1.133188e+04 1.138863e+04 
5.536364e-02 1.091802e+04 1.086477e+04 
5.838384e-02 1.052668e+04 1.036891e+04 
6.140404e-02 1.014919e+04 9.899900e+03 
6.442424e-02 9.775821e+03 9.456527e+03 
6.744444e-02 9.397365e+03 9.037515e+03 
7.046465e-02 9.010660e+03 8.641577e+03 
7.348485e-02 8.617109e+03 8.267437e+03 
7.650505e-02 8.221912e+03 7.913851e+03 
7.952525e-02 7.833224e+03 7.579615e+03 
8.254545e-02 7.459198e+03 7.263572e+03 
8.556566e-02 7.106658e+03 6.964624e+03 
8.858586e-02 6.779639e+03 6.681727e+03 
9.160606e-02 6.480439e+03 6.413898e+03 
9.462626e-02 6.210069e+03 6.160208e+03 
9.764646e-02 5.968731e+03 5.919787e+03 
1.006667e-01 5.755435e+03 5.691819e+03 
1.036869e-01 5.567876e+03 5.475541e+03 
1.067071e-01 5.401931e+03 5.270237e+03 
1.097273e-01 5.251848e+03 5.075242e+03 
1.127475e-01 5.111686e+03 4.889931e+03 
1.157677e-01 4.975644e+03 4.713723e+03 
1.187879e-01 4.839915e+03 4.546075e+03 
1.218081e-01 4.701979e+03 4.386481e+03 
1.248283e-01 4.561112e+03 4.234468e+03 
1.278485e-01 4.417451e+03 4.089594e+03 
1.308687e-01 4.272048e+03 3.951448e+03 
1.338889e-01 4.126378e+03 3.819645e+03 
1.369091e-01 3.982454e+03 3.693824e+03 
1.399293e-01 3.842313e+03 3.573652e+03 
1.429495e-01 3.707831e+03 3.458812e+03 
1.459697e-01 3.580598e+03 3.349012e+03 
1.489899e-01 3.461788e+03 3.243977e+03 
1.520101e-01 3.352157e+03 3.143450e+03 
1.550303e-01 3.252006e+03 3.047189e+03 
1.580505e-01 3.161083e+03 2.954968e+03 
1.610707e-01 3.078657e+03 2.866575e+03 
1.640909e-01 3.003470e+03 2.781812e+03 
1.671111e-01 2.933938e+03 2.700493e+03 
1.701313e-01 2.868358e+03 2.622441e+03 
1.731515e-01 2.805077e+03 2.547492e+03 
1.761717e-01 2.742927e+03 2.475492e+03 
1.791919e-01 2.681018e+03 2.406294e+03 
1.822121e-01 2.618914e+03 2.339761e+03 
1.852323e-01 2.556367e+03 2.275765e+03 
1.882525e-01 2.493359e+03 2.214183e+03 
1.912727e-01 2.430037e+03 2.154901e+03 
1.942929e-01 2.366789e+03 2.097810e+03 
1.973131e-01 2.304193e+03 2.042809e+03 
2.003333e-01 2.243034e+03 1.989800e+03 
2.033535e-01 2.184030e+03 1.938693e+03 
2.063737e-01 2.127798e+03 1.889401e+03 
2.093939e-01 2.074631e+03 1.841843e+03 
2.124141e-01 2.024587e+03 1.795942e+03 
2.154343e-01 1.977567e+03 1.751625e+03 
2.184545e-01 1.933391e+03 1.708822e+03 
2.214747e-01 1.891836e+03 1.667469e+03 
2.244949e-01 1.852634e+03 1.627502e+03 
2.275152e-01 1.815415e+03 1.588863e+03 
2.305354e-01 1.779771e+03 1.551496e+03 
2.335556e-01 1.745262e+03 1.515349e+03 
2.365758e-01 1.711488e+03 1.480369e+03 
2.395960e-01 1.678152e+03 1.446511e+03 
2.426162e-01 1.645073e+03 1.413727e+03 
2.456364e-01 1.612227e+03 1.381975e+03 
2.486566e-01 1.579631e+03 1.351213e+03 
2.516768e-01 1.547336e+03 1.321403e+03 
2.546970e-01 1.515408e+03 1.292506e+03 
2.577172e-01 1.483937e+03 1.264487e+03 
2.607374e-01 1.453076e+03 1.237313e+03 
2.637576e-01 1.423013e+03 1.210951e+03 
2.667778e-01 1.393920e+03 1.185370e+03 
2.697980e-01 1.365944e+03 1.160540e+03 
2.728182e-01 1.339135e+03 1.136434e+03 
2.758384e-01 1.313494e+03 1.113025e+03 
2.788586e-01 1.288935e+03 1.090286e+03 
2.818788e-01 1.265349e+03 1.068195e+03 
2.848990e-01 1.242623e+03 1.046726e+03 
2.879192e-01 1.220654e+03 1.025858e+03 
2.909394e-01 1.199358e+03 1.005569e+03 
2.939596e-01 1.178656e+03 9.858394e+02 
2.969798e-01 1.158470e+03 9.666488e+02 
3.000000e-01 1.138712e+03 9.479786e+02 
