1.000000e-03 5.788598e+03 5.788543e+03 
4.020202e-03 1.971494e+04 1.986779e+04 
7.040404e-03 2.912612e+04 2.935674e+04 
1.006061e-02 3.501792e+04 3.534384e+04 
1.308081e-02 3.817016e+04 3.865148e+04 
1.610101e-02 3.918401e+04 3.975035e+04 
1.912121e-02 3.856144e+04 3.897737e+04 
2.214141e-02 3.674585e+04 3.676425e+04 
2.516162e-02 3.413681e+04 3.369436e+04 
2.818182e-02 3.108265e+04 3.035649e+04 
3.120202e-02 2.787466e+04 2.717173e+04 
3.422222e-02 2.473885e+04 2.434537e+04 
3.724242e-02 2.183687e+04 2.192448e+04 
4.026263e-02 1.927070e+04 1.987607e+04 
4.328283e-02 1.708057e+04 1.814075e+04 
4.630303e-02 1.527972e+04 1.665889e+04 
4.932323e-02 1.385989e+04 1.537989e+04 
5.234343e-02 1.277998e+04 1.426370e+04 
5.536364e-02 1.198556e+04 1.327952e+04 
5.838384e-02 1.142285e+04 1.240375e+04 
6.140404e-02 1.104189e+04 1.161833e+04 
6.442424e-02 1.079003e+04 1.090919e+04 
6.744444e-02 1.061592e+04 1.026529e+04 
7.046465e-02 1.047242e+04 9.677822e+03 
7.348485e-02 1.031870e+04 9.139621e+03 
7.650505e-02 1.012158e+04 8.644809e+03 
7.952525e-02 9.858146e+03 8.188482e+03 
8.254545e-02 9.516699e+03 7.766505e+03 
8.556566e-02 9.096680e+03 7.375349e+03 
8.858586e-02 8.607204e+03 7.011980e+03 
9.160606e-02 8.064762e+03 6.673760e+03 
9.462626e-02 7.490622e+03 6.358383e+03 
9.764646e-02 6.908671e+03 6.063821e+03 
1.006667e-01 6.343171e+03 5.788278e+03 
1.036869e-01 5.815045e+03 5.530157e+03 
1.067071e-01 5.341192e+03 5.288032e+03 
1.097273e-01 4.932755e+03 5.060623e+03 
1.127475e-01 4.594721e+03 4.846781e+03 
1.157677e-01 4.327057e+03 4.645465e+03 
1.187879e-01 4.125789e+03 4.455737e+03 
1.218081e-01 3.984718e+03 4.276743e+03 
1.248283e-01 3.895499e+03 4.107709e+03 
1.278485e-01 3.848640e+03 3.947927e+03 
1.308687e-01 3.833605e+03 3.796752e+03 
1.338889e-01 3.838886e+03 3.653594e+03 
1.369091e-01 3.852583e+03 3.517912e+03 
1.399293e-01 3.863305e+03 3.389209e+03 
1.429495e-01 3.860860e+03 3.267029e+03 
1.459697e-01 3.837060e+03 3.150951e+03 
1.489899e-01 3.786395e+03 3.040589e+03 
1.520101e-01 3.705887e+03 2.935584e+03 
1.550303e-01 3.595818e+03 2.835606e+03 
1.580505e-01 3.458717e+03 2.740350e+03 
1.610707e-01 3.299841e+03 2.649531e+03 
1.640909e-01 3.126009e+03 2.562888e+03 
1.671111e-01 2.945344e+03 2.480176e+03 
1.701313e-01 2.765767e+03 2.401169e+03 
1.731515e-01 2.594650e+03 2.325656e+03 
1.761717e-01 2.437762e+03 2.253440e+03 
1.791919e-01 2.299404e+03 2.184338e+03 
1.822121e-01 2.181938e+03 2.118180e+03 
1.852323e-01 2.086394e+03 2.054806e+03 
1.882525e-01 2.012684e+03 1.994066e+03 
1.912727e-01 1.959606e+03 1.935823e+03 
1.942929e-01 1.925215e+03 1.879945e+03 
1.973131e-01 1.906700e+03 1.826309e+03 
2.003333e-01 1.900668e+03 1.774802e+03 
2.033535e-01 1.903169e+03 1.725316e+03 
2.063737e-01 1.910033e+03 1.677750e+03 
2.093939e-01 1.917077e+03 1.632008e+03 
2.124141e-01 1.920539e+03 1.588003e+03 
2.154343e-01 1.917172e+03 1.545649e+03 
2.184545e-01 1.904522e+03 1.504868e+03 
2.214747e-01 1.881083e+03 1.465586e+03 
2.244949e-01 1.846253e+03 1.427732e+03 
2.275152e-01 1.800515e+03 1.391240e+03 
2.305354e-01 1.745095e+03 1.356047e+03 
2.335556e-01 1.682109e+03 1.322096e+03 
2.365758e-01 1.614051e+03 1.289328e+03 
2.395960e-01 1.543690e+03 1.257693e+03 
2.426162e-01 1.473735e+03 1.227140e+03 
2.456364e-01 1.406734e+03 1.197622e+03 
2.486566e-01 1.344753e+03 1.169094e+03 
2.516768e-01 1.289450e+03 1.141514e+03 
2.546970e-01 1.241926e+03 1.114841e+03 
2.577172e-01 1.202738e+03 1.089038e+03 
2.607374e-01 1.171931e+03 1.064068e+03 
2.637576e-01 1.149020e+03 1.039897e+03 
2.667778e-01 1.133188e+03 1.016492e+03 
2.697980e-01 1.123270e+03 9.938223e+02 
2.728182e-01 1.117928e+03 9.718582e+02 
2.758384e-01 1.115669e+03 9.505717e+02 
2.788586e-01 1.114985e+03 9.299361e+02 
2.818788e-01 1.114383e+03 9.099259e+02 
2.848990e-01 1.112467e+03 8.905169e+02 
2.879192e-01 1.107999e+03 8.716860e+02 
2.909394e-01 1.100025e+03 8.534113e+02 
2.939596e-01 1.087913e+03 8.356716e+02 
2.969798e-01 1.071368e+03 8.184469e+02 
3.000000e-01 1.050560e+03 8.017182e+02 
