1.000000e-03 2.700794e+03 2.700769e+03 
4.020202e-03 9.092191e+03 9.162398e+03 
7.040404e-03 1.339857e+04 1.348127e+04 
1.006061e-02 1.615371e+04 1.620737e+04 
1.308081e-02 1.775806e+04 1.776601e+04 
1.610101e-02 1.850498e+04 1.844307e+04 
1.912121e-02 1.862085e+04 1.846935e+04 
2.214141e-02 1.828954e+04 1.806734e+04 
2.516162e-02 1.766078e+04 1.743170e+04 
2.818182e-02 1.685758e+04 1.669770e+04 
3.120202e-02 1.597574e+04 1.594072e+04 
3.422222e-02 1.508709e+04 1.519621e+04 
3.724242e-02 1.424108e+04 1.447876e+04 
4.026263e-02 1.346875e+04 1.379360e+04 
4.328283e-02 1.277511e+04 1.314205e+04 
4.630303e-02 1.217060e+04 1.252388e+04 
4.932323e-02 1.165869e+04 1.193821e+04 
5.234343e-02 1.121425e+04 1.138389e+04 
5.536364e-02 1.081490e+04 1.085965e+04 
5.838384e-02 1.044501e+04 1.036410e+04 
6.140404e-02 1.009564e+04 9.895865e+03 
6.442424e-02 9.753859e+03 9.453524e+03 
6.744444e-02 9.406874e+03 9.035684e+03 
7.046465e-02 9.048357e+03 8.640975e+03 
7.348485e-02 8.676585e+03 8.268066e+03 
7.650505e-02 8.294039e+03 7.915677e+03 
7.952525e-02 7.907814e+03 7.582579e+03 
8.254545e-02 7.526747e+03 7.267606e+03 
8.556566e-02 7.159584e+03 6.969648e+03 
8.858586e-02 6.813052e+03 6.687662e+03 
9.160606e-02 6.491774e+03 6.420662e+03 
9.462626e-02 6.198749e+03 6.167724e+03 
9.764646e-02 5.935743e+03 5.927981e+03 
1.006667e-01 5.703336e+03 5.700621e+03 
1.036869e-01 5.501131e+03 5.484883e+03 
1.067071e-01 5.326288e+03 5.280060e+03 
1.097273e-01 5.174456e+03 5.085487e+03 
1.127475e-01 5.039558e+03 4.900547e+03 
1.157677e-01 4.915090e+03 4.724662e+03 
1.187879e-01 4.795383e+03 4.557293e+03 
1.218081e-01 4.675664e+03 4.397938e+03 
1.248283e-01 4.553178e+03 4.246127e+03 
1.278485e-01 4.426230e+03 4.101422e+03 
1.308687e-01 4.294594e+03 3.963415e+03 
1.338889e-01 4.158814e+03 3.831723e+03 
1.369091e-01 4.020325e+03 3.705989e+03 
1.399293e-01 3.881009e+03 3.585880e+03 
1.429495e-01 3.743153e+03 3.471085e+03 
1.459697e-01 3.608995e+03 3.361310e+03 
1.489899e-01 3.480679e+03 3.256284e+03 
1.520101e-01 3.359967e+03 3.155751e+03 
1.550303e-01 3.248303e+03 3.059470e+03 
1.580505e-01 3.146457e+03 2.967218e+03 
1.610707e-01 3.054752e+03 2.878783e+03 
1.640909e-01 2.972736e+03 2.793969e+03 
1.671111e-01 2.899511e+03 2.712589e+03 
1.701313e-01 2.833454e+03 2.634469e+03 
1.731515e-01 2.772769e+03 2.559445e+03 
1.761717e-01 2.715639e+03 2.487364e+03 
1.791919e-01 2.660452e+03 2.418080e+03 
1.822121e-01 2.605990e+03 2.351456e+03 
1.852323e-01 2.551310e+03 2.287365e+03 
1.882525e-01 2.495789e+03 2.225685e+03 
1.912727e-01 2.439030e+03 2.166301e+03 
1.942929e-01 2.380854e+03 2.109106e+03 
1.973131e-01 2.321466e+03 2.053998e+03 
2.003333e-01 2.261369e+03 2.000880e+03 
2.033535e-01 2.201352e+03 1.949663e+03 
2.063737e-01 2.142341e+03 1.900260e+03 
2.093939e-01 2.085176e+03 1.852590e+03 
2.124141e-01 2.030587e+03 1.806576e+03 
2.154343e-01 1.978939e+03 1.762145e+03 
2.184545e-01 1.930443e+03 1.719228e+03 
2.214747e-01 1.885130e+03 1.677761e+03 
2.244949e-01 1.842951e+03 1.637680e+03 
2.275152e-01 1.803769e+03 1.598927e+03 
2.305354e-01 1.767327e+03 1.561447e+03 
2.335556e-01 1.733202e+03 1.525186e+03 
2.365758e-01 1.700905e+03 1.490093e+03 
2.395960e-01 1.669891e+03 1.456123e+03 
2.426162e-01 1.639674e+03 1.423227e+03 
2.456364e-01 1.609836e+03 1.391365e+03 
2.486566e-01 1.580119e+03 1.360493e+03 
2.516768e-01 1.550384e+03 1.330574e+03 
2.546970e-01 1.520561e+03 1.301569e+03 
2.577172e-01 1.490635e+03 1.273444e+03 
2.607374e-01 1.460669e+03 1.246163e+03 
2.637576e-01 1.430778e+03 1.219696e+03 
2.667778e-01 1.401159e+03 1.194011e+03 
2.697980e-01 1.372043e+03 1.169079e+03 
2.728182e-01 1.343685e+03 1.144871e+03 
2.758384e-01 1.316305e+03 1.121361e+03 
2.788586e-01 1.290043e+03 1.098524e+03 
2.818788e-01 1.264971e+03 1.076334e+03 
2.848990e-01 1.241074e+03 1.054769e+03 
2.879192e-01 1.218300e+03 1.033805e+03 
2.909394e-01 1.196559e+03 1.013422e+03 
2.939596e-01 1.175755e+03 9.935989e+02 
2.969798e-01 1.155787e+03 9.743163e+02 
3.000000e-01 1.136541e+03 9.555554e+02 
