1.000000e-03 6.589150e+03 6.589093e+03 
4.020202e-03 2.202343e+04 2.219673e+04 
7.040404e-03 3.217913e+04 3.243779e+04 
1.006061e-02 3.835363e+04 3.871759e+04 
1.308081e-02 4.149488e+04 4.202721e+04 
1.610101e-02 4.230954e+04 4.292685e+04 
1.912121e-02 4.137325e+04 4.181875e+04 
2.214141e-02 3.918764e+04 3.920529e+04 
2.516162e-02 3.619324e+04 3.574004e+04 
2.818182e-02 3.277124e+04 3.205853e+04 
3.120202e-02 2.923373e+04 2.859672e+04 
3.422222e-02 2.581914e+04 2.555372e+04 
3.724242e-02 2.269296e+04 2.296337e+04 
4.026263e-02 1.995619e+04 2.078021e+04 
4.328283e-02 1.764124e+04 1.893541e+04 
4.630303e-02 1.575449e+04 1.736272e+04 
4.932323e-02 1.428418e+04 1.600707e+04 
5.234343e-02 1.317714e+04 1.482528e+04 
5.536364e-02 1.237170e+04 1.378433e+04 
5.838384e-02 1.180898e+04 1.285904e+04 
6.140404e-02 1.143366e+04 1.203009e+04 
6.442424e-02 1.118527e+04 1.128252e+04 
6.744444e-02 1.100929e+04 1.060453e+04 
7.046465e-02 1.085838e+04 9.986679e+03 
7.348485e-02 1.069005e+04 9.421332e+03 
7.650505e-02 1.047026e+04 8.902188e+03 
7.952525e-02 1.017581e+04 8.423995e+03 
8.254545e-02 9.795734e+03 7.982321e+03 
8.556566e-02 9.331928e+03 7.573383e+03 
8.858586e-02 8.796429e+03 7.193926e+03 
9.160606e-02 8.209095e+03 6.841124e+03 
9.462626e-02 7.595033e+03 6.512507e+03 
9.764646e-02 6.980320e+03 6.205901e+03 
1.006667e-01 6.390580e+03 5.919385e+03 
1.036869e-01 5.846680e+03 5.651252e+03 
1.067071e-01 5.364981e+03 5.399977e+03 
1.097273e-01 4.954753e+03 5.164195e+03 
1.127475e-01 4.619833e+03 4.942679e+03 
1.157677e-01 4.358802e+03 4.734324e+03 
1.187879e-01 4.166735e+03 4.538128e+03 
1.218081e-01 4.036417e+03 4.353185e+03 
1.248283e-01 3.958469e+03 4.178673e+03 
1.278485e-01 3.922212e+03 4.013841e+03 
1.308687e-01 3.915629e+03 3.858006e+03 
1.338889e-01 3.926145e+03 3.710542e+03 
1.369091e-01 3.941043e+03 3.570879e+03 
1.399293e-01 3.948837e+03 3.438491e+03 
1.429495e-01 3.939489e+03 3.312897e+03 
1.459697e-01 3.905586e+03 3.193653e+03 
1.489899e-01 3.842262e+03 3.080353e+03 
1.520101e-01 3.747460e+03 2.972619e+03 
1.550303e-01 3.622258e+03 2.870104e+03 
1.580505e-01 3.470143e+03 2.772488e+03 
1.610707e-01 3.297595e+03 2.679472e+03 
1.640909e-01 3.112487e+03 2.590782e+03 
1.671111e-01 2.923784e+03 2.506162e+03 
1.701313e-01 2.739771e+03 2.425374e+03 
1.731515e-01 2.567748e+03 2.348198e+03 
1.761717e-01 2.412844e+03 2.274429e+03 
1.791919e-01 2.278656e+03 2.203876e+03 
1.822121e-01 2.166838e+03 2.136361e+03 
1.852323e-01 2.077883e+03 2.071716e+03 
1.882525e-01 2.011168e+03 2.009788e+03 
1.912727e-01 1.965144e+03 1.950430e+03 
1.942929e-01 1.937519e+03 1.893508e+03 
1.973131e-01 1.924992e+03 1.838894e+03 
2.003333e-01 1.923684e+03 1.786468e+03 
2.033535e-01 1.929150e+03 1.736120e+03 
2.063737e-01 1.936951e+03 1.687745e+03 
2.093939e-01 1.942808e+03 1.641243e+03 
2.124141e-01 1.943141e+03 1.596523e+03 
2.154343e-01 1.935001e+03 1.553498e+03 
2.184545e-01 1.916437e+03 1.512086e+03 
2.214747e-01 1.886377e+03 1.472210e+03 
2.244949e-01 1.844742e+03 1.433798e+03 
2.275152e-01 1.792435e+03 1.396780e+03 
2.305354e-01 1.731107e+03 1.361092e+03 
2.335556e-01 1.663230e+03 1.326674e+03 
2.365758e-01 1.591608e+03 1.293468e+03 
2.395960e-01 1.519238e+03 1.261419e+03 
2.426162e-01 1.448870e+03 1.230476e+03 
2.456364e-01 1.382929e+03 1.200590e+03 
2.486566e-01 1.323252e+03 1.171716e+03 
2.516768e-01 1.271212e+03 1.143809e+03 
2.546970e-01 1.227534e+03 1.116828e+03 
2.577172e-01 1.192459e+03 1.090734e+03 
2.607374e-01 1.165710e+03 1.065490e+03 
2.637576e-01 1.146597e+03 1.041060e+03 
2.667778e-01 1.134115e+03 1.017412e+03 
2.697980e-01 1.126923e+03 9.945116e+02 
2.728182e-01 1.123527e+03 9.723303e+02 
2.758384e-01 1.122322e+03 9.508389e+02 
2.788586e-01 1.121729e+03 9.300099e+02 
2.818788e-01 1.120230e+03 9.098173e+02 
2.848990e-01 1.116528e+03 8.902362e+02 
2.879192e-01 1.109537e+03 8.712430e+02 
2.909394e-01 1.098543e+03 8.528150e+02 
2.939596e-01 1.083156e+03 8.349308e+02 
2.969798e-01 1.063379e+03 8.175699e+02 
3.000000e-01 1.039576e+03 8.007128e+02 
