1.000000e-03 3.619115e+03 3.619076e+03 
4.020202e-03 1.210965e+04 1.220270e+04 
7.040404e-03 1.774081e+04 1.785848e+04 
1.006061e-02 2.124468e+04 2.135617e+04 
1.308081e-02 2.316020e+04 2.325961e+04 
1.610101e-02 2.388424e+04 2.392523e+04 
1.912121e-02 2.372901e+04 2.364278e+04 
2.214141e-02 2.295503e+04 2.272653e+04 
2.516162e-02 2.178146e+04 2.148792e+04 
2.818182e-02 2.039005e+04 2.016067e+04 
3.120202e-02 1.892528e+04 1.887465e+04 
3.422222e-02 1.749486e+04 1.768186e+04 
3.724242e-02 1.617170e+04 1.659280e+04 
4.026263e-02 1.500045e+04 1.560114e+04 
4.328283e-02 1.399614e+04 1.469589e+04 
4.630303e-02 1.315390e+04 1.386612e+04 
4.932323e-02 1.247566e+04 1.310243e+04 
5.234343e-02 1.193485e+04 1.239702e+04 
5.536364e-02 1.149054e+04 1.174351e+04 
5.838384e-02 1.111661e+04 1.113660e+04 
6.140404e-02 1.078657e+04 1.057182e+04 
6.442424e-02 1.047379e+04 1.004535e+04 
6.744444e-02 1.015449e+04 9.553868e+03 
7.046465e-02 9.812183e+03 9.094437e+03 
7.348485e-02 9.437857e+03 8.664458e+03 
7.650505e-02 9.030001e+03 8.261598e+03 
7.952525e-02 8.594721e+03 7.883754e+03 
8.254545e-02 8.142632e+03 7.529021e+03 
8.556566e-02 7.686574e+03 7.195668e+03 
8.858586e-02 7.239539e+03 6.882118e+03 
9.160606e-02 6.813265e+03 6.586931e+03 
9.462626e-02 6.417800e+03 6.308789e+03 
9.764646e-02 6.061444e+03 6.046483e+03 
1.006667e-01 5.749790e+03 5.798907e+03 
1.036869e-01 5.485800e+03 5.565043e+03 
1.067071e-01 5.268161e+03 5.343954e+03 
1.097273e-01 5.092835e+03 5.134779e+03 
1.127475e-01 4.952527e+03 4.936725e+03 
1.157677e-01 4.838881e+03 4.749060e+03 
1.187879e-01 4.742958e+03 4.571109e+03 
1.218081e-01 4.656484e+03 4.402246e+03 
1.248283e-01 4.572056e+03 4.241896e+03 
1.278485e-01 4.483556e+03 4.089523e+03 
1.308687e-01 4.386000e+03 3.944634e+03 
1.338889e-01 4.276513e+03 3.806770e+03 
1.369091e-01 4.153737e+03 3.675506e+03 
1.399293e-01 4.018540e+03 3.550446e+03 
1.429495e-01 3.873175e+03 3.431224e+03 
1.459697e-01 3.721325e+03 3.317498e+03 
1.489899e-01 3.567109e+03 3.208951e+03 
1.520101e-01 3.414853e+03 3.105286e+03 
1.550303e-01 3.268597e+03 3.006229e+03 
1.580505e-01 3.132000e+03 2.911521e+03 
1.610707e-01 3.007821e+03 2.820923e+03 
1.640909e-01 2.897974e+03 2.734210e+03 
1.671111e-01 2.803156e+03 2.651173e+03 
1.701313e-01 2.722983e+03 2.571614e+03 
1.731515e-01 2.656054e+03 2.495351e+03 
1.761717e-01 2.600258e+03 2.422211e+03 
1.791919e-01 2.553091e+03 2.352032e+03 
1.822121e-01 2.511939e+03 2.284664e+03 
1.852323e-01 2.474207e+03 2.219964e+03 
1.882525e-01 2.437438e+03 2.157798e+03 
1.912727e-01 2.399439e+03 2.098042e+03 
1.942929e-01 2.358381e+03 2.040576e+03 
1.973131e-01 2.313078e+03 1.985290e+03 
2.003333e-01 2.262909e+03 1.932079e+03 
2.033535e-01 2.208075e+03 1.880844e+03 
2.063737e-01 2.149256e+03 1.831492e+03 
2.093939e-01 2.087692e+03 1.783936e+03 
2.124141e-01 2.024767e+03 1.738093e+03 
2.154343e-01 1.961922e+03 1.693885e+03 
2.184545e-01 1.900544e+03 1.651236e+03 
2.214747e-01 1.841927e+03 1.610079e+03 
2.244949e-01 1.787104e+03 1.570346e+03 
2.275152e-01 1.736878e+03 1.531974e+03 
2.305354e-01 1.691646e+03 1.494906e+03 
2.335556e-01 1.651511e+03 1.459083e+03 
2.365758e-01 1.616163e+03 1.424454e+03 
2.395960e-01 1.585095e+03 1.390967e+03 
2.426162e-01 1.557614e+03 1.358575e+03 
2.456364e-01 1.532923e+03 1.327232e+03 
2.486566e-01 1.510158e+03 1.296894e+03 
2.516768e-01 1.488440e+03 1.267522e+03 
2.546970e-01 1.466919e+03 1.239075e+03 
2.577172e-01 1.444853e+03 1.211517e+03 
2.607374e-01 1.421661e+03 1.184812e+03 
2.637576e-01 1.397002e+03 1.158926e+03 
2.667778e-01 1.370804e+03 1.133828e+03 
2.697980e-01 1.343229e+03 1.109487e+03 
2.728182e-01 1.314609e+03 1.085874e+03 
2.758384e-01 1.285361e+03 1.062961e+03 
2.788586e-01 1.255925e+03 1.040722e+03 
2.818788e-01 1.226733e+03 1.019131e+03 
2.848990e-01 1.198192e+03 9.981643e+02 
2.879192e-01 1.170690e+03 9.777990e+02 
2.909394e-01 1.144588e+03 9.580128e+02 
2.939596e-01 1.120150e+03 9.387849e+02 
2.969798e-01 1.097552e+03 9.200952e+02 
3.000000e-01 1.076809e+03 9.019243e+02 
