1.000000e-03 2.879513e+03 2.879483e+03 
4.020202e-03 9.822504e+03 9.898611e+03 
7.040404e-03 1.448893e+04 1.457843e+04 
1.006061e-02 1.743921e+04 1.750063e+04 
1.308081e-02 1.911443e+04 1.913178e+04 
1.610101e-02 1.984181e+04 1.978498e+04 
1.912121e-02 1.987474e+04 1.971700e+04 
2.214141e-02 1.941991e+04 1.918138e+04 
2.516162e-02 1.864734e+04 1.840200e+04 
2.818182e-02 1.769543e+04 1.753300e+04 
3.120202e-02 1.667273e+04 1.665764e+04 
3.422222e-02 1.565846e+04 1.581238e+04 
3.724242e-02 1.470762e+04 1.500995e+04 
4.026263e-02 1.385116e+04 1.425300e+04 
4.328283e-02 1.309292e+04 1.354049e+04 
4.630303e-02 1.244780e+04 1.287018e+04 
4.932323e-02 1.191057e+04 1.223965e+04 
5.234343e-02 1.145038e+04 1.164650e+04 
5.536364e-02 1.104416e+04 1.108847e+04 
5.838384e-02 1.067412e+04 1.056342e+04 
6.140404e-02 1.032482e+04 1.006932e+04 
6.442424e-02 9.978835e+03 9.604237e+03 
6.744444e-02 9.623402e+03 9.166355e+03 
7.046465e-02 9.251919e+03 8.753945e+03 
7.348485e-02 8.862935e+03 8.365376e+03 
7.650505e-02 8.460058e+03 7.999108e+03 
7.952525e-02 8.051040e+03 7.653696e+03 
8.254545e-02 7.645927e+03 7.327783e+03 
8.556566e-02 7.254211e+03 7.020100e+03 
8.858586e-02 6.883921e+03 6.729460e+03 
9.160606e-02 6.541004e+03 6.454755e+03 
9.462626e-02 6.230017e+03 6.194953e+03 
9.764646e-02 5.954005e+03 5.949095e+03 
1.006667e-01 5.713947e+03 5.716284e+03 
1.036869e-01 5.508863e+03 5.495690e+03 
1.067071e-01 5.334806e+03 5.286539e+03 
1.097273e-01 5.186112e+03 5.088111e+03 
1.127475e-01 5.055408e+03 4.899739e+03 
1.157677e-01 4.935677e+03 4.720800e+03 
1.187879e-01 4.820457e+03 4.550716e+03 
1.218081e-01 4.704968e+03 4.388949e+03 
1.248283e-01 4.585636e+03 4.235000e+03 
1.278485e-01 4.460446e+03 4.088402e+03 
1.308687e-01 4.328386e+03 3.948722e+03 
1.338889e-01 4.190114e+03 3.815556e+03 
1.369091e-01 4.047105e+03 3.688525e+03 
1.399293e-01 3.901864e+03 3.567281e+03 
1.429495e-01 3.757225e+03 3.451494e+03 
1.459697e-01 3.616273e+03 3.340858e+03 
1.489899e-01 3.481684e+03 3.235088e+03 
1.520101e-01 3.355551e+03 3.133916e+03 
1.550303e-01 3.239436e+03 3.037093e+03 
1.580505e-01 3.134395e+03 2.944383e+03 
1.610707e-01 3.040712e+03 2.855569e+03 
1.640909e-01 2.958087e+03 2.770445e+03 
1.671111e-01 2.885337e+03 2.688818e+03 
1.701313e-01 2.820807e+03 2.610507e+03 
1.731515e-01 2.762355e+03 2.535344e+03 
1.761717e-01 2.707811e+03 2.463169e+03 
1.791919e-01 2.655308e+03 2.393832e+03 
1.822121e-01 2.603248e+03 2.327193e+03 
1.852323e-01 2.550453e+03 2.263120e+03 
1.882525e-01 2.496092e+03 2.201487e+03 
1.912727e-01 2.439727e+03 2.142177e+03 
1.942929e-01 2.381276e+03 2.085080e+03 
1.973131e-01 2.320979e+03 2.030092e+03 
2.003333e-01 2.259516e+03 1.977113e+03 
2.033535e-01 2.197835e+03 1.926051e+03 
2.063737e-01 2.136955e+03 1.876818e+03 
2.093939e-01 2.077867e+03 1.829331e+03 
2.124141e-01 2.021327e+03 1.783512e+03 
2.154343e-01 1.967949e+03 1.739286e+03 
2.184545e-01 1.918110e+03 1.696584e+03 
2.214747e-01 1.872007e+03 1.655337e+03 
2.244949e-01 1.829568e+03 1.615485e+03 
2.275152e-01 1.790573e+03 1.576966e+03 
2.305354e-01 1.754641e+03 1.539724e+03 
2.335556e-01 1.721252e+03 1.503706e+03 
2.365758e-01 1.689781e+03 1.468859e+03 
2.395960e-01 1.659661e+03 1.435137e+03 
2.426162e-01 1.630374e+03 1.402492e+03 
2.456364e-01 1.601492e+03 1.370880e+03 
2.486566e-01 1.572646e+03 1.340261e+03 
2.516768e-01 1.543569e+03 1.310595e+03 
2.546970e-01 1.514076e+03 1.281843e+03 
2.577172e-01 1.484142e+03 1.253970e+03 
2.607374e-01 1.453853e+03 1.226942e+03 
2.637576e-01 1.423456e+03 1.200726e+03 
2.667778e-01 1.393256e+03 1.175291e+03 
2.697980e-01 1.363604e+03 1.150608e+03 
2.728182e-01 1.334782e+03 1.126647e+03 
2.758384e-01 1.306996e+03 1.103382e+03 
2.788586e-01 1.280367e+03 1.080788e+03 
2.818788e-01 1.254955e+03 1.058839e+03 
2.848990e-01 1.230783e+03 1.037513e+03 
2.879192e-01 1.207853e+03 1.016785e+03 
2.909394e-01 1.186136e+03 9.966364e+02 
2.939596e-01 1.165566e+03 9.770449e+02 
2.969798e-01 1.145983e+03 9.579911e+02 
3.000000e-01 1.127198e+03 9.394563e+02 
