1.000000e-03 5.507020e+03 5.506961e+03 
4.020202e-03 1.797486e+04 1.811496e+04 
7.040404e-03 2.599223e+04 2.618410e+04 
1.006061e-02 3.078781e+04 3.102069e+04 
1.308081e-02 3.319695e+04 3.349084e+04 
1.610101e-02 3.381866e+04 3.409821e+04 
1.912121e-02 3.312626e+04 3.322770e+04 
2.214141e-02 3.151778e+04 3.132863e+04 
2.516162e-02 2.933087e+04 2.890824e+04 
2.818182e-02 2.685094e+04 2.639402e+04 
3.120202e-02 2.430514e+04 2.404180e+04 
3.422222e-02 2.186247e+04 2.195177e+04 
3.724242e-02 1.963694e+04 2.013215e+04 
4.026263e-02 1.769672e+04 1.855292e+04 
4.328283e-02 1.605827e+04 1.717510e+04 
4.630303e-02 1.472079e+04 1.596284e+04 
4.932323e-02 1.368092e+04 1.488663e+04 
5.234343e-02 1.288973e+04 1.392327e+04 
5.536364e-02 1.229614e+04 1.305471e+04 
5.838384e-02 1.185556e+04 1.226685e+04 
6.140404e-02 1.152084e+04 1.154855e+04 
6.442424e-02 1.124610e+04 1.089088e+04 
6.744444e-02 1.099070e+04 1.028655e+04 
7.046465e-02 1.072161e+04 9.729521e+03 
7.348485e-02 1.041330e+04 9.214731e+03 
7.650505e-02 1.004968e+04 8.737861e+03 
7.952525e-02 9.624995e+03 8.295198e+03 
8.254545e-02 9.144159e+03 7.883514e+03 
8.556566e-02 8.619720e+03 7.499987e+03 
8.858586e-02 8.069204e+03 7.142125e+03 
9.160606e-02 7.512882e+03 6.807722e+03 
9.462626e-02 6.970981e+03 6.494810e+03 
9.764646e-02 6.461954e+03 6.201628e+03 
1.006667e-01 6.000977e+03 5.926596e+03 
1.036869e-01 5.598500e+03 5.668288e+03 
1.067071e-01 5.260395e+03 5.425418e+03 
1.097273e-01 4.986831e+03 5.196818e+03 
1.127475e-01 4.774507e+03 4.981431e+03 
1.157677e-01 4.616590e+03 4.778291e+03 
1.187879e-01 4.504520e+03 4.586521e+03 
1.218081e-01 4.428158e+03 4.405318e+03 
1.248283e-01 4.376733e+03 4.233947e+03 
1.278485e-01 4.339133e+03 4.071737e+03 
1.308687e-01 4.304585e+03 3.918069e+03 
1.338889e-01 4.263154e+03 3.772376e+03 
1.369091e-01 4.206933e+03 3.634137e+03 
1.399293e-01 4.130419e+03 3.502870e+03 
1.429495e-01 4.031036e+03 3.378131e+03 
1.459697e-01 3.908863e+03 3.259511e+03 
1.489899e-01 3.766014e+03 3.146631e+03 
1.520101e-01 3.606725e+03 3.039140e+03 
1.550303e-01 3.436347e+03 2.936714e+03 
1.580505e-01 3.261275e+03 2.839049e+03 
1.610707e-01 3.088134e+03 2.745868e+03 
1.640909e-01 2.923509e+03 2.656908e+03 
1.671111e-01 2.772665e+03 2.571930e+03 
1.701313e-01 2.639606e+03 2.490706e+03 
1.731515e-01 2.526113e+03 2.413028e+03 
1.761717e-01 2.432683e+03 2.338699e+03 
1.791919e-01 2.358393e+03 2.267536e+03 
1.822121e-01 2.301561e+03 2.199369e+03 
1.852323e-01 2.259849e+03 2.134038e+03 
1.882525e-01 2.230385e+03 2.071393e+03 
1.912727e-01 2.209926e+03 2.011294e+03 
1.942929e-01 2.194828e+03 1.953609e+03 
1.973131e-01 2.181369e+03 1.898217e+03 
2.003333e-01 2.165897e+03 1.845001e+03 
2.033535e-01 2.145434e+03 1.793853e+03 
2.063737e-01 2.117735e+03 1.744670e+03 
2.093939e-01 2.081689e+03 1.697358e+03 
2.124141e-01 2.036975e+03 1.651824e+03 
2.154343e-01 1.984283e+03 1.607986e+03 
2.184545e-01 1.924848e+03 1.565762e+03 
2.214747e-01 1.860436e+03 1.525076e+03 
2.244949e-01 1.793074e+03 1.485858e+03 
2.275152e-01 1.724952e+03 1.448040e+03 
2.305354e-01 1.658251e+03 1.411559e+03 
2.335556e-01 1.595005e+03 1.376354e+03 
2.365758e-01 1.536832e+03 1.342369e+03 
2.395960e-01 1.484931e+03 1.309550e+03 
2.426162e-01 1.439990e+03 1.277846e+03 
2.456364e-01 1.402179e+03 1.247208e+03 
2.486566e-01 1.371255e+03 1.217592e+03 
2.516768e-01 1.346558e+03 1.188953e+03 
2.546970e-01 1.327176e+03 1.161251e+03 
2.577172e-01 1.311933e+03 1.134447e+03 
2.607374e-01 1.299530e+03 1.108503e+03 
2.637576e-01 1.288585e+03 1.083384e+03 
2.667778e-01 1.277820e+03 1.059057e+03 
2.697980e-01 1.266076e+03 1.035490e+03 
2.728182e-01 1.252441e+03 1.012653e+03 
2.758384e-01 1.236230e+03 9.905169e+02 
2.788586e-01 1.217094e+03 9.690542e+02 
2.818788e-01 1.194951e+03 9.482388e+02 
2.848990e-01 1.169988e+03 9.280459e+02 
2.879192e-01 1.142659e+03 9.084516e+02 
2.909394e-01 1.113588e+03 8.894334e+02 
2.939596e-01 1.083542e+03 8.709696e+02 
2.969798e-01 1.053315e+03 8.530396e+02 
3.000000e-01 1.023693e+03 8.356236e+02 
