1.000000e-03 2.834195e+03 2.834168e+03 
4.020202e-03 9.420666e+03 9.493191e+03 
7.040404e-03 1.381668e+04 1.390235e+04 
1.006061e-02 1.660798e+04 1.666589e+04 
1.308081e-02 1.821563e+04 1.822986e+04 
1.610101e-02 1.894403e+04 1.888922e+04 
1.912121e-02 1.902699e+04 1.888016e+04 
2.214141e-02 1.865373e+04 1.843145e+04 
2.516162e-02 1.797813e+04 1.774514e+04 
2.818182e-02 1.712694e+04 1.696261e+04 
3.120202e-02 1.619885e+04 1.616252e+04 
3.422222e-02 1.526735e+04 1.538119e+04 
3.724242e-02 1.438359e+04 1.463281e+04 
4.026263e-02 1.357896e+04 1.392177e+04 
4.328283e-02 1.285854e+04 1.324850e+04 
4.630303e-02 1.223419e+04 1.261200e+04 
4.932323e-02 1.170738e+04 1.201078e+04 
5.234343e-02 1.125263e+04 1.144320e+04 
5.536364e-02 1.084744e+04 1.090756e+04 
5.838384e-02 1.047524e+04 1.040219e+04 
6.140404e-02 1.012498e+04 9.925458e+03 
6.442424e-02 9.783120e+03 9.475743e+03 
6.744444e-02 9.437179e+03 9.051486e+03 
7.046465e-02 9.079270e+03 8.651182e+03 
7.348485e-02 8.706926e+03 8.273389e+03 
7.650505e-02 8.322357e+03 7.916730e+03 
7.952525e-02 7.932205e+03 7.579898e+03 
8.254545e-02 7.545610e+03 7.261657e+03 
8.556566e-02 7.171690e+03 6.960841e+03 
8.858586e-02 6.817714e+03 6.676355e+03 
9.160606e-02 6.488729e+03 6.407172e+03 
9.462626e-02 6.188209e+03 6.152330e+03 
9.764646e-02 5.918343e+03 5.910927e+03 
1.006667e-01 5.679989e+03 5.682125e+03 
1.036869e-01 5.472958e+03 5.465139e+03 
1.067071e-01 5.294619e+03 5.259237e+03 
1.097273e-01 5.140946e+03 5.063738e+03 
1.127475e-01 5.005798e+03 4.878007e+03 
1.157677e-01 4.882689e+03 4.701450e+03 
1.187879e-01 4.765375e+03 4.533516e+03 
1.218081e-01 4.648772e+03 4.373691e+03 
1.248283e-01 4.529602e+03 4.221494e+03 
1.278485e-01 4.405901e+03 4.076479e+03 
1.308687e-01 4.277041e+03 3.938229e+03 
1.338889e-01 4.143388e+03 3.806354e+03 
1.369091e-01 4.006110e+03 3.680490e+03 
1.399293e-01 3.867116e+03 3.560299e+03 
1.429495e-01 3.728716e+03 3.445464e+03 
1.459697e-01 3.593253e+03 3.335687e+03 
1.489899e-01 3.463011e+03 3.230692e+03 
1.520101e-01 3.339953e+03 3.130220e+03 
1.550303e-01 3.225733e+03 3.034026e+03 
1.580505e-01 3.121363e+03 2.941885e+03 
1.610707e-01 3.027368e+03 2.853581e+03 
1.640909e-01 2.943540e+03 2.768916e+03 
1.671111e-01 2.869068e+03 2.687701e+03 
1.701313e-01 2.802432e+03 2.609761e+03 
1.731515e-01 2.741873e+03 2.534929e+03 
1.761717e-01 2.685466e+03 2.463050e+03 
1.791919e-01 2.631538e+03 2.393978e+03 
1.822121e-01 2.578639e+03 2.327574e+03 
1.852323e-01 2.525726e+03 2.263709e+03 
1.882525e-01 2.472002e+03 2.202260e+03 
1.912727e-01 2.416947e+03 2.143113e+03 
1.942929e-01 2.360251e+03 2.086159e+03 
1.973131e-01 2.302044e+03 2.031295e+03 
2.003333e-01 2.242714e+03 1.978424e+03 
2.033535e-01 2.183046e+03 1.927455e+03 
2.063737e-01 2.123930e+03 1.878302e+03 
2.093939e-01 2.066327e+03 1.830882e+03 
2.124141e-01 2.011016e+03 1.785119e+03 
2.154343e-01 1.958541e+03 1.740939e+03 
2.184545e-01 1.909198e+03 1.698273e+03 
2.214747e-01 1.863086e+03 1.657055e+03 
2.244949e-01 1.820217e+03 1.617223e+03 
2.275152e-01 1.780532e+03 1.578717e+03 
2.305354e-01 1.743790e+03 1.541483e+03 
2.335556e-01 1.709639e+03 1.505466e+03 
2.365758e-01 1.677568e+03 1.470617e+03 
2.395960e-01 1.647023e+03 1.436886e+03 
2.426162e-01 1.617468e+03 1.404230e+03 
2.456364e-01 1.588431e+03 1.372603e+03 
2.486566e-01 1.559579e+03 1.341965e+03 
2.516768e-01 1.530684e+03 1.312277e+03 
2.546970e-01 1.501640e+03 1.283501e+03 
2.577172e-01 1.472406e+03 1.255602e+03 
2.607374e-01 1.442998e+03 1.228545e+03 
2.637576e-01 1.413524e+03 1.202299e+03 
2.667778e-01 1.384162e+03 1.176832e+03 
2.697980e-01 1.355150e+03 1.152115e+03 
2.728182e-01 1.326750e+03 1.128120e+03 
2.758384e-01 1.299209e+03 1.104820e+03 
2.788586e-01 1.272738e+03 1.082189e+03 
2.818788e-01 1.247437e+03 1.060204e+03 
2.848990e-01 1.223347e+03 1.038839e+03 
2.879192e-01 1.200427e+03 1.018074e+03 
2.909394e-01 1.178612e+03 9.978870e+02 
2.939596e-01 1.157821e+03 9.782570e+02 
2.969798e-01 1.137952e+03 9.591646e+02 
3.000000e-01 1.118885e+03 9.405911e+02 
