1.000000e-03 6.338876e+03 6.338812e+03 
4.020202e-03 2.141998e+04 2.158767e+04 
7.040404e-03 3.145256e+04 3.170373e+04 
1.006061e-02 3.761395e+04 3.796926e+04 
1.308081e-02 4.079926e+04 4.132213e+04 
1.610101e-02 4.168532e+04 4.229474e+04 
1.912121e-02 4.082995e+04 4.126941e+04 
2.214141e-02 3.872349e+04 3.873115e+04 
2.516162e-02 3.579956e+04 3.532244e+04 
2.818182e-02 3.243620e+04 3.167778e+04 
3.120202e-02 2.894411e+04 2.823910e+04 
3.422222e-02 2.556269e+04 2.521247e+04 
3.724242e-02 2.245946e+04 2.263632e+04 
4.026263e-02 1.973683e+04 2.046732e+04 
4.328283e-02 1.743027e+04 1.863721e+04 
4.630303e-02 1.554843e+04 1.707964e+04 
4.932323e-02 1.407971e+04 1.573919e+04 
5.234343e-02 1.297385e+04 1.457241e+04 
5.536364e-02 1.217007e+04 1.354601e+04 
5.838384e-02 1.161039e+04 1.263465e+04 
6.140404e-02 1.124101e+04 1.181894e+04 
6.442424e-02 1.100142e+04 1.108384e+04 
6.744444e-02 1.083757e+04 1.041755e+04 
7.046465e-02 1.070217e+04 9.810653e+03 
7.348485e-02 1.055199e+04 9.255531e+03 
7.650505e-02 1.035233e+04 8.745921e+03 
7.952525e-02 1.007907e+04 8.276611e+03 
8.254545e-02 9.719873e+03 7.843210e+03 
8.556566e-02 9.275136e+03 7.441977e+03 
8.858586e-02 8.755902e+03 7.069699e+03 
9.160606e-02 8.181336e+03 6.723587e+03 
9.462626e-02 7.575910e+03 6.401209e+03 
9.764646e-02 6.965726e+03 6.100425e+03 
1.006667e-01 6.376840e+03 5.819345e+03 
1.036869e-01 5.830962e+03 5.556292e+03 
1.067071e-01 5.345234e+03 5.309768e+03 
1.097273e-01 4.929634e+03 5.078434e+03 
1.127475e-01 4.588623e+03 4.861085e+03 
1.157677e-01 4.321588e+03 4.656636e+03 
1.187879e-01 4.124112e+03 4.464107e+03 
1.218081e-01 3.989391e+03 4.282608e+03 
1.248283e-01 3.908347e+03 4.111332e+03 
1.278485e-01 3.870581e+03 3.949546e+03 
1.308687e-01 3.864379e+03 3.796578e+03 
1.338889e-01 3.877292e+03 3.651817e+03 
1.369091e-01 3.896574e+03 3.514702e+03 
1.399293e-01 3.910447e+03 3.384719e+03 
1.429495e-01 3.908479e+03 3.261396e+03 
1.459697e-01 3.882762e+03 3.144300e+03 
1.489899e-01 3.827892e+03 3.033031e+03 
1.520101e-01 3.741191e+03 2.927220e+03 
1.550303e-01 3.623183e+03 2.826527e+03 
1.580505e-01 3.476863e+03 2.730638e+03 
1.610707e-01 3.308416e+03 2.639260e+03 
1.640909e-01 3.125531e+03 2.552125e+03 
1.671111e-01 2.937138e+03 2.468981e+03 
1.701313e-01 2.751710e+03 2.389597e+03 
1.731515e-01 2.576917e+03 2.313756e+03 
1.761717e-01 2.418340e+03 2.241258e+03 
1.791919e-01 2.280006e+03 2.171914e+03 
1.822121e-01 2.163869e+03 2.105551e+03 
1.852323e-01 2.070696e+03 2.042005e+03 
1.882525e-01 2.000126e+03 1.981124e+03 
1.912727e-01 1.950803e+03 1.922766e+03 
1.942929e-01 1.920594e+03 1.866798e+03 
1.973131e-01 1.906373e+03 1.813096e+03 
2.003333e-01 1.904405e+03 1.761542e+03 
2.033535e-01 1.910315e+03 1.712027e+03 
2.063737e-01 1.919638e+03 1.664448e+03 
2.093939e-01 1.927974e+03 1.618710e+03 
2.124141e-01 1.931530e+03 1.574721e+03 
2.154343e-01 1.927097e+03 1.532396e+03 
2.184545e-01 1.912476e+03 1.491654e+03 
2.214747e-01 1.886317e+03 1.452422e+03 
2.244949e-01 1.848259e+03 1.414626e+03 
2.275152e-01 1.798965e+03 1.378200e+03 
2.305354e-01 1.739902e+03 1.343081e+03 
2.335556e-01 1.673442e+03 1.309209e+03 
2.365758e-01 1.602348e+03 1.276527e+03 
2.395960e-01 1.529633e+03 1.244982e+03 
2.426162e-01 1.458155e+03 1.214524e+03 
2.456364e-01 1.390511e+03 1.185105e+03 
2.486566e-01 1.328712e+03 1.156679e+03 
2.516768e-01 1.274309e+03 1.129204e+03 
2.546970e-01 1.228209e+03 1.102639e+03 
2.577172e-01 1.190825e+03 1.076946e+03 
2.607374e-01 1.162004e+03 1.052088e+03 
2.637576e-01 1.141163e+03 1.028030e+03 
2.667778e-01 1.127379e+03 1.004740e+03 
2.697980e-01 1.119374e+03 9.821860e+02 
2.728182e-01 1.115696e+03 9.603386e+02 
2.758384e-01 1.114754e+03 9.391694e+02 
2.788586e-01 1.114935e+03 9.186515e+02 
2.818788e-01 1.114654e+03 8.987593e+02 
2.848990e-01 1.112516e+03 8.794683e+02 
2.879192e-01 1.107323e+03 8.607555e+02 
2.909394e-01 1.098228e+03 8.425985e+02 
2.939596e-01 1.084696e+03 8.249763e+02 
2.969798e-01 1.066611e+03 8.078688e+02 
3.000000e-01 1.044224e+03 7.912567e+02 
