1.000000e-03 2.366107e+03 2.366084e+03 
4.020202e-03 7.878104e+03 7.940502e+03 
7.040404e-03 1.155006e+04 1.161596e+04 
1.006061e-02 1.389876e+04 1.391509e+04 
1.308081e-02 1.529756e+04 1.523958e+04 
1.610101e-02 1.601018e+04 1.586680e+04 
1.912121e-02 1.622987e+04 1.600875e+04 
2.214141e-02 1.610388e+04 1.583808e+04 
2.516162e-02 1.574658e+04 1.548281e+04 
2.818182e-02 1.524644e+04 1.502530e+04 
3.120202e-02 1.467017e+04 1.451407e+04 
3.422222e-02 1.406639e+04 1.397741e+04 
3.724242e-02 1.346724e+04 1.343244e+04 
4.026263e-02 1.289413e+04 1.288998e+04 
4.328283e-02 1.235151e+04 1.235713e+04 
4.630303e-02 1.184252e+04 1.183852e+04 
4.932323e-02 1.137842e+04 1.133716e+04 
5.234343e-02 1.094518e+04 1.085488e+04 
5.536364e-02 1.052680e+04 1.039268e+04 
5.838384e-02 1.012265e+04 9.950973e+03 
6.140404e-02 9.731830e+03 9.529726e+03 
6.442424e-02 9.351539e+03 9.128624e+03 
6.744444e-02 8.978907e+03 8.747137e+03 
7.046465e-02 8.612185e+03 8.384601e+03 
7.348485e-02 8.252850e+03 8.040261e+03 
7.650505e-02 7.904222e+03 7.713313e+03 
7.952525e-02 7.571150e+03 7.402930e+03 
8.254545e-02 7.257497e+03 7.108281e+03 
8.556566e-02 6.965791e+03 6.828547e+03 
8.858586e-02 6.695696e+03 6.562928e+03 
9.160606e-02 6.445857e+03 6.310651e+03 
9.462626e-02 6.214432e+03 6.070975e+03 
9.764646e-02 5.999924e+03 5.843192e+03 
1.006667e-01 5.801090e+03 5.626629e+03 
1.036869e-01 5.616307e+03 5.420650e+03 
1.067071e-01 5.443392e+03 5.224653e+03 
1.097273e-01 5.279132e+03 5.038070e+03 
1.127475e-01 5.120543e+03 4.860365e+03 
1.157677e-01 4.965108e+03 4.691037e+03 
1.187879e-01 4.811362e+03 4.529614e+03 
1.218081e-01 4.659457e+03 4.375650e+03 
1.248283e-01 4.509977e+03 4.228730e+03 
1.278485e-01 4.364143e+03 4.088463e+03 
1.308687e-01 4.223127e+03 3.954483e+03 
1.338889e-01 4.087723e+03 3.826445e+03 
1.369091e-01 3.958589e+03 3.704027e+03 
1.399293e-01 3.836088e+03 3.586925e+03 
1.429495e-01 3.720438e+03 3.474857e+03 
1.459697e-01 3.611425e+03 3.367554e+03 
1.489899e-01 3.508675e+03 3.264767e+03 
1.520101e-01 3.411816e+03 3.166260e+03 
1.550303e-01 3.320462e+03 3.071812e+03 
1.580505e-01 3.234078e+03 2.981216e+03 
1.610707e-01 3.152018e+03 2.894276e+03 
1.640909e-01 3.073511e+03 2.810808e+03 
1.671111e-01 2.997679e+03 2.730640e+03 
1.701313e-01 2.923828e+03 2.653608e+03 
1.731515e-01 2.851509e+03 2.579559e+03 
1.761717e-01 2.780503e+03 2.508349e+03 
1.791919e-01 2.710968e+03 2.439841e+03 
1.822121e-01 2.643089e+03 2.373906e+03 
1.852323e-01 2.577030e+03 2.310424e+03 
1.882525e-01 2.512923e+03 2.249280e+03 
1.912727e-01 2.450809e+03 2.190366e+03 
1.942929e-01 2.390725e+03 2.133579e+03 
1.973131e-01 2.332786e+03 2.078822e+03 
2.003333e-01 2.277126e+03 2.026005e+03 
2.033535e-01 2.223847e+03 1.975040e+03 
2.063737e-01 2.173012e+03 1.925846e+03 
2.093939e-01 2.124443e+03 1.878345e+03 
2.124141e-01 2.077829e+03 1.832464e+03 
2.154343e-01 2.032892e+03 1.788133e+03 
2.184545e-01 1.989386e+03 1.745285e+03 
2.214747e-01 1.947162e+03 1.703858e+03 
2.244949e-01 1.906170e+03 1.663793e+03 
2.275152e-01 1.866342e+03 1.625032e+03 
2.305354e-01 1.827577e+03 1.587522e+03 
2.335556e-01 1.789780e+03 1.551212e+03 
2.365758e-01 1.752870e+03 1.516053e+03 
2.395960e-01 1.716802e+03 1.481999e+03 
2.426162e-01 1.681610e+03 1.449006e+03 
2.456364e-01 1.647341e+03 1.417032e+03 
2.486566e-01 1.614034e+03 1.386037e+03 
2.516768e-01 1.581719e+03 1.355983e+03 
2.546970e-01 1.550377e+03 1.326834e+03 
2.577172e-01 1.519977e+03 1.298555e+03 
2.607374e-01 1.490481e+03 1.271113e+03 
2.637576e-01 1.461853e+03 1.244477e+03 
2.667778e-01 1.434076e+03 1.218617e+03 
2.697980e-01 1.407143e+03 1.193503e+03 
2.728182e-01 1.381020e+03 1.169109e+03 
2.758384e-01 1.355655e+03 1.145408e+03 
2.788586e-01 1.330983e+03 1.122376e+03 
2.818788e-01 1.306931e+03 1.099988e+03 
2.848990e-01 1.283444e+03 1.078221e+03 
2.879192e-01 1.260500e+03 1.057053e+03 
2.909394e-01 1.238086e+03 1.036464e+03 
2.939596e-01 1.216201e+03 1.016433e+03 
2.969798e-01 1.194845e+03 9.969405e+02 
3.000000e-01 1.174007e+03 9.779688e+02 
