1.000000e-03 4.623366e+03 4.623316e+03 
4.020202e-03 1.531262e+04 1.543224e+04 
7.040404e-03 2.217587e+04 2.232707e+04 
1.006061e-02 2.625966e+04 2.641344e+04 
1.308081e-02 2.831048e+04 2.846352e+04 
1.610101e-02 2.886434e+04 2.895080e+04 
1.912121e-02 2.833871e+04 2.825979e+04 
2.214141e-02 2.707609e+04 2.681112e+04 
2.516162e-02 2.536229e+04 2.501785e+04 
2.818182e-02 2.343015e+04 2.318084e+04 
3.120202e-02 2.146187e+04 2.145709e+04 
3.422222e-02 1.958820e+04 1.989971e+04 
3.724242e-02 1.789382e+04 1.850946e+04 
4.026263e-02 1.642639e+04 1.726816e+04 
4.328283e-02 1.519421e+04 1.615425e+04 
4.630303e-02 1.418696e+04 1.514838e+04 
4.932323e-02 1.340026e+04 1.423465e+04 
5.234343e-02 1.279008e+04 1.340033e+04 
5.536364e-02 1.230611e+04 1.263525e+04 
5.838384e-02 1.191267e+04 1.193117e+04 
6.140404e-02 1.156817e+04 1.128131e+04 
6.442424e-02 1.123796e+04 1.068001e+04 
6.744444e-02 1.089663e+04 1.012245e+04 
7.046465e-02 1.052419e+04 9.604473e+03 
7.348485e-02 1.010941e+04 9.122464e+03 
7.650505e-02 9.649916e+03 8.673241e+03 
7.952525e-02 9.151947e+03 8.253984e+03 
8.254545e-02 8.629218e+03 7.862178e+03 
8.556566e-02 8.098670e+03 7.495573e+03 
8.858586e-02 7.578026e+03 7.152143e+03 
9.160606e-02 7.084014e+03 6.830060e+03 
9.462626e-02 6.630145e+03 6.527671e+03 
9.764646e-02 6.227090e+03 6.243477e+03 
1.006667e-01 5.880624e+03 5.976113e+03 
1.036869e-01 5.592941e+03 5.724338e+03 
1.067071e-01 5.361152e+03 5.487019e+03 
1.097273e-01 5.179514e+03 5.263121e+03 
1.127475e-01 5.039569e+03 5.051697e+03 
1.157677e-01 4.931490e+03 4.851879e+03 
1.187879e-01 4.844688e+03 4.662872e+03 
1.218081e-01 4.768813e+03 4.483943e+03 
1.248283e-01 4.694097e+03 4.314421e+03 
1.278485e-01 4.612171e+03 4.153686e+03 
1.308687e-01 4.516810e+03 4.001167e+03 
1.338889e-01 4.404511e+03 3.856337e+03 
1.369091e-01 4.274539e+03 3.718710e+03 
1.399293e-01 4.128282e+03 3.587836e+03 
1.429495e-01 3.969124e+03 3.463299e+03 
1.459697e-01 3.801363e+03 3.344712e+03 
1.489899e-01 3.629904e+03 3.231719e+03 
1.520101e-01 3.459970e+03 3.123986e+03 
1.550303e-01 3.297015e+03 3.021204e+03 
1.580505e-01 3.145831e+03 2.923088e+03 
1.610707e-01 3.010409e+03 2.829371e+03 
1.640909e-01 2.892857e+03 2.739802e+03 
1.671111e-01 2.793917e+03 2.654150e+03 
1.701313e-01 2.712401e+03 2.572200e+03 
1.731515e-01 2.646300e+03 2.493748e+03 
1.761717e-01 2.592909e+03 2.418606e+03 
1.791919e-01 2.549354e+03 2.346597e+03 
1.822121e-01 2.512664e+03 2.277556e+03 
1.852323e-01 2.479825e+03 2.211328e+03 
1.882525e-01 2.447827e+03 2.147768e+03 
1.912727e-01 2.413733e+03 2.086740e+03 
1.942929e-01 2.375135e+03 2.028115e+03 
1.973131e-01 2.330448e+03 1.971774e+03 
2.003333e-01 2.279125e+03 1.917604e+03 
2.033535e-01 2.221508e+03 1.865499e+03 
2.063737e-01 2.158826e+03 1.815359e+03 
2.093939e-01 2.092687e+03 1.767090e+03 
2.124141e-01 2.024796e+03 1.720603e+03 
2.154343e-01 1.956876e+03 1.675814e+03 
2.184545e-01 1.890633e+03 1.632645e+03 
2.214747e-01 1.827584e+03 1.591022e+03 
2.244949e-01 1.769049e+03 1.550873e+03 
2.275152e-01 1.715992e+03 1.512133e+03 
2.305354e-01 1.669039e+03 1.474738e+03 
2.335556e-01 1.628210e+03 1.438630e+03 
2.365758e-01 1.593171e+03 1.403751e+03 
2.395960e-01 1.563211e+03 1.370049e+03 
2.426162e-01 1.537414e+03 1.337473e+03 
2.456364e-01 1.514718e+03 1.305975e+03 
2.486566e-01 1.494035e+03 1.275510e+03 
2.516768e-01 1.474282e+03 1.246034e+03 
2.546970e-01 1.454426e+03 1.217507e+03 
2.577172e-01 1.433589e+03 1.189889e+03 
2.607374e-01 1.411137e+03 1.163144e+03 
2.637576e-01 1.386719e+03 1.137237e+03 
2.667778e-01 1.360247e+03 1.112133e+03 
2.697980e-01 1.331940e+03 1.087802e+03 
2.728182e-01 1.302191e+03 1.064213e+03 
2.758384e-01 1.271523e+03 1.041337e+03 
2.788586e-01 1.240495e+03 1.019146e+03 
2.818788e-01 1.209674e+03 9.976146e+02 
2.848990e-01 1.179611e+03 9.767176e+02 
2.879192e-01 1.150826e+03 9.564310e+02 
2.909394e-01 1.123732e+03 9.367322e+02 
2.939596e-01 1.098646e+03 9.175993e+02 
2.969798e-01 1.075732e+03 8.990115e+02 
3.000000e-01 1.055017e+03 8.809491e+02 
