1.000000e-03 4.889590e+03 4.889538e+03 
4.020202e-03 1.612338e+04 1.624925e+04 
7.040404e-03 2.327031e+04 2.343016e+04 
1.006061e-02 2.746829e+04 2.763626e+04 
1.308081e-02 2.951768e+04 2.969235e+04 
1.610101e-02 2.999177e+04 3.009897e+04 
1.912121e-02 2.933622e+04 2.926532e+04 
2.214141e-02 2.791594e+04 2.764420e+04 
2.516162e-02 2.603669e+04 2.568016e+04 
2.818182e-02 2.394594e+04 2.369364e+04 
3.120202e-02 2.183549e+04 2.184785e+04 
3.422222e-02 1.984212e+04 2.019407e+04 
3.724242e-02 1.805285e+04 1.872846e+04 
4.026263e-02 1.651481e+04 1.742814e+04 
4.328283e-02 1.523171e+04 1.626767e+04 
4.630303e-02 1.419381e+04 1.522474e+04 
4.932323e-02 1.339305e+04 1.428127e+04 
5.234343e-02 1.277734e+04 1.342290e+04 
5.536364e-02 1.229583e+04 1.263828e+04 
5.838384e-02 1.190795e+04 1.191824e+04 
6.140404e-02 1.156884e+04 1.125534e+04 
6.442424e-02 1.124357e+04 1.064335e+04 
6.744444e-02 1.090502e+04 1.007705e+04 
7.046465e-02 1.053148e+04 9.551940e+03 
7.348485e-02 1.011110e+04 9.064134e+03 
7.650505e-02 9.641735e+03 8.610232e+03 
7.952525e-02 9.130387e+03 8.187232e+03 
8.254545e-02 8.592184e+03 7.792474e+03 
8.556566e-02 8.045722e+03 7.423581e+03 
8.858586e-02 7.510350e+03 7.078425e+03 
9.160606e-02 7.004004e+03 6.755092e+03 
9.462626e-02 6.540851e+03 6.451856e+03 
9.764646e-02 6.131743e+03 6.167154e+03 
1.006667e-01 5.782541e+03 5.899572e+03 
1.036869e-01 5.494730e+03 5.647822e+03 
1.067071e-01 5.265463e+03 5.410734e+03 
1.097273e-01 5.088264e+03 5.187240e+03 
1.127475e-01 4.954366e+03 4.976366e+03 
1.157677e-01 4.853149e+03 4.777220e+03 
1.187879e-01 4.773453e+03 4.588985e+03 
1.218081e-01 4.704055e+03 4.410913e+03 
1.248283e-01 4.634728e+03 4.242315e+03 
1.278485e-01 4.556565e+03 4.082560e+03 
1.308687e-01 4.463560e+03 3.931065e+03 
1.338889e-01 4.351993e+03 3.787295e+03 
1.369091e-01 4.221524e+03 3.650753e+03 
1.399293e-01 4.073685e+03 3.520984e+03 
1.429495e-01 3.911984e+03 3.397564e+03 
1.459697e-01 3.740954e+03 3.280102e+03 
1.489899e-01 3.565936e+03 3.168237e+03 
1.520101e-01 3.392821e+03 3.061631e+03 
1.550303e-01 3.227524e+03 2.959974e+03 
1.580505e-01 3.075228e+03 2.862975e+03 
1.610707e-01 2.939866e+03 2.770365e+03 
1.640909e-01 2.823516e+03 2.681893e+03 
1.671111e-01 2.726417e+03 2.597326e+03 
1.701313e-01 2.647312e+03 2.516446e+03 
1.731515e-01 2.583933e+03 2.439049e+03 
1.761717e-01 2.533557e+03 2.364946e+03 
1.791919e-01 2.493279e+03 2.293958e+03 
1.822121e-01 2.459995e+03 2.225922e+03 
1.852323e-01 2.430377e+03 2.160680e+03 
1.882525e-01 2.401084e+03 2.098088e+03 
1.912727e-01 2.368921e+03 2.038009e+03 
1.942929e-01 2.331511e+03 1.980315e+03 
1.973131e-01 2.287251e+03 1.924887e+03 
2.003333e-01 2.235852e+03 1.871610e+03 
2.033535e-01 2.177850e+03 1.820380e+03 
2.063737e-01 2.114601e+03 1.771096e+03 
2.093939e-01 2.047740e+03 1.723664e+03 
2.124141e-01 1.979056e+03 1.677997e+03 
2.154343e-01 1.910386e+03 1.634010e+03 
2.184545e-01 1.843545e+03 1.591626e+03 
2.214747e-01 1.780238e+03 1.550769e+03 
2.244949e-01 1.721878e+03 1.511370e+03 
2.275152e-01 1.669503e+03 1.473362e+03 
2.305354e-01 1.623561e+03 1.436684e+03 
2.335556e-01 1.584057e+03 1.401276e+03 
2.365758e-01 1.550491e+03 1.367081e+03 
2.395960e-01 1.522111e+03 1.334048e+03 
2.426162e-01 1.497923e+03 1.302125e+03 
2.456364e-01 1.476835e+03 1.271266e+03 
2.486566e-01 1.457679e+03 1.241425e+03 
2.516768e-01 1.439285e+03 1.212559e+03 
2.546970e-01 1.420533e+03 1.184627e+03 
2.577172e-01 1.400516e+03 1.157592e+03 
2.607374e-01 1.378568e+03 1.131416e+03 
2.637576e-01 1.354402e+03 1.106065e+03 
2.667778e-01 1.328025e+03 1.081505e+03 
2.697980e-01 1.299705e+03 1.057705e+03 
2.728182e-01 1.269887e+03 1.034636e+03 
2.758384e-01 1.239107e+03 1.012267e+03 
2.788586e-01 1.207956e+03 9.905726e+02 
2.818788e-01 1.177041e+03 9.695265e+02 
2.848990e-01 1.146976e+03 9.491039e+02 
2.879192e-01 1.118315e+03 9.292811e+02 
2.909394e-01 1.091540e+03 9.100358e+02 
2.939596e-01 1.066951e+03 8.913464e+02 
2.969798e-01 1.044701e+03 8.731924e+02 
3.000000e-01 1.024722e+03 8.555542e+02 
