1.000000e-03 4.713553e+03 4.713504e+03 
4.020202e-03 1.555143e+04 1.567285e+04 
7.040404e-03 2.258567e+04 2.274795e+04 
1.006061e-02 2.683893e+04 2.702207e+04 
1.308081e-02 2.902928e+04 2.924218e+04 
1.610101e-02 2.967686e+04 2.985572e+04 
1.912121e-02 2.919108e+04 2.921266e+04 
2.214141e-02 2.791369e+04 2.771065e+04 
2.516162e-02 2.613510e+04 2.577761e+04 
2.818182e-02 2.409761e+04 2.375882e+04 
3.120202e-02 2.199371e+04 2.185426e+04 
3.422222e-02 1.996721e+04 2.014132e+04 
3.724242e-02 1.811431e+04 1.862799e+04 
4.026263e-02 1.649345e+04 1.729398e+04 
4.328283e-02 1.512046e+04 1.611231e+04 
4.630303e-02 1.399116e+04 1.505793e+04 
4.932323e-02 1.310628e+04 1.411006e+04 
5.234343e-02 1.242529e+04 1.325217e+04 
5.536364e-02 1.190052e+04 1.247126e+04 
5.838384e-02 1.149595e+04 1.175699e+04 
6.140404e-02 1.117000e+04 1.110105e+04 
6.442424e-02 1.088386e+04 1.049667e+04 
6.744444e-02 1.060454e+04 9.938208e+03 
7.046465e-02 1.030564e+04 9.420928e+03 
7.348485e-02 9.968680e+03 8.940769e+03 
7.650505e-02 9.583604e+03 8.494223e+03 
7.952525e-02 9.149317e+03 8.078229e+03 
8.254545e-02 8.673689e+03 7.690093e+03 
8.556566e-02 8.170057e+03 7.327428e+03 
8.858586e-02 7.654986e+03 6.988107e+03 
9.160606e-02 7.146180e+03 6.670225e+03 
9.462626e-02 6.660040e+03 6.372073e+03 
9.764646e-02 6.211315e+03 6.092107e+03 
1.006667e-01 5.810909e+03 5.828932e+03 
1.036869e-01 5.466370e+03 5.581282e+03 
1.067071e-01 5.180166e+03 5.348008e+03 
1.097273e-01 4.950846e+03 5.128061e+03 
1.127475e-01 4.773150e+03 4.920487e+03 
1.157677e-01 4.639550e+03 4.724412e+03 
1.187879e-01 4.541121e+03 4.539037e+03 
1.218081e-01 4.468101e+03 4.363629e+03 
1.248283e-01 4.410509e+03 4.197515e+03 
1.278485e-01 4.358495e+03 4.040077e+03 
1.308687e-01 4.303161e+03 3.890745e+03 
1.338889e-01 4.236912e+03 3.748995e+03 
1.369091e-01 4.154602e+03 3.614342e+03 
1.399293e-01 4.053150e+03 3.486339e+03 
1.429495e-01 3.932563e+03 3.364573e+03 
1.459697e-01 3.794581e+03 3.248662e+03 
1.489899e-01 3.642845e+03 3.138250e+03 
1.520101e-01 3.481903e+03 3.033009e+03 
1.550303e-01 3.317078e+03 2.932633e+03 
1.580505e-01 3.153944e+03 2.836839e+03 
1.610707e-01 2.998043e+03 2.745362e+03 
1.640909e-01 2.854096e+03 2.657957e+03 
1.671111e-01 2.725862e+03 2.574395e+03 
1.701313e-01 2.615339e+03 2.494462e+03 
1.731515e-01 2.523126e+03 2.417959e+03 
1.761717e-01 2.448335e+03 2.344701e+03 
1.791919e-01 2.389209e+03 2.274511e+03 
1.822121e-01 2.343410e+03 2.207229e+03 
1.852323e-01 2.308224e+03 2.142702e+03 
1.882525e-01 2.280722e+03 2.080786e+03 
1.912727e-01 2.257770e+03 2.021347e+03 
1.942929e-01 2.236203e+03 1.964261e+03 
1.973131e-01 2.212913e+03 1.909409e+03 
2.003333e-01 2.185343e+03 1.856680e+03 
2.033535e-01 2.151510e+03 1.805970e+03 
2.063737e-01 2.110581e+03 1.757181e+03 
2.093939e-01 2.062450e+03 1.710220e+03 
2.124141e-01 2.007906e+03 1.665000e+03 
2.154343e-01 1.948203e+03 1.621440e+03 
2.184545e-01 1.885023e+03 1.579462e+03 
2.214747e-01 1.820180e+03 1.538993e+03 
2.244949e-01 1.755545e+03 1.499964e+03 
2.275152e-01 1.692899e+03 1.462310e+03 
2.305354e-01 1.633870e+03 1.425969e+03 
2.335556e-01 1.579724e+03 1.390884e+03 
2.365758e-01 1.531366e+03 1.356998e+03 
2.395960e-01 1.489241e+03 1.324260e+03 
2.426162e-01 1.453370e+03 1.292620e+03 
2.456364e-01 1.423420e+03 1.262031e+03 
2.486566e-01 1.398680e+03 1.232449e+03 
2.516768e-01 1.378232e+03 1.203832e+03 
2.546970e-01 1.360971e+03 1.176139e+03 
2.577172e-01 1.345731e+03 1.149333e+03 
2.607374e-01 1.331311e+03 1.123377e+03 
2.637576e-01 1.316646e+03 1.098236e+03 
2.667778e-01 1.300823e+03 1.073880e+03 
2.697980e-01 1.283189e+03 1.050275e+03 
2.728182e-01 1.263297e+03 1.027393e+03 
2.758384e-01 1.241020e+03 1.005205e+03 
2.788586e-01 1.216438e+03 9.836844e+02 
2.818788e-01 1.189870e+03 9.628057e+02 
2.848990e-01 1.161782e+03 9.425445e+02 
2.879192e-01 1.132760e+03 9.228773e+02 
2.909394e-01 1.103474e+03 9.037820e+02 
2.939596e-01 1.074603e+03 8.852373e+02 
2.969798e-01 1.046752e+03 8.672229e+02 
3.000000e-01 1.020442e+03 8.497196e+02 
