1.000000e-03 4.816386e+03 4.816341e+03 
4.020202e-03 1.628037e+04 1.640825e+04 
7.040404e-03 2.387705e+04 2.405598e+04 
1.006061e-02 2.854170e+04 2.876108e+04 
1.308081e-02 3.098706e+04 3.126697e+04 
1.610101e-02 3.174531e+04 3.201887e+04 
1.912121e-02 3.124523e+04 3.136176e+04 
2.214141e-02 2.985503e+04 2.970501e+04 
2.516162e-02 2.789013e+04 2.751981e+04 
2.818182e-02 2.561974e+04 2.521206e+04 
3.120202e-02 2.326154e+04 2.303160e+04 
3.422222e-02 2.097957e+04 2.108174e+04 
3.724242e-02 1.888615e+04 1.937673e+04 
4.026263e-02 1.705068e+04 1.789222e+04 
4.328283e-02 1.549439e+04 1.659376e+04 
4.630303e-02 1.421736e+04 1.544884e+04 
4.932323e-02 1.322048e+04 1.443039e+04 
5.234343e-02 1.246163e+04 1.351704e+04 
5.536364e-02 1.189203e+04 1.269207e+04 
5.838384e-02 1.147083e+04 1.194245e+04 
6.140404e-02 1.115285e+04 1.125785e+04 
6.442424e-02 1.089470e+04 1.063001e+04 
6.744444e-02 1.065767e+04 1.005218e+04 
7.046465e-02 1.040973e+04 9.518767e+03 
7.348485e-02 1.012580e+04 9.025071e+03 
7.650505e-02 9.789337e+03 8.567091e+03 
7.952525e-02 9.393460e+03 8.141382e+03 
8.254545e-02 8.941554e+03 7.744946e+03 
8.556566e-02 8.444767e+03 7.375157e+03 
8.858586e-02 7.919560e+03 7.029695e+03 
9.160606e-02 7.385229e+03 6.706500e+03 
9.462626e-02 6.861268e+03 6.403734e+03 
9.764646e-02 6.366036e+03 6.119750e+03 
1.006667e-01 5.914402e+03 5.853067e+03 
1.036869e-01 5.517492e+03 5.602346e+03 
1.067071e-01 5.181520e+03 5.366379e+03 
1.097273e-01 4.907835e+03 5.144066e+03 
1.127475e-01 4.693845e+03 4.934409e+03 
1.157677e-01 4.533501e+03 4.736499e+03 
1.187879e-01 4.418943e+03 4.549505e+03 
1.218081e-01 4.340790e+03 4.372667e+03 
1.248283e-01 4.288879e+03 4.205289e+03 
1.278485e-01 4.252381e+03 4.046733e+03 
1.308687e-01 4.220788e+03 3.896411e+03 
1.338889e-01 4.184199e+03 3.753786e+03 
1.369091e-01 4.134735e+03 3.618358e+03 
1.399293e-01 4.066378e+03 3.489670e+03 
1.429495e-01 3.976224e+03 3.367298e+03 
1.459697e-01 3.863615e+03 3.250851e+03 
1.489899e-01 3.730281e+03 3.139966e+03 
1.520101e-01 3.579726e+03 3.034307e+03 
1.550303e-01 3.416761e+03 2.933563e+03 
1.580505e-01 3.247471e+03 2.837444e+03 
1.610707e-01 3.078343e+03 2.745683e+03 
1.640909e-01 2.915804e+03 2.658029e+03 
1.671111e-01 2.765343e+03 2.574249e+03 
1.701313e-01 2.631161e+03 2.494127e+03 
1.731515e-01 2.515594e+03 2.417459e+03 
1.761717e-01 2.419557e+03 2.344058e+03 
1.791919e-01 2.342387e+03 2.273747e+03 
1.822121e-01 2.282667e+03 2.206361e+03 
1.852323e-01 2.238324e+03 2.141746e+03 
1.882525e-01 2.206800e+03 2.079756e+03 
1.912727e-01 2.185056e+03 2.020257e+03 
1.942929e-01 2.169665e+03 1.963122e+03 
1.973131e-01 2.156995e+03 1.908231e+03 
2.003333e-01 2.143454e+03 1.855473e+03 
2.033535e-01 2.125838e+03 1.804741e+03 
2.063737e-01 2.101757e+03 1.755937e+03 
2.093939e-01 2.069739e+03 1.708969e+03 
2.124141e-01 2.029256e+03 1.663747e+03 
2.154343e-01 1.980694e+03 1.620190e+03 
2.184545e-01 1.925036e+03 1.578219e+03 
2.214747e-01 1.863832e+03 1.537762e+03 
2.244949e-01 1.798930e+03 1.498748e+03 
2.275152e-01 1.732463e+03 1.461112e+03 
2.305354e-01 1.666567e+03 1.424791e+03 
2.335556e-01 1.603310e+03 1.389729e+03 
2.365758e-01 1.544407e+03 1.355868e+03 
2.395960e-01 1.491250e+03 1.323156e+03 
2.426162e-01 1.444648e+03 1.291544e+03 
2.456364e-01 1.405000e+03 1.260985e+03 
2.486566e-01 1.372196e+03 1.231434e+03 
2.516768e-01 1.345764e+03 1.202848e+03 
2.546970e-01 1.324916e+03 1.175187e+03 
2.577172e-01 1.308594e+03 1.148413e+03 
2.607374e-01 1.295587e+03 1.122490e+03 
2.637576e-01 1.284583e+03 1.097383e+03 
2.667778e-01 1.274291e+03 1.073060e+03 
2.697980e-01 1.263508e+03 1.049489e+03 
2.728182e-01 1.251228e+03 1.026640e+03 
2.758384e-01 1.236655e+03 1.004485e+03 
2.788586e-01 1.219332e+03 9.829982e+02 
2.818788e-01 1.199042e+03 9.621525e+02 
2.848990e-01 1.175887e+03 9.419240e+02 
2.879192e-01 1.150178e+03 9.222893e+02 
2.909394e-01 1.122453e+03 9.032261e+02 
2.939596e-01 1.093389e+03 8.847131e+02 
2.969798e-01 1.063751e+03 8.667301e+02 
3.000000e-01 1.034310e+03 8.492576e+02 
