1.000000e-03 5.226305e+03 5.226248e+03 
4.020202e-03 1.763830e+04 1.777544e+04 
7.040404e-03 2.587474e+04 2.606950e+04 
1.006061e-02 3.093479e+04 3.118523e+04 
1.308081e-02 3.357678e+04 3.391224e+04 
1.610101e-02 3.436912e+04 3.471456e+04 
1.912121e-02 3.377543e+04 3.394791e+04 
2.214141e-02 3.219593e+04 3.204877e+04 
2.516162e-02 2.997924e+04 2.954120e+04 
2.818182e-02 2.742429e+04 2.689263e+04 
3.120202e-02 2.477286e+04 2.439871e+04 
3.422222e-02 2.220943e+04 2.218396e+04 
3.724242e-02 1.986050e+04 2.026537e+04 
4.026263e-02 1.780363e+04 1.861239e+04 
4.328283e-02 1.606150e+04 1.718185e+04 
4.630303e-02 1.463961e+04 1.593303e+04 
4.932323e-02 1.353373e+04 1.483221e+04 
5.234343e-02 1.269697e+04 1.385287e+04 
5.536364e-02 1.207864e+04 1.297445e+04 
5.838384e-02 1.163170e+04 1.218107e+04 
6.140404e-02 1.131010e+04 1.146028e+04 
6.442424e-02 1.106461e+04 1.080223e+04 
6.744444e-02 1.085081e+04 1.019898e+04 
7.046465e-02 1.063176e+04 9.644011e+03 
7.348485e-02 1.037709e+04 9.131924e+03 
7.650505e-02 1.006584e+04 8.658163e+03 
7.952525e-02 9.687716e+03 8.218845e+03 
8.254545e-02 9.243420e+03 7.810622e+03 
8.556566e-02 8.742839e+03 7.430586e+03 
8.858586e-02 8.202366e+03 7.076185e+03 
9.160606e-02 7.642384e+03 6.745170e+03 
9.462626e-02 7.084740e+03 6.435547e+03 
9.764646e-02 6.550099e+03 6.145538e+03 
1.006667e-01 6.057116e+03 5.873549e+03 
1.036869e-01 5.619211e+03 5.618150e+03 
1.067071e-01 5.245515e+03 5.378053e+03 
1.097273e-01 4.938775e+03 5.152090e+03 
1.127475e-01 4.697813e+03 4.939205e+03 
1.157677e-01 4.517219e+03 4.738439e+03 
1.187879e-01 4.389447e+03 4.548917e+03 
1.218081e-01 4.305332e+03 4.369841e+03 
1.248283e-01 4.254356e+03 4.200483e+03 
1.278485e-01 4.225335e+03 4.040176e+03 
1.308687e-01 4.206701e+03 3.888307e+03 
1.338889e-01 4.187432e+03 3.744315e+03 
1.369091e-01 4.157517e+03 3.607682e+03 
1.399293e-01 4.109447e+03 3.477934e+03 
1.429495e-01 4.037931e+03 3.354631e+03 
1.459697e-01 3.940979e+03 3.237369e+03 
1.489899e-01 3.818801e+03 3.125771e+03 
1.520101e-01 3.674275e+03 3.019494e+03 
1.550303e-01 3.512023e+03 2.918214e+03 
1.580505e-01 3.338199e+03 2.821635e+03 
1.610707e-01 3.159945e+03 2.729480e+03 
1.640909e-01 2.984665e+03 2.641493e+03 
1.671111e-01 2.819075e+03 2.557434e+03 
1.701313e-01 2.668625e+03 2.477082e+03 
1.731515e-01 2.536856e+03 2.400229e+03 
1.761717e-01 2.425592e+03 2.326681e+03 
1.791919e-01 2.335233e+03 2.256259e+03 
1.822121e-01 2.264864e+03 2.188794e+03 
1.852323e-01 2.212831e+03 2.124128e+03 
1.882525e-01 2.176771e+03 2.062114e+03 
1.912727e-01 2.153744e+03 2.002613e+03 
1.942929e-01 2.140206e+03 1.945497e+03 
1.973131e-01 2.132253e+03 1.890643e+03 
2.003333e-01 2.125835e+03 1.837939e+03 
2.033535e-01 2.117153e+03 1.787276e+03 
2.063737e-01 2.102933e+03 1.738555e+03 
2.093939e-01 2.080870e+03 1.691680e+03 
2.124141e-01 2.049590e+03 1.646563e+03 
2.154343e-01 2.008635e+03 1.603120e+03 
2.184545e-01 1.958544e+03 1.561271e+03 
2.214747e-01 1.900493e+03 1.520943e+03 
2.244949e-01 1.836311e+03 1.482064e+03 
2.275152e-01 1.768163e+03 1.444569e+03 
2.305354e-01 1.698525e+03 1.408395e+03 
2.335556e-01 1.629825e+03 1.373482e+03 
2.365758e-01 1.564356e+03 1.339775e+03 
2.395960e-01 1.503928e+03 1.307220e+03 
2.426162e-01 1.449964e+03 1.275767e+03 
2.456364e-01 1.403311e+03 1.245369e+03 
2.486566e-01 1.364337e+03 1.215980e+03 
2.516768e-01 1.332891e+03 1.187558e+03 
2.546970e-01 1.308399e+03 1.160062e+03 
2.577172e-01 1.289977e+03 1.133454e+03 
2.607374e-01 1.276402e+03 1.107696e+03 
2.637576e-01 1.266313e+03 1.082755e+03 
2.667778e-01 1.258258e+03 1.058598e+03 
2.697980e-01 1.250825e+03 1.035192e+03 
2.728182e-01 1.242680e+03 1.012508e+03 
2.758384e-01 1.232732e+03 9.905183e+02 
2.788586e-01 1.220095e+03 9.691946e+02 
2.818788e-01 1.204207e+03 9.485116e+02 
2.848990e-01 1.184794e+03 9.284446e+02 
2.879192e-01 1.161939e+03 9.089703e+02 
2.909394e-01 1.136012e+03 8.900662e+02 
2.939596e-01 1.107613e+03 8.717110e+02 
2.969798e-01 1.077559e+03 8.538843e+02 
3.000000e-01 1.046741e+03 8.365667e+02 
