1.000000e-03 5.195146e+03 5.195098e+03 
4.020202e-03 1.751330e+04 1.769996e+04 
7.040404e-03 2.567854e+04 2.603658e+04 
1.006061e-02 3.068901e+04 3.131508e+04 
1.308081e-02 3.329944e+04 3.445627e+04 
1.610101e-02 3.407502e+04 3.611140e+04 
1.912121e-02 3.347649e+04 3.674891e+04 
2.214141e-02 3.190142e+04 3.670770e+04 
2.516162e-02 2.969591e+04 3.622254e+04 
2.818182e-02 2.715657e+04 3.545006e+04 
3.120202e-02 2.452310e+04 3.449453e+04 
3.422222e-02 2.197824e+04 3.342670e+04 
3.724242e-02 1.964711e+04 3.229555e+04 
4.026263e-02 1.760626e+04 3.113534e+04 
4.328283e-02 1.587788e+04 2.997013e+04 
4.630303e-02 1.446713e+04 2.881674e+04 
4.932323e-02 1.336952e+04 2.768677e+04 
5.234343e-02 1.253844e+04 2.658804e+04 
5.536364e-02 1.192358e+04 2.552565e+04 
5.838384e-02 1.147831e+04 2.450267e+04 
6.140404e-02 1.115704e+04 2.352075e+04 
6.442424e-02 1.091108e+04 2.258049e+04 
6.744444e-02 1.069659e+04 2.168171e+04 
7.046465e-02 1.047714e+04 2.082374e+04 
7.348485e-02 1.022282e+04 2.000552e+04 
7.650505e-02 9.913011e+03 1.922575e+04 
7.952525e-02 9.537645e+03 1.848297e+04 
8.254545e-02 9.097465e+03 1.777563e+04 
8.556566e-02 8.602249e+03 1.710212e+04 
8.858586e-02 8.068162e+03 1.646086e+04 
9.160606e-02 7.515266e+03 1.585025e+04 
9.462626e-02 6.965041e+03 1.526874e+04 
9.764646e-02 6.437779e+03 1.471483e+04 
1.006667e-01 5.951779e+03 1.418707e+04 
1.036869e-01 5.520178e+03 1.368408e+04 
1.067071e-01 5.151892e+03 1.320453e+04 
1.097273e-01 4.849566e+03 1.274717e+04 
1.127475e-01 4.611990e+03 1.231080e+04 
1.157677e-01 4.433806e+03 1.189430e+04 
1.187879e-01 4.307568e+03 1.149660e+04 
1.218081e-01 4.224248e+03 1.111668e+04 
1.248283e-01 4.173502e+03 1.075360e+04 
1.278485e-01 4.144340e+03 1.040646e+04 
1.308687e-01 4.125406e+03 1.007442e+04 
1.338889e-01 4.105886e+03 9.756683e+03 
1.369091e-01 4.075964e+03 9.452496e+03 
1.399293e-01 4.028282e+03 9.161157e+03 
1.429495e-01 3.957659e+03 8.882001e+03 
1.459697e-01 3.862152e+03 8.614403e+03 
1.489899e-01 3.741974e+03 8.357776e+03 
1.520101e-01 3.599948e+03 8.111564e+03 
1.550303e-01 3.440609e+03 7.875246e+03 
1.580505e-01 3.269986e+03 7.648329e+03 
1.610707e-01 3.095074e+03 7.430350e+03 
1.640909e-01 2.923122e+03 7.220873e+03 
1.671111e-01 2.760705e+03 7.019483e+03 
1.701313e-01 2.613153e+03 6.825794e+03 
1.731515e-01 2.483926e+03 6.639437e+03 
1.761717e-01 2.374806e+03 6.460066e+03 
1.791919e-01 2.286176e+03 6.287354e+03 
1.822121e-01 2.217135e+03 6.120991e+03 
1.852323e-01 2.166059e+03 5.960686e+03 
1.882525e-01 2.130632e+03 5.806161e+03 
1.912727e-01 2.107971e+03 5.657155e+03 
1.942929e-01 2.094606e+03 5.513421e+03 
1.973131e-01 2.086714e+03 5.374724e+03 
2.003333e-01 2.080330e+03 5.240842e+03 
2.033535e-01 2.071737e+03 5.111565e+03 
2.063737e-01 2.057731e+03 4.986693e+03 
2.093939e-01 2.036057e+03 4.866037e+03 
2.124141e-01 2.005370e+03 4.749418e+03 
2.154343e-01 1.965225e+03 4.636665e+03 
2.184545e-01 1.916147e+03 4.527616e+03 
2.214747e-01 1.859290e+03 4.422118e+03 
2.244949e-01 1.796442e+03 4.320024e+03 
2.275152e-01 1.729721e+03 4.221196e+03 
2.305354e-01 1.661548e+03 4.125501e+03 
2.335556e-01 1.594300e+03 4.032814e+03 
2.365758e-01 1.530219e+03 3.943015e+03 
2.395960e-01 1.471074e+03 3.855990e+03 
2.426162e-01 1.418256e+03 3.771631e+03 
2.456364e-01 1.372594e+03 3.689833e+03 
2.486566e-01 1.334446e+03 3.610499e+03 
2.516768e-01 1.303663e+03 3.533533e+03 
2.546970e-01 1.279685e+03 3.458848e+03 
2.577172e-01 1.261645e+03 3.386356e+03 
2.607374e-01 1.248348e+03 3.315975e+03 
2.637576e-01 1.238462e+03 3.247629e+03 
2.667778e-01 1.230567e+03 3.181241e+03 
2.697980e-01 1.223280e+03 3.116742e+03 
2.728182e-01 1.215299e+03 3.054061e+03 
2.758384e-01 1.205556e+03 2.993135e+03 
2.788586e-01 1.193184e+03 2.933901e+03 
2.818788e-01 1.177634e+03 2.876298e+03 
2.848990e-01 1.158638e+03 2.820270e+03 
2.879192e-01 1.136277e+03 2.765763e+03 
2.909394e-01 1.110913e+03 2.712722e+03 
2.939596e-01 1.083133e+03 2.661099e+03 
2.969798e-01 1.053735e+03 2.610845e+03 
3.000000e-01 1.023591e+03 2.561913e+03 
