1.000000e-03 9.196811e+03 9.196728e+03 
4.020202e-03 3.036902e+04 3.060962e+04 
7.040404e-03 4.410299e+04 4.447621e+04 
1.006061e-02 5.229418e+04 5.286590e+04 
1.308081e-02 5.627266e+04 5.717081e+04 
1.610101e-02 5.701435e+04 5.814207e+04 
1.912121e-02 5.532008e+04 5.627754e+04 
2.214141e-02 5.188872e+04 5.220909e+04 
2.516162e-02 4.734347e+04 4.683451e+04 
2.818182e-02 4.222472e+04 4.110906e+04 
3.120202e-02 3.697969e+04 3.574380e+04 
3.422222e-02 3.195026e+04 3.108868e+04 
3.724242e-02 2.737372e+04 2.721176e+04 
4.026263e-02 2.338997e+04 2.403495e+04 
4.328283e-02 2.004467e+04 2.143363e+04 
4.630303e-02 1.733878e+04 1.928646e+04 
4.932323e-02 1.523856e+04 1.749264e+04 
5.234343e-02 1.367182e+04 1.597397e+04 
5.536364e-02 1.255079e+04 1.467149e+04 
5.838384e-02 1.179294e+04 1.354110e+04 
6.140404e-02 1.132181e+04 1.254975e+04 
6.442424e-02 1.105869e+04 1.167241e+04 
6.744444e-02 1.093577e+04 1.088988e+04 
7.046465e-02 1.089127e+04 1.018723e+04 
7.348485e-02 1.086636e+04 9.552678e+03 
7.650505e-02 1.080800e+04 8.976777e+03 
7.952525e-02 1.067321e+04 8.451853e+03 
8.254545e-02 1.043209e+04 7.971587e+03 
8.556566e-02 1.007019e+04 7.530718e+03 
8.858586e-02 9.589699e+03 7.124816e+03 
9.160606e-02 9.007169e+03 6.750114e+03 
9.462626e-02 8.348420e+03 6.403384e+03 
9.764646e-02 7.646813e+03 6.081834e+03 
1.006667e-01 6.937251e+03 5.783039e+03 
1.036869e-01 6.252524e+03 5.504874e+03 
1.067071e-01 5.619628e+03 5.245467e+03 
1.097273e-01 5.059052e+03 5.003167e+03 
1.127475e-01 4.582354e+03 4.776504e+03 
1.157677e-01 4.195072e+03 4.564170e+03 
1.187879e-01 3.896067e+03 4.364991e+03 
1.218081e-01 3.680671e+03 4.177916e+03 
1.248283e-01 3.541113e+03 4.001998e+03 
1.278485e-01 3.467447e+03 3.836381e+03 
1.308687e-01 3.448243e+03 3.680291e+03 
1.338889e-01 3.470688e+03 3.533025e+03 
1.369091e-01 3.521235e+03 3.393945e+03 
1.399293e-01 3.585749e+03 3.262468e+03 
1.429495e-01 3.650466e+03 3.138062e+03 
1.459697e-01 3.702248e+03 3.020243e+03 
1.489899e-01 3.729684e+03 2.908565e+03 
1.520101e-01 3.723350e+03 2.802619e+03 
1.550303e-01 3.676942e+03 2.702030e+03 
1.580505e-01 3.588157e+03 2.606453e+03 
1.610707e-01 3.458599e+03 2.515569e+03 
1.640909e-01 3.294467e+03 2.429084e+03 
1.671111e-01 3.104549e+03 2.346728e+03 
1.701313e-01 2.899776e+03 2.268248e+03 
1.731515e-01 2.690871e+03 2.193413e+03 
1.761717e-01 2.487717e+03 2.122007e+03 
1.791919e-01 2.298086e+03 2.053829e+03 
1.822121e-01 2.128090e+03 1.988694e+03 
1.852323e-01 1.981673e+03 1.926429e+03 
1.882525e-01 1.861338e+03 1.866872e+03 
1.912727e-01 1.768060e+03 1.809874e+03 
1.942929e-01 1.701377e+03 1.755294e+03 
1.973131e-01 1.659701e+03 1.703002e+03 
2.003333e-01 1.640192e+03 1.652875e+03 
2.033535e-01 1.639258e+03 1.604799e+03 
2.063737e-01 1.652558e+03 1.558668e+03 
2.093939e-01 1.675442e+03 1.514381e+03 
2.124141e-01 1.703083e+03 1.471843e+03 
2.154343e-01 1.730739e+03 1.430967e+03 
2.184545e-01 1.753872e+03 1.391671e+03 
2.214747e-01 1.768388e+03 1.353875e+03 
2.244949e-01 1.770941e+03 1.317508e+03 
2.275152e-01 1.759081e+03 1.282500e+03 
2.305354e-01 1.731812e+03 1.248787e+03 
2.335556e-01 1.689299e+03 1.216307e+03 
2.365758e-01 1.633270e+03 1.185002e+03 
2.395960e-01 1.566331e+03 1.154820e+03 
2.426162e-01 1.491870e+03 1.125707e+03 
2.456364e-01 1.413475e+03 1.097617e+03 
2.486566e-01 1.334728e+03 1.070502e+03 
2.516768e-01 1.258819e+03 1.044320e+03 
2.546970e-01 1.188496e+03 1.019030e+03 
2.577172e-01 1.125894e+03 9.945927e+02 
2.607374e-01 1.072471e+03 9.709717e+02 
2.637576e-01 1.029092e+03 9.481322e+02 
2.667778e-01 9.958973e+02 9.260411e+02 
2.697980e-01 9.725644e+02 9.046670e+02 
2.728182e-01 9.582605e+02 8.839803e+02 
2.758384e-01 9.518192e+02 8.639527e+02 
2.788586e-01 9.517935e+02 8.445573e+02 
2.818788e-01 9.565367e+02 8.257687e+02 
2.848990e-01 9.642911e+02 8.075626e+02 
2.879192e-01 9.732171e+02 7.899159e+02 
2.909394e-01 9.814928e+02 7.728067e+02 
2.939596e-01 9.873647e+02 7.562139e+02 
2.969798e-01 9.893504e+02 7.401178e+02 
3.000000e-01 9.862565e+02 7.244992e+02 
