1.000000e-03 2.860617e+03 2.860590e+03 
4.020202e-03 9.628281e+03 9.701850e+03 
7.040404e-03 1.420713e+04 1.429823e+04 
1.006061e-02 1.714191e+04 1.721589e+04 
1.308081e-02 1.884062e+04 1.888662e+04 
1.610101e-02 1.960719e+04 1.959449e+04 
1.912121e-02 1.968002e+04 1.957112e+04 
2.214141e-02 1.925652e+04 1.905539e+04 
2.516162e-02 1.850301e+04 1.827281e+04 
2.818182e-02 1.755662e+04 1.738880e+04 
3.120202e-02 1.652677e+04 1.649710e+04 
3.422222e-02 1.549605e+04 1.563965e+04 
3.724242e-02 1.452307e+04 1.483063e+04 
4.026263e-02 1.364071e+04 1.407215e+04 
4.328283e-02 1.286058e+04 1.336196e+04 
4.630303e-02 1.219825e+04 1.269666e+04 
4.932323e-02 1.164655e+04 1.207284e+04 
5.234343e-02 1.118320e+04 1.148737e+04 
5.536364e-02 1.078437e+04 1.093749e+04 
5.838384e-02 1.042916e+04 1.042070e+04 
6.140404e-02 1.010048e+04 9.934738e+03 
6.442424e-02 9.784525e+03 9.477531e+03 
6.744444e-02 9.465181e+03 9.047169e+03 
7.046465e-02 9.129874e+03 8.641877e+03 
7.348485e-02 8.773269e+03 8.260002e+03 
7.650505e-02 8.396042e+03 7.900001e+03 
7.952525e-02 8.004049e+03 7.560439e+03 
8.254545e-02 7.607111e+03 7.239974e+03 
8.556566e-02 7.215752e+03 6.937357e+03 
8.858586e-02 6.839328e+03 6.651424e+03 
9.160606e-02 6.485419e+03 6.381090e+03 
9.462626e-02 6.159557e+03 6.125346e+03 
9.764646e-02 5.865724e+03 5.883255e+03 
1.006667e-01 5.606758e+03 5.653944e+03 
1.036869e-01 5.383363e+03 5.436601e+03 
1.067071e-01 5.194566e+03 5.230471e+03 
1.097273e-01 5.036321e+03 5.034855e+03 
1.127475e-01 4.903065e+03 4.849099e+03 
1.157677e-01 4.787542e+03 4.672597e+03 
1.187879e-01 4.682593e+03 4.504786e+03 
1.218081e-01 4.581690e+03 4.345140e+03 
1.248283e-01 4.479713e+03 4.193171e+03 
1.278485e-01 4.372975e+03 4.048424e+03 
1.308687e-01 4.259388e+03 3.910475e+03 
1.338889e-01 4.138015e+03 3.778930e+03 
1.369091e-01 4.009373e+03 3.653419e+03 
1.399293e-01 3.874789e+03 3.533600e+03 
1.429495e-01 3.736589e+03 3.419151e+03 
1.459697e-01 3.597453e+03 3.309773e+03 
1.489899e-01 3.460345e+03 3.205186e+03 
1.520101e-01 3.328118e+03 3.105128e+03 
1.550303e-01 3.203409e+03 3.009355e+03 
1.580505e-01 3.088297e+03 2.917635e+03 
1.610707e-01 2.984336e+03 2.829755e+03 
1.640909e-01 2.892124e+03 2.745514e+03 
1.671111e-01 2.811586e+03 2.664722e+03 
1.701313e-01 2.741577e+03 2.587202e+03 
1.731515e-01 2.680475e+03 2.512787e+03 
1.761717e-01 2.626201e+03 2.441322e+03 
1.791919e-01 2.576693e+03 2.372659e+03 
1.822121e-01 2.530043e+03 2.306659e+03 
1.852323e-01 2.484579e+03 2.243193e+03 
1.882525e-01 2.438867e+03 2.182138e+03 
1.912727e-01 2.391732e+03 2.123379e+03 
1.942929e-01 2.342226e+03 2.066806e+03 
1.973131e-01 2.289898e+03 2.012317e+03 
2.003333e-01 2.234677e+03 1.959814e+03 
2.033535e-01 2.177182e+03 1.909207e+03 
2.063737e-01 2.118315e+03 1.860409e+03 
2.093939e-01 2.059242e+03 1.813338e+03 
2.124141e-01 2.001078e+03 1.767916e+03 
2.154343e-01 1.944813e+03 1.724071e+03 
2.184545e-01 1.891193e+03 1.681732e+03 
2.214747e-01 1.840762e+03 1.640836e+03 
2.244949e-01 1.793885e+03 1.601318e+03 
2.275152e-01 1.750801e+03 1.563121e+03 
2.305354e-01 1.711535e+03 1.526188e+03 
2.335556e-01 1.675942e+03 1.490467e+03 
2.365758e-01 1.643595e+03 1.455906e+03 
2.395960e-01 1.613935e+03 1.422458e+03 
2.426162e-01 1.586276e+03 1.390077e+03 
2.456364e-01 1.559942e+03 1.358721e+03 
2.486566e-01 1.534293e+03 1.328347e+03 
2.516768e-01 1.508823e+03 1.298918e+03 
2.546970e-01 1.483130e+03 1.270395e+03 
2.577172e-01 1.456945e+03 1.242742e+03 
2.607374e-01 1.430092e+03 1.215927e+03 
2.637576e-01 1.402545e+03 1.189917e+03 
2.667778e-01 1.374387e+03 1.164681e+03 
2.697980e-01 1.345842e+03 1.140190e+03 
2.728182e-01 1.317204e+03 1.116416e+03 
2.758384e-01 1.288829e+03 1.093331e+03 
2.788586e-01 1.261055e+03 1.070912e+03 
2.818788e-01 1.234191e+03 1.049132e+03 
2.848990e-01 1.208456e+03 1.027970e+03 
2.879192e-01 1.184000e+03 1.007402e+03 
2.909394e-01 1.160891e+03 9.874073e+02 
2.939596e-01 1.139143e+03 9.679657e+02 
2.969798e-01 1.118713e+03 9.490576e+02 
3.000000e-01 1.099510e+03 9.306644e+02 
