1.000000e-03 4.838805e+03 4.838766e+03 
4.020202e-03 1.620618e+04 1.633418e+04 
7.040404e-03 2.358029e+04 2.375196e+04 
1.006061e-02 2.799558e+04 2.819337e+04 
1.308081e-02 3.021744e+04 3.044956e+04 
1.610101e-02 3.080511e+04 3.099941e+04 
1.912121e-02 3.020006e+04 3.022761e+04 
2.214141e-02 2.877335e+04 2.857447e+04 
2.516162e-02 2.683684e+04 2.650299e+04 
2.818182e-02 2.465048e+04 2.437340e+04 
3.120202e-02 2.241830e+04 2.238459e+04 
3.422222e-02 2.028978e+04 2.060716e+04 
3.724242e-02 1.836275e+04 1.904272e+04 
4.026263e-02 1.669396e+04 1.766662e+04 
4.328283e-02 1.529425e+04 1.644919e+04 
4.630303e-02 1.415616e+04 1.536379e+04 
4.932323e-02 1.327648e+04 1.438864e+04 
5.234343e-02 1.260640e+04 1.350656e+04 
5.536364e-02 1.209468e+04 1.270408e+04 
5.838384e-02 1.170181e+04 1.197050e+04 
6.140404e-02 1.137956e+04 1.129725e+04 
6.442424e-02 1.108812e+04 1.067730e+04 
6.744444e-02 1.079619e+04 1.010482e+04 
7.046465e-02 1.047727e+04 9.574883e+03 
7.348485e-02 1.011337e+04 9.083286e+03 
7.650505e-02 9.695905e+03 8.626386e+03 
7.952525e-02 9.226136e+03 8.201004e+03 
8.254545e-02 8.714939e+03 7.804342e+03 
8.556566e-02 8.178763e+03 7.433921e+03 
8.858586e-02 7.636923e+03 7.087534e+03 
9.160606e-02 7.109130e+03 6.763206e+03 
9.462626e-02 6.612565e+03 6.459162e+03 
9.764646e-02 6.161808e+03 6.173804e+03 
1.006667e-01 5.766543e+03 5.905686e+03 
1.036869e-01 5.432390e+03 5.653498e+03 
1.067071e-01 5.160020e+03 5.416052e+03 
1.097273e-01 4.946077e+03 5.192264e+03 
1.127475e-01 4.784054e+03 4.981149e+03 
1.157677e-01 4.665090e+03 4.781805e+03 
1.187879e-01 4.579104e+03 4.593407e+03 
1.218081e-01 4.515067e+03 4.415200e+03 
1.248283e-01 4.461998e+03 4.246492e+03 
1.278485e-01 4.409366e+03 4.086645e+03 
1.308687e-01 4.348389e+03 3.935075e+03 
1.338889e-01 4.272084e+03 3.791242e+03 
1.369091e-01 4.176742e+03 3.654648e+03 
1.399293e-01 4.060836e+03 3.524836e+03 
1.429495e-01 3.925634e+03 3.401379e+03 
1.459697e-01 3.773942e+03 3.283887e+03 
1.489899e-01 3.610090e+03 3.171996e+03 
1.520101e-01 3.439446e+03 3.065368e+03 
1.550303e-01 3.268071e+03 2.963691e+03 
1.580505e-01 3.102227e+03 2.866675e+03 
1.610707e-01 2.947709e+03 2.774050e+03 
1.640909e-01 2.808886e+03 2.685564e+03 
1.671111e-01 2.688511e+03 2.600984e+03 
1.701313e-01 2.587437e+03 2.520091e+03 
1.731515e-01 2.505038e+03 2.442682e+03 
1.761717e-01 2.439676e+03 2.368567e+03 
1.791919e-01 2.389054e+03 2.297568e+03 
1.822121e-01 2.350529e+03 2.229519e+03 
1.852323e-01 2.321124e+03 2.164266e+03 
1.882525e-01 2.297560e+03 2.101661e+03 
1.912727e-01 2.276269e+03 2.041570e+03 
1.942929e-01 2.253818e+03 1.983863e+03 
1.973131e-01 2.227081e+03 1.928421e+03 
2.003333e-01 2.194006e+03 1.875131e+03 
2.033535e-01 2.153380e+03 1.823887e+03 
2.063737e-01 2.105213e+03 1.774588e+03 
2.093939e-01 2.050176e+03 1.727142e+03 
2.124141e-01 1.989546e+03 1.681459e+03 
2.154343e-01 1.924946e+03 1.637456e+03 
2.184545e-01 1.858217e+03 1.595055e+03 
2.214747e-01 1.791331e+03 1.554182e+03 
2.244949e-01 1.726250e+03 1.514766e+03 
2.275152e-01 1.664810e+03 1.476741e+03 
2.305354e-01 1.608474e+03 1.440045e+03 
2.335556e-01 1.558257e+03 1.404619e+03 
2.365758e-01 1.514600e+03 1.370406e+03 
2.395960e-01 1.477527e+03 1.337354e+03 
2.426162e-01 1.446594e+03 1.305412e+03 
2.456364e-01 1.421105e+03 1.274534e+03 
2.486566e-01 1.400100e+03 1.244673e+03 
2.516768e-01 1.382475e+03 1.215787e+03 
2.546970e-01 1.367006e+03 1.187836e+03 
2.577172e-01 1.352446e+03 1.160781e+03 
2.607374e-01 1.337596e+03 1.134585e+03 
2.637576e-01 1.321479e+03 1.109214e+03 
2.667778e-01 1.303345e+03 1.084633e+03 
2.697980e-01 1.282797e+03 1.060813e+03 
2.728182e-01 1.259728e+03 1.037722e+03 
2.758384e-01 1.234303e+03 1.015333e+03 
2.788586e-01 1.206887e+03 9.936180e+02 
2.818788e-01 1.177971e+03 9.725510e+02 
2.848990e-01 1.148165e+03 9.521075e+02 
2.879192e-01 1.118130e+03 9.322638e+02 
2.909394e-01 1.088564e+03 9.129975e+02 
2.939596e-01 1.060120e+03 8.942871e+02 
2.969798e-01 1.033379e+03 8.761122e+02 
3.000000e-01 1.008745e+03 8.584531e+02 
