1.000000e-03 3.476015e+03 3.475983e+03 
4.020202e-03 1.151391e+04 1.160312e+04 
7.040404e-03 1.674404e+04 1.684858e+04 
1.006061e-02 1.994124e+04 2.001994e+04 
1.308081e-02 2.165866e+04 2.169643e+04 
1.610101e-02 2.229231e+04 2.225176e+04 
1.912121e-02 2.214434e+04 2.198993e+04 
2.214141e-02 2.145917e+04 2.121302e+04 
2.516162e-02 2.043654e+04 2.018676e+04 
2.818182e-02 1.923625e+04 1.909040e+04 
3.120202e-02 1.798229e+04 1.801643e+04 
3.422222e-02 1.676432e+04 1.700131e+04 
3.724242e-02 1.564072e+04 1.605425e+04 
4.026263e-02 1.464433e+04 1.517372e+04 
4.328283e-02 1.378640e+04 1.435493e+04 
4.630303e-02 1.305789e+04 1.359263e+04 
4.932323e-02 1.245135e+04 1.288195e+04 
5.234343e-02 1.194811e+04 1.221861e+04 
5.536364e-02 1.151015e+04 1.159880e+04 
5.838384e-02 1.111509e+04 1.101916e+04 
6.140404e-02 1.074352e+04 1.047666e+04 
6.442424e-02 1.037320e+04 9.968544e+03 
6.744444e-02 9.990822e+03 9.492293e+03 
7.046465e-02 9.589120e+03 9.045595e+03 
7.348485e-02 9.166095e+03 8.626322e+03 
7.650505e-02 8.726442e+03 8.232508e+03 
7.952525e-02 8.279228e+03 7.862343e+03 
8.254545e-02 7.835811e+03 7.514150e+03 
8.556566e-02 7.407180e+03 7.186385e+03 
8.858586e-02 7.002641e+03 6.877621e+03 
9.160606e-02 6.629757e+03 6.586539e+03 
9.462626e-02 6.294273e+03 6.311922e+03 
9.764646e-02 5.999440e+03 6.052647e+03 
1.006667e-01 5.746601e+03 5.807676e+03 
1.036869e-01 5.533422e+03 5.576049e+03 
1.067071e-01 5.355424e+03 5.356880e+03 
1.097273e-01 5.205213e+03 5.149350e+03 
1.127475e-01 5.074822e+03 4.952700e+03 
1.157677e-01 4.956251e+03 4.766231e+03 
1.187879e-01 4.842531e+03 4.589292e+03 
1.218081e-01 4.727930e+03 4.421283e+03 
1.248283e-01 4.608402e+03 4.261646e+03 
1.278485e-01 4.481244e+03 4.109864e+03 
1.308687e-01 4.345560e+03 3.965457e+03 
1.338889e-01 4.201661e+03 3.827981e+03 
1.369091e-01 4.051698e+03 3.697021e+03 
1.399293e-01 3.898588e+03 3.572192e+03 
1.429495e-01 3.745967e+03 3.453136e+03 
1.459697e-01 3.597252e+03 3.339519e+03 
1.489899e-01 3.455400e+03 3.231031e+03 
1.520101e-01 3.322876e+03 3.127382e+03 
1.550303e-01 3.201667e+03 3.028301e+03 
1.580505e-01 3.092936e+03 2.933536e+03 
1.610707e-01 2.997204e+03 2.842851e+03 
1.640909e-01 2.913898e+03 2.756025e+03 
1.671111e-01 2.841767e+03 2.672852e+03 
1.701313e-01 2.778595e+03 2.593138e+03 
1.731515e-01 2.721961e+03 2.516702e+03 
1.761717e-01 2.669426e+03 2.443374e+03 
1.791919e-01 2.618858e+03 2.372996e+03 
1.822121e-01 2.568503e+03 2.305417e+03 
1.852323e-01 2.517015e+03 2.240497e+03 
1.882525e-01 2.463386e+03 2.178103e+03 
1.912727e-01 2.407090e+03 2.118112e+03 
1.942929e-01 2.347955e+03 2.060407e+03 
1.973131e-01 2.286413e+03 2.004877e+03 
2.003333e-01 2.223227e+03 1.951419e+03 
2.033535e-01 2.159584e+03 1.899935e+03 
2.063737e-01 2.096689e+03 1.850332e+03 
2.093939e-01 2.035677e+03 1.802524e+03 
2.124141e-01 1.977482e+03 1.756428e+03 
2.154343e-01 1.922832e+03 1.711966e+03 
2.184545e-01 1.872142e+03 1.669066e+03 
2.214747e-01 1.825609e+03 1.627657e+03 
2.244949e-01 1.783166e+03 1.587673e+03 
2.275152e-01 1.744579e+03 1.549053e+03 
2.305354e-01 1.709364e+03 1.511738e+03 
2.335556e-01 1.676935e+03 1.475670e+03 
2.365758e-01 1.646612e+03 1.440798e+03 
2.395960e-01 1.617734e+03 1.407071e+03 
2.426162e-01 1.589679e+03 1.374441e+03 
2.456364e-01 1.561893e+03 1.342863e+03 
2.486566e-01 1.533888e+03 1.312294e+03 
2.516768e-01 1.505352e+03 1.282692e+03 
2.546970e-01 1.476100e+03 1.254019e+03 
2.577172e-01 1.446167e+03 1.226238e+03 
2.607374e-01 1.415715e+03 1.199313e+03 
2.637576e-01 1.385083e+03 1.173210e+03 
2.667778e-01 1.354628e+03 1.147899e+03 
2.697980e-01 1.324694e+03 1.123347e+03 
2.728182e-01 1.295571e+03 1.099527e+03 
2.758384e-01 1.267487e+03 1.076410e+03 
2.788586e-01 1.240627e+03 1.053970e+03 
2.818788e-01 1.215134e+03 1.032182e+03 
2.848990e-01 1.191069e+03 1.011021e+03 
2.879192e-01 1.168445e+03 9.904644e+02 
2.909394e-01 1.147199e+03 9.704904e+02 
2.939596e-01 1.127205e+03 9.510777e+02 
2.969798e-01 1.108238e+03 9.322063e+02 
3.000000e-01 1.090069e+03 9.138569e+02 
