1.000000e-03 3.935373e+03 3.935331e+03 
4.020202e-03 1.324554e+04 1.334736e+04 
7.040404e-03 1.952046e+04 1.966078e+04 
1.006061e-02 2.348832e+04 2.364918e+04 
1.308081e-02 2.569345e+04 2.588564e+04 
1.610101e-02 2.654533e+04 2.671976e+04 
1.912121e-02 2.637449e+04 2.642190e+04 
2.214141e-02 2.546464e+04 2.530646e+04 
2.516162e-02 2.406156e+04 2.373323e+04 
2.818182e-02 2.237622e+04 2.201534e+04 
3.120202e-02 2.058089e+04 2.035153e+04 
3.422222e-02 1.880858e+04 1.883107e+04 
3.724242e-02 1.715359e+04 1.747476e+04 
4.026263e-02 1.567727e+04 1.627200e+04 
4.328283e-02 1.440419e+04 1.520229e+04 
4.630303e-02 1.333839e+04 1.424486e+04 
4.932323e-02 1.248552e+04 1.338181e+04 
5.234343e-02 1.181988e+04 1.259866e+04 
5.536364e-02 1.130260e+04 1.188391e+04 
5.838384e-02 1.089874e+04 1.122841e+04 
6.140404e-02 1.057967e+04 1.062484e+04 
6.442424e-02 1.031362e+04 1.006722e+04 
6.744444e-02 1.006685e+04 9.550598e+03 
7.046465e-02 9.812615e+03 9.070807e+03 
7.348485e-02 9.530503e+03 8.624298e+03 
7.650505e-02 9.207454e+03 8.208001e+03 
7.952525e-02 8.839238e+03 7.819238e+03 
8.254545e-02 8.429817e+03 7.455649e+03 
8.556566e-02 7.988684e+03 7.115141e+03 
8.858586e-02 7.528882e+03 6.795843e+03 
9.160606e-02 7.064807e+03 6.496081e+03 
9.462626e-02 6.610649e+03 6.214343e+03 
9.764646e-02 6.179974e+03 5.949263e+03 
1.006667e-01 5.784328e+03 5.699603e+03 
1.036869e-01 5.433204e+03 5.464236e+03 
1.067071e-01 5.132231e+03 5.242136e+03 
1.097273e-01 4.883531e+03 5.032365e+03 
1.127475e-01 4.684991e+03 4.834066e+03 
1.157677e-01 4.531624e+03 4.646451e+03 
1.187879e-01 4.416300e+03 4.468800e+03 
1.218081e-01 4.330615e+03 4.300450e+03 
1.248283e-01 4.265737e+03 4.140789e+03 
1.278485e-01 4.213085e+03 3.989255e+03 
1.308687e-01 4.164474e+03 3.845329e+03 
1.338889e-01 4.112382e+03 3.708531e+03 
1.369091e-01 4.050587e+03 3.578418e+03 
1.399293e-01 3.974242e+03 3.454580e+03 
1.429495e-01 3.880877e+03 3.336635e+03 
1.459697e-01 3.769748e+03 3.224232e+03 
1.489899e-01 3.642535e+03 3.117041e+03 
1.520101e-01 3.502218e+03 3.014760e+03 
1.550303e-01 3.353159e+03 2.917103e+03 
1.580505e-01 3.200238e+03 2.823809e+03 
1.610707e-01 3.048651e+03 2.734631e+03 
1.640909e-01 2.903243e+03 2.649340e+03 
1.671111e-01 2.768358e+03 2.567722e+03 
1.701313e-01 2.647047e+03 2.489577e+03 
1.731515e-01 2.541374e+03 2.414719e+03 
1.761717e-01 2.452032e+03 2.342973e+03 
1.791919e-01 2.378730e+03 2.274175e+03 
1.822121e-01 2.320235e+03 2.208172e+03 
1.852323e-01 2.274682e+03 2.144820e+03 
1.882525e-01 2.239771e+03 2.083985e+03 
1.912727e-01 2.212768e+03 2.025539e+03 
1.942929e-01 2.190766e+03 1.969365e+03 
1.973131e-01 2.170763e+03 1.915349e+03 
2.003333e-01 2.149942e+03 1.863387e+03 
2.033535e-01 2.125795e+03 1.813380e+03 
2.063737e-01 2.096534e+03 1.765235e+03 
2.093939e-01 2.060984e+03 1.718863e+03 
2.124141e-01 2.018863e+03 1.674182e+03 
2.154343e-01 1.970424e+03 1.631113e+03 
2.184545e-01 1.916563e+03 1.589583e+03 
2.214747e-01 1.858531e+03 1.549521e+03 
2.244949e-01 1.797922e+03 1.510862e+03 
2.275152e-01 1.736471e+03 1.473543e+03 
2.305354e-01 1.675971e+03 1.437506e+03 
2.335556e-01 1.618057e+03 1.402693e+03 
2.365758e-01 1.564160e+03 1.369053e+03 
2.395960e-01 1.515253e+03 1.336534e+03 
2.426162e-01 1.471957e+03 1.305091e+03 
2.456364e-01 1.434472e+03 1.274676e+03 
2.486566e-01 1.402668e+03 1.245247e+03 
2.516768e-01 1.376140e+03 1.216764e+03 
2.546970e-01 1.354229e+03 1.189188e+03 
2.577172e-01 1.336109e+03 1.162482e+03 
2.607374e-01 1.320751e+03 1.136611e+03 
2.637576e-01 1.307058e+03 1.111542e+03 
2.667778e-01 1.293898e+03 1.087243e+03 
2.697980e-01 1.280259e+03 1.063684e+03 
2.728182e-01 1.265277e+03 1.040836e+03 
2.758384e-01 1.248403e+03 1.018672e+03 
2.788586e-01 1.229307e+03 9.971661e+02 
2.818788e-01 1.207946e+03 9.762927e+02 
2.848990e-01 1.184435e+03 9.560283e+02 
2.879192e-01 1.159080e+03 9.363504e+02 
2.909394e-01 1.132301e+03 9.172372e+02 
2.939596e-01 1.104622e+03 8.986680e+02 
2.969798e-01 1.076638e+03 8.806231e+02 
3.000000e-01 1.048977e+03 8.630836e+02 
