1.000000e-03 3.037889e+03 3.037854e+03 
4.020202e-03 9.926342e+03 1.000355e+04 
7.040404e-03 1.432975e+04 1.440458e+04 
1.006061e-02 1.700555e+04 1.701737e+04 
1.308081e-02 1.847248e+04 1.839431e+04 
1.610101e-02 1.908591e+04 1.890394e+04 
1.912121e-02 1.910394e+04 1.882997e+04 
2.214141e-02 1.872052e+04 1.840455e+04 
2.516162e-02 1.808584e+04 1.779438e+04 
2.818182e-02 1.731356e+04 1.709971e+04 
3.120202e-02 1.648718e+04 1.637435e+04 
3.422222e-02 1.566491e+04 1.564639e+04 
3.724242e-02 1.488278e+04 1.493098e+04 
4.026263e-02 1.415970e+04 1.423665e+04 
4.328283e-02 1.350133e+04 1.356830e+04 
4.630303e-02 1.290356e+04 1.292865e+04 
4.932323e-02 1.235989e+04 1.231901e+04 
5.234343e-02 1.185883e+04 1.173974e+04 
5.536364e-02 1.138335e+04 1.119056e+04 
5.838384e-02 1.092439e+04 1.067075e+04 
6.140404e-02 1.047685e+04 1.017929e+04 
6.442424e-02 1.003580e+04 9.714998e+03 
6.744444e-02 9.599187e+03 9.276573e+03 
7.046465e-02 9.168117e+03 8.862674e+03 
7.348485e-02 8.747174e+03 8.471953e+03 
7.650505e-02 8.342162e+03 8.103076e+03 
7.952525e-02 7.959038e+03 7.754750e+03 
8.254545e-02 7.601628e+03 7.425731e+03 
8.556566e-02 7.271844e+03 7.114833e+03 
8.858586e-02 6.969474e+03 6.820929e+03 
9.160606e-02 6.693772e+03 6.542959e+03 
9.462626e-02 6.443599e+03 6.279922e+03 
9.764646e-02 6.217008e+03 6.030883e+03 
1.006667e-01 6.010896e+03 5.794963e+03 
1.036869e-01 5.820868e+03 5.571344e+03 
1.067071e-01 5.641891e+03 5.359259e+03 
1.097273e-01 5.468956e+03 5.157994e+03 
1.127475e-01 5.299029e+03 4.966884e+03 
1.157677e-01 5.130158e+03 4.785307e+03 
1.187879e-01 4.962155e+03 4.612686e+03 
1.218081e-01 4.795620e+03 4.448482e+03 
1.248283e-01 4.631630e+03 4.292192e+03 
1.278485e-01 4.471477e+03 4.143348e+03 
1.308687e-01 4.316600e+03 4.001514e+03 
1.338889e-01 4.168441e+03 3.866282e+03 
1.369091e-01 4.028117e+03 3.737274e+03 
1.399293e-01 3.896492e+03 3.614133e+03 
1.429495e-01 3.773647e+03 3.496530e+03 
1.459697e-01 3.659325e+03 3.384154e+03 
1.489899e-01 3.552935e+03 3.276718e+03 
1.520101e-01 3.453754e+03 3.173949e+03 
1.550303e-01 3.360974e+03 3.075596e+03 
1.580505e-01 3.273695e+03 2.981421e+03 
1.610707e-01 3.190712e+03 2.891203e+03 
1.640909e-01 3.110763e+03 2.804733e+03 
1.671111e-01 3.032807e+03 2.721816e+03 
1.701313e-01 2.956006e+03 2.642269e+03 
1.731515e-01 2.880176e+03 2.565921e+03 
1.761717e-01 2.805371e+03 2.492609e+03 
1.791919e-01 2.731835e+03 2.422182e+03 
1.822121e-01 2.659864e+03 2.354497e+03 
1.852323e-01 2.589707e+03 2.289420e+03 
1.882525e-01 2.521616e+03 2.226824e+03 
1.912727e-01 2.455893e+03 2.166590e+03 
1.942929e-01 2.392836e+03 2.108606e+03 
1.973131e-01 2.332659e+03 2.052765e+03 
2.003333e-01 2.275491e+03 1.998967e+03 
2.033535e-01 2.221191e+03 1.947118e+03 
2.063737e-01 2.169537e+03 1.897129e+03 
2.093939e-01 2.120250e+03 1.848916e+03 
2.124141e-01 2.073036e+03 1.802398e+03 
2.154343e-01 2.027616e+03 1.757501e+03 
2.184545e-01 1.983713e+03 1.714152e+03 
2.214747e-01 1.941075e+03 1.672284e+03 
2.244949e-01 1.899481e+03 1.631833e+03 
2.275152e-01 1.858817e+03 1.592738e+03 
2.305354e-01 1.819016e+03 1.554942e+03 
2.335556e-01 1.780097e+03 1.518390e+03 
2.365758e-01 1.742092e+03 1.483030e+03 
2.395960e-01 1.705005e+03 1.448812e+03 
2.426162e-01 1.668839e+03 1.415690e+03 
2.456364e-01 1.633613e+03 1.383619e+03 
2.486566e-01 1.599358e+03 1.352557e+03 
2.516768e-01 1.566144e+03 1.322464e+03 
2.546970e-01 1.534038e+03 1.293300e+03 
2.577172e-01 1.503081e+03 1.265030e+03 
2.607374e-01 1.473269e+03 1.237619e+03 
2.637576e-01 1.444502e+03 1.211034e+03 
2.667778e-01 1.416662e+03 1.185242e+03 
2.697980e-01 1.389647e+03 1.160214e+03 
2.728182e-01 1.363375e+03 1.135921e+03 
2.758384e-01 1.337804e+03 1.112336e+03 
2.788586e-01 1.312902e+03 1.089431e+03 
2.818788e-01 1.288645e+03 1.067184e+03 
2.848990e-01 1.264996e+03 1.045568e+03 
2.879192e-01 1.241895e+03 1.024562e+03 
2.909394e-01 1.219292e+03 1.004143e+03 
2.939596e-01 1.197174e+03 9.842906e+02 
2.969798e-01 1.175543e+03 9.649848e+02 
3.000000e-01 1.154433e+03 9.462064e+02 
