1.000000e-03 4.959567e+03 4.959519e+03 
4.020202e-03 1.666737e+04 1.679741e+04 
7.040404e-03 2.447370e+04 2.465985e+04 
1.006061e-02 2.932058e+04 2.955741e+04 
1.308081e-02 3.190946e+04 3.222600e+04 
1.610101e-02 3.276550e+04 3.309941e+04 
1.912121e-02 3.231501e+04 3.250208e+04 
2.214141e-02 3.092551e+04 3.082372e+04 
2.516162e-02 2.891790e+04 2.853804e+04 
2.818182e-02 2.656814e+04 2.607998e+04 
3.120202e-02 2.410248e+04 2.373598e+04 
3.422222e-02 2.169485e+04 2.163538e+04 
3.724242e-02 1.946753e+04 1.980389e+04 
4.026263e-02 1.749791e+04 1.821866e+04 
4.328283e-02 1.581454e+04 1.684217e+04 
4.630303e-02 1.442306e+04 1.563748e+04 
4.932323e-02 1.332481e+04 1.457342e+04 
5.234343e-02 1.248343e+04 1.362514e+04 
5.536364e-02 1.185168e+04 1.277330e+04 
5.838384e-02 1.138550e+04 1.200286e+04 
6.140404e-02 1.104544e+04 1.130202e+04 
6.442424e-02 1.078717e+04 1.066140e+04 
6.744444e-02 1.056742e+04 1.007344e+04 
7.046465e-02 1.035111e+04 9.531960e+03 
7.348485e-02 1.010900e+04 9.031793e+03 
7.650505e-02 9.819703e+03 8.568598e+03 
7.952525e-02 9.471356e+03 8.138667e+03 
8.254545e-02 9.062583e+03 7.738804e+03 
8.556566e-02 8.600360e+03 7.366225e+03 
8.858586e-02 8.097838e+03 7.018490e+03 
9.160606e-02 7.572395e+03 6.693442e+03 
9.462626e-02 7.043223e+03 6.389169e+03 
9.764646e-02 6.529417e+03 6.103962e+03 
1.006667e-01 6.048346e+03 5.836291e+03 
1.036869e-01 5.614201e+03 5.584779e+03 
1.067071e-01 5.236957e+03 5.348183e+03 
1.097273e-01 4.921237e+03 5.125379e+03 
1.127475e-01 4.667463e+03 4.915347e+03 
1.157677e-01 4.471777e+03 4.717159e+03 
1.187879e-01 4.328093e+03 4.529968e+03 
1.218081e-01 4.228248e+03 4.353004e+03 
1.248283e-01 4.163120e+03 4.185558e+03 
1.278485e-01 4.122767e+03 4.026985e+03 
1.308687e-01 4.096910e+03 3.876688e+03 
1.338889e-01 4.075237e+03 3.734124e+03 
1.369091e-01 4.048337e+03 3.598787e+03 
1.399293e-01 4.008017e+03 3.470217e+03 
1.429495e-01 3.948480e+03 3.347984e+03 
1.459697e-01 3.866284e+03 3.231694e+03 
1.489899e-01 3.760678e+03 3.120982e+03 
1.520101e-01 3.633257e+03 3.015508e+03 
1.550303e-01 3.487366e+03 2.914960e+03 
1.580505e-01 3.328063e+03 2.819047e+03 
1.610707e-01 3.161272e+03 2.727498e+03 
1.640909e-01 2.993651e+03 2.640061e+03 
1.671111e-01 2.831520e+03 2.556503e+03 
1.701313e-01 2.680521e+03 2.476606e+03 
1.731515e-01 2.544807e+03 2.400166e+03 
1.761717e-01 2.427257e+03 2.326994e+03 
1.791919e-01 2.328897e+03 2.256913e+03 
1.822121e-01 2.249716e+03 2.189757e+03 
1.852323e-01 2.188576e+03 2.125371e+03 
1.882525e-01 2.143686e+03 2.063611e+03 
1.912727e-01 2.112625e+03 2.004340e+03 
1.942929e-01 2.092456e+03 1.947431e+03 
1.973131e-01 2.079874e+03 1.892765e+03 
2.003333e-01 2.071271e+03 1.840229e+03 
2.033535e-01 2.063057e+03 1.789718e+03 
2.063737e-01 2.051925e+03 1.741132e+03 
2.093939e-01 2.035168e+03 1.694379e+03 
2.124141e-01 2.010827e+03 1.649370e+03 
2.154343e-01 1.977922e+03 1.606022e+03 
2.184545e-01 1.936225e+03 1.564259e+03 
2.214747e-01 1.886393e+03 1.524005e+03 
2.244949e-01 1.829616e+03 1.485192e+03 
2.275152e-01 1.767707e+03 1.447754e+03 
2.305354e-01 1.702732e+03 1.411629e+03 
2.335556e-01 1.636936e+03 1.376758e+03 
2.365758e-01 1.572466e+03 1.343085e+03 
2.395960e-01 1.511316e+03 1.310560e+03 
2.426162e-01 1.455036e+03 1.279130e+03 
2.456364e-01 1.404834e+03 1.248750e+03 
2.486566e-01 1.361416e+03 1.219375e+03 
2.516768e-01 1.325067e+03 1.190963e+03 
2.546970e-01 1.295639e+03 1.163472e+03 
2.577172e-01 1.272578e+03 1.136866e+03 
2.607374e-01 1.255040e+03 1.111108e+03 
2.637576e-01 1.241876e+03 1.086162e+03 
2.667778e-01 1.231814e+03 1.061998e+03 
2.697980e-01 1.223516e+03 1.038583e+03 
2.728182e-01 1.215699e+03 1.015887e+03 
2.758384e-01 1.207178e+03 9.938830e+02 
2.788586e-01 1.196990e+03 9.725435e+02 
2.818788e-01 1.184358e+03 9.518430e+02 
2.848990e-01 1.168792e+03 9.317571e+02 
2.879192e-01 1.150026e+03 9.122623e+02 
2.909394e-01 1.128123e+03 8.933366e+02 
2.939596e-01 1.103392e+03 8.749586e+02 
2.969798e-01 1.076393e+03 8.571081e+02 
3.000000e-01 1.047859e+03 8.397658e+02 
