1.000000e-03 3.350161e+03 3.350130e+03 
4.020202e-03 1.125723e+04 1.134344e+04 
7.040404e-03 1.651085e+04 1.661655e+04 
1.006061e-02 1.978779e+04 1.987805e+04 
1.308081e-02 2.159320e+04 2.165776e+04 
1.610101e-02 2.230065e+04 2.229869e+04 
1.912121e-02 2.220284e+04 2.208489e+04 
2.214141e-02 2.154126e+04 2.131431e+04 
2.516162e-02 2.051807e+04 2.026507e+04 
2.818182e-02 1.929825e+04 1.913438e+04 
3.120202e-02 1.801241e+04 1.802758e+04 
3.422222e-02 1.675633e+04 1.698675e+04 
3.724242e-02 1.559373e+04 1.602197e+04 
4.026263e-02 1.456281e+04 1.513055e+04 
4.328283e-02 1.367626e+04 1.430601e+04 
4.630303e-02 1.292717e+04 1.354159e+04 
4.932323e-02 1.231494e+04 1.283123e+04 
5.234343e-02 1.181556e+04 1.216977e+04 
5.536364e-02 1.138983e+04 1.155280e+04 
5.838384e-02 1.101649e+04 1.097652e+04 
6.140404e-02 1.067280e+04 1.043764e+04 
6.442424e-02 1.033545e+04 9.933193e+03 
6.744444e-02 9.986348e+03 9.460555e+03 
7.046465e-02 9.614259e+03 9.017334e+03 
7.348485e-02 9.214794e+03 8.601356e+03 
7.650505e-02 8.790460e+03 8.210634e+03 
7.952525e-02 8.350150e+03 7.843344e+03 
8.254545e-02 7.905438e+03 7.497813e+03 
8.556566e-02 7.468458e+03 7.172500e+03 
8.858586e-02 7.050106e+03 6.865986e+03 
9.160606e-02 6.659522e+03 6.576964e+03 
9.462626e-02 6.303964e+03 6.304229e+03 
9.764646e-02 5.988768e+03 6.046670e+03 
1.006667e-01 5.716904e+03 5.803261e+03 
1.036869e-01 5.488547e+03 5.573055e+03 
1.067071e-01 5.300157e+03 5.355176e+03 
1.097273e-01 5.145549e+03 5.148817e+03 
1.127475e-01 5.016745e+03 4.953230e+03 
1.157677e-01 4.905239e+03 4.767722e+03 
1.187879e-01 4.802877e+03 4.591654e+03 
1.218081e-01 4.702580e+03 4.424431e+03 
1.248283e-01 4.598973e+03 4.265504e+03 
1.278485e-01 4.488107e+03 4.114362e+03 
1.308687e-01 4.367406e+03 3.970532e+03 
1.338889e-01 4.236252e+03 3.833574e+03 
1.369091e-01 4.095389e+03 3.703079e+03 
1.399293e-01 3.947299e+03 3.578667e+03 
1.429495e-01 3.795205e+03 3.459984e+03 
1.459697e-01 3.642949e+03 3.346700e+03 
1.489899e-01 3.494314e+03 3.238507e+03 
1.520101e-01 3.352852e+03 3.135120e+03 
1.550303e-01 3.221424e+03 3.036271e+03 
1.580505e-01 3.102266e+03 2.941709e+03 
1.610707e-01 2.996596e+03 2.851202e+03 
1.640909e-01 2.904852e+03 2.764530e+03 
1.671111e-01 2.826192e+03 2.681490e+03 
1.701313e-01 2.759093e+03 2.601890e+03 
1.731515e-01 2.701295e+03 2.525550e+03 
1.761717e-01 2.650358e+03 2.452302e+03 
1.791919e-01 2.603767e+03 2.381988e+03 
1.822121e-01 2.559271e+03 2.314460e+03 
1.852323e-01 2.514830e+03 2.249579e+03 
1.882525e-01 2.468740e+03 2.187213e+03 
1.912727e-01 2.419669e+03 2.127240e+03 
1.942929e-01 2.366954e+03 2.069542e+03 
1.973131e-01 2.310461e+03 2.014012e+03 
2.003333e-01 2.250644e+03 1.960546e+03 
2.033535e-01 2.188470e+03 1.909046e+03 
2.063737e-01 2.125239e+03 1.859422e+03 
2.093939e-01 2.062241e+03 1.811586e+03 
2.124141e-01 2.000708e+03 1.765457e+03 
2.154343e-01 1.941714e+03 1.720958e+03 
2.184545e-01 1.886172e+03 1.678016e+03 
2.214747e-01 1.834762e+03 1.636561e+03 
2.244949e-01 1.787878e+03 1.596528e+03 
2.275152e-01 1.745628e+03 1.557856e+03 
2.305354e-01 1.707771e+03 1.520485e+03 
2.335556e-01 1.673842e+03 1.484360e+03 
2.365758e-01 1.643154e+03 1.449428e+03 
2.395960e-01 1.614952e+03 1.415639e+03 
2.426162e-01 1.588471e+03 1.382945e+03 
2.456364e-01 1.562983e+03 1.351302e+03 
2.486566e-01 1.537822e+03 1.320666e+03 
2.516768e-01 1.512404e+03 1.290996e+03 
2.546970e-01 1.486232e+03 1.262255e+03 
2.577172e-01 1.459029e+03 1.234404e+03 
2.607374e-01 1.430688e+03 1.207408e+03 
2.637576e-01 1.401377e+03 1.181235e+03 
2.667778e-01 1.371394e+03 1.155852e+03 
2.697980e-01 1.341176e+03 1.131229e+03 
2.728182e-01 1.311146e+03 1.107337e+03 
2.758384e-01 1.281699e+03 1.084147e+03 
2.788586e-01 1.253152e+03 1.061635e+03 
2.818788e-01 1.225767e+03 1.039774e+03 
2.848990e-01 1.199753e+03 1.018541e+03 
2.879192e-01 1.175270e+03 9.979126e+02 
2.909394e-01 1.152402e+03 9.778667e+02 
2.939596e-01 1.131153e+03 9.583823e+02 
2.969798e-01 1.111419e+03 9.394395e+02 
3.000000e-01 1.093006e+03 9.210190e+02 
