1.000000e-03 2.328015e+03 2.327990e+03 
4.020202e-03 7.705723e+03 7.758636e+03 
7.040404e-03 1.125366e+04 1.129125e+04 
1.006061e-02 1.350783e+04 1.347715e+04 
1.308081e-02 1.484872e+04 1.473881e+04 
1.610101e-02 1.553907e+04 1.536660e+04 
1.912121e-02 1.576777e+04 1.556616e+04 
2.214141e-02 1.567475e+04 1.548495e+04 
2.516162e-02 1.536563e+04 1.522417e+04 
2.818182e-02 1.492059e+04 1.485039e+04 
3.120202e-02 1.439964e+04 1.440714e+04 
3.422222e-02 1.384506e+04 1.392343e+04 
3.724242e-02 1.328576e+04 1.341902e+04 
4.026263e-02 1.274107e+04 1.290749e+04 
4.328283e-02 1.221393e+04 1.239823e+04 
4.630303e-02 1.171126e+04 1.189767e+04 
4.932323e-02 1.124633e+04 1.141013e+04 
5.234343e-02 1.080469e+04 1.093842e+04 
5.536364e-02 1.037519e+04 1.048428e+04 
5.838384e-02 9.961251e+03 1.004865e+04 
6.140404e-02 9.563504e+03 9.631923e+03 
6.442424e-02 9.179618e+03 9.234098e+03 
6.744444e-02 8.808074e+03 8.854891e+03 
7.046465e-02 8.448150e+03 8.493828e+03 
7.348485e-02 8.101031e+03 8.150309e+03 
7.650505e-02 7.768831e+03 7.823651e+03 
7.952525e-02 7.454441e+03 7.513125e+03 
8.254545e-02 7.160148e+03 7.217982e+03 
8.556566e-02 6.885824e+03 6.937466e+03 
8.858586e-02 6.630322e+03 6.670833e+03 
9.160606e-02 6.391328e+03 6.417354e+03 
9.462626e-02 6.166897e+03 6.176324e+03 
9.764646e-02 5.955846e+03 5.947067e+03 
1.006667e-01 5.757190e+03 5.728936e+03 
1.036869e-01 5.570038e+03 5.521317e+03 
1.067071e-01 5.392713e+03 5.323624e+03 
1.097273e-01 5.222976e+03 5.135305e+03 
1.127475e-01 5.058818e+03 4.955839e+03 
1.157677e-01 4.898597e+03 4.784734e+03 
1.187879e-01 4.742093e+03 4.621525e+03 
1.218081e-01 4.589702e+03 4.465778e+03 
1.248283e-01 4.442188e+03 4.317081e+03 
1.278485e-01 4.300385e+03 4.175049e+03 
1.308687e-01 4.164784e+03 4.039320e+03 
1.338889e-01 4.035643e+03 3.909553e+03 
1.369091e-01 3.913045e+03 3.785430e+03 
1.399293e-01 3.796787e+03 3.666648e+03 
1.429495e-01 3.686596e+03 3.552927e+03 
1.459697e-01 3.582011e+03 3.444001e+03 
1.489899e-01 3.482525e+03 3.339620e+03 
1.520101e-01 3.387687e+03 3.239550e+03 
1.550303e-01 3.297090e+03 3.143571e+03 
1.580505e-01 3.210319e+03 3.051475e+03 
1.610707e-01 3.126941e+03 2.963068e+03 
1.640909e-01 3.046529e+03 2.878165e+03 
1.671111e-01 2.968682e+03 2.796593e+03 
1.701313e-01 2.893022e+03 2.718190e+03 
1.731515e-01 2.819406e+03 2.642802e+03 
1.761717e-01 2.747866e+03 2.570284e+03 
1.791919e-01 2.678472e+03 2.500499e+03 
1.822121e-01 2.611361e+03 2.433318e+03 
1.852323e-01 2.546639e+03 2.368620e+03 
1.882525e-01 2.484226e+03 2.306289e+03 
1.912727e-01 2.423995e+03 2.246216e+03 
1.942929e-01 2.365898e+03 2.188299e+03 
1.973131e-01 2.309955e+03 2.132441e+03 
2.003333e-01 2.256158e+03 2.078549e+03 
2.033535e-01 2.204442e+03 2.026536e+03 
2.063737e-01 2.154716e+03 1.976319e+03 
2.093939e-01 2.106772e+03 1.927821e+03 
2.124141e-01 2.060371e+03 1.880968e+03 
2.154343e-01 2.015358e+03 1.835688e+03 
2.184545e-01 1.971646e+03 1.791915e+03 
2.214747e-01 1.929175e+03 1.749586e+03 
2.244949e-01 1.887940e+03 1.708640e+03 
2.275152e-01 1.847930e+03 1.669021e+03 
2.305354e-01 1.809071e+03 1.630674e+03 
2.335556e-01 1.771268e+03 1.593547e+03 
2.365758e-01 1.734485e+03 1.557591e+03 
2.395960e-01 1.698731e+03 1.522760e+03 
2.426162e-01 1.664018e+03 1.489008e+03 
2.456364e-01 1.630354e+03 1.456294e+03 
2.486566e-01 1.597735e+03 1.424577e+03 
2.516768e-01 1.566107e+03 1.393818e+03 
2.546970e-01 1.535395e+03 1.363981e+03 
2.577172e-01 1.505539e+03 1.335030e+03 
2.607374e-01 1.476499e+03 1.306932e+03 
2.637576e-01 1.448244e+03 1.279656e+03 
2.667778e-01 1.420777e+03 1.253171e+03 
2.697980e-01 1.394095e+03 1.227447e+03 
2.728182e-01 1.368161e+03 1.202457e+03 
2.758384e-01 1.342920e+03 1.178174e+03 
2.788586e-01 1.318323e+03 1.154573e+03 
2.818788e-01 1.294320e+03 1.131629e+03 
2.848990e-01 1.270882e+03 1.109319e+03 
2.879192e-01 1.248017e+03 1.087621e+03 
2.909394e-01 1.225740e+03 1.066513e+03 
2.939596e-01 1.204042e+03 1.045976e+03 
2.969798e-01 1.182909e+03 1.025989e+03 
3.000000e-01 1.162315e+03 1.006533e+03 
