1.000000e-03 3.564196e+03 3.564160e+03 
4.020202e-03 1.164132e+04 1.173136e+04 
7.040404e-03 1.688296e+04 1.699186e+04 
1.006061e-02 2.009548e+04 2.018508e+04 
1.308081e-02 2.182889e+04 2.188760e+04 
1.610101e-02 2.247319e+04 2.246331e+04 
1.912121e-02 2.232730e+04 2.220191e+04 
2.214141e-02 2.163219e+04 2.139717e+04 
2.516162e-02 2.058662e+04 2.032083e+04 
2.818182e-02 1.935224e+04 1.916644e+04 
3.120202e-02 1.805541e+04 1.803831e+04 
3.422222e-02 1.678891e+04 1.697853e+04 
3.724242e-02 1.561493e+04 1.599724e+04 
4.026263e-02 1.457023e+04 1.509168e+04 
4.328283e-02 1.366917e+04 1.425522e+04 
4.630303e-02 1.290411e+04 1.348084e+04 
4.932323e-02 1.227154e+04 1.276224e+04 
5.234343e-02 1.175525e+04 1.209403e+04 
5.536364e-02 1.131514e+04 1.147158e+04 
5.838384e-02 1.092901e+04 1.089092e+04 
6.140404e-02 1.057715e+04 1.034857e+04 
6.442424e-02 1.023473e+04 9.841447e+03 
6.744444e-02 9.884843e+03 9.366804e+03 
7.046465e-02 9.516480e+03 8.922146e+03 
7.348485e-02 9.124083e+03 8.505213e+03 
7.650505e-02 8.709206e+03 8.113943e+03 
7.952525e-02 8.278739e+03 7.746451e+03 
8.254545e-02 7.843075e+03 7.401008e+03 
8.556566e-02 7.413621e+03 7.076027e+03 
8.858586e-02 7.000736e+03 6.770051e+03 
9.160606e-02 6.613314e+03 6.481739e+03 
9.462626e-02 6.258540e+03 6.209858e+03 
9.764646e-02 5.941527e+03 5.953270e+03 
1.006667e-01 5.665746e+03 5.710930e+03 
1.036869e-01 5.431354e+03 5.481872e+03 
1.067071e-01 5.236240e+03 5.265205e+03 
1.097273e-01 5.074839e+03 5.060107e+03 
1.127475e-01 4.940209e+03 4.865820e+03 
1.157677e-01 4.824192e+03 4.681642e+03 
1.187879e-01 4.719115e+03 4.506924e+03 
1.218081e-01 4.618029e+03 4.341064e+03 
1.248283e-01 4.515564e+03 4.183508e+03 
1.278485e-01 4.407521e+03 4.033739e+03 
1.308687e-01 4.291318e+03 3.891279e+03 
1.338889e-01 4.165537e+03 3.755686e+03 
1.369091e-01 4.030695e+03 3.626546e+03 
1.399293e-01 3.888457e+03 3.503477e+03 
1.429495e-01 3.741871e+03 3.386123e+03 
1.459697e-01 3.594313e+03 3.274152e+03 
1.489899e-01 3.449328e+03 3.167255e+03 
1.520101e-01 3.310092e+03 3.065144e+03 
1.550303e-01 3.179446e+03 2.967551e+03 
1.580505e-01 3.059577e+03 2.874225e+03 
1.610707e-01 2.952122e+03 2.784933e+03 
1.640909e-01 2.857642e+03 2.699454e+03 
1.671111e-01 2.775932e+03 2.617585e+03 
1.701313e-01 2.705719e+03 2.539133e+03 
1.731515e-01 2.645205e+03 2.463919e+03 
1.761717e-01 2.592120e+03 2.391775e+03 
1.791919e-01 2.544147e+03 2.322543e+03 
1.822121e-01 2.499003e+03 2.256074e+03 
1.852323e-01 2.454756e+03 2.192230e+03 
1.882525e-01 2.409736e+03 2.130880e+03 
1.912727e-01 2.362701e+03 2.071901e+03 
1.942929e-01 2.312736e+03 2.015176e+03 
1.973131e-01 2.259435e+03 1.960597e+03 
2.003333e-01 2.202919e+03 1.908062e+03 
2.033535e-01 2.143920e+03 1.857474e+03 
2.063737e-01 2.083435e+03 1.808740e+03 
2.093939e-01 2.022640e+03 1.761776e+03 
2.124141e-01 1.962714e+03 1.716500e+03 
2.154343e-01 1.904782e+03 1.672835e+03 
2.184545e-01 1.849724e+03 1.630708e+03 
2.214747e-01 1.798248e+03 1.590050e+03 
2.244949e-01 1.750800e+03 1.550798e+03 
2.275152e-01 1.707600e+03 1.512888e+03 
2.305354e-01 1.668597e+03 1.476263e+03 
2.335556e-01 1.633482e+03 1.440868e+03 
2.365758e-01 1.601733e+03 1.406650e+03 
2.395960e-01 1.572707e+03 1.373559e+03 
2.426162e-01 1.545708e+03 1.341548e+03 
2.456364e-01 1.520075e+03 1.310573e+03 
2.486566e-01 1.495171e+03 1.280590e+03 
2.516768e-01 1.470393e+03 1.251560e+03 
2.546970e-01 1.445240e+03 1.223444e+03 
2.577172e-01 1.419354e+03 1.196205e+03 
2.607374e-01 1.392553e+03 1.169809e+03 
2.637576e-01 1.364826e+03 1.144222e+03 
2.667778e-01 1.336369e+03 1.119413e+03 
2.697980e-01 1.307502e+03 1.095351e+03 
2.728182e-01 1.278610e+03 1.072009e+03 
2.758384e-01 1.250076e+03 1.049358e+03 
2.788586e-01 1.222212e+03 1.027373e+03 
2.818788e-01 1.195279e+03 1.006028e+03 
2.848990e-01 1.169483e+03 9.852999e+02 
2.879192e-01 1.145000e+03 9.651662e+02 
2.909394e-01 1.121969e+03 9.456048e+02 
2.939596e-01 1.100432e+03 9.265952e+02 
2.969798e-01 1.080357e+03 9.081173e+02 
3.000000e-01 1.061620e+03 8.901524e+02 
