1.000000e-03 4.027939e+03 4.027893e+03 
4.020202e-03 1.360630e+04 1.371118e+04 
7.040404e-03 2.003271e+04 2.017454e+04 
1.006061e-02 2.406461e+04 2.422218e+04 
1.308081e-02 2.627699e+04 2.645720e+04 
1.610101e-02 2.710077e+04 2.725063e+04 
1.912121e-02 2.688312e+04 2.689462e+04 
2.214141e-02 2.591979e+04 2.572618e+04 
2.516162e-02 2.446563e+04 2.411877e+04 
2.818182e-02 2.273706e+04 2.238538e+04 
3.120202e-02 2.090984e+04 2.071689e+04 
3.422222e-02 1.911797e+04 1.919493e+04 
3.724242e-02 1.745479e+04 1.783593e+04 
4.026263e-02 1.597980e+04 1.662772e+04 
4.328283e-02 1.471481e+04 1.554980e+04 
4.630303e-02 1.366095e+04 1.458199e+04 
4.932323e-02 1.282317e+04 1.370709e+04 
5.234343e-02 1.217179e+04 1.291124e+04 
5.536364e-02 1.166465e+04 1.218340e+04 
5.838384e-02 1.126729e+04 1.151479e+04 
6.140404e-02 1.094819e+04 1.089831e+04 
6.442424e-02 1.067368e+04 1.032815e+04 
6.744444e-02 1.041008e+04 9.799454e+03 
7.046465e-02 1.013186e+04 9.308120e+03 
7.348485e-02 9.820570e+03 8.850620e+03 
7.650505e-02 9.465445e+03 8.423895e+03 
7.952525e-02 9.064588e+03 8.025259e+03 
8.254545e-02 8.624271e+03 7.652337e+03 
8.556566e-02 8.155859e+03 7.303015e+03 
8.858586e-02 7.673698e+03 6.975401e+03 
9.160606e-02 7.193160e+03 6.667791e+03 
9.462626e-02 6.729009e+03 6.378650e+03 
9.764646e-02 6.295019e+03 6.106585e+03 
1.006667e-01 5.902211e+03 5.850333e+03 
1.036869e-01 5.559061e+03 5.608742e+03 
1.067071e-01 5.269412e+03 5.380763e+03 
1.097273e-01 5.033605e+03 5.165435e+03 
1.127475e-01 4.847796e+03 4.961882e+03 
1.157677e-01 4.705595e+03 4.769296e+03 
1.187879e-01 4.598705e+03 4.586939e+03 
1.218081e-01 4.518076e+03 4.414129e+03 
1.248283e-01 4.454452e+03 4.250241e+03 
1.278485e-01 4.398987e+03 4.094698e+03 
1.308687e-01 4.343384e+03 3.946965e+03 
1.338889e-01 4.280268e+03 3.806552e+03 
1.369091e-01 4.204015e+03 3.673003e+03 
1.399293e-01 4.110860e+03 3.545896e+03 
1.429495e-01 3.999670e+03 3.424840e+03 
1.459697e-01 3.871141e+03 3.309474e+03 
1.489899e-01 3.728211e+03 3.199460e+03 
1.520101e-01 3.574867e+03 3.094486e+03 
1.550303e-01 3.416068e+03 2.994261e+03 
1.580505e-01 3.256991e+03 2.898515e+03 
1.610707e-01 3.102849e+03 2.806994e+03 
1.640909e-01 2.958173e+03 2.719464e+03 
1.671111e-01 2.826814e+03 2.635704e+03 
1.701313e-01 2.711219e+03 2.555510e+03 
1.731515e-01 2.612755e+03 2.478690e+03 
1.761717e-01 2.531216e+03 2.405064e+03 
1.791919e-01 2.465501e+03 2.334465e+03 
1.822121e-01 2.413667e+03 2.266734e+03 
1.852323e-01 2.373299e+03 2.201725e+03 
1.882525e-01 2.341658e+03 2.139299e+03 
1.912727e-01 2.315741e+03 2.079326e+03 
1.942929e-01 2.292496e+03 2.021683e+03 
1.973131e-01 2.268982e+03 1.966256e+03 
2.003333e-01 2.242599e+03 1.912938e+03 
2.033535e-01 2.211252e+03 1.861625e+03 
2.063737e-01 2.173672e+03 1.812223e+03 
2.093939e-01 2.129307e+03 1.764641e+03 
2.124141e-01 2.078487e+03 1.718794e+03 
2.154343e-01 2.022044e+03 1.674601e+03 
2.184545e-01 1.961348e+03 1.631987e+03 
2.214747e-01 1.898015e+03 1.590881e+03 
2.244949e-01 1.833884e+03 1.551213e+03 
2.275152e-01 1.770751e+03 1.512921e+03 
2.305354e-01 1.710310e+03 1.475943e+03 
2.335556e-01 1.653923e+03 1.440223e+03 
2.365758e-01 1.602670e+03 1.405705e+03 
2.395960e-01 1.557144e+03 1.372339e+03 
2.426162e-01 1.517607e+03 1.340075e+03 
2.456364e-01 1.483917e+03 1.308867e+03 
2.486566e-01 1.455642e+03 1.278670e+03 
2.516768e-01 1.432100e+03 1.249444e+03 
2.546970e-01 1.412378e+03 1.221149e+03 
2.577172e-01 1.395422e+03 1.193746e+03 
2.607374e-01 1.380056e+03 1.167200e+03 
2.637576e-01 1.365134e+03 1.141476e+03 
2.667778e-01 1.349635e+03 1.116543e+03 
2.697980e-01 1.332757e+03 1.092368e+03 
2.728182e-01 1.313940e+03 1.068924e+03 
2.758384e-01 1.292926e+03 1.046181e+03 
2.788586e-01 1.269670e+03 1.024113e+03 
2.818788e-01 1.244347e+03 1.002694e+03 
2.848990e-01 1.217265e+03 9.818996e+02 
2.879192e-01 1.188892e+03 9.617070e+02 
2.909394e-01 1.159777e+03 9.420938e+02 
2.939596e-01 1.130546e+03 9.230387e+02 
2.969798e-01 1.101841e+03 9.045215e+02 
3.000000e-01 1.074288e+03 8.865227e+02 
