1.000000e-03 3.631302e+03 3.631271e+03 
4.020202e-03 1.229676e+04 1.239188e+04 
7.040404e-03 1.816595e+04 1.829542e+04 
1.006061e-02 2.189878e+04 2.204000e+04 
1.308081e-02 2.400061e+04 2.415840e+04 
1.610101e-02 2.485305e+04 2.498341e+04 
1.912121e-02 2.476302e+04 2.477672e+04 
2.214141e-02 2.399204e+04 2.383510e+04 
2.516162e-02 2.276661e+04 2.248476e+04 
2.818182e-02 2.127821e+04 2.099980e+04 
3.120202e-02 1.968382e+04 1.954996e+04 
3.422222e-02 1.810417e+04 1.821104e+04 
3.724242e-02 1.662448e+04 1.700199e+04 
4.026263e-02 1.530022e+04 1.591609e+04 
4.328283e-02 1.415525e+04 1.493840e+04 
4.630303e-02 1.319055e+04 1.405345e+04 
4.932323e-02 1.241186e+04 1.324775e+04 
5.234343e-02 1.179876e+04 1.251026e+04 
5.536364e-02 1.131278e+04 1.183210e+04 
5.838384e-02 1.092205e+04 1.120611e+04 
6.140404e-02 1.060040e+04 1.062645e+04 
6.442424e-02 1.032083e+04 1.008829e+04 
6.744444e-02 1.005273e+04 9.587550e+03 
7.046465e-02 9.772931e+03 9.120739e+03 
7.348485e-02 9.465086e+03 8.684839e+03 
7.650505e-02 9.119580e+03 8.277200e+03 
7.952525e-02 8.735206e+03 7.895478e+03 
8.254545e-02 8.317671e+03 7.537586e+03 
8.556566e-02 7.877516e+03 7.201648e+03 
8.858586e-02 7.427619e+03 6.885976e+03 
9.160606e-02 6.981202e+03 6.589042e+03 
9.462626e-02 6.550819e+03 6.309460e+03 
9.764646e-02 6.147853e+03 6.045967e+03 
1.006667e-01 5.781728e+03 5.797411e+03 
1.036869e-01 5.459783e+03 5.562738e+03 
1.067071e-01 5.185715e+03 5.340984e+03 
1.097273e-01 4.960409e+03 5.131263e+03 
1.127475e-01 4.780355e+03 4.932763e+03 
1.157677e-01 4.639923e+03 4.744736e+03 
1.187879e-01 4.531349e+03 4.566493e+03 
1.218081e-01 4.446334e+03 4.397399e+03 
1.248283e-01 4.376327e+03 4.236868e+03 
1.278485e-01 4.313441e+03 4.084357e+03 
1.308687e-01 4.250434e+03 3.939366e+03 
1.338889e-01 4.181284e+03 3.801431e+03 
1.369091e-01 4.101038e+03 3.670122e+03 
1.399293e-01 4.006695e+03 3.545040e+03 
1.429495e-01 3.896942e+03 3.425814e+03 
1.459697e-01 3.772666e+03 3.312100e+03 
1.489899e-01 3.636199e+03 3.203579e+03 
1.520101e-01 3.491094e+03 3.099952e+03 
1.550303e-01 3.341702e+03 3.000941e+03 
1.580505e-01 3.192703e+03 2.906288e+03 
1.610707e-01 3.048528e+03 2.815751e+03 
1.640909e-01 2.913216e+03 2.729105e+03 
1.671111e-01 2.790039e+03 2.646139e+03 
1.701313e-01 2.681183e+03 2.566656e+03 
1.731515e-01 2.587567e+03 2.490471e+03 
1.761717e-01 2.509073e+03 2.417411e+03 
1.791919e-01 2.444786e+03 2.347315e+03 
1.822121e-01 2.392922e+03 2.280030e+03 
1.852323e-01 2.351293e+03 2.215414e+03 
1.882525e-01 2.317450e+03 2.153333e+03 
1.912727e-01 2.288780e+03 2.093661e+03 
1.942929e-01 2.262508e+03 2.036280e+03 
1.973131e-01 2.236047e+03 1.981079e+03 
2.003333e-01 2.207069e+03 1.927951e+03 
2.033535e-01 2.173856e+03 1.876800e+03 
2.063737e-01 2.135211e+03 1.827531e+03 
2.093939e-01 2.090865e+03 1.780056e+03 
2.124141e-01 2.041055e+03 1.734293e+03 
2.154343e-01 1.986602e+03 1.690164e+03 
2.184545e-01 1.928658e+03 1.647594e+03 
2.214747e-01 1.868679e+03 1.606513e+03 
2.244949e-01 1.808186e+03 1.566855e+03 
2.275152e-01 1.748712e+03 1.528558e+03 
2.305354e-01 1.691720e+03 1.491562e+03 
2.335556e-01 1.638505e+03 1.455811e+03 
2.365758e-01 1.589947e+03 1.421252e+03 
2.395960e-01 1.546606e+03 1.387834e+03 
2.426162e-01 1.508641e+03 1.355509e+03 
2.456364e-01 1.475888e+03 1.324232e+03 
2.486566e-01 1.447902e+03 1.293959e+03 
2.516768e-01 1.424037e+03 1.264649e+03 
2.546970e-01 1.403524e+03 1.236264e+03 
2.577172e-01 1.385455e+03 1.208766e+03 
2.607374e-01 1.368871e+03 1.182120e+03 
2.637576e-01 1.352767e+03 1.156293e+03 
2.667778e-01 1.336246e+03 1.131251e+03 
2.697980e-01 1.318557e+03 1.106965e+03 
2.728182e-01 1.299204e+03 1.083406e+03 
2.758384e-01 1.277908e+03 1.060546e+03 
2.788586e-01 1.254703e+03 1.038358e+03 
2.818788e-01 1.229784e+03 1.016817e+03 
2.848990e-01 1.203482e+03 9.958995e+02 
2.879192e-01 1.176203e+03 9.755820e+02 
2.909394e-01 1.148437e+03 9.558427e+02 
2.939596e-01 1.120688e+03 9.366606e+02 
2.969798e-01 1.093459e+03 9.180155e+02 
3.000000e-01 1.067249e+03 8.998883e+02 
