1.000000e-03 3.674268e+03 3.674228e+03 
4.020202e-03 1.227984e+04 1.237475e+04 
7.040404e-03 1.798047e+04 1.810106e+04 
1.006061e-02 2.152501e+04 2.163986e+04 
1.308081e-02 2.346257e+04 2.356612e+04 
1.610101e-02 2.419530e+04 2.424207e+04 
1.912121e-02 2.403858e+04 2.395849e+04 
2.214141e-02 2.325462e+04 2.302899e+04 
2.516162e-02 2.206503e+04 2.176703e+04 
2.818182e-02 2.065241e+04 2.041125e+04 
3.120202e-02 1.916261e+04 1.909632e+04 
3.422222e-02 1.770510e+04 1.787712e+04 
3.724242e-02 1.635410e+04 1.676519e+04 
4.026263e-02 1.515529e+04 1.575419e+04 
4.328283e-02 1.412624e+04 1.483268e+04 
4.630303e-02 1.326159e+04 1.398920e+04 
4.932323e-02 1.256292e+04 1.321385e+04 
5.234343e-02 1.200748e+04 1.249845e+04 
5.536364e-02 1.155307e+04 1.183629e+04 
5.838384e-02 1.117334e+04 1.122182e+04 
6.140404e-02 1.084144e+04 1.065038e+04 
6.442424e-02 1.052957e+04 1.011800e+04 
6.744444e-02 1.021399e+04 9.621245e+03 
7.046465e-02 9.877525e+03 9.157081e+03 
7.348485e-02 9.510010e+03 8.722833e+03 
7.650505e-02 9.108804e+03 8.316107e+03 
7.952525e-02 8.678501e+03 7.934747e+03 
8.254545e-02 8.228723e+03 7.576808e+03 
8.556566e-02 7.772188e+03 7.240523e+03 
8.858586e-02 7.321801e+03 6.924282e+03 
9.160606e-02 6.889602e+03 6.626621e+03 
9.462626e-02 6.486228e+03 6.346199e+03 
9.764646e-02 6.120457e+03 6.081788e+03 
1.006667e-01 5.798668e+03 5.832264e+03 
1.036869e-01 5.524090e+03 5.596594e+03 
1.067071e-01 5.296392e+03 5.373829e+03 
1.097273e-01 5.112201e+03 5.163096e+03 
1.127475e-01 4.964898e+03 4.963591e+03 
1.157677e-01 4.846340e+03 4.774573e+03 
1.187879e-01 4.747882e+03 4.595358e+03 
1.218081e-01 4.661145e+03 4.425315e+03 
1.248283e-01 4.578575e+03 4.263859e+03 
1.278485e-01 4.493605e+03 4.110451e+03 
1.308687e-01 4.400827e+03 3.964591e+03 
1.338889e-01 4.296721e+03 3.825815e+03 
1.369091e-01 4.179326e+03 3.693693e+03 
1.399293e-01 4.049006e+03 3.567826e+03 
1.429495e-01 3.907486e+03 3.447845e+03 
1.459697e-01 3.758151e+03 3.333403e+03 
1.489899e-01 3.604931e+03 3.224180e+03 
1.520101e-01 3.452123e+03 3.119878e+03 
1.550303e-01 3.303809e+03 3.020218e+03 
1.580505e-01 3.163770e+03 2.924940e+03 
1.610707e-01 3.035062e+03 2.833802e+03 
1.640909e-01 2.920081e+03 2.746578e+03 
1.671111e-01 2.819916e+03 2.663056e+03 
1.701313e-01 2.734732e+03 2.583038e+03 
1.731515e-01 2.663387e+03 2.506339e+03 
1.761717e-01 2.604076e+03 2.432784e+03 
1.791919e-01 2.554382e+03 2.362212e+03 
1.822121e-01 2.511763e+03 2.294469e+03 
1.852323e-01 2.473632e+03 2.229413e+03 
1.882525e-01 2.437515e+03 2.166908e+03 
1.912727e-01 2.401089e+03 2.106828e+03 
1.942929e-01 2.362393e+03 2.049054e+03 
1.973131e-01 2.319905e+03 1.993474e+03 
2.003333e-01 2.272774e+03 1.939982e+03 
2.033535e-01 2.220789e+03 1.888479e+03 
2.063737e-01 2.164366e+03 1.838872e+03 
2.093939e-01 2.104508e+03 1.791071e+03 
2.124141e-01 2.042550e+03 1.744994e+03 
2.154343e-01 1.979919e+03 1.700561e+03 
2.184545e-01 1.918043e+03 1.657698e+03 
2.214747e-01 1.858262e+03 1.616335e+03 
2.244949e-01 1.801745e+03 1.576406e+03 
2.275152e-01 1.749406e+03 1.537846e+03 
2.305354e-01 1.701831e+03 1.500596e+03 
2.335556e-01 1.659301e+03 1.464600e+03 
2.365758e-01 1.621704e+03 1.429804e+03 
2.395960e-01 1.588686e+03 1.396157e+03 
2.426162e-01 1.559650e+03 1.363611e+03 
2.456364e-01 1.533880e+03 1.332121e+03 
2.486566e-01 1.510544e+03 1.301641e+03 
2.516768e-01 1.488772e+03 1.272132e+03 
2.546970e-01 1.467673e+03 1.243554e+03 
2.577172e-01 1.446438e+03 1.215869e+03 
2.607374e-01 1.424359e+03 1.189042e+03 
2.637576e-01 1.401000e+03 1.163040e+03 
2.667778e-01 1.376120e+03 1.137829e+03 
2.697980e-01 1.349772e+03 1.113379e+03 
2.728182e-01 1.322159e+03 1.089660e+03 
2.758384e-01 1.293639e+03 1.066646e+03 
2.788586e-01 1.264612e+03 1.044309e+03 
2.818788e-01 1.235507e+03 1.022624e+03 
2.848990e-01 1.206749e+03 1.001566e+03 
2.879192e-01 1.178754e+03 9.811128e+02 
2.909394e-01 1.151914e+03 9.612417e+02 
2.939596e-01 1.126569e+03 9.419317e+02 
2.969798e-01 1.102948e+03 9.231626e+02 
3.000000e-01 1.081169e+03 9.049150e+02 
