1.000000e-03 3.298288e+03 3.298255e+03 
4.020202e-03 1.090838e+04 1.099282e+04 
7.040404e-03 1.582976e+04 1.592299e+04 
1.006061e-02 1.882395e+04 1.887868e+04 
1.308081e-02 2.043163e+04 2.042821e+04 
1.610101e-02 2.103568e+04 2.094394e+04 
1.912121e-02 2.092506e+04 2.072754e+04 
2.214141e-02 2.032800e+04 2.006266e+04 
2.516162e-02 1.942796e+04 1.918162e+04 
2.818182e-02 1.837013e+04 1.823252e+04 
3.120202e-02 1.726491e+04 1.729005e+04 
3.422222e-02 1.619009e+04 1.638507e+04 
3.724242e-02 1.519689e+04 1.552775e+04 
4.026263e-02 1.431023e+04 1.471985e+04 
4.328283e-02 1.352909e+04 1.396009e+04 
4.630303e-02 1.286710e+04 1.324623e+04 
4.932323e-02 1.231059e+04 1.257577e+04 
5.234343e-02 1.182280e+04 1.194620e+04 
5.536364e-02 1.138404e+04 1.135508e+04 
5.838384e-02 1.097595e+04 1.080006e+04 
6.140404e-02 1.058006e+04 1.027886e+04 
6.442424e-02 1.018268e+04 9.789332e+03 
6.744444e-02 9.775192e+03 9.329409e+03 
7.046465e-02 9.354011e+03 8.897139e+03 
7.348485e-02 8.921244e+03 8.490680e+03 
7.650505e-02 8.483467e+03 8.108302e+03 
7.952525e-02 8.049979e+03 7.748379e+03 
8.254545e-02 7.630932e+03 7.409397e+03 
8.556566e-02 7.234732e+03 7.089938e+03 
8.858586e-02 6.867836e+03 6.788688e+03 
9.160606e-02 6.534698e+03 6.504419e+03 
9.462626e-02 6.238153e+03 6.235997e+03 
9.764646e-02 5.979051e+03 5.982365e+03 
1.006667e-01 5.755914e+03 5.742544e+03 
1.036869e-01 5.564884e+03 5.515627e+03 
1.067071e-01 5.399640e+03 5.300773e+03 
1.097273e-01 5.252945e+03 5.097203e+03 
1.127475e-01 5.117168e+03 4.904192e+03 
1.157677e-01 4.986132e+03 4.721071e+03 
1.187879e-01 4.854762e+03 4.547218e+03 
1.218081e-01 4.720031e+03 4.382056e+03 
1.248283e-01 4.580021e+03 4.225049e+03 
1.278485e-01 4.434325e+03 4.075700e+03 
1.308687e-01 4.283630e+03 3.933545e+03 
1.338889e-01 4.130124e+03 3.798157e+03 
1.369091e-01 3.976517e+03 3.669133e+03 
1.399293e-01 3.825913e+03 3.546103e+03 
1.429495e-01 3.681052e+03 3.428718e+03 
1.459697e-01 3.544287e+03 3.316657e+03 
1.489899e-01 3.417220e+03 3.209617e+03 
1.520101e-01 3.300965e+03 3.107318e+03 
1.550303e-01 3.196014e+03 3.009496e+03 
1.580505e-01 3.102399e+03 2.915906e+03 
1.610707e-01 3.019334e+03 2.826318e+03 
1.640909e-01 2.945449e+03 2.740517e+03 
1.671111e-01 2.878567e+03 2.658303e+03 
1.701313e-01 2.816461e+03 2.579487e+03 
1.731515e-01 2.756987e+03 2.503892e+03 
1.761717e-01 2.698480e+03 2.431353e+03 
1.791919e-01 2.639717e+03 2.361713e+03 
1.822121e-01 2.579965e+03 2.294827e+03 
1.852323e-01 2.518808e+03 2.230558e+03 
1.882525e-01 2.456175e+03 2.168775e+03 
1.912727e-01 2.392230e+03 2.109359e+03 
1.942929e-01 2.327522e+03 2.052193e+03 
1.973131e-01 2.262821e+03 1.997171e+03 
2.003333e-01 2.199185e+03 1.944191e+03 
2.033535e-01 2.137584e+03 1.893157e+03 
2.063737e-01 2.078818e+03 1.843978e+03 
2.093939e-01 2.023430e+03 1.796569e+03 
2.124141e-01 1.971725e+03 1.750850e+03 
2.154343e-01 1.923730e+03 1.706743e+03 
2.184545e-01 1.879293e+03 1.664178e+03 
2.214747e-01 1.838114e+03 1.623085e+03 
2.244949e-01 1.799804e+03 1.583400e+03 
2.275152e-01 1.763857e+03 1.545061e+03 
2.305354e-01 1.729730e+03 1.508012e+03 
2.335556e-01 1.696872e+03 1.472196e+03 
2.365758e-01 1.664798e+03 1.437562e+03 
2.395960e-01 1.633128e+03 1.404060e+03 
2.426162e-01 1.601563e+03 1.371643e+03 
2.456364e-01 1.569884e+03 1.340266e+03 
2.486566e-01 1.538004e+03 1.309887e+03 
2.516768e-01 1.505936e+03 1.280465e+03 
2.546970e-01 1.473867e+03 1.251963e+03 
2.577172e-01 1.442052e+03 1.224343e+03 
2.607374e-01 1.410778e+03 1.197571e+03 
2.637576e-01 1.380317e+03 1.171614e+03 
2.667778e-01 1.350890e+03 1.146440e+03 
2.697980e-01 1.322640e+03 1.122018e+03 
2.728182e-01 1.295615e+03 1.098321e+03 
2.758384e-01 1.269834e+03 1.075321e+03 
2.788586e-01 1.245300e+03 1.052992e+03 
2.818788e-01 1.221965e+03 1.031309e+03 
2.848990e-01 1.199744e+03 1.010248e+03 
2.879192e-01 1.178499e+03 9.897858e+02 
2.909394e-01 1.158066e+03 9.699014e+02 
2.939596e-01 1.138267e+03 9.505737e+02 
2.969798e-01 1.118935e+03 9.317830e+02 
3.000000e-01 1.099937e+03 9.135100e+02 
