1.000000e-03 3.268184e+03 3.268152e+03 
4.020202e-03 1.084242e+04 1.092659e+04 
7.040404e-03 1.574079e+04 1.583204e+04 
1.006061e-02 1.872060e+04 1.876877e+04 
1.308081e-02 2.032408e+04 2.030809e+04 
1.610101e-02 2.093530e+04 2.082676e+04 
1.912121e-02 2.084116e+04 2.062854e+04 
2.214141e-02 2.026891e+04 1.999351e+04 
2.516162e-02 1.939871e+04 1.914648e+04 
2.818182e-02 1.837308e+04 1.822896e+04 
3.120202e-02 1.729930e+04 1.731244e+04 
3.422222e-02 1.625311e+04 1.642729e+04 
3.724242e-02 1.528355e+04 1.558444e+04 
4.026263e-02 1.441626e+04 1.478678e+04 
4.328283e-02 1.364870e+04 1.403405e+04 
4.630303e-02 1.299121e+04 1.332483e+04 
4.932323e-02 1.243558e+04 1.265725e+04 
5.234343e-02 1.194318e+04 1.202928e+04 
5.536364e-02 1.149573e+04 1.143880e+04 
5.838384e-02 1.107772e+04 1.088371e+04 
6.140404e-02 1.066938e+04 1.036194e+04 
6.442424e-02 1.025941e+04 9.871459e+03 
6.744444e-02 9.841220e+03 9.410304e+03 
7.046465e-02 9.411775e+03 8.976603e+03 
7.348485e-02 8.974038e+03 8.568572e+03 
7.650505e-02 8.534701e+03 8.184526e+03 
7.952525e-02 8.102787e+03 7.822874e+03 
8.254545e-02 7.687574e+03 7.482126e+03 
8.556566e-02 7.296939e+03 7.160887e+03 
8.858586e-02 6.936643e+03 6.857855e+03 
9.160606e-02 6.610219e+03 6.571818e+03 
9.462626e-02 6.319758e+03 6.301648e+03 
9.764646e-02 6.065756e+03 6.046296e+03 
1.006667e-01 5.845795e+03 5.804788e+03 
1.036869e-01 5.655782e+03 5.576222e+03 
1.067071e-01 5.489164e+03 5.359757e+03 
1.097273e-01 5.338876e+03 5.154617e+03 
1.127475e-01 5.197765e+03 4.960079e+03 
1.157677e-01 5.059999e+03 4.775474e+03 
1.187879e-01 4.921455e+03 4.600179e+03 
1.218081e-01 4.779516e+03 4.433619e+03 
1.248283e-01 4.632854e+03 4.275256e+03 
1.278485e-01 4.481547e+03 4.124592e+03 
1.308687e-01 4.326642e+03 3.981165e+03 
1.338889e-01 4.170497e+03 3.844543e+03 
1.369091e-01 4.015950e+03 3.714325e+03 
1.399293e-01 3.865876e+03 3.590139e+03 
1.429495e-01 3.722812e+03 3.471636e+03 
1.459697e-01 3.588463e+03 3.358493e+03 
1.489899e-01 3.464082e+03 3.250405e+03 
1.520101e-01 3.350386e+03 3.147091e+03 
1.550303e-01 3.247660e+03 3.048288e+03 
1.580505e-01 3.155722e+03 2.953748e+03 
1.610707e-01 3.073570e+03 2.863240e+03 
1.640909e-01 2.999579e+03 2.776550e+03 
1.671111e-01 2.931632e+03 2.693474e+03 
1.701313e-01 2.867473e+03 2.613823e+03 
1.731515e-01 2.805244e+03 2.537420e+03 
1.761717e-01 2.743433e+03 2.464098e+03 
1.791919e-01 2.681231e+03 2.393700e+03 
1.822121e-01 2.618143e+03 2.326080e+03 
1.852323e-01 2.554036e+03 2.261098e+03 
1.882525e-01 2.488956e+03 2.198626e+03 
1.912727e-01 2.423148e+03 2.138540e+03 
1.942929e-01 2.357185e+03 2.080726e+03 
1.973131e-01 2.291933e+03 2.025075e+03 
2.003333e-01 2.228313e+03 1.971485e+03 
2.033535e-01 2.167231e+03 1.919859e+03 
2.063737e-01 2.109296e+03 1.870106e+03 
2.093939e-01 2.054914e+03 1.822139e+03 
2.124141e-01 2.004145e+03 1.775879e+03 
2.154343e-01 1.956895e+03 1.731247e+03 
2.184545e-01 1.912910e+03 1.688171e+03 
2.214747e-01 1.871849e+03 1.646582e+03 
2.244949e-01 1.833267e+03 1.606416e+03 
2.275152e-01 1.796683e+03 1.567610e+03 
2.305354e-01 1.761593e+03 1.530106e+03 
2.335556e-01 1.727543e+03 1.493848e+03 
2.365758e-01 1.694129e+03 1.458784e+03 
2.395960e-01 1.661035e+03 1.424864e+03 
2.426162e-01 1.628020e+03 1.392041e+03 
2.456364e-01 1.594992e+03 1.360268e+03 
2.486566e-01 1.561940e+03 1.329504e+03 
2.516768e-01 1.528965e+03 1.299709e+03 
2.546970e-01 1.496237e+03 1.270842e+03 
2.577172e-01 1.464029e+03 1.242867e+03 
2.607374e-01 1.432601e+03 1.215749e+03 
2.637576e-01 1.402169e+03 1.189455e+03 
2.667778e-01 1.372876e+03 1.163953e+03 
2.697980e-01 1.344789e+03 1.139213e+03 
2.728182e-01 1.317927e+03 1.115204e+03 
2.758384e-01 1.292275e+03 1.091901e+03 
2.788586e-01 1.267790e+03 1.069276e+03 
2.818788e-01 1.244407e+03 1.047304e+03 
2.848990e-01 1.222004e+03 1.025962e+03 
2.879192e-01 1.200437e+03 1.005225e+03 
2.909394e-01 1.179548e+03 9.850734e+02 
2.939596e-01 1.159191e+03 9.654846e+02 
2.969798e-01 1.139246e+03 9.464390e+02 
3.000000e-01 1.119620e+03 9.279174e+02 
