1.000000e-03 2.510517e+03 2.510493e+03 
4.020202e-03 8.317547e+03 8.383748e+03 
7.040404e-03 1.213042e+04 1.219807e+04 
1.006061e-02 1.452825e+04 1.454079e+04 
1.308081e-02 1.592330e+04 1.585493e+04 
1.610101e-02 1.660305e+04 1.644355e+04 
1.912121e-02 1.677480e+04 1.653605e+04 
2.214141e-02 1.659613e+04 1.631519e+04 
2.516162e-02 1.618637e+04 1.591275e+04 
2.818182e-02 1.563780e+04 1.541160e+04 
3.120202e-02 1.501871e+04 1.486001e+04 
3.422222e-02 1.437757e+04 1.428611e+04 
3.724242e-02 1.374620e+04 1.370692e+04 
4.026263e-02 1.314451e+04 1.313322e+04 
4.328283e-02 1.257741e+04 1.257198e+04 
4.630303e-02 1.204595e+04 1.202771e+04 
4.932323e-02 1.155836e+04 1.150322e+04 
5.234343e-02 1.110197e+04 1.100014e+04 
5.536364e-02 1.066025e+04 1.051928e+04 
5.838384e-02 1.023463e+04 1.006085e+04 
6.140404e-02 9.824956e+03 9.624621e+03 
6.442424e-02 9.425737e+03 9.210114e+03 
6.744444e-02 9.034743e+03 8.816636e+03 
7.046465e-02 8.652351e+03 8.443374e+03 
7.348485e-02 8.280976e+03 8.089441e+03 
7.650505e-02 7.924143e+03 7.753916e+03 
7.952525e-02 7.586364e+03 7.435864e+03 
8.254545e-02 7.270508e+03 7.134358e+03 
8.556566e-02 6.977561e+03 6.848494e+03 
8.858586e-02 6.706401e+03 6.577396e+03 
9.160606e-02 6.455164e+03 6.320223e+03 
9.462626e-02 6.222341e+03 6.076173e+03 
9.764646e-02 6.006552e+03 5.844485e+03 
1.006667e-01 5.806437e+03 5.624438e+03 
1.036869e-01 5.619787e+03 5.415351e+03 
1.067071e-01 5.443730e+03 5.216586e+03 
1.097273e-01 5.274910e+03 5.027538e+03 
1.127475e-01 5.110481e+03 4.847644e+03 
1.157677e-01 4.948956e+03 4.676373e+03 
1.187879e-01 4.789546e+03 4.513228e+03 
1.218081e-01 4.633068e+03 4.357743e+03 
1.248283e-01 4.480609e+03 4.209481e+03 
1.278485e-01 4.333096e+03 4.068036e+03 
1.308687e-01 4.191380e+03 3.933023e+03 
1.338889e-01 4.056084e+03 3.804084e+03 
1.369091e-01 3.927705e+03 3.680885e+03 
1.399293e-01 3.806401e+03 3.563110e+03 
1.429495e-01 3.692114e+03 3.450465e+03 
1.459697e-01 3.584533e+03 3.342673e+03 
1.489899e-01 3.483139e+03 3.239476e+03 
1.520101e-01 3.387393e+03 3.140631e+03 
1.550303e-01 3.296750e+03 3.045909e+03 
1.580505e-01 3.210579e+03 2.955097e+03 
1.610707e-01 3.128131e+03 2.867994e+03 
1.640909e-01 3.048670e+03 2.784410e+03 
1.671111e-01 2.971536e+03 2.704168e+03 
1.701313e-01 2.896195e+03 2.627101e+03 
1.731515e-01 2.822500e+03 2.553051e+03 
1.761717e-01 2.750427e+03 2.481871e+03 
1.791919e-01 2.680155e+03 2.413421e+03 
1.822121e-01 2.611908e+03 2.347570e+03 
1.852323e-01 2.545764e+03 2.284194e+03 
1.882525e-01 2.481742e+03 2.223175e+03 
1.912727e-01 2.419923e+03 2.164404e+03 
1.942929e-01 2.360426e+03 2.107777e+03 
1.973131e-01 2.303341e+03 2.053194e+03 
2.003333e-01 2.248727e+03 2.000563e+03 
2.033535e-01 2.196524e+03 1.949795e+03 
2.063737e-01 2.146521e+03 1.900808e+03 
2.093939e-01 2.098483e+03 1.853523e+03 
2.124141e-01 2.052153e+03 1.807864e+03 
2.154343e-01 2.007313e+03 1.763762e+03 
2.184545e-01 1.963852e+03 1.721149e+03 
2.214747e-01 1.921679e+03 1.679961e+03 
2.244949e-01 1.880706e+03 1.640138e+03 
2.275152e-01 1.840843e+03 1.601624e+03 
2.305354e-01 1.801991e+03 1.564363e+03 
2.335556e-01 1.764059e+03 1.528303e+03 
2.365758e-01 1.727065e+03 1.493396e+03 
2.395960e-01 1.691076e+03 1.459596e+03 
2.426162e-01 1.656127e+03 1.426856e+03 
2.456364e-01 1.622224e+03 1.395136e+03 
2.486566e-01 1.589346e+03 1.364395e+03 
2.516768e-01 1.557443e+03 1.334594e+03 
2.546970e-01 1.526474e+03 1.305698e+03 
2.577172e-01 1.496413e+03 1.277670e+03 
2.607374e-01 1.467246e+03 1.250479e+03 
2.637576e-01 1.438981e+03 1.224092e+03 
2.667778e-01 1.411609e+03 1.198478e+03 
2.697980e-01 1.385060e+03 1.173610e+03 
2.728182e-01 1.359253e+03 1.149460e+03 
2.758384e-01 1.334112e+03 1.126001e+03 
2.788586e-01 1.309569e+03 1.103208e+03 
2.818788e-01 1.285604e+03 1.081056e+03 
2.848990e-01 1.262216e+03 1.059524e+03 
2.879192e-01 1.239411e+03 1.038589e+03 
2.909394e-01 1.217193e+03 1.018230e+03 
2.939596e-01 1.195546e+03 9.984258e+02 
2.969798e-01 1.174432e+03 9.791585e+02 
3.000000e-01 1.153822e+03 9.604090e+02 
