1.000000e-03 2.554374e+03 2.554349e+03 
4.020202e-03 8.628180e+03 8.694665e+03 
7.040404e-03 1.273081e+04 1.280737e+04 
1.006061e-02 1.536407e+04 1.540804e+04 
1.308081e-02 1.690893e+04 1.690220e+04 
1.610101e-02 1.764495e+04 1.756583e+04 
1.912121e-02 1.778724e+04 1.762208e+04 
2.214141e-02 1.750832e+04 1.728126e+04 
2.516162e-02 1.694997e+04 1.672198e+04 
2.818182e-02 1.622580e+04 1.606574e+04 
3.120202e-02 1.542531e+04 1.538015e+04 
3.422222e-02 1.461474e+04 1.469793e+04 
3.724242e-02 1.383944e+04 1.403380e+04 
4.026263e-02 1.312819e+04 1.339409e+04 
4.328283e-02 1.248553e+04 1.278147e+04 
4.630303e-02 1.191850e+04 1.219691e+04 
4.932323e-02 1.143327e+04 1.164049e+04 
5.234343e-02 1.100614e+04 1.111186e+04 
5.536364e-02 1.061584e+04 1.061030e+04 
5.838384e-02 1.024924e+04 1.013494e+04 
6.140404e-02 9.898827e+03 9.684751e+03 
6.442424e-02 9.554880e+03 9.258625e+03 
6.744444e-02 9.206293e+03 8.855409e+03 
7.046465e-02 8.848150e+03 8.473938e+03 
7.348485e-02 8.479993e+03 8.113047e+03 
7.650505e-02 8.105250e+03 7.771597e+03 
7.952525e-02 7.731158e+03 7.448483e+03 
8.254545e-02 7.365980e+03 7.142638e+03 
8.556566e-02 7.017519e+03 6.853047e+03 
8.858586e-02 6.691108e+03 6.578742e+03 
9.160606e-02 6.390128e+03 6.318806e+03 
9.462626e-02 6.116310e+03 6.072374e+03 
9.764646e-02 5.870562e+03 5.838633e+03 
1.006667e-01 5.652810e+03 5.616817e+03 
1.036869e-01 5.461848e+03 5.406209e+03 
1.067071e-01 5.294737e+03 5.206136e+03 
1.097273e-01 5.146708e+03 5.015969e+03 
1.127475e-01 5.012168e+03 4.835119e+03 
1.157677e-01 4.885046e+03 4.663036e+03 
1.187879e-01 4.760551e+03 4.499205e+03 
1.218081e-01 4.634921e+03 4.343144e+03 
1.248283e-01 4.506316e+03 4.194405e+03 
1.278485e-01 4.373982e+03 4.052567e+03 
1.308687e-01 4.238408e+03 3.917238e+03 
1.338889e-01 4.100651e+03 3.788050e+03 
1.369091e-01 3.962366e+03 3.664659e+03 
1.399293e-01 3.825415e+03 3.546745e+03 
1.429495e-01 3.691806e+03 3.434006e+03 
1.459697e-01 3.563447e+03 3.326162e+03 
1.489899e-01 3.441970e+03 3.222947e+03 
1.520101e-01 3.328667e+03 3.124115e+03 
1.550303e-01 3.224351e+03 3.029435e+03 
1.580505e-01 3.129361e+03 2.938688e+03 
1.610707e-01 3.043527e+03 2.851670e+03 
1.640909e-01 2.966105e+03 2.768191e+03 
1.671111e-01 2.895865e+03 2.688070e+03 
1.701313e-01 2.831212e+03 2.611138e+03 
1.731515e-01 2.770365e+03 2.537235e+03 
1.761717e-01 2.711813e+03 2.466212e+03 
1.791919e-01 2.654257e+03 2.397929e+03 
1.822121e-01 2.596885e+03 2.332251e+03 
1.852323e-01 2.539124e+03 2.269055e+03 
1.882525e-01 2.480714e+03 2.208222e+03 
1.912727e-01 2.421534e+03 2.149640e+03 
1.942929e-01 2.361639e+03 2.093206e+03 
1.973131e-01 2.301319e+03 2.038819e+03 
2.003333e-01 2.241265e+03 1.986386e+03 
2.033535e-01 2.182255e+03 1.935818e+03 
2.063737e-01 2.125103e+03 1.887031e+03 
2.093939e-01 2.070431e+03 1.839946e+03 
2.124141e-01 2.018625e+03 1.794489e+03 
2.154343e-01 1.969850e+03 1.750587e+03 
2.184545e-01 1.924087e+03 1.708173e+03 
2.214747e-01 1.881215e+03 1.667184e+03 
2.244949e-01 1.841042e+03 1.627560e+03 
2.275152e-01 1.803320e+03 1.589241e+03 
2.305354e-01 1.767751e+03 1.552174e+03 
2.335556e-01 1.733922e+03 1.516307e+03 
2.365758e-01 1.701379e+03 1.481591e+03 
2.395960e-01 1.669677e+03 1.447979e+03 
2.426162e-01 1.638429e+03 1.415426e+03 
2.456364e-01 1.607411e+03 1.383890e+03 
2.486566e-01 1.576491e+03 1.353330e+03 
2.516768e-01 1.545662e+03 1.323709e+03 
2.546970e-01 1.514955e+03 1.294989e+03 
2.577172e-01 1.484431e+03 1.267135e+03 
2.607374e-01 1.454188e+03 1.240115e+03 
2.637576e-01 1.424365e+03 1.213897e+03 
2.667778e-01 1.395138e+03 1.188450e+03 
2.697980e-01 1.366713e+03 1.163745e+03 
2.728182e-01 1.339258e+03 1.139756e+03 
2.758384e-01 1.312904e+03 1.116455e+03 
2.788586e-01 1.287690e+03 1.093817e+03 
2.818788e-01 1.263600e+03 1.071819e+03 
2.848990e-01 1.240554e+03 1.050437e+03 
2.879192e-01 1.218449e+03 1.029649e+03 
2.909394e-01 1.197184e+03 1.009435e+03 
2.939596e-01 1.176659e+03 9.897741e+02 
2.969798e-01 1.156777e+03 9.706468e+02 
3.000000e-01 1.137439e+03 9.520348e+02 
