1.000000e-03 2.882850e+03 2.882816e+03 
4.020202e-03 9.834568e+03 9.910921e+03 
7.040404e-03 1.450081e+04 1.458978e+04 
1.006061e-02 1.744594e+04 1.750548e+04 
1.308081e-02 1.911436e+04 1.912792e+04 
1.610101e-02 1.983461e+04 1.977163e+04 
1.912121e-02 1.986108e+04 1.969340e+04 
2.214141e-02 1.939996e+04 1.914662e+04 
2.516162e-02 1.862157e+04 1.835587e+04 
2.818182e-02 1.766422e+04 1.747648e+04 
3.120202e-02 1.663627e+04 1.659253e+04 
3.422222e-02 1.561763e+04 1.574069e+04 
3.724242e-02 1.466242e+04 1.493356e+04 
4.026263e-02 1.380242e+04 1.417348e+04 
4.328283e-02 1.305184e+04 1.345907e+04 
4.630303e-02 1.240708e+04 1.278783e+04 
4.932323e-02 1.185995e+04 1.215710e+04 
5.234343e-02 1.140021e+04 1.156431e+04 
5.536364e-02 1.099957e+04 1.100706e+04 
5.838384e-02 1.063397e+04 1.048310e+04 
6.140404e-02 1.028956e+04 9.990323e+03 
6.442424e-02 9.949105e+03 9.526738e+03 
6.744444e-02 9.599324e+03 9.090474e+03 
7.046465e-02 9.233502e+03 8.679765e+03 
7.348485e-02 8.849866e+03 8.292950e+03 
7.650505e-02 8.451471e+03 7.928467e+03 
7.952525e-02 8.045677e+03 7.584852e+03 
8.254545e-02 7.642299e+03 7.260733e+03 
8.556566e-02 7.250978e+03 6.954831e+03 
8.858586e-02 6.880087e+03 6.665950e+03 
9.160606e-02 6.535876e+03 6.392977e+03 
9.462626e-02 6.223191e+03 6.134873e+03 
9.764646e-02 5.945393e+03 5.890675e+03 
1.006667e-01 5.703618e+03 5.659486e+03 
1.036869e-01 5.497145e+03 5.440471e+03 
1.067071e-01 5.322076e+03 5.232856e+03 
1.097273e-01 5.172959e+03 5.035921e+03 
1.127475e-01 5.042655e+03 4.848998e+03 
1.157677e-01 4.924141e+03 4.671465e+03 
1.187879e-01 4.810788e+03 4.502744e+03 
1.218081e-01 4.697588e+03 4.342297e+03 
1.248283e-01 4.580831e+03 4.189626e+03 
1.278485e-01 4.458235e+03 4.044266e+03 
1.308687e-01 4.328526e+03 3.905783e+03 
1.338889e-01 4.192163e+03 3.773774e+03 
1.369091e-01 4.050505e+03 3.647864e+03 
1.399293e-01 3.906060e+03 3.527703e+03 
1.429495e-01 3.761698e+03 3.412963e+03 
1.459697e-01 3.620548e+03 3.303341e+03 
1.489899e-01 3.485354e+03 3.198550e+03 
1.520101e-01 3.358244e+03 3.098326e+03 
1.550303e-01 3.240856e+03 3.002419e+03 
1.580505e-01 3.134344e+03 2.910595e+03 
1.610707e-01 3.039176e+03 2.822638e+03 
1.640909e-01 2.955254e+03 2.738343e+03 
1.671111e-01 2.881528e+03 2.657517e+03 
1.701313e-01 2.816413e+03 2.579983e+03 
1.731515e-01 2.757789e+03 2.505571e+03 
1.761717e-01 2.703452e+03 2.434123e+03 
1.791919e-01 2.651425e+03 2.365489e+03 
1.822121e-01 2.600027e+03 2.299532e+03 
1.852323e-01 2.548082e+03 2.236118e+03 
1.882525e-01 2.494702e+03 2.175123e+03 
1.912727e-01 2.439317e+03 2.116433e+03 
1.942929e-01 2.381762e+03 2.059935e+03 
1.973131e-01 2.322245e+03 2.005527e+03 
2.003333e-01 2.261350e+03 1.953112e+03 
2.033535e-01 2.199908e+03 1.902595e+03 
2.063737e-01 2.138961e+03 1.853892e+03 
2.093939e-01 2.079575e+03 1.806918e+03 
2.124141e-01 2.022588e+03 1.761597e+03 
2.154343e-01 1.968676e+03 1.717854e+03 
2.184545e-01 1.918245e+03 1.675620e+03 
2.214747e-01 1.871519e+03 1.634829e+03 
2.244949e-01 1.828477e+03 1.595418e+03 
2.275152e-01 1.788944e+03 1.557327e+03 
2.305354e-01 1.752577e+03 1.520502e+03 
2.335556e-01 1.718888e+03 1.484888e+03 
2.365758e-01 1.687280e+03 1.450434e+03 
2.395960e-01 1.657190e+03 1.417093e+03 
2.426162e-01 1.628078e+03 1.384819e+03 
2.456364e-01 1.599470e+03 1.353569e+03 
2.486566e-01 1.570949e+03 1.323300e+03 
2.516768e-01 1.542229e+03 1.293975e+03 
2.546970e-01 1.513106e+03 1.265555e+03 
2.577172e-01 1.483508e+03 1.238004e+03 
2.607374e-01 1.453492e+03 1.211290e+03 
2.637576e-01 1.423293e+03 1.185380e+03 
2.667778e-01 1.393203e+03 1.160242e+03 
2.697980e-01 1.363555e+03 1.135848e+03 
2.728182e-01 1.334634e+03 1.112169e+03 
2.758384e-01 1.306679e+03 1.089179e+03 
2.788586e-01 1.279831e+03 1.066852e+03 
2.818788e-01 1.254177e+03 1.045163e+03 
2.848990e-01 1.229765e+03 1.024090e+03 
2.879192e-01 1.206616e+03 1.003611e+03 
2.909394e-01 1.184710e+03 9.837026e+02 
2.939596e-01 1.163981e+03 9.643461e+02 
2.969798e-01 1.144280e+03 9.455215e+02 
3.000000e-01 1.125429e+03 9.272101e+02 
