1.000000e-03 3.829981e+03 3.829942e+03 
4.020202e-03 1.284466e+04 1.294362e+04 
7.040404e-03 1.888024e+04 1.901268e+04 
1.006061e-02 2.267434e+04 2.281655e+04 
1.308081e-02 2.477296e+04 2.492830e+04 
1.610101e-02 2.558211e+04 2.570274e+04 
1.912121e-02 2.542558e+04 2.541949e+04 
2.214141e-02 2.457770e+04 2.439388e+04 
2.516162e-02 2.327365e+04 2.296663e+04 
2.818182e-02 2.171238e+04 2.141797e+04 
3.120202e-02 2.005441e+04 1.991707e+04 
3.422222e-02 1.842286e+04 1.853679e+04 
3.724242e-02 1.690305e+04 1.729328e+04 
4.026263e-02 1.554980e+04 1.617785e+04 
4.328283e-02 1.438486e+04 1.517436e+04 
4.630303e-02 1.340776e+04 1.426657e+04 
4.932323e-02 1.262333e+04 1.344050e+04 
5.234343e-02 1.200710e+04 1.268475e+04 
5.536364e-02 1.151851e+04 1.199020e+04 
5.838384e-02 1.112535e+04 1.134945e+04 
6.140404e-02 1.080014e+04 1.075651e+04 
6.442424e-02 1.051395e+04 1.020635e+04 
6.744444e-02 1.023562e+04 9.694787e+03 
7.046465e-02 9.942358e+03 9.218193e+03 
7.348485e-02 9.618314e+03 8.773443e+03 
7.650505e-02 9.254789e+03 8.357790e+03 
7.952525e-02 8.851943e+03 7.968803e+03 
8.254545e-02 8.416836e+03 7.604318e+03 
8.556566e-02 7.960881e+03 7.262392e+03 
8.858586e-02 7.497552e+03 6.941275e+03 
9.160606e-02 7.040602e+03 6.639386e+03 
9.462626e-02 6.602886e+03 6.355289e+03 
9.764646e-02 6.195963e+03 6.087678e+03 
1.006667e-01 5.829093e+03 5.835363e+03 
1.036869e-01 5.509335e+03 5.597255e+03 
1.067071e-01 5.239572e+03 5.372360e+03 
1.097273e-01 5.019691e+03 5.159765e+03 
1.127475e-01 4.845188e+03 4.958632e+03 
1.157677e-01 4.709609e+03 4.768191e+03 
1.187879e-01 4.604730e+03 4.587733e+03 
1.218081e-01 4.521852e+03 4.416605e+03 
1.248283e-01 4.452127e+03 4.254205e+03 
1.278485e-01 4.387588e+03 4.099977e+03 
1.308687e-01 4.320998e+03 3.953406e+03 
1.338889e-01 4.246402e+03 3.814016e+03 
1.369091e-01 4.159193e+03 3.681367e+03 
1.399293e-01 4.056791e+03 3.555050e+03 
1.429495e-01 3.938652e+03 3.434685e+03 
1.459697e-01 3.806184e+03 3.319922e+03 
1.489899e-01 3.662371e+03 3.210431e+03 
1.520101e-01 3.511172e+03 3.105910e+03 
1.550303e-01 3.357304e+03 3.006073e+03 
1.580505e-01 3.205550e+03 2.910657e+03 
1.610707e-01 3.060343e+03 2.819416e+03 
1.640909e-01 2.925547e+03 2.732118e+03 
1.671111e-01 2.804279e+03 2.648550e+03 
1.701313e-01 2.698261e+03 2.568510e+03 
1.731515e-01 2.608124e+03 2.491810e+03 
1.761717e-01 2.533281e+03 2.418275e+03 
1.791919e-01 2.472445e+03 2.347739e+03 
1.822121e-01 2.423528e+03 2.280047e+03 
1.852323e-01 2.384128e+03 2.215055e+03 
1.882525e-01 2.351582e+03 2.152626e+03 
1.912727e-01 2.323120e+03 2.092633e+03 
1.942929e-01 2.295947e+03 2.034956e+03 
1.973131e-01 2.267540e+03 1.979480e+03 
2.003333e-01 2.235694e+03 1.926099e+03 
2.033535e-01 2.198899e+03 1.874714e+03 
2.063737e-01 2.156293e+03 1.825230e+03 
2.093939e-01 2.107896e+03 1.777557e+03 
2.124141e-01 2.054261e+03 1.731611e+03 
2.154343e-01 1.996401e+03 1.687313e+03 
2.184545e-01 1.935677e+03 1.644589e+03 
2.214747e-01 1.873637e+03 1.603366e+03 
2.244949e-01 1.811916e+03 1.563578e+03 
2.275152e-01 1.752084e+03 1.525161e+03 
2.305354e-01 1.695519e+03 1.488056e+03 
2.335556e-01 1.643327e+03 1.452205e+03 
2.365758e-01 1.596297e+03 1.417555e+03 
2.395960e-01 1.554744e+03 1.384054e+03 
2.426162e-01 1.518647e+03 1.351654e+03 
2.456364e-01 1.487660e+03 1.320309e+03 
2.486566e-01 1.461248e+03 1.289975e+03 
2.516768e-01 1.438639e+03 1.260611e+03 
2.546970e-01 1.418956e+03 1.232177e+03 
2.577172e-01 1.401228e+03 1.204635e+03 
2.607374e-01 1.384434e+03 1.177951e+03 
2.637576e-01 1.367556e+03 1.152089e+03 
2.667778e-01 1.349779e+03 1.127018e+03 
2.697980e-01 1.330466e+03 1.102707e+03 
2.728182e-01 1.309283e+03 1.079126e+03 
2.758384e-01 1.286121e+03 1.056248e+03 
2.788586e-01 1.261142e+03 1.034045e+03 
2.818788e-01 1.234632e+03 1.012493e+03 
2.848990e-01 1.206973e+03 9.915672e+02 
2.879192e-01 1.178640e+03 9.712439e+02 
2.909394e-01 1.150145e+03 9.515012e+02 
2.939596e-01 1.122012e+03 9.323181e+02 
2.969798e-01 1.094758e+03 9.136742e+02 
3.000000e-01 1.068881e+03 8.955502e+02 
