1.000000e-03 5.415489e+03 5.415430e+03 
4.020202e-03 1.794786e+04 1.808848e+04 
7.040404e-03 2.596367e+04 2.615132e+04 
1.006061e-02 3.067981e+04 3.090121e+04 
1.308081e-02 3.296522e+04 3.323214e+04 
1.610101e-02 3.344933e+04 3.367417e+04 
1.912121e-02 3.262869e+04 3.265419e+04 
2.214141e-02 3.091769e+04 3.066970e+04 
2.516162e-02 2.866651e+04 2.824783e+04 
2.818182e-02 2.616518e+04 2.579664e+04 
3.120202e-02 2.363933e+04 2.353668e+04 
3.422222e-02 2.125336e+04 2.154058e+04 
3.724242e-02 1.911197e+04 1.980283e+04 
4.026263e-02 1.727399e+04 1.828957e+04 
4.328283e-02 1.574465e+04 1.696285e+04 
4.630303e-02 1.451837e+04 1.578944e+04 
4.932323e-02 1.358464e+04 1.474262e+04 
5.234343e-02 1.288293e+04 1.380154e+04 
5.536364e-02 1.236069e+04 1.295002e+04 
5.838384e-02 1.197023e+04 1.217533e+04 
6.140404e-02 1.165682e+04 1.146736e+04 
6.442424e-02 1.137783e+04 1.081791e+04 
6.744444e-02 1.109738e+04 1.022023e+04 
7.046465e-02 1.078518e+04 9.668688e+03 
7.348485e-02 1.042021e+04 9.158487e+03 
7.650505e-02 9.992278e+03 8.685522e+03 
7.952525e-02 9.502702e+03 8.246234e+03 
8.254545e-02 8.963753e+03 7.837512e+03 
8.556566e-02 8.394351e+03 7.456615e+03 
8.858586e-02 7.816586e+03 7.101117e+03 
9.160606e-02 7.252733e+03 6.768860e+03 
9.462626e-02 6.722694e+03 6.457913e+03 
9.764646e-02 6.242425e+03 6.166544e+03 
1.006667e-01 5.823417e+03 5.893194e+03 
1.036869e-01 5.471171e+03 5.636456e+03 
1.067071e-01 5.186899e+03 5.395057e+03 
1.097273e-01 4.966731e+03 5.167841e+03 
1.127475e-01 4.803886e+03 4.953758e+03 
1.157677e-01 4.688532e+03 4.751852e+03 
1.187879e-01 4.609485e+03 4.561252e+03 
1.218081e-01 4.554624e+03 4.381158e+03 
1.248283e-01 4.511627e+03 4.210842e+03 
1.278485e-01 4.468713e+03 4.049636e+03 
1.308687e-01 4.416054e+03 3.896924e+03 
1.338889e-01 4.346092e+03 3.752143e+03 
1.369091e-01 4.254219e+03 3.614773e+03 
1.399293e-01 4.138836e+03 3.484336e+03 
1.429495e-01 4.000745e+03 3.360390e+03 
1.459697e-01 3.843096e+03 3.242527e+03 
1.489899e-01 3.670555e+03 3.130371e+03 
1.520101e-01 3.489572e+03 3.023573e+03 
1.550303e-01 3.307211e+03 2.921808e+03 
1.580505e-01 3.130831e+03 2.824777e+03 
1.610707e-01 2.966760e+03 2.732202e+03 
1.640909e-01 2.820144e+03 2.643823e+03 
1.671111e-01 2.693585e+03 2.559400e+03 
1.701313e-01 2.588137e+03 2.478709e+03 
1.731515e-01 2.503088e+03 2.401540e+03 
1.761717e-01 2.436841e+03 2.327700e+03 
1.791919e-01 2.387075e+03 2.257005e+03 
1.822121e-01 2.350928e+03 2.189286e+03 
1.852323e-01 2.325117e+03 2.124385e+03 
1.882525e-01 2.305765e+03 2.062152e+03 
1.912727e-01 2.288821e+03 2.002448e+03 
1.942929e-01 2.270213e+03 1.945143e+03 
1.973131e-01 2.246657e+03 1.890114e+03 
2.003333e-01 2.215712e+03 1.837247e+03 
2.033535e-01 2.176284e+03 1.786433e+03 
2.063737e-01 2.128151e+03 1.737572e+03 
2.093939e-01 2.072087e+03 1.690568e+03 
2.124141e-01 2.009366e+03 1.645331e+03 
2.154343e-01 1.941730e+03 1.601776e+03 
2.184545e-01 1.871294e+03 1.559825e+03 
2.214747e-01 1.800404e+03 1.519401e+03 
2.244949e-01 1.731400e+03 1.480435e+03 
2.275152e-01 1.666416e+03 1.442859e+03 
2.305354e-01 1.607112e+03 1.406610e+03 
2.335556e-01 1.554587e+03 1.371629e+03 
2.365758e-01 1.509334e+03 1.337858e+03 
2.395960e-01 1.471330e+03 1.305245e+03 
2.426162e-01 1.440189e+03 1.273739e+03 
2.456364e-01 1.415133e+03 1.243292e+03 
2.486566e-01 1.395152e+03 1.213859e+03 
2.516768e-01 1.378984e+03 1.185397e+03 
2.546970e-01 1.365225e+03 1.157864e+03 
2.577172e-01 1.352384e+03 1.131223e+03 
2.607374e-01 1.339130e+03 1.105436e+03 
2.637576e-01 1.324312e+03 1.080468e+03 
2.667778e-01 1.307161e+03 1.056287e+03 
2.697980e-01 1.287205e+03 1.032859e+03 
2.728182e-01 1.264332e+03 1.010157e+03 
2.758384e-01 1.238677e+03 9.881501e+02 
2.788586e-01 1.210581e+03 9.668121e+02 
2.818788e-01 1.180608e+03 9.461167e+02 
2.848990e-01 1.149445e+03 9.260393e+02 
2.879192e-01 1.117899e+03 9.065563e+02 
2.909394e-01 1.086799e+03 8.876452e+02 
2.939596e-01 1.056966e+03 8.692846e+02 
2.969798e-01 1.029031e+03 8.514539e+02 
3.000000e-01 1.003466e+03 8.341337e+02 
