1.000000e-03 3.395994e+03 3.395955e+03 
4.020202e-03 1.134944e+04 1.143712e+04 
7.040404e-03 1.655434e+04 1.665450e+04 
1.006061e-02 1.975226e+04 1.981982e+04 
1.308081e-02 2.148685e+04 2.150401e+04 
1.610101e-02 2.215010e+04 2.208045e+04 
1.912121e-02 2.204092e+04 2.185409e+04 
2.214141e-02 2.140085e+04 2.112405e+04 
2.516162e-02 2.042539e+04 2.014855e+04 
2.818182e-02 1.927311e+04 1.909935e+04 
3.120202e-02 1.806472e+04 1.806479e+04 
3.422222e-02 1.688810e+04 1.708047e+04 
3.724242e-02 1.580045e+04 1.615646e+04 
4.026263e-02 1.483364e+04 1.529270e+04 
4.328283e-02 1.399877e+04 1.448579e+04 
4.630303e-02 1.328782e+04 1.373165e+04 
4.932323e-02 1.269097e+04 1.302632e+04 
5.234343e-02 1.219088e+04 1.236621e+04 
5.536364e-02 1.175250e+04 1.174803e+04 
5.838384e-02 1.135192e+04 1.116881e+04 
6.140404e-02 1.097088e+04 1.062581e+04 
6.442424e-02 1.058949e+04 1.011649e+04 
6.744444e-02 1.019540e+04 9.638522e+03 
7.046465e-02 9.782510e+03 9.189709e+03 
7.348485e-02 9.350064e+03 8.768028e+03 
7.650505e-02 8.903515e+03 8.371594e+03 
7.952525e-02 8.452191e+03 7.998657e+03 
8.254545e-02 8.007500e+03 7.647591e+03 
8.556566e-02 7.580055e+03 7.316889e+03 
8.858586e-02 7.178705e+03 7.005155e+03 
9.160606e-02 6.810290e+03 6.711095e+03 
9.462626e-02 6.479877e+03 6.433511e+03 
9.764646e-02 6.190154e+03 6.171292e+03 
1.006667e-01 5.941700e+03 5.923414e+03 
1.036869e-01 5.731639e+03 5.688926e+03 
1.067071e-01 5.554751e+03 5.466949e+03 
1.097273e-01 5.403459e+03 5.256668e+03 
1.127475e-01 5.269512e+03 5.057329e+03 
1.157677e-01 5.145271e+03 4.868235e+03 
1.187879e-01 5.024018e+03 4.688736e+03 
1.218081e-01 4.900790e+03 4.518234e+03 
1.248283e-01 4.771937e+03 4.356171e+03 
1.278485e-01 4.635378e+03 4.202031e+03 
1.308687e-01 4.490690e+03 4.055332e+03 
1.338889e-01 4.338947e+03 3.915630e+03 
1.369091e-01 4.182606e+03 3.782508e+03 
1.399293e-01 4.024922e+03 3.655582e+03 
1.429495e-01 3.869366e+03 3.534490e+03 
1.459697e-01 3.719276e+03 3.418899e+03 
1.489899e-01 3.577256e+03 3.308496e+03 
1.520101e-01 3.445476e+03 3.202990e+03 
1.550303e-01 3.325489e+03 3.102108e+03 
1.580505e-01 3.218210e+03 3.005597e+03 
1.610707e-01 3.123752e+03 2.913218e+03 
1.640909e-01 3.041273e+03 2.824749e+03 
1.671111e-01 2.969090e+03 2.739984e+03 
1.701313e-01 2.904888e+03 2.658725e+03 
1.731515e-01 2.846071e+03 2.580791e+03 
1.761717e-01 2.790371e+03 2.506011e+03 
1.791919e-01 2.735790e+03 2.434223e+03 
1.822121e-01 2.680877e+03 2.365276e+03 
1.852323e-01 2.624493e+03 2.299029e+03 
1.882525e-01 2.565929e+03 2.235348e+03 
1.912727e-01 2.504854e+03 2.174108e+03 
1.942929e-01 2.441388e+03 2.115189e+03 
1.973131e-01 2.376103e+03 2.058482e+03 
2.003333e-01 2.309951e+03 2.003880e+03 
2.033535e-01 2.244096e+03 1.951285e+03 
2.063737e-01 2.179777e+03 1.900604e+03 
2.093939e-01 2.118006e+03 1.851748e+03 
2.124141e-01 2.059606e+03 1.804634e+03 
2.154343e-01 2.005030e+03 1.759183e+03 
2.184545e-01 1.954539e+03 1.715321e+03 
2.214747e-01 1.908153e+03 1.672977e+03 
2.244949e-01 1.865706e+03 1.632085e+03 
2.275152e-01 1.826811e+03 1.592581e+03 
2.305354e-01 1.790932e+03 1.554406e+03 
2.335556e-01 1.757417e+03 1.517502e+03 
2.365758e-01 1.725622e+03 1.481816e+03 
2.395960e-01 1.694916e+03 1.447297e+03 
2.426162e-01 1.664743e+03 1.413897e+03 
2.456364e-01 1.634609e+03 1.381568e+03 
2.486566e-01 1.604166e+03 1.350268e+03 
2.516768e-01 1.573183e+03 1.319955e+03 
2.546970e-01 1.541623e+03 1.290589e+03 
2.577172e-01 1.509597e+03 1.262133e+03 
2.607374e-01 1.477385e+03 1.234550e+03 
2.637576e-01 1.445318e+03 1.207807e+03 
2.667778e-01 1.413754e+03 1.181871e+03 
2.697980e-01 1.382985e+03 1.156710e+03 
2.728182e-01 1.353254e+03 1.132296e+03 
2.758384e-01 1.324740e+03 1.108600e+03 
2.788586e-01 1.297572e+03 1.085595e+03 
2.818788e-01 1.271810e+03 1.063256e+03 
2.848990e-01 1.247471e+03 1.041557e+03 
2.879192e-01 1.224514e+03 1.020476e+03 
2.909394e-01 1.202829e+03 9.999904e+02 
2.939596e-01 1.182226e+03 9.800780e+02 
2.969798e-01 1.162489e+03 9.607188e+02 
3.000000e-01 1.143395e+03 9.418930e+02 
