1.000000e-03 2.527788e+03 2.527761e+03 
4.020202e-03 8.439139e+03 8.504549e+03 
7.040404e-03 1.238185e+04 1.245240e+04 
1.006061e-02 1.489261e+04 1.491927e+04 
1.308081e-02 1.636286e+04 1.632348e+04 
1.610101e-02 1.707303e+04 1.695095e+04 
1.912121e-02 1.723294e+04 1.702761e+04 
2.214141e-02 1.700740e+04 1.675145e+04 
2.516162e-02 1.652699e+04 1.627806e+04 
2.818182e-02 1.589529e+04 1.570837e+04 
3.120202e-02 1.519121e+04 1.509886e+04 
3.422222e-02 1.447268e+04 1.447904e+04 
3.724242e-02 1.377804e+04 1.386444e+04 
4.026263e-02 1.313117e+04 1.326362e+04 
4.328283e-02 1.254042e+04 1.268152e+04 
4.630303e-02 1.200297e+04 1.212102e+04 
4.932323e-02 1.152407e+04 1.158375e+04 
5.234343e-02 1.109265e+04 1.107046e+04 
5.536364e-02 1.068486e+04 1.058132e+04 
5.838384e-02 1.029423e+04 1.011607e+04 
6.140404e-02 9.916658e+03 9.674168e+03 
6.442424e-02 9.544676e+03 9.254872e+03 
6.744444e-02 9.172892e+03 8.857308e+03 
7.046465e-02 8.798697e+03 8.480525e+03 
7.348485e-02 8.423384e+03 8.123532e+03 
7.650505e-02 8.051576e+03 7.785324e+03 
7.952525e-02 7.689925e+03 7.464904e+03 
8.254545e-02 7.345220e+03 7.161294e+03 
8.556566e-02 7.022336e+03 6.873550e+03 
8.858586e-02 6.723745e+03 6.600762e+03 
9.160606e-02 6.449819e+03 6.342065e+03 
9.462626e-02 6.200156e+03 6.096634e+03 
9.764646e-02 5.974097e+03 5.863689e+03 
1.006667e-01 5.770416e+03 5.642496e+03 
1.036869e-01 5.586988e+03 5.432360e+03 
1.067071e-01 5.420203e+03 5.232631e+03 
1.097273e-01 5.265871e+03 5.042697e+03 
1.127475e-01 5.119034e+03 4.861984e+03 
1.157677e-01 4.975370e+03 4.689957e+03 
1.187879e-01 4.832171e+03 4.526111e+03 
1.218081e-01 4.687836e+03 4.369975e+03 
1.248283e-01 4.542571e+03 4.221109e+03 
1.278485e-01 4.397094e+03 4.079100e+03 
1.308687e-01 4.252682e+03 3.943562e+03 
1.338889e-01 4.110764e+03 3.814132e+03 
1.369091e-01 3.972911e+03 3.690474e+03 
1.399293e-01 3.840513e+03 3.572269e+03 
1.429495e-01 3.714638e+03 3.459220e+03 
1.459697e-01 3.596090e+03 3.351050e+03 
1.489899e-01 3.485309e+03 3.247497e+03 
1.520101e-01 3.382481e+03 3.148316e+03 
1.550303e-01 3.287464e+03 3.053279e+03 
1.580505e-01 3.199810e+03 2.962169e+03 
1.610707e-01 3.118694e+03 2.874785e+03 
1.640909e-01 3.043034e+03 2.790936e+03 
1.671111e-01 2.971460e+03 2.710443e+03 
1.701313e-01 2.902672e+03 2.633138e+03 
1.731515e-01 2.835485e+03 2.558864e+03 
1.761717e-01 2.769131e+03 2.487471e+03 
1.791919e-01 2.703298e+03 2.418819e+03 
1.822121e-01 2.637888e+03 2.352776e+03 
1.852323e-01 2.573005e+03 2.289217e+03 
1.882525e-01 2.508766e+03 2.228025e+03 
1.912727e-01 2.445305e+03 2.169089e+03 
1.942929e-01 2.382921e+03 2.112304e+03 
1.973131e-01 2.322058e+03 2.057572e+03 
2.003333e-01 2.263195e+03 2.004798e+03 
2.033535e-01 2.206823e+03 1.953894e+03 
2.063737e-01 2.153225e+03 1.904777e+03 
2.093939e-01 2.102502e+03 1.857368e+03 
2.124141e-01 2.054524e+03 1.811591e+03 
2.154343e-01 2.008997e+03 1.767375e+03 
2.184545e-01 1.965646e+03 1.724654e+03 
2.214747e-01 1.924217e+03 1.683362e+03 
2.244949e-01 1.884478e+03 1.643440e+03 
2.275152e-01 1.846213e+03 1.604831e+03 
2.305354e-01 1.809150e+03 1.567478e+03 
2.335556e-01 1.772999e+03 1.531331e+03 
2.365758e-01 1.737547e+03 1.496340e+03 
2.395960e-01 1.702636e+03 1.462459e+03 
2.426162e-01 1.668215e+03 1.429642e+03 
2.456364e-01 1.634296e+03 1.397848e+03 
2.486566e-01 1.600955e+03 1.367035e+03 
2.516768e-01 1.568291e+03 1.337165e+03 
2.546970e-01 1.536366e+03 1.308203e+03 
2.577172e-01 1.505225e+03 1.280111e+03 
2.607374e-01 1.474933e+03 1.252859e+03 
2.637576e-01 1.445559e+03 1.226412e+03 
2.667778e-01 1.417162e+03 1.200742e+03 
2.697980e-01 1.389792e+03 1.175819e+03 
2.728182e-01 1.363447e+03 1.151616e+03 
2.758384e-01 1.338098e+03 1.128105e+03 
2.788586e-01 1.313642e+03 1.105263e+03 
2.818788e-01 1.289958e+03 1.083064e+03 
2.848990e-01 1.266952e+03 1.061486e+03 
2.879192e-01 1.244545e+03 1.040506e+03 
2.909394e-01 1.222686e+03 1.020104e+03 
2.939596e-01 1.201331e+03 1.000258e+03 
2.969798e-01 1.180445e+03 9.809507e+02 
3.000000e-01 1.159995e+03 9.621623e+02 
