1.000000e-03 7.228112e+03 7.228042e+03 
4.020202e-03 2.379371e+04 2.398021e+04 
7.040404e-03 3.470143e+04 3.498441e+04 
1.006061e-02 4.139671e+04 4.180087e+04 
1.308081e-02 4.487540e+04 4.548393e+04 
1.610101e-02 4.586942e+04 4.661892e+04 
1.912121e-02 4.497336e+04 4.559354e+04 
2.214141e-02 4.270327e+04 4.287356e+04 
2.516162e-02 3.951970e+04 3.910432e+04 
2.818182e-02 3.582327e+04 3.497513e+04 
3.120202e-02 3.195008e+04 3.101238e+04 
3.422222e-02 2.816234e+04 2.749309e+04 
3.724242e-02 2.464932e+04 2.449300e+04 
4.026263e-02 2.153179e+04 2.197752e+04 
4.328283e-02 1.886132e+04 1.987166e+04 
4.630303e-02 1.665078e+04 1.809689e+04 
4.932323e-02 1.489143e+04 1.658540e+04 
5.234343e-02 1.354128e+04 1.528317e+04 
5.536364e-02 1.254020e+04 1.414855e+04 
5.838384e-02 1.182504e+04 1.314983e+04 
6.140404e-02 1.134079e+04 1.226282e+04 
6.442424e-02 1.102929e+04 1.146889e+04 
6.744444e-02 1.083366e+04 1.075358e+04 
7.046465e-02 1.070174e+04 1.010543e+04 
7.348485e-02 1.058676e+04 9.515289e+03 
7.650505e-02 1.044788e+04 8.975717e+03 
7.952525e-02 1.025258e+04 8.480585e+03 
8.254545e-02 9.979530e+03 8.024783e+03 
8.556566e-02 9.619332e+03 7.604004e+03 
8.858586e-02 9.173270e+03 7.214579e+03 
9.160606e-02 8.652422e+03 6.853355e+03 
9.462626e-02 8.076313e+03 6.517600e+03 
9.764646e-02 7.468288e+03 6.204929e+03 
1.006667e-01 6.854799e+03 5.913251e+03 
1.036869e-01 6.260931e+03 5.640717e+03 
1.067071e-01 5.709419e+03 5.385688e+03 
1.097273e-01 5.216171e+03 5.146705e+03 
1.127475e-01 4.792144e+03 4.922459e+03 
1.157677e-01 4.441541e+03 4.711779e+03 
1.187879e-01 4.164421e+03 4.513608e+03 
1.218081e-01 3.956875e+03 4.326993e+03 
1.248283e-01 3.812553e+03 4.151069e+03 
1.278485e-01 3.723471e+03 3.985053e+03 
1.308687e-01 3.680248e+03 3.828232e+03 
1.338889e-01 3.672473e+03 3.679954e+03 
1.369091e-01 3.688442e+03 3.539628e+03 
1.399293e-01 3.716222e+03 3.406709e+03 
1.429495e-01 3.743957e+03 3.280698e+03 
1.459697e-01 3.761021e+03 3.161140e+03 
1.489899e-01 3.758109e+03 3.047613e+03 
1.520101e-01 3.728631e+03 2.939730e+03 
1.550303e-01 3.668231e+03 2.837135e+03 
1.580505e-01 3.575541e+03 2.739497e+03 
1.610707e-01 3.452106e+03 2.646512e+03 
1.640909e-01 3.302120e+03 2.557899e+03 
1.671111e-01 3.132175e+03 2.473396e+03 
1.701313e-01 2.950141e+03 2.392760e+03 
1.731515e-01 2.764691e+03 2.315767e+03 
1.761717e-01 2.583883e+03 2.242208e+03 
1.791919e-01 2.414465e+03 2.171887e+03 
1.822121e-01 2.261488e+03 2.104624e+03 
1.852323e-01 2.128504e+03 2.040249e+03 
1.882525e-01 2.017341e+03 1.978605e+03 
1.912727e-01 1.928754e+03 1.919544e+03 
1.942929e-01 1.862267e+03 1.862929e+03 
1.973131e-01 1.816597e+03 1.808630e+03 
2.003333e-01 1.789610e+03 1.756528e+03 
2.033535e-01 1.778381e+03 1.706510e+03 
2.063737e-01 1.779397e+03 1.658468e+03 
2.093939e-01 1.788632e+03 1.612304e+03 
2.124141e-01 1.801912e+03 1.567924e+03 
2.154343e-01 1.815113e+03 1.525241e+03 
2.184545e-01 1.824466e+03 1.484172e+03 
2.214747e-01 1.826684e+03 1.444639e+03 
2.244949e-01 1.819309e+03 1.406570e+03 
2.275152e-01 1.800599e+03 1.369894e+03 
2.305354e-01 1.769951e+03 1.334547e+03 
2.335556e-01 1.727572e+03 1.300468e+03 
2.365758e-01 1.674701e+03 1.267599e+03 
2.395960e-01 1.613295e+03 1.235885e+03 
2.426162e-01 1.545918e+03 1.205274e+03 
2.456364e-01 1.475398e+03 1.175717e+03 
2.486566e-01 1.404604e+03 1.147169e+03 
2.516768e-01 1.336147e+03 1.119584e+03 
2.546970e-01 1.272309e+03 1.092923e+03 
2.577172e-01 1.214885e+03 1.067144e+03 
2.607374e-01 1.165119e+03 1.042212e+03 
2.637576e-01 1.123745e+03 1.018090e+03 
2.667778e-01 1.090895e+03 9.947456e+02 
2.697980e-01 1.066315e+03 9.721458e+02 
2.728182e-01 1.049317e+03 9.502607e+02 
2.758384e-01 1.038949e+03 9.290614e+02 
2.788586e-01 1.033989e+03 9.085205e+02 
2.818788e-01 1.033056e+03 8.886119e+02 
2.848990e-01 1.034664e+03 8.693107e+02 
2.879192e-01 1.037275e+03 8.505933e+02 
2.909394e-01 1.039379e+03 8.324371e+02 
2.939596e-01 1.039581e+03 8.148207e+02 
2.969798e-01 1.036704e+03 7.977234e+02 
3.000000e-01 1.029853e+03 7.811259e+02 
