1.000000e-03 4.850516e+03 4.850469e+03 
4.020202e-03 1.612114e+04 1.624683e+04 
7.040404e-03 2.336274e+04 2.352609e+04 
1.006061e-02 2.765600e+04 2.783567e+04 
1.308081e-02 2.978060e+04 2.997859e+04 
1.610101e-02 3.030227e+04 3.044263e+04 
1.912121e-02 2.966497e+04 2.962871e+04 
2.214141e-02 2.823872e+04 2.799036e+04 
2.516162e-02 2.633329e+04 2.598400e+04 
2.818182e-02 2.420249e+04 2.394602e+04 
3.120202e-02 2.204452e+04 2.205139e+04 
3.422222e-02 2.000139e+04 2.035673e+04 
3.724242e-02 1.816407e+04 1.885909e+04 
4.026263e-02 1.658314e+04 1.753447e+04 
4.328283e-02 1.526296e+04 1.635579e+04 
4.630303e-02 1.419682e+04 1.529922e+04 
4.932323e-02 1.337673e+04 1.434546e+04 
5.234343e-02 1.274760e+04 1.347926e+04 
5.536364e-02 1.226097e+04 1.268856e+04 
5.838384e-02 1.187642e+04 1.196376e+04 
6.140404e-02 1.154605e+04 1.129704e+04 
6.442424e-02 1.123326e+04 1.068196e+04 
6.744444e-02 1.090902e+04 1.011309e+04 
7.046465e-02 1.055005e+04 9.585825e+03 
7.348485e-02 1.014283e+04 9.096178e+03 
7.650505e-02 9.683786e+03 8.640679e+03 
7.952525e-02 9.178925e+03 8.216277e+03 
8.254545e-02 8.642739e+03 7.820271e+03 
8.556566e-02 8.093711e+03 7.450255e+03 
8.858586e-02 7.551475e+03 7.104081e+03 
9.160606e-02 7.034688e+03 6.779815e+03 
9.462626e-02 6.558951e+03 6.475719e+03 
9.764646e-02 6.136224e+03 6.190218e+03 
1.006667e-01 5.773750e+03 5.921890e+03 
1.036869e-01 5.473765e+03 5.669441e+03 
1.067071e-01 5.234456e+03 5.431695e+03 
1.097273e-01 5.049612e+03 5.207579e+03 
1.127475e-01 4.910806e+03 4.996116e+03 
1.157677e-01 4.807710e+03 4.796409e+03 
1.187879e-01 4.729307e+03 4.607641e+03 
1.218081e-01 4.664181e+03 4.429060e+03 
1.248283e-01 4.601645e+03 4.259976e+03 
1.278485e-01 4.532068e+03 4.099755e+03 
1.308687e-01 4.448495e+03 3.947814e+03 
1.338889e-01 4.346312e+03 3.803615e+03 
1.369091e-01 4.224098e+03 3.666662e+03 
1.399293e-01 4.082879e+03 3.536497e+03 
1.429495e-01 3.925757e+03 3.412697e+03 
1.459697e-01 3.757162e+03 3.294868e+03 
1.489899e-01 3.582331e+03 3.182650e+03 
1.520101e-01 3.407271e+03 3.075703e+03 
1.550303e-01 3.238063e+03 2.973717e+03 
1.580505e-01 3.080547e+03 2.876401e+03 
1.610707e-01 2.939044e+03 2.783485e+03 
1.640909e-01 2.816411e+03 2.694716e+03 
1.671111e-01 2.713396e+03 2.609863e+03 
1.701313e-01 2.629416e+03 2.528705e+03 
1.731515e-01 2.562364e+03 2.451040e+03 
1.761717e-01 2.509677e+03 2.376677e+03 
1.791919e-01 2.468496e+03 2.305438e+03 
1.822121e-01 2.435688e+03 2.237158e+03 
1.852323e-01 2.407918e+03 2.171680e+03 
1.882525e-01 2.381653e+03 2.108859e+03 
1.912727e-01 2.353540e+03 2.048558e+03 
1.942929e-01 2.320731e+03 1.990649e+03 
1.973131e-01 2.281300e+03 1.935011e+03 
2.003333e-01 2.234297e+03 1.881532e+03 
2.033535e-01 2.180020e+03 1.830104e+03 
2.063737e-01 2.119487e+03 1.780629e+03 
2.093939e-01 2.054267e+03 1.733012e+03 
2.124141e-01 1.986136e+03 1.687164e+03 
2.154343e-01 1.917014e+03 1.643001e+03 
2.184545e-01 1.848835e+03 1.600446e+03 
2.214747e-01 1.783489e+03 1.559423e+03 
2.244949e-01 1.722567e+03 1.519862e+03 
2.275152e-01 1.667357e+03 1.481698e+03 
2.305354e-01 1.618602e+03 1.444866e+03 
2.335556e-01 1.576557e+03 1.409309e+03 
2.365758e-01 1.540944e+03 1.374970e+03 
2.395960e-01 1.511108e+03 1.341795e+03 
2.426162e-01 1.486143e+03 1.309735e+03 
2.456364e-01 1.464952e+03 1.278742e+03 
2.486566e-01 1.446350e+03 1.248770e+03 
2.516768e-01 1.429083e+03 1.219776e+03 
2.546970e-01 1.411961e+03 1.191721e+03 
2.577172e-01 1.393903e+03 1.164564e+03 
2.607374e-01 1.374117e+03 1.138271e+03 
2.637576e-01 1.352061e+03 1.112804e+03 
2.667778e-01 1.327592e+03 1.088132e+03 
2.697980e-01 1.300813e+03 1.064223e+03 
2.728182e-01 1.272095e+03 1.041046e+03 
2.758384e-01 1.241938e+03 1.018573e+03 
2.788586e-01 1.210936e+03 9.967762e+02 
2.818788e-01 1.179750e+03 9.756304e+02 
2.848990e-01 1.149049e+03 9.551104e+02 
2.879192e-01 1.119456e+03 9.351926e+02 
2.909394e-01 1.091522e+03 9.158543e+02 
2.939596e-01 1.065696e+03 8.970741e+02 
2.969798e-01 1.042221e+03 8.788313e+02 
3.000000e-01 1.021174e+03 8.611064e+02 
