1.000000e-03 2.619173e+03 2.619148e+03 
4.020202e-03 8.787614e+03 8.855934e+03 
7.040404e-03 1.286833e+04 1.293970e+04 
1.006061e-02 1.543168e+04 1.545467e+04 
1.308081e-02 1.690127e+04 1.685261e+04 
1.610101e-02 1.757916e+04 1.744325e+04 
1.912121e-02 1.769071e+04 1.747194e+04 
2.214141e-02 1.741094e+04 1.714958e+04 
2.516162e-02 1.687786e+04 1.663598e+04 
2.818182e-02 1.619904e+04 1.603129e+04 
3.120202e-02 1.545573e+04 1.539030e+04 
3.422222e-02 1.470592e+04 1.474150e+04 
3.724242e-02 1.398715e+04 1.410004e+04 
4.026263e-02 1.332130e+04 1.347436e+04 
4.328283e-02 1.271470e+04 1.286941e+04 
4.630303e-02 1.216403e+04 1.228802e+04 
4.932323e-02 1.167104e+04 1.173176e+04 
5.234343e-02 1.122212e+04 1.120128e+04 
5.536364e-02 1.079473e+04 1.069662e+04 
5.838384e-02 1.038427e+04 1.021740e+04 
6.140404e-02 9.986218e+03 9.762941e+03 
6.442424e-02 9.591579e+03 9.332377e+03 
6.744444e-02 9.196785e+03 8.924708e+03 
7.046465e-02 8.801971e+03 8.538870e+03 
7.348485e-02 8.410188e+03 8.173764e+03 
7.650505e-02 8.027140e+03 7.828291e+03 
7.952525e-02 7.659595e+03 7.501364e+03 
8.254545e-02 7.313307e+03 7.191930e+03 
8.556566e-02 6.991666e+03 6.898971e+03 
8.858586e-02 6.695841e+03 6.621517e+03 
9.160606e-02 6.425661e+03 6.358642e+03 
9.462626e-02 6.180486e+03 6.109474e+03 
9.764646e-02 5.959358e+03 5.873187e+03 
1.006667e-01 5.760259e+03 5.649004e+03 
1.036869e-01 5.579948e+03 5.436196e+03 
1.067071e-01 5.413658e+03 5.234080e+03 
1.097273e-01 5.256536e+03 5.042015e+03 
1.127475e-01 5.103923e+03 4.859403e+03 
1.157677e-01 4.952457e+03 4.685682e+03 
1.187879e-01 4.800854e+03 4.520329e+03 
1.218081e-01 4.648762e+03 4.362855e+03 
1.248283e-01 4.496929e+03 4.212801e+03 
1.278485e-01 4.346462e+03 4.069741e+03 
1.308687e-01 4.198831e+03 3.933274e+03 
1.338889e-01 4.055515e+03 3.803027e+03 
1.369091e-01 3.917968e+03 3.678651e+03 
1.399293e-01 3.787372e+03 3.559818e+03 
1.429495e-01 3.664597e+03 3.446223e+03 
1.459697e-01 3.550078e+03 3.337580e+03 
1.489899e-01 3.443813e+03 3.233620e+03 
1.520101e-01 3.345498e+03 3.134093e+03 
1.550303e-01 3.254555e+03 3.038763e+03 
1.580505e-01 3.170127e+03 2.947410e+03 
1.610707e-01 3.091120e+03 2.859825e+03 
1.640909e-01 3.016283e+03 2.775816e+03 
1.671111e-01 2.944273e+03 2.695198e+03 
1.701313e-01 2.874023e+03 2.617802e+03 
1.731515e-01 2.804708e+03 2.543464e+03 
1.761717e-01 2.736002e+03 2.472034e+03 
1.791919e-01 2.667901e+03 2.403369e+03 
1.822121e-01 2.600500e+03 2.337333e+03 
1.852323e-01 2.533961e+03 2.273801e+03 
1.882525e-01 2.468546e+03 2.212653e+03 
1.912727e-01 2.404587e+03 2.153776e+03 
1.942929e-01 2.342504e+03 2.097064e+03 
1.973131e-01 2.282743e+03 2.042416e+03 
2.003333e-01 2.225649e+03 1.989738e+03 
2.033535e-01 2.171470e+03 1.938940e+03 
2.063737e-01 2.120146e+03 1.889937e+03 
2.093939e-01 2.071480e+03 1.842648e+03 
2.124141e-01 2.025221e+03 1.796999e+03 
2.154343e-01 1.981102e+03 1.752917e+03 
2.184545e-01 1.938880e+03 1.710334e+03 
2.214747e-01 1.898307e+03 1.669185e+03 
2.244949e-01 1.859084e+03 1.629410e+03 
2.275152e-01 1.820913e+03 1.590950e+03 
2.305354e-01 1.783572e+03 1.553750e+03 
2.335556e-01 1.746892e+03 1.517757e+03 
2.365758e-01 1.710835e+03 1.482922e+03 
2.395960e-01 1.675411e+03 1.449198e+03 
2.426162e-01 1.640671e+03 1.416540e+03 
2.456364e-01 1.606673e+03 1.384905e+03 
2.486566e-01 1.573453e+03 1.354251e+03 
2.516768e-01 1.541049e+03 1.324541e+03 
2.546970e-01 1.509502e+03 1.295738e+03 
2.577172e-01 1.478875e+03 1.267806e+03 
2.607374e-01 1.449271e+03 1.240712e+03 
2.637576e-01 1.420765e+03 1.214424e+03 
2.667778e-01 1.393347e+03 1.188911e+03 
2.697980e-01 1.366958e+03 1.164144e+03 
2.728182e-01 1.341467e+03 1.140095e+03 
2.758384e-01 1.316751e+03 1.116739e+03 
2.788586e-01 1.292726e+03 1.094049e+03 
2.818788e-01 1.269329e+03 1.072002e+03 
2.848990e-01 1.246527e+03 1.050573e+03 
2.879192e-01 1.224288e+03 1.029742e+03 
2.909394e-01 1.202581e+03 1.009486e+03 
2.939596e-01 1.181363e+03 9.897860e+02 
2.969798e-01 1.160577e+03 9.706219e+02 
3.000000e-01 1.140189e+03 9.519752e+02 
