1.000000e-03 5.250757e+03 5.250700e+03 
4.020202e-03 1.729146e+04 1.742708e+04 
7.040404e-03 2.503569e+04 2.521818e+04 
1.006061e-02 2.965336e+04 2.986640e+04 
1.308081e-02 3.196140e+04 3.221869e+04 
1.610101e-02 3.254960e+04 3.277577e+04 
1.912121e-02 3.188028e+04 3.192807e+04 
2.214141e-02 3.033967e+04 3.012465e+04 
2.516162e-02 2.825639e+04 2.785394e+04 
2.818182e-02 2.590278e+04 2.551138e+04 
3.120202e-02 2.349563e+04 2.332422e+04 
3.422222e-02 2.119441e+04 2.137697e+04 
3.724242e-02 1.910503e+04 1.967370e+04 
4.026263e-02 1.729000e+04 1.818644e+04 
4.328283e-02 1.576285e+04 1.688048e+04 
4.630303e-02 1.451880e+04 1.572432e+04 
4.932323e-02 1.355533e+04 1.469217e+04 
5.234343e-02 1.282240e+04 1.376370e+04 
5.536364e-02 1.226895e+04 1.292306e+04 
5.838384e-02 1.185458e+04 1.215778e+04 
6.140404e-02 1.152837e+04 1.145793e+04 
6.442424e-02 1.124715e+04 1.081548e+04 
6.744444e-02 1.097550e+04 1.022382e+04 
7.046465e-02 1.068292e+04 9.677419e+03 
7.348485e-02 1.034754e+04 9.171607e+03 
7.650505e-02 9.956733e+03 8.702369e+03 
7.952525e-02 9.507713e+03 8.266231e+03 
8.254545e-02 9.008407e+03 7.860154e+03 
8.556566e-02 8.473554e+03 7.481463e+03 
8.858586e-02 7.921937e+03 7.127790e+03 
9.160606e-02 7.373983e+03 6.797025e+03 
9.462626e-02 6.848813e+03 6.487281e+03 
9.764646e-02 6.363447e+03 6.196866e+03 
1.006667e-01 5.930544e+03 5.924253e+03 
1.036869e-01 5.558361e+03 5.668064e+03 
1.067071e-01 5.250015e+03 5.427051e+03 
1.097273e-01 5.004083e+03 5.200082e+03 
1.127475e-01 4.815775e+03 4.986125e+03 
1.157677e-01 4.677120e+03 4.784242e+03 
1.187879e-01 4.578681e+03 4.593574e+03 
1.218081e-01 4.509933e+03 4.413337e+03 
1.248283e-01 4.459804e+03 4.242813e+03 
1.278485e-01 4.416908e+03 4.081343e+03 
1.308687e-01 4.371159e+03 3.928321e+03 
1.338889e-01 4.313826e+03 3.783190e+03 
1.369091e-01 4.238884e+03 3.645438e+03 
1.399293e-01 4.142568e+03 3.514592e+03 
1.429495e-01 4.024387e+03 3.390215e+03 
1.459697e-01 3.885808e+03 3.271904e+03 
1.489899e-01 3.730118e+03 3.159285e+03 
1.520101e-01 3.562202e+03 3.052013e+03 
1.550303e-01 3.387943e+03 2.949767e+03 
1.580505e-01 3.213931e+03 2.852250e+03 
1.610707e-01 3.046611e+03 2.759185e+03 
1.640909e-01 2.891720e+03 2.670316e+03 
1.671111e-01 2.753471e+03 2.585402e+03 
1.701313e-01 2.634431e+03 2.504222e+03 
1.731515e-01 2.535180e+03 2.426567e+03 
1.761717e-01 2.455071e+03 2.352244e+03 
1.791919e-01 2.392401e+03 2.281071e+03 
1.822121e-01 2.344956e+03 2.212880e+03 
1.852323e-01 2.310040e+03 2.147512e+03 
1.882525e-01 2.284528e+03 2.084819e+03 
1.912727e-01 2.264924e+03 2.024663e+03 
1.942929e-01 2.247538e+03 1.966912e+03 
1.973131e-01 2.228747e+03 1.911445e+03 
2.003333e-01 2.205470e+03 1.858148e+03 
2.033535e-01 2.175407e+03 1.806912e+03 
2.063737e-01 2.137384e+03 1.757637e+03 
2.093939e-01 2.091202e+03 1.710226e+03 
2.124141e-01 2.037465e+03 1.664591e+03 
2.154343e-01 1.977429e+03 1.620647e+03 
2.184545e-01 1.912714e+03 1.578313e+03 
2.214747e-01 1.845262e+03 1.537516e+03 
2.244949e-01 1.777142e+03 1.498185e+03 
2.275152e-01 1.710503e+03 1.460251e+03 
2.305354e-01 1.647268e+03 1.423652e+03 
2.335556e-01 1.589092e+03 1.388329e+03 
2.365758e-01 1.537075e+03 1.354224e+03 
2.395960e-01 1.491889e+03 1.321285e+03 
2.426162e-01 1.453601e+03 1.289460e+03 
2.456364e-01 1.421916e+03 1.258701e+03 
2.486566e-01 1.396177e+03 1.228963e+03 
2.516768e-01 1.375457e+03 1.200203e+03 
2.546970e-01 1.358628e+03 1.172380e+03 
2.577172e-01 1.344426e+03 1.145454e+03 
2.607374e-01 1.331546e+03 1.119389e+03 
2.637576e-01 1.318712e+03 1.094151e+03 
2.667778e-01 1.304820e+03 1.069704e+03 
2.697980e-01 1.288993e+03 1.046019e+03 
2.728182e-01 1.270681e+03 1.023064e+03 
2.758384e-01 1.249600e+03 1.000810e+03 
2.788586e-01 1.225808e+03 9.792313e+02 
2.818788e-01 1.199564e+03 9.583007e+02 
2.848990e-01 1.171334e+03 9.379935e+02 
2.879192e-01 1.141717e+03 9.182860e+02 
2.909394e-01 1.111420e+03 8.991557e+02 
2.939596e-01 1.081193e+03 8.805809e+02 
2.969798e-01 1.051780e+03 8.625410e+02 
3.000000e-01 1.023834e+03 8.450164e+02 
