1.000000e-03 4.408638e+03 4.408591e+03 
4.020202e-03 1.473050e+04 1.484509e+04 
7.040404e-03 2.153453e+04 2.168853e+04 
1.006061e-02 2.571665e+04 2.588977e+04 
1.308081e-02 2.793239e+04 2.813275e+04 
1.610101e-02 2.866343e+04 2.883232e+04 
1.912121e-02 2.829473e+04 2.831404e+04 
2.214141e-02 2.714869e+04 2.695060e+04 
2.516162e-02 2.550208e+04 2.514863e+04 
2.818182e-02 2.358779e+04 2.324200e+04 
3.120202e-02 2.159205e+04 2.142867e+04 
3.422222e-02 1.965544e+04 1.978881e+04 
3.724242e-02 1.787385e+04 1.833427e+04 
4.026263e-02 1.630672e+04 1.704814e+04 
4.328283e-02 1.497276e+04 1.590600e+04 
4.630303e-02 1.387002e+04 1.488466e+04 
4.932323e-02 1.300124e+04 1.396469e+04 
5.234343e-02 1.233054e+04 1.313057e+04 
5.536364e-02 1.181215e+04 1.236999e+04 
5.838384e-02 1.141069e+04 1.167323e+04 
6.140404e-02 1.108863e+04 1.103242e+04 
6.442424e-02 1.080881e+04 1.044114e+04 
6.744444e-02 1.053767e+04 9.894063e+03 
7.046465e-02 1.024910e+04 9.386687e+03 
7.348485e-02 9.924437e+03 8.915156e+03 
7.650505e-02 9.553153e+03 8.476137e+03 
7.952525e-02 9.133695e+03 8.066712e+03 
8.254545e-02 8.673114e+03 7.684313e+03 
8.556566e-02 8.183751e+03 7.326657e+03 
8.858586e-02 7.681152e+03 6.991710e+03 
9.160606e-02 7.182263e+03 6.677646e+03 
9.462626e-02 6.703015e+03 6.382823e+03 
9.764646e-02 6.257948e+03 6.105756e+03 
1.006667e-01 5.858282e+03 5.845102e+03 
1.036869e-01 5.512219e+03 5.599640e+03 
1.067071e-01 5.222776e+03 5.368259e+03 
1.097273e-01 4.989291e+03 5.149946e+03 
1.127475e-01 4.807061e+03 4.943776e+03 
1.157677e-01 4.669081e+03 4.748901e+03 
1.187879e-01 4.566728e+03 4.564547e+03 
1.218081e-01 4.490583e+03 4.390000e+03 
1.248283e-01 4.430963e+03 4.224606e+03 
1.278485e-01 4.378387e+03 4.067762e+03 
1.308687e-01 4.324048e+03 3.918913e+03 
1.338889e-01 4.260299e+03 3.777547e+03 
1.369091e-01 4.181605e+03 3.643192e+03 
1.399293e-01 4.084533e+03 3.515409e+03 
1.429495e-01 3.968540e+03 3.393794e+03 
1.459697e-01 3.834928e+03 3.277973e+03 
1.489899e-01 3.687055e+03 3.167597e+03 
1.520101e-01 3.529215e+03 3.062345e+03 
1.550303e-01 3.366561e+03 2.961915e+03 
1.580505e-01 3.204477e+03 2.866030e+03 
1.610707e-01 3.048408e+03 2.774430e+03 
1.640909e-01 2.903085e+03 2.686873e+03 
1.671111e-01 2.772469e+03 2.603134e+03 
1.701313e-01 2.658810e+03 2.523002e+03 
1.731515e-01 2.563143e+03 2.446280e+03 
1.761717e-01 2.484856e+03 2.372786e+03 
1.791919e-01 2.422513e+03 2.302347e+03 
1.822121e-01 2.373939e+03 2.234803e+03 
1.852323e-01 2.336496e+03 2.170003e+03 
1.882525e-01 2.307260e+03 2.107806e+03 
1.912727e-01 2.283208e+03 2.048079e+03 
1.942929e-01 2.261269e+03 1.990697e+03 
1.973131e-01 2.238373e+03 1.935545e+03 
2.003333e-01 2.211859e+03 1.882512e+03 
2.033535e-01 2.179674e+03 1.831495e+03 
2.063737e-01 2.140683e+03 1.782397e+03 
2.093939e-01 2.094528e+03 1.735125e+03 
2.124141e-01 2.041780e+03 1.689595e+03 
2.154343e-01 1.983521e+03 1.645723e+03 
2.184545e-01 1.921331e+03 1.603434e+03 
2.214747e-01 1.856970e+03 1.562655e+03 
2.244949e-01 1.792319e+03 1.523317e+03 
2.275152e-01 1.729167e+03 1.485356e+03 
2.305354e-01 1.669173e+03 1.448710e+03 
2.335556e-01 1.613647e+03 1.413321e+03 
2.365758e-01 1.563613e+03 1.379134e+03 
2.395960e-01 1.519612e+03 1.346098e+03 
2.426162e-01 1.481836e+03 1.314163e+03 
2.456364e-01 1.450021e+03 1.283283e+03 
2.486566e-01 1.423614e+03 1.253412e+03 
2.516768e-01 1.401794e+03 1.224509e+03 
2.546970e-01 1.383520e+03 1.196535e+03 
2.577172e-01 1.367635e+03 1.169450e+03 
2.607374e-01 1.352946e+03 1.143219e+03 
2.637576e-01 1.338330e+03 1.117808e+03 
2.667778e-01 1.322836e+03 1.093184e+03 
2.697980e-01 1.305732e+03 1.069315e+03 
2.728182e-01 1.286526e+03 1.046173e+03 
2.758384e-01 1.265003e+03 1.023729e+03 
2.788586e-01 1.241156e+03 1.001956e+03 
2.818788e-01 1.215221e+03 9.808287e+02 
2.848990e-01 1.187578e+03 9.603225e+02 
2.879192e-01 1.158780e+03 9.404140e+02 
2.909394e-01 1.129455e+03 9.210812e+02 
2.939596e-01 1.100292e+03 9.023027e+02 
2.969798e-01 1.071930e+03 8.840582e+02 
3.000000e-01 1.044944e+03 8.663283e+02 
