1.000000e-03 4.182066e+03 4.182017e+03 
4.020202e-03 1.371669e+04 1.382370e+04 
7.040404e-03 1.968107e+04 1.979881e+04 
1.006061e-02 2.313851e+04 2.321844e+04 
1.308081e-02 2.482525e+04 2.484676e+04 
1.610101e-02 2.525254e+04 2.516815e+04 
1.912121e-02 2.480211e+04 2.457750e+04 
2.214141e-02 2.377436e+04 2.345567e+04 
2.516162e-02 2.241015e+04 2.211624e+04 
2.818182e-02 2.089608e+04 2.075317e+04 
3.120202e-02 1.937284e+04 1.945569e+04 
3.422222e-02 1.793641e+04 1.825231e+04 
3.724242e-02 1.664474e+04 1.714494e+04 
4.026263e-02 1.552526e+04 1.612656e+04 
4.328283e-02 1.458074e+04 1.518834e+04 
4.630303e-02 1.379506e+04 1.432200e+04 
4.932323e-02 1.315103e+04 1.352035e+04 
5.234343e-02 1.261831e+04 1.277721e+04 
5.536364e-02 1.215325e+04 1.208727e+04 
5.838384e-02 1.172319e+04 1.144587e+04 
6.140404e-02 1.130480e+04 1.084889e+04 
6.442424e-02 1.088165e+04 1.029265e+04 
6.744444e-02 1.044181e+04 9.773830e+03 
7.046465e-02 9.978965e+03 9.289442e+03 
7.348485e-02 9.493381e+03 8.836757e+03 
7.650505e-02 8.992883e+03 8.413297e+03 
7.952525e-02 8.489992e+03 8.016801e+03 
8.254545e-02 7.999104e+03 7.645205e+03 
8.556566e-02 7.534100e+03 7.296624e+03 
8.858586e-02 7.105602e+03 6.969332e+03 
9.160606e-02 6.720995e+03 6.661752e+03 
9.462626e-02 6.384343e+03 6.372437e+03 
9.764646e-02 6.096172e+03 6.100064e+03 
1.006667e-01 5.854565e+03 5.843418e+03 
1.036869e-01 5.654003e+03 5.601384e+03 
1.067071e-01 5.487093e+03 5.372939e+03 
1.097273e-01 5.344650e+03 5.157142e+03 
1.127475e-01 5.217403e+03 4.953128e+03 
1.157677e-01 5.096345e+03 4.760101e+03 
1.187879e-01 4.974247e+03 4.577327e+03 
1.218081e-01 4.845359e+03 4.404129e+03 
1.248283e-01 4.706691e+03 4.239884e+03 
1.278485e-01 4.557178e+03 4.084016e+03 
1.308687e-01 4.398469e+03 3.935991e+03 
1.338889e-01 4.233356e+03 3.795317e+03 
1.369091e-01 4.065599e+03 3.661537e+03 
1.399293e-01 3.898852e+03 3.534229e+03 
1.429495e-01 3.736633e+03 3.413000e+03 
1.459697e-01 3.582265e+03 3.297487e+03 
1.489899e-01 3.438831e+03 3.187351e+03 
1.520101e-01 3.308810e+03 3.082277e+03 
1.550303e-01 3.193845e+03 2.981975e+03 
1.580505e-01 3.094143e+03 2.886170e+03 
1.610707e-01 3.008597e+03 2.794609e+03 
1.640909e-01 2.934764e+03 2.707055e+03 
1.671111e-01 2.869820e+03 2.623287e+03 
1.701313e-01 2.810827e+03 2.543099e+03 
1.731515e-01 2.755423e+03 2.466298e+03 
1.761717e-01 2.701553e+03 2.392702e+03 
1.791919e-01 2.647478e+03 2.322143e+03 
1.822121e-01 2.591675e+03 2.254463e+03 
1.852323e-01 2.532935e+03 2.189513e+03 
1.882525e-01 2.470696e+03 2.127153e+03 
1.912727e-01 2.405117e+03 2.067254e+03 
1.942929e-01 2.337145e+03 2.009691e+03 
1.973131e-01 2.268204e+03 1.954350e+03 
2.003333e-01 2.199774e+03 1.901121e+03 
2.033535e-01 2.133219e+03 1.849903e+03 
2.063737e-01 2.069508e+03 1.800600e+03 
2.093939e-01 2.009395e+03 1.753120e+03 
2.124141e-01 1.953405e+03 1.707378e+03 
2.154343e-01 1.901902e+03 1.663293e+03 
2.184545e-01 1.855085e+03 1.620788e+03 
2.214747e-01 1.812755e+03 1.579793e+03 
2.244949e-01 1.774434e+03 1.540238e+03 
2.275152e-01 1.739356e+03 1.502060e+03 
2.305354e-01 1.706679e+03 1.465198e+03 
2.335556e-01 1.675612e+03 1.429593e+03 
2.365758e-01 1.645453e+03 1.395192e+03 
2.395960e-01 1.615631e+03 1.361942e+03 
2.426162e-01 1.585665e+03 1.329795e+03 
2.456364e-01 1.555168e+03 1.298703e+03 
2.486566e-01 1.523939e+03 1.268624e+03 
2.516768e-01 1.491930e+03 1.239514e+03 
2.546970e-01 1.459354e+03 1.211334e+03 
2.577172e-01 1.426553e+03 1.184047e+03 
2.607374e-01 1.393995e+03 1.157615e+03 
2.637576e-01 1.362101e+03 1.132006e+03 
2.667778e-01 1.331190e+03 1.107186e+03 
2.697980e-01 1.301486e+03 1.083124e+03 
2.728182e-01 1.273136e+03 1.059791e+03 
2.758384e-01 1.246256e+03 1.037158e+03 
2.788586e-01 1.220930e+03 1.015200e+03 
2.818788e-01 1.197157e+03 9.938892e+02 
2.848990e-01 1.174870e+03 9.732025e+02 
2.879192e-01 1.153892e+03 9.531162e+02 
2.909394e-01 1.133985e+03 9.336081e+02 
2.939596e-01 1.114855e+03 9.146570e+02 
2.969798e-01 1.096254e+03 8.962425e+02 
3.000000e-01 1.077988e+03 8.783452e+02 
