1.000000e-03 2.482549e+03 2.482521e+03 
4.020202e-03 8.154170e+03 8.224320e+03 
7.040404e-03 1.180684e+04 1.187914e+04 
1.006061e-02 1.406904e+04 1.407873e+04 
1.308081e-02 1.537686e+04 1.529353e+04 
1.610101e-02 1.602399e+04 1.584143e+04 
1.912121e-02 1.621329e+04 1.594734e+04 
2.214141e-02 1.608995e+04 1.577245e+04 
2.516162e-02 1.576030e+04 1.542552e+04 
2.818182e-02 1.530124e+04 1.497585e+04 
3.120202e-02 1.476892e+04 1.446715e+04 
3.422222e-02 1.420184e+04 1.392762e+04 
3.724242e-02 1.362611e+04 1.337588e+04 
4.026263e-02 1.305790e+04 1.282443e+04 
4.328283e-02 1.250629e+04 1.228165e+04 
4.630303e-02 1.197549e+04 1.175307e+04 
4.932323e-02 1.146787e+04 1.124224e+04 
5.234343e-02 1.098344e+04 1.075130e+04 
5.536364e-02 1.051855e+04 1.028140e+04 
5.838384e-02 1.007202e+04 9.833003e+03 
6.140404e-02 9.645264e+03 9.406061e+03 
6.442424e-02 9.238335e+03 9.000208e+03 
6.744444e-02 8.850415e+03 8.614844e+03 
7.046465e-02 8.481438e+03 8.249226e+03 
7.348485e-02 8.131899e+03 7.902520e+03 
7.650505e-02 7.802320e+03 7.573842e+03 
7.952525e-02 7.493225e+03 7.262292e+03 
8.254545e-02 7.204098e+03 6.966971e+03 
8.556566e-02 6.932537e+03 6.686996e+03 
8.858586e-02 6.676202e+03 6.421511e+03 
9.160606e-02 6.433523e+03 6.169693e+03 
9.462626e-02 6.203230e+03 5.930756e+03 
9.764646e-02 5.984848e+03 5.703952e+03 
1.006667e-01 5.778035e+03 5.488573e+03 
1.036869e-01 5.581566e+03 5.283951e+03 
1.067071e-01 5.393803e+03 5.089456e+03 
1.097273e-01 5.213514e+03 4.904496e+03 
1.127475e-01 5.039808e+03 4.728516e+03 
1.157677e-01 4.872417e+03 4.560994e+03 
1.187879e-01 4.711831e+03 4.401442e+03 
1.218081e-01 4.558417e+03 4.249401e+03 
1.248283e-01 4.412218e+03 4.104443e+03 
1.278485e-01 4.273156e+03 3.966166e+03 
1.308687e-01 4.140898e+03 3.834195e+03 
1.338889e-01 4.015059e+03 3.708176e+03 
1.369091e-01 3.895289e+03 3.587781e+03 
1.399293e-01 3.781226e+03 3.472700e+03 
1.429495e-01 3.672337e+03 3.362644e+03 
1.459697e-01 3.567995e+03 3.257342e+03 
1.489899e-01 3.467663e+03 3.156540e+03 
1.520101e-01 3.371142e+03 3.059998e+03 
1.550303e-01 3.278304e+03 2.967494e+03 
1.580505e-01 3.189000e+03 2.878816e+03 
1.610707e-01 3.103036e+03 2.793769e+03 
1.640909e-01 3.020221e+03 2.712165e+03 
1.671111e-01 2.940385e+03 2.633832e+03 
1.701313e-01 2.863379e+03 2.558605e+03 
1.731515e-01 2.789075e+03 2.486331e+03 
1.761717e-01 2.717451e+03 2.416863e+03 
1.791919e-01 2.648518e+03 2.350065e+03 
1.822121e-01 2.582232e+03 2.285809e+03 
1.852323e-01 2.518430e+03 2.223972e+03 
1.882525e-01 2.456935e+03 2.164441e+03 
1.912727e-01 2.397615e+03 2.107107e+03 
1.942929e-01 2.340381e+03 2.051869e+03 
1.973131e-01 2.285141e+03 1.998629e+03 
2.003333e-01 2.231783e+03 1.947296e+03 
2.033535e-01 2.180185e+03 1.897785e+03 
2.063737e-01 2.130240e+03 1.850013e+03 
2.093939e-01 2.081894e+03 1.803904e+03 
2.124141e-01 2.035097e+03 1.759384e+03 
2.154343e-01 1.989792e+03 1.716385e+03 
2.184545e-01 1.945902e+03 1.674840e+03 
2.214747e-01 1.903353e+03 1.634688e+03 
2.244949e-01 1.862092e+03 1.595868e+03 
2.275152e-01 1.822083e+03 1.558326e+03 
2.305354e-01 1.783292e+03 1.522008e+03 
2.335556e-01 1.745699e+03 1.486864e+03 
2.365758e-01 1.709289e+03 1.452844e+03 
2.395960e-01 1.674018e+03 1.419905e+03 
2.426162e-01 1.639795e+03 1.388001e+03 
2.456364e-01 1.606525e+03 1.357093e+03 
2.486566e-01 1.574166e+03 1.327140e+03 
2.516768e-01 1.542714e+03 1.298104e+03 
2.546970e-01 1.512166e+03 1.269952e+03 
2.577172e-01 1.482500e+03 1.242647e+03 
2.607374e-01 1.453687e+03 1.216158e+03 
2.637576e-01 1.425691e+03 1.190454e+03 
2.667778e-01 1.398455e+03 1.165505e+03 
2.697980e-01 1.371923e+03 1.141282e+03 
2.728182e-01 1.346066e+03 1.117760e+03 
2.758384e-01 1.320889e+03 1.094913e+03 
2.788586e-01 1.296395e+03 1.072715e+03 
2.818788e-01 1.272567e+03 1.051143e+03 
2.848990e-01 1.249377e+03 1.030174e+03 
2.879192e-01 1.226796e+03 1.009788e+03 
2.909394e-01 1.204788e+03 9.899638e+02 
2.939596e-01 1.183316e+03 9.706811e+02 
2.969798e-01 1.162361e+03 9.519215e+02 
3.000000e-01 1.141930e+03 9.336668e+02 
