1.000000e-03 2.009714e+03 2.009694e+03 
4.020202e-03 6.745002e+03 6.801043e+03 
7.040404e-03 9.941262e+03 1.000257e+04 
1.006061e-02 1.202531e+04 1.203939e+04 
1.308081e-02 1.331416e+04 1.325437e+04 
1.610101e-02 1.403069e+04 1.388952e+04 
1.912121e-02 1.433649e+04 1.412346e+04 
2.214141e-02 1.435105e+04 1.409121e+04 
2.516162e-02 1.416406e+04 1.388862e+04 
2.818182e-02 1.384498e+04 1.357894e+04 
3.120202e-02 1.344427e+04 1.320288e+04 
3.422222e-02 1.299916e+04 1.278708e+04 
3.724242e-02 1.253540e+04 1.234953e+04 
4.026263e-02 1.207121e+04 1.190264e+04 
4.328283e-02 1.160909e+04 1.145508e+04 
4.630303e-02 1.116090e+04 1.101287e+04 
4.932323e-02 1.073991e+04 1.058019e+04 
5.234343e-02 1.033369e+04 1.015984e+04 
5.536364e-02 9.936067e+03 9.753616e+03 
5.838384e-02 9.549859e+03 9.362625e+03 
6.140404e-02 9.177864e+03 8.987427e+03 
6.442424e-02 8.822139e+03 8.628208e+03 
6.744444e-02 8.480983e+03 8.284881e+03 
7.046465e-02 8.151703e+03 7.957162e+03 
7.348485e-02 7.834501e+03 7.644638e+03 
7.650505e-02 7.530888e+03 7.346801e+03 
7.952525e-02 7.242893e+03 7.063090e+03 
8.254545e-02 6.972566e+03 6.792907e+03 
8.556566e-02 6.719705e+03 6.535643e+03 
8.858586e-02 6.482797e+03 6.290685e+03 
9.160606e-02 6.259648e+03 6.057425e+03 
9.462626e-02 6.047736e+03 5.835273e+03 
9.764646e-02 5.845822e+03 5.623655e+03 
1.006667e-01 5.653572e+03 5.422019e+03 
1.036869e-01 5.470585e+03 5.229836e+03 
1.067071e-01 5.296359e+03 5.046602e+03 
1.097273e-01 5.129871e+03 4.871838e+03 
1.127475e-01 4.969643e+03 4.705087e+03 
1.157677e-01 4.814619e+03 4.545921e+03 
1.187879e-01 4.664208e+03 4.393931e+03 
1.218081e-01 4.518409e+03 4.248734e+03 
1.248283e-01 4.377878e+03 4.109966e+03 
1.278485e-01 4.243173e+03 3.977286e+03 
1.308687e-01 4.114673e+03 3.850372e+03 
1.338889e-01 3.992495e+03 3.728919e+03 
1.369091e-01 3.876390e+03 3.612644e+03 
1.399293e-01 3.766044e+03 3.501275e+03 
1.429495e-01 3.660900e+03 3.394561e+03 
1.459697e-01 3.560292e+03 3.292263e+03 
1.489899e-01 3.463702e+03 3.194156e+03 
1.520101e-01 3.370896e+03 3.100028e+03 
1.550303e-01 3.281673e+03 3.009680e+03 
1.580505e-01 3.195862e+03 2.922925e+03 
1.610707e-01 3.113307e+03 2.839586e+03 
1.640909e-01 3.033791e+03 2.759495e+03 
1.671111e-01 2.956950e+03 2.682495e+03 
1.701313e-01 2.882410e+03 2.608438e+03 
1.731515e-01 2.810052e+03 2.537184e+03 
1.761717e-01 2.739942e+03 2.468600e+03 
1.791919e-01 2.672157e+03 2.402561e+03 
1.822121e-01 2.606794e+03 2.338949e+03 
1.852323e-01 2.543946e+03 2.277653e+03 
1.882525e-01 2.483514e+03 2.218566e+03 
1.912727e-01 2.425222e+03 2.161589e+03 
1.942929e-01 2.368825e+03 2.106628e+03 
1.973131e-01 2.314263e+03 2.053592e+03 
2.003333e-01 2.261524e+03 2.002398e+03 
2.033535e-01 2.210586e+03 1.952964e+03 
2.063737e-01 2.161415e+03 1.905214e+03 
2.093939e-01 2.113957e+03 1.859076e+03 
2.124141e-01 2.068055e+03 1.814482e+03 
2.154343e-01 2.023510e+03 1.771366e+03 
2.184545e-01 1.980191e+03 1.729667e+03 
2.214747e-01 1.938069e+03 1.689325e+03 
2.244949e-01 1.897128e+03 1.650285e+03 
2.275152e-01 1.857374e+03 1.612494e+03 
2.305354e-01 1.818823e+03 1.575902e+03 
2.335556e-01 1.781464e+03 1.540459e+03 
2.365758e-01 1.745229e+03 1.506121e+03 
2.395960e-01 1.710044e+03 1.472844e+03 
2.426162e-01 1.675859e+03 1.440587e+03 
2.456364e-01 1.642639e+03 1.409309e+03 
2.486566e-01 1.610353e+03 1.378973e+03 
2.516768e-01 1.578983e+03 1.349543e+03 
2.546970e-01 1.548511e+03 1.320985e+03 
2.577172e-01 1.518901e+03 1.293267e+03 
2.607374e-01 1.490106e+03 1.266355e+03 
2.637576e-01 1.462082e+03 1.240222e+03 
2.667778e-01 1.434796e+03 1.214838e+03 
2.697980e-01 1.408220e+03 1.190176e+03 
2.728182e-01 1.382331e+03 1.166210e+03 
2.758384e-01 1.357112e+03 1.142915e+03 
2.788586e-01 1.332545e+03 1.120267e+03 
2.818788e-01 1.308612e+03 1.098243e+03 
2.848990e-01 1.285295e+03 1.076822e+03 
2.879192e-01 1.262571e+03 1.055981e+03 
2.909394e-01 1.240415e+03 1.035703e+03 
2.939596e-01 1.218801e+03 1.015966e+03 
2.969798e-01 1.197711e+03 9.967526e+02 
3.000000e-01 1.177134e+03 9.780453e+02 
