1.000000e-03 8.368522e+03 8.368429e+03 
4.020202e-03 2.759107e+04 2.780876e+04 
7.040404e-03 3.996426e+04 4.029156e+04 
1.006061e-02 4.727485e+04 4.775607e+04 
1.308081e-02 5.077097e+04 5.149992e+04 
1.610101e-02 5.136582e+04 5.223204e+04 
1.912121e-02 4.979852e+04 5.044864e+04 
2.214141e-02 4.671087e+04 4.678012e+04 
2.516162e-02 4.266564e+04 4.206840e+04 
2.818182e-02 3.814642e+04 3.714635e+04 
3.120202e-02 3.354708e+04 3.258742e+04 
3.422222e-02 2.916476e+04 2.864615e+04 
3.724242e-02 2.520039e+04 2.535248e+04 
4.026263e-02 2.176967e+04 2.263019e+04 
4.328283e-02 1.890238e+04 2.037444e+04 
4.630303e-02 1.659852e+04 1.848742e+04 
4.932323e-02 1.482807e+04 1.688925e+04 
5.234343e-02 1.351814e+04 1.551836e+04 
5.536364e-02 1.259146e+04 1.432829e+04 
5.838384e-02 1.197228e+04 1.328413e+04 
6.140404e-02 1.158674e+04 1.235948e+04 
6.442424e-02 1.136345e+04 1.153417e+04 
6.744444e-02 1.123969e+04 1.079255e+04 
7.046465e-02 1.115792e+04 1.012229e+04 
7.348485e-02 1.106470e+04 9.513520e+03 
7.650505e-02 1.091457e+04 8.958252e+03 
7.952525e-02 1.067414e+04 8.449901e+03 
8.254545e-02 1.032467e+04 7.982985e+03 
8.556566e-02 9.863501e+03 7.552884e+03 
8.858586e-02 9.303031e+03 7.155670e+03 
9.160606e-02 8.666991e+03 6.787969e+03 
9.462626e-02 7.985468e+03 6.446863e+03 
9.764646e-02 7.291402e+03 6.129810e+03 
1.006667e-01 6.616594e+03 5.834582e+03 
1.036869e-01 5.988186e+03 5.559214e+03 
1.067071e-01 5.426746e+03 5.301970e+03 
1.097273e-01 4.946020e+03 5.061302e+03 
1.127475e-01 4.551729e+03 4.835829e+03 
1.157677e-01 4.244499e+03 4.624316e+03 
1.187879e-01 4.019810e+03 4.425651e+03 
1.218081e-01 3.870204e+03 4.238833e+03 
1.248283e-01 3.785545e+03 4.062956e+03 
1.278485e-01 3.753911e+03 3.897200e+03 
1.308687e-01 3.762165e+03 3.740821e+03 
1.338889e-01 3.796094e+03 3.593141e+03 
1.369091e-01 3.841454e+03 3.453543e+03 
1.399293e-01 3.884479e+03 3.321464e+03 
1.429495e-01 3.912805e+03 3.196386e+03 
1.459697e-01 3.915615e+03 3.077837e+03 
1.489899e-01 3.885039e+03 2.965383e+03 
1.520101e-01 3.815963e+03 2.858626e+03 
1.550303e-01 3.707266e+03 2.757197e+03 
1.580505e-01 3.561824e+03 2.660759e+03 
1.610707e-01 3.386152e+03 2.568999e+03 
1.640909e-01 3.189676e+03 2.481628e+03 
1.671111e-01 2.982959e+03 2.398379e+03 
1.701313e-01 2.776525e+03 2.319004e+03 
1.731515e-01 2.579425e+03 2.243275e+03 
1.761717e-01 2.398751e+03 2.170978e+03 
1.791919e-01 2.239378e+03 2.101915e+03 
1.822121e-01 2.104581e+03 2.035902e+03 
1.852323e-01 1.995871e+03 1.972767e+03 
1.882525e-01 1.913564e+03 1.912352e+03 
1.912727e-01 1.856663e+03 1.854507e+03 
1.942929e-01 1.822927e+03 1.799092e+03 
1.973131e-01 1.809121e+03 1.745978e+03 
2.003333e-01 1.810975e+03 1.695042e+03 
2.033535e-01 1.823764e+03 1.646172e+03 
2.063737e-01 1.842479e+03 1.599261e+03 
2.093939e-01 1.862273e+03 1.554208e+03 
2.124141e-01 1.878562e+03 1.510919e+03 
2.154343e-01 1.887381e+03 1.469307e+03 
2.184545e-01 1.885384e+03 1.429289e+03 
2.214747e-01 1.870232e+03 1.390788e+03 
2.244949e-01 1.840709e+03 1.353729e+03 
2.275152e-01 1.796841e+03 1.318043e+03 
2.305354e-01 1.740084e+03 1.283667e+03 
2.335556e-01 1.672843e+03 1.250539e+03 
2.365758e-01 1.598378e+03 1.218600e+03 
2.395960e-01 1.520169e+03 1.187797e+03 
2.426162e-01 1.441711e+03 1.158078e+03 
2.456364e-01 1.366092e+03 1.129394e+03 
2.486566e-01 1.295983e+03 1.101700e+03 
2.516768e-01 1.233392e+03 1.074951e+03 
2.546970e-01 1.179796e+03 1.049107e+03 
2.577172e-01 1.135990e+03 1.024128e+03 
2.607374e-01 1.102151e+03 9.999772e+02 
2.637576e-01 1.077905e+03 9.766201e+02 
2.667778e-01 1.062330e+03 9.540230e+02 
2.697980e-01 1.054174e+03 9.321544e+02 
2.728182e-01 1.051863e+03 9.109844e+02 
2.758384e-01 1.053692e+03 8.904843e+02 
2.788586e-01 1.057869e+03 8.706271e+02 
2.818788e-01 1.062611e+03 8.513870e+02 
2.848990e-01 1.066190e+03 8.327396e+02 
2.879192e-01 1.067041e+03 8.146615e+02 
2.909394e-01 1.063849e+03 7.971305e+02 
2.939596e-01 1.055649e+03 7.801253e+02 
2.969798e-01 1.041975e+03 7.636260e+02 
3.000000e-01 1.022798e+03 7.476131e+02 
