1.000000e-03 5.660317e+03 5.660256e+03 
4.020202e-03 1.897698e+04 1.912441e+04 
7.040404e-03 2.781770e+04 2.803215e+04 
1.006061e-02 3.326643e+04 3.355275e+04 
1.308081e-02 3.612322e+04 3.652392e+04 
1.610101e-02 3.698652e+04 3.742858e+04 
1.912121e-02 3.634616e+04 3.662195e+04 
2.214141e-02 3.462571e+04 3.454288e+04 
2.516162e-02 3.219942e+04 3.174566e+04 
2.818182e-02 2.938830e+04 2.875477e+04 
3.120202e-02 2.645754e+04 2.592279e+04 
3.422222e-02 2.360973e+04 2.340966e+04 
3.724242e-02 2.098736e+04 2.124477e+04 
4.026263e-02 1.867878e+04 1.939565e+04 
4.328283e-02 1.671460e+04 1.781139e+04 
4.630303e-02 1.510351e+04 1.644254e+04 
4.932323e-02 1.384023e+04 1.524764e+04 
5.234343e-02 1.288098e+04 1.419399e+04 
5.536364e-02 1.217241e+04 1.325632e+04 
5.838384e-02 1.166418e+04 1.241521e+04 
6.140404e-02 1.131097e+04 1.165559e+04 
6.442424e-02 1.105983e+04 1.096563e+04 
6.744444e-02 1.086211e+04 1.033593e+04 
7.046465e-02 1.067647e+04 9.758858e+03 
7.348485e-02 1.046685e+04 9.228166e+03 
7.650505e-02 1.020632e+04 8.738642e+03 
7.952525e-02 9.878357e+03 8.285891e+03 
8.254545e-02 9.477413e+03 7.866162e+03 
8.556566e-02 9.008663e+03 7.476227e+03 
8.858586e-02 8.485230e+03 7.113276e+03 
9.160606e-02 7.925845e+03 6.774852e+03 
9.462626e-02 7.352557e+03 6.458789e+03 
9.764646e-02 6.787692e+03 6.163166e+03 
1.006667e-01 6.252903e+03 5.886277e+03 
1.036869e-01 5.765476e+03 5.626591e+03 
1.067071e-01 5.338657e+03 5.382738e+03 
1.097273e-01 4.978851e+03 5.153482e+03 
1.127475e-01 4.688033e+03 4.937708e+03 
1.157677e-01 4.463458e+03 4.734405e+03 
1.187879e-01 4.299322e+03 4.542655e+03 
1.218081e-01 4.187654e+03 4.361624e+03 
1.248283e-01 4.119037e+03 4.190551e+03 
1.278485e-01 4.083126e+03 4.028740e+03 
1.308687e-01 4.068554e+03 3.875555e+03 
1.338889e-01 4.063795e+03 3.730413e+03 
1.369091e-01 4.057486e+03 3.592779e+03 
1.399293e-01 4.039806e+03 3.462160e+03 
1.429495e-01 4.002548e+03 3.338104e+03 
1.459697e-01 3.940675e+03 3.220191e+03 
1.489899e-01 3.851485e+03 3.108037e+03 
1.520101e-01 3.735183e+03 3.001286e+03 
1.550303e-01 3.594398e+03 2.899606e+03 
1.580505e-01 3.433849e+03 2.802694e+03 
1.610707e-01 3.260079e+03 2.710265e+03 
1.640909e-01 3.080474e+03 2.622056e+03 
1.671111e-01 2.902739e+03 2.537824e+03 
1.701313e-01 2.733824e+03 2.457340e+03 
1.731515e-01 2.579431e+03 2.380393e+03 
1.761717e-01 2.443380e+03 2.306785e+03 
1.791919e-01 2.327984e+03 2.236334e+03 
1.822121e-01 2.233865e+03 2.168866e+03 
1.852323e-01 2.160659e+03 2.104222e+03 
1.882525e-01 2.106928e+03 2.042252e+03 
1.912727e-01 2.070540e+03 1.982814e+03 
1.942929e-01 2.048709e+03 1.925778e+03 
1.973131e-01 2.037953e+03 1.871019e+03 
2.003333e-01 2.034386e+03 1.818423e+03 
2.033535e-01 2.033873e+03 1.767881e+03 
2.063737e-01 2.032447e+03 1.719291e+03 
2.093939e-01 2.026556e+03 1.672557e+03 
2.124141e-01 2.013423e+03 1.627588e+03 
2.154343e-01 1.991038e+03 1.584301e+03 
2.184545e-01 1.958508e+03 1.542614e+03 
2.214747e-01 1.915711e+03 1.502453e+03 
2.244949e-01 1.863490e+03 1.463746e+03 
2.275152e-01 1.803353e+03 1.426426e+03 
2.305354e-01 1.737466e+03 1.390431e+03 
2.335556e-01 1.668285e+03 1.355700e+03 
2.365758e-01 1.598401e+03 1.322176e+03 
2.395960e-01 1.530304e+03 1.289806e+03 
2.426162e-01 1.466213e+03 1.258540e+03 
2.456364e-01 1.407848e+03 1.228329e+03 
2.486566e-01 1.356464e+03 1.199128e+03 
2.516768e-01 1.312852e+03 1.170895e+03 
2.546970e-01 1.277203e+03 1.143587e+03 
2.577172e-01 1.249292e+03 1.117167e+03 
2.607374e-01 1.228413e+03 1.091597e+03 
2.637576e-01 1.213576e+03 1.066843e+03 
2.667778e-01 1.203501e+03 1.042871e+03 
2.697980e-01 1.196775e+03 1.019650e+03 
2.728182e-01 1.191916e+03 9.971504e+02 
2.758384e-01 1.187498e+03 9.753426e+02 
2.788586e-01 1.182186e+03 9.542000e+02 
2.818788e-01 1.174822e+03 9.336964e+02 
2.848990e-01 1.164492e+03 9.138074e+02 
2.879192e-01 1.150566e+03 8.945092e+02 
2.909394e-01 1.132774e+03 8.757796e+02 
2.939596e-01 1.111137e+03 8.575971e+02 
2.969798e-01 1.086096e+03 8.399413e+02 
3.000000e-01 1.058297e+03 8.227926e+02 
