1.000000e-03 3.894787e+03 3.894753e+03 
4.020202e-03 1.313593e+04 1.323778e+04 
7.040404e-03 1.933530e+04 1.947339e+04 
1.006061e-02 2.323041e+04 2.338241e+04 
1.308081e-02 2.537799e+04 2.554952e+04 
1.610101e-02 2.619414e+04 2.633676e+04 
1.912121e-02 2.601319e+04 2.602910e+04 
2.214141e-02 2.511817e+04 2.495024e+04 
2.516162e-02 2.375251e+04 2.345355e+04 
2.818182e-02 2.212192e+04 2.183228e+04 
3.120202e-02 2.039351e+04 2.026461e+04 
3.422222e-02 1.869475e+04 1.882727e+04 
3.724242e-02 1.711431e+04 1.753681e+04 
4.026263e-02 1.570898e+04 1.638337e+04 
4.328283e-02 1.450104e+04 1.534915e+04 
4.630303e-02 1.348994e+04 1.441639e+04 
4.932323e-02 1.268053e+04 1.356985e+04 
5.234343e-02 1.204740e+04 1.279715e+04 
5.536364e-02 1.154879e+04 1.208842e+04 
5.838384e-02 1.115198e+04 1.143571e+04 
6.140404e-02 1.082730e+04 1.083257e+04 
6.442424e-02 1.054392e+04 1.027368e+04 
6.744444e-02 1.027009e+04 9.754556e+03 
7.046465e-02 9.981991e+03 9.271400e+03 
7.348485e-02 9.662809e+03 8.820917e+03 
7.650505e-02 9.302943e+03 8.400235e+03 
7.952525e-02 8.901717e+03 8.006819e+03 
8.254545e-02 8.465500e+03 7.638418e+03 
8.556566e-02 8.005464e+03 7.293019e+03 
8.858586e-02 7.535490e+03 6.968814e+03 
9.160606e-02 7.069845e+03 6.664171e+03 
9.462626e-02 6.622080e+03 6.377614e+03 
9.764646e-02 6.204633e+03 6.107800e+03 
1.006667e-01 5.827506e+03 5.853508e+03 
1.036869e-01 5.498346e+03 5.613624e+03 
1.067071e-01 5.220363e+03 5.387130e+03 
1.097273e-01 4.993706e+03 5.173093e+03 
1.127475e-01 4.814074e+03 4.970658e+03 
1.157677e-01 4.675192e+03 4.779041e+03 
1.187879e-01 4.568904e+03 4.597519e+03 
1.218081e-01 4.486510e+03 4.425427e+03 
1.248283e-01 4.419035e+03 4.262153e+03 
1.278485e-01 4.358224e+03 4.107132e+03 
1.308687e-01 4.296441e+03 3.959840e+03 
1.338889e-01 4.227187e+03 3.819796e+03 
1.369091e-01 4.145221e+03 3.686551e+03 
1.399293e-01 4.047669e+03 3.559692e+03 
1.429495e-01 3.933543e+03 3.438834e+03 
1.459697e-01 3.804048e+03 3.323620e+03 
1.489899e-01 3.661960e+03 3.213720e+03 
1.520101e-01 3.511252e+03 3.108824e+03 
1.550303e-01 3.356615e+03 3.008647e+03 
1.580505e-01 3.202978e+03 2.912920e+03 
1.610707e-01 3.055015e+03 2.821394e+03 
1.640909e-01 2.916906e+03 2.733838e+03 
1.671111e-01 2.791922e+03 2.650033e+03 
1.701313e-01 2.682226e+03 2.569777e+03 
1.731515e-01 2.588777e+03 2.492880e+03 
1.761717e-01 2.511248e+03 2.419164e+03 
1.791919e-01 2.448416e+03 2.348464e+03 
1.822121e-01 2.398268e+03 2.280622e+03 
1.852323e-01 2.358428e+03 2.215493e+03 
1.882525e-01 2.326231e+03 2.152940e+03 
1.912727e-01 2.298890e+03 2.092834e+03 
1.942929e-01 2.273524e+03 2.035052e+03 
1.973131e-01 2.247465e+03 1.979482e+03 
2.003333e-01 2.218315e+03 1.926016e+03 
2.033535e-01 2.184388e+03 1.874553e+03 
2.063737e-01 2.144553e+03 1.824998e+03 
2.093939e-01 2.098607e+03 1.777261e+03 
2.124141e-01 2.046885e+03 1.731258e+03 
2.154343e-01 1.990383e+03 1.686908e+03 
2.184545e-01 1.930402e+03 1.644136e+03 
2.214747e-01 1.868511e+03 1.602870e+03 
2.244949e-01 1.806386e+03 1.563044e+03 
2.275152e-01 1.745720e+03 1.524593e+03 
2.305354e-01 1.687979e+03 1.487458e+03 
2.335556e-01 1.634408e+03 1.451580e+03 
2.365758e-01 1.585841e+03 1.416906e+03 
2.395960e-01 1.542788e+03 1.383384e+03 
2.426162e-01 1.505334e+03 1.350965e+03 
2.456364e-01 1.473264e+03 1.319604e+03 
2.486566e-01 1.446091e+03 1.289256e+03 
2.516768e-01 1.423115e+03 1.259880e+03 
2.546970e-01 1.403484e+03 1.231436e+03 
2.577172e-01 1.386169e+03 1.203886e+03 
2.607374e-01 1.370096e+03 1.177195e+03 
2.637576e-01 1.354219e+03 1.151328e+03 
2.667778e-01 1.337627e+03 1.126253e+03 
2.697980e-01 1.319609e+03 1.101940e+03 
2.728182e-01 1.299742e+03 1.078357e+03 
2.758384e-01 1.277843e+03 1.055479e+03 
2.788586e-01 1.253975e+03 1.033276e+03 
2.818788e-01 1.228344e+03 1.011726e+03 
2.848990e-01 1.201313e+03 9.908016e+02 
2.879192e-01 1.173319e+03 9.704811e+02 
2.909394e-01 1.144885e+03 9.507419e+02 
2.939596e-01 1.116573e+03 9.315627e+02 
2.969798e-01 1.088969e+03 9.129234e+02 
3.000000e-01 1.062592e+03 8.948044e+02 
