1.000000e-03 4.446182e+03 4.446136e+03 
4.020202e-03 1.486453e+04 1.497999e+04 
7.040404e-03 2.167096e+04 2.182269e+04 
1.006061e-02 2.579856e+04 2.596435e+04 
1.308081e-02 2.793250e+04 2.811570e+04 
1.610101e-02 2.857543e+04 2.871112e+04 
1.912121e-02 2.812610e+04 2.810212e+04 
2.214141e-02 2.691693e+04 2.668831e+04 
2.516162e-02 2.523174e+04 2.488509e+04 
2.818182e-02 2.330430e+04 2.301299e+04 
3.120202e-02 2.132015e+04 2.124917e+04 
3.422222e-02 1.941619e+04 1.965846e+04 
3.724242e-02 1.768278e+04 1.824546e+04 
4.026263e-02 1.617346e+04 1.699154e+04 
4.328283e-02 1.489975e+04 1.587312e+04 
4.630303e-02 1.385722e+04 1.486865e+04 
4.932323e-02 1.304468e+04 1.396037e+04 
5.234343e-02 1.241717e+04 1.313414e+04 
5.536364e-02 1.192899e+04 1.237873e+04 
5.838384e-02 1.154585e+04 1.168520e+04 
6.140404e-02 1.122500e+04 1.104626e+04 
6.442424e-02 1.092976e+04 1.045592e+04 
6.744444e-02 1.063070e+04 9.909130e+03 
7.046465e-02 1.030435e+04 9.401605e+03 
7.348485e-02 9.935988e+03 8.929638e+03 
7.650505e-02 9.519767e+03 8.490000e+03 
7.952525e-02 9.058583e+03 8.079848e+03 
8.254545e-02 8.563513e+03 7.696664e+03 
8.556566e-02 8.049954e+03 7.338202e+03 
8.858586e-02 7.535229e+03 7.002453e+03 
9.160606e-02 7.036610e+03 6.687606e+03 
9.462626e-02 6.569307e+03 6.392031e+03 
9.764646e-02 6.146338e+03 6.114249e+03 
1.006667e-01 5.776479e+03 5.852920e+03 
1.036869e-01 5.464530e+03 5.606825e+03 
1.067071e-01 5.210378e+03 5.374853e+03 
1.097273e-01 5.010077e+03 5.155992e+03 
1.127475e-01 4.856742e+03 4.949313e+03 
1.157677e-01 4.741448e+03 4.753969e+03 
1.187879e-01 4.654360e+03 4.569180e+03 
1.218081e-01 4.585294e+03 4.394233e+03 
1.248283e-01 4.524261e+03 4.228471e+03 
1.278485e-01 4.461814e+03 4.071288e+03 
1.308687e-01 4.390206e+03 3.922128e+03 
1.338889e-01 4.303455e+03 3.780477e+03 
1.369091e-01 4.198598e+03 3.645859e+03 
1.399293e-01 4.074784e+03 3.517835e+03 
1.429495e-01 3.934002e+03 3.396000e+03 
1.459697e-01 3.779580e+03 3.279976e+03 
1.489899e-01 3.616104e+03 3.169415e+03 
1.520101e-01 3.448769e+03 3.063993e+03 
1.550303e-01 3.283163e+03 2.963408e+03 
1.580505e-01 3.124677e+03 2.867381e+03 
1.610707e-01 2.978230e+03 2.775650e+03 
1.640909e-01 2.847419e+03 2.687974e+03 
1.671111e-01 2.734532e+03 2.604125e+03 
1.701313e-01 2.640053e+03 2.523893e+03 
1.731515e-01 2.563126e+03 2.447080e+03 
1.761717e-01 2.501796e+03 2.373502e+03 
1.791919e-01 2.453539e+03 2.302987e+03 
1.822121e-01 2.415531e+03 2.235373e+03 
1.852323e-01 2.384734e+03 2.170510e+03 
1.882525e-01 2.358014e+03 2.108254e+03 
1.912727e-01 2.332179e+03 2.048474e+03 
1.942929e-01 2.304306e+03 1.991044e+03 
1.973131e-01 2.271840e+03 1.935848e+03 
2.003333e-01 2.233138e+03 1.882775e+03 
2.033535e-01 2.187304e+03 1.831722e+03 
2.063737e-01 2.134637e+03 1.782590e+03 
2.093939e-01 2.076038e+03 1.735289e+03 
2.124141e-01 2.013014e+03 1.689731e+03 
2.154343e-01 1.947304e+03 1.645835e+03 
2.184545e-01 1.880797e+03 1.603524e+03 
2.214747e-01 1.815302e+03 1.562724e+03 
2.244949e-01 1.752520e+03 1.523368e+03 
2.275152e-01 1.693892e+03 1.485391e+03 
2.305354e-01 1.640574e+03 1.448730e+03 
2.335556e-01 1.593288e+03 1.413329e+03 
2.365758e-01 1.552302e+03 1.379131e+03 
2.395960e-01 1.517440e+03 1.346084e+03 
2.426162e-01 1.488157e+03 1.314140e+03 
2.456364e-01 1.463656e+03 1.283252e+03 
2.486566e-01 1.442876e+03 1.253374e+03 
2.516768e-01 1.424663e+03 1.224466e+03 
2.546970e-01 1.407814e+03 1.196486e+03 
2.577172e-01 1.391213e+03 1.169397e+03 
2.607374e-01 1.373869e+03 1.143163e+03 
2.637576e-01 1.355024e+03 1.117748e+03 
2.667778e-01 1.334126e+03 1.093122e+03 
2.697980e-01 1.310983e+03 1.069251e+03 
2.728182e-01 1.285608e+03 1.046108e+03 
2.758384e-01 1.258262e+03 1.023663e+03 
2.788586e-01 1.229362e+03 1.001889e+03 
2.818788e-01 1.199478e+03 9.807620e+02 
2.848990e-01 1.169249e+03 9.602560e+02 
2.879192e-01 1.139341e+03 9.403481e+02 
2.909394e-01 1.110356e+03 9.210161e+02 
2.939596e-01 1.082831e+03 9.022386e+02 
2.969798e-01 1.057187e+03 8.839954e+02 
3.000000e-01 1.033700e+03 8.662670e+02 
