1.000000e-03 5.963050e+03 5.962993e+03 
4.020202e-03 1.962723e+04 1.978076e+04 
7.040404e-03 2.831609e+04 2.852606e+04 
1.006061e-02 3.338733e+04 3.365195e+04 
1.308081e-02 3.579329e+04 3.613305e+04 
1.610101e-02 3.622122e+04 3.653560e+04 
1.912121e-02 3.521491e+04 3.531324e+04 
2.214141e-02 3.323268e+04 3.300930e+04 
2.516162e-02 3.066374e+04 3.021691e+04 
2.818182e-02 2.782861e+04 2.740561e+04 
3.120202e-02 2.498014e+04 2.483223e+04 
3.422222e-02 2.229939e+04 2.258020e+04 
3.724242e-02 1.990300e+04 2.063997e+04 
4.026263e-02 1.785353e+04 1.896823e+04 
4.328283e-02 1.615402e+04 1.751731e+04 
4.630303e-02 1.480318e+04 1.624580e+04 
4.932323e-02 1.378062e+04 1.512066e+04 
5.234343e-02 1.301843e+04 1.411636e+04 
5.536364e-02 1.246461e+04 1.321320e+04 
5.838384e-02 1.206356e+04 1.239591e+04 
6.140404e-02 1.175471e+04 1.165247e+04 
6.442424e-02 1.149126e+04 1.097324e+04 
6.744444e-02 1.123175e+04 1.035040e+04 
7.046465e-02 1.094118e+04 9.777442e+03 
7.348485e-02 1.059402e+04 9.248932e+03 
7.650505e-02 1.017688e+04 8.760240e+03 
7.952525e-02 9.689110e+03 8.307390e+03 
8.254545e-02 9.141439e+03 7.886934e+03 
8.556566e-02 8.553471e+03 7.495856e+03 
8.858586e-02 7.948954e+03 7.131505e+03 
9.160606e-02 7.352190e+03 6.791533e+03 
9.462626e-02 6.786355e+03 6.473854e+03 
9.764646e-02 6.269693e+03 6.176602e+03 
1.006667e-01 5.816173e+03 5.898107e+03 
1.036869e-01 5.433227e+03 5.636868e+03 
1.067071e-01 5.123212e+03 5.391529e+03 
1.097273e-01 4.883242e+03 5.160866e+03 
1.127475e-01 4.706591e+03 4.943767e+03 
1.157677e-01 4.583974e+03 4.739226e+03 
1.187879e-01 4.503996e+03 4.546324e+03 
1.218081e-01 4.454216e+03 4.364226e+03 
1.248283e-01 4.421365e+03 4.192166e+03 
1.278485e-01 4.392750e+03 4.029446e+03 
1.308687e-01 4.356685e+03 3.875427e+03 
1.338889e-01 4.304355e+03 3.729520e+03 
1.369091e-01 4.229311e+03 3.591186e+03 
1.399293e-01 4.128547e+03 3.459929e+03 
1.429495e-01 4.001625e+03 3.335290e+03 
1.459697e-01 3.850749e+03 3.216848e+03 
1.489899e-01 3.680548e+03 3.104214e+03 
1.520101e-01 3.497315e+03 2.997028e+03 
1.550303e-01 3.308868e+03 2.894955e+03 
1.580505e-01 3.123263e+03 2.797688e+03 
1.610707e-01 2.948206e+03 2.704940e+03 
1.640909e-01 2.789503e+03 2.616445e+03 
1.671111e-01 2.651095e+03 2.531957e+03 
1.701313e-01 2.534582e+03 2.451245e+03 
1.731515e-01 2.440171e+03 2.374095e+03 
1.761717e-01 2.366643e+03 2.300309e+03 
1.791919e-01 2.312068e+03 2.229700e+03 
1.822121e-01 2.273864e+03 2.162094e+03 
1.852323e-01 2.248657e+03 2.097331e+03 
1.882525e-01 2.232519e+03 2.035257e+03 
1.912727e-01 2.220988e+03 1.975732e+03 
1.942929e-01 2.209653e+03 1.918622e+03 
1.973131e-01 2.194471e+03 1.863803e+03 
2.003333e-01 2.172430e+03 1.811158e+03 
2.033535e-01 2.141517e+03 1.760578e+03 
2.063737e-01 2.101025e+03 1.711959e+03 
2.093939e-01 2.051051e+03 1.665205e+03 
2.124141e-01 1.992569e+03 1.620226e+03 
2.154343e-01 1.927143e+03 1.576934e+03 
2.184545e-01 1.856896e+03 1.535251e+03 
2.214747e-01 1.784358e+03 1.495099e+03 
2.244949e-01 1.712217e+03 1.456407e+03 
2.275152e-01 1.642989e+03 1.419108e+03 
2.305354e-01 1.578803e+03 1.383137e+03 
2.335556e-01 1.521193e+03 1.348435e+03 
2.365758e-01 1.471081e+03 1.314944e+03 
2.395960e-01 1.428866e+03 1.282611e+03 
2.426162e-01 1.394364e+03 1.251384e+03 
2.456364e-01 1.367041e+03 1.221216e+03 
2.486566e-01 1.345985e+03 1.192060e+03 
2.516768e-01 1.329992e+03 1.163873e+03 
2.546970e-01 1.317588e+03 1.136615e+03 
2.577172e-01 1.307190e+03 1.110246e+03 
2.607374e-01 1.297221e+03 1.084729e+03 
2.637576e-01 1.286306e+03 1.060029e+03 
2.667778e-01 1.273328e+03 1.036112e+03 
2.697980e-01 1.257518e+03 1.012948e+03 
2.728182e-01 1.238453e+03 9.905052e+02 
2.758384e-01 1.215999e+03 9.687556e+02 
2.788586e-01 1.190368e+03 9.476716e+02 
2.818788e-01 1.161985e+03 9.272274e+02 
2.848990e-01 1.131524e+03 9.073981e+02 
2.879192e-01 1.099816e+03 8.881600e+02 
2.909394e-01 1.067819e+03 8.694907e+02 
2.939596e-01 1.036472e+03 8.513687e+02 
2.969798e-01 1.006638e+03 8.337735e+02 
3.000000e-01 9.789708e+02 8.166854e+02 
