1.000000e-03 3.204589e+03 3.204556e+03 
4.020202e-03 1.058685e+04 1.066914e+04 
7.040404e-03 1.538238e+04 1.547303e+04 
1.006061e-02 1.832568e+04 1.837545e+04 
1.308081e-02 1.993626e+04 1.992453e+04 
1.610101e-02 2.058110e+04 2.048066e+04 
1.912121e-02 2.053555e+04 2.033184e+04 
2.214141e-02 2.001633e+04 1.974488e+04 
2.516162e-02 1.919763e+04 1.893834e+04 
2.818182e-02 1.821709e+04 1.805351e+04 
3.120202e-02 1.717980e+04 1.716378e+04 
3.422222e-02 1.616075e+04 1.630124e+04 
3.724242e-02 1.520946e+04 1.547792e+04 
4.026263e-02 1.435378e+04 1.469733e+04 
4.328283e-02 1.359319e+04 1.395961e+04 
4.630303e-02 1.293680e+04 1.326360e+04 
4.932323e-02 1.238223e+04 1.260763e+04 
5.234343e-02 1.189404e+04 1.198984e+04 
5.536364e-02 1.145130e+04 1.140829e+04 
5.838384e-02 1.103953e+04 1.086102e+04 
6.140404e-02 1.064186e+04 1.034606e+04 
6.442424e-02 1.024534e+04 9.861525e+03 
6.744444e-02 9.841392e+03 9.405544e+03 
7.046465e-02 9.426318e+03 8.976338e+03 
7.348485e-02 9.001645e+03 8.572205e+03 
7.650505e-02 8.572884e+03 8.191531e+03 
7.952525e-02 8.148699e+03 7.832791e+03 
8.254545e-02 7.738162e+03 7.494548e+03 
8.556566e-02 7.349301e+03 7.175458e+03 
8.858586e-02 6.987927e+03 6.874263e+03 
9.160606e-02 6.657924e+03 6.589787e+03 
9.462626e-02 6.361759e+03 6.320937e+03 
9.764646e-02 6.100551e+03 6.066692e+03 
1.006667e-01 5.873136e+03 5.826105e+03 
1.036869e-01 5.676734e+03 5.598296e+03 
1.067071e-01 5.505644e+03 5.382445e+03 
1.097273e-01 5.353087e+03 5.177791e+03 
1.127475e-01 5.212159e+03 4.983630e+03 
1.157677e-01 5.076572e+03 4.799304e+03 
1.187879e-01 4.941815e+03 4.624203e+03 
1.218081e-01 4.804582e+03 4.457762e+03 
1.248283e-01 4.663288e+03 4.299453e+03 
1.278485e-01 4.517382e+03 4.148787e+03 
1.308687e-01 4.367461e+03 4.005308e+03 
1.338889e-01 4.215133e+03 3.868591e+03 
1.369091e-01 4.062878e+03 3.738241e+03 
1.399293e-01 3.913349e+03 3.613889e+03 
1.429495e-01 3.769219e+03 3.495194e+03 
1.459697e-01 3.632576e+03 3.381833e+03 
1.489899e-01 3.505095e+03 3.273508e+03 
1.520101e-01 3.387696e+03 3.169940e+03 
1.550303e-01 3.280899e+03 3.070867e+03 
1.580505e-01 3.184671e+03 2.976046e+03 
1.610707e-01 3.098528e+03 2.885247e+03 
1.640909e-01 3.021205e+03 2.798257e+03 
1.671111e-01 2.951044e+03 2.714876e+03 
1.701313e-01 2.885922e+03 2.634914e+03 
1.731515e-01 2.823864e+03 2.558197e+03 
1.761717e-01 2.763143e+03 2.484557e+03 
1.791919e-01 2.702570e+03 2.413841e+03 
1.822121e-01 2.641426e+03 2.345902e+03 
1.852323e-01 2.579327e+03 2.280601e+03 
1.882525e-01 2.516124e+03 2.217811e+03 
1.912727e-01 2.451963e+03 2.157409e+03 
1.942929e-01 2.387196e+03 2.099281e+03 
1.973131e-01 2.322548e+03 2.043318e+03 
2.003333e-01 2.258859e+03 1.989418e+03 
2.033535e-01 2.196993e+03 1.937486e+03 
2.063737e-01 2.137715e+03 1.887431e+03 
2.093939e-01 2.081550e+03 1.839166e+03 
2.124141e-01 2.028821e+03 1.792611e+03 
2.154343e-01 1.979586e+03 1.747688e+03 
2.184545e-01 1.933756e+03 1.704326e+03 
2.214747e-01 1.891093e+03 1.662455e+03 
2.244949e-01 1.851244e+03 1.622011e+03 
2.275152e-01 1.813767e+03 1.582932e+03 
2.305354e-01 1.778160e+03 1.545160e+03 
2.335556e-01 1.743905e+03 1.508638e+03 
2.365758e-01 1.710572e+03 1.473315e+03 
2.395960e-01 1.677792e+03 1.439140e+03 
2.426162e-01 1.645311e+03 1.406066e+03 
2.456364e-01 1.612936e+03 1.374049e+03 
2.486566e-01 1.580558e+03 1.343044e+03 
2.516768e-01 1.548144e+03 1.313012e+03 
2.546970e-01 1.515778e+03 1.283913e+03 
2.577172e-01 1.483632e+03 1.255711e+03 
2.607374e-01 1.451979e+03 1.228371e+03 
2.637576e-01 1.421082e+03 1.201858e+03 
2.667778e-01 1.391172e+03 1.176142e+03 
2.697980e-01 1.362385e+03 1.151191e+03 
2.728182e-01 1.334786e+03 1.126977e+03 
2.758384e-01 1.308378e+03 1.103472e+03 
2.788586e-01 1.283135e+03 1.080649e+03 
2.818788e-01 1.259017e+03 1.058484e+03 
2.848990e-01 1.235969e+03 1.036951e+03 
2.879192e-01 1.213889e+03 1.016029e+03 
2.909394e-01 1.192656e+03 9.956948e+02 
2.939596e-01 1.172122e+03 9.759275e+02 
2.969798e-01 1.152133e+03 9.567070e+02 
3.000000e-01 1.132536e+03 9.380141e+02 
