1.000000e-03 3.164957e+03 3.164918e+03 
4.020202e-03 1.034455e+04 1.042531e+04 
7.040404e-03 1.492889e+04 1.500992e+04 
1.006061e-02 1.770463e+04 1.772656e+04 
1.308081e-02 1.920986e+04 1.914680e+04 
1.610101e-02 1.981511e+04 1.964834e+04 
1.912121e-02 1.979023e+04 1.952415e+04 
2.214141e-02 1.934002e+04 1.902261e+04 
2.516162e-02 1.862421e+04 1.832883e+04 
2.818182e-02 1.776573e+04 1.755572e+04 
3.120202e-02 1.685544e+04 1.676234e+04 
3.422222e-02 1.595686e+04 1.597737e+04 
3.724242e-02 1.510989e+04 1.521465e+04 
4.026263e-02 1.433645e+04 1.448099e+04 
4.328283e-02 1.364079e+04 1.377970e+04 
4.630303e-02 1.301741e+04 1.311225e+04 
4.932323e-02 1.246524e+04 1.247893e+04 
5.234343e-02 1.196661e+04 1.187935e+04 
5.536364e-02 1.149711e+04 1.131262e+04 
5.838384e-02 1.104724e+04 1.077756e+04 
6.140404e-02 1.060897e+04 1.027279e+04 
6.442424e-02 1.017410e+04 9.796824e+03 
6.744444e-02 9.739697e+03 9.348132e+03 
7.046465e-02 9.306145e+03 8.925175e+03 
7.348485e-02 8.876687e+03 8.526437e+03 
7.650505e-02 8.457414e+03 8.150452e+03 
7.952525e-02 8.055267e+03 7.795811e+03 
8.254545e-02 7.676418e+03 7.461171e+03 
8.556566e-02 7.324693e+03 7.145261e+03 
8.858586e-02 7.002055e+03 6.846885e+03 
9.160606e-02 6.709086e+03 6.564918e+03 
9.462626e-02 6.445479e+03 6.298306e+03 
9.764646e-02 6.209963e+03 6.046067e+03 
1.006667e-01 5.999641e+03 5.807280e+03 
1.036869e-01 5.810038e+03 5.581092e+03 
1.067071e-01 5.635257e+03 5.366703e+03 
1.097273e-01 5.469833e+03 5.163371e+03 
1.127475e-01 5.308967e+03 4.970407e+03 
1.157677e-01 5.149444e+03 4.787168e+03 
1.187879e-01 4.989655e+03 4.613056e+03 
1.218081e-01 4.829070e+03 4.447514e+03 
1.248283e-01 4.668105e+03 4.290025e+03 
1.278485e-01 4.507865e+03 4.140107e+03 
1.308687e-01 4.350004e+03 3.997312e+03 
1.338889e-01 4.196447e+03 3.861221e+03 
1.369091e-01 4.049260e+03 3.731445e+03 
1.399293e-01 3.909896e+03 3.607619e+03 
1.429495e-01 3.779361e+03 3.489407e+03 
1.459697e-01 3.657953e+03 3.376490e+03 
1.489899e-01 3.545553e+03 3.268573e+03 
1.520101e-01 3.441812e+03 3.165380e+03 
1.550303e-01 3.346217e+03 3.066654e+03 
1.580505e-01 3.257897e+03 2.972151e+03 
1.610707e-01 3.175754e+03 2.881647e+03 
1.640909e-01 3.098260e+03 2.794928e+03 
1.671111e-01 3.023780e+03 2.711797e+03 
1.701313e-01 2.951032e+03 2.632068e+03 
1.731515e-01 2.879002e+03 2.555565e+03 
1.761717e-01 2.807381e+03 2.482124e+03 
1.791919e-01 2.736137e+03 2.411591e+03 
1.822121e-01 2.665498e+03 2.343821e+03 
1.852323e-01 2.595754e+03 2.278679e+03 
1.882525e-01 2.527159e+03 2.216034e+03 
1.912727e-01 2.460012e+03 2.155768e+03 
1.942929e-01 2.394789e+03 2.097765e+03 
1.973131e-01 2.331981e+03 2.041918e+03 
2.003333e-01 2.272020e+03 1.988127e+03 
2.033535e-01 2.215203e+03 1.936295e+03 
2.063737e-01 2.161515e+03 1.886333e+03 
2.093939e-01 2.110821e+03 1.838155e+03 
2.124141e-01 2.062824e+03 1.791680e+03 
2.154343e-01 2.017194e+03 1.746832e+03 
2.184545e-01 1.973582e+03 1.703539e+03 
2.214747e-01 1.931648e+03 1.661733e+03 
2.244949e-01 1.891072e+03 1.621349e+03 
2.275152e-01 1.851589e+03 1.582326e+03 
2.305354e-01 1.813014e+03 1.544605e+03 
2.335556e-01 1.775201e+03 1.508131e+03 
2.365758e-01 1.738046e+03 1.472853e+03 
2.395960e-01 1.701495e+03 1.438720e+03 
2.426162e-01 1.665558e+03 1.405685e+03 
2.456364e-01 1.630274e+03 1.373703e+03 
2.486566e-01 1.595715e+03 1.342732e+03 
2.516768e-01 1.561987e+03 1.312731e+03 
2.546970e-01 1.529223e+03 1.283661e+03 
2.577172e-01 1.497528e+03 1.255485e+03 
2.607374e-01 1.466983e+03 1.228170e+03 
2.637576e-01 1.437593e+03 1.201680e+03 
2.667778e-01 1.409306e+03 1.175985e+03 
2.697980e-01 1.382044e+03 1.151054e+03 
2.728182e-01 1.355713e+03 1.126859e+03 
2.758384e-01 1.330236e+03 1.103370e+03 
2.788586e-01 1.305543e+03 1.080563e+03 
2.818788e-01 1.281569e+03 1.058412e+03 
2.848990e-01 1.258245e+03 1.036894e+03 
2.879192e-01 1.235493e+03 1.015984e+03 
2.909394e-01 1.213234e+03 9.956610e+02 
2.939596e-01 1.191419e+03 9.759042e+02 
2.969798e-01 1.170019e+03 9.566935e+02 
3.000000e-01 1.149046e+03 9.380094e+02 
