1.000000e-03 3.615135e+03 3.615099e+03 
4.020202e-03 1.214978e+04 1.224391e+04 
7.040404e-03 1.776615e+04 1.788113e+04 
1.006061e-02 2.122136e+04 2.132008e+04 
1.308081e-02 2.308131e+04 2.315235e+04 
1.610101e-02 2.375925e+04 2.375832e+04 
1.912121e-02 2.357687e+04 2.345027e+04 
2.214141e-02 2.279831e+04 2.255341e+04 
2.516162e-02 2.164192e+04 2.136983e+04 
2.818182e-02 2.028690e+04 2.011234e+04 
3.120202e-02 1.887243e+04 1.889307e+04 
3.422222e-02 1.750059e+04 1.775515e+04 
3.724242e-02 1.623844e+04 1.670719e+04 
4.026263e-02 1.512500e+04 1.574434e+04 
4.328283e-02 1.417330e+04 1.485812e+04 
4.630303e-02 1.337421e+04 1.404005e+04 
4.932323e-02 1.272381e+04 1.328271e+04 
5.234343e-02 1.219820e+04 1.257986e+04 
5.536364e-02 1.175463e+04 1.192624e+04 
5.838384e-02 1.136874e+04 1.131738e+04 
6.140404e-02 1.101455e+04 1.074939e+04 
6.442424e-02 1.066504e+04 1.021888e+04 
6.744444e-02 1.030310e+04 9.722819e+03 
7.046465e-02 9.917305e+03 9.258497e+03 
7.348485e-02 9.502412e+03 8.823464e+03 
7.650505e-02 9.061020e+03 8.415495e+03 
7.952525e-02 8.601450e+03 8.032564e+03 
8.254545e-02 8.135345e+03 7.672820e+03 
8.556566e-02 7.675827e+03 7.334569e+03 
8.858586e-02 7.234958e+03 7.016258e+03 
9.160606e-02 6.823248e+03 6.716462e+03 
9.462626e-02 6.449191e+03 6.433873e+03 
9.764646e-02 6.118548e+03 6.167286e+03 
1.006667e-01 5.834575e+03 5.915596e+03 
1.036869e-01 5.596694e+03 5.677783e+03 
1.067071e-01 5.401320e+03 5.452908e+03 
1.097273e-01 5.241839e+03 5.240106e+03 
1.127475e-01 5.110044e+03 5.038577e+03 
1.157677e-01 4.996891e+03 4.847586e+03 
1.187879e-01 4.894207e+03 4.666449e+03 
1.218081e-01 4.794514e+03 4.494537e+03 
1.248283e-01 4.691656e+03 4.331267e+03 
1.278485e-01 4.580779e+03 4.176099e+03 
1.308687e-01 4.459115e+03 4.028533e+03 
1.338889e-01 4.325670e+03 3.888104e+03 
1.369091e-01 4.181364e+03 3.754383e+03 
1.399293e-01 4.028842e+03 3.626967e+03 
1.429495e-01 3.871898e+03 3.505487e+03 
1.459697e-01 3.714442e+03 3.389594e+03 
1.489899e-01 3.560349e+03 3.278969e+03 
1.520101e-01 3.413204e+03 3.173309e+03 
1.550303e-01 3.276173e+03 3.072336e+03 
1.580505e-01 3.151666e+03 2.975789e+03 
1.610707e-01 3.041303e+03 2.883422e+03 
1.640909e-01 2.945761e+03 2.795009e+03 
1.671111e-01 2.864394e+03 2.710337e+03 
1.701313e-01 2.795529e+03 2.629205e+03 
1.731515e-01 2.736701e+03 2.551428e+03 
1.761717e-01 2.685161e+03 2.476831e+03 
1.791919e-01 2.638336e+03 2.405248e+03 
1.822121e-01 2.593825e+03 2.336527e+03 
1.852323e-01 2.549525e+03 2.270523e+03 
1.882525e-01 2.503667e+03 2.207100e+03 
1.912727e-01 2.454891e+03 2.146131e+03 
1.942929e-01 2.402331e+03 2.087494e+03 
1.973131e-01 2.345589e+03 2.031078e+03 
2.003333e-01 2.285120e+03 1.976776e+03 
2.033535e-01 2.221844e+03 1.924487e+03 
2.063737e-01 2.157087e+03 1.874117e+03 
2.093939e-01 2.092279e+03 1.825577e+03 
2.124141e-01 2.028857e+03 1.778781e+03 
2.154343e-01 1.968038e+03 1.733652e+03 
2.184545e-01 1.910734e+03 1.690112e+03 
2.214747e-01 1.857621e+03 1.648092e+03 
2.244949e-01 1.809160e+03 1.607524e+03 
2.275152e-01 1.765435e+03 1.568343e+03 
2.305354e-01 1.726297e+03 1.530491e+03 
2.335556e-01 1.691321e+03 1.493909e+03 
2.365758e-01 1.659922e+03 1.458543e+03 
2.395960e-01 1.631317e+03 1.424342e+03 
2.426162e-01 1.604686e+03 1.391257e+03 
2.456364e-01 1.579204e+03 1.359242e+03 
2.486566e-01 1.554104e+03 1.328253e+03 
2.516768e-01 1.528694e+03 1.298247e+03 
2.546970e-01 1.502496e+03 1.269186e+03 
2.577172e-01 1.475195e+03 1.241030e+03 
2.607374e-01 1.446749e+03 1.213745e+03 
2.637576e-01 1.417269e+03 1.187296e+03 
2.667778e-01 1.387055e+03 1.161650e+03 
2.697980e-01 1.356475e+03 1.136776e+03 
2.728182e-01 1.325945e+03 1.112645e+03 
2.758384e-01 1.295858e+03 1.089228e+03 
2.788586e-01 1.266578e+03 1.066499e+03 
2.818788e-01 1.238436e+03 1.044431e+03 
2.848990e-01 1.211718e+03 1.022999e+03 
2.879192e-01 1.186599e+03 1.002182e+03 
2.909394e-01 1.163178e+03 9.819553e+02 
2.939596e-01 1.141433e+03 9.622985e+02 
2.969798e-01 1.121256e+03 9.431908e+02 
3.000000e-01 1.102434e+03 9.246128e+02 
