1.000000e-03 5.048922e+03 5.048877e+03 
4.020202e-03 1.669905e+04 1.683055e+04 
7.040404e-03 2.421099e+04 2.438809e+04 
1.006061e-02 2.869811e+04 2.890390e+04 
1.308081e-02 3.094997e+04 3.119557e+04 
1.610101e-02 3.153640e+04 3.175061e+04 
1.912121e-02 3.090753e+04 3.095262e+04 
2.214141e-02 2.943781e+04 2.924055e+04 
2.516162e-02 2.744437e+04 2.708512e+04 
2.818182e-02 2.519055e+04 2.486182e+04 
3.120202e-02 2.288543e+04 2.278356e+04 
3.422222e-02 2.068228e+04 2.092862e+04 
3.724242e-02 1.868229e+04 1.930056e+04 
4.026263e-02 1.694511e+04 1.787361e+04 
4.328283e-02 1.548402e+04 1.661591e+04 
4.630303e-02 1.429269e+04 1.549859e+04 
4.932323e-02 1.336883e+04 1.449799e+04 
5.234343e-02 1.266415e+04 1.359546e+04 
5.536364e-02 1.212780e+04 1.277636e+04 
5.838384e-02 1.172149e+04 1.202917e+04 
6.140404e-02 1.139573e+04 1.134465e+04 
6.442424e-02 1.110884e+04 1.071530e+04 
6.744444e-02 1.082778e+04 1.013493e+04 
7.046465e-02 1.052403e+04 9.598329e+03 
7.348485e-02 1.017767e+04 9.101062e+03 
7.650505e-02 9.777913e+03 8.639319e+03 
7.952525e-02 9.323639e+03 8.209784e+03 
8.254545e-02 8.823803e+03 7.809547e+03 
8.556566e-02 8.293469e+03 7.436043e+03 
8.858586e-02 7.751217e+03 7.086989e+03 
9.160606e-02 7.216789e+03 6.760350e+03 
9.462626e-02 6.708152e+03 6.454303e+03 
9.764646e-02 6.241141e+03 6.167206e+03 
1.006667e-01 5.827016e+03 5.897579e+03 
1.036869e-01 5.473081e+03 5.644082e+03 
1.067071e-01 5.181344e+03 5.405500e+03 
1.097273e-01 4.949720e+03 5.180730e+03 
1.127475e-01 4.772610e+03 4.968766e+03 
1.157677e-01 4.641922e+03 4.768691e+03 
1.187879e-01 4.548146e+03 4.579665e+03 
1.218081e-01 4.480693e+03 4.400922e+03 
1.248283e-01 4.428706e+03 4.231759e+03 
1.278485e-01 4.381392e+03 4.071528e+03 
1.308687e-01 4.329211e+03 3.919638e+03 
1.338889e-01 4.264162e+03 3.775540e+03 
1.369091e-01 4.181227e+03 3.638732e+03 
1.399293e-01 4.077595e+03 3.508750e+03 
1.429495e-01 3.953476e+03 3.385163e+03 
1.459697e-01 3.810773e+03 3.267575e+03 
1.489899e-01 3.653267e+03 3.155619e+03 
1.520101e-01 3.485884e+03 3.048954e+03 
1.550303e-01 3.314527e+03 2.947265e+03 
1.580505e-01 3.145456e+03 2.850259e+03 
1.610707e-01 2.984832e+03 2.757662e+03 
1.640909e-01 2.837640e+03 2.669223e+03 
1.671111e-01 2.707642e+03 2.584704e+03 
1.701313e-01 2.596646e+03 2.503886e+03 
1.731515e-01 2.504920e+03 2.426563e+03 
1.761717e-01 2.431266e+03 2.352545e+03 
1.791919e-01 2.373776e+03 2.281653e+03 
1.822121e-01 2.330088e+03 2.213718e+03 
1.852323e-01 2.297417e+03 2.148586e+03 
1.882525e-01 2.272675e+03 2.086109e+03 
1.912727e-01 2.252381e+03 2.026150e+03 
1.942929e-01 2.233016e+03 1.968581e+03 
1.973131e-01 2.211159e+03 1.913280e+03 
2.003333e-01 2.184157e+03 1.860134e+03 
2.033535e-01 2.150084e+03 1.809037e+03 
2.063737e-01 2.108287e+03 1.759888e+03 
2.093939e-01 2.058857e+03 1.712593e+03 
2.124141e-01 2.002756e+03 1.667062e+03 
2.154343e-01 1.941342e+03 1.623213e+03 
2.184545e-01 1.876320e+03 1.580967e+03 
2.214747e-01 1.809619e+03 1.540248e+03 
2.244949e-01 1.743279e+03 1.500987e+03 
2.275152e-01 1.679239e+03 1.463117e+03 
2.305354e-01 1.619250e+03 1.426576e+03 
2.335556e-01 1.564656e+03 1.391303e+03 
2.365758e-01 1.516360e+03 1.357244e+03 
2.395960e-01 1.474744e+03 1.324345e+03 
2.426162e-01 1.439704e+03 1.292555e+03 
2.456364e-01 1.410771e+03 1.261827e+03 
2.486566e-01 1.387145e+03 1.232116e+03 
2.516768e-01 1.367847e+03 1.203379e+03 
2.546970e-01 1.351716e+03 1.175575e+03 
2.577172e-01 1.337523e+03 1.148666e+03 
2.607374e-01 1.324001e+03 1.122614e+03 
2.637576e-01 1.310012e+03 1.097386e+03 
2.667778e-01 1.294563e+03 1.072947e+03 
2.697980e-01 1.277004e+03 1.049267e+03 
2.728182e-01 1.256924e+03 1.026315e+03 
2.758384e-01 1.234254e+03 1.004062e+03 
2.788586e-01 1.209138e+03 9.824822e+02 
2.818788e-01 1.181955e+03 9.615487e+02 
2.848990e-01 1.153236e+03 9.412370e+02 
2.879192e-01 1.123621e+03 9.215235e+02 
2.909394e-01 1.093803e+03 9.023857e+02 
2.939596e-01 1.064480e+03 8.838021e+02 
2.969798e-01 1.036309e+03 8.657523e+02 
3.000000e-01 1.009856e+03 8.482166e+02 
