1.000000e-03 6.454326e+03 6.454256e+03 
4.020202e-03 2.160647e+04 2.177651e+04 
7.040404e-03 3.148870e+04 3.173530e+04 
1.006061e-02 3.741542e+04 3.775223e+04 
1.308081e-02 4.035516e+04 4.083135e+04 
1.610101e-02 4.102469e+04 4.154519e+04 
1.912121e-02 4.000696e+04 4.032244e+04 
2.214141e-02 3.780248e+04 3.769845e+04 
2.516162e-02 3.484860e+04 3.433539e+04 
2.818182e-02 3.151797e+04 3.083747e+04 
3.120202e-02 2.811173e+04 2.759040e+04 
3.422222e-02 2.485560e+04 2.475272e+04 
3.724242e-02 2.190264e+04 2.233782e+04 
4.026263e-02 1.934210e+04 2.029541e+04 
4.328283e-02 1.719502e+04 1.855981e+04 
4.630303e-02 1.546421e+04 1.707053e+04 
4.932323e-02 1.413531e+04 1.577828e+04 
5.234343e-02 1.314642e+04 1.464480e+04 
5.536364e-02 1.243757e+04 1.364084e+04 
5.838384e-02 1.194975e+04 1.274411e+04 
6.140404e-02 1.162114e+04 1.193741e+04 
6.442424e-02 1.139393e+04 1.120731e+04 
6.744444e-02 1.121644e+04 1.054319e+04 
7.046465e-02 1.104304e+04 9.936441e+03 
7.348485e-02 1.083432e+04 9.380061e+03 
7.650505e-02 1.056032e+04 8.868219e+03 
7.952525e-02 1.020346e+04 8.396019e+03 
8.254545e-02 9.759567e+03 7.959299e+03 
8.556566e-02 9.237088e+03 7.554485e+03 
8.858586e-02 8.654401e+03 7.178481e+03 
9.160606e-02 8.035964e+03 6.828587e+03 
9.462626e-02 7.409040e+03 6.502432e+03 
9.764646e-02 6.799676e+03 6.197920e+03 
1.006667e-01 6.231631e+03 5.913194e+03 
1.036869e-01 5.722227e+03 5.646595e+03 
1.067071e-01 5.283634e+03 5.396641e+03 
1.097273e-01 4.921267e+03 5.161999e+03 
1.127475e-01 4.635464e+03 4.941470e+03 
1.157677e-01 4.422220e+03 4.733970e+03 
1.187879e-01 4.274138e+03 4.538517e+03 
1.218081e-01 4.181765e+03 4.354222e+03 
1.248283e-01 4.133659e+03 4.180274e+03 
1.278485e-01 4.117263e+03 4.015934e+03 
1.308687e-01 4.119118e+03 3.860527e+03 
1.338889e-01 4.126210e+03 3.713438e+03 
1.369091e-01 4.126327e+03 3.574101e+03 
1.399293e-01 4.109440e+03 3.441998e+03 
1.429495e-01 4.067711e+03 3.316651e+03 
1.459697e-01 3.996407e+03 3.197622e+03 
1.489899e-01 3.893650e+03 3.084508e+03 
1.520101e-01 3.760235e+03 2.976934e+03 
1.550303e-01 3.600364e+03 2.874558e+03 
1.580505e-01 3.420405e+03 2.777059e+03 
1.610707e-01 3.229009e+03 2.684144e+03 
1.640909e-01 3.035227e+03 2.595538e+03 
1.671111e-01 2.847928e+03 2.510987e+03 
1.701313e-01 2.674054e+03 2.430257e+03 
1.731515e-01 2.518893e+03 2.353128e+03 
1.761717e-01 2.385403e+03 2.279395e+03 
1.791919e-01 2.275147e+03 2.208869e+03 
1.822121e-01 2.188205e+03 2.141372e+03 
1.852323e-01 2.123681e+03 2.076740e+03 
1.882525e-01 2.079830e+03 2.014817e+03 
1.912727e-01 2.053829e+03 1.955459e+03 
1.942929e-01 2.042112e+03 1.898531e+03 
1.973131e-01 2.040240e+03 1.843907e+03 
2.003333e-01 2.043537e+03 1.791467e+03 
2.033535e-01 2.047276e+03 1.741101e+03 
2.063737e-01 2.047367e+03 1.692704e+03 
2.093939e-01 2.040341e+03 1.646179e+03 
2.124141e-01 2.023809e+03 1.601432e+03 
2.154343e-01 1.996216e+03 1.558378e+03 
2.184545e-01 1.957025e+03 1.516935e+03 
2.214747e-01 1.906677e+03 1.477026e+03 
2.244949e-01 1.846462e+03 1.438579e+03 
2.275152e-01 1.778643e+03 1.401525e+03 
2.305354e-01 1.705951e+03 1.365801e+03 
2.335556e-01 1.631442e+03 1.331344e+03 
2.365758e-01 1.558055e+03 1.298099e+03 
2.395960e-01 1.488476e+03 1.266011e+03 
2.426162e-01 1.424749e+03 1.235027e+03 
2.456364e-01 1.368421e+03 1.205101e+03 
2.486566e-01 1.320377e+03 1.176185e+03 
2.516768e-01 1.281037e+03 1.148236e+03 
2.546970e-01 1.250289e+03 1.121213e+03 
2.577172e-01 1.227544e+03 1.095077e+03 
2.607374e-01 1.211828e+03 1.069791e+03 
2.637576e-01 1.201777e+03 1.045318e+03 
2.667778e-01 1.195834e+03 1.021627e+03 
2.697980e-01 1.192301e+03 9.986847e+02 
2.728182e-01 1.189528e+03 9.764611e+02 
2.758384e-01 1.185973e+03 9.549274e+02 
2.788586e-01 1.180340e+03 9.340564e+02 
2.818788e-01 1.171556e+03 9.138219e+02 
2.848990e-01 1.158900e+03 8.941991e+02 
2.879192e-01 1.141966e+03 8.751645e+02 
2.909394e-01 1.120723e+03 8.566953e+02 
2.939596e-01 1.095519e+03 8.387703e+02 
2.969798e-01 1.067000e+03 8.213688e+02 
3.000000e-01 1.036124e+03 8.044714e+02 
