1.000000e-03 2.764211e+03 2.764181e+03 
4.020202e-03 9.299003e+03 9.370819e+03 
7.040404e-03 1.367976e+04 1.376282e+04 
1.006061e-02 1.646381e+04 1.651533e+04 
1.308081e-02 1.806906e+04 1.807118e+04 
1.610101e-02 1.879978e+04 1.872735e+04 
1.912121e-02 1.889004e+04 1.872364e+04 
2.214141e-02 1.852875e+04 1.828994e+04 
2.516162e-02 1.786987e+04 1.762522e+04 
2.818182e-02 1.703860e+04 1.686600e+04 
3.120202e-02 1.613264e+04 1.608735e+04 
3.422222e-02 1.522426e+04 1.532405e+04 
3.724242e-02 1.436303e+04 1.459015e+04 
4.026263e-02 1.357942e+04 1.389046e+04 
4.328283e-02 1.287753e+04 1.322606e+04 
4.630303e-02 1.226764e+04 1.259648e+04 
4.932323e-02 1.175229e+04 1.200070e+04 
5.234343e-02 1.130435e+04 1.143742e+04 
5.536364e-02 1.090147e+04 1.090522e+04 
5.838384e-02 1.052830e+04 1.040262e+04 
6.140404e-02 1.017454e+04 9.928124e+03 
6.442424e-02 9.826872e+03 9.480240e+03 
6.744444e-02 9.472912e+03 9.057488e+03 
7.046465e-02 9.106733e+03 8.658427e+03 
7.348485e-02 8.727326e+03 8.281663e+03 
7.650505e-02 8.337927e+03 7.925860e+03 
7.952525e-02 7.946035e+03 7.589739e+03 
8.254545e-02 7.560608e+03 7.272090e+03 
8.556566e-02 7.190281e+03 6.971766e+03 
8.858586e-02 6.841540e+03 6.687689e+03 
9.160606e-02 6.518906e+03 6.418842e+03 
9.462626e-02 6.225426e+03 6.164274e+03 
9.764646e-02 5.962976e+03 5.923095e+03 
1.006667e-01 5.731952e+03 5.694471e+03 
1.036869e-01 5.531567e+03 5.477624e+03 
1.067071e-01 5.358478e+03 5.271828e+03 
1.097273e-01 5.207863e+03 5.076405e+03 
1.127475e-01 5.073295e+03 4.890725e+03 
1.157677e-01 4.948131e+03 4.714197e+03 
1.187879e-01 4.826813e+03 4.546273e+03 
1.218081e-01 4.704814e+03 4.386440e+03 
1.248283e-01 4.579579e+03 4.234222e+03 
1.278485e-01 4.449674e+03 4.089172e+03 
1.308687e-01 4.315104e+03 3.950875e+03 
1.338889e-01 4.176585e+03 3.818944e+03 
1.369091e-01 4.035557e+03 3.693016e+03 
1.399293e-01 3.894025e+03 3.572752e+03 
1.429495e-01 3.754434e+03 3.457838e+03 
1.459697e-01 3.619166e+03 3.347976e+03 
1.489899e-01 3.490474e+03 3.242891e+03 
1.520101e-01 3.369993e+03 3.142325e+03 
1.550303e-01 3.258966e+03 3.046033e+03 
1.580505e-01 3.158020e+03 2.953790e+03 
1.610707e-01 3.067348e+03 2.865383e+03 
1.640909e-01 2.986312e+03 2.780612e+03 
1.671111e-01 2.913831e+03 2.699290e+03 
1.701313e-01 2.848208e+03 2.621240e+03 
1.731515e-01 2.787626e+03 2.546297e+03 
1.761717e-01 2.730222e+03 2.474307e+03 
1.791919e-01 2.674434e+03 2.405122e+03 
1.822121e-01 2.619076e+03 2.338605e+03 
1.852323e-01 2.563279e+03 2.274627e+03 
1.882525e-01 2.506447e+03 2.213065e+03 
1.912727e-01 2.448276e+03 2.153805e+03 
1.942929e-01 2.388688e+03 2.096738e+03 
1.973131e-01 2.328044e+03 2.041761e+03 
2.003333e-01 2.266945e+03 1.988778e+03 
2.033535e-01 2.206253e+03 1.937697e+03 
2.063737e-01 2.146877e+03 1.888433e+03 
2.093939e-01 2.089612e+03 1.840903e+03 
2.124141e-01 2.035092e+03 1.795030e+03 
2.154343e-01 1.983642e+03 1.750741e+03 
2.184545e-01 1.935433e+03 1.707966e+03 
2.214747e-01 1.890471e+03 1.666641e+03 
2.244949e-01 1.848675e+03 1.626703e+03 
2.275152e-01 1.809878e+03 1.588093e+03 
2.305354e-01 1.773731e+03 1.550754e+03 
2.335556e-01 1.739742e+03 1.514635e+03 
2.365758e-01 1.707383e+03 1.479683e+03 
2.395960e-01 1.676115e+03 1.445852e+03 
2.426162e-01 1.645503e+03 1.413095e+03 
2.456364e-01 1.615184e+03 1.381370e+03 
2.486566e-01 1.584968e+03 1.350635e+03 
2.516768e-01 1.554729e+03 1.320850e+03 
2.546970e-01 1.524406e+03 1.291979e+03 
2.577172e-01 1.493987e+03 1.263986e+03 
2.607374e-01 1.463549e+03 1.236836e+03 
2.637576e-01 1.433242e+03 1.210498e+03 
2.667778e-01 1.403318e+03 1.184941e+03 
2.697980e-01 1.374035e+03 1.160135e+03 
2.728182e-01 1.345653e+03 1.136051e+03 
2.758384e-01 1.318351e+03 1.112664e+03 
2.788586e-01 1.292239e+03 1.089947e+03 
2.818788e-01 1.267320e+03 1.067877e+03 
2.848990e-01 1.243541e+03 1.046429e+03 
2.879192e-01 1.220840e+03 1.025581e+03 
2.909394e-01 1.199147e+03 1.005313e+03 
2.939596e-01 1.178375e+03 9.856020e+02 
2.969798e-01 1.158417e+03 9.664303e+02 
3.000000e-01 1.139150e+03 9.477784e+02 
