1.000000e-03 4.076402e+03 4.076365e+03 
4.020202e-03 1.372935e+04 1.383586e+04 
7.040404e-03 2.011268e+04 2.025318e+04 
1.006061e-02 2.404121e+04 2.419258e+04 
1.308081e-02 2.612943e+04 2.629345e+04 
1.610101e-02 2.683299e+04 2.695228e+04 
1.912121e-02 2.651439e+04 2.649107e+04 
2.214141e-02 2.547959e+04 2.527419e+04 
2.516162e-02 2.398782e+04 2.368000e+04 
2.818182e-02 2.225514e+04 2.200193e+04 
3.120202e-02 2.045403e+04 2.040466e+04 
3.422222e-02 1.871220e+04 1.895137e+04 
3.724242e-02 1.711548e+04 1.765014e+04 
4.026263e-02 1.571603e+04 1.648710e+04 
4.328283e-02 1.452783e+04 1.544310e+04 
4.630303e-02 1.354703e+04 1.450015e+04 
4.932323e-02 1.277485e+04 1.364326e+04 
5.234343e-02 1.217320e+04 1.286034e+04 
5.536364e-02 1.169816e+04 1.214176e+04 
5.838384e-02 1.131828e+04 1.147977e+04 
6.140404e-02 1.099741e+04 1.086802e+04 
6.442424e-02 1.070154e+04 1.030123e+04 
6.744444e-02 1.040208e+04 9.774946e+03 
7.046465e-02 1.007757e+04 9.285331e+03 
7.348485e-02 9.714757e+03 8.829065e+03 
7.650505e-02 9.308690e+03 8.403230e+03 
7.952525e-02 8.862702e+03 8.005243e+03 
8.254545e-02 8.387284e+03 7.632804e+03 
8.556566e-02 7.896568e+03 7.283851e+03 
8.858586e-02 7.406207e+03 6.956530e+03 
9.160606e-02 6.931558e+03 6.649165e+03 
9.462626e-02 6.486342e+03 6.360238e+03 
9.764646e-02 6.082539e+03 6.088370e+03 
1.006667e-01 5.728254e+03 5.832308e+03 
1.036869e-01 5.428271e+03 5.590905e+03 
1.067071e-01 5.182507e+03 5.363117e+03 
1.097273e-01 4.987342e+03 5.147986e+03 
1.127475e-01 4.835911e+03 4.944634e+03 
1.157677e-01 4.719785e+03 4.752258e+03 
1.187879e-01 4.629693e+03 4.570117e+03 
1.218081e-01 4.556099e+03 4.397530e+03 
1.248283e-01 4.489757e+03 4.233872e+03 
1.278485e-01 4.422255e+03 4.078563e+03 
1.308687e-01 4.346536e+03 3.931070e+03 
1.338889e-01 4.257138e+03 3.790900e+03 
1.369091e-01 4.151288e+03 3.657596e+03 
1.399293e-01 4.028222e+03 3.530738e+03 
1.429495e-01 3.889773e+03 3.409933e+03 
1.459697e-01 3.739106e+03 3.294817e+03 
1.489899e-01 3.580714e+03 3.185055e+03 
1.520101e-01 3.419480e+03 3.080332e+03 
1.550303e-01 3.260488e+03 2.980358e+03 
1.580505e-01 3.108538e+03 2.884860e+03 
1.610707e-01 2.968007e+03 2.793587e+03 
1.640909e-01 2.842150e+03 2.706302e+03 
1.671111e-01 2.733096e+03 2.622785e+03 
1.701313e-01 2.641293e+03 2.542832e+03 
1.731515e-01 2.565961e+03 2.466249e+03 
1.761717e-01 2.505242e+03 2.392857e+03 
1.791919e-01 2.456730e+03 2.322488e+03 
1.822121e-01 2.417705e+03 2.254985e+03 
1.852323e-01 2.385232e+03 2.190199e+03 
1.882525e-01 2.356354e+03 2.127993e+03 
1.912727e-01 2.328198e+03 2.068236e+03 
1.942929e-01 2.298136e+03 2.010806e+03 
1.973131e-01 2.263874e+03 1.955587e+03 
2.003333e-01 2.223948e+03 1.902473e+03 
2.033535e-01 2.177578e+03 1.851361e+03 
2.063737e-01 2.125047e+03 1.802155e+03 
2.093939e-01 2.067194e+03 1.754766e+03 
2.124141e-01 2.005423e+03 1.709108e+03 
2.154343e-01 1.941355e+03 1.665100e+03 
2.184545e-01 1.876752e+03 1.622668e+03 
2.214747e-01 1.813328e+03 1.581738e+03 
2.244949e-01 1.752690e+03 1.542244e+03 
2.275152e-01 1.696121e+03 1.504122e+03 
2.305354e-01 1.644608e+03 1.467310e+03 
2.335556e-01 1.598726e+03 1.431752e+03 
2.365758e-01 1.558679e+03 1.397394e+03 
2.395960e-01 1.524325e+03 1.364183e+03 
2.426162e-01 1.495153e+03 1.332071e+03 
2.456364e-01 1.470415e+03 1.301011e+03 
2.486566e-01 1.449128e+03 1.270961e+03 
2.516768e-01 1.430220e+03 1.241877e+03 
2.546970e-01 1.412560e+03 1.213720e+03 
2.577172e-01 1.395094e+03 1.186453e+03 
2.607374e-01 1.376876e+03 1.160040e+03 
2.637576e-01 1.357238e+03 1.134447e+03 
2.667778e-01 1.335728e+03 1.109640e+03 
2.697980e-01 1.312209e+03 1.085590e+03 
2.728182e-01 1.286731e+03 1.062267e+03 
2.758384e-01 1.259544e+03 1.039643e+03 
2.788586e-01 1.231034e+03 1.017691e+03 
2.818788e-01 1.201694e+03 9.963857e+02 
2.848990e-01 1.172109e+03 9.757026e+02 
2.879192e-01 1.142895e+03 9.556186e+02 
2.909394e-01 1.114629e+03 9.361116e+02 
2.939596e-01 1.087813e+03 9.171604e+02 
2.969798e-01 1.062821e+03 8.987448e+02 
3.000000e-01 1.039879e+03 8.808453e+02 
