1.000000e-03 4.636208e+03 4.636168e+03 
4.020202e-03 1.523288e+04 1.535169e+04 
7.040404e-03 2.210870e+04 2.226698e+04 
1.006061e-02 2.627623e+04 2.645242e+04 
1.308081e-02 2.843792e+04 2.863905e+04 
1.610101e-02 2.910117e+04 2.926665e+04 
1.912121e-02 2.866448e+04 2.868010e+04 
2.214141e-02 2.745823e+04 2.726705e+04 
2.516162e-02 2.576438e+04 2.543868e+04 
2.818182e-02 2.381641e+04 2.352280e+04 
3.120202e-02 2.180001e+04 2.170798e+04 
3.422222e-02 1.985373e+04 2.006752e+04 
3.724242e-02 1.807063e+04 1.861012e+04 
4.026263e-02 1.650698e+04 1.731816e+04 
4.328283e-02 1.517868e+04 1.616765e+04 
4.630303e-02 1.408173e+04 1.513612e+04 
4.932323e-02 1.321700e+04 1.420486e+04 
5.234343e-02 1.254612e+04 1.335891e+04 
5.536364e-02 1.202207e+04 1.258642e+04 
5.838384e-02 1.160984e+04 1.187790e+04 
6.140404e-02 1.127128e+04 1.122569e+04 
6.442424e-02 1.096952e+04 1.062349e+04 
6.744444e-02 1.067226e+04 1.006604e+04 
7.046465e-02 1.035464e+04 9.548840e+03 
7.348485e-02 9.999900e+03 9.068062e+03 
7.650505e-02 9.599729e+03 8.620357e+03 
7.952525e-02 9.154782e+03 8.202789e+03 
8.254545e-02 8.673659e+03 7.812764e+03 
8.556566e-02 8.169755e+03 7.447973e+03 
8.858586e-02 7.659105e+03 7.106352e+03 
9.160606e-02 7.158209e+03 6.786047e+03 
9.462626e-02 6.682242e+03 6.485385e+03 
9.764646e-02 6.244807e+03 6.202856e+03 
1.006667e-01 5.855801e+03 5.937089e+03 
1.036869e-01 5.521963e+03 5.686839e+03 
1.067071e-01 5.244967e+03 5.450972e+03 
1.097273e-01 5.022892e+03 5.228454e+03 
1.127475e-01 4.850027e+03 5.018339e+03 
1.157677e-01 4.718517e+03 4.819762e+03 
1.187879e-01 4.619139e+03 4.631930e+03 
1.218081e-01 4.542311e+03 4.454113e+03 
1.248283e-01 4.478438e+03 4.285644e+03 
1.278485e-01 4.418289e+03 4.125906e+03 
1.308687e-01 4.353616e+03 3.974331e+03 
1.338889e-01 4.277631e+03 3.830395e+03 
1.369091e-01 4.185847e+03 3.693616e+03 
1.399293e-01 4.075858e+03 3.563545e+03 
1.429495e-01 3.948154e+03 3.439770e+03 
1.459697e-01 3.804909e+03 3.321907e+03 
1.489899e-01 3.650077e+03 3.209601e+03 
1.520101e-01 3.488297e+03 3.102521e+03 
1.550303e-01 3.324731e+03 3.000362e+03 
1.580505e-01 3.164614e+03 2.902838e+03 
1.610707e-01 3.013062e+03 2.809684e+03 
1.640909e-01 2.874219e+03 2.720653e+03 
1.671111e-01 2.751302e+03 2.635514e+03 
1.701313e-01 2.645789e+03 2.554054e+03 
1.731515e-01 2.557955e+03 2.476070e+03 
1.761717e-01 2.486656e+03 2.401376e+03 
1.791919e-01 2.429977e+03 2.329796e+03 
1.822121e-01 2.385418e+03 2.261165e+03 
1.852323e-01 2.350205e+03 2.195331e+03 
1.882525e-01 2.321406e+03 2.132148e+03 
1.912727e-01 2.295944e+03 2.071482e+03 
1.942929e-01 2.270829e+03 2.013205e+03 
1.973131e-01 2.243306e+03 1.957198e+03 
2.003333e-01 2.211174e+03 1.903350e+03 
2.033535e-01 2.172856e+03 1.851554e+03 
2.063737e-01 2.127803e+03 1.801712e+03 
2.093939e-01 2.076172e+03 1.753730e+03 
2.124141e-01 2.018938e+03 1.707520e+03 
2.154343e-01 1.957466e+03 1.662998e+03 
2.184545e-01 1.893482e+03 1.620087e+03 
2.214747e-01 1.828769e+03 1.578713e+03 
2.244949e-01 1.765110e+03 1.538804e+03 
2.275152e-01 1.704118e+03 1.500297e+03 
2.305354e-01 1.647223e+03 1.463127e+03 
2.335556e-01 1.595436e+03 1.427237e+03 
2.365758e-01 1.549447e+03 1.392569e+03 
2.395960e-01 1.509490e+03 1.359071e+03 
2.426162e-01 1.475443e+03 1.326693e+03 
2.456364e-01 1.446829e+03 1.295387e+03 
2.486566e-01 1.422890e+03 1.265108e+03 
2.516768e-01 1.402678e+03 1.235813e+03 
2.546970e-01 1.385084e+03 1.207461e+03 
2.577172e-01 1.368955e+03 1.180014e+03 
2.607374e-01 1.353153e+03 1.153435e+03 
2.637576e-01 1.336708e+03 1.127688e+03 
2.667778e-01 1.318865e+03 1.102741e+03 
2.697980e-01 1.299136e+03 1.078562e+03 
2.728182e-01 1.277249e+03 1.055121e+03 
2.758384e-01 1.253205e+03 1.032390e+03 
2.788586e-01 1.227174e+03 1.010339e+03 
2.818788e-01 1.199532e+03 9.889450e+02 
2.848990e-01 1.170768e+03 9.681814e+02 
2.879192e-01 1.141479e+03 9.480249e+02 
2.909394e-01 1.112303e+03 9.284529e+02 
2.939596e-01 1.083886e+03 9.094437e+02 
2.969798e-01 1.056767e+03 8.909766e+02 
3.000000e-01 1.031388e+03 8.730320e+02 
