1.000000e-03 3.552919e+03 3.552882e+03 
4.020202e-03 1.160317e+04 1.169247e+04 
7.040404e-03 1.677875e+04 1.688099e+04 
1.006061e-02 1.991292e+04 1.998502e+04 
1.308081e-02 2.157510e+04 2.160092e+04 
1.610101e-02 2.216715e+04 2.210993e+04 
1.912121e-02 2.199317e+04 2.182019e+04 
2.214141e-02 2.129594e+04 2.103342e+04 
2.516162e-02 2.027266e+04 2.001006e+04 
2.818182e-02 1.908084e+04 1.892275e+04 
3.120202e-02 1.784149e+04 1.785921e+04 
3.422222e-02 1.664119e+04 1.685366e+04 
3.724242e-02 1.553598e+04 1.591465e+04 
4.026263e-02 1.455679e+04 1.504073e+04 
4.328283e-02 1.371345e+04 1.422741e+04 
4.630303e-02 1.299643e+04 1.346973e+04 
4.932323e-02 1.239753e+04 1.276308e+04 
5.234343e-02 1.189744e+04 1.210335e+04 
5.536364e-02 1.145884e+04 1.148687e+04 
5.838384e-02 1.106037e+04 1.091035e+04 
6.140404e-02 1.068348e+04 1.037082e+04 
6.442424e-02 1.030693e+04 9.865546e+03 
6.744444e-02 9.918198e+03 9.392046e+03 
7.046465e-02 9.510884e+03 8.948017e+03 
7.348485e-02 9.083965e+03 8.531338e+03 
7.650505e-02 8.642923e+03 8.140050e+03 
7.952525e-02 8.197151e+03 7.772341e+03 
8.254545e-02 7.757874e+03 7.426541e+03 
8.556566e-02 7.335672e+03 7.101103e+03 
8.858586e-02 6.939220e+03 6.794601e+03 
9.160606e-02 6.575343e+03 6.505718e+03 
9.462626e-02 6.249051e+03 6.233238e+03 
9.764646e-02 5.963034e+03 5.976036e+03 
1.006667e-01 5.718134e+03 5.733076e+03 
1.036869e-01 5.511447e+03 5.503399e+03 
1.067071e-01 5.338018e+03 5.286121e+03 
1.097273e-01 5.190314e+03 5.080423e+03 
1.127475e-01 5.060368e+03 4.885549e+03 
1.157677e-01 4.940268e+03 4.700799e+03 
1.187879e-01 4.823456e+03 4.525525e+03 
1.218081e-01 4.704840e+03 4.359127e+03 
1.248283e-01 4.580892e+03 4.201050e+03 
1.278485e-01 4.449318e+03 4.050778e+03 
1.308687e-01 4.309748e+03 3.907834e+03 
1.338889e-01 4.162989e+03 3.771772e+03 
1.369091e-01 4.011472e+03 3.642182e+03 
1.399293e-01 3.858223e+03 3.518678e+03 
1.429495e-01 3.706748e+03 3.400906e+03 
1.459697e-01 3.560278e+03 3.288532e+03 
1.489899e-01 3.421597e+03 3.181247e+03 
1.520101e-01 3.292883e+03 3.078763e+03 
1.550303e-01 3.175777e+03 2.980811e+03 
1.580505e-01 3.071127e+03 2.887139e+03 
1.610707e-01 2.979160e+03 2.797513e+03 
1.640909e-01 2.898994e+03 2.711713e+03 
1.671111e-01 2.829117e+03 2.629534e+03 
1.701313e-01 2.767207e+03 2.550784e+03 
1.731515e-01 2.710861e+03 2.475283e+03 
1.761717e-01 2.657762e+03 2.402862e+03 
1.791919e-01 2.605952e+03 2.333362e+03 
1.822121e-01 2.553843e+03 2.266636e+03 
1.852323e-01 2.500305e+03 2.202543e+03 
1.882525e-01 2.444550e+03 2.140952e+03 
1.912727e-01 2.386257e+03 2.081740e+03 
1.942929e-01 2.325452e+03 2.024791e+03 
1.973131e-01 2.262742e+03 1.969995e+03 
2.003333e-01 2.199021e+03 1.917250e+03 
2.033535e-01 2.135493e+03 1.866459e+03 
2.063737e-01 2.073311e+03 1.817529e+03 
2.093939e-01 2.013510e+03 1.770375e+03 
2.124141e-01 1.956864e+03 1.724915e+03 
2.154343e-01 1.903927e+03 1.681072e+03 
2.184545e-01 1.854987e+03 1.638772e+03 
2.214747e-01 1.810147e+03 1.597948e+03 
2.244949e-01 1.769217e+03 1.558533e+03 
2.275152e-01 1.731850e+03 1.520467e+03 
2.305354e-01 1.697499e+03 1.483689e+03 
2.335556e-01 1.665545e+03 1.448146e+03 
2.365758e-01 1.635313e+03 1.413785e+03 
2.395960e-01 1.606188e+03 1.380555e+03 
2.426162e-01 1.577622e+03 1.348409e+03 
2.456364e-01 1.549138e+03 1.317302e+03 
2.486566e-01 1.520331e+03 1.287192e+03 
2.516768e-01 1.490978e+03 1.258038e+03 
2.546970e-01 1.460985e+03 1.229801e+03 
2.577172e-01 1.430471e+03 1.202445e+03 
2.607374e-01 1.399664e+03 1.175935e+03 
2.637576e-01 1.368923e+03 1.150237e+03 
2.667778e-01 1.338598e+03 1.125320e+03 
2.697980e-01 1.309017e+03 1.101153e+03 
2.728182e-01 1.280420e+03 1.077709e+03 
2.758384e-01 1.252991e+03 1.054958e+03 
2.788586e-01 1.226848e+03 1.032876e+03 
2.818788e-01 1.202073e+03 1.011436e+03 
2.848990e-01 1.178702e+03 9.906164e+02 
2.879192e-01 1.156717e+03 9.703928e+02 
2.909394e-01 1.136002e+03 9.507439e+02 
2.939596e-01 1.116388e+03 9.316489e+02 
2.969798e-01 1.097651e+03 9.130878e+02 
3.000000e-01 1.079572e+03 8.950416e+02 
