1.000000e-03 4.660608e+03 4.660562e+03 
4.020202e-03 1.542970e+04 1.554971e+04 
7.040404e-03 2.238938e+04 2.254694e+04 
1.006061e-02 2.656300e+04 2.673666e+04 
1.308081e-02 2.867815e+04 2.887243e+04 
1.610101e-02 2.926323e+04 2.940999e+04 
1.912121e-02 2.873364e+04 2.871625e+04 
2.214141e-02 2.743423e+04 2.720660e+04 
2.516162e-02 2.565722e+04 2.531057e+04 
2.818182e-02 2.364364e+04 2.335715e+04 
3.120202e-02 2.158317e+04 2.152601e+04 
3.422222e-02 1.961454e+04 1.988096e+04 
3.724242e-02 1.782875e+04 1.842434e+04 
4.026263e-02 1.627872e+04 1.713523e+04 
4.328283e-02 1.497409e+04 1.598817e+04 
4.630303e-02 1.390979e+04 1.496018e+04 
4.932323e-02 1.308290e+04 1.403239e+04 
5.234343e-02 1.244536e+04 1.318987e+04 
5.536364e-02 1.195099e+04 1.242078e+04 
5.838384e-02 1.156431e+04 1.171569e+04 
6.140404e-02 1.124020e+04 1.106695e+04 
6.442424e-02 1.094155e+04 1.046828e+04 
6.744444e-02 1.063892e+04 9.914395e+03 
7.046465e-02 1.030832e+04 9.400816e+03 
7.348485e-02 9.934848e+03 8.923682e+03 
7.650505e-02 9.512652e+03 8.479633e+03 
7.952525e-02 9.044772e+03 8.065719e+03 
8.254545e-02 8.542656e+03 7.679329e+03 
8.556566e-02 8.022133e+03 7.318144e+03 
8.858586e-02 7.500978e+03 6.980085e+03 
9.160606e-02 6.996967e+03 6.663289e+03 
9.462626e-02 6.525631e+03 6.366076e+03 
9.764646e-02 6.100002e+03 6.086928e+03 
1.006667e-01 5.728707e+03 5.824468e+03 
1.036869e-01 5.416189e+03 5.577448e+03 
1.067071e-01 5.162303e+03 5.344730e+03 
1.097273e-01 4.962806e+03 5.125277e+03 
1.127475e-01 4.810676e+03 4.918144e+03 
1.157677e-01 4.696843e+03 4.722463e+03 
1.187879e-01 4.611378e+03 4.537441e+03 
1.218081e-01 4.543847e+03 4.362351e+03 
1.248283e-01 4.484079e+03 4.196524e+03 
1.278485e-01 4.422477e+03 4.039345e+03 
1.308687e-01 4.351274e+03 3.890248e+03 
1.338889e-01 4.264454e+03 3.748711e+03 
1.369091e-01 4.159216e+03 3.614252e+03 
1.399293e-01 4.034879e+03 3.486426e+03 
1.429495e-01 3.893468e+03 3.364821e+03 
1.459697e-01 3.738384e+03 3.249057e+03 
1.489899e-01 3.574244e+03 3.138779e+03 
1.520101e-01 3.406343e+03 3.033661e+03 
1.550303e-01 3.240330e+03 2.933398e+03 
1.580505e-01 3.081770e+03 2.837706e+03 
1.610707e-01 2.935636e+03 2.746323e+03 
1.640909e-01 2.805566e+03 2.659004e+03 
1.671111e-01 2.693657e+03 2.575521e+03 
1.701313e-01 2.600322e+03 2.495660e+03 
1.731515e-01 2.524539e+03 2.419223e+03 
1.761717e-01 2.464356e+03 2.346024e+03 
1.791919e-01 2.417180e+03 2.275890e+03 
1.822121e-01 2.380164e+03 2.208658e+03 
1.852323e-01 2.350309e+03 2.144177e+03 
1.882525e-01 2.324463e+03 2.082302e+03 
1.912727e-01 2.299356e+03 2.022902e+03 
1.942929e-01 2.272011e+03 1.965850e+03 
1.973131e-01 2.239841e+03 1.911029e+03 
2.003333e-01 2.201246e+03 1.858328e+03 
2.033535e-01 2.155424e+03 1.807644e+03 
2.063737e-01 2.102726e+03 1.758877e+03 
2.093939e-01 2.044138e+03 1.711937e+03 
2.124141e-01 1.981196e+03 1.666735e+03 
2.154343e-01 1.915641e+03 1.623191e+03 
2.184545e-01 1.849317e+03 1.581227e+03 
2.214747e-01 1.784079e+03 1.540770e+03 
2.244949e-01 1.721662e+03 1.501752e+03 
2.275152e-01 1.663521e+03 1.464107e+03 
2.305354e-01 1.610777e+03 1.427773e+03 
2.335556e-01 1.564170e+03 1.392694e+03 
2.365758e-01 1.523901e+03 1.358813e+03 
2.395960e-01 1.489790e+03 1.326078e+03 
2.426162e-01 1.461229e+03 1.294441e+03 
2.456364e-01 1.437386e+03 1.263854e+03 
2.486566e-01 1.417192e+03 1.234273e+03 
2.516768e-01 1.399497e+03 1.205655e+03 
2.546970e-01 1.383099e+03 1.177961e+03 
2.577172e-01 1.366883e+03 1.151153e+03 
2.607374e-01 1.349842e+03 1.125195e+03 
2.637576e-01 1.331234e+03 1.100052e+03 
2.667778e-01 1.310532e+03 1.075691e+03 
2.697980e-01 1.287527e+03 1.052082e+03 
2.728182e-01 1.262263e+03 1.029195e+03 
2.758384e-01 1.235024e+03 1.007002e+03 
2.788586e-01 1.206268e+03 9.854754e+02 
2.818788e-01 1.176562e+03 9.645905e+02 
2.848990e-01 1.146556e+03 9.443226e+02 
2.879192e-01 1.116906e+03 9.246484e+02 
2.909394e-01 1.088224e+03 9.055457e+02 
2.939596e-01 1.061033e+03 8.869934e+02 
2.969798e-01 1.035754e+03 8.689711e+02 
3.000000e-01 1.012648e+03 8.514596e+02 
