1.000000e-03 4.347580e+03 4.347535e+03 
4.020202e-03 1.443410e+04 1.454552e+04 
7.040404e-03 2.101412e+04 2.115921e+04 
1.006061e-02 2.501307e+04 2.516792e+04 
1.308081e-02 2.709530e+04 2.726124e+04 
1.610101e-02 2.774534e+04 2.786104e+04 
1.912121e-02 2.734656e+04 2.730867e+04 
2.214141e-02 2.621749e+04 2.598831e+04 
2.516162e-02 2.462909e+04 2.429479e+04 
2.818182e-02 2.280493e+04 2.253005e+04 
3.120202e-02 2.092199e+04 2.086045e+04 
3.422222e-02 1.911076e+04 1.934743e+04 
3.724242e-02 1.745793e+04 1.799658e+04 
4.026263e-02 1.601493e+04 1.679184e+04 
4.328283e-02 1.479306e+04 1.571235e+04 
4.630303e-02 1.378902e+04 1.473890e+04 
4.932323e-02 1.300180e+04 1.385554e+04 
5.234343e-02 1.238846e+04 1.304952e+04 
5.536364e-02 1.190496e+04 1.231065e+04 
5.838384e-02 1.151836e+04 1.163076e+04 
6.140404e-02 1.119048e+04 1.100317e+04 
6.442424e-02 1.088639e+04 1.042230e+04 
6.744444e-02 1.057703e+04 9.883476e+03 
7.046465e-02 1.024058e+04 9.382666e+03 
7.348485e-02 9.863900e+03 8.916383e+03 
7.650505e-02 9.442728e+03 8.481567e+03 
7.952525e-02 8.981238e+03 8.075514e+03 
8.254545e-02 8.490715e+03 7.695817e+03 
8.556566e-02 7.986013e+03 7.340324e+03 
8.858586e-02 7.483365e+03 7.007101e+03 
9.160606e-02 6.998647e+03 6.694402e+03 
9.462626e-02 6.545909e+03 6.400650e+03 
9.764646e-02 6.137113e+03 6.124412e+03 
1.006667e-01 5.780221e+03 5.864386e+03 
1.036869e-01 5.479400e+03 5.619386e+03 
1.067071e-01 5.234360e+03 5.388329e+03 
1.097273e-01 5.040715e+03 5.170225e+03 
1.127475e-01 4.891192e+03 4.964168e+03 
1.157677e-01 4.776723e+03 4.769328e+03 
1.187879e-01 4.687620e+03 4.584941e+03 
1.218081e-01 4.614146e+03 4.410306e+03 
1.248283e-01 4.546961e+03 4.244777e+03 
1.278485e-01 4.477380e+03 4.087761e+03 
1.308687e-01 4.398404e+03 3.938709e+03 
1.338889e-01 4.304649e+03 3.797114e+03 
1.369091e-01 4.193649e+03 3.662509e+03 
1.399293e-01 4.064995e+03 3.534459e+03 
1.429495e-01 3.920988e+03 3.412565e+03 
1.459697e-01 3.765196e+03 3.296453e+03 
1.489899e-01 3.602247e+03 3.185780e+03 
1.520101e-01 3.437246e+03 3.080223e+03 
1.550303e-01 3.275468e+03 2.979486e+03 
1.580505e-01 3.121832e+03 2.883292e+03 
1.610707e-01 2.980658e+03 2.791381e+03 
1.640909e-01 2.855161e+03 2.703513e+03 
1.671111e-01 2.747116e+03 2.619464e+03 
1.701313e-01 2.656789e+03 2.539024e+03 
1.731515e-01 2.583035e+03 2.461998e+03 
1.761717e-01 2.523855e+03 2.388202e+03 
1.791919e-01 2.476653e+03 2.317465e+03 
1.822121e-01 2.438587e+03 2.249626e+03 
1.852323e-01 2.406638e+03 2.184536e+03 
1.882525e-01 2.377754e+03 2.122054e+03 
1.912727e-01 2.348922e+03 2.062046e+03 
1.942929e-01 2.317530e+03 2.004389e+03 
1.973131e-01 2.281394e+03 1.948966e+03 
2.003333e-01 2.239197e+03 1.895668e+03 
2.033535e-01 2.190371e+03 1.844391e+03 
2.063737e-01 2.135349e+03 1.795037e+03 
2.093939e-01 2.075169e+03 1.747516e+03 
2.124141e-01 2.011350e+03 1.701741e+03 
2.154343e-01 1.945627e+03 1.657630e+03 
2.184545e-01 1.879810e+03 1.615107e+03 
2.214747e-01 1.815651e+03 1.574099e+03 
2.244949e-01 1.754718e+03 1.534537e+03 
2.275152e-01 1.698280e+03 1.496357e+03 
2.305354e-01 1.647225e+03 1.459497e+03 
2.335556e-01 1.602081e+03 1.423899e+03 
2.365758e-01 1.562906e+03 1.389508e+03 
2.395960e-01 1.529458e+03 1.356272e+03 
2.426162e-01 1.501132e+03 1.324142e+03 
2.456364e-01 1.477100e+03 1.293071e+03 
2.486566e-01 1.456305e+03 1.263014e+03 
2.516768e-01 1.437607e+03 1.233929e+03 
2.546970e-01 1.419839e+03 1.205777e+03 
2.577172e-01 1.401960e+03 1.178519e+03 
2.607374e-01 1.383076e+03 1.152118e+03 
2.637576e-01 1.362568e+03 1.126542e+03 
2.667778e-01 1.340070e+03 1.101755e+03 
2.697980e-01 1.315497e+03 1.077729e+03 
2.728182e-01 1.288972e+03 1.054432e+03 
2.758384e-01 1.260781e+03 1.031837e+03 
2.788586e-01 1.231393e+03 1.009917e+03 
2.818788e-01 1.201360e+03 9.886459e+02 
2.848990e-01 1.171291e+03 9.679990e+02 
2.879192e-01 1.141797e+03 9.479532e+02 
2.909394e-01 1.113472e+03 9.284861e+02 
2.939596e-01 1.086776e+03 9.095764e+02 
2.969798e-01 1.062049e+03 8.912037e+02 
3.000000e-01 1.039462e+03 8.733486e+02 
