1.000000e-03 3.086490e+03 3.086462e+03 
4.020202e-03 1.037264e+04 1.045329e+04 
7.040404e-03 1.521272e+04 1.530951e+04 
1.006061e-02 1.824159e+04 1.831481e+04 
1.308081e-02 1.993285e+04 1.996865e+04 
1.610101e-02 2.063234e+04 2.059863e+04 
1.912121e-02 2.060701e+04 2.047024e+04 
2.214141e-02 2.007369e+04 1.984867e+04 
2.516162e-02 1.921248e+04 1.897312e+04 
2.818182e-02 1.816757e+04 1.801110e+04 
3.120202e-02 1.705396e+04 1.705328e+04 
3.422222e-02 1.595567e+04 1.613828e+04 
3.724242e-02 1.492947e+04 1.527806e+04 
4.026263e-02 1.400888e+04 1.447351e+04 
4.328283e-02 1.320854e+04 1.372166e+04 
4.630303e-02 1.252323e+04 1.301868e+04 
4.932323e-02 1.194655e+04 1.236081e+04 
5.234343e-02 1.146733e+04 1.174462e+04 
5.536364e-02 1.105196e+04 1.116706e+04 
5.838384e-02 1.067766e+04 1.062535e+04 
6.140404e-02 1.032994e+04 1.011699e+04 
6.442424e-02 9.988120e+03 9.639639e+03 
6.744444e-02 9.637684e+03 9.191177e+03 
7.046465e-02 9.270592e+03 8.769619e+03 
7.348485e-02 8.883656e+03 8.373124e+03 
7.650505e-02 8.479620e+03 7.999981e+03 
7.952525e-02 8.065697e+03 7.648599e+03 
8.254545e-02 7.651999e+03 7.317501e+03 
8.556566e-02 7.248575e+03 7.005314e+03 
8.858586e-02 6.864370e+03 6.710764e+03 
9.160606e-02 6.506536e+03 6.432668e+03 
9.462626e-02 6.180553e+03 6.169932e+03 
9.764646e-02 5.890220e+03 5.921537e+03 
1.006667e-01 5.637644e+03 5.686541e+03 
1.036869e-01 5.422354e+03 5.464071e+03 
1.067071e-01 5.241212e+03 5.253317e+03 
1.097273e-01 5.088671e+03 5.053527e+03 
1.127475e-01 4.957597e+03 4.864005e+03 
1.157677e-01 4.840663e+03 4.684105e+03 
1.187879e-01 4.730800e+03 4.513226e+03 
1.218081e-01 4.622514e+03 4.350813e+03 
1.248283e-01 4.511331e+03 4.196348e+03 
1.278485e-01 4.394464e+03 4.049351e+03 
1.308687e-01 4.270204e+03 3.909373e+03 
1.338889e-01 4.138311e+03 3.776000e+03 
1.369091e-01 3.999783e+03 3.648845e+03 
1.399293e-01 3.856952e+03 3.527546e+03 
1.429495e-01 3.712685e+03 3.411768e+03 
1.459697e-01 3.570184e+03 3.301197e+03 
1.489899e-01 3.432384e+03 3.195541e+03 
1.520101e-01 3.301958e+03 3.094527e+03 
1.550303e-01 3.180911e+03 2.997899e+03 
1.580505e-01 3.070794e+03 2.905419e+03 
1.610707e-01 2.972367e+03 2.816863e+03 
1.640909e-01 2.885780e+03 2.732023e+03 
1.671111e-01 2.810208e+03 2.650703e+03 
1.701313e-01 2.744244e+03 2.572718e+03 
1.731515e-01 2.685824e+03 2.497897e+03 
1.761717e-01 2.632791e+03 2.426079e+03 
1.791919e-01 2.582976e+03 2.357111e+03 
1.822121e-01 2.534564e+03 2.290851e+03 
1.852323e-01 2.486022e+03 2.227165e+03 
1.882525e-01 2.436222e+03 2.165926e+03 
1.912727e-01 2.384310e+03 2.107017e+03 
1.942929e-01 2.329909e+03 2.050324e+03 
1.973131e-01 2.272974e+03 1.995742e+03 
2.003333e-01 2.214021e+03 1.943173e+03 
2.033535e-01 2.153831e+03 1.892521e+03 
2.063737e-01 2.093486e+03 1.843699e+03 
2.093939e-01 2.034053e+03 1.796623e+03 
2.124141e-01 1.976538e+03 1.751214e+03 
2.154343e-01 1.921724e+03 1.707397e+03 
2.184545e-01 1.870204e+03 1.665101e+03 
2.214747e-01 1.822344e+03 1.624259e+03 
2.244949e-01 1.778347e+03 1.584808e+03 
2.275152e-01 1.738144e+03 1.546687e+03 
2.305354e-01 1.701500e+03 1.509841e+03 
2.335556e-01 1.667939e+03 1.474213e+03 
2.365758e-01 1.636905e+03 1.439755e+03 
2.395960e-01 1.607771e+03 1.406416e+03 
2.426162e-01 1.579935e+03 1.374150e+03 
2.456364e-01 1.552848e+03 1.342914e+03 
2.486566e-01 1.526029e+03 1.312665e+03 
2.516768e-01 1.499072e+03 1.283364e+03 
2.546970e-01 1.471684e+03 1.254974e+03 
2.577172e-01 1.443669e+03 1.227458e+03 
2.607374e-01 1.415038e+03 1.200781e+03 
2.637576e-01 1.385917e+03 1.174912e+03 
2.667778e-01 1.356598e+03 1.149819e+03 
2.697980e-01 1.327418e+03 1.125473e+03 
2.728182e-01 1.298725e+03 1.101845e+03 
2.758384e-01 1.270815e+03 1.078908e+03 
2.788586e-01 1.243882e+03 1.056636e+03 
2.818788e-01 1.218075e+03 1.035005e+03 
2.848990e-01 1.193499e+03 1.013991e+03 
2.879192e-01 1.170219e+03 9.935727e+02 
2.909394e-01 1.148265e+03 9.737273e+02 
2.939596e-01 1.127600e+03 9.544346e+02 
2.969798e-01 1.108132e+03 9.356752e+02 
3.000000e-01 1.089684e+03 9.174300e+02 
