1.000000e-03 3.025907e+03 3.025873e+03 
4.020202e-03 1.029210e+04 1.037115e+04 
7.040404e-03 1.520270e+04 1.530050e+04 
1.006061e-02 1.832531e+04 1.840695e+04 
1.308081e-02 2.010233e+04 2.015723e+04 
1.610101e-02 2.086498e+04 2.085767e+04 
1.912121e-02 2.087533e+04 2.075952e+04 
2.214141e-02 2.035022e+04 2.012649e+04 
2.516162e-02 1.947318e+04 1.921075e+04 
2.818182e-02 1.839496e+04 1.819783e+04 
3.120202e-02 1.723656e+04 1.719155e+04 
3.422222e-02 1.608861e+04 1.623645e+04 
3.724242e-02 1.501328e+04 1.534556e+04 
4.026263e-02 1.404905e+04 1.451858e+04 
4.328283e-02 1.321289e+04 1.375079e+04 
4.630303e-02 1.250017e+04 1.303671e+04 
4.932323e-02 1.191051e+04 1.237124e+04 
5.234343e-02 1.143045e+04 1.174997e+04 
5.536364e-02 1.102341e+04 1.116909e+04 
5.838384e-02 1.066709e+04 1.062531e+04 
6.140404e-02 1.034283e+04 1.011573e+04 
6.442424e-02 1.002988e+04 9.637779e+03 
6.744444e-02 9.710288e+03 9.189127e+03 
7.046465e-02 9.371520e+03 8.767659e+03 
7.348485e-02 9.007384e+03 8.371439e+03 
7.650505e-02 8.618455e+03 7.998688e+03 
7.952525e-02 8.211105e+03 7.647770e+03 
8.254545e-02 7.795508e+03 7.317172e+03 
8.556566e-02 7.382841e+03 7.005499e+03 
8.858586e-02 6.983485e+03 6.711460e+03 
9.160606e-02 6.606451e+03 6.433862e+03 
9.462626e-02 6.258927e+03 6.171601e+03 
9.764646e-02 5.946342e+03 5.923657e+03 
1.006667e-01 5.672705e+03 5.689084e+03 
1.036869e-01 5.439029e+03 5.467008e+03 
1.067071e-01 5.244094e+03 5.256617e+03 
1.097273e-01 5.083227e+03 5.057162e+03 
1.127475e-01 4.950110e+03 4.867946e+03 
1.157677e-01 4.836865e+03 4.688326e+03 
1.187879e-01 4.735800e+03 4.517701e+03 
1.218081e-01 4.639672e+03 4.355517e+03 
1.248283e-01 4.542879e+03 4.201259e+03 
1.278485e-01 4.440977e+03 4.054446e+03 
1.308687e-01 4.331167e+03 3.914634e+03 
1.338889e-01 4.211795e+03 3.781408e+03 
1.369091e-01 4.082977e+03 3.654382e+03 
1.399293e-01 3.945964e+03 3.533197e+03 
1.429495e-01 3.803310e+03 3.417519e+03 
1.459697e-01 3.658198e+03 3.307034e+03 
1.489899e-01 3.514249e+03 3.201451e+03 
1.520101e-01 3.374820e+03 3.100499e+03 
1.550303e-01 3.242998e+03 3.003923e+03 
1.580505e-01 3.121233e+03 2.911485e+03 
1.610707e-01 3.011409e+03 2.822963e+03 
1.640909e-01 2.914372e+03 2.738148e+03 
1.671111e-01 2.830168e+03 2.656846e+03 
1.701313e-01 2.757827e+03 2.578872e+03 
1.731515e-01 2.695730e+03 2.504057e+03 
1.761717e-01 2.641719e+03 2.432238e+03 
1.791919e-01 2.593551e+03 2.363264e+03 
1.822121e-01 2.548987e+03 2.296994e+03 
1.852323e-01 2.505971e+03 2.233293e+03 
1.882525e-01 2.462653e+03 2.172036e+03 
1.912727e-01 2.417600e+03 2.113104e+03 
1.942929e-01 2.369710e+03 2.056386e+03 
1.973131e-01 2.318330e+03 2.001777e+03 
2.003333e-01 2.263417e+03 1.949177e+03 
2.033535e-01 2.205533e+03 1.898492e+03 
2.063737e-01 2.145637e+03 1.849635e+03 
2.093939e-01 2.084910e+03 1.802522e+03 
2.124141e-01 2.024533e+03 1.757075e+03 
2.154343e-01 1.965634e+03 1.713217e+03 
2.184545e-01 1.909194e+03 1.670880e+03 
2.214747e-01 1.856032e+03 1.629995e+03 
2.244949e-01 1.806725e+03 1.590500e+03 
2.275152e-01 1.761634e+03 1.552335e+03 
2.305354e-01 1.720882e+03 1.515443e+03 
2.335556e-01 1.684268e+03 1.479770e+03 
2.365758e-01 1.651355e+03 1.445265e+03 
2.395960e-01 1.621507e+03 1.411878e+03 
2.426162e-01 1.594014e+03 1.379565e+03 
2.456364e-01 1.568158e+03 1.348281e+03 
2.486566e-01 1.543262e+03 1.317985e+03 
2.516768e-01 1.518719e+03 1.288636e+03 
2.546970e-01 1.493999e+03 1.260197e+03 
2.577172e-01 1.468662e+03 1.232633e+03 
2.607374e-01 1.442423e+03 1.205908e+03 
2.637576e-01 1.415144e+03 1.179990e+03 
2.667778e-01 1.386934e+03 1.154849e+03 
2.697980e-01 1.358039e+03 1.130455e+03 
2.728182e-01 1.328846e+03 1.106778e+03 
2.758384e-01 1.299764e+03 1.083794e+03 
2.788586e-01 1.271181e+03 1.061474e+03 
2.818788e-01 1.243418e+03 1.039796e+03 
2.848990e-01 1.216717e+03 1.018736e+03 
2.879192e-01 1.191269e+03 9.982701e+02 
2.909394e-01 1.167223e+03 9.783782e+02 
2.939596e-01 1.144660e+03 9.590395e+02 
2.969798e-01 1.123613e+03 9.402343e+02 
3.000000e-01 1.104018e+03 9.219437e+02 
