1.000000e-03 5.055046e+03 5.054999e+03 
4.020202e-03 1.680144e+04 1.693113e+04 
7.040404e-03 2.454570e+04 2.472857e+04 
1.006061e-02 2.930172e+04 2.953130e+04 
1.308081e-02 3.179733e+04 3.209762e+04 
1.610101e-02 3.257115e+04 3.287283e+04 
1.912121e-02 3.205782e+04 3.219871e+04 
2.214141e-02 3.062947e+04 3.048659e+04 
2.516162e-02 2.860954e+04 2.821912e+04 
2.818182e-02 2.627280e+04 2.581889e+04 
3.120202e-02 2.384223e+04 2.354969e+04 
3.422222e-02 2.148648e+04 2.152225e+04 
3.724242e-02 1.932233e+04 1.975272e+04 
4.026263e-02 1.742135e+04 1.821574e+04 
4.328283e-02 1.580481e+04 1.687483e+04 
4.630303e-02 1.447869e+04 1.569539e+04 
4.932323e-02 1.343975e+04 1.464861e+04 
5.234343e-02 1.264523e+04 1.371169e+04 
5.536364e-02 1.204677e+04 1.286689e+04 
5.838384e-02 1.160076e+04 1.210038e+04 
6.140404e-02 1.126787e+04 1.140123e+04 
6.442424e-02 1.100199e+04 1.076072e+04 
6.744444e-02 1.076138e+04 1.017177e+04 
7.046465e-02 1.051241e+04 9.628526e+03 
7.348485e-02 1.022817e+04 9.126074e+03 
7.650505e-02 9.891513e+03 8.660253e+03 
7.952525e-02 9.495541e+03 8.227485e+03 
8.254545e-02 9.043215e+03 7.824669e+03 
8.556566e-02 8.545395e+03 7.449088e+03 
8.858586e-02 8.017830e+03 7.098351e+03 
9.160606e-02 7.478973e+03 6.770339e+03 
9.462626e-02 6.948140e+03 6.463160e+03 
9.764646e-02 6.443435e+03 6.175125e+03 
1.006667e-01 5.981088e+03 5.904714e+03 
1.036869e-01 5.572700e+03 5.650556e+03 
1.067071e-01 5.225926e+03 5.411414e+03 
1.097273e-01 4.942347e+03 5.186165e+03 
1.127475e-01 4.719779e+03 4.973787e+03 
1.157677e-01 4.552210e+03 4.773352e+03 
1.187879e-01 4.431705e+03 4.584011e+03 
1.218081e-01 4.349016e+03 4.404991e+03 
1.248283e-01 4.293967e+03 4.235580e+03 
1.278485e-01 4.256082e+03 4.075129e+03 
1.308687e-01 4.224924e+03 3.923039e+03 
1.338889e-01 4.190732e+03 3.778761e+03 
1.369091e-01 4.144754e+03 3.641789e+03 
1.399293e-01 4.080773e+03 3.511655e+03 
1.429495e-01 3.994707e+03 3.387929e+03 
1.459697e-01 3.885664e+03 3.270212e+03 
1.489899e-01 3.754832e+03 3.158137e+03 
1.520101e-01 3.605635e+03 3.051360e+03 
1.550303e-01 3.443057e+03 2.949566e+03 
1.580505e-01 3.273166e+03 2.852461e+03 
1.610707e-01 3.102511e+03 2.759771e+03 
1.640909e-01 2.937466e+03 2.671244e+03 
1.671111e-01 2.783594e+03 2.586641e+03 
1.701313e-01 2.645226e+03 2.505744e+03 
1.731515e-01 2.525277e+03 2.428346e+03 
1.761717e-01 2.424836e+03 2.354256e+03 
1.791919e-01 2.343786e+03 2.283295e+03 
1.822121e-01 2.280892e+03 2.215296e+03 
1.852323e-01 2.234238e+03 2.150101e+03 
1.882525e-01 2.201189e+03 2.087564e+03 
1.912727e-01 2.178633e+03 2.027547e+03 
1.942929e-01 2.163107e+03 1.969923e+03 
1.973131e-01 2.150955e+03 1.914569e+03 
2.003333e-01 2.138585e+03 1.861372e+03 
2.033535e-01 2.122771e+03 1.810226e+03 
2.063737e-01 2.100942e+03 1.761030e+03 
2.093939e-01 2.071331e+03 1.713689e+03 
2.124141e-01 2.033180e+03 1.668116e+03 
2.154343e-01 1.986489e+03 1.624225e+03 
2.184545e-01 1.932133e+03 1.581937e+03 
2.214747e-01 1.871521e+03 1.541180e+03 
2.244949e-01 1.806619e+03 1.501881e+03 
2.275152e-01 1.739604e+03 1.463975e+03 
2.305354e-01 1.672754e+03 1.427398e+03 
2.335556e-01 1.608152e+03 1.392092e+03 
2.365758e-01 1.547648e+03 1.358001e+03 
2.395960e-01 1.492642e+03 1.325070e+03 
2.426162e-01 1.444112e+03 1.293250e+03 
2.456364e-01 1.402563e+03 1.262493e+03 
2.486566e-01 1.368054e+03 1.232754e+03 
2.516768e-01 1.340290e+03 1.203989e+03 
2.546970e-01 1.318527e+03 1.176159e+03 
2.577172e-01 1.301757e+03 1.149224e+03 
2.607374e-01 1.288706e+03 1.123148e+03 
2.637576e-01 1.278019e+03 1.097896e+03 
2.667778e-01 1.268318e+03 1.073435e+03 
2.697980e-01 1.258362e+03 1.049732e+03 
2.728182e-01 1.247066e+03 1.026758e+03 
2.758384e-01 1.233631e+03 1.004485e+03 
2.788586e-01 1.217485e+03 9.828853e+02 
2.818788e-01 1.198308e+03 9.619325e+02 
2.848990e-01 1.176072e+03 9.416021e+02 
2.879192e-01 1.150987e+03 9.218706e+02 
2.909394e-01 1.123559e+03 9.027154e+02 
2.939596e-01 1.094454e+03 8.841150e+02 
2.969798e-01 1.064490e+03 8.660489e+02 
3.000000e-01 1.034510e+03 8.484975e+02 
