1.000000e-03 4.434729e+03 4.434686e+03 
4.020202e-03 1.483849e+04 1.495257e+04 
7.040404e-03 2.172867e+04 2.188432e+04 
1.006061e-02 2.598144e+04 2.616391e+04 
1.308081e-02 2.824142e+04 2.846241e+04 
1.610101e-02 2.898861e+04 2.918443e+04 
1.912121e-02 2.860864e+04 2.865150e+04 
2.214141e-02 2.743043e+04 2.724297e+04 
2.516162e-02 2.573814e+04 2.538037e+04 
2.818182e-02 2.377057e+04 2.341241e+04 
3.120202e-02 2.172094e+04 2.154590e+04 
3.422222e-02 1.973422e+04 1.986382e+04 
3.724242e-02 1.790945e+04 1.837740e+04 
4.026263e-02 1.630743e+04 1.706781e+04 
4.328283e-02 1.494505e+04 1.590864e+04 
4.630303e-02 1.382554e+04 1.487501e+04 
4.932323e-02 1.294789e+04 1.394623e+04 
5.234343e-02 1.227147e+04 1.310580e+04 
5.536364e-02 1.175213e+04 1.234077e+04 
5.838384e-02 1.135177e+04 1.164090e+04 
6.140404e-02 1.103534e+04 1.099798e+04 
6.442424e-02 1.076313e+04 1.040534e+04 
6.744444e-02 1.049930e+04 9.857449e+03 
7.046465e-02 1.021655e+04 9.349678e+03 
7.348485e-02 9.894969e+03 8.878065e+03 
7.650505e-02 9.524025e+03 8.439199e+03 
7.952525e-02 9.102663e+03 8.030106e+03 
8.254545e-02 8.638559e+03 7.648170e+03 
8.556566e-02 8.144806e+03 7.291076e+03 
8.858586e-02 7.637303e+03 6.956763e+03 
9.160606e-02 7.133031e+03 6.643384e+03 
9.462626e-02 6.648552e+03 6.349282e+03 
9.764646e-02 6.198655e+03 6.072958e+03 
1.006667e-01 5.795441e+03 5.813061e+03 
1.036869e-01 5.446818e+03 5.568361e+03 
1.067071e-01 5.156901e+03 5.337742e+03 
1.097273e-01 4.924248e+03 5.120187e+03 
1.127475e-01 4.744342e+03 4.914765e+03 
1.157677e-01 4.609602e+03 4.720629e+03 
1.187879e-01 4.511127e+03 4.536999e+03 
1.218081e-01 4.439053e+03 4.363162e+03 
1.248283e-01 4.383577e+03 4.198461e+03 
1.278485e-01 4.335091e+03 4.042294e+03 
1.308687e-01 4.284637e+03 3.894105e+03 
1.338889e-01 4.224400e+03 3.753381e+03 
1.369091e-01 4.148470e+03 3.619650e+03 
1.399293e-01 4.053447e+03 3.492473e+03 
1.429495e-01 3.938300e+03 3.371448e+03 
1.459697e-01 3.804615e+03 3.256198e+03 
1.489899e-01 3.655583e+03 3.146378e+03 
1.520101e-01 3.496044e+03 3.041663e+03 
1.550303e-01 3.331449e+03 2.941755e+03 
1.580505e-01 3.167645e+03 2.846376e+03 
1.610707e-01 3.010185e+03 2.755265e+03 
1.640909e-01 2.864129e+03 2.668183e+03 
1.671111e-01 2.733108e+03 2.584904e+03 
1.701313e-01 2.619581e+03 2.505217e+03 
1.731515e-01 2.524326e+03 2.428928e+03 
1.761717e-01 2.446952e+03 2.355852e+03 
1.791919e-01 2.385976e+03 2.285819e+03 
1.822121e-01 2.339213e+03 2.218668e+03 
1.852323e-01 2.304011e+03 2.154248e+03 
1.882525e-01 2.277271e+03 2.092420e+03 
1.912727e-01 2.255724e+03 2.033050e+03 
1.942929e-01 2.236011e+03 1.976016e+03 
1.973131e-01 2.215005e+03 1.921200e+03 
2.003333e-01 2.189920e+03 1.868493e+03 
2.033535e-01 2.158831e+03 1.817793e+03 
2.063737e-01 2.120510e+03 1.769001e+03 
2.093939e-01 2.074747e+03 1.722027e+03 
2.124141e-01 2.021995e+03 1.676785e+03 
2.154343e-01 1.963391e+03 1.633194e+03 
2.184545e-01 1.900528e+03 1.591177e+03 
2.214747e-01 1.835301e+03 1.550662e+03 
2.244949e-01 1.769738e+03 1.511580e+03 
2.275152e-01 1.705816e+03 1.473868e+03 
2.305354e-01 1.645285e+03 1.437464e+03 
2.335556e-01 1.589542e+03 1.402310e+03 
2.365758e-01 1.539580e+03 1.368352e+03 
2.395960e-01 1.495910e+03 1.335538e+03 
2.426162e-01 1.458687e+03 1.303818e+03 
2.456364e-01 1.427640e+03 1.273147e+03 
2.486566e-01 1.402214e+03 1.243481e+03 
2.516768e-01 1.381538e+03 1.214776e+03 
2.546970e-01 1.364525e+03 1.186995e+03 
2.577172e-01 1.349926e+03 1.160097e+03 
2.607374e-01 1.336463e+03 1.134049e+03 
2.637576e-01 1.322918e+03 1.108816e+03 
2.667778e-01 1.308294e+03 1.084364e+03 
2.697980e-01 1.291830e+03 1.060664e+03 
2.728182e-01 1.273056e+03 1.037686e+03 
2.758384e-01 1.251777e+03 1.015402e+03 
2.788586e-01 1.228007e+03 9.937845e+02 
2.818788e-01 1.201984e+03 9.728087e+02 
2.848990e-01 1.174103e+03 9.524502e+02 
2.879192e-01 1.144955e+03 9.326857e+02 
2.909394e-01 1.115224e+03 9.134932e+02 
2.939596e-01 1.085653e+03 8.948515e+02 
2.969798e-01 1.056956e+03 8.767404e+02 
3.000000e-01 1.029772e+03 8.591406e+02 
