1.000000e-03 7.581222e+03 7.581144e+03 
4.020202e-03 2.523649e+04 2.543592e+04 
7.040404e-03 3.674174e+04 3.704113e+04 
1.006061e-02 4.364058e+04 4.407300e+04 
1.308081e-02 4.704504e+04 4.769205e+04 
1.610101e-02 4.777805e+04 4.854281e+04 
1.912121e-02 4.650929e+04 4.707962e+04 
2.214141e-02 4.382022e+04 4.387515e+04 
2.516162e-02 4.022290e+04 3.968996e+04 
2.818182e-02 3.615992e+04 3.527654e+04 
3.120202e-02 3.199293e+04 3.115660e+04 
3.422222e-02 2.799617e+04 2.756741e+04 
3.724242e-02 2.435878e+04 2.454457e+04 
4.026263e-02 2.119287e+04 2.202668e+04 
4.328283e-02 1.853120e+04 1.992456e+04 
4.630303e-02 1.637724e+04 1.815351e+04 
4.932323e-02 1.471116e+04 1.664367e+04 
5.234343e-02 1.346839e+04 1.534076e+04 
5.536364e-02 1.257861e+04 1.420358e+04 
5.838384e-02 1.197348e+04 1.320096e+04 
6.140404e-02 1.158639e+04 1.230924e+04 
6.442424e-02 1.135010e+04 1.151021e+04 
6.744444e-02 1.120484e+04 1.078969e+04 
7.046465e-02 1.109709e+04 1.013643e+04 
7.348485e-02 1.097744e+04 9.541414e+03 
7.650505e-02 1.080448e+04 8.997274e+03 
7.952525e-02 1.054826e+04 8.497924e+03 
8.254545e-02 1.019226e+04 8.038271e+03 
8.556566e-02 9.734675e+03 7.614007e+03 
8.858586e-02 9.187225e+03 7.221450e+03 
9.160606e-02 8.571640e+03 6.857429e+03 
9.462626e-02 7.915855e+03 6.519187e+03 
9.764646e-02 7.250026e+03 6.204318e+03 
1.006667e-01 6.604114e+03 5.910703e+03 
1.036869e-01 6.002862e+03 5.636472e+03 
1.067071e-01 5.465756e+03 5.379963e+03 
1.097273e-01 5.005024e+03 5.139692e+03 
1.127475e-01 4.626350e+03 4.914334e+03 
1.157677e-01 4.329988e+03 4.702698e+03 
1.187879e-01 4.111547e+03 4.503711e+03 
1.218081e-01 3.963967e+03 4.316404e+03 
1.248283e-01 3.877622e+03 4.139899e+03 
1.278485e-01 3.841232e+03 3.973401e+03 
1.308687e-01 3.842035e+03 3.816184e+03 
1.338889e-01 3.866475e+03 3.667589e+03 
1.369091e-01 3.900802e+03 3.527013e+03 
1.399293e-01 3.931968e+03 3.393905e+03 
1.429495e-01 3.948277e+03 3.267759e+03 
1.459697e-01 3.940072e+03 3.148112e+03 
1.489899e-01 3.900401e+03 3.034537e+03 
1.520101e-01 3.824870e+03 2.926643e+03 
1.550303e-01 3.713008e+03 2.824069e+03 
1.580505e-01 3.567360e+03 2.726479e+03 
1.610707e-01 3.394352e+03 2.633567e+03 
1.640909e-01 3.202518e+03 2.545048e+03 
1.671111e-01 3.001906e+03 2.460656e+03 
1.701313e-01 2.802218e+03 2.380148e+03 
1.731515e-01 2.612220e+03 2.303295e+03 
1.761717e-01 2.438326e+03 2.229887e+03 
1.791919e-01 2.285202e+03 2.159728e+03 
1.822121e-01 2.155626e+03 2.092634e+03 
1.852323e-01 2.050898e+03 2.028435e+03 
1.882525e-01 1.971191e+03 1.966971e+03 
1.912727e-01 1.915418e+03 1.908096e+03 
1.942929e-01 1.881534e+03 1.851669e+03 
1.973131e-01 1.866315e+03 1.797562e+03 
2.003333e-01 1.865753e+03 1.745653e+03 
2.033535e-01 1.875238e+03 1.695827e+03 
2.063737e-01 1.889936e+03 1.647980e+03 
2.093939e-01 1.905101e+03 1.602010e+03 
2.124141e-01 1.916462e+03 1.557823e+03 
2.154343e-01 1.920345e+03 1.515333e+03 
2.184545e-01 1.913804e+03 1.474454e+03 
2.214747e-01 1.894891e+03 1.435111e+03 
2.244949e-01 1.862539e+03 1.397228e+03 
2.275152e-01 1.817046e+03 1.360738e+03 
2.305354e-01 1.759689e+03 1.325574e+03 
2.335556e-01 1.692859e+03 1.291676e+03 
2.365758e-01 1.619558e+03 1.258985e+03 
2.395960e-01 1.543156e+03 1.227446e+03 
2.426162e-01 1.466889e+03 1.197007e+03 
2.456364e-01 1.393717e+03 1.167620e+03 
2.486566e-01 1.326049e+03 1.139239e+03 
2.516768e-01 1.265749e+03 1.111818e+03 
2.546970e-01 1.214113e+03 1.085317e+03 
2.577172e-01 1.171781e+03 1.059697e+03 
2.607374e-01 1.138912e+03 1.034919e+03 
2.637576e-01 1.115070e+03 1.010949e+03 
2.667778e-01 1.099415e+03 9.877530e+02 
2.697980e-01 1.090687e+03 9.652989e+02 
2.728182e-01 1.087367e+03 9.435565e+02 
2.758384e-01 1.087773e+03 9.224970e+02 
2.788586e-01 1.090171e+03 9.020929e+02 
2.818788e-01 1.092858e+03 8.823183e+02 
2.848990e-01 1.094225e+03 8.631482e+02 
2.879192e-01 1.092862e+03 8.445590e+02 
2.909394e-01 1.087586e+03 8.265283e+02 
2.939596e-01 1.077615e+03 8.090346e+02 
2.969798e-01 1.062514e+03 7.920574e+02 
3.000000e-01 1.042368e+03 7.755773e+02 
