1.000000e-03 2.135024e+03 2.135002e+03 
4.020202e-03 7.175885e+03 7.232631e+03 
7.040404e-03 1.057013e+04 1.062937e+04 
1.006061e-02 1.276581e+04 1.277661e+04 
1.308081e-02 1.409664e+04 1.403479e+04 
1.610101e-02 1.480117e+04 1.465711e+04 
1.912121e-02 1.505393e+04 1.483724e+04 
2.214141e-02 1.498837e+04 1.473008e+04 
2.516162e-02 1.470793e+04 1.444854e+04 
2.818182e-02 1.429149e+04 1.406535e+04 
3.120202e-02 1.379943e+04 1.362450e+04 
3.422222e-02 1.327506e+04 1.315277e+04 
3.724242e-02 1.274749e+04 1.266714e+04 
4.026263e-02 1.223535e+04 1.217883e+04 
4.328283e-02 1.174718e+04 1.169538e+04 
4.630303e-02 1.128299e+04 1.122195e+04 
4.932323e-02 1.084864e+04 1.076196e+04 
5.234343e-02 1.044109e+04 1.031762e+04 
5.536364e-02 1.004522e+04 9.890279e+03 
5.838384e-02 9.659555e+03 9.480629e+03 
6.140404e-02 9.288090e+03 9.088913e+03 
6.442424e-02 8.928106e+03 8.715043e+03 
6.744444e-02 8.576425e+03 8.358700e+03 
7.046465e-02 8.232232e+03 8.019405e+03 
7.348485e-02 7.896751e+03 7.696571e+03 
7.650505e-02 7.573094e+03 7.389547e+03 
7.952525e-02 7.265172e+03 7.097642e+03 
8.254545e-02 6.976644e+03 6.820149e+03 
8.556566e-02 6.708416e+03 6.556359e+03 
8.858586e-02 6.459856e+03 6.305573e+03 
9.160606e-02 6.228663e+03 6.067110e+03 
9.462626e-02 6.012825e+03 5.840312e+03 
9.764646e-02 5.810898e+03 5.624547e+03 
1.006667e-01 5.621696e+03 5.419210e+03 
1.036869e-01 5.444018e+03 5.223726e+03 
1.067071e-01 5.275966e+03 5.037551e+03 
1.097273e-01 5.115297e+03 4.860168e+03 
1.127475e-01 4.959477e+03 4.691089e+03 
1.157677e-01 4.806825e+03 4.529855e+03 
1.187879e-01 4.656712e+03 4.376033e+03 
1.218081e-01 4.509135e+03 4.229214e+03 
1.248283e-01 4.365155e+03 4.089016e+03 
1.278485e-01 4.225877e+03 3.955078e+03 
1.308687e-01 4.092161e+03 3.827060e+03 
1.338889e-01 3.964731e+03 3.704645e+03 
1.369091e-01 3.843809e+03 3.587533e+03 
1.399293e-01 3.729416e+03 3.475443e+03 
1.429495e-01 3.621256e+03 3.368109e+03 
1.459697e-01 3.518862e+03 3.265285e+03 
1.489899e-01 3.421791e+03 3.166736e+03 
1.520101e-01 3.329625e+03 3.072243e+03 
1.550303e-01 3.241958e+03 2.981599e+03 
1.580505e-01 3.158399e+03 2.894610e+03 
1.610707e-01 3.078465e+03 2.811092e+03 
1.640909e-01 3.001468e+03 2.730873e+03 
1.671111e-01 2.926747e+03 2.653791e+03 
1.701313e-01 2.853851e+03 2.579693e+03 
1.731515e-01 2.782441e+03 2.508435e+03 
1.761717e-01 2.712626e+03 2.439880e+03 
1.791919e-01 2.644672e+03 2.373900e+03 
1.822121e-01 2.578775e+03 2.310375e+03 
1.852323e-01 2.515080e+03 2.249189e+03 
1.882525e-01 2.453602e+03 2.190235e+03 
1.912727e-01 2.394231e+03 2.133409e+03 
1.942929e-01 2.336915e+03 2.078617e+03 
1.973131e-01 2.281706e+03 2.025765e+03 
2.003333e-01 2.228651e+03 1.974769e+03 
2.033535e-01 2.177773e+03 1.925545e+03 
2.063737e-01 2.129043e+03 1.878015e+03 
2.093939e-01 2.082240e+03 1.832107e+03 
2.124141e-01 2.037095e+03 1.787751e+03 
2.154343e-01 1.993367e+03 1.744880e+03 
2.184545e-01 1.950838e+03 1.703432e+03 
2.214747e-01 1.909430e+03 1.663346e+03 
2.244949e-01 1.869159e+03 1.624567e+03 
2.275152e-01 1.830014e+03 1.587040e+03 
2.305354e-01 1.791948e+03 1.550714e+03 
2.335556e-01 1.754910e+03 1.515541e+03 
2.365758e-01 1.718852e+03 1.481474e+03 
2.395960e-01 1.683735e+03 1.448469e+03 
2.426162e-01 1.649563e+03 1.416485e+03 
2.456364e-01 1.616348e+03 1.385480e+03 
2.486566e-01 1.584101e+03 1.355418e+03 
2.516768e-01 1.552828e+03 1.326261e+03 
2.546970e-01 1.522505e+03 1.297975e+03 
2.577172e-01 1.493088e+03 1.270527e+03 
2.607374e-01 1.464534e+03 1.243886e+03 
2.637576e-01 1.436802e+03 1.218022e+03 
2.667778e-01 1.409852e+03 1.192905e+03 
2.697980e-01 1.383645e+03 1.168508e+03 
2.728182e-01 1.358145e+03 1.144805e+03 
2.758384e-01 1.333316e+03 1.121771e+03 
2.788586e-01 1.309121e+03 1.099382e+03 
2.818788e-01 1.285531e+03 1.077614e+03 
2.848990e-01 1.262515e+03 1.056447e+03 
2.879192e-01 1.240054e+03 1.035858e+03 
2.909394e-01 1.218130e+03 1.015828e+03 
2.939596e-01 1.196732e+03 9.963378e+02 
2.969798e-01 1.175852e+03 9.773681e+02 
3.000000e-01 1.155485e+03 9.589015e+02 
