1.000000e-03 5.519292e+03 5.519231e+03 
4.020202e-03 1.816194e+04 1.830300e+04 
7.040404e-03 2.630746e+04 2.650118e+04 
1.006061e-02 3.116654e+04 3.140555e+04 
1.308081e-02 3.358298e+04 3.388849e+04 
1.610101e-02 3.416895e+04 3.445798e+04 
1.912121e-02 3.341054e+04 3.350964e+04 
2.214141e-02 3.171875e+04 3.151427e+04 
2.516162e-02 2.944449e+04 2.900240e+04 
2.818182e-02 2.688201e+04 2.641513e+04 
3.120202e-02 2.426560e+04 2.401059e+04 
3.422222e-02 2.176827e+04 2.188528e+04 
3.724242e-02 1.950546e+04 2.004259e+04 
4.026263e-02 1.754419e+04 1.844855e+04 
4.328283e-02 1.589705e+04 1.706145e+04 
4.630303e-02 1.456483e+04 1.584361e+04 
4.932323e-02 1.353884e+04 1.476436e+04 
5.234343e-02 1.276425e+04 1.379974e+04 
5.536364e-02 1.219029e+04 1.293118e+04 
5.838384e-02 1.176989e+04 1.214422e+04 
6.140404e-02 1.145262e+04 1.142747e+04 
6.442424e-02 1.119120e+04 1.077183e+04 
6.744444e-02 1.094469e+04 1.016986e+04 
7.046465e-02 1.067941e+04 9.615443e+03 
7.348485e-02 1.036945e+04 9.103421e+03 
7.650505e-02 9.999309e+03 8.629423e+03 
7.952525e-02 9.564503e+03 8.189691e+03 
8.254545e-02 9.071173e+03 7.780965e+03 
8.556566e-02 8.533745e+03 7.400393e+03 
8.858586e-02 7.971525e+03 7.045464e+03 
9.160606e-02 7.405959e+03 6.713956e+03 
9.462626e-02 6.858511e+03 6.403888e+03 
9.764646e-02 6.347935e+03 6.113491e+03 
1.006667e-01 5.889797e+03 5.841178e+03 
1.036869e-01 5.493614e+03 5.585518e+03 
1.067071e-01 5.164490e+03 5.345221e+03 
1.097273e-01 4.901654e+03 5.119119e+03 
1.127475e-01 4.700913e+03 4.906152e+03 
1.157677e-01 4.554781e+03 4.705356e+03 
1.187879e-01 4.453917e+03 4.515852e+03 
1.218081e-01 4.387739e+03 4.336838e+03 
1.248283e-01 4.344785e+03 4.167583e+03 
1.278485e-01 4.313411e+03 4.007415e+03 
1.308687e-01 4.282238e+03 3.855717e+03 
1.338889e-01 4.241469e+03 3.711925e+03 
1.369091e-01 4.183244e+03 3.575519e+03 
1.399293e-01 4.102887e+03 3.446019e+03 
1.429495e-01 3.998105e+03 3.322984e+03 
1.459697e-01 3.869723e+03 3.206007e+03 
1.489899e-01 3.720453e+03 3.094710e+03 
1.520101e-01 3.555001e+03 2.988745e+03 
1.550303e-01 3.379442e+03 2.887790e+03 
1.580505e-01 3.200791e+03 2.791544e+03 
1.610707e-01 3.026239e+03 2.699729e+03 
1.640909e-01 2.862427e+03 2.612089e+03 
1.671111e-01 2.714409e+03 2.528381e+03 
1.701313e-01 2.585552e+03 2.448384e+03 
1.731515e-01 2.477349e+03 2.371888e+03 
1.761717e-01 2.389679e+03 2.298700e+03 
1.791919e-01 2.321360e+03 2.228638e+03 
1.822121e-01 2.270391e+03 2.161533e+03 
1.852323e-01 2.234244e+03 2.097227e+03 
1.882525e-01 2.209775e+03 2.035572e+03 
1.912727e-01 2.193397e+03 1.976429e+03 
1.942929e-01 2.181172e+03 1.919668e+03 
1.973131e-01 2.169137e+03 1.865167e+03 
2.003333e-01 2.153600e+03 1.812812e+03 
2.033535e-01 2.131758e+03 1.762497e+03 
2.063737e-01 2.101698e+03 1.714119e+03 
2.093939e-01 2.062608e+03 1.667584e+03 
2.124141e-01 2.014636e+03 1.622803e+03 
2.154343e-01 1.958666e+03 1.579692e+03 
2.184545e-01 1.896246e+03 1.538172e+03 
2.214747e-01 1.829294e+03 1.498167e+03 
2.244949e-01 1.760096e+03 1.459608e+03 
2.275152e-01 1.690997e+03 1.422429e+03 
2.305354e-01 1.624312e+03 1.386565e+03 
2.335556e-01 1.561986e+03 1.351959e+03 
2.365758e-01 1.505607e+03 1.318553e+03 
2.395960e-01 1.456133e+03 1.286296e+03 
2.426162e-01 1.414064e+03 1.255136e+03 
2.456364e-01 1.379350e+03 1.225026e+03 
2.486566e-01 1.351524e+03 1.195921e+03 
2.516768e-01 1.329772e+03 1.167778e+03 
2.546970e-01 1.312986e+03 1.140557e+03 
2.577172e-01 1.299892e+03 1.114219e+03 
2.607374e-01 1.289053e+03 1.088728e+03 
2.637576e-01 1.279064e+03 1.064049e+03 
2.667778e-01 1.268610e+03 1.040148e+03 
2.697980e-01 1.256591e+03 1.016996e+03 
2.728182e-01 1.242122e+03 9.945606e+02 
2.758384e-01 1.224693e+03 9.728150e+02 
2.788586e-01 1.204064e+03 9.517317e+02 
2.818788e-01 1.180327e+03 9.312850e+02 
2.848990e-01 1.153826e+03 9.114504e+02 
2.879192e-01 1.125134e+03 8.922044e+02 
2.909394e-01 1.094998e+03 8.735248e+02 
2.939596e-01 1.064248e+03 8.553903e+02 
2.969798e-01 1.033735e+03 8.377805e+02 
3.000000e-01 1.004258e+03 8.206760e+02 
