1.000000e-03 4.175853e+03 4.175807e+03 
4.020202e-03 1.384276e+04 1.395046e+04 
7.040404e-03 2.012489e+04 2.026209e+04 
1.006061e-02 2.393350e+04 2.407049e+04 
1.308081e-02 2.591914e+04 2.605263e+04 
1.610101e-02 2.655103e+04 2.662623e+04 
1.912121e-02 2.619682e+04 2.612634e+04 
2.214141e-02 2.515830e+04 2.491796e+04 
2.516162e-02 2.368943e+04 2.336577e+04 
2.818182e-02 2.199872e+04 2.174363e+04 
3.120202e-02 2.025073e+04 2.020113e+04 
3.422222e-02 1.856637e+04 1.879409e+04 
3.724242e-02 1.702586e+04 1.752889e+04 
4.026263e-02 1.567672e+04 1.639272e+04 
4.328283e-02 1.453236e+04 1.536830e+04 
4.630303e-02 1.358487e+04 1.443946e+04 
4.932323e-02 1.283410e+04 1.359267e+04 
5.234343e-02 1.224604e+04 1.281701e+04 
5.536364e-02 1.177412e+04 1.210366e+04 
5.838384e-02 1.139028e+04 1.144544e+04 
6.140404e-02 1.105832e+04 1.083643e+04 
6.442424e-02 1.074441e+04 1.027165e+04 
6.744444e-02 1.042462e+04 9.746858e+03 
7.046465e-02 1.008009e+04 9.258364e+03 
7.348485e-02 9.699390e+03 8.802956e+03 
7.650505e-02 9.279221e+03 8.377792e+03 
7.952525e-02 8.824245e+03 7.980345e+03 
8.254545e-02 8.345217e+03 7.608354e+03 
8.556566e-02 7.856367e+03 7.259784e+03 
8.858586e-02 7.373000e+03 6.932802e+03 
9.160606e-02 6.909723e+03 6.625746e+03 
9.462626e-02 6.479145e+03 6.337108e+03 
9.764646e-02 6.091573e+03 6.065519e+03 
1.006667e-01 5.753616e+03 5.809726e+03 
1.036869e-01 5.468706e+03 5.568590e+03 
1.067071e-01 5.235512e+03 5.341066e+03 
1.097273e-01 5.049890e+03 5.126200e+03 
1.127475e-01 4.904385e+03 4.923114e+03 
1.157677e-01 4.790419e+03 4.731005e+03 
1.187879e-01 4.698637e+03 4.549132e+03 
1.218081e-01 4.619887e+03 4.376814e+03 
1.248283e-01 4.545388e+03 4.213426e+03 
1.278485e-01 4.467493e+03 4.058388e+03 
1.308687e-01 4.379709e+03 3.911166e+03 
1.338889e-01 4.278105e+03 3.771268e+03 
1.369091e-01 4.160644e+03 3.638236e+03 
1.399293e-01 4.028003e+03 3.511648e+03 
1.429495e-01 3.882443e+03 3.391112e+03 
1.459697e-01 3.727733e+03 3.276265e+03 
1.489899e-01 3.568209e+03 3.166770e+03 
1.520101e-01 3.408530e+03 3.062312e+03 
1.550303e-01 3.253323e+03 2.962600e+03 
1.580505e-01 3.106984e+03 2.867362e+03 
1.610707e-01 2.973211e+03 2.776346e+03 
1.640909e-01 2.854738e+03 2.689315e+03 
1.671111e-01 2.752885e+03 2.606050e+03 
1.701313e-01 2.667559e+03 2.526345e+03 
1.731515e-01 2.597417e+03 2.450008e+03 
1.761717e-01 2.540249e+03 2.376858e+03 
1.791919e-01 2.493408e+03 2.306728e+03 
1.822121e-01 2.454134e+03 2.239460e+03 
1.852323e-01 2.419659e+03 2.174906e+03 
1.882525e-01 2.387278e+03 2.112928e+03 
1.912727e-01 2.354440e+03 2.053395e+03 
1.942929e-01 2.318825e+03 1.996186e+03 
1.973131e-01 2.278684e+03 1.941185e+03 
2.003333e-01 2.232828e+03 1.888284e+03 
2.033535e-01 2.181176e+03 1.837383e+03 
2.063737e-01 2.124275e+03 1.788384e+03 
2.093939e-01 2.063353e+03 1.741198e+03 
2.124141e-01 1.999898e+03 1.695739e+03 
2.154343e-01 1.935594e+03 1.651927e+03 
2.184545e-01 1.872036e+03 1.609688e+03 
2.214747e-01 1.810699e+03 1.568947e+03 
2.244949e-01 1.752826e+03 1.529639e+03 
2.275152e-01 1.699457e+03 1.491700e+03 
2.305354e-01 1.651256e+03 1.455068e+03 
2.335556e-01 1.608589e+03 1.419686e+03 
2.365758e-01 1.571390e+03 1.385500e+03 
2.395960e-01 1.539293e+03 1.352459e+03 
2.426162e-01 1.511629e+03 1.320513e+03 
2.456364e-01 1.487528e+03 1.289618e+03 
2.486566e-01 1.465996e+03 1.259728e+03 
2.516768e-01 1.446010e+03 1.230802e+03 
2.546970e-01 1.426572e+03 1.202800e+03 
2.577172e-01 1.406799e+03 1.175685e+03 
2.607374e-01 1.385975e+03 1.149421e+03 
2.637576e-01 1.363635e+03 1.123974e+03 
2.667778e-01 1.339551e+03 1.099312e+03 
2.697980e-01 1.313712e+03 1.075403e+03 
2.728182e-01 1.286329e+03 1.052219e+03 
2.758384e-01 1.257751e+03 1.029730e+03 
2.788586e-01 1.228454e+03 1.007912e+03 
2.818788e-01 1.198954e+03 9.867380e+02 
2.848990e-01 1.169785e+03 9.661838e+02 
2.879192e-01 1.141451e+03 9.462265e+02 
2.909394e-01 1.114410e+03 9.268438e+02 
2.939596e-01 1.089008e+03 9.080146e+02 
2.969798e-01 1.065489e+03 8.897189e+02 
3.000000e-01 1.043940e+03 8.719372e+02 
