1.000000e-03 3.506502e+03 3.506468e+03 
4.020202e-03 1.192569e+04 1.201731e+04 
7.040404e-03 1.766522e+04 1.778968e+04 
1.006061e-02 2.134120e+04 2.147600e+04 
1.308081e-02 2.343360e+04 2.358271e+04 
1.610101e-02 2.430739e+04 2.442790e+04 
1.912121e-02 2.425871e+04 2.426323e+04 
2.214141e-02 2.354076e+04 2.337620e+04 
2.516162e-02 2.237282e+04 2.208413e+04 
2.818182e-02 2.094245e+04 2.065449e+04 
3.120202e-02 1.940280e+04 1.925355e+04 
3.422222e-02 1.787250e+04 1.795628e+04 
3.724242e-02 1.643553e+04 1.678217e+04 
4.026263e-02 1.514708e+04 1.572552e+04 
4.328283e-02 1.403090e+04 1.477244e+04 
4.630303e-02 1.308921e+04 1.390833e+04 
4.932323e-02 1.232842e+04 1.312043e+04 
5.234343e-02 1.172819e+04 1.239825e+04 
5.536364e-02 1.125168e+04 1.173335e+04 
5.838384e-02 1.086745e+04 1.111892e+04 
6.140404e-02 1.055040e+04 1.054938e+04 
6.442424e-02 1.027437e+04 1.002010e+04 
6.744444e-02 1.000970e+04 9.527205e+03 
7.046465e-02 9.733495e+03 9.067337e+03 
7.348485e-02 9.429285e+03 8.637599e+03 
7.650505e-02 9.087451e+03 8.235442e+03 
7.952525e-02 8.707009e+03 7.858608e+03 
8.254545e-02 8.293937e+03 7.505080e+03 
8.556566e-02 7.858770e+03 7.173048e+03 
8.858586e-02 7.414270e+03 6.860876e+03 
9.160606e-02 6.973467e+03 6.567084e+03 
9.462626e-02 6.548594e+03 6.290323e+03 
9.764646e-02 6.150722e+03 6.029368e+03 
1.006667e-01 5.789054e+03 5.783096e+03 
1.036869e-01 5.470921e+03 5.550482e+03 
1.067071e-01 5.199909e+03 5.330584e+03 
1.097273e-01 4.976882e+03 5.122539e+03 
1.127475e-01 4.798521e+03 4.925552e+03 
1.157677e-01 4.659355e+03 4.738891e+03 
1.187879e-01 4.551609e+03 4.561883e+03 
1.218081e-01 4.466973e+03 4.393906e+03 
1.248283e-01 4.396910e+03 4.234384e+03 
1.278485e-01 4.333594e+03 4.082786e+03 
1.308687e-01 4.269854e+03 3.938621e+03 
1.338889e-01 4.199803e+03 3.801432e+03 
1.369091e-01 4.118672e+03 3.670797e+03 
1.399293e-01 4.023616e+03 3.546325e+03 
1.429495e-01 3.913440e+03 3.427650e+03 
1.459697e-01 3.788932e+03 3.314433e+03 
1.489899e-01 3.652418e+03 3.206360e+03 
1.520101e-01 3.507431e+03 3.103137e+03 
1.550303e-01 3.358300e+03 3.004490e+03 
1.580505e-01 3.209659e+03 2.910164e+03 
1.610707e-01 3.065999e+03 2.819921e+03 
1.640909e-01 2.931360e+03 2.733538e+03 
1.671111e-01 2.808900e+03 2.650808e+03 
1.701313e-01 2.700712e+03 2.571534e+03 
1.731515e-01 2.607730e+03 2.495536e+03 
1.761717e-01 2.529754e+03 2.422641e+03 
1.791919e-01 2.465777e+03 2.352691e+03 
1.822121e-01 2.414032e+03 2.285534e+03 
1.852323e-01 2.372386e+03 2.221031e+03 
1.882525e-01 2.338403e+03 2.159047e+03 
1.912727e-01 2.309479e+03 2.099459e+03 
1.942929e-01 2.282850e+03 2.042150e+03 
1.973131e-01 2.255935e+03 1.987008e+03 
2.003333e-01 2.226400e+03 1.933931e+03 
2.033535e-01 2.192550e+03 1.882819e+03 
2.063737e-01 2.153221e+03 1.833582e+03 
2.093939e-01 2.108193e+03 1.786131e+03 
2.124141e-01 2.057759e+03 1.740385e+03 
2.154343e-01 2.002809e+03 1.696266e+03 
2.184545e-01 1.944511e+03 1.653700e+03 
2.214747e-01 1.884282e+03 1.612617e+03 
2.244949e-01 1.823624e+03 1.572953e+03 
2.275152e-01 1.764071e+03 1.534645e+03 
2.305354e-01 1.707052e+03 1.497634e+03 
2.335556e-01 1.653836e+03 1.461864e+03 
2.365758e-01 1.605317e+03 1.427282e+03 
2.395960e-01 1.562067e+03 1.393839e+03 
2.426162e-01 1.524224e+03 1.361485e+03 
2.456364e-01 1.491591e+03 1.330177e+03 
2.486566e-01 1.463680e+03 1.299871e+03 
2.516768e-01 1.439825e+03 1.270527e+03 
2.546970e-01 1.419241e+03 1.242105e+03 
2.577172e-01 1.401017e+03 1.214568e+03 
2.607374e-01 1.384201e+03 1.187882e+03 
2.637576e-01 1.367825e+03 1.162012e+03 
2.667778e-01 1.351008e+03 1.136928e+03 
2.697980e-01 1.332998e+03 1.112599e+03 
2.728182e-01 1.313303e+03 1.088995e+03 
2.758384e-01 1.291656e+03 1.066089e+03 
2.788586e-01 1.268085e+03 1.043855e+03 
2.818788e-01 1.242785e+03 1.022268e+03 
2.848990e-01 1.216129e+03 1.001303e+03 
2.879192e-01 1.188554e+03 9.809379e+02 
2.909394e-01 1.160552e+03 9.611508e+02 
2.939596e-01 1.132627e+03 9.419205e+02 
2.969798e-01 1.105285e+03 9.232271e+02 
3.000000e-01 1.079001e+03 9.050514e+02 
