1.000000e-03 2.879998e+03 2.879965e+03 
4.020202e-03 9.617532e+03 9.701381e+03 
7.040404e-03 1.404022e+04 1.415244e+04 
1.006061e-02 1.678689e+04 1.690918e+04 
1.308081e-02 1.832411e+04 1.851011e+04 
1.610101e-02 1.898488e+04 1.932646e+04 
1.912121e-02 1.901835e+04 1.961408e+04 
2.214141e-02 1.862040e+04 1.955003e+04 
2.516162e-02 1.794684e+04 1.925492e+04 
2.818182e-02 1.712088e+04 1.881006e+04 
3.120202e-02 1.623528e+04 1.827058e+04 
3.422222e-02 1.535686e+04 1.767434e+04 
3.724242e-02 1.452878e+04 1.704760e+04 
4.026263e-02 1.377652e+04 1.640862e+04 
4.328283e-02 1.310117e+04 1.577011e+04 
4.630303e-02 1.250523e+04 1.514080e+04 
4.932323e-02 1.199178e+04 1.452661e+04 
5.234343e-02 1.153099e+04 1.393142e+04 
5.536364e-02 1.110197e+04 1.335767e+04 
5.838384e-02 1.069734e+04 1.280674e+04 
6.140404e-02 1.030356e+04 1.227927e+04 
6.442424e-02 9.909926e+03 1.177535e+04 
6.744444e-02 9.511350e+03 1.129471e+04 
7.046465e-02 9.106200e+03 1.083681e+04 
7.348485e-02 8.696886e+03 1.040095e+04 
7.650505e-02 8.289917e+03 9.986305e+03 
7.952525e-02 7.893254e+03 9.591977e+03 
8.254545e-02 7.514443e+03 9.217047e+03 
8.556566e-02 7.159458e+03 8.860579e+03 
8.858586e-02 6.831903e+03 8.521646e+03 
9.160606e-02 6.533802e+03 8.199341e+03 
9.462626e-02 6.265956e+03 7.892783e+03 
9.764646e-02 6.028219e+03 7.601124e+03 
1.006667e-01 5.818957e+03 7.323552e+03 
1.036869e-01 5.634392e+03 7.059295e+03 
1.067071e-01 5.469444e+03 6.807618e+03 
1.097273e-01 5.317536e+03 6.567825e+03 
1.127475e-01 5.172818e+03 6.339259e+03 
1.157677e-01 5.030478e+03 6.121298e+03 
1.187879e-01 4.887424e+03 5.913359e+03 
1.218081e-01 4.742067e+03 5.714889e+03 
1.248283e-01 4.594045e+03 5.525372e+03 
1.278485e-01 4.443850e+03 5.344320e+03 
1.308687e-01 4.292831e+03 5.171274e+03 
1.338889e-01 4.142799e+03 5.005804e+03 
1.369091e-01 3.995941e+03 4.847505e+03 
1.399293e-01 3.854467e+03 4.695996e+03 
1.429495e-01 3.720147e+03 4.550921e+03 
1.459697e-01 3.594396e+03 4.411943e+03 
1.489899e-01 3.477894e+03 4.278747e+03 
1.520101e-01 3.370966e+03 4.151034e+03 
1.550303e-01 3.273444e+03 4.028526e+03 
1.580505e-01 3.184781e+03 3.910959e+03 
1.610707e-01 3.103918e+03 3.798087e+03 
1.640909e-01 3.029469e+03 3.689675e+03 
1.671111e-01 2.959717e+03 3.585505e+03 
1.701313e-01 2.892987e+03 3.485369e+03 
1.731515e-01 2.827707e+03 3.389072e+03 
1.761717e-01 2.762888e+03 3.296430e+03 
1.791919e-01 2.697970e+03 3.207270e+03 
1.822121e-01 2.632734e+03 3.121428e+03 
1.852323e-01 2.567168e+03 3.038748e+03 
1.882525e-01 2.501483e+03 2.959085e+03 
1.912727e-01 2.436026e+03 2.882301e+03 
1.942929e-01 2.371370e+03 2.808264e+03 
1.973131e-01 2.308154e+03 2.736851e+03 
2.003333e-01 2.247039e+03 2.667944e+03 
2.033535e-01 2.188602e+03 2.601434e+03 
2.063737e-01 2.133213e+03 2.537215e+03 
2.093939e-01 2.081054e+03 2.475188e+03 
2.124141e-01 2.032034e+03 2.415257e+03 
2.154343e-01 1.985982e+03 2.357334e+03 
2.184545e-01 1.942653e+03 2.301334e+03 
2.214747e-01 1.901716e+03 2.247175e+03 
2.244949e-01 1.862759e+03 2.194782e+03 
2.275152e-01 1.825362e+03 2.144082e+03 
2.305354e-01 1.789105e+03 2.095005e+03 
2.335556e-01 1.753661e+03 2.047485e+03 
2.365758e-01 1.718770e+03 2.001461e+03 
2.395960e-01 1.684301e+03 1.956871e+03 
2.426162e-01 1.650185e+03 1.913660e+03 
2.456364e-01 1.616400e+03 1.871774e+03 
2.486566e-01 1.582953e+03 1.831161e+03 
2.516768e-01 1.549901e+03 1.791772e+03 
2.546970e-01 1.517349e+03 1.753559e+03 
2.577172e-01 1.485499e+03 1.716479e+03 
2.607374e-01 1.454556e+03 1.680489e+03 
2.637576e-01 1.424691e+03 1.645549e+03 
2.667778e-01 1.396006e+03 1.611618e+03 
2.697980e-01 1.368503e+03 1.578660e+03 
2.728182e-01 1.342129e+03 1.546640e+03 
2.758384e-01 1.316785e+03 1.515524e+03 
2.788586e-01 1.292379e+03 1.485279e+03 
2.818788e-01 1.268831e+03 1.455874e+03 
2.848990e-01 1.246074e+03 1.427280e+03 
2.879192e-01 1.224043e+03 1.399468e+03 
2.909394e-01 1.202634e+03 1.372410e+03 
2.939596e-01 1.181727e+03 1.346081e+03 
2.969798e-01 1.161218e+03 1.320456e+03 
3.000000e-01 1.141029e+03 1.295511e+03 
