1.000000e-03 3.128535e+03 3.128502e+03 
4.020202e-03 1.031455e+04 1.039458e+04 
7.040404e-03 1.501866e+04 1.511056e+04 
1.006061e-02 1.793737e+04 1.799626e+04 
1.308081e-02 1.955944e+04 1.956764e+04 
1.610101e-02 2.023192e+04 2.016125e+04 
1.912121e-02 2.021773e+04 2.004485e+04 
2.214141e-02 1.972602e+04 1.947400e+04 
2.516162e-02 1.892625e+04 1.866897e+04 
2.818182e-02 1.795564e+04 1.777925e+04 
3.120202e-02 1.691918e+04 1.688510e+04 
3.422222e-02 1.589428e+04 1.602171e+04 
3.724242e-02 1.493316e+04 1.520159e+04 
4.026263e-02 1.406643e+04 1.442753e+04 
4.328283e-02 1.329637e+04 1.369870e+04 
4.630303e-02 1.263477e+04 1.301304e+04 
4.932323e-02 1.208035e+04 1.236822e+04 
5.234343e-02 1.160180e+04 1.176187e+04 
5.536364e-02 1.117572e+04 1.119171e+04 
5.838384e-02 1.078507e+04 1.065556e+04 
6.140404e-02 1.041580e+04 1.015133e+04 
6.442424e-02 1.005222e+04 9.677023e+03 
6.744444e-02 9.681668e+03 9.230752e+03 
7.046465e-02 9.297923e+03 8.810716e+03 
7.348485e-02 8.899978e+03 8.415218e+03 
7.650505e-02 8.491292e+03 8.042655e+03 
7.952525e-02 8.079463e+03 7.691525e+03 
8.254545e-02 7.673877e+03 7.360416e+03 
8.556566e-02 7.283538e+03 7.048010e+03 
8.858586e-02 6.915722e+03 6.753077e+03 
9.160606e-02 6.575602e+03 6.474468e+03 
9.462626e-02 6.266929e+03 6.211116e+03 
9.764646e-02 5.992175e+03 5.962027e+03 
1.006667e-01 5.751892e+03 5.726276e+03 
1.036869e-01 5.545169e+03 5.503005e+03 
1.067071e-01 5.368007e+03 5.291418e+03 
1.097273e-01 5.215000e+03 5.090771e+03 
1.127475e-01 5.079103e+03 4.900379e+03 
1.157677e-01 4.953448e+03 4.719600e+03 
1.187879e-01 4.832062e+03 4.547842e+03 
1.218081e-01 4.710323e+03 4.384551e+03 
1.248283e-01 4.585276e+03 4.229214e+03 
1.278485e-01 4.455201e+03 4.081354e+03 
1.308687e-01 4.319490e+03 3.940527e+03 
1.338889e-01 4.178804e+03 3.806317e+03 
1.369091e-01 4.034683e+03 3.678340e+03 
1.399293e-01 3.889460e+03 3.556236e+03 
1.429495e-01 3.745809e+03 3.439671e+03 
1.459697e-01 3.606418e+03 3.328330e+03 
1.489899e-01 3.473759e+03 3.221923e+03 
1.520101e-01 3.349621e+03 3.120176e+03 
1.550303e-01 3.235366e+03 3.022835e+03 
1.580505e-01 3.131727e+03 2.929660e+03 
1.610707e-01 3.038905e+03 2.840428e+03 
1.640909e-01 2.956438e+03 2.754931e+03 
1.671111e-01 2.883214e+03 2.672971e+03 
1.701313e-01 2.817517e+03 2.594366e+03 
1.731515e-01 2.757391e+03 2.518943e+03 
1.761717e-01 2.700784e+03 2.446539e+03 
1.791919e-01 2.646013e+03 2.377004e+03 
1.822121e-01 2.591652e+03 2.310193e+03 
1.852323e-01 2.536735e+03 2.245972e+03 
1.882525e-01 2.480546e+03 2.184214e+03 
1.912727e-01 2.422749e+03 2.124801e+03 
1.942929e-01 2.363276e+03 2.067621e+03 
1.973131e-01 2.302493e+03 2.012566e+03 
2.003333e-01 2.241008e+03 1.959538e+03 
2.033535e-01 2.179716e+03 1.908441e+03 
2.063737e-01 2.119532e+03 1.859188e+03 
2.093939e-01 2.061360e+03 1.811693e+03 
2.124141e-01 2.005868e+03 1.765879e+03 
2.154343e-01 1.953524e+03 1.721668e+03 
2.184545e-01 1.904569e+03 1.678990e+03 
2.214747e-01 1.859097e+03 1.637778e+03 
2.244949e-01 1.817044e+03 1.597969e+03 
2.275152e-01 1.778223e+03 1.559500e+03 
2.305354e-01 1.742201e+03 1.522316e+03 
2.335556e-01 1.708469e+03 1.486361e+03 
2.365758e-01 1.676470e+03 1.451585e+03 
2.395960e-01 1.645675e+03 1.417938e+03 
2.426162e-01 1.615625e+03 1.385373e+03 
2.456364e-01 1.585948e+03 1.353847e+03 
2.486566e-01 1.556371e+03 1.323317e+03 
2.516768e-01 1.526694e+03 1.293743e+03 
2.546970e-01 1.496788e+03 1.265087e+03 
2.577172e-01 1.466638e+03 1.237313e+03 
2.607374e-01 1.436316e+03 1.210387e+03 
2.637576e-01 1.406043e+03 1.184275e+03 
2.667778e-01 1.376101e+03 1.158947e+03 
2.697980e-01 1.346790e+03 1.134371e+03 
2.728182e-01 1.318380e+03 1.110521e+03 
2.758384e-01 1.291037e+03 1.087368e+03 
2.788586e-01 1.264864e+03 1.064887e+03 
2.818788e-01 1.239874e+03 1.043052e+03 
2.848990e-01 1.216057e+03 1.021840e+03 
2.879192e-01 1.193387e+03 1.001229e+03 
2.909394e-01 1.171813e+03 9.811966e+02 
2.939596e-01 1.151260e+03 9.617222e+02 
2.969798e-01 1.131605e+03 9.427860e+02 
3.000000e-01 1.112692e+03 9.243690e+02 
