1.000000e-03 3.198584e+03 3.198551e+03 
4.020202e-03 1.089560e+04 1.097968e+04 
7.040404e-03 1.599443e+04 1.609154e+04 
1.006061e-02 1.914699e+04 1.921605e+04 
1.308081e-02 2.086491e+04 2.088922e+04 
1.610101e-02 2.152442e+04 2.146729e+04 
1.912121e-02 2.141923e+04 2.124847e+04 
2.214141e-02 2.078708e+04 2.053090e+04 
2.516162e-02 1.982287e+04 1.957289e+04 
2.818182e-02 1.868474e+04 1.854522e+04 
3.120202e-02 1.749412e+04 1.753461e+04 
3.422222e-02 1.633849e+04 1.657524e+04 
3.724242e-02 1.527448e+04 1.567621e+04 
4.026263e-02 1.433324e+04 1.483685e+04 
4.328283e-02 1.352470e+04 1.405345e+04 
4.630303e-02 1.283978e+04 1.332174e+04 
4.932323e-02 1.226995e+04 1.263771e+04 
5.234343e-02 1.179471e+04 1.199773e+04 
5.536364e-02 1.137808e+04 1.139854e+04 
5.838384e-02 1.099757e+04 1.083720e+04 
6.140404e-02 1.063330e+04 1.031101e+04 
6.442424e-02 1.026549e+04 9.817508e+03 
6.744444e-02 9.882641e+03 9.354390e+03 
7.046465e-02 9.479131e+03 8.919537e+03 
7.348485e-02 9.054759e+03 8.510975e+03 
7.650505e-02 8.615546e+03 8.126874e+03 
7.952525e-02 8.171499e+03 7.765535e+03 
8.254545e-02 7.734276e+03 7.425381e+03 
8.556566e-02 7.314833e+03 7.104950e+03 
8.858586e-02 6.922148e+03 6.802889e+03 
9.160606e-02 6.563362e+03 6.517944e+03 
9.462626e-02 6.243661e+03 6.248953e+03 
9.764646e-02 5.965364e+03 5.994843e+03 
1.006667e-01 5.728653e+03 5.754619e+03 
1.036869e-01 5.529992e+03 5.527361e+03 
1.067071e-01 5.363771e+03 5.312218e+03 
1.097273e-01 5.221965e+03 5.108401e+03 
1.127475e-01 5.096409e+03 4.915180e+03 
1.157677e-01 4.979207e+03 4.731879e+03 
1.187879e-01 4.863990e+03 4.557871e+03 
1.218081e-01 4.745644e+03 4.392574e+03 
1.248283e-01 4.620750e+03 4.235451e+03 
1.278485e-01 4.487156e+03 4.085999e+03 
1.308687e-01 4.344883e+03 3.943754e+03 
1.338889e-01 4.195257e+03 3.808285e+03 
1.369091e-01 4.041235e+03 3.679190e+03 
1.399293e-01 3.886191e+03 3.556094e+03 
1.429495e-01 3.733732e+03 3.438651e+03 
1.459697e-01 3.587061e+03 3.326534e+03 
1.489899e-01 3.448994e+03 3.219443e+03 
1.520101e-01 3.321591e+03 3.117095e+03 
1.550303e-01 3.206405e+03 3.019227e+03 
1.580505e-01 3.104212e+03 2.925592e+03 
1.610707e-01 3.015035e+03 2.835960e+03 
1.640909e-01 2.937729e+03 2.750117e+03 
1.671111e-01 2.870402e+03 2.667861e+03 
1.701313e-01 2.810463e+03 2.589003e+03 
1.731515e-01 2.755365e+03 2.513367e+03 
1.761717e-01 2.702709e+03 2.440786e+03 
1.791919e-01 2.650700e+03 2.371104e+03 
1.822121e-01 2.597894e+03 2.304176e+03 
1.852323e-01 2.543237e+03 2.239864e+03 
1.882525e-01 2.486010e+03 2.178038e+03 
1.912727e-01 2.426004e+03 2.118578e+03 
1.942929e-01 2.363451e+03 2.061368e+03 
1.973131e-01 2.299058e+03 2.006301e+03 
2.003333e-01 2.233920e+03 1.953276e+03 
2.033535e-01 2.169368e+03 1.902195e+03 
2.063737e-01 2.106610e+03 1.852970e+03 
2.093939e-01 2.046701e+03 1.805513e+03 
2.124141e-01 1.990308e+03 1.759746e+03 
2.154343e-01 1.937895e+03 1.715591e+03 
2.184545e-01 1.889681e+03 1.672976e+03 
2.214747e-01 1.845648e+03 1.631834e+03 
2.244949e-01 1.805513e+03 1.592099e+03 
2.275152e-01 1.768825e+03 1.553710e+03 
2.305354e-01 1.735016e+03 1.516610e+03 
2.335556e-01 1.703422e+03 1.480743e+03 
2.365758e-01 1.673350e+03 1.446057e+03 
2.395960e-01 1.644133e+03 1.412503e+03 
2.426162e-01 1.615178e+03 1.380034e+03 
2.456364e-01 1.586033e+03 1.348604e+03 
2.486566e-01 1.556377e+03 1.318173e+03 
2.516768e-01 1.526050e+03 1.288698e+03 
2.546970e-01 1.495077e+03 1.260143e+03 
2.577172e-01 1.463640e+03 1.232470e+03 
2.607374e-01 1.432060e+03 1.205644e+03 
2.637576e-01 1.400714e+03 1.179633e+03 
2.667778e-01 1.369930e+03 1.154406e+03 
2.697980e-01 1.340005e+03 1.129931e+03 
2.728182e-01 1.311185e+03 1.106180e+03 
2.758384e-01 1.283659e+03 1.083127e+03 
2.788586e-01 1.257543e+03 1.060744e+03 
2.818788e-01 1.232889e+03 1.039007e+03 
2.848990e-01 1.209691e+03 1.017892e+03 
2.879192e-01 1.187858e+03 9.973766e+02 
2.909394e-01 1.167247e+03 9.774389e+02 
2.939596e-01 1.147637e+03 9.580580e+02 
2.969798e-01 1.128798e+03 9.392142e+02 
3.000000e-01 1.110515e+03 9.208883e+02 
