1.000000e-03 4.229575e+03 4.229535e+03 
4.020202e-03 1.422340e+04 1.433469e+04 
7.040404e-03 2.081950e+04 2.096862e+04 
1.006061e-02 2.487030e+04 2.503537e+04 
1.308081e-02 2.701291e+04 2.720000e+04 
1.610101e-02 2.771896e+04 2.787047e+04 
1.912121e-02 2.736321e+04 2.737099e+04 
2.214141e-02 2.626038e+04 2.606966e+04 
2.516162e-02 2.467925e+04 2.435947e+04 
2.818182e-02 2.284470e+04 2.255556e+04 
3.120202e-02 2.093583e+04 2.084059e+04 
3.422222e-02 1.908751e+04 1.928677e+04 
3.724242e-02 1.739039e+04 1.790399e+04 
4.026263e-02 1.590021e+04 1.667648e+04 
4.328283e-02 1.463437e+04 1.558203e+04 
4.630303e-02 1.358859e+04 1.459966e+04 
4.932323e-02 1.276512e+04 1.371184e+04 
5.234343e-02 1.212844e+04 1.290454e+04 
5.536364e-02 1.163255e+04 1.216662e+04 
5.838384e-02 1.124533e+04 1.148919e+04 
6.140404e-02 1.092827e+04 1.086506e+04 
6.442424e-02 1.064505e+04 1.028831e+04 
6.744444e-02 1.036567e+04 9.753976e+03 
7.046465e-02 1.006617e+04 9.257867e+03 
7.348485e-02 9.730023e+03 8.796358e+03 
7.650505e-02 9.348740e+03 8.366302e+03 
7.952525e-02 8.922571e+03 7.964933e+03 
8.254545e-02 8.459645e+03 7.589805e+03 
8.556566e-02 7.973072e+03 7.238736e+03 
8.858586e-02 7.478695e+03 6.909777e+03 
9.160606e-02 6.992701e+03 6.601173e+03 
9.462626e-02 6.530248e+03 6.311341e+03 
9.764646e-02 6.105064e+03 6.038850e+03 
1.006667e-01 5.726836e+03 5.782399e+03 
1.036869e-01 5.402119e+03 5.540806e+03 
1.067071e-01 5.132593e+03 5.312994e+03 
1.097273e-01 4.916643e+03 5.097979e+03 
1.127475e-01 4.748786e+03 4.894862e+03 
1.157677e-01 4.621562e+03 4.702817e+03 
1.187879e-01 4.526055e+03 4.521090e+03 
1.218081e-01 4.452910e+03 4.348986e+03 
1.248283e-01 4.392666e+03 4.185865e+03 
1.278485e-01 4.336185e+03 4.031141e+03 
1.308687e-01 4.275191e+03 3.884270e+03 
1.338889e-01 4.202915e+03 3.744752e+03 
1.369091e-01 4.114872e+03 3.612124e+03 
1.399293e-01 4.008854e+03 3.485959e+03 
1.429495e-01 3.885296e+03 3.365860e+03 
1.459697e-01 3.746290e+03 3.251461e+03 
1.489899e-01 3.595587e+03 3.142420e+03 
1.520101e-01 3.437652e+03 3.038422e+03 
1.550303e-01 3.277559e+03 2.939173e+03 
1.580505e-01 3.120493e+03 2.844398e+03 
1.610707e-01 2.971570e+03 2.753844e+03 
1.640909e-01 2.834985e+03 2.667274e+03 
1.671111e-01 2.714025e+03 2.584464e+03 
1.701313e-01 2.610188e+03 2.505211e+03 
1.731515e-01 2.523794e+03 2.429319e+03 
1.761717e-01 2.453698e+03 2.356609e+03 
1.791919e-01 2.398026e+03 2.286912e+03 
1.822121e-01 2.354304e+03 2.220070e+03 
1.852323e-01 2.319871e+03 2.155935e+03 
1.882525e-01 2.291918e+03 2.094368e+03 
1.912727e-01 2.267428e+03 2.035239e+03 
1.942929e-01 2.243413e+03 1.978425e+03 
1.973131e-01 2.217097e+03 1.923811e+03 
2.003333e-01 2.186234e+03 1.871289e+03 
2.033535e-01 2.149236e+03 1.820758e+03 
2.063737e-01 2.105521e+03 1.772121e+03 
2.093939e-01 2.055240e+03 1.725289e+03 
2.124141e-01 1.999343e+03 1.680177e+03 
2.154343e-01 1.939170e+03 1.636703e+03 
2.184545e-01 1.876419e+03 1.594793e+03 
2.214747e-01 1.812835e+03 1.554376e+03 
2.244949e-01 1.750155e+03 1.515382e+03 
2.275152e-01 1.689971e+03 1.477749e+03 
2.305354e-01 1.633715e+03 1.441417e+03 
2.335556e-01 1.582433e+03 1.406327e+03 
2.365758e-01 1.536858e+03 1.372427e+03 
2.395960e-01 1.497249e+03 1.339663e+03 
2.426162e-01 1.463509e+03 1.307989e+03 
2.456364e-01 1.435171e+03 1.277358e+03 
2.486566e-01 1.411489e+03 1.247726e+03 
2.516768e-01 1.391520e+03 1.219052e+03 
2.546970e-01 1.374173e+03 1.191295e+03 
2.577172e-01 1.358321e+03 1.164420e+03 
2.607374e-01 1.342873e+03 1.138389e+03 
2.637576e-01 1.326867e+03 1.113169e+03 
2.667778e-01 1.309527e+03 1.088729e+03 
2.697980e-01 1.290335e+03 1.065036e+03 
2.728182e-01 1.268995e+03 1.042063e+03 
2.758384e-01 1.245491e+03 1.019781e+03 
2.788586e-01 1.219983e+03 9.981633e+02 
2.818788e-01 1.192844e+03 9.771850e+02 
2.848990e-01 1.164560e+03 9.568218e+02 
2.879192e-01 1.135726e+03 9.370508e+02 
2.909394e-01 1.106963e+03 9.178498e+02 
2.939596e-01 1.078889e+03 8.991980e+02 
2.969798e-01 1.052037e+03 8.810753e+02 
3.000000e-01 1.026855e+03 8.634625e+02 
