1.000000e-03 4.241767e+03 4.241723e+03 
4.020202e-03 1.388107e+04 1.398831e+04 
7.040404e-03 2.010424e+04 2.023949e+04 
1.006061e-02 2.386781e+04 2.400001e+04 
1.308081e-02 2.582775e+04 2.595301e+04 
1.610101e-02 2.645401e+04 2.651819e+04 
1.912121e-02 2.611073e+04 2.603170e+04 
2.214141e-02 2.509584e+04 2.485576e+04 
2.516162e-02 2.365969e+04 2.334688e+04 
2.818182e-02 2.200660e+04 2.176909e+04 
3.120202e-02 2.029698e+04 2.026519e+04 
3.422222e-02 1.864886e+04 1.888837e+04 
3.724242e-02 1.714030e+04 1.764517e+04 
4.026263e-02 1.581741e+04 1.652411e+04 
4.328283e-02 1.469234e+04 1.550941e+04 
4.630303e-02 1.375763e+04 1.458630e+04 
4.932323e-02 1.301327e+04 1.374232e+04 
5.234343e-02 1.242446e+04 1.296735e+04 
5.536364e-02 1.194607e+04 1.225316e+04 
5.838384e-02 1.154998e+04 1.159302e+04 
6.140404e-02 1.120255e+04 1.098134e+04 
6.442424e-02 1.087232e+04 1.041337e+04 
6.744444e-02 1.053491e+04 9.885026e+03 
7.046465e-02 1.017225e+04 9.392762e+03 
7.348485e-02 9.774500e+03 8.933454e+03 
7.650505e-02 9.340033e+03 8.504330e+03 
7.952525e-02 8.874776e+03 8.102915e+03 
8.254545e-02 8.390086e+03 7.726984e+03 
8.556566e-02 7.900040e+03 7.374533e+03 
8.858586e-02 7.419289e+03 7.043746e+03 
9.160606e-02 6.961190e+03 6.732978e+03 
9.462626e-02 6.537221e+03 6.440730e+03 
9.764646e-02 6.157020e+03 6.165638e+03 
1.006667e-01 5.826445e+03 5.906455e+03 
1.036869e-01 5.548309e+03 5.662042e+03 
1.067071e-01 5.320663e+03 5.431357e+03 
1.097273e-01 5.138791e+03 5.213442e+03 
1.127475e-01 4.994765e+03 5.007420e+03 
1.157677e-01 4.879739e+03 4.812484e+03 
1.187879e-01 4.784346e+03 4.627891e+03 
1.218081e-01 4.699700e+03 4.452959e+03 
1.248283e-01 4.617481e+03 4.287056e+03 
1.278485e-01 4.530723e+03 4.129601e+03 
1.308687e-01 4.433769e+03 3.980057e+03 
1.338889e-01 4.323222e+03 3.837926e+03 
1.369091e-01 4.197712e+03 3.702749e+03 
1.399293e-01 4.058179e+03 3.574100e+03 
1.429495e-01 3.907352e+03 3.451583e+03 
1.459697e-01 3.749186e+03 3.334832e+03 
1.489899e-01 3.588156e+03 3.223506e+03 
1.520101e-01 3.428862e+03 3.117289e+03 
1.550303e-01 3.275708e+03 3.015885e+03 
1.580505e-01 3.132643e+03 2.919020e+03 
1.610707e-01 3.002911e+03 2.826439e+03 
1.640909e-01 2.888588e+03 2.737903e+03 
1.671111e-01 2.790648e+03 2.653189e+03 
1.701313e-01 2.708533e+03 2.572090e+03 
1.731515e-01 2.640776e+03 2.494410e+03 
1.761717e-01 2.584984e+03 2.419968e+03 
1.791919e-01 2.538469e+03 2.348593e+03 
1.822121e-01 2.498389e+03 2.280125e+03 
1.852323e-01 2.462001e+03 2.214416e+03 
1.882525e-01 2.426696e+03 2.151324e+03 
1.912727e-01 2.390120e+03 2.090718e+03 
1.942929e-01 2.350222e+03 2.032473e+03 
1.973131e-01 2.305657e+03 1.976474e+03 
2.003333e-01 2.255685e+03 1.922610e+03 
2.033535e-01 2.200438e+03 1.870778e+03 
2.063737e-01 2.140661e+03 1.820882e+03 
2.093939e-01 2.077664e+03 1.772829e+03 
2.124141e-01 2.012987e+03 1.726533e+03 
2.154343e-01 1.948267e+03 1.681913e+03 
2.184545e-01 1.885034e+03 1.638892e+03 
2.214747e-01 1.824675e+03 1.597397e+03 
2.244949e-01 1.768303e+03 1.557359e+03 
2.275152e-01 1.716739e+03 1.518714e+03 
2.305354e-01 1.670461e+03 1.481399e+03 
2.335556e-01 1.629566e+03 1.445357e+03 
2.365758e-01 1.593858e+03 1.410532e+03 
2.395960e-01 1.562799e+03 1.376873e+03 
2.426162e-01 1.535676e+03 1.344329e+03 
2.456364e-01 1.511600e+03 1.312854e+03 
2.486566e-01 1.489611e+03 1.282402e+03 
2.516768e-01 1.468694e+03 1.252932e+03 
2.546970e-01 1.447920e+03 1.224404e+03 
2.577172e-01 1.426468e+03 1.196778e+03 
2.607374e-01 1.403775e+03 1.170019e+03 
2.637576e-01 1.379478e+03 1.144092e+03 
2.667778e-01 1.353531e+03 1.118964e+03 
2.697980e-01 1.326062e+03 1.094604e+03 
2.728182e-01 1.297391e+03 1.070981e+03 
2.758384e-01 1.267907e+03 1.048068e+03 
2.788586e-01 1.238056e+03 1.025837e+03 
2.818788e-01 1.208333e+03 1.004262e+03 
2.848990e-01 1.179241e+03 9.833191e+02 
2.879192e-01 1.151251e+03 9.629839e+02 
2.909394e-01 1.124763e+03 9.432343e+02 
2.939596e-01 1.100060e+03 9.240486e+02 
2.969798e-01 1.077293e+03 9.054064e+02 
3.000000e-01 1.056477e+03 8.872880e+02 
