1.000000e-03 5.736618e+03 5.736561e+03 
4.020202e-03 1.913431e+04 1.928299e+04 
7.040404e-03 2.803174e+04 2.825022e+04 
1.006061e-02 3.353103e+04 3.382730e+04 
1.308081e-02 3.643115e+04 3.685244e+04 
1.610101e-02 3.732717e+04 3.780518e+04 
1.912121e-02 3.670528e+04 3.703052e+04 
2.214141e-02 3.498759e+04 3.495300e+04 
2.516162e-02 3.254797e+04 3.212036e+04 
2.818182e-02 2.970914e+04 2.906555e+04 
3.120202e-02 2.673769e+04 2.615807e+04 
3.422222e-02 2.383976e+04 2.357249e+04 
3.724242e-02 2.116129e+04 2.134593e+04 
4.026263e-02 1.879398e+04 1.944797e+04 
4.328283e-02 1.677239e+04 1.782666e+04 
4.630303e-02 1.510681e+04 1.643045e+04 
4.932323e-02 1.379252e+04 1.521573e+04 
5.234343e-02 1.278909e+04 1.414793e+04 
5.536364e-02 1.204458e+04 1.320034e+04 
5.838384e-02 1.150840e+04 1.235241e+04 
6.140404e-02 1.113524e+04 1.158827e+04 
6.442424e-02 1.087432e+04 1.089549e+04 
6.744444e-02 1.067714e+04 1.026419e+04 
7.046465e-02 1.050084e+04 9.686453e+03 
7.348485e-02 1.030848e+04 9.155765e+03 
7.650505e-02 1.007128e+04 8.666740e+03 
7.952525e-02 9.770344e+03 8.214848e+03 
8.254545e-02 9.397742e+03 7.796239e+03 
8.556566e-02 8.956218e+03 7.407608e+03 
8.858586e-02 8.456349e+03 7.046088e+03 
9.160606e-02 7.914811e+03 6.709180e+03 
9.462626e-02 7.352681e+03 6.394685e+03 
9.764646e-02 6.791848e+03 6.100658e+03 
1.006667e-01 6.254018e+03 5.825371e+03 
1.036869e-01 5.757402e+03 5.567283e+03 
1.067071e-01 5.316663e+03 5.325010e+03 
1.097273e-01 4.940078e+03 5.097310e+03 
1.127475e-01 4.631249e+03 4.883062e+03 
1.157677e-01 4.388656e+03 4.681249e+03 
1.187879e-01 4.207582e+03 4.490953e+03 
1.218081e-01 4.081062e+03 4.311337e+03 
1.248283e-01 4.000436e+03 4.141638e+03 
1.278485e-01 3.956061e+03 3.981160e+03 
1.308687e-01 3.937314e+03 3.829268e+03 
1.338889e-01 3.933137e+03 3.685377e+03 
1.369091e-01 3.932295e+03 3.548954e+03 
1.399293e-01 3.924572e+03 3.419507e+03 
1.429495e-01 3.901005e+03 3.296583e+03 
1.459697e-01 3.855284e+03 3.179766e+03 
1.489899e-01 3.783414e+03 3.068671e+03 
1.520101e-01 3.684264e+03 2.962943e+03 
1.550303e-01 3.559306e+03 2.862252e+03 
1.580505e-01 3.412131e+03 2.766295e+03 
1.610707e-01 3.248439e+03 2.674789e+03 
1.640909e-01 3.075007e+03 2.587473e+03 
1.671111e-01 2.899462e+03 2.504103e+03 
1.701313e-01 2.728933e+03 2.424453e+03 
1.731515e-01 2.569683e+03 2.348312e+03 
1.761717e-01 2.426312e+03 2.275484e+03 
1.791919e-01 2.302077e+03 2.205786e+03 
1.822121e-01 2.198350e+03 2.139048e+03 
1.852323e-01 2.115441e+03 2.075109e+03 
1.882525e-01 2.052566e+03 2.013821e+03 
1.912727e-01 2.008082e+03 1.955044e+03 
1.942929e-01 1.979635e+03 1.898647e+03 
1.973131e-01 1.964185e+03 1.844508e+03 
2.003333e-01 1.958253e+03 1.792512e+03 
2.033535e-01 1.957887e+03 1.742551e+03 
2.063737e-01 1.959155e+03 1.694523e+03 
2.093939e-01 1.958299e+03 1.648335e+03 
2.124141e-01 1.952157e+03 1.603895e+03 
2.154343e-01 1.938150e+03 1.561120e+03 
2.184545e-01 1.914705e+03 1.519930e+03 
2.214747e-01 1.881029e+03 1.480252e+03 
2.244949e-01 1.837317e+03 1.442013e+03 
2.275152e-01 1.784565e+03 1.405147e+03 
2.305354e-01 1.724454e+03 1.369593e+03 
2.335556e-01 1.659219e+03 1.335290e+03 
2.365758e-01 1.591340e+03 1.302182e+03 
2.395960e-01 1.523359e+03 1.270216e+03 
2.426162e-01 1.457632e+03 1.239342e+03 
2.456364e-01 1.396214e+03 1.209513e+03 
2.486566e-01 1.340685e+03 1.180683e+03 
2.516768e-01 1.292217e+03 1.152809e+03 
2.546970e-01 1.251415e+03 1.125852e+03 
2.577172e-01 1.218461e+03 1.099773e+03 
2.607374e-01 1.193010e+03 1.074535e+03 
2.637576e-01 1.174345e+03 1.050103e+03 
2.667778e-01 1.161430e+03 1.026446e+03 
2.697980e-01 1.152991e+03 1.003531e+03 
2.728182e-01 1.147639e+03 9.813283e+02 
2.758384e-01 1.143936e+03 9.598105e+02 
2.788586e-01 1.140500e+03 9.389502e+02 
2.818788e-01 1.136046e+03 9.187218e+02 
2.848990e-01 1.129479e+03 8.991008e+02 
2.879192e-01 1.119889e+03 8.800640e+02 
2.909394e-01 1.106698e+03 8.615891e+02 
2.939596e-01 1.089604e+03 8.436549e+02 
2.969798e-01 1.068701e+03 8.262413e+02 
3.000000e-01 1.044386e+03 8.093288e+02 
