1.000000e-03 3.659664e+03 3.659632e+03 
4.020202e-03 1.210706e+04 1.220126e+04 
7.040404e-03 1.750008e+04 1.760397e+04 
1.006061e-02 2.071463e+04 2.077995e+04 
1.308081e-02 2.237328e+04 2.238002e+04 
1.610101e-02 2.291484e+04 2.282692e+04 
1.912121e-02 2.266921e+04 2.246574e+04 
2.214141e-02 2.189706e+04 2.162296e+04 
2.516162e-02 2.080628e+04 2.056359e+04 
2.818182e-02 1.956091e+04 1.945244e+04 
3.120202e-02 1.828376e+04 1.836891e+04 
3.422222e-02 1.706049e+04 1.734281e+04 
3.724242e-02 1.594429e+04 1.638148e+04 
4.026263e-02 1.496149e+04 1.548379e+04 
4.328283e-02 1.411767e+04 1.464600e+04 
4.630303e-02 1.340189e+04 1.386389e+04 
4.932323e-02 1.279774e+04 1.313341e+04 
5.234343e-02 1.228244e+04 1.245081e+04 
5.536364e-02 1.182453e+04 1.181264e+04 
5.838384e-02 1.139655e+04 1.121573e+04 
6.140404e-02 1.097773e+04 1.065714e+04 
6.442424e-02 1.055488e+04 1.013413e+04 
6.744444e-02 1.011934e+04 9.644150e+03 
7.046465e-02 9.667558e+03 9.184849e+03 
7.348485e-02 9.201863e+03 8.754029e+03 
7.650505e-02 8.729977e+03 8.349652e+03 
7.952525e-02 8.262445e+03 7.969830e+03 
8.254545e-02 7.810838e+03 7.612815e+03 
8.556566e-02 7.385275e+03 7.276992e+03 
8.858586e-02 6.993597e+03 6.960865e+03 
9.160606e-02 6.641252e+03 6.663056e+03 
9.462626e-02 6.331262e+03 6.382290e+03 
9.764646e-02 6.063615e+03 6.117391e+03 
1.006667e-01 5.836013e+03 5.867273e+03 
1.036869e-01 5.642905e+03 5.630933e+03 
1.067071e-01 5.477105e+03 5.407446e+03 
1.097273e-01 5.330414e+03 5.195956e+03 
1.127475e-01 5.194810e+03 4.995674e+03 
1.157677e-01 5.063396e+03 4.805869e+03 
1.187879e-01 4.930611e+03 4.625864e+03 
1.218081e-01 4.792732e+03 4.455036e+03 
1.248283e-01 4.647693e+03 4.292805e+03 
1.278485e-01 4.495034e+03 4.138635e+03 
1.308687e-01 4.336357e+03 3.992027e+03 
1.338889e-01 4.174534e+03 3.852521e+03 
1.369091e-01 4.012978e+03 3.719688e+03 
1.399293e-01 3.855126e+03 3.593130e+03 
1.429495e-01 3.703817e+03 3.472476e+03 
1.459697e-01 3.561447e+03 3.357382e+03 
1.489899e-01 3.429748e+03 3.247528e+03 
1.520101e-01 3.310088e+03 3.142614e+03 
1.550303e-01 3.203408e+03 3.042362e+03 
1.580505e-01 3.109567e+03 2.946512e+03 
1.610707e-01 3.027462e+03 2.854821e+03 
1.640909e-01 2.954976e+03 2.767062e+03 
1.671111e-01 2.889495e+03 2.683023e+03 
1.701313e-01 2.828406e+03 2.602505e+03 
1.731515e-01 2.769379e+03 2.525322e+03 
1.761717e-01 2.710908e+03 2.451301e+03 
1.791919e-01 2.651842e+03 2.380278e+03 
1.822121e-01 2.591417e+03 2.312099e+03 
1.852323e-01 2.529124e+03 2.246621e+03 
1.882525e-01 2.464735e+03 2.183709e+03 
1.912727e-01 2.398540e+03 2.123235e+03 
1.942929e-01 2.331243e+03 2.065079e+03 
1.973131e-01 2.264041e+03 2.009131e+03 
2.003333e-01 2.198265e+03 1.955282e+03 
2.033535e-01 2.134990e+03 1.903434e+03 
2.063737e-01 2.075052e+03 1.853492e+03 
2.093939e-01 2.018881e+03 1.805368e+03 
2.124141e-01 1.966695e+03 1.758978e+03 
2.154343e-01 1.918480e+03 1.714242e+03 
2.184545e-01 1.874078e+03 1.671085e+03 
2.214747e-01 1.833197e+03 1.629437e+03 
2.244949e-01 1.795378e+03 1.589231e+03 
2.275152e-01 1.760051e+03 1.550403e+03 
2.305354e-01 1.726549e+03 1.512893e+03 
2.335556e-01 1.694200e+03 1.476645e+03 
2.365758e-01 1.662424e+03 1.441605e+03 
2.395960e-01 1.630755e+03 1.407720e+03 
2.426162e-01 1.598934e+03 1.374944e+03 
2.456364e-01 1.566812e+03 1.343229e+03 
2.486566e-01 1.534354e+03 1.312532e+03 
2.516768e-01 1.501669e+03 1.282812e+03 
2.546970e-01 1.468976e+03 1.254028e+03 
2.577172e-01 1.436553e+03 1.226144e+03 
2.607374e-01 1.404707e+03 1.199123e+03 
2.637576e-01 1.373746e+03 1.172932e+03 
2.667778e-01 1.343936e+03 1.147537e+03 
2.697980e-01 1.315423e+03 1.122908e+03 
2.728182e-01 1.288294e+03 1.099016e+03 
2.758384e-01 1.262559e+03 1.075833e+03 
2.788586e-01 1.238175e+03 1.053331e+03 
2.818788e-01 1.215041e+03 1.031485e+03 
2.848990e-01 1.193030e+03 1.010271e+03 
2.879192e-01 1.171999e+03 9.896654e+02 
2.909394e-01 1.151768e+03 9.696459e+02 
2.939596e-01 1.132148e+03 9.501912e+02 
2.969798e-01 1.112970e+03 9.312811e+02 
3.000000e-01 1.094080e+03 9.128959e+02 
