1.000000e-03 5.308804e+03 5.308748e+03 
4.020202e-03 1.724003e+04 1.737521e+04 
7.040404e-03 2.483133e+04 2.501166e+04 
1.006061e-02 2.932107e+04 2.952892e+04 
1.308081e-02 3.153989e+04 3.178735e+04 
1.610101e-02 3.207719e+04 3.229170e+04 
1.912121e-02 3.139190e+04 3.143198e+04 
2.214141e-02 2.986270e+04 2.965018e+04 
2.516162e-02 2.781090e+04 2.742162e+04 
2.818182e-02 2.550147e+04 2.512810e+04 
3.120202e-02 2.314371e+04 2.298760e+04 
3.422222e-02 2.089216e+04 2.108054e+04 
3.724242e-02 1.884845e+04 1.941028e+04 
4.026263e-02 1.707247e+04 1.794971e+04 
4.328283e-02 1.557743e+04 1.666537e+04 
4.630303e-02 1.435697e+04 1.552691e+04 
4.932323e-02 1.340875e+04 1.450949e+04 
5.234343e-02 1.268471e+04 1.359349e+04 
5.536364e-02 1.213386e+04 1.276358e+04 
5.838384e-02 1.171728e+04 1.200767e+04 
6.140404e-02 1.138615e+04 1.131611e+04 
6.442424e-02 1.109829e+04 1.068108e+04 
6.744444e-02 1.081938e+04 1.009612e+04 
7.046465e-02 1.052026e+04 9.555829e+03 
7.348485e-02 1.018023e+04 9.055614e+03 
7.650505e-02 9.787586e+03 8.591537e+03 
7.952525e-02 9.340223e+03 8.160177e+03 
8.254545e-02 8.846164e+03 7.758542e+03 
8.556566e-02 8.319676e+03 7.383996e+03 
8.858586e-02 7.778820e+03 7.034199e+03 
9.160606e-02 7.243253e+03 6.707070e+03 
9.462626e-02 6.731138e+03 6.400744e+03 
9.764646e-02 6.258630e+03 6.113547e+03 
1.006667e-01 5.837570e+03 5.843970e+03 
1.036869e-01 5.475786e+03 5.590650e+03 
1.067071e-01 5.175914e+03 5.352352e+03 
1.097273e-01 4.936439e+03 5.127954e+03 
1.127475e-01 4.752443e+03 4.916436e+03 
1.157677e-01 4.616082e+03 4.716869e+03 
1.187879e-01 4.518035e+03 4.528402e+03 
1.218081e-01 4.447989e+03 4.350260e+03 
1.248283e-01 4.395276e+03 4.181731e+03 
1.278485e-01 4.349096e+03 4.022162e+03 
1.308687e-01 4.299790e+03 3.870955e+03 
1.338889e-01 4.239024e+03 3.727556e+03 
1.369091e-01 4.161243e+03 3.591459e+03 
1.399293e-01 4.063028e+03 3.462196e+03 
1.429495e-01 3.944106e+03 3.339333e+03 
1.459697e-01 3.806030e+03 3.222472e+03 
1.489899e-01 3.652217e+03 3.111242e+03 
1.520101e-01 3.487404e+03 3.005302e+03 
1.550303e-01 3.317269e+03 2.904333e+03 
1.580505e-01 3.148049e+03 2.808042e+03 
1.610707e-01 2.985871e+03 2.716154e+03 
1.640909e-01 2.836037e+03 2.628416e+03 
1.671111e-01 2.702527e+03 2.544590e+03 
1.701313e-01 2.587634e+03 2.464457e+03 
1.731515e-01 2.491894e+03 2.387809e+03 
1.761717e-01 2.414558e+03 2.314455e+03 
1.791919e-01 2.353862e+03 2.244217e+03 
1.822121e-01 2.307546e+03 2.176926e+03 
1.852323e-01 2.272932e+03 2.112426e+03 
1.882525e-01 2.247020e+03 2.050571e+03 
1.912727e-01 2.226487e+03 1.991222e+03 
1.942929e-01 2.207827e+03 1.934252e+03 
1.973131e-01 2.187563e+03 1.879538e+03 
2.003333e-01 2.162863e+03 1.826969e+03 
2.033535e-01 2.131576e+03 1.776437e+03 
2.063737e-01 2.092687e+03 1.727842e+03 
2.093939e-01 2.046053e+03 1.681089e+03 
2.124141e-01 1.992396e+03 1.636091e+03 
2.154343e-01 1.932974e+03 1.592763e+03 
2.184545e-01 1.869392e+03 1.551027e+03 
2.214747e-01 1.803530e+03 1.510808e+03 
2.244949e-01 1.737361e+03 1.472037e+03 
2.275152e-01 1.672867e+03 1.434647e+03 
2.305354e-01 1.611847e+03 1.398575e+03 
2.335556e-01 1.555836e+03 1.363762e+03 
2.365758e-01 1.505829e+03 1.330153e+03 
2.395960e-01 1.462401e+03 1.297695e+03 
2.426162e-01 1.425570e+03 1.266337e+03 
2.456364e-01 1.395022e+03 1.236032e+03 
2.486566e-01 1.370063e+03 1.206734e+03 
2.516768e-01 1.349779e+03 1.178402e+03 
2.546970e-01 1.333069e+03 1.150995e+03 
2.577172e-01 1.318721e+03 1.124474e+03 
2.607374e-01 1.305485e+03 1.098802e+03 
2.637576e-01 1.292174e+03 1.073946e+03 
2.667778e-01 1.277750e+03 1.049872e+03 
2.697980e-01 1.261443e+03 1.026548e+03 
2.728182e-01 1.242755e+03 1.003945e+03 
2.758384e-01 1.221460e+03 9.820352e+02 
2.788586e-01 1.197636e+03 9.607904e+02 
2.818788e-01 1.171563e+03 9.401852e+02 
2.848990e-01 1.143718e+03 9.201951e+02 
2.879192e-01 1.114688e+03 9.007967e+02 
2.909394e-01 1.085167e+03 8.819676e+02 
2.939596e-01 1.055857e+03 8.636864e+02 
2.969798e-01 1.027442e+03 8.459329e+02 
3.000000e-01 1.000511e+03 8.286875e+02 
