1.000000e-03 5.714227e+03 5.714164e+03 
4.020202e-03 1.892003e+04 1.906834e+04 
7.040404e-03 2.745986e+04 2.766644e+04 
1.006061e-02 3.256486e+04 3.282448e+04 
1.308081e-02 3.510831e+04 3.544816e+04 
1.610101e-02 3.572631e+04 3.606370e+04 
1.912121e-02 3.492634e+04 3.507388e+04 
2.214141e-02 3.313676e+04 3.295915e+04 
2.516162e-02 3.072562e+04 3.027414e+04 
2.818182e-02 2.800319e+04 2.749411e+04 
3.120202e-02 2.521743e+04 2.490625e+04 
3.422222e-02 2.255304e+04 2.262256e+04 
3.724242e-02 2.013374e+04 2.065026e+04 
4.026263e-02 1.803290e+04 1.895290e+04 
4.328283e-02 1.626691e+04 1.748411e+04 
4.630303e-02 1.483485e+04 1.620155e+04 
4.932323e-02 1.373089e+04 1.507064e+04 
5.234343e-02 1.290033e+04 1.406433e+04 
5.536364e-02 1.228976e+04 1.316174e+04 
5.838384e-02 1.185088e+04 1.234667e+04 
6.140404e-02 1.152897e+04 1.160645e+04 
6.442424e-02 1.127509e+04 1.093100e+04 
6.744444e-02 1.104647e+04 1.031217e+04 
7.046465e-02 1.080632e+04 9.743273e+03 
7.348485e-02 1.052518e+04 9.218726e+03 
7.650505e-02 1.018333e+04 8.733821e+03 
7.952525e-02 9.772019e+03 8.284534e+03 
8.254545e-02 9.294133e+03 7.867391e+03 
8.556566e-02 8.762330e+03 7.479371e+03 
8.858586e-02 8.195550e+03 7.117823e+03 
9.160606e-02 7.616176e+03 6.780408e+03 
9.462626e-02 7.047032e+03 6.465051e+03 
9.764646e-02 6.508895e+03 6.169902e+03 
1.006667e-01 6.019187e+03 5.893307e+03 
1.036869e-01 5.589785e+03 5.633778e+03 
1.067071e-01 5.227853e+03 5.389977e+03 
1.097273e-01 4.934594e+03 5.160693e+03 
1.127475e-01 4.707634e+03 4.944830e+03 
1.157677e-01 4.540619e+03 4.741393e+03 
1.187879e-01 4.425073e+03 4.549476e+03 
1.218081e-01 4.350682e+03 4.368254e+03 
1.248283e-01 4.306034e+03 4.196974e+03 
1.278485e-01 4.279161e+03 4.034945e+03 
1.308687e-01 4.258107e+03 3.881536e+03 
1.338889e-01 4.231871e+03 3.736168e+03 
1.369091e-01 4.191319e+03 3.598306e+03 
1.399293e-01 4.129959e+03 3.467463e+03 
1.429495e-01 4.043873e+03 3.343185e+03 
1.459697e-01 3.932200e+03 3.225055e+03 
1.489899e-01 3.796155e+03 3.112691e+03 
1.520101e-01 3.639466e+03 3.005734e+03 
1.550303e-01 3.467482e+03 2.903856e+03 
1.580505e-01 3.287215e+03 2.806752e+03 
1.610707e-01 3.106226e+03 2.714139e+03 
1.640909e-01 2.932098e+03 2.625753e+03 
1.671111e-01 2.770947e+03 2.541349e+03 
1.701313e-01 2.627488e+03 2.460702e+03 
1.731515e-01 2.504211e+03 2.383598e+03 
1.761717e-01 2.402097e+03 2.309841e+03 
1.791919e-01 2.320690e+03 2.239245e+03 
1.822121e-01 2.258634e+03 2.171640e+03 
1.852323e-01 2.213933e+03 2.106865e+03 
1.882525e-01 2.183846e+03 2.044769e+03 
1.912727e-01 2.165101e+03 1.985211e+03 
1.942929e-01 2.153792e+03 1.928060e+03 
1.973131e-01 2.145783e+03 1.873192e+03 
2.003333e-01 2.136891e+03 1.820491e+03 
2.033535e-01 2.123636e+03 1.769849e+03 
2.063737e-01 2.103220e+03 1.721163e+03 
2.093939e-01 2.074057e+03 1.674338e+03 
2.124141e-01 2.035419e+03 1.629282e+03 
2.154343e-01 1.987544e+03 1.585911e+03 
2.184545e-01 1.931369e+03 1.544145e+03 
2.214747e-01 1.868391e+03 1.503908e+03 
2.244949e-01 1.800701e+03 1.465128e+03 
2.275152e-01 1.730675e+03 1.427740e+03 
2.305354e-01 1.660874e+03 1.391678e+03 
2.335556e-01 1.593668e+03 1.356883e+03 
2.365758e-01 1.531116e+03 1.323299e+03 
2.395960e-01 1.474709e+03 1.290872e+03 
2.426162e-01 1.425472e+03 1.259550e+03 
2.456364e-01 1.383802e+03 1.229286e+03 
2.486566e-01 1.349692e+03 1.200035e+03 
2.516768e-01 1.322659e+03 1.171753e+03 
2.546970e-01 1.301909e+03 1.144399e+03 
2.577172e-01 1.286365e+03 1.117935e+03 
2.607374e-01 1.274699e+03 1.092323e+03 
2.637576e-01 1.265459e+03 1.067528e+03 
2.667778e-01 1.257155e+03 1.043518e+03 
2.697980e-01 1.248409e+03 1.020260e+03 
2.728182e-01 1.238039e+03 9.977242e+02 
2.758384e-01 1.225167e+03 9.758825e+02 
2.788586e-01 1.209200e+03 9.547073e+02 
2.818788e-01 1.189892e+03 9.341726e+02 
2.848990e-01 1.167246e+03 9.142537e+02 
2.879192e-01 1.141577e+03 8.949270e+02 
2.909394e-01 1.113413e+03 8.761700e+02 
2.939596e-01 1.083494e+03 8.579612e+02 
2.969798e-01 1.052680e+03 8.402802e+02 
3.000000e-01 1.021888e+03 8.231075e+02 
