1.000000e-03 3.543835e+03 3.543800e+03 
4.020202e-03 1.169529e+04 1.173713e+04 
7.040404e-03 1.702852e+04 1.700682e+04 
1.006061e-02 2.031463e+04 2.023334e+04 
1.308081e-02 2.209657e+04 2.208184e+04 
1.610101e-02 2.276514e+04 2.300315e+04 
1.912121e-02 2.262146e+04 2.330391e+04 
2.214141e-02 2.191211e+04 2.319393e+04 
2.516162e-02 2.084170e+04 2.281515e+04 
2.818182e-02 1.957613e+04 2.226314e+04 
3.120202e-02 1.824643e+04 2.160267e+04 
3.422222e-02 1.694899e+04 2.087819e+04 
3.724242e-02 1.574798e+04 2.012044e+04 
4.026263e-02 1.468174e+04 1.935072e+04 
4.328283e-02 1.376450e+04 1.858376e+04 
4.630303e-02 1.298862e+04 1.782960e+04 
4.932323e-02 1.235204e+04 1.709500e+04 
5.234343e-02 1.183485e+04 1.638431e+04 
5.536364e-02 1.139632e+04 1.570024e+04 
5.838384e-02 1.101455e+04 1.504422e+04 
6.140404e-02 1.066726e+04 1.441687e+04 
6.442424e-02 1.032911e+04 1.381816e+04 
6.744444e-02 9.982381e+03 1.324767e+04 
7.046465e-02 9.615110e+03 1.270466e+04 
7.348485e-02 9.221329e+03 1.218820e+04 
7.650505e-02 8.802605e+03 1.169725e+04 
7.952525e-02 8.366396e+03 1.123070e+04 
8.254545e-02 7.923475e+03 1.078740e+04 
8.556566e-02 7.485747e+03 1.036619e+04 
8.858586e-02 7.064235e+03 9.965943e+03 
9.160606e-02 6.668416e+03 9.585548e+03 
9.462626e-02 6.305888e+03 9.223933e+03 
9.764646e-02 5.982375e+03 8.880070e+03 
1.006667e-01 5.701735e+03 8.552977e+03 
1.036869e-01 5.464274e+03 8.241721e+03 
1.067071e-01 5.267616e+03 7.945415e+03 
1.097273e-01 5.106133e+03 7.663223e+03 
1.127475e-01 4.972529e+03 7.394354e+03 
1.157677e-01 4.858308e+03 7.138065e+03 
1.187879e-01 4.755569e+03 6.893653e+03 
1.218081e-01 4.657054e+03 6.660460e+03 
1.248283e-01 4.557070e+03 6.437866e+03 
1.278485e-01 4.451012e+03 6.225288e+03 
1.308687e-01 4.336026e+03 6.022180e+03 
1.338889e-01 4.210638e+03 5.828028e+03 
1.369091e-01 4.075216e+03 5.642349e+03 
1.399293e-01 3.931566e+03 5.464691e+03 
1.429495e-01 3.782795e+03 5.294628e+03 
1.459697e-01 3.632463e+03 5.131760e+03 
1.489899e-01 3.484323e+03 4.975711e+03 
1.520101e-01 3.341841e+03 4.826130e+03 
1.550303e-01 3.208148e+03 4.682683e+03 
1.580505e-01 3.085603e+03 4.545059e+03 
1.610707e-01 2.975910e+03 4.412965e+03 
1.640909e-01 2.879807e+03 4.286123e+03 
1.671111e-01 2.797058e+03 4.164274e+03 
1.701313e-01 2.726421e+03 4.047172e+03 
1.731515e-01 2.665970e+03 3.934586e+03 
1.761717e-01 2.613355e+03 3.826300e+03 
1.791919e-01 2.566153e+03 3.722106e+03 
1.822121e-01 2.522001e+03 3.621812e+03 
1.852323e-01 2.478837e+03 3.525235e+03 
1.882525e-01 2.434846e+03 3.432201e+03 
1.912727e-01 2.388586e+03 3.342548e+03 
1.942929e-01 2.339066e+03 3.256121e+03 
1.973131e-01 2.285823e+03 3.172773e+03 
2.003333e-01 2.229034e+03 3.092368e+03 
2.033535e-01 2.169369e+03 3.014774e+03 
2.063737e-01 2.107932e+03 2.939867e+03 
2.093939e-01 2.045998e+03 2.867530e+03 
2.124141e-01 1.984806e+03 2.797652e+03 
2.154343e-01 1.925517e+03 2.730127e+03 
2.184545e-01 1.869138e+03 2.664855e+03 
2.214747e-01 1.816461e+03 2.601741e+03 
2.244949e-01 1.768006e+03 2.540696e+03 
2.275152e-01 1.724013e+03 2.481632e+03 
2.305354e-01 1.684470e+03 2.424470e+03 
2.335556e-01 1.649032e+03 2.369131e+03 
2.365758e-01 1.617168e+03 2.315541e+03 
2.395960e-01 1.588215e+03 2.263632e+03 
2.426162e-01 1.561458e+03 2.213335e+03 
2.456364e-01 1.536163e+03 2.164588e+03 
2.486566e-01 1.511623e+03 2.117329e+03 
2.516768e-01 1.487187e+03 2.071502e+03 
2.546970e-01 1.462310e+03 2.027052e+03 
2.577172e-01 1.436561e+03 1.983924e+03 
2.607374e-01 1.409752e+03 1.942071e+03 
2.637576e-01 1.381866e+03 1.901444e+03 
2.667778e-01 1.353132e+03 1.861997e+03 
2.697980e-01 1.323882e+03 1.823687e+03 
2.728182e-01 1.294527e+03 1.786472e+03 
2.758384e-01 1.265458e+03 1.750312e+03 
2.788586e-01 1.237009e+03 1.715170e+03 
2.818788e-01 1.209475e+03 1.681008e+03 
2.848990e-01 1.183110e+03 1.647793e+03 
2.879192e-01 1.158118e+03 1.615490e+03 
2.909394e-01 1.134656e+03 1.584068e+03 
2.939596e-01 1.112788e+03 1.553497e+03 
2.969798e-01 1.092499e+03 1.523746e+03 
3.000000e-01 1.073632e+03 1.494788e+03 
