1.000000e-03 3.127560e+03 3.127525e+03 
4.020202e-03 1.041814e+04 1.049830e+04 
7.040404e-03 1.525780e+04 1.535310e+04 
1.006061e-02 1.829764e+04 1.836754e+04 
1.308081e-02 2.000943e+04 2.003916e+04 
1.610101e-02 2.073517e+04 2.069260e+04 
1.912121e-02 2.073837e+04 2.058945e+04 
2.214141e-02 2.023353e+04 1.999063e+04 
2.516162e-02 1.939679e+04 1.913270e+04 
2.818182e-02 1.837283e+04 1.818284e+04 
3.120202e-02 1.727483e+04 1.723266e+04 
3.422222e-02 1.618701e+04 1.632193e+04 
3.724242e-02 1.516633e+04 1.546356e+04 
4.026263e-02 1.424725e+04 1.465910e+04 
4.328283e-02 1.344548e+04 1.390609e+04 
4.630303e-02 1.275626e+04 1.320101e+04 
4.932323e-02 1.217445e+04 1.254035e+04 
5.234343e-02 1.169021e+04 1.192086e+04 
5.536364e-02 1.126959e+04 1.133961e+04 
5.838384e-02 1.089023e+04 1.079396e+04 
6.140404e-02 1.053868e+04 1.028146e+04 
6.442424e-02 1.019503e+04 9.799864e+03 
6.744444e-02 9.844202e+03 9.347091e+03 
7.046465e-02 9.477015e+03 8.921201e+03 
7.348485e-02 9.089541e+03 8.520385e+03 
7.650505e-02 8.684216e+03 8.142960e+03 
7.952525e-02 8.268206e+03 7.787356e+03 
8.254545e-02 7.851689e+03 7.452110e+03 
8.556566e-02 7.444871e+03 7.135862e+03 
8.858586e-02 7.056800e+03 6.837347e+03 
9.160606e-02 6.694547e+03 6.555389e+03 
9.462626e-02 6.363413e+03 6.288896e+03 
9.764646e-02 6.067122e+03 6.036855e+03 
1.006667e-01 5.807929e+03 5.798323e+03 
1.036869e-01 5.585773e+03 5.572429e+03 
1.067071e-01 5.398186e+03 5.358360e+03 
1.097273e-01 5.240022e+03 5.155365e+03 
1.127475e-01 5.104375e+03 4.962747e+03 
1.157677e-01 4.983807e+03 4.779855e+03 
1.187879e-01 4.871016e+03 4.606089e+03 
1.218081e-01 4.760207e+03 4.440888e+03 
1.248283e-01 4.646702e+03 4.283733e+03 
1.278485e-01 4.527730e+03 4.134140e+03 
1.308687e-01 4.401636e+03 3.991660e+03 
1.338889e-01 4.268141e+03 3.855872e+03 
1.369091e-01 4.128112e+03 3.726388e+03 
1.399293e-01 3.983548e+03 3.602843e+03 
1.429495e-01 3.837103e+03 3.484899e+03 
1.459697e-01 3.691848e+03 3.372239e+03 
1.489899e-01 3.550823e+03 3.264567e+03 
1.520101e-01 3.416889e+03 3.161609e+03 
1.550303e-01 3.292158e+03 3.063105e+03 
1.580505e-01 3.178274e+03 2.968815e+03 
1.610707e-01 3.076141e+03 2.878513e+03 
1.640909e-01 2.985983e+03 2.791987e+03 
1.671111e-01 2.907035e+03 2.709039e+03 
1.701313e-01 2.837919e+03 2.629483e+03 
1.731515e-01 2.776657e+03 2.553145e+03 
1.761717e-01 2.721150e+03 2.479862e+03 
1.791919e-01 2.669265e+03 2.409478e+03 
1.822121e-01 2.619178e+03 2.341850e+03 
1.852323e-01 2.569286e+03 2.276842e+03 
1.882525e-01 2.518364e+03 2.214326e+03 
1.912727e-01 2.465448e+03 2.154181e+03 
1.942929e-01 2.410041e+03 2.096294e+03 
1.973131e-01 2.352028e+03 2.040557e+03 
2.003333e-01 2.291861e+03 1.986870e+03 
2.033535e-01 2.230322e+03 1.935137e+03 
2.063737e-01 2.168513e+03 1.885269e+03 
2.093939e-01 2.107497e+03 1.837179e+03 
2.124141e-01 2.048270e+03 1.790789e+03 
2.154343e-01 1.991619e+03 1.746022e+03 
2.184545e-01 1.938176e+03 1.702806e+03 
2.214747e-01 1.888334e+03 1.661073e+03 
2.244949e-01 1.842340e+03 1.620758e+03 
2.275152e-01 1.800220e+03 1.581800e+03 
2.305354e-01 1.761820e+03 1.544142e+03 
2.335556e-01 1.726702e+03 1.507727e+03 
2.365758e-01 1.694305e+03 1.472505e+03 
2.395960e-01 1.663956e+03 1.438426e+03 
2.426162e-01 1.635019e+03 1.405442e+03 
2.456364e-01 1.606903e+03 1.373508e+03 
2.486566e-01 1.579144e+03 1.342583e+03 
2.516768e-01 1.551356e+03 1.312625e+03 
2.546970e-01 1.523246e+03 1.283597e+03 
2.577172e-01 1.494598e+03 1.255461e+03 
2.607374e-01 1.465352e+03 1.228183e+03 
2.637576e-01 1.435568e+03 1.201729e+03 
2.667778e-01 1.405491e+03 1.176068e+03 
2.697980e-01 1.375433e+03 1.151169e+03 
2.728182e-01 1.345763e+03 1.127004e+03 
2.758384e-01 1.316813e+03 1.103545e+03 
2.788586e-01 1.288862e+03 1.080766e+03 
2.818788e-01 1.262078e+03 1.058641e+03 
2.848990e-01 1.236552e+03 1.037147e+03 
2.879192e-01 1.212326e+03 1.016261e+03 
2.909394e-01 1.189414e+03 9.959602e+02 
2.939596e-01 1.167794e+03 9.762247e+02 
2.969798e-01 1.147405e+03 9.570341e+02 
3.000000e-01 1.128102e+03 9.383691e+02 
