1.000000e-03 3.126790e+03 3.126758e+03 
4.020202e-03 1.018564e+04 1.026445e+04 
7.040404e-03 1.470305e+04 1.478621e+04 
1.006061e-02 1.744083e+04 1.747796e+04 
1.308081e-02 1.891646e+04 1.888606e+04 
1.610101e-02 1.948897e+04 1.936818e+04 
1.912121e-02 1.942355e+04 1.920742e+04 
2.214141e-02 1.892607e+04 1.865635e+04 
2.516162e-02 1.815917e+04 1.791220e+04 
2.818182e-02 1.724984e+04 1.709763e+04 
3.120202e-02 1.629327e+04 1.627540e+04 
3.422222e-02 1.535631e+04 1.547362e+04 
3.724242e-02 1.448203e+04 1.470383e+04 
4.026263e-02 1.369397e+04 1.397038e+04 
4.328283e-02 1.299056e+04 1.327448e+04 
4.630303e-02 1.237621e+04 1.261598e+04 
4.932323e-02 1.184956e+04 1.199400e+04 
5.234343e-02 1.137706e+04 1.140727e+04 
5.536364e-02 1.094002e+04 1.085430e+04 
5.838384e-02 1.052900e+04 1.033348e+04 
6.140404e-02 1.012849e+04 9.843122e+03 
6.442424e-02 9.728205e+03 9.381524e+03 
6.744444e-02 9.323166e+03 8.947002e+03 
7.046465e-02 8.911739e+03 8.537914e+03 
7.348485e-02 8.496875e+03 8.152676e+03 
7.650505e-02 8.085077e+03 7.789776e+03 
7.952525e-02 7.684602e+03 7.447776e+03 
8.254545e-02 7.302966e+03 7.125320e+03 
8.556566e-02 6.946152e+03 6.821133e+03 
8.858586e-02 6.617823e+03 6.534020e+03 
9.160606e-02 6.320113e+03 6.262862e+03 
9.462626e-02 6.053945e+03 6.006618e+03 
9.764646e-02 5.819086e+03 5.764315e+03 
1.006667e-01 5.613297e+03 5.535050e+03 
1.036869e-01 5.432601e+03 5.317982e+03 
1.067071e-01 5.271303e+03 5.112329e+03 
1.097273e-01 5.122732e+03 4.917365e+03 
1.127475e-01 4.981135e+03 4.732415e+03 
1.157677e-01 4.841577e+03 4.556852e+03 
1.187879e-01 4.701248e+03 4.390094e+03 
1.218081e-01 4.558421e+03 4.231600e+03 
1.248283e-01 4.412794e+03 4.080865e+03 
1.278485e-01 4.264780e+03 3.937423e+03 
1.308687e-01 4.115814e+03 3.800837e+03 
1.338889e-01 3.967793e+03 3.670702e+03 
1.369091e-01 3.823151e+03 3.546641e+03 
1.399293e-01 3.684113e+03 3.428301e+03 
1.429495e-01 3.552490e+03 3.315354e+03 
1.459697e-01 3.429545e+03 3.207495e+03 
1.489899e-01 3.315981e+03 3.104438e+03 
1.520101e-01 3.212060e+03 3.005916e+03 
1.550303e-01 3.117675e+03 2.911680e+03 
1.580505e-01 3.032174e+03 2.821496e+03 
1.610707e-01 2.954522e+03 2.735146e+03 
1.640909e-01 2.883167e+03 2.652426e+03 
1.671111e-01 2.816347e+03 2.573145e+03 
1.701313e-01 2.752316e+03 2.497123e+03 
1.731515e-01 2.689524e+03 2.424191e+03 
1.761717e-01 2.627073e+03 2.354193e+03 
1.791919e-01 2.564378e+03 2.286978e+03 
1.822121e-01 2.501276e+03 2.222409e+03 
1.852323e-01 2.437771e+03 2.160354e+03 
1.882525e-01 2.374047e+03 2.100689e+03 
1.912727e-01 2.310494e+03 2.043298e+03 
1.942929e-01 2.247733e+03 1.988072e+03 
1.973131e-01 2.186440e+03 1.934908e+03 
2.003333e-01 2.127312e+03 1.883709e+03 
2.033535e-01 2.070880e+03 1.834382e+03 
2.063737e-01 2.017530e+03 1.786841e+03 
2.093939e-01 1.967383e+03 1.741005e+03 
2.124141e-01 1.920406e+03 1.696796e+03 
2.154343e-01 1.876399e+03 1.654141e+03 
2.184545e-01 1.835083e+03 1.612971e+03 
2.214747e-01 1.796095e+03 1.573220e+03 
2.244949e-01 1.759029e+03 1.534826e+03 
2.275152e-01 1.723430e+03 1.497731e+03 
2.305354e-01 1.688883e+03 1.461879e+03 
2.335556e-01 1.655085e+03 1.427217e+03 
2.365758e-01 1.621803e+03 1.393694e+03 
2.395960e-01 1.588896e+03 1.361264e+03 
2.426162e-01 1.556272e+03 1.329881e+03 
2.456364e-01 1.523883e+03 1.299502e+03 
2.486566e-01 1.491759e+03 1.270087e+03 
2.516768e-01 1.459990e+03 1.241596e+03 
2.546970e-01 1.428745e+03 1.213992e+03 
2.577172e-01 1.398227e+03 1.187241e+03 
2.607374e-01 1.368631e+03 1.161310e+03 
2.637576e-01 1.340126e+03 1.136165e+03 
2.667778e-01 1.312766e+03 1.111776e+03 
2.697980e-01 1.286555e+03 1.088116e+03 
2.728182e-01 1.261430e+03 1.065156e+03 
2.758384e-01 1.237313e+03 1.042869e+03 
2.788586e-01 1.214134e+03 1.021231e+03 
2.818788e-01 1.191817e+03 1.000217e+03 
2.848990e-01 1.170286e+03 9.798049e+02 
2.879192e-01 1.149440e+03 9.599724e+02 
2.909394e-01 1.129158e+03 9.406985e+02 
2.939596e-01 1.109324e+03 9.219632e+02 
2.969798e-01 1.089835e+03 9.037473e+02 
3.000000e-01 1.070641e+03 8.860324e+02 
