1.000000e-03 4.902859e+03 4.902816e+03 
4.020202e-03 1.677536e+04 1.690605e+04 
7.040404e-03 2.486269e+04 2.505635e+04 
1.006061e-02 2.998876e+04 3.024630e+04 
1.308081e-02 3.281112e+04 3.317141e+04 
1.610101e-02 3.383564e+04 3.424282e+04 
1.912121e-02 3.348340e+04 3.376079e+04 
2.214141e-02 3.212257e+04 3.209464e+04 
2.516162e-02 3.008291e+04 2.972157e+04 
2.818182e-02 2.765087e+04 2.710944e+04 
3.120202e-02 2.506632e+04 2.458793e+04 
3.422222e-02 2.251668e+04 2.231897e+04 
3.724242e-02 2.013700e+04 2.034407e+04 
4.026263e-02 1.801548e+04 1.864386e+04 
4.328283e-02 1.618974e+04 1.717811e+04 
4.630303e-02 1.467107e+04 1.590517e+04 
4.932323e-02 1.346183e+04 1.478915e+04 
5.234343e-02 1.253049e+04 1.380126e+04 
5.536364e-02 1.183189e+04 1.291906e+04 
5.838384e-02 1.132028e+04 1.212516e+04 
6.140404e-02 1.095572e+04 1.140602e+04 
6.442424e-02 1.069407e+04 1.075100e+04 
6.744444e-02 1.049092e+04 1.015159e+04 
7.046465e-02 1.030702e+04 9.600893e+03 
7.348485e-02 1.010878e+04 9.093249e+03 
7.650505e-02 9.870020e+03 8.623922e+03 
7.952525e-02 9.573466e+03 8.188913e+03 
8.254545e-02 9.212255e+03 7.784804e+03 
8.556566e-02 8.789004e+03 7.408642e+03 
8.858586e-02 8.313557e+03 7.057856e+03 
9.160606e-02 7.801042e+03 6.730189e+03 
9.462626e-02 7.270203e+03 6.423647e+03 
9.764646e-02 6.740723e+03 6.136461e+03 
1.006667e-01 6.231893e+03 5.867049e+03 
1.036869e-01 5.760686e+03 5.613996e+03 
1.067071e-01 5.340799e+03 5.376026e+03 
1.097273e-01 4.980310e+03 5.151990e+03 
1.127475e-01 4.682905e+03 4.940845e+03 
1.157677e-01 4.447298e+03 4.741648e+03 
1.187879e-01 4.269484e+03 4.553537e+03 
1.218081e-01 4.142620e+03 4.375728e+03 
1.248283e-01 4.058644e+03 4.207505e+03 
1.278485e-01 4.008466e+03 4.048212e+03 
1.308687e-01 3.982219e+03 3.897249e+03 
1.338889e-01 3.969597e+03 3.754062e+03 
1.369091e-01 3.960391e+03 3.618144e+03 
1.399293e-01 3.945007e+03 3.489027e+03 
1.429495e-01 3.915283e+03 3.366281e+03 
1.459697e-01 3.865172e+03 3.249507e+03 
1.489899e-01 3.791094e+03 3.138337e+03 
1.520101e-01 3.692148e+03 3.032429e+03 
1.550303e-01 3.569482e+03 2.931469e+03 
1.580505e-01 3.426739e+03 2.835163e+03 
1.610707e-01 3.268911e+03 2.743240e+03 
1.640909e-01 3.102358e+03 2.655446e+03 
1.671111e-01 2.933769e+03 2.571546e+03 
1.701313e-01 2.769882e+03 2.491321e+03 
1.731515e-01 2.616341e+03 2.414567e+03 
1.761717e-01 2.477763e+03 2.341094e+03 
1.791919e-01 2.356951e+03 2.270722e+03 
1.822121e-01 2.255540e+03 2.203287e+03 
1.852323e-01 2.173712e+03 2.138632e+03 
1.882525e-01 2.110758e+03 2.076612e+03 
1.912727e-01 2.065125e+03 2.017090e+03 
1.942929e-01 2.034552e+03 1.959938e+03 
1.973131e-01 2.016263e+03 1.905038e+03 
2.003333e-01 2.006892e+03 1.852274e+03 
2.033535e-01 2.002847e+03 1.801543e+03 
2.063737e-01 2.000412e+03 1.752745e+03 
2.093939e-01 1.996140e+03 1.705785e+03 
2.124141e-01 1.986978e+03 1.660575e+03 
2.154343e-01 1.970668e+03 1.617033e+03 
2.184545e-01 1.945610e+03 1.575080e+03 
2.214747e-01 1.911188e+03 1.534643e+03 
2.244949e-01 1.867483e+03 1.495651e+03 
2.275152e-01 1.815470e+03 1.458039e+03 
2.305354e-01 1.756698e+03 1.421744e+03 
2.335556e-01 1.693220e+03 1.386709e+03 
2.365758e-01 1.627333e+03 1.352876e+03 
2.395960e-01 1.561403e+03 1.320194e+03 
2.426162e-01 1.497598e+03 1.288612e+03 
2.456364e-01 1.437822e+03 1.258084e+03 
2.486566e-01 1.383546e+03 1.228564e+03 
2.516768e-01 1.335825e+03 1.200010e+03 
2.546970e-01 1.295299e+03 1.172381e+03 
2.577172e-01 1.262108e+03 1.145640e+03 
2.607374e-01 1.236032e+03 1.119750e+03 
2.637576e-01 1.216392e+03 1.094676e+03 
2.667778e-01 1.202245e+03 1.070386e+03 
2.697980e-01 1.192360e+03 1.046848e+03 
2.728182e-01 1.185412e+03 1.024032e+03 
2.758384e-01 1.180025e+03 1.001911e+03 
2.788586e-01 1.174909e+03 9.804569e+02 
2.818788e-01 1.168866e+03 9.596442e+02 
2.848990e-01 1.160903e+03 9.394484e+02 
2.879192e-01 1.150212e+03 9.198461e+02 
2.909394e-01 1.136255e+03 9.008152e+02 
2.939596e-01 1.118772e+03 8.823342e+02 
2.969798e-01 1.097779e+03 8.643829e+02 
3.000000e-01 1.073643e+03 8.469418e+02 
