1.000000e-03 4.504731e+03 4.504688e+03 
4.020202e-03 1.508113e+04 1.519812e+04 
7.040404e-03 2.206974e+04 2.222972e+04 
1.006061e-02 2.636988e+04 2.655715e+04 
1.308081e-02 2.864397e+04 2.887093e+04 
1.610101e-02 2.938380e+04 2.958761e+04 
1.912121e-02 2.898245e+04 2.903536e+04 
2.214141e-02 2.777442e+04 2.759749e+04 
2.516162e-02 2.604714e+04 2.569945e+04 
2.818182e-02 2.404283e+04 2.369436e+04 
3.120202e-02 2.195623e+04 2.179272e+04 
3.422222e-02 1.993439e+04 2.007951e+04 
3.724242e-02 1.807715e+04 1.856645e+04 
4.026263e-02 1.644636e+04 1.723443e+04 
4.328283e-02 1.505997e+04 1.605640e+04 
4.630303e-02 1.391848e+04 1.500686e+04 
4.932323e-02 1.302304e+04 1.406454e+04 
5.234343e-02 1.233376e+04 1.321251e+04 
5.536364e-02 1.180525e+04 1.243744e+04 
5.838384e-02 1.139972e+04 1.172883e+04 
6.140404e-02 1.107933e+04 1.107824e+04 
6.442424e-02 1.080498e+04 1.047883e+04 
6.744444e-02 1.054098e+04 9.924932e+03 
7.046465e-02 1.025961e+04 9.411804e+03 
7.348485e-02 9.940726e+03 8.935395e+03 
7.650505e-02 9.572941e+03 8.492219e+03 
7.952525e-02 9.154147e+03 8.079239e+03 
8.254545e-02 8.691286e+03 7.693788e+03 
8.556566e-02 8.196914e+03 7.333506e+03 
8.858586e-02 7.686961e+03 6.996293e+03 
9.160606e-02 7.178875e+03 6.680273e+03 
9.462626e-02 6.689349e+03 6.383757e+03 
9.764646e-02 6.233651e+03 6.105225e+03 
1.006667e-01 5.824019e+03 5.843302e+03 
1.036869e-01 5.468925e+03 5.596741e+03 
1.067071e-01 5.172283e+03 5.364410e+03 
1.097273e-01 4.933275e+03 5.145276e+03 
1.127475e-01 4.747632e+03 4.938397e+03 
1.157677e-01 4.608126e+03 4.742914e+03 
1.187879e-01 4.506150e+03 4.558036e+03 
1.218081e-01 4.432043e+03 4.383042e+03 
1.248283e-01 4.375966e+03 4.217268e+03 
1.278485e-01 4.328121e+03 4.060103e+03 
1.308687e-01 4.279384e+03 3.910985e+03 
1.338889e-01 4.221516e+03 3.769396e+03 
1.369091e-01 4.148623e+03 3.634857e+03 
1.399293e-01 4.056759e+03 3.506927e+03 
1.429495e-01 3.944878e+03 3.385197e+03 
1.459697e-01 3.814076e+03 3.269287e+03 
1.489899e-01 3.667542e+03 3.158848e+03 
1.520101e-01 3.509719e+03 3.053554e+03 
1.550303e-01 3.345842e+03 2.953103e+03 
1.580505e-01 3.181682e+03 2.857212e+03 
1.610707e-01 3.022916e+03 2.765621e+03 
1.640909e-01 2.874653e+03 2.678087e+03 
1.671111e-01 2.740911e+03 2.594381e+03 
1.701313e-01 2.624440e+03 2.514293e+03 
1.731515e-01 2.526240e+03 2.437625e+03 
1.761717e-01 2.446106e+03 2.364192e+03 
1.791919e-01 2.382607e+03 2.293820e+03 
1.822121e-01 2.333701e+03 2.226349e+03 
1.852323e-01 2.296750e+03 2.161627e+03 
1.882525e-01 2.268828e+03 2.099512e+03 
1.912727e-01 2.246774e+03 2.039871e+03 
1.942929e-01 2.227304e+03 1.982579e+03 
1.973131e-01 2.207181e+03 1.927519e+03 
2.003333e-01 2.183599e+03 1.874580e+03 
2.033535e-01 2.154320e+03 1.823659e+03 
2.063737e-01 2.118013e+03 1.774657e+03 
2.093939e-01 2.074203e+03 1.727484e+03 
2.124141e-01 2.023219e+03 1.682052e+03 
2.154343e-01 1.966139e+03 1.638280e+03 
2.184545e-01 1.904469e+03 1.596090e+03 
2.214747e-01 1.840038e+03 1.555411e+03 
2.244949e-01 1.774785e+03 1.516172e+03 
2.275152e-01 1.710705e+03 1.478310e+03 
2.305354e-01 1.649551e+03 1.441762e+03 
2.335556e-01 1.592808e+03 1.406472e+03 
2.365758e-01 1.541543e+03 1.372383e+03 
2.395960e-01 1.496483e+03 1.339443e+03 
2.426162e-01 1.457826e+03 1.307604e+03 
2.456364e-01 1.425442e+03 1.276818e+03 
2.486566e-01 1.398828e+03 1.247042e+03 
2.516768e-01 1.377181e+03 1.218232e+03 
2.546970e-01 1.359453e+03 1.190349e+03 
2.577172e-01 1.344440e+03 1.163355e+03 
2.607374e-01 1.330891e+03 1.137214e+03 
2.637576e-01 1.317603e+03 1.111891e+03 
2.667778e-01 1.303526e+03 1.087354e+03 
2.697980e-01 1.287849e+03 1.063571e+03 
2.728182e-01 1.270021e+03 1.040514e+03 
2.758384e-01 1.249722e+03 1.018153e+03 
2.788586e-01 1.226916e+03 9.964620e+02 
2.818788e-01 1.201750e+03 9.754155e+02 
2.848990e-01 1.174606e+03 9.549889e+02 
2.879192e-01 1.146012e+03 9.351588e+02 
2.909394e-01 1.116652e+03 9.159031e+02 
2.939596e-01 1.087237e+03 8.972004e+02 
2.969798e-01 1.058480e+03 8.790305e+02 
3.000000e-01 1.031004e+03 8.613740e+02 
