1.000000e-03 2.276257e+03 2.276232e+03 
4.020202e-03 7.682556e+03 7.744092e+03 
7.040404e-03 1.128638e+04 1.134886e+04 
1.006061e-02 1.358279e+04 1.359063e+04 
1.308081e-02 1.494573e+04 1.487246e+04 
1.610101e-02 1.563932e+04 1.547597e+04 
1.912121e-02 1.585596e+04 1.561466e+04 
2.214141e-02 1.574086e+04 1.545648e+04 
2.516162e-02 1.540505e+04 1.512144e+04 
2.818182e-02 1.493326e+04 1.468556e+04 
3.120202e-02 1.438831e+04 1.419431e+04 
3.422222e-02 1.381527e+04 1.367513e+04 
3.724242e-02 1.324380e+04 1.314531e+04 
4.026263e-02 1.269203e+04 1.261615e+04 
4.328283e-02 1.216853e+04 1.209516e+04 
4.630303e-02 1.167388e+04 1.158734e+04 
4.932323e-02 1.120939e+04 1.109594e+04 
5.234343e-02 1.077236e+04 1.062297e+04 
5.536364e-02 1.035127e+04 1.016955e+04 
5.838384e-02 9.942153e+03 9.736171e+03 
6.140404e-02 9.547304e+03 9.322858e+03 
6.442424e-02 9.164751e+03 8.929335e+03 
6.744444e-02 8.791522e+03 8.555101e+03 
7.046465e-02 8.427984e+03 8.199514e+03 
7.348485e-02 8.076145e+03 7.861835e+03 
7.650505e-02 7.739665e+03 7.541276e+03 
7.952525e-02 7.421833e+03 7.237020e+03 
8.254545e-02 7.125111e+03 6.948249e+03 
8.556566e-02 6.849474e+03 6.674153e+03 
8.858586e-02 6.593397e+03 6.413941e+03 
9.160606e-02 6.354863e+03 6.166850e+03 
9.462626e-02 6.132066e+03 5.932148e+03 
9.764646e-02 5.924087e+03 5.709136e+03 
1.006667e-01 5.729714e+03 5.497149e+03 
1.036869e-01 5.547122e+03 5.295559e+03 
1.067071e-01 5.373772e+03 5.103772e+03 
1.097273e-01 5.206755e+03 4.921226e+03 
1.127475e-01 5.043998e+03 4.747396e+03 
1.157677e-01 4.884215e+03 4.581785e+03 
1.187879e-01 4.727597e+03 4.423929e+03 
1.218081e-01 4.574699e+03 4.273389e+03 
1.248283e-01 4.426415e+03 4.129756e+03 
1.278485e-01 4.283754e+03 3.992644e+03 
1.308687e-01 4.147343e+03 3.861694e+03 
1.338889e-01 4.017539e+03 3.736567e+03 
1.369091e-01 3.894498e+03 3.616945e+03 
1.399293e-01 3.778137e+03 3.502532e+03 
1.429495e-01 3.668230e+03 3.393046e+03 
1.459697e-01 3.564279e+03 3.288227e+03 
1.489899e-01 3.465756e+03 3.187828e+03 
1.520101e-01 3.372170e+03 3.091619e+03 
1.550303e-01 3.283029e+03 2.999382e+03 
1.580505e-01 3.197767e+03 2.910914e+03 
1.610707e-01 3.115780e+03 2.826022e+03 
1.640909e-01 3.036512e+03 2.744526e+03 
1.671111e-01 2.959449e+03 2.666257e+03 
1.701313e-01 2.884273e+03 2.591056e+03 
1.731515e-01 2.810955e+03 2.518770e+03 
1.761717e-01 2.739538e+03 2.449260e+03 
1.791919e-01 2.670205e+03 2.382392e+03 
1.822121e-01 2.603130e+03 2.318038e+03 
1.852323e-01 2.538325e+03 2.256082e+03 
1.882525e-01 2.475756e+03 2.196409e+03 
1.912727e-01 2.415432e+03 2.138915e+03 
1.942929e-01 2.357390e+03 2.083500e+03 
1.973131e-01 2.301647e+03 2.030068e+03 
2.003333e-01 2.248204e+03 1.978530e+03 
2.033535e-01 2.196976e+03 1.928802e+03 
2.063737e-01 2.147718e+03 1.880803e+03 
2.093939e-01 2.100185e+03 1.834457e+03 
2.124141e-01 2.054183e+03 1.789693e+03 
2.154343e-01 2.009543e+03 1.746442e+03 
2.184545e-01 1.966197e+03 1.704639e+03 
2.214747e-01 1.924114e+03 1.664224e+03 
2.244949e-01 1.883232e+03 1.625137e+03 
2.275152e-01 1.843467e+03 1.587324e+03 
2.305354e-01 1.804751e+03 1.550731e+03 
2.335556e-01 1.767045e+03 1.515310e+03 
2.365758e-01 1.730334e+03 1.481012e+03 
2.395960e-01 1.694670e+03 1.447792e+03 
2.426162e-01 1.660096e+03 1.415608e+03 
2.456364e-01 1.626590e+03 1.384417e+03 
2.486566e-01 1.594108e+03 1.354182e+03 
2.516768e-01 1.562585e+03 1.324866e+03 
2.546970e-01 1.531943e+03 1.296431e+03 
2.577172e-01 1.502156e+03 1.268846e+03 
2.607374e-01 1.473235e+03 1.242077e+03 
2.637576e-01 1.445176e+03 1.216095e+03 
2.667778e-01 1.417949e+03 1.190869e+03 
2.697980e-01 1.391507e+03 1.166371e+03 
2.728182e-01 1.365767e+03 1.142575e+03 
2.758384e-01 1.340648e+03 1.119456e+03 
2.788586e-01 1.316123e+03 1.096988e+03 
2.818788e-01 1.292183e+03 1.075148e+03 
2.848990e-01 1.268836e+03 1.053915e+03 
2.879192e-01 1.246095e+03 1.033266e+03 
2.909394e-01 1.223952e+03 1.013181e+03 
2.939596e-01 1.202375e+03 9.936400e+02 
2.969798e-01 1.181333e+03 9.746249e+02 
3.000000e-01 1.160802e+03 9.561173e+02 
