1.000000e-03 2.736577e+03 2.736550e+03 
4.020202e-03 9.180814e+03 9.251577e+03 
7.040404e-03 1.349200e+04 1.357382e+04 
1.006061e-02 1.622784e+04 1.627844e+04 
1.308081e-02 1.780202e+04 1.780407e+04 
1.610101e-02 1.851562e+04 1.844458e+04 
1.912121e-02 1.859995e+04 1.843750e+04 
2.214141e-02 1.824086e+04 1.800995e+04 
2.516162e-02 1.759030e+04 1.735726e+04 
2.818182e-02 1.677199e+04 1.661254e+04 
3.120202e-02 1.588116e+04 1.584867e+04 
3.422222e-02 1.498885e+04 1.509937e+04 
3.724242e-02 1.414343e+04 1.437836e+04 
4.026263e-02 1.337441e+04 1.369047e+04 
4.328283e-02 1.268524e+04 1.303684e+04 
4.630303e-02 1.208653e+04 1.241716e+04 
4.932323e-02 1.157974e+04 1.183051e+04 
5.234343e-02 1.113786e+04 1.127568e+04 
5.536364e-02 1.073906e+04 1.075134e+04 
5.838384e-02 1.036856e+04 1.025607e+04 
6.140404e-02 1.001686e+04 9.788431e+03 
6.442424e-02 9.670779e+03 9.346963e+03 
6.744444e-02 9.318315e+03 8.930229e+03 
7.046465e-02 8.953989e+03 8.536820e+03 
7.348485e-02 8.577112e+03 8.165370e+03 
7.650505e-02 8.191172e+03 7.814568e+03 
7.952525e-02 7.803807e+03 7.483160e+03 
8.254545e-02 7.423997e+03 7.169954e+03 
8.556566e-02 7.060109e+03 6.873823e+03 
8.858586e-02 6.718262e+03 6.593705e+03 
9.160606e-02 6.402631e+03 6.328602e+03 
9.462626e-02 6.115998e+03 6.077575e+03 
9.764646e-02 5.859966e+03 5.839748e+03 
1.006667e-01 5.634717e+03 5.614299e+03 
1.036869e-01 5.439307e+03 5.400463e+03 
1.067071e-01 5.270242e+03 5.197522e+03 
1.097273e-01 5.122672e+03 5.004811e+03 
1.127475e-01 4.990098e+03 4.821706e+03 
1.157677e-01 4.866022e+03 4.647626e+03 
1.187879e-01 4.745128e+03 4.482030e+03 
1.218081e-01 4.623253e+03 4.324414e+03 
1.248283e-01 4.498090e+03 4.174306e+03 
1.278485e-01 4.368436e+03 4.031268e+03 
1.308687e-01 4.234326e+03 3.894889e+03 
1.338889e-01 4.096623e+03 3.764788e+03 
1.369091e-01 3.956933e+03 3.640606e+03 
1.399293e-01 3.817348e+03 3.522012e+03 
1.429495e-01 3.680249e+03 3.408692e+03 
1.459697e-01 3.547841e+03 3.300356e+03 
1.489899e-01 3.422160e+03 3.196731e+03 
1.520101e-01 3.304769e+03 3.097561e+03 
1.550303e-01 3.196881e+03 3.002608e+03 
1.580505e-01 3.098998e+03 2.911647e+03 
1.610707e-01 3.011146e+03 2.824469e+03 
1.640909e-01 2.932577e+03 2.740878e+03 
1.671111e-01 2.862112e+03 2.660687e+03 
1.701313e-01 2.798051e+03 2.583724e+03 
1.731515e-01 2.738593e+03 2.509825e+03 
1.761717e-01 2.681910e+03 2.438838e+03 
1.791919e-01 2.626558e+03 2.370617e+03 
1.822121e-01 2.571454e+03 2.305028e+03 
1.852323e-01 2.515837e+03 2.241943e+03 
1.882525e-01 2.459173e+03 2.181241e+03 
1.912727e-01 2.401237e+03 2.122808e+03 
1.942929e-01 2.342019e+03 2.066538e+03 
1.973131e-01 2.281915e+03 2.012330e+03 
2.003333e-01 2.221539e+03 1.960088e+03 
2.033535e-01 2.161821e+03 1.909722e+03 
2.063737e-01 2.103670e+03 1.861148e+03 
2.093939e-01 2.047796e+03 1.814283e+03 
2.124141e-01 1.994724e+03 1.769053e+03 
2.154343e-01 1.944721e+03 1.725385e+03 
2.184545e-01 1.897914e+03 1.683211e+03 
2.214747e-01 1.854294e+03 1.642466e+03 
2.244949e-01 1.813743e+03 1.603089e+03 
2.275152e-01 1.776044e+03 1.565022e+03 
2.305354e-01 1.740816e+03 1.528208e+03 
2.335556e-01 1.707574e+03 1.492597e+03 
2.365758e-01 1.675803e+03 1.458137e+03 
2.395960e-01 1.644994e+03 1.424782e+03 
2.426162e-01 1.614737e+03 1.392487e+03 
2.456364e-01 1.584706e+03 1.361209e+03 
2.486566e-01 1.554736e+03 1.330908e+03 
2.516768e-01 1.524726e+03 1.301544e+03 
2.546970e-01 1.494650e+03 1.273081e+03 
2.577172e-01 1.464538e+03 1.245483e+03 
2.607374e-01 1.434482e+03 1.218717e+03 
2.637576e-01 1.404647e+03 1.192752e+03 
2.667778e-01 1.375262e+03 1.167556e+03 
2.697980e-01 1.346579e+03 1.143101e+03 
2.728182e-01 1.318858e+03 1.119359e+03 
2.758384e-01 1.292246e+03 1.096304e+03 
2.788586e-01 1.266819e+03 1.073909e+03 
2.818788e-01 1.242561e+03 1.052152e+03 
2.848990e-01 1.219414e+03 1.031009e+03 
2.879192e-01 1.197308e+03 1.010457e+03 
2.909394e-01 1.176158e+03 9.904769e+02 
2.939596e-01 1.155869e+03 9.710468e+02 
2.969798e-01 1.136333e+03 9.521480e+02 
3.000000e-01 1.117427e+03 9.337619e+02 
