1.000000e-03 7.730859e+03 7.730774e+03 
4.020202e-03 2.603932e+04 2.624150e+04 
7.040404e-03 3.823364e+04 3.854629e+04 
1.006061e-02 4.572527e+04 4.619699e+04 
1.308081e-02 4.957246e+04 5.030769e+04 
1.610101e-02 5.057907e+04 5.149037e+04 
1.912121e-02 4.941707e+04 5.015986e+04 
2.214141e-02 4.668410e+04 4.685929e+04 
2.516162e-02 4.291764e+04 4.236827e+04 
2.818182e-02 3.859166e+04 3.751752e+04 
3.120202e-02 3.410001e+04 3.292743e+04 
3.422222e-02 2.974893e+04 2.890866e+04 
3.724242e-02 2.575479e+04 2.553029e+04 
4.026263e-02 2.224894e+04 2.273498e+04 
4.328283e-02 1.928290e+04 2.042346e+04 
4.630303e-02 1.686583e+04 1.849701e+04 
4.932323e-02 1.497381e+04 1.687272e+04 
5.234343e-02 1.355138e+04 1.548569e+04 
5.536364e-02 1.252222e+04 1.428663e+04 
5.838384e-02 1.181531e+04 1.323843e+04 
6.140404e-02 1.136420e+04 1.231309e+04 
6.442424e-02 1.110065e+04 1.148928e+04 
6.744444e-02 1.096038e+04 1.075051e+04 
7.046465e-02 1.088432e+04 1.008389e+04 
7.348485e-02 1.081883e+04 9.479188e+03 
7.650505e-02 1.071663e+04 8.928133e+03 
7.952525e-02 1.054137e+04 8.423973e+03 
8.254545e-02 1.026919e+04 7.961114e+03 
8.556566e-02 9.889638e+03 7.534870e+03 
8.858586e-02 9.406364e+03 7.141271e+03 
9.160606e-02 8.835419e+03 6.776927e+03 
9.462626e-02 8.200167e+03 6.438913e+03 
9.764646e-02 7.531348e+03 6.124692e+03 
1.006667e-01 6.860468e+03 5.832043e+03 
1.036869e-01 6.217677e+03 5.559016e+03 
1.067071e-01 5.627179e+03 5.303887e+03 
1.097273e-01 5.107466e+03 5.065126e+03 
1.127475e-01 4.667897e+03 4.841367e+03 
1.157677e-01 4.312312e+03 4.631390e+03 
1.187879e-01 4.039061e+03 4.434097e+03 
1.218081e-01 3.842987e+03 4.248502e+03 
1.248283e-01 3.716473e+03 4.073712e+03 
1.278485e-01 3.649984e+03 3.908919e+03 
1.308687e-01 3.632587e+03 3.753391e+03 
1.338889e-01 3.651771e+03 3.606460e+03 
1.369091e-01 3.694136e+03 3.467518e+03 
1.399293e-01 3.745812e+03 3.336010e+03 
1.429495e-01 3.793502e+03 3.211428e+03 
1.459697e-01 3.825019e+03 3.093307e+03 
1.489899e-01 3.830310e+03 2.981218e+03 
1.520101e-01 3.801959e+03 2.874769e+03 
1.550303e-01 3.735389e+03 2.773598e+03 
1.580505e-01 3.630121e+03 2.677372e+03 
1.610707e-01 3.488796e+03 2.585782e+03 
1.640909e-01 3.317988e+03 2.498545e+03 
1.671111e-01 3.126340e+03 2.415395e+03 
1.701313e-01 2.924081e+03 2.336090e+03 
1.731515e-01 2.721203e+03 2.260403e+03 
1.761717e-01 2.526863e+03 2.188124e+03 
1.791919e-01 2.347955e+03 2.119057e+03 
1.822121e-01 2.189665e+03 2.053020e+03 
1.852323e-01 2.055306e+03 1.989844e+03 
1.882525e-01 1.946480e+03 1.929372e+03 
1.912727e-01 1.863521e+03 1.871455e+03 
1.942929e-01 1.805508e+03 1.815956e+03 
1.973131e-01 1.770563e+03 1.762746e+03 
2.003333e-01 1.755697e+03 1.711706e+03 
2.033535e-01 1.757153e+03 1.662722e+03 
2.063737e-01 1.770593e+03 1.615689e+03 
2.093939e-01 1.791248e+03 1.570507e+03 
2.124141e-01 1.814290e+03 1.527084e+03 
2.154343e-01 1.835073e+03 1.485333e+03 
2.184545e-01 1.849422e+03 1.445171e+03 
2.214747e-01 1.853727e+03 1.406521e+03 
2.244949e-01 1.845429e+03 1.369311e+03 
2.275152e-01 1.822911e+03 1.333472e+03 
2.305354e-01 1.785925e+03 1.298940e+03 
2.335556e-01 1.735347e+03 1.265654e+03 
2.365758e-01 1.673128e+03 1.233556e+03 
2.395960e-01 1.602140e+03 1.202593e+03 
2.426162e-01 1.525714e+03 1.172713e+03 
2.456364e-01 1.447341e+03 1.143867e+03 
2.486566e-01 1.370341e+03 1.116011e+03 
2.516768e-01 1.297701e+03 1.089100e+03 
2.546970e-01 1.231735e+03 1.063094e+03 
2.577172e-01 1.174197e+03 1.037954e+03 
2.607374e-01 1.126102e+03 1.013643e+03 
2.637576e-01 1.087913e+03 9.901266e+02 
2.667778e-01 1.059473e+03 9.673708e+02 
2.697980e-01 1.040180e+03 9.453444e+02 
2.728182e-01 1.029082e+03 9.240176e+02 
2.758384e-01 1.024858e+03 9.033620e+02 
2.788586e-01 1.025978e+03 8.833507e+02 
2.818788e-01 1.030712e+03 8.639578e+02 
2.848990e-01 1.037241e+03 8.451590e+02 
2.879192e-01 1.043713e+03 8.269311e+02 
2.909394e-01 1.048398e+03 8.092517e+02 
2.939596e-01 1.049753e+03 7.920999e+02 
2.969798e-01 1.046588e+03 7.754554e+02 
3.000000e-01 1.038122e+03 7.592991e+02 
