1.000000e-03 4.051869e+03 4.051826e+03 
4.020202e-03 1.354982e+04 1.365397e+04 
7.040404e-03 1.980100e+04 1.993424e+04 
1.006061e-02 2.364077e+04 2.377521e+04 
1.308081e-02 2.568380e+04 2.581627e+04 
1.610101e-02 2.638152e+04 2.645593e+04 
1.912121e-02 2.609135e+04 2.601989e+04 
2.214141e-02 2.511097e+04 2.486949e+04 
2.516162e-02 2.369203e+04 2.336806e+04 
2.818182e-02 2.204344e+04 2.178872e+04 
3.120202e-02 2.032991e+04 2.028095e+04 
3.422222e-02 1.867345e+04 1.890119e+04 
3.724242e-02 1.715535e+04 1.765690e+04 
4.026263e-02 1.582430e+04 1.653643e+04 
4.328283e-02 1.469271e+04 1.552354e+04 
4.630303e-02 1.375632e+04 1.460295e+04 
4.932323e-02 1.301561e+04 1.376185e+04 
5.234343e-02 1.243247e+04 1.298983e+04 
5.536364e-02 1.196371e+04 1.227852e+04 
5.838384e-02 1.157942e+04 1.162108e+04 
6.140404e-02 1.124545e+04 1.101184e+04 
6.442424e-02 1.092981e+04 1.044605e+04 
6.744444e-02 1.060595e+04 9.919614e+03 
7.046465e-02 1.025465e+04 9.428994e+03 
7.348485e-02 9.865329e+03 8.971083e+03 
7.650505e-02 9.435773e+03 8.543126e+03 
7.952525e-02 8.971724e+03 8.142667e+03 
8.254545e-02 8.485069e+03 7.767504e+03 
8.556566e-02 7.990341e+03 7.415651e+03 
8.858586e-02 7.502729e+03 7.085312e+03 
9.160606e-02 7.036480e+03 6.774856e+03 
9.462626e-02 6.603836e+03 6.482803e+03 
9.764646e-02 6.215209e+03 6.207802e+03 
1.006667e-01 5.877264e+03 5.948619e+03 
1.036869e-01 5.593405e+03 5.704127e+03 
1.067071e-01 5.361987e+03 5.473292e+03 
1.097273e-01 5.178229e+03 5.255168e+03 
1.127475e-01 5.034349e+03 5.048885e+03 
1.157677e-01 4.921202e+03 4.853644e+03 
1.187879e-01 4.828989e+03 4.668707e+03 
1.218081e-01 4.748489e+03 4.493399e+03 
1.248283e-01 4.671062e+03 4.327092e+03 
1.278485e-01 4.589169e+03 4.169210e+03 
1.308687e-01 4.496786e+03 4.019219e+03 
1.338889e-01 4.389875e+03 3.876626e+03 
1.369091e-01 4.266907e+03 3.740974e+03 
1.399293e-01 4.128429e+03 3.611840e+03 
1.429495e-01 3.977229e+03 3.488830e+03 
1.459697e-01 3.817209e+03 3.371580e+03 
1.489899e-01 3.653110e+03 3.259752e+03 
1.520101e-01 3.489837e+03 3.153030e+03 
1.550303e-01 3.332251e+03 3.051120e+03 
1.580505e-01 3.184609e+03 2.953751e+03 
1.610707e-01 3.050500e+03 2.860666e+03 
1.640909e-01 2.932244e+03 2.771628e+03 
1.671111e-01 2.831108e+03 2.686416e+03 
1.701313e-01 2.746583e+03 2.604822e+03 
1.731515e-01 2.677257e+03 2.526652e+03 
1.761717e-01 2.620790e+03 2.451724e+03 
1.791919e-01 2.574468e+03 2.379869e+03 
1.822121e-01 2.535320e+03 2.310928e+03 
1.852323e-01 2.500429e+03 2.244750e+03 
1.882525e-01 2.466957e+03 2.181196e+03 
1.912727e-01 2.432289e+03 2.120134e+03 
1.942929e-01 2.394182e+03 2.061440e+03 
1.973131e-01 2.351059e+03 2.004999e+03 
2.003333e-01 2.302097e+03 1.950699e+03 
2.033535e-01 2.247269e+03 1.898439e+03 
2.063737e-01 2.187339e+03 1.848121e+03 
2.093939e-01 2.123574e+03 1.799654e+03 
2.124141e-01 2.057593e+03 1.752951e+03 
2.154343e-01 1.991107e+03 1.707931e+03 
2.184545e-01 1.925799e+03 1.664516e+03 
2.214747e-01 1.863198e+03 1.622634e+03 
2.244949e-01 1.804615e+03 1.582217e+03 
2.275152e-01 1.750979e+03 1.543198e+03 
2.305354e-01 1.702895e+03 1.505517e+03 
2.335556e-01 1.660508e+03 1.469115e+03 
2.365758e-01 1.623673e+03 1.433938e+03 
2.395960e-01 1.591879e+03 1.399932e+03 
2.426162e-01 1.564412e+03 1.367047e+03 
2.456364e-01 1.540352e+03 1.335238e+03 
2.486566e-01 1.518675e+03 1.304459e+03 
2.516768e-01 1.498297e+03 1.274667e+03 
2.546970e-01 1.478181e+03 1.245823e+03 
2.577172e-01 1.457391e+03 1.217888e+03 
2.607374e-01 1.435272e+03 1.190825e+03 
2.637576e-01 1.411405e+03 1.164599e+03 
2.667778e-01 1.385679e+03 1.139179e+03 
2.697980e-01 1.358202e+03 1.114531e+03 
2.728182e-01 1.329263e+03 1.090627e+03 
2.758384e-01 1.299271e+03 1.067437e+03 
2.788586e-01 1.268705e+03 1.044934e+03 
2.818788e-01 1.238099e+03 1.023093e+03 
2.848990e-01 1.207997e+03 1.001889e+03 
2.879192e-01 1.178934e+03 9.812967e+02 
2.909394e-01 1.151370e+03 9.612952e+02 
2.939596e-01 1.125670e+03 9.418623e+02 
2.969798e-01 1.102017e+03 9.229773e+02 
3.000000e-01 1.080464e+03 9.046207e+02 
