1.000000e-03 2.544489e+03 2.544468e+03 
4.020202e-03 8.696146e+03 8.763075e+03 
7.040404e-03 1.286453e+04 1.294155e+04 
1.006061e-02 1.553262e+04 1.557872e+04 
1.308081e-02 1.708429e+04 1.708213e+04 
1.610101e-02 1.780508e+04 1.773170e+04 
1.912121e-02 1.791669e+04 1.775845e+04 
2.214141e-02 1.759898e+04 1.738307e+04 
2.516162e-02 1.699889e+04 1.679179e+04 
2.818182e-02 1.623528e+04 1.610903e+04 
3.120202e-02 1.540112e+04 1.540236e+04 
3.422222e-02 1.456404e+04 1.470350e+04 
3.724242e-02 1.377051e+04 1.402614e+04 
4.026263e-02 1.304777e+04 1.337583e+04 
4.328283e-02 1.239845e+04 1.275467e+04 
4.630303e-02 1.183368e+04 1.216321e+04 
4.932323e-02 1.135272e+04 1.160123e+04 
5.234343e-02 1.092804e+04 1.106811e+04 
5.536364e-02 1.053989e+04 1.056299e+04 
5.838384e-02 1.017549e+04 1.008482e+04 
6.140404e-02 9.825983e+03 9.632461e+03 
6.442424e-02 9.479032e+03 9.204700e+03 
6.744444e-02 9.124459e+03 8.800301e+03 
7.046465e-02 8.758240e+03 8.418026e+03 
7.348485e-02 8.381237e+03 8.056652e+03 
7.650505e-02 7.998273e+03 7.714990e+03 
7.952525e-02 7.617569e+03 7.391889e+03 
8.254545e-02 7.247967e+03 7.086249e+03 
8.556566e-02 6.897041e+03 6.797021e+03 
8.858586e-02 6.569996e+03 6.523210e+03 
9.160606e-02 6.270009e+03 6.263878e+03 
9.462626e-02 5.999063e+03 6.018140e+03 
9.764646e-02 5.758177e+03 5.785165e+03 
1.006667e-01 5.546797e+03 5.564175e+03 
1.036869e-01 5.363163e+03 5.354439e+03 
1.067071e-01 5.203037e+03 5.155274e+03 
1.097273e-01 5.061075e+03 4.966042e+03 
1.127475e-01 4.930704e+03 4.786146e+03 
1.157677e-01 4.805907e+03 4.615030e+03 
1.187879e-01 4.682042e+03 4.452174e+03 
1.218081e-01 4.555937e+03 4.297091e+03 
1.248283e-01 4.426077e+03 4.149328e+03 
1.278485e-01 4.292141e+03 4.008462e+03 
1.308687e-01 4.154774e+03 3.874097e+03 
1.338889e-01 4.015331e+03 3.745864e+03 
1.369091e-01 3.875619e+03 3.623416e+03 
1.399293e-01 3.737857e+03 3.506432e+03 
1.429495e-01 3.604335e+03 3.394608e+03 
1.459697e-01 3.477021e+03 3.287663e+03 
1.489899e-01 3.357586e+03 3.185332e+03 
1.520101e-01 3.247131e+03 3.087366e+03 
1.550303e-01 3.146354e+03 2.993534e+03 
1.580505e-01 3.055402e+03 2.903617e+03 
1.610707e-01 2.973810e+03 2.817412e+03 
1.640909e-01 2.900444e+03 2.734727e+03 
1.671111e-01 2.833764e+03 2.655381e+03 
1.701313e-01 2.771948e+03 2.579206e+03 
1.731515e-01 2.713266e+03 2.506043e+03 
1.761717e-01 2.656131e+03 2.435741e+03 
1.791919e-01 2.599487e+03 2.368161e+03 
1.822121e-01 2.542554e+03 2.303169e+03 
1.852323e-01 2.484862e+03 2.240641e+03 
1.882525e-01 2.426134e+03 2.180459e+03 
1.912727e-01 2.366396e+03 2.122512e+03 
1.942929e-01 2.305920e+03 2.066696e+03 
1.973131e-01 2.245312e+03 2.012911e+03 
2.003333e-01 2.185351e+03 1.961064e+03 
2.033535e-01 2.126957e+03 1.911068e+03 
2.063737e-01 2.070861e+03 1.862837e+03 
2.093939e-01 2.017601e+03 1.816294e+03 
2.124141e-01 1.967414e+03 1.771364e+03 
2.154343e-01 1.920359e+03 1.727975e+03 
2.184545e-01 1.876394e+03 1.686062e+03 
2.214747e-01 1.835404e+03 1.645559e+03 
2.244949e-01 1.797132e+03 1.606408e+03 
2.275152e-01 1.761243e+03 1.568551e+03 
2.305354e-01 1.727292e+03 1.531934e+03 
2.335556e-01 1.694792e+03 1.496504e+03 
2.365758e-01 1.663214e+03 1.462214e+03 
2.395960e-01 1.632153e+03 1.429017e+03 
2.426162e-01 1.601347e+03 1.396868e+03 
2.456364e-01 1.570644e+03 1.365725e+03 
2.486566e-01 1.539974e+03 1.335549e+03 
2.516768e-01 1.509334e+03 1.306301e+03 
2.546970e-01 1.478765e+03 1.277944e+03 
2.577172e-01 1.448373e+03 1.250445e+03 
2.607374e-01 1.418307e+03 1.223770e+03 
2.637576e-01 1.388792e+03 1.197888e+03 
2.667778e-01 1.360061e+03 1.172769e+03 
2.697980e-01 1.332321e+03 1.148384e+03 
2.728182e-01 1.305717e+03 1.124706e+03 
2.758384e-01 1.280298e+03 1.101709e+03 
2.788586e-01 1.256042e+03 1.079367e+03 
2.818788e-01 1.232866e+03 1.057657e+03 
2.848990e-01 1.210679e+03 1.036557e+03 
2.879192e-01 1.189387e+03 1.016043e+03 
2.909394e-01 1.168890e+03 9.960965e+02 
2.939596e-01 1.149083e+03 9.766963e+02 
2.969798e-01 1.129855e+03 9.578235e+02 
3.000000e-01 1.111092e+03 9.394598e+02 
