1.000000e-03 2.804570e+03 2.804544e+03 
4.020202e-03 9.326401e+03 9.398971e+03 
7.040404e-03 1.361093e+04 1.369017e+04 
1.006061e-02 1.628089e+04 1.631825e+04 
1.308081e-02 1.778489e+04 1.775964e+04 
1.610101e-02 1.844207e+04 1.833357e+04 
1.912121e-02 1.849145e+04 1.829381e+04 
2.214141e-02 1.812090e+04 1.786878e+04 
2.516162e-02 1.747956e+04 1.724111e+04 
2.818182e-02 1.668616e+04 1.652841e+04 
3.120202e-02 1.583029e+04 1.579360e+04 
3.422222e-02 1.497726e+04 1.506666e+04 
3.724242e-02 1.416947e+04 1.436114e+04 
4.026263e-02 1.343280e+04 1.368310e+04 
4.328283e-02 1.277010e+04 1.303514e+04 
4.630303e-02 1.218259e+04 1.241822e+04 
4.932323e-02 1.167560e+04 1.183238e+04 
5.234343e-02 1.122323e+04 1.127711e+04 
5.536364e-02 1.080305e+04 1.075156e+04 
5.838384e-02 1.040745e+04 1.025466e+04 
6.140404e-02 1.002487e+04 9.785167e+03 
6.442424e-02 9.644681e+03 9.341783e+03 
6.744444e-02 9.260782e+03 8.923161e+03 
7.046465e-02 8.870835e+03 8.527950e+03 
7.348485e-02 8.476252e+03 8.154820e+03 
7.650505e-02 8.082726e+03 7.802475e+03 
7.952525e-02 7.697622e+03 7.469670e+03 
8.254545e-02 7.328414e+03 7.155213e+03 
8.556566e-02 6.981117e+03 6.857973e+03 
8.858586e-02 6.659476e+03 6.576881e+03 
9.160606e-02 6.365508e+03 6.310929e+03 
9.462626e-02 6.100186e+03 6.059170e+03 
9.764646e-02 5.863645e+03 5.820718e+03 
1.006667e-01 5.654874e+03 5.594742e+03 
1.036869e-01 5.470736e+03 5.380467e+03 
1.067071e-01 5.306991e+03 5.177170e+03 
1.097273e-01 5.157677e+03 4.984173e+03 
1.127475e-01 5.016958e+03 4.800848e+03 
1.157677e-01 4.879961e+03 4.626606e+03 
1.187879e-01 4.743013e+03 4.460901e+03 
1.218081e-01 4.604343e+03 4.303221e+03 
1.248283e-01 4.463189e+03 4.153092e+03 
1.278485e-01 4.319952e+03 4.010068e+03 
1.308687e-01 4.175571e+03 3.873737e+03 
1.338889e-01 4.031509e+03 3.743712e+03 
1.369091e-01 3.889650e+03 3.619633e+03 
1.399293e-01 3.752201e+03 3.501162e+03 
1.429495e-01 3.620947e+03 3.387986e+03 
1.459697e-01 3.497318e+03 3.279810e+03 
1.489899e-01 3.382206e+03 3.176360e+03 
1.520101e-01 3.276133e+03 3.077379e+03 
1.550303e-01 3.179109e+03 2.982624e+03 
1.580505e-01 3.090820e+03 2.891872e+03 
1.610707e-01 3.010405e+03 2.804911e+03 
1.640909e-01 2.936717e+03 2.721541e+03 
1.671111e-01 2.868218e+03 2.641579e+03 
1.701313e-01 2.803290e+03 2.564848e+03 
1.731515e-01 2.740445e+03 2.491186e+03 
1.761717e-01 2.678440e+03 2.420437e+03 
1.791919e-01 2.616647e+03 2.352457e+03 
1.822121e-01 2.554668e+03 2.287110e+03 
1.852323e-01 2.492387e+03 2.224267e+03 
1.882525e-01 2.429846e+03 2.163807e+03 
1.912727e-01 2.367300e+03 2.105617e+03 
1.942929e-01 2.305173e+03 2.049588e+03 
1.973131e-01 2.244095e+03 1.995620e+03 
2.003333e-01 2.184690e+03 1.943617e+03 
2.033535e-01 2.127558e+03 1.893489e+03 
2.063737e-01 2.073133e+03 1.845150e+03 
2.093939e-01 2.021688e+03 1.798519e+03 
2.124141e-01 1.973262e+03 1.753519e+03 
2.154343e-01 1.927729e+03 1.710080e+03 
2.184545e-01 1.884909e+03 1.668132e+03 
2.214747e-01 1.844576e+03 1.627610e+03 
2.244949e-01 1.806385e+03 1.588453e+03 
2.275152e-01 1.769938e+03 1.550602e+03 
2.305354e-01 1.734821e+03 1.514003e+03 
2.335556e-01 1.700649e+03 1.478603e+03 
2.365758e-01 1.667150e+03 1.444352e+03 
2.395960e-01 1.634121e+03 1.411202e+03 
2.426162e-01 1.601461e+03 1.379109e+03 
2.456364e-01 1.569116e+03 1.348030e+03 
2.486566e-01 1.537091e+03 1.317924e+03 
2.516768e-01 1.505414e+03 1.288753e+03 
2.546970e-01 1.474137e+03 1.260479e+03 
2.577172e-01 1.443371e+03 1.233068e+03 
2.607374e-01 1.413314e+03 1.206486e+03 
2.637576e-01 1.384151e+03 1.180700e+03 
2.667778e-01 1.356032e+03 1.155682e+03 
2.697980e-01 1.329033e+03 1.131401e+03 
2.728182e-01 1.303150e+03 1.107830e+03 
2.758384e-01 1.278325e+03 1.084943e+03 
2.788586e-01 1.254461e+03 1.062714e+03 
2.818788e-01 1.231468e+03 1.041119e+03 
2.848990e-01 1.209265e+03 1.020135e+03 
2.879192e-01 1.187788e+03 9.997404e+02 
2.909394e-01 1.166982e+03 9.799138e+02 
2.939596e-01 1.146747e+03 9.606350e+02 
2.969798e-01 1.126969e+03 9.418847e+02 
3.000000e-01 1.107559e+03 9.236445e+02 
