1.000000e-03 3.811909e+03 3.811866e+03 
4.020202e-03 1.256032e+04 1.265720e+04 
7.040404e-03 1.821410e+04 1.832950e+04 
1.006061e-02 2.163793e+04 2.173282e+04 
1.308081e-02 2.343809e+04 2.349982e+04 
1.610101e-02 2.404772e+04 2.403082e+04 
1.912121e-02 2.379950e+04 2.365159e+04 
2.214141e-02 2.296324e+04 2.269628e+04 
2.516162e-02 2.175962e+04 2.146924e+04 
2.818182e-02 2.036877e+04 2.018033e+04 
3.120202e-02 1.892897e+04 1.893754e+04 
3.422222e-02 1.754084e+04 1.778096e+04 
3.724242e-02 1.626944e+04 1.671744e+04 
4.026263e-02 1.515176e+04 1.574128e+04 
4.328283e-02 1.419834e+04 1.484354e+04 
4.630303e-02 1.339895e+04 1.401549e+04 
4.932323e-02 1.274871e+04 1.324956e+04 
5.234343e-02 1.222111e+04 1.253934e+04 
5.536364e-02 1.177331e+04 1.187945e+04 
5.838384e-02 1.138142e+04 1.126529e+04 
6.140404e-02 1.101898e+04 1.069287e+04 
6.442424e-02 1.065948e+04 1.015868e+04 
6.744444e-02 1.028664e+04 9.659609e+03 
7.046465e-02 9.889740e+03 9.192856e+03 
7.348485e-02 9.464549e+03 8.755895e+03 
7.650505e-02 9.014655e+03 8.346437e+03 
7.952525e-02 8.549060e+03 7.962396e+03 
8.254545e-02 8.079747e+03 7.601868e+03 
8.556566e-02 7.619843e+03 7.263116e+03 
8.858586e-02 7.181096e+03 6.944546e+03 
9.160606e-02 6.773555e+03 6.644700e+03 
9.462626e-02 6.405177e+03 6.362238e+03 
9.764646e-02 6.081282e+03 6.095931e+03 
1.006667e-01 5.804358e+03 5.844650e+03 
1.036869e-01 5.573215e+03 5.607356e+03 
1.067071e-01 5.383382e+03 5.383093e+03 
1.097273e-01 5.227754e+03 5.170981e+03 
1.127475e-01 5.097861e+03 4.970206e+03 
1.157677e-01 4.984819e+03 4.780022e+03 
1.187879e-01 4.880481e+03 4.599737e+03 
1.218081e-01 4.777572e+03 4.428711e+03 
1.248283e-01 4.670310e+03 4.266356e+03 
1.278485e-01 4.554466e+03 4.112123e+03 
1.308687e-01 4.427552e+03 3.965509e+03 
1.338889e-01 4.289264e+03 3.826042e+03 
1.369091e-01 4.140944e+03 3.693290e+03 
1.399293e-01 3.985698e+03 3.566847e+03 
1.429495e-01 3.827313e+03 3.446339e+03 
1.459697e-01 3.669779e+03 3.331417e+03 
1.489899e-01 3.516906e+03 3.221757e+03 
1.520101e-01 3.372110e+03 3.117056e+03 
1.550303e-01 3.238251e+03 3.017034e+03 
1.580505e-01 3.117590e+03 2.921427e+03 
1.610707e-01 3.011313e+03 2.829991e+03 
1.640909e-01 2.919742e+03 2.742496e+03 
1.671111e-01 2.841766e+03 2.658729e+03 
1.701313e-01 2.775531e+03 2.578490e+03 
1.731515e-01 2.718380e+03 2.501591e+03 
1.761717e-01 2.667622e+03 2.427858e+03 
1.791919e-01 2.620677e+03 2.357125e+03 
1.822121e-01 2.575266e+03 2.289238e+03 
1.852323e-01 2.529385e+03 2.224054e+03 
1.882525e-01 2.481488e+03 2.161436e+03 
1.912727e-01 2.430374e+03 2.101255e+03 
1.942929e-01 2.375416e+03 2.043394e+03 
1.973131e-01 2.316518e+03 1.987737e+03 
2.003333e-01 2.254321e+03 1.934179e+03 
2.033535e-01 2.189913e+03 1.882620e+03 
2.063737e-01 2.124740e+03 1.832964e+03 
2.093939e-01 2.060206e+03 1.785124e+03 
2.124141e-01 1.997630e+03 1.739015e+03 
2.154343e-01 1.938081e+03 1.694557e+03 
2.184545e-01 1.882419e+03 1.651675e+03 
2.214747e-01 1.831173e+03 1.610299e+03 
2.244949e-01 1.784613e+03 1.570362e+03 
2.275152e-01 1.742711e+03 1.531799e+03 
2.305354e-01 1.705186e+03 1.494551e+03 
2.335556e-01 1.671545e+03 1.458561e+03 
2.365758e-01 1.641087e+03 1.423775e+03 
2.395960e-01 1.613020e+03 1.390141e+03 
2.426162e-01 1.586523e+03 1.357611e+03 
2.456364e-01 1.560802e+03 1.326140e+03 
2.486566e-01 1.535137e+03 1.295682e+03 
2.516768e-01 1.508949e+03 1.266198e+03 
2.546970e-01 1.481830e+03 1.237646e+03 
2.577172e-01 1.453619e+03 1.209990e+03 
2.607374e-01 1.424340e+03 1.183194e+03 
2.637576e-01 1.394236e+03 1.157223e+03 
2.667778e-01 1.363640e+03 1.132046e+03 
2.697980e-01 1.332945e+03 1.107631e+03 
2.728182e-01 1.302548e+03 1.083949e+03 
2.758384e-01 1.272828e+03 1.060972e+03 
2.788586e-01 1.244122e+03 1.038673e+03 
2.818788e-01 1.216716e+03 1.017027e+03 
2.848990e-01 1.190825e+03 9.960092e+02 
2.879192e-01 1.166593e+03 9.755965e+02 
2.909394e-01 1.144042e+03 9.557667e+02 
2.939596e-01 1.123104e+03 9.364985e+02 
2.969798e-01 1.103592e+03 9.177716e+02 
3.000000e-01 1.085283e+03 8.995666e+02 
