1.000000e-03 4.028113e+03 4.028070e+03 
4.020202e-03 1.340887e+04 1.351213e+04 
7.040404e-03 1.963256e+04 1.977043e+04 
1.006061e-02 2.350640e+04 2.365590e+04 
1.308081e-02 2.561172e+04 2.577778e+04 
1.610101e-02 2.637771e+04 2.650865e+04 
1.912121e-02 2.614514e+04 2.614133e+04 
2.214141e-02 2.520261e+04 2.500767e+04 
2.516162e-02 2.379540e+04 2.346682e+04 
2.818182e-02 2.213178e+04 2.181323e+04 
3.120202e-02 2.037863e+04 2.022297e+04 
3.422222e-02 1.866318e+04 1.876988e+04 
3.724242e-02 1.707319e+04 1.746822e+04 
4.026263e-02 1.566421e+04 1.630657e+04 
4.328283e-02 1.445593e+04 1.526625e+04 
4.630303e-02 1.344799e+04 1.432892e+04 
4.932323e-02 1.264450e+04 1.347898e+04 
5.234343e-02 1.201636e+04 1.270384e+04 
5.536364e-02 1.152213e+04 1.199342e+04 
5.838384e-02 1.112844e+04 1.133966e+04 
6.140404e-02 1.080591e+04 1.073599e+04 
6.442424e-02 1.052294e+04 1.017699e+04 
6.744444e-02 1.024748e+04 9.658134e+03 
7.046465e-02 9.955943e+03 9.175537e+03 
7.348485e-02 9.631899e+03 8.725859e+03 
7.650505e-02 9.266474e+03 8.306182e+03 
7.952525e-02 8.859464e+03 7.913932e+03 
8.254545e-02 8.418190e+03 7.546828e+03 
8.556566e-02 7.954467e+03 7.202828e+03 
8.858586e-02 7.482402e+03 6.880102e+03 
9.160606e-02 7.016292e+03 6.576999e+03 
9.462626e-02 6.569681e+03 6.292025e+03 
9.764646e-02 6.155109e+03 6.023824e+03 
1.006667e-01 5.782263e+03 5.771163e+03 
1.036869e-01 5.458343e+03 5.532919e+03 
1.067071e-01 5.186173e+03 5.308066e+03 
1.097273e-01 4.965317e+03 5.095663e+03 
1.127475e-01 4.791329e+03 4.894851e+03 
1.157677e-01 4.657396e+03 4.704840e+03 
1.187879e-01 4.554933e+03 4.524904e+03 
1.218081e-01 4.475079e+03 4.354375e+03 
1.248283e-01 4.408984e+03 4.192638e+03 
1.278485e-01 4.348292e+03 4.039126e+03 
1.308687e-01 4.285359e+03 3.893315e+03 
1.338889e-01 4.213758e+03 3.754721e+03 
1.369091e-01 4.128812e+03 3.622896e+03 
1.399293e-01 4.027697e+03 3.497425e+03 
1.429495e-01 3.910038e+03 3.377923e+03 
1.459697e-01 3.777153e+03 3.264034e+03 
1.489899e-01 3.632295e+03 3.155426e+03 
1.520101e-01 3.479589e+03 3.051792e+03 
1.550303e-01 3.323913e+03 2.952844e+03 
1.580505e-01 3.170185e+03 2.858316e+03 
1.610707e-01 3.023186e+03 2.767958e+03 
1.640909e-01 2.886881e+03 2.681540e+03 
1.671111e-01 2.764473e+03 2.598844e+03 
1.701313e-01 2.657750e+03 2.519668e+03 
1.731515e-01 2.567482e+03 2.443823e+03 
1.761717e-01 2.493014e+03 2.371131e+03 
1.791919e-01 2.432943e+03 2.301428e+03 
1.822121e-01 2.385168e+03 2.234557e+03 
1.852323e-01 2.347207e+03 2.170374e+03 
1.882525e-01 2.316317e+03 2.108741e+03 
1.912727e-01 2.289580e+03 2.049530e+03 
1.942929e-01 2.264111e+03 1.992621e+03 
1.973131e-01 2.237271e+03 1.937901e+03 
2.003333e-01 2.206837e+03 1.885262e+03 
2.033535e-01 2.171156e+03 1.834605e+03 
2.063737e-01 2.129416e+03 1.785834e+03 
2.093939e-01 2.081501e+03 1.738861e+03 
2.124141e-01 2.028039e+03 1.693602e+03 
2.154343e-01 1.970066e+03 1.649976e+03 
2.184545e-01 1.909027e+03 1.607910e+03 
2.214747e-01 1.846532e+03 1.567333e+03 
2.244949e-01 1.784322e+03 1.528177e+03 
2.275152e-01 1.724022e+03 1.490380e+03 
2.305354e-01 1.667105e+03 1.453881e+03 
2.335556e-01 1.614683e+03 1.418624e+03 
2.365758e-01 1.567567e+03 1.384555e+03 
2.395960e-01 1.526069e+03 1.351623e+03 
2.426162e-01 1.490199e+03 1.319779e+03 
2.456364e-01 1.459627e+03 1.288979e+03 
2.486566e-01 1.433788e+03 1.259178e+03 
2.516768e-01 1.411915e+03 1.230336e+03 
2.546970e-01 1.393066e+03 1.202413e+03 
2.577172e-01 1.376205e+03 1.175371e+03 
2.607374e-01 1.360242e+03 1.149175e+03 
2.637576e-01 1.344149e+03 1.123792e+03 
2.667778e-01 1.327052e+03 1.099190e+03 
2.697980e-01 1.308332e+03 1.075337e+03 
2.728182e-01 1.287635e+03 1.052205e+03 
2.758384e-01 1.264886e+03 1.029766e+03 
2.788586e-01 1.240191e+03 1.007993e+03 
2.818788e-01 1.213853e+03 9.868619e+02 
2.848990e-01 1.186263e+03 9.663476e+02 
2.879192e-01 1.157903e+03 9.464274e+02 
2.909394e-01 1.129311e+03 9.270794e+02 
2.939596e-01 1.101076e+03 9.082827e+02 
2.969798e-01 1.073758e+03 8.900170e+02 
3.000000e-01 1.047869e+03 8.722634e+02 
