1.000000e-03 2.990985e+03 2.990958e+03 
4.020202e-03 9.942453e+03 1.001795e+04 
7.040404e-03 1.455061e+04 1.463791e+04 
1.006061e-02 1.744331e+04 1.750201e+04 
1.308081e-02 1.907344e+04 1.908737e+04 
1.610101e-02 1.976992e+04 1.970951e+04 
1.912121e-02 1.978558e+04 1.962774e+04 
2.214141e-02 1.932599e+04 1.909572e+04 
2.516162e-02 1.855906e+04 1.833220e+04 
2.818182e-02 1.762084e+04 1.748394e+04 
3.120202e-02 1.661727e+04 1.662868e+04 
3.422222e-02 1.562498e+04 1.580034e+04 
3.724242e-02 1.469686e+04 1.501110e+04 
4.026263e-02 1.385913e+04 1.426400e+04 
4.328283e-02 1.311761e+04 1.355860e+04 
4.630303e-02 1.248775e+04 1.289331e+04 
4.932323e-02 1.195659e+04 1.226622e+04 
5.234343e-02 1.149596e+04 1.167534e+04 
5.536364e-02 1.108291e+04 1.111869e+04 
5.838384e-02 1.070174e+04 1.059437e+04 
6.140404e-02 1.033845e+04 1.010051e+04 
6.442424e-02 9.977652e+03 9.635316e+03 
6.744444e-02 9.607554e+03 9.197051e+03 
7.046465e-02 9.221650e+03 8.784061e+03 
7.348485e-02 8.819564e+03 8.394766e+03 
7.650505e-02 8.406769e+03 8.027670e+03 
7.952525e-02 7.992286e+03 7.681359e+03 
8.254545e-02 7.586777e+03 7.354498e+03 
8.556566e-02 7.199450e+03 7.045838e+03 
8.858586e-02 6.837240e+03 6.754206e+03 
9.160606e-02 6.504883e+03 6.478507e+03 
9.462626e-02 6.205337e+03 6.217715e+03 
9.764646e-02 5.940240e+03 5.970878e+03 
1.006667e-01 5.710127e+03 5.737106e+03 
1.036869e-01 5.512796e+03 5.515571e+03 
1.067071e-01 5.344249e+03 5.305502e+03 
1.097273e-01 5.197978e+03 5.106182e+03 
1.127475e-01 5.066816e+03 4.916943e+03 
1.157677e-01 4.943547e+03 4.737166e+03 
1.187879e-01 4.822156e+03 4.566272e+03 
1.218081e-01 4.698400e+03 4.403723e+03 
1.248283e-01 4.569777e+03 4.249021e+03 
1.278485e-01 4.435301e+03 4.101697e+03 
1.308687e-01 4.295235e+03 3.961319e+03 
1.338889e-01 4.150673e+03 3.827481e+03 
1.369091e-01 4.003709e+03 3.699806e+03 
1.399293e-01 3.856843e+03 3.577943e+03 
1.429495e-01 3.712832e+03 3.461562e+03 
1.459697e-01 3.574304e+03 3.350357e+03 
1.489899e-01 3.443556e+03 3.244041e+03 
1.520101e-01 3.322422e+03 3.142345e+03 
1.550303e-01 3.212214e+03 3.045020e+03 
1.580505e-01 3.113414e+03 2.951830e+03 
1.610707e-01 3.025841e+03 2.862556e+03 
1.640909e-01 2.948374e+03 2.776991e+03 
1.671111e-01 2.879398e+03 2.694942e+03 
1.701313e-01 2.816836e+03 2.616227e+03 
1.731515e-01 2.758595e+03 2.540678e+03 
1.761717e-01 2.702792e+03 2.468132e+03 
1.791919e-01 2.647864e+03 2.398442e+03 
1.822121e-01 2.592651e+03 2.331464e+03 
1.852323e-01 2.536307e+03 2.267066e+03 
1.882525e-01 2.478261e+03 2.205123e+03 
1.912727e-01 2.418311e+03 2.145517e+03 
1.942929e-01 2.356561e+03 2.088136e+03 
1.973131e-01 2.293708e+03 2.032875e+03 
2.003333e-01 2.230684e+03 1.979637e+03 
2.033535e-01 2.168581e+03 1.928326e+03 
2.063737e-01 2.108402e+03 1.878856e+03 
2.093939e-01 2.050952e+03 1.831142e+03 
2.124141e-01 1.996748e+03 1.785105e+03 
2.154343e-01 1.946039e+03 1.740671e+03 
2.184545e-01 1.898914e+03 1.697770e+03 
2.214747e-01 1.855352e+03 1.656333e+03 
2.244949e-01 1.815185e+03 1.616299e+03 
2.275152e-01 1.778127e+03 1.577606e+03 
2.305354e-01 1.743653e+03 1.540198e+03 
2.335556e-01 1.711160e+03 1.504021e+03 
2.365758e-01 1.679984e+03 1.469022e+03 
2.395960e-01 1.649552e+03 1.435154e+03 
2.426162e-01 1.619416e+03 1.402371e+03 
2.456364e-01 1.589281e+03 1.370627e+03 
2.486566e-01 1.558970e+03 1.339881e+03 
2.516768e-01 1.528395e+03 1.310093e+03 
2.546970e-01 1.497539e+03 1.281226e+03 
2.577172e-01 1.466508e+03 1.253242e+03 
2.607374e-01 1.435481e+03 1.226109e+03 
2.637576e-01 1.404727e+03 1.199792e+03 
2.667778e-01 1.374543e+03 1.174261e+03 
2.697980e-01 1.345237e+03 1.149485e+03 
2.728182e-01 1.317046e+03 1.125437e+03 
2.758384e-01 1.290130e+03 1.102088e+03 
2.788586e-01 1.264533e+03 1.079414e+03 
2.818788e-01 1.240230e+03 1.057389e+03 
2.848990e-01 1.217156e+03 1.035990e+03 
2.879192e-01 1.195227e+03 1.015193e+03 
2.909394e-01 1.174333e+03 9.949782e+02 
2.939596e-01 1.154340e+03 9.753237e+02 
2.969798e-01 1.135089e+03 9.562100e+02 
3.000000e-01 1.116410e+03 9.376182e+02 
