1.000000e-03 3.341558e+03 3.341528e+03 
4.020202e-03 1.129297e+04 1.138041e+04 
7.040404e-03 1.664655e+04 1.675995e+04 
1.006061e-02 2.003720e+04 2.014574e+04 
1.308081e-02 2.194798e+04 2.204656e+04 
1.610101e-02 2.273870e+04 2.278840e+04 
1.912121e-02 2.269464e+04 2.263310e+04 
2.214141e-02 2.205453e+04 2.186291e+04 
2.516162e-02 2.102054e+04 2.076280e+04 
2.818182e-02 1.976190e+04 1.955383e+04 
3.120202e-02 1.841403e+04 1.836452e+04 
3.422222e-02 1.708011e+04 1.725027e+04 
3.724242e-02 1.583161e+04 1.622568e+04 
4.026263e-02 1.471350e+04 1.528774e+04 
4.328283e-02 1.374615e+04 1.442787e+04 
4.630303e-02 1.292582e+04 1.363686e+04 
4.932323e-02 1.225434e+04 1.290654e+04 
5.234343e-02 1.171682e+04 1.223004e+04 
5.536364e-02 1.127436e+04 1.160168e+04 
5.838384e-02 1.090061e+04 1.101672e+04 
6.140404e-02 1.057282e+04 1.047116e+04 
6.442424e-02 1.026760e+04 9.961533e+03 
6.744444e-02 9.962085e+03 9.484842e+03 
7.046465e-02 9.639091e+03 9.038422e+03 
7.348485e-02 9.288364e+03 8.619894e+03 
7.650505e-02 8.906939e+03 8.227122e+03 
7.952525e-02 8.498392e+03 7.858168e+03 
8.254545e-02 8.071263e+03 7.511274e+03 
8.556566e-02 7.637421e+03 7.184833e+03 
8.858586e-02 7.208649e+03 6.877377e+03 
9.160606e-02 6.795901e+03 6.587562e+03 
9.462626e-02 6.408856e+03 6.314152e+03 
9.764646e-02 6.055272e+03 6.056014e+03 
1.006667e-01 5.741392e+03 5.812103e+03 
1.036869e-01 5.470700e+03 5.581458e+03 
1.067071e-01 5.244000e+03 5.363193e+03 
1.097273e-01 5.058341e+03 5.156491e+03 
1.127475e-01 4.908433e+03 4.960595e+03 
1.157677e-01 4.786949e+03 4.774809e+03 
1.187879e-01 4.685856e+03 4.598487e+03 
1.218081e-01 4.596936e+03 4.431033e+03 
1.248283e-01 4.513052e+03 4.271892e+03 
1.278485e-01 4.427930e+03 4.120553e+03 
1.308687e-01 4.336849e+03 3.976539e+03 
1.338889e-01 4.236244e+03 3.839409e+03 
1.369091e-01 4.124104e+03 3.708753e+03 
1.399293e-01 4.000127e+03 3.584188e+03 
1.429495e-01 3.865695e+03 3.465361e+03 
1.459697e-01 3.723532e+03 3.351940e+03 
1.489899e-01 3.577166e+03 3.243617e+03 
1.520101e-01 3.430426e+03 3.140106e+03 
1.550303e-01 3.287162e+03 3.041137e+03 
1.580505e-01 3.150975e+03 2.946462e+03 
1.610707e-01 3.024928e+03 2.855845e+03 
1.640909e-01 2.911218e+03 2.769068e+03 
1.671111e-01 2.811114e+03 2.685927e+03 
1.701313e-01 2.724950e+03 2.606229e+03 
1.731515e-01 2.651982e+03 2.529795e+03 
1.761717e-01 2.590740e+03 2.456456e+03 
1.791919e-01 2.539104e+03 2.386054e+03 
1.822121e-01 2.494733e+03 2.318441e+03 
1.852323e-01 2.455268e+03 2.253477e+03 
1.882525e-01 2.418391e+03 2.191032e+03 
1.912727e-01 2.381879e+03 2.130981e+03 
1.942929e-01 2.343823e+03 2.073208e+03 
1.973131e-01 2.302676e+03 2.017605e+03 
2.003333e-01 2.257511e+03 1.964068e+03 
2.033535e-01 2.207896e+03 1.912499e+03 
2.063737e-01 2.154163e+03 1.862808e+03 
2.093939e-01 2.097043e+03 1.814907e+03 
2.124141e-01 2.037706e+03 1.768715e+03 
2.154343e-01 1.977424e+03 1.724154e+03 
2.184545e-01 1.917503e+03 1.681152e+03 
2.214747e-01 1.859171e+03 1.639639e+03 
2.244949e-01 1.803560e+03 1.599550e+03 
2.275152e-01 1.751568e+03 1.560822e+03 
2.305354e-01 1.703891e+03 1.523397e+03 
2.335556e-01 1.660870e+03 1.487219e+03 
2.365758e-01 1.622589e+03 1.452236e+03 
2.395960e-01 1.588745e+03 1.418397e+03 
2.426162e-01 1.558844e+03 1.385655e+03 
2.456364e-01 1.532194e+03 1.353964e+03 
2.486566e-01 1.508061e+03 1.323281e+03 
2.516768e-01 1.485680e+03 1.293567e+03 
2.546970e-01 1.464276e+03 1.264781e+03 
2.577172e-01 1.443083e+03 1.236887e+03 
2.607374e-01 1.421447e+03 1.209849e+03 
2.637576e-01 1.398829e+03 1.183635e+03 
2.667778e-01 1.374919e+03 1.158212e+03 
2.697980e-01 1.349601e+03 1.133549e+03 
2.728182e-01 1.323014e+03 1.109619e+03 
2.758384e-01 1.295445e+03 1.086392e+03 
2.788586e-01 1.267299e+03 1.063843e+03 
2.818788e-01 1.238987e+03 1.041947e+03 
2.848990e-01 1.210915e+03 1.020679e+03 
2.879192e-01 1.183450e+03 1.000016e+03 
2.909394e-01 1.156937e+03 9.799368e+02 
2.939596e-01 1.131678e+03 9.604198e+02 
2.969798e-01 1.107917e+03 9.414451e+02 
3.000000e-01 1.085815e+03 9.229934e+02 
