1.000000e-03 3.314881e+03 3.314845e+03 
4.020202e-03 1.099662e+04 1.108158e+04 
7.040404e-03 1.603904e+04 1.613978e+04 
1.006061e-02 1.915967e+04 1.923593e+04 
1.308081e-02 2.087206e+04 2.090962e+04 
1.610101e-02 2.154556e+04 2.150923e+04 
1.912121e-02 2.146370e+04 2.131577e+04 
2.214141e-02 2.085611e+04 2.061060e+04 
2.516162e-02 1.991166e+04 1.964766e+04 
2.818182e-02 1.878339e+04 1.860397e+04 
3.120202e-02 1.759084e+04 1.757418e+04 
3.422222e-02 1.642198e+04 1.659730e+04 
3.724242e-02 1.533539e+04 1.568425e+04 
4.026263e-02 1.436524e+04 1.483445e+04 
4.328283e-02 1.352564e+04 1.404363e+04 
4.630303e-02 1.280974e+04 1.330684e+04 
4.932323e-02 1.221178e+04 1.261943e+04 
5.234343e-02 1.171777e+04 1.197731e+04 
5.536364e-02 1.129075e+04 1.137683e+04 
5.838384e-02 1.090871e+04 1.081480e+04 
6.140404e-02 1.055489e+04 1.028834e+04 
6.442424e-02 1.020650e+04 9.794829e+03 
6.744444e-02 9.848632e+03 9.331886e+03 
7.046465e-02 9.472690e+03 8.897321e+03 
7.348485e-02 9.075039e+03 8.489116e+03 
7.650505e-02 8.658635e+03 8.105410e+03 
7.952525e-02 8.231081e+03 7.744480e+03 
8.254545e-02 7.803022e+03 7.404738e+03 
8.556566e-02 7.385207e+03 7.084711e+03 
8.858586e-02 6.987122e+03 6.783041e+03 
9.160606e-02 6.616509e+03 6.498469e+03 
9.462626e-02 6.279318e+03 6.229834e+03 
9.764646e-02 5.979590e+03 5.976061e+03 
1.006667e-01 5.719724e+03 5.736155e+03 
1.036869e-01 5.498989e+03 5.509197e+03 
1.067071e-01 5.314384e+03 5.294336e+03 
1.097273e-01 5.159730e+03 5.090786e+03 
1.127475e-01 5.027657e+03 4.897816e+03 
1.157677e-01 4.910335e+03 4.714753e+03 
1.187879e-01 4.800507e+03 4.540970e+03 
1.218081e-01 4.692206e+03 4.375888e+03 
1.248283e-01 4.580778e+03 4.218968e+03 
1.278485e-01 4.463032e+03 4.069710e+03 
1.308687e-01 4.337259e+03 3.927652e+03 
1.338889e-01 4.202991e+03 3.792361e+03 
1.369091e-01 4.061477e+03 3.663437e+03 
1.399293e-01 3.914947e+03 3.540507e+03 
1.429495e-01 3.766599e+03 3.423223e+03 
1.459697e-01 3.619807e+03 3.311262e+03 
1.489899e-01 3.477725e+03 3.204322e+03 
1.520101e-01 3.343159e+03 3.102120e+03 
1.550303e-01 3.218398e+03 3.004395e+03 
1.580505e-01 3.105060e+03 2.910900e+03 
1.610707e-01 3.004070e+03 2.821405e+03 
1.640909e-01 2.915466e+03 2.735696e+03 
1.671111e-01 2.838596e+03 2.653572e+03 
1.701313e-01 2.771814e+03 2.574843e+03 
1.731515e-01 2.713029e+03 2.499334e+03 
1.761717e-01 2.659873e+03 2.426878e+03 
1.791919e-01 2.610091e+03 2.357320e+03 
1.822121e-01 2.561793e+03 2.290514e+03 
1.852323e-01 2.513351e+03 2.226323e+03 
1.882525e-01 2.463442e+03 2.164616e+03 
1.912727e-01 2.411204e+03 2.105274e+03 
1.942929e-01 2.356182e+03 2.048181e+03 
1.973131e-01 2.298400e+03 1.993229e+03 
2.003333e-01 2.238239e+03 1.940318e+03 
2.033535e-01 2.176665e+03 1.889351e+03 
2.063737e-01 2.114817e+03 1.840237e+03 
2.093939e-01 2.053823e+03 1.792892e+03 
2.124141e-01 1.994727e+03 1.747235e+03 
2.154343e-01 1.938408e+03 1.703189e+03 
2.184545e-01 1.885526e+03 1.660682e+03 
2.214747e-01 1.836504e+03 1.619647e+03 
2.244949e-01 1.791527e+03 1.580019e+03 
2.275152e-01 1.750586e+03 1.541735e+03 
2.305354e-01 1.713388e+03 1.504739e+03 
2.335556e-01 1.679479e+03 1.468976e+03 
2.365758e-01 1.648235e+03 1.434393e+03 
2.395960e-01 1.619002e+03 1.400941e+03 
2.426162e-01 1.591146e+03 1.368572e+03 
2.456364e-01 1.564072e+03 1.337243e+03 
2.486566e-01 1.537239e+03 1.306910e+03 
2.516768e-01 1.510210e+03 1.277534e+03 
2.546970e-01 1.482651e+03 1.249076e+03 
2.577172e-01 1.454391e+03 1.221500e+03 
2.607374e-01 1.425382e+03 1.194770e+03 
2.637576e-01 1.395807e+03 1.168855e+03 
2.667778e-01 1.365955e+03 1.143721e+03 
2.697980e-01 1.336209e+03 1.119339e+03 
2.728182e-01 1.306931e+03 1.095681e+03 
2.758384e-01 1.278410e+03 1.072719e+03 
2.788586e-01 1.250883e+03 1.050427e+03 
2.818788e-01 1.224525e+03 1.028780e+03 
2.848990e-01 1.199458e+03 1.007754e+03 
2.879192e-01 1.175759e+03 9.873273e+02 
2.909394e-01 1.153461e+03 9.674770e+02 
2.939596e-01 1.132550e+03 9.481827e+02 
2.969798e-01 1.112900e+03 9.294246e+02 
3.000000e-01 1.094329e+03 9.111837e+02 
