1.000000e-03 3.728384e+03 3.728349e+03 
4.020202e-03 1.250496e+04 1.260140e+04 
7.040404e-03 1.835241e+04 1.847825e+04 
1.006061e-02 2.200644e+04 2.213435e+04 
1.308081e-02 2.401321e+04 2.414136e+04 
1.610101e-02 2.477616e+04 2.485780e+04 
1.912121e-02 2.461615e+04 2.457167e+04 
2.214141e-02 2.380149e+04 2.360096e+04 
2.516162e-02 2.256032e+04 2.227291e+04 
2.818182e-02 2.108316e+04 2.084296e+04 
3.120202e-02 1.952294e+04 1.945817e+04 
3.422222e-02 1.799465e+04 1.817909e+04 
3.724242e-02 1.657686e+04 1.701830e+04 
4.026263e-02 1.531901e+04 1.596825e+04 
4.328283e-02 1.423913e+04 1.501567e+04 
4.630303e-02 1.333362e+04 1.414737e+04 
4.932323e-02 1.260591e+04 1.335199e+04 
5.234343e-02 1.203025e+04 1.262024e+04 
5.536364e-02 1.156522e+04 1.194456e+04 
5.838384e-02 1.118174e+04 1.131877e+04 
6.140404e-02 1.085235e+04 1.073776e+04 
6.442424e-02 1.054911e+04 1.019719e+04 
6.744444e-02 1.024493e+04 9.693350e+03 
7.046465e-02 9.920423e+03 9.223021e+03 
7.348485e-02 9.563697e+03 8.783362e+03 
7.650505e-02 9.170282e+03 8.371855e+03 
7.952525e-02 8.743678e+03 7.986246e+03 
8.254545e-02 8.293252e+03 7.624511e+03 
8.556566e-02 7.831695e+03 7.284817e+03 
8.858586e-02 7.372468e+03 6.965505e+03 
9.160606e-02 6.928336e+03 6.665063e+03 
9.462626e-02 6.510748e+03 6.382117e+03 
9.764646e-02 6.129645e+03 6.115407e+03 
1.006667e-01 5.792199e+03 5.863784e+03 
1.036869e-01 5.502972e+03 5.626191e+03 
1.067071e-01 5.262489e+03 5.401661e+03 
1.097273e-01 5.068439e+03 5.189304e+03 
1.127475e-01 4.914502e+03 4.988303e+03 
1.157677e-01 4.792897e+03 4.797902e+03 
1.187879e-01 4.694776e+03 4.617409e+03 
1.218081e-01 4.611495e+03 4.446180e+03 
1.248283e-01 4.534821e+03 4.283624e+03 
1.278485e-01 4.457671e+03 4.129193e+03 
1.308687e-01 4.373940e+03 3.982380e+03 
1.338889e-01 4.279301e+03 3.842716e+03 
1.369091e-01 4.170914e+03 3.709765e+03 
1.399293e-01 4.048189e+03 3.583124e+03 
1.429495e-01 3.912311e+03 3.462417e+03 
1.459697e-01 3.766263e+03 3.347297e+03 
1.489899e-01 3.613899e+03 3.237437e+03 
1.520101e-01 3.459592e+03 3.132537e+03 
1.550303e-01 3.307807e+03 3.032315e+03 
1.580505e-01 3.162808e+03 2.936509e+03 
1.610707e-01 3.028196e+03 2.844874e+03 
1.640909e-01 2.906782e+03 2.757181e+03 
1.671111e-01 2.800310e+03 2.673217e+03 
1.701313e-01 2.709296e+03 2.592781e+03 
1.731515e-01 2.633198e+03 2.515688e+03 
1.761717e-01 2.570431e+03 2.441760e+03 
1.791919e-01 2.518866e+03 2.370835e+03 
1.822121e-01 2.475996e+03 2.302758e+03 
1.852323e-01 2.439180e+03 2.237385e+03 
1.882525e-01 2.405716e+03 2.174580e+03 
1.912727e-01 2.373053e+03 2.114215e+03 
1.942929e-01 2.338859e+03 2.056170e+03 
1.973131e-01 2.301292e+03 2.000332e+03 
2.003333e-01 2.258963e+03 1.946596e+03 
2.033535e-01 2.211362e+03 1.894860e+03 
2.063737e-01 2.158557e+03 1.845031e+03 
2.093939e-01 2.101370e+03 1.797019e+03 
2.124141e-01 2.040951e+03 1.750741e+03 
2.154343e-01 1.978722e+03 1.706116e+03 
2.184545e-01 1.916168e+03 1.663070e+03 
2.214747e-01 1.854788e+03 1.621532e+03 
2.244949e-01 1.795966e+03 1.581435e+03 
2.275152e-01 1.740917e+03 1.542715e+03 
2.305354e-01 1.690484e+03 1.505313e+03 
2.335556e-01 1.645192e+03 1.469171e+03 
2.365758e-01 1.605171e+03 1.434235e+03 
2.395960e-01 1.570219e+03 1.400454e+03 
2.426162e-01 1.539861e+03 1.367779e+03 
2.456364e-01 1.513423e+03 1.336165e+03 
2.486566e-01 1.490118e+03 1.305568e+03 
2.516768e-01 1.469049e+03 1.275945e+03 
2.546970e-01 1.449284e+03 1.247258e+03 
2.577172e-01 1.429873e+03 1.219469e+03 
2.607374e-01 1.409983e+03 1.192541e+03 
2.637576e-01 1.388936e+03 1.166442e+03 
2.667778e-01 1.366331e+03 1.141138e+03 
2.697980e-01 1.341983e+03 1.116599e+03 
2.728182e-01 1.316010e+03 1.092794e+03 
2.758384e-01 1.288669e+03 1.069697e+03 
2.788586e-01 1.260355e+03 1.047280e+03 
2.818788e-01 1.231499e+03 1.025518e+03 
2.848990e-01 1.202562e+03 1.004386e+03 
2.879192e-01 1.174008e+03 9.838617e+02 
2.909394e-01 1.146296e+03 9.639217e+02 
2.939596e-01 1.119845e+03 9.445453e+02 
2.969798e-01 1.095018e+03 9.257120e+02 
3.000000e-01 1.072049e+03 9.074024e+02 
