1.000000e-03 4.155193e+03 4.155155e+03 
4.020202e-03 1.404619e+04 1.415518e+04 
7.040404e-03 2.066794e+04 2.081680e+04 
1.006061e-02 2.480566e+04 2.497497e+04 
1.308081e-02 2.705823e+04 2.725653e+04 
1.610101e-02 2.787408e+04 2.804652e+04 
1.912121e-02 2.761428e+04 2.764878e+04 
2.214141e-02 2.658776e+04 2.641459e+04 
2.516162e-02 2.505793e+04 2.473261e+04 
2.818182e-02 2.325058e+04 2.292725e+04 
3.120202e-02 2.134744e+04 2.119505e+04 
3.422222e-02 1.948643e+04 1.961894e+04 
3.724242e-02 1.776363e+04 1.821451e+04 
4.026263e-02 1.623956e+04 1.696811e+04 
4.328283e-02 1.493527e+04 1.585783e+04 
4.630303e-02 1.385129e+04 1.486227e+04 
4.932323e-02 1.299189e+04 1.396333e+04 
5.234343e-02 1.232499e+04 1.314645e+04 
5.536364e-02 1.180685e+04 1.240006e+04 
5.838384e-02 1.140214e+04 1.171497e+04 
6.140404e-02 1.107738e+04 1.108377e+04 
6.442424e-02 1.079736e+04 1.050038e+04 
6.744444e-02 1.052785e+04 9.959744e+03 
7.046465e-02 1.024285e+04 9.457599e+03 
7.348485e-02 9.923656e+03 8.990277e+03 
7.650505e-02 9.559439e+03 8.554599e+03 
7.952525e-02 9.148380e+03 8.147782e+03 
8.254545e-02 8.697088e+03 7.767367e+03 
8.556566e-02 8.217304e+03 7.411166e+03 
8.858586e-02 7.723797e+03 7.077223e+03 
9.160606e-02 7.232551e+03 6.763781e+03 
9.462626e-02 6.758855e+03 6.469254e+03 
9.764646e-02 6.316887e+03 6.192209e+03 
1.006667e-01 5.917854e+03 5.931342e+03 
1.036869e-01 5.570210e+03 5.685470e+03 
1.067071e-01 5.277646e+03 5.453513e+03 
1.097273e-01 5.040152e+03 5.234485e+03 
1.127475e-01 4.853567e+03 5.027483e+03 
1.157677e-01 4.711215e+03 4.831681e+03 
1.187879e-01 4.604672e+03 4.646319e+03 
1.218081e-01 4.524715e+03 4.470700e+03 
1.248283e-01 4.461913e+03 4.304181e+03 
1.278485e-01 4.407130e+03 4.146172e+03 
1.308687e-01 4.351852e+03 3.996127e+03 
1.338889e-01 4.288538e+03 3.853541e+03 
1.369091e-01 4.211533e+03 3.717949e+03 
1.399293e-01 4.117023e+03 3.588920e+03 
1.429495e-01 4.004054e+03 3.466053e+03 
1.459697e-01 3.873503e+03 3.348979e+03 
1.489899e-01 3.728443e+03 3.237354e+03 
1.520101e-01 3.572975e+03 3.130859e+03 
1.550303e-01 3.412144e+03 3.029195e+03 
1.580505e-01 3.251223e+03 2.932088e+03 
1.610707e-01 3.095521e+03 2.839278e+03 
1.640909e-01 2.949696e+03 2.750527e+03 
1.671111e-01 2.817689e+03 2.665609e+03 
1.701313e-01 2.701916e+03 2.584316e+03 
1.731515e-01 2.603620e+03 2.506452e+03 
1.761717e-01 2.522551e+03 2.431835e+03 
1.791919e-01 2.457498e+03 2.360292e+03 
1.822121e-01 2.406452e+03 2.291664e+03 
1.852323e-01 2.366884e+03 2.225800e+03 
1.882525e-01 2.335973e+03 2.162559e+03 
1.912727e-01 2.310696e+03 2.101809e+03 
1.942929e-01 2.287991e+03 2.043426e+03 
1.973131e-01 2.264842e+03 1.987292e+03 
2.003333e-01 2.238627e+03 1.933297e+03 
2.033535e-01 2.207211e+03 1.881339e+03 
2.063737e-01 2.169372e+03 1.831320e+03 
2.093939e-01 2.124566e+03 1.783147e+03 
2.124141e-01 2.073174e+03 1.736734e+03 
2.154343e-01 2.016089e+03 1.692000e+03 
2.184545e-01 1.954768e+03 1.648868e+03 
2.214747e-01 1.890900e+03 1.607264e+03 
2.244949e-01 1.826340e+03 1.567119e+03 
2.275152e-01 1.762910e+03 1.528369e+03 
2.305354e-01 1.702324e+03 1.490952e+03 
2.335556e-01 1.645929e+03 1.454809e+03 
2.365758e-01 1.594770e+03 1.419886e+03 
2.395960e-01 1.549455e+03 1.386129e+03 
2.426162e-01 1.510223e+03 1.353490e+03 
2.456364e-01 1.476937e+03 1.321921e+03 
2.486566e-01 1.449125e+03 1.291377e+03 
2.516768e-01 1.426079e+03 1.261817e+03 
2.546970e-01 1.406825e+03 1.233199e+03 
2.577172e-01 1.390267e+03 1.205485e+03 
2.607374e-01 1.375197e+03 1.178640e+03 
2.637576e-01 1.360474e+03 1.152628e+03 
2.667778e-01 1.345072e+03 1.127416e+03 
2.697980e-01 1.328218e+03 1.102972e+03 
2.728182e-01 1.309359e+03 1.079268e+03 
2.758384e-01 1.288265e+03 1.056274e+03 
2.788586e-01 1.264892e+03 1.033964e+03 
2.818788e-01 1.239407e+03 1.012311e+03 
2.848990e-01 1.212135e+03 9.912905e+02 
2.879192e-01 1.183562e+03 9.708791e+02 
2.909394e-01 1.154277e+03 9.510542e+02 
2.939596e-01 1.124933e+03 9.317942e+02 
2.969798e-01 1.096193e+03 9.130786e+02 
3.000000e-01 1.068677e+03 8.948878e+02 
