1.000000e-03 7.647864e+03 7.647783e+03 
4.020202e-03 2.587814e+04 2.608219e+04 
7.040404e-03 3.792700e+04 3.823969e+04 
1.006061e-02 4.522944e+04 4.569624e+04 
1.308081e-02 4.888169e+04 4.959941e+04 
1.610101e-02 4.971487e+04 5.058544e+04 
1.912121e-02 4.841651e+04 4.909862e+04 
2.214141e-02 4.559281e+04 4.571702e+04 
2.516162e-02 4.178608e+04 4.123976e+04 
2.818182e-02 3.746757e+04 3.648411e+04 
3.120202e-02 3.302607e+04 3.203373e+04 
3.422222e-02 2.875882e+04 2.816301e+04 
3.724242e-02 2.487178e+04 2.491876e+04 
4.026263e-02 2.148721e+04 2.223511e+04 
4.328283e-02 1.864346e+04 2.001250e+04 
4.630303e-02 1.634564e+04 1.815543e+04 
4.932323e-02 1.456893e+04 1.658494e+04 
5.234343e-02 1.324761e+04 1.523976e+04 
5.536364e-02 1.230667e+04 1.407351e+04 
5.838384e-02 1.167412e+04 1.305135e+04 
6.140404e-02 1.128101e+04 1.214694e+04 
6.442424e-02 1.105661e+04 1.134018e+04 
6.744444e-02 1.093905e+04 1.061552e+04 
7.046465e-02 1.087174e+04 9.960723e+03 
7.348485e-02 1.080155e+04 9.366053e+03 
7.650505e-02 1.068268e+04 8.823622e+03 
7.952525e-02 1.048035e+04 8.326955e+03 
8.254545e-02 1.017323e+04 7.870674e+03 
8.556566e-02 9.755204e+03 7.450256e+03 
8.858586e-02 9.234974e+03 7.061861e+03 
9.160606e-02 8.633094e+03 6.702198e+03 
9.462626e-02 7.977342e+03 6.368423e+03 
9.764646e-02 7.299805e+03 6.058060e+03 
1.006667e-01 6.632565e+03 5.768943e+03 
1.036869e-01 6.003811e+03 5.499163e+03 
1.067071e-01 5.435644e+03 5.247030e+03 
1.097273e-01 4.943256e+03 5.011042e+03 
1.127475e-01 4.534160e+03 4.789860e+03 
1.157677e-01 4.210571e+03 4.582282e+03 
1.187879e-01 3.969074e+03 4.387231e+03 
1.218081e-01 3.803353e+03 4.203732e+03 
1.248283e-01 3.704411e+03 4.030908e+03 
1.278485e-01 3.661391e+03 3.867962e+03 
1.308687e-01 3.662030e+03 3.714171e+03 
1.338889e-01 3.692828e+03 3.568876e+03 
1.369091e-01 3.739889e+03 3.431478e+03 
1.399293e-01 3.789360e+03 3.301429e+03 
1.429495e-01 3.828521e+03 3.178227e+03 
1.459697e-01 3.846053e+03 3.061412e+03 
1.489899e-01 3.833139e+03 2.950561e+03 
1.520101e-01 3.783334e+03 2.845286e+03 
1.550303e-01 3.694116e+03 2.745230e+03 
1.580505e-01 3.566589e+03 2.650064e+03 
1.610707e-01 3.405895e+03 2.559482e+03 
1.640909e-01 3.220301e+03 2.473203e+03 
1.671111e-01 3.019893e+03 2.390967e+03 
1.701313e-01 2.815186e+03 2.312532e+03 
1.731515e-01 2.615854e+03 2.237675e+03 
1.761717e-01 2.429766e+03 2.166187e+03 
1.791919e-01 2.262718e+03 2.097876e+03 
1.822121e-01 2.118673e+03 2.032562e+03 
1.852323e-01 1.999787e+03 1.970077e+03 
1.882525e-01 1.907035e+03 1.910265e+03 
1.912727e-01 1.840009e+03 1.852980e+03 
1.942929e-01 1.797140e+03 1.798086e+03 
1.973131e-01 1.775691e+03 1.745456e+03 
2.003333e-01 1.771924e+03 1.694970e+03 
2.033535e-01 1.781476e+03 1.646519e+03 
2.063737e-01 1.799500e+03 1.599996e+03 
2.093939e-01 1.821124e+03 1.555304e+03 
2.124141e-01 1.841637e+03 1.512352e+03 
2.154343e-01 1.856787e+03 1.471052e+03 
2.184545e-01 1.862809e+03 1.431324e+03 
2.214747e-01 1.856860e+03 1.393091e+03 
2.244949e-01 1.836982e+03 1.356282e+03 
2.275152e-01 1.802533e+03 1.320829e+03 
2.305354e-01 1.754142e+03 1.286667e+03 
2.335556e-01 1.693631e+03 1.253738e+03 
2.365758e-01 1.623829e+03 1.221984e+03 
2.395960e-01 1.548066e+03 1.191352e+03 
2.426162e-01 1.469905e+03 1.161791e+03 
2.456364e-01 1.392698e+03 1.133253e+03 
2.486566e-01 1.319405e+03 1.105693e+03 
2.516768e-01 1.252402e+03 1.079068e+03 
2.546970e-01 1.193553e+03 1.053338e+03 
2.577172e-01 1.144002e+03 1.028464e+03 
2.607374e-01 1.104357e+03 1.004410e+03 
2.637576e-01 1.074566e+03 9.811413e+02 
2.667778e-01 1.054066e+03 9.586250e+02 
2.697980e-01 1.041871e+03 9.368301e+02 
2.728182e-01 1.036617e+03 9.157270e+02 
2.758384e-01 1.036730e+03 8.952876e+02 
2.788586e-01 1.040456e+03 8.754853e+02 
2.818788e-01 1.046003e+03 8.562946e+02 
2.848990e-01 1.051580e+03 8.376914e+02 
2.879192e-01 1.055499e+03 8.196526e+02 
2.909394e-01 1.056220e+03 8.021564e+02 
2.939596e-01 1.052546e+03 7.851819e+02 
2.969798e-01 1.043634e+03 7.687092e+02 
3.000000e-01 1.029106e+03 7.527192e+02 
