1.000000e-03 4.718881e+03 4.718835e+03 
4.020202e-03 1.557466e+04 1.569672e+04 
7.040404e-03 2.255471e+04 2.271364e+04 
1.006061e-02 2.671996e+04 2.689148e+04 
1.308081e-02 2.881763e+04 2.900467e+04 
1.610101e-02 2.938567e+04 2.952190e+04 
1.912121e-02 2.884344e+04 2.881770e+04 
2.214141e-02 2.753829e+04 2.730897e+04 
2.516162e-02 2.576076e+04 2.542139e+04 
2.818182e-02 2.375065e+04 2.347848e+04 
3.120202e-02 2.169572e+04 2.165605e+04 
3.422222e-02 1.973322e+04 2.001636e+04 
3.724242e-02 1.795297e+04 1.856179e+04 
4.026263e-02 1.640695e+04 1.727207e+04 
4.328283e-02 1.510583e+04 1.612249e+04 
4.630303e-02 1.404114e+04 1.509072e+04 
4.932323e-02 1.321083e+04 1.415838e+04 
5.234343e-02 1.257068e+04 1.331088e+04 
5.536364e-02 1.207099e+04 1.253662e+04 
5.838384e-02 1.167678e+04 1.182634e+04 
6.140404e-02 1.134391e+04 1.117250e+04 
6.442424e-02 1.103518e+04 1.056887e+04 
6.744444e-02 1.072269e+04 1.001021e+04 
7.046465e-02 1.038323e+04 9.492075e+03 
7.348485e-02 1.000207e+04 9.010605e+03 
7.650505e-02 9.573480e+03 8.562445e+03 
7.952525e-02 9.100725e+03 8.144640e+03 
8.254545e-02 8.594979e+03 7.754576e+03 
8.556566e-02 8.072085e+03 7.389921e+03 
8.858586e-02 7.550059e+03 7.048590e+03 
9.160606e-02 7.046329e+03 6.728707e+03 
9.462626e-02 6.575955e+03 6.428583e+03 
9.764646e-02 6.151690e+03 6.146689e+03 
1.006667e-01 5.781598e+03 5.881639e+03 
1.036869e-01 5.470090e+03 5.632173e+03 
1.067071e-01 5.216368e+03 5.397146e+03 
1.097273e-01 5.016397e+03 5.175513e+03 
1.127475e-01 4.863113e+03 4.966317e+03 
1.157677e-01 4.747600e+03 4.768686e+03 
1.187879e-01 4.659845e+03 4.581819e+03 
1.218081e-01 4.589422e+03 4.404982e+03 
1.248283e-01 4.526150e+03 4.237499e+03 
1.278485e-01 4.460752e+03 4.078750e+03 
1.308687e-01 4.385589e+03 3.928164e+03 
1.338889e-01 4.295017e+03 3.785213e+03 
1.369091e-01 4.186393e+03 3.649411e+03 
1.399293e-01 4.059310e+03 3.520309e+03 
1.429495e-01 3.915946e+03 3.397490e+03 
1.459697e-01 3.759705e+03 3.280570e+03 
1.489899e-01 3.595085e+03 3.169192e+03 
1.520101e-01 3.427200e+03 3.063026e+03 
1.550303e-01 3.261669e+03 2.961763e+03 
1.580505e-01 3.103851e+03 2.865118e+03 
1.610707e-01 2.958630e+03 2.772825e+03 
1.640909e-01 2.829419e+03 2.684637e+03 
1.671111e-01 2.718340e+03 2.600323e+03 
1.701313e-01 2.625564e+03 2.519669e+03 
1.731515e-01 2.550054e+03 2.442473e+03 
1.761717e-01 2.489680e+03 2.368547e+03 
1.791919e-01 2.441899e+03 2.297718e+03 
1.822121e-01 2.403921e+03 2.229819e+03 
1.852323e-01 2.372805e+03 2.164699e+03 
1.882525e-01 2.345489e+03 2.102212e+03 
1.912727e-01 2.318775e+03 2.042224e+03 
1.942929e-01 2.289746e+03 1.984609e+03 
1.973131e-01 2.255915e+03 1.929246e+03 
2.003333e-01 2.215775e+03 1.876025e+03 
2.033535e-01 2.168618e+03 1.824841e+03 
2.063737e-01 2.114894e+03 1.775594e+03 
2.093939e-01 2.055621e+03 1.728191e+03 
2.124141e-01 1.992364e+03 1.682545e+03 
2.154343e-01 1.926819e+03 1.638573e+03 
2.184545e-01 1.860744e+03 1.596197e+03 
2.214747e-01 1.795888e+03 1.555343e+03 
2.244949e-01 1.733930e+03 1.515942e+03 
2.275152e-01 1.676269e+03 1.477928e+03 
2.305354e-01 1.624007e+03 1.441238e+03 
2.335556e-01 1.577773e+03 1.405816e+03 
2.365758e-01 1.537763e+03 1.371603e+03 
2.395960e-01 1.503734e+03 1.338549e+03 
2.426162e-01 1.475062e+03 1.306603e+03 
2.456364e-01 1.450884e+03 1.275717e+03 
2.486566e-01 1.430166e+03 1.245848e+03 
2.516768e-01 1.411806e+03 1.216952e+03 
2.546970e-01 1.394670e+03 1.188988e+03 
2.577172e-01 1.377683e+03 1.161920e+03 
2.607374e-01 1.359869e+03 1.135709e+03 
2.637576e-01 1.340509e+03 1.110321e+03 
2.667778e-01 1.319106e+03 1.085725e+03 
2.697980e-01 1.295503e+03 1.061887e+03 
2.728182e-01 1.269765e+03 1.038778e+03 
2.758384e-01 1.242218e+03 1.016370e+03 
2.788586e-01 1.213320e+03 9.946351e+02 
2.818788e-01 1.183633e+03 9.735484e+02 
2.848990e-01 1.153760e+03 9.530847e+02 
2.879192e-01 1.124309e+03 9.332206e+02 
2.909394e-01 1.095839e+03 9.139337e+02 
2.939596e-01 1.068853e+03 8.952026e+02 
2.969798e-01 1.043757e+03 8.770067e+02 
3.000000e-01 1.020812e+03 8.593266e+02 
