1.000000e-03 2.914506e+03 2.914477e+03 
4.020202e-03 9.600875e+03 9.676284e+03 
7.040404e-03 1.390890e+04 1.398514e+04 
1.006061e-02 1.654296e+04 1.656325e+04 
1.308081e-02 1.799648e+04 1.793589e+04 
1.610101e-02 1.861129e+04 1.845442e+04 
1.912121e-02 1.863676e+04 1.839095e+04 
2.214141e-02 1.826245e+04 1.797321e+04 
2.516162e-02 1.763591e+04 1.736934e+04 
2.818182e-02 1.686993e+04 1.668222e+04 
3.120202e-02 1.604854e+04 1.596691e+04 
3.422222e-02 1.523046e+04 1.525146e+04 
3.724242e-02 1.445303e+04 1.455036e+04 
4.026263e-02 1.373644e+04 1.387143e+04 
4.328283e-02 1.308686e+04 1.321896e+04 
4.630303e-02 1.249982e+04 1.259523e+04 
4.932323e-02 1.197161e+04 1.200125e+04 
5.234343e-02 1.149058e+04 1.143717e+04 
5.536364e-02 1.103644e+04 1.090260e+04 
5.838384e-02 1.059945e+04 1.039674e+04 
6.140404e-02 1.017394e+04 9.918545e+03 
6.442424e-02 9.753715e+03 9.466824e+03 
6.744444e-02 9.335944e+03 9.040290e+03 
7.046465e-02 8.921041e+03 8.637622e+03 
7.348485e-02 8.512720e+03 8.257496e+03 
7.650505e-02 8.116312e+03 7.898610e+03 
7.952525e-02 7.737947e+03 7.559702e+03 
8.254545e-02 7.382542e+03 7.239561e+03 
8.556566e-02 7.053262e+03 6.937032e+03 
8.858586e-02 6.750952e+03 6.651021e+03 
9.160606e-02 6.475562e+03 6.380495e+03 
9.462626e-02 6.226410e+03 6.124485e+03 
9.764646e-02 6.002064e+03 5.882079e+03 
1.006667e-01 5.799869e+03 5.652426e+03 
1.036869e-01 5.615900e+03 5.434730e+03 
1.067071e-01 5.445048e+03 5.228247e+03 
1.097273e-01 5.282140e+03 5.032283e+03 
1.127475e-01 5.123394e+03 4.846193e+03 
1.157677e-01 4.965888e+03 4.669372e+03 
1.187879e-01 4.808723e+03 4.501260e+03 
1.218081e-01 4.651756e+03 4.341333e+03 
1.248283e-01 4.495720e+03 4.189103e+03 
1.278485e-01 4.341676e+03 4.044115e+03 
1.308687e-01 4.191087e+03 3.905946e+03 
1.338889e-01 4.045512e+03 3.774200e+03 
1.369091e-01 3.906505e+03 3.648507e+03 
1.399293e-01 3.775373e+03 3.528524e+03 
1.429495e-01 3.652620e+03 3.413929e+03 
1.459697e-01 3.538417e+03 3.304420e+03 
1.489899e-01 3.432403e+03 3.199717e+03 
1.520101e-01 3.334073e+03 3.099558e+03 
1.550303e-01 3.242791e+03 3.003695e+03 
1.580505e-01 3.157778e+03 2.911900e+03 
1.610707e-01 3.077958e+03 2.823955e+03 
1.640909e-01 3.002127e+03 2.739660e+03 
1.671111e-01 2.928907e+03 2.658823e+03 
1.701313e-01 2.857136e+03 2.581267e+03 
1.731515e-01 2.786238e+03 2.506826e+03 
1.761717e-01 2.715923e+03 2.435341e+03 
1.791919e-01 2.646352e+03 2.366665e+03 
1.822121e-01 2.577753e+03 2.300660e+03 
1.852323e-01 2.510377e+03 2.237194e+03 
1.882525e-01 2.444491e+03 2.176144e+03 
1.912727e-01 2.380396e+03 2.117395e+03 
1.942929e-01 2.318422e+03 2.060836e+03 
1.973131e-01 2.258938e+03 2.006366e+03 
2.003333e-01 2.202219e+03 1.953886e+03 
2.033535e-01 2.148376e+03 1.903305e+03 
2.063737e-01 2.097382e+03 1.854536e+03 
2.093939e-01 2.049014e+03 1.807496e+03 
2.124141e-01 2.003008e+03 1.762109e+03 
2.154343e-01 1.959055e+03 1.718300e+03 
2.184545e-01 1.916850e+03 1.676001e+03 
2.214747e-01 1.876096e+03 1.635144e+03 
2.244949e-01 1.836529e+03 1.595669e+03 
2.275152e-01 1.797938e+03 1.557515e+03 
2.305354e-01 1.760180e+03 1.520627e+03 
2.335556e-01 1.723195e+03 1.484951e+03 
2.365758e-01 1.686948e+03 1.450437e+03 
2.395960e-01 1.651430e+03 1.417036e+03 
2.426162e-01 1.616650e+03 1.384704e+03 
2.456364e-01 1.582635e+03 1.353396e+03 
2.486566e-01 1.549430e+03 1.323072e+03 
2.516768e-01 1.517093e+03 1.293692e+03 
2.546970e-01 1.485710e+03 1.265219e+03 
2.577172e-01 1.455384e+03 1.237617e+03 
2.607374e-01 1.426161e+03 1.210852e+03 
2.637576e-01 1.398020e+03 1.184893e+03 
2.667778e-01 1.370895e+03 1.159707e+03 
2.697980e-01 1.344680e+03 1.135266e+03 
2.728182e-01 1.319284e+03 1.111543e+03 
2.758384e-01 1.294633e+03 1.088509e+03 
2.788586e-01 1.270675e+03 1.066139e+03 
2.818788e-01 1.247376e+03 1.044410e+03 
2.848990e-01 1.224685e+03 1.023297e+03 
2.879192e-01 1.202539e+03 1.002779e+03 
2.909394e-01 1.180882e+03 9.828333e+02 
2.939596e-01 1.159668e+03 9.634406e+02 
2.969798e-01 1.138884e+03 9.445810e+02 
3.000000e-01 1.118541e+03 9.262359e+02 
