1.000000e-03 3.911987e+03 3.911948e+03 
4.020202e-03 1.309407e+04 1.319605e+04 
7.040404e-03 1.910279e+04 1.923073e+04 
1.006061e-02 2.276754e+04 2.288948e+04 
1.308081e-02 2.470005e+04 2.480934e+04 
1.610101e-02 2.534602e+04 2.539123e+04 
1.912121e-02 2.505570e+04 2.496298e+04 
2.214141e-02 2.411661e+04 2.387754e+04 
2.516162e-02 2.276995e+04 2.247651e+04 
2.818182e-02 2.121310e+04 2.100807e+04 
3.120202e-02 1.960073e+04 1.960430e+04 
3.422222e-02 1.804647e+04 1.831406e+04 
3.724242e-02 1.662482e+04 1.714374e+04 
4.026263e-02 1.537954e+04 1.608352e+04 
4.328283e-02 1.432233e+04 1.511977e+04 
4.630303e-02 1.344462e+04 1.423961e+04 
4.932323e-02 1.274535e+04 1.343219e+04 
5.234343e-02 1.219146e+04 1.268863e+04 
5.536364e-02 1.173807e+04 1.200168e+04 
5.838384e-02 1.135895e+04 1.136534e+04 
6.140404e-02 1.102069e+04 1.077460e+04 
6.442424e-02 1.069247e+04 1.022517e+04 
6.744444e-02 1.035337e+04 9.713319e+03 
7.046465e-02 9.987866e+03 9.235805e+03 
7.348485e-02 9.587768e+03 8.789736e+03 
7.650505e-02 9.152780e+03 8.372538e+03 
7.952525e-02 8.689909e+03 7.981898e+03 
8.254545e-02 8.211058e+03 7.615731e+03 
8.556566e-02 7.730502e+03 7.272149e+03 
8.858586e-02 7.262631e+03 6.949437e+03 
9.160606e-02 6.820475e+03 6.646036e+03 
9.462626e-02 6.414852e+03 6.360522e+03 
9.764646e-02 6.054238e+03 6.091595e+03 
1.006667e-01 5.743321e+03 5.838067e+03 
1.036869e-01 5.483587e+03 5.598849e+03 
1.067071e-01 5.272078e+03 5.372941e+03 
1.097273e-01 5.103292e+03 5.159427e+03 
1.127475e-01 4.968901e+03 4.957463e+03 
1.157677e-01 4.859936e+03 4.766273e+03 
1.187879e-01 4.767253e+03 4.585144e+03 
1.218081e-01 4.682218e+03 4.413416e+03 
1.248283e-01 4.596841e+03 4.250481e+03 
1.278485e-01 4.504789e+03 4.095777e+03 
1.308687e-01 4.401137e+03 3.948786e+03 
1.338889e-01 4.283469e+03 3.809026e+03 
1.369091e-01 4.151327e+03 3.676052e+03 
1.399293e-01 4.006810e+03 3.549453e+03 
1.429495e-01 3.853152e+03 3.428843e+03 
1.459697e-01 3.694449e+03 3.313869e+03 
1.489899e-01 3.535095e+03 3.204199e+03 
1.520101e-01 3.379529e+03 3.099526e+03 
1.550303e-01 3.231783e+03 2.999564e+03 
1.580505e-01 3.095453e+03 2.904046e+03 
1.610707e-01 2.973373e+03 2.812722e+03 
1.640909e-01 2.867175e+03 2.725362e+03 
1.671111e-01 2.777108e+03 2.641747e+03 
1.701313e-01 2.702075e+03 2.561676e+03 
1.731515e-01 2.640062e+03 2.484959e+03 
1.761717e-01 2.588402e+03 2.411418e+03 
1.791919e-01 2.544255e+03 2.340888e+03 
1.822121e-01 2.504896e+03 2.273212e+03 
1.852323e-01 2.467756e+03 2.208245e+03 
1.882525e-01 2.430480e+03 2.145848e+03 
1.912727e-01 2.390975e+03 2.085895e+03 
1.942929e-01 2.347460e+03 2.028262e+03 
1.973131e-01 2.298983e+03 1.972837e+03 
2.003333e-01 2.245206e+03 1.919513e+03 
2.033535e-01 2.186714e+03 1.868187e+03 
2.063737e-01 2.124576e+03 1.818766e+03 
2.093939e-01 2.060360e+03 1.771160e+03 
2.124141e-01 1.995655e+03 1.725284e+03 
2.154343e-01 1.932008e+03 1.681058e+03 
2.184545e-01 1.870771e+03 1.638407e+03 
2.214747e-01 1.813122e+03 1.597259e+03 
2.244949e-01 1.759900e+03 1.557548e+03 
2.275152e-01 1.711699e+03 1.519210e+03 
2.305354e-01 1.668768e+03 1.482183e+03 
2.335556e-01 1.631024e+03 1.446412e+03 
2.365758e-01 1.598042e+03 1.411842e+03 
2.395960e-01 1.569143e+03 1.378421e+03 
2.426162e-01 1.543486e+03 1.346101e+03 
2.456364e-01 1.520120e+03 1.314836e+03 
2.486566e-01 1.498072e+03 1.284583e+03 
2.516768e-01 1.476412e+03 1.255298e+03 
2.546970e-01 1.454339e+03 1.226943e+03 
2.577172e-01 1.431231e+03 1.199481e+03 
2.607374e-01 1.406718e+03 1.172875e+03 
2.637576e-01 1.380645e+03 1.147091e+03 
2.667778e-01 1.353109e+03 1.122097e+03 
2.697980e-01 1.324354e+03 1.097862e+03 
2.728182e-01 1.294764e+03 1.074357e+03 
2.758384e-01 1.264788e+03 1.051554e+03 
2.788586e-01 1.234930e+03 1.029425e+03 
2.818788e-01 1.205668e+03 1.007946e+03 
2.848990e-01 1.177444e+03 9.870919e+02 
2.879192e-01 1.150630e+03 9.668398e+02 
2.909394e-01 1.125523e+03 9.471673e+02 
2.939596e-01 1.102257e+03 9.280534e+02 
2.969798e-01 1.080871e+03 9.094778e+02 
3.000000e-01 1.061294e+03 8.914211e+02 
