1.000000e-03 3.896702e+03 3.896666e+03 
4.020202e-03 1.285459e+04 1.295480e+04 
7.040404e-03 1.871158e+04 1.884004e+04 
1.006061e-02 2.230948e+04 2.243480e+04 
1.308081e-02 2.423858e+04 2.435746e+04 
1.610101e-02 2.492563e+04 2.499198e+04 
1.912121e-02 2.470149e+04 2.464206e+04 
2.214141e-02 2.383873e+04 2.363227e+04 
2.516162e-02 2.256615e+04 2.228663e+04 
2.818182e-02 2.107205e+04 2.085208e+04 
3.120202e-02 1.950631e+04 1.946776e+04 
3.422222e-02 1.798016e+04 1.818964e+04 
3.724242e-02 1.656912e+04 1.702846e+04 
4.026263e-02 1.531934e+04 1.597645e+04 
4.328283e-02 1.424821e+04 1.502067e+04 
4.630303e-02 1.334884e+04 1.414839e+04 
4.932323e-02 1.262197e+04 1.334867e+04 
5.234343e-02 1.204527e+04 1.261250e+04 
5.536364e-02 1.157464e+04 1.193255e+04 
5.838384e-02 1.118326e+04 1.130276e+04 
6.140404e-02 1.084312e+04 1.071807e+04 
6.442424e-02 1.052461e+04 1.017419e+04 
6.744444e-02 1.020418e+04 9.667403e+03 
7.046465e-02 9.864380e+03 9.194485e+03 
7.348485e-02 9.494319e+03 8.752576e+03 
7.650505e-02 9.090739e+03 8.339133e+03 
7.952525e-02 8.657736e+03 7.951876e+03 
8.254545e-02 8.204467e+03 7.588752e+03 
8.556566e-02 7.743359e+03 7.247906e+03 
8.858586e-02 7.287562e+03 6.927651e+03 
9.160606e-02 6.849470e+03 6.626455e+03 
9.462626e-02 6.440000e+03 6.342921e+03 
9.764646e-02 6.068074e+03 6.075770e+03 
1.006667e-01 5.740376e+03 5.823836e+03 
1.036869e-01 5.460171e+03 5.586046e+03 
1.067071e-01 5.227432e+03 5.361421e+03 
1.097273e-01 5.038819e+03 5.149057e+03 
1.127475e-01 4.888103e+03 4.948125e+03 
1.157677e-01 4.767275e+03 4.757861e+03 
1.187879e-01 4.667821e+03 4.577561e+03 
1.218081e-01 4.581297e+03 4.406578e+03 
1.248283e-01 4.500072e+03 4.244310e+03 
1.278485e-01 4.417323e+03 4.090205e+03 
1.308687e-01 4.327459e+03 3.943751e+03 
1.338889e-01 4.226562e+03 3.804472e+03 
1.369091e-01 4.112518e+03 3.671930e+03 
1.399293e-01 3.985348e+03 3.545716e+03 
1.429495e-01 3.846633e+03 3.425452e+03 
1.459697e-01 3.699603e+03 3.310787e+03 
1.489899e-01 3.548159e+03 3.201393e+03 
1.520101e-01 3.396458e+03 3.096967e+03 
1.550303e-01 3.248561e+03 2.997225e+03 
1.580505e-01 3.108234e+03 2.901903e+03 
1.610707e-01 2.978690e+03 2.810755e+03 
1.640909e-01 2.862487e+03 2.723550e+03 
1.671111e-01 2.760943e+03 2.640073e+03 
1.701313e-01 2.674404e+03 2.560124e+03 
1.731515e-01 2.601916e+03 2.483515e+03 
1.761717e-01 2.541833e+03 2.410070e+03 
1.791919e-01 2.491766e+03 2.339623e+03 
1.822121e-01 2.449176e+03 2.272021e+03 
1.852323e-01 2.411527e+03 2.207117e+03 
1.882525e-01 2.376364e+03 2.144777e+03 
1.912727e-01 2.341351e+03 2.084871e+03 
1.942929e-01 2.304503e+03 2.027280e+03 
1.973131e-01 2.264164e+03 1.971891e+03 
2.003333e-01 2.219377e+03 1.918596e+03 
2.033535e-01 2.169684e+03 1.867296e+03 
2.063737e-01 2.115444e+03 1.817895e+03 
2.093939e-01 2.057462e+03 1.770306e+03 
2.124141e-01 1.997054e+03 1.724443e+03 
2.154343e-01 1.935626e+03 1.680227e+03 
2.184545e-01 1.874613e+03 1.637583e+03 
2.214747e-01 1.815361e+03 1.596441e+03 
2.244949e-01 1.759105e+03 1.556732e+03 
2.275152e-01 1.706761e+03 1.518394e+03 
2.305354e-01 1.659008e+03 1.481367e+03 
2.335556e-01 1.616142e+03 1.445593e+03 
2.365758e-01 1.578204e+03 1.411019e+03 
2.395960e-01 1.544913e+03 1.377593e+03 
2.426162e-01 1.515767e+03 1.345267e+03 
2.456364e-01 1.490060e+03 1.313996e+03 
2.486566e-01 1.466995e+03 1.283734e+03 
2.516768e-01 1.445712e+03 1.254441e+03 
2.546970e-01 1.425326e+03 1.226078e+03 
2.577172e-01 1.404980e+03 1.198606e+03 
2.607374e-01 1.383972e+03 1.171991e+03 
2.637576e-01 1.361775e+03 1.146197e+03 
2.667778e-01 1.338138e+03 1.121193e+03 
2.697980e-01 1.313015e+03 1.096948e+03 
2.728182e-01 1.286561e+03 1.073433e+03 
2.758384e-01 1.259075e+03 1.050619e+03 
2.788586e-01 1.230940e+03 1.028480e+03 
2.818788e-01 1.202563e+03 1.006991e+03 
2.848990e-01 1.174363e+03 9.861268e+02 
2.879192e-01 1.146782e+03 9.658646e+02 
2.909394e-01 1.120234e+03 9.461823e+02 
2.939596e-01 1.095073e+03 9.270586e+02 
2.969798e-01 1.071552e+03 9.084734e+02 
3.000000e-01 1.049812e+03 8.904072e+02 
