1.000000e-03 3.288905e+03 3.288874e+03 
4.020202e-03 1.102280e+04 1.115952e+04 
7.040404e-03 1.617615e+04 1.644441e+04 
1.006061e-02 1.940899e+04 1.983583e+04 
1.308081e-02 2.120985e+04 2.190767e+04 
1.610101e-02 2.193680e+04 2.306586e+04 
1.912121e-02 2.187190e+04 2.359283e+04 
2.214141e-02 2.124668e+04 2.368558e+04 
2.516162e-02 2.025703e+04 2.348128e+04 
2.818182e-02 1.906308e+04 2.307550e+04 
3.120202e-02 1.779301e+04 2.253532e+04 
3.422222e-02 1.654249e+04 2.190822e+04 
3.724242e-02 1.537671e+04 2.122802e+04 
4.026263e-02 1.433580e+04 2.051890e+04 
4.328283e-02 1.343656e+04 1.979812e+04 
4.630303e-02 1.267354e+04 1.907799e+04 
4.932323e-02 1.204647e+04 1.836717e+04 
5.234343e-02 1.153938e+04 1.767169e+04 
5.536364e-02 1.111367e+04 1.699562e+04 
5.838384e-02 1.074602e+04 1.634163e+04 
6.140404e-02 1.041544e+04 1.571133e+04 
6.442424e-02 1.009891e+04 1.510557e+04 
6.744444e-02 9.776977e+03 1.452464e+04 
7.046465e-02 9.435921e+03 1.396843e+04 
7.348485e-02 9.068435e+03 1.343652e+04 
7.650505e-02 8.674353e+03 1.292833e+04 
7.952525e-02 8.259540e+03 1.244310e+04 
8.254545e-02 7.833816e+03 1.198001e+04 
8.556566e-02 7.408785e+03 1.153817e+04 
8.858586e-02 6.995484e+03 1.111666e+04 
9.160606e-02 6.603663e+03 1.071457e+04 
9.462626e-02 6.241344e+03 1.033098e+04 
9.764646e-02 5.914761e+03 9.965004e+03 
1.006667e-01 5.628587e+03 9.615765e+03 
1.036869e-01 5.384352e+03 9.282424e+03 
1.067071e-01 5.181098e+03 8.964173e+03 
1.097273e-01 5.014427e+03 8.660239e+03 
1.127475e-01 4.878004e+03 8.369883e+03 
1.157677e-01 4.763812e+03 8.092404e+03 
1.187879e-01 4.663981e+03 7.827135e+03 
1.218081e-01 4.571012e+03 7.573444e+03 
1.248283e-01 4.478832e+03 7.330732e+03 
1.278485e-01 4.382356e+03 7.098435e+03 
1.308687e-01 4.278093e+03 6.876016e+03 
1.338889e-01 4.163808e+03 6.662970e+03 
1.369091e-01 4.039086e+03 6.458819e+03 
1.399293e-01 3.904914e+03 6.263115e+03 
1.429495e-01 3.763693e+03 6.075431e+03 
1.459697e-01 3.618596e+03 5.895366e+03 
1.489899e-01 3.473267e+03 5.722541e+03 
1.520101e-01 3.331328e+03 5.556600e+03 
1.550303e-01 3.196211e+03 5.397206e+03 
1.580505e-01 3.070664e+03 5.244038e+03 
1.610707e-01 2.956850e+03 5.096799e+03 
1.640909e-01 2.856018e+03 4.955202e+03 
1.671111e-01 2.768512e+03 4.818981e+03 
1.701313e-01 2.693673e+03 4.687882e+03 
1.731515e-01 2.630026e+03 4.561665e+03 
1.761717e-01 2.575525e+03 4.440105e+03 
1.791919e-01 2.527879e+03 4.322987e+03 
1.822121e-01 2.484745e+03 4.210108e+03 
1.852323e-01 2.443968e+03 4.101277e+03 
1.882525e-01 2.403548e+03 3.996312e+03 
1.912727e-01 2.361738e+03 3.895041e+03 
1.942929e-01 2.317185e+03 3.797302e+03 
1.973131e-01 2.269033e+03 3.702940e+03 
2.003333e-01 2.217061e+03 3.611808e+03 
2.033535e-01 2.161567e+03 3.523767e+03 
2.063737e-01 2.103382e+03 3.438686e+03 
2.093939e-01 2.043606e+03 3.356440e+03 
2.124141e-01 1.983510e+03 3.276909e+03 
2.154343e-01 1.924332e+03 3.199981e+03 
2.184545e-01 1.867142e+03 3.125548e+03 
2.214747e-01 1.812882e+03 3.053508e+03 
2.244949e-01 1.762334e+03 2.983764e+03 
2.275152e-01 1.716004e+03 2.916224e+03 
2.305354e-01 1.674143e+03 2.850800e+03 
2.335556e-01 1.636644e+03 2.787408e+03 
2.365758e-01 1.603179e+03 2.725968e+03 
2.395960e-01 1.573180e+03 2.666404e+03 
2.426162e-01 1.545985e+03 2.608644e+03 
2.456364e-01 1.520853e+03 2.552618e+03 
2.486566e-01 1.497063e+03 2.498261e+03 
2.516768e-01 1.473931e+03 2.445509e+03 
2.546970e-01 1.450830e+03 2.394303e+03 
2.577172e-01 1.427197e+03 2.344584e+03 
2.607374e-01 1.402652e+03 2.296299e+03 
2.637576e-01 1.376956e+03 2.249395e+03 
2.667778e-01 1.350141e+03 2.203822e+03 
2.697980e-01 1.322384e+03 2.159531e+03 
2.728182e-01 1.294057e+03 2.116477e+03 
2.758384e-01 1.265557e+03 2.074616e+03 
2.788586e-01 1.237280e+03 2.033906e+03 
2.818788e-01 1.209575e+03 1.994307e+03 
2.848990e-01 1.182745e+03 1.955780e+03 
2.879192e-01 1.157044e+03 1.918288e+03 
2.909394e-01 1.132683e+03 1.881796e+03 
2.939596e-01 1.109818e+03 1.846271e+03 
2.969798e-01 1.088541e+03 1.811679e+03 
3.000000e-01 1.068829e+03 1.777989e+03 
