1.000000e-03 2.676782e+03 2.676756e+03 
4.020202e-03 8.871093e+03 8.939832e+03 
7.040404e-03 1.295029e+04 1.302344e+04 
1.006061e-02 1.551062e+04 1.553792e+04 
1.308081e-02 1.697733e+04 1.693644e+04 
1.610101e-02 1.765109e+04 1.752540e+04 
1.912121e-02 1.775690e+04 1.754635e+04 
2.214141e-02 1.746811e+04 1.720976e+04 
2.516162e-02 1.692311e+04 1.667873e+04 
2.818182e-02 1.623040e+04 1.605714e+04 
3.120202e-02 1.547189e+04 1.540183e+04 
3.422222e-02 1.470672e+04 1.474180e+04 
3.724242e-02 1.397359e+04 1.409189e+04 
4.026263e-02 1.329590e+04 1.346002e+04 
4.328283e-02 1.267995e+04 1.285059e+04 
4.630303e-02 1.212285e+04 1.226601e+04 
4.932323e-02 1.162923e+04 1.170749e+04 
5.234343e-02 1.118346e+04 1.117545e+04 
5.536364e-02 1.076161e+04 1.066975e+04 
5.838384e-02 1.035901e+04 1.018987e+04 
6.140404e-02 9.969884e+03 9.735032e+03 
6.442424e-02 9.584791e+03 9.304301e+03 
6.744444e-02 9.198970e+03 8.896626e+03 
7.046465e-02 8.811137e+03 8.510899e+03 
7.348485e-02 8.423291e+03 8.145995e+03 
7.650505e-02 8.040810e+03 7.800790e+03 
7.952525e-02 7.670549e+03 7.474181e+03 
8.254545e-02 7.319327e+03 7.165101e+03 
8.556566e-02 6.991410e+03 6.872523e+03 
8.858586e-02 6.688902e+03 6.595467e+03 
9.160606e-02 6.412247e+03 6.333004e+03 
9.462626e-02 6.161157e+03 6.084254e+03 
9.764646e-02 5.934827e+03 5.848389e+03 
1.006667e-01 5.731898e+03 5.624629e+03 
1.036869e-01 5.549636e+03 5.412243e+03 
1.067071e-01 5.383715e+03 5.210546e+03 
1.097273e-01 5.229324e+03 5.018896e+03 
1.127475e-01 5.081270e+03 4.836693e+03 
1.157677e-01 4.935618e+03 4.663376e+03 
1.187879e-01 4.789817e+03 4.498420e+03 
1.218081e-01 4.642874e+03 4.341335e+03 
1.248283e-01 4.495184e+03 4.191664e+03 
1.278485e-01 4.347628e+03 4.048978e+03 
1.308687e-01 4.201456e+03 3.912877e+03 
1.338889e-01 4.058179e+03 3.782989e+03 
1.369091e-01 3.919461e+03 3.658964e+03 
1.399293e-01 3.786671e+03 3.540474e+03 
1.429495e-01 3.660951e+03 3.427215e+03 
1.459697e-01 3.543055e+03 3.318900e+03 
1.489899e-01 3.433457e+03 3.215261e+03 
1.520101e-01 3.332131e+03 3.116047e+03 
1.550303e-01 3.238754e+03 3.021024e+03 
1.580505e-01 3.152665e+03 2.929969e+03 
1.610707e-01 3.072986e+03 2.842677e+03 
1.640909e-01 2.998429e+03 2.758953e+03 
1.671111e-01 2.927561e+03 2.678614e+03 
1.701313e-01 2.859109e+03 2.601490e+03 
1.731515e-01 2.791962e+03 2.527419e+03 
1.761717e-01 2.725546e+03 2.456249e+03 
1.791919e-01 2.659525e+03 2.387837e+03 
1.822121e-01 2.593890e+03 2.322051e+03 
1.852323e-01 2.528741e+03 2.258761e+03 
1.882525e-01 2.464240e+03 2.197851e+03 
1.912727e-01 2.400625e+03 2.139206e+03 
1.942929e-01 2.338320e+03 2.082720e+03 
1.973131e-01 2.277801e+03 2.028294e+03 
2.003333e-01 2.219582e+03 1.975833e+03 
2.033535e-01 2.164080e+03 1.925247e+03 
2.063737e-01 2.111446e+03 1.876451e+03 
2.093939e-01 2.061689e+03 1.829366e+03 
2.124141e-01 2.014587e+03 1.783916e+03 
2.154343e-01 1.969889e+03 1.740028e+03 
2.184545e-01 1.927350e+03 1.697635e+03 
2.214747e-01 1.886717e+03 1.656673e+03 
2.244949e-01 1.847720e+03 1.617080e+03 
2.275152e-01 1.810072e+03 1.578798e+03 
2.305354e-01 1.773463e+03 1.541772e+03 
2.335556e-01 1.737628e+03 1.505951e+03 
2.365758e-01 1.702376e+03 1.471284e+03 
2.395960e-01 1.667617e+03 1.437724e+03 
2.426162e-01 1.633386e+03 1.405226e+03 
2.456364e-01 1.599733e+03 1.373748e+03 
2.486566e-01 1.566716e+03 1.343249e+03 
2.516768e-01 1.534388e+03 1.313691e+03 
2.546970e-01 1.502800e+03 1.285036e+03 
2.577172e-01 1.472018e+03 1.257249e+03 
2.607374e-01 1.442124e+03 1.230297e+03 
2.637576e-01 1.413209e+03 1.204149e+03 
2.667778e-01 1.385370e+03 1.178773e+03 
2.697980e-01 1.358617e+03 1.154140e+03 
2.728182e-01 1.332894e+03 1.130224e+03 
2.758384e-01 1.308106e+03 1.106997e+03 
2.788586e-01 1.284133e+03 1.084434e+03 
2.818788e-01 1.260872e+03 1.062511e+03 
2.848990e-01 1.238235e+03 1.041204e+03 
2.879192e-01 1.216177e+03 1.020493e+03 
2.909394e-01 1.194670e+03 1.000355e+03 
2.939596e-01 1.173670e+03 9.807700e+02 
2.969798e-01 1.153124e+03 9.617192e+02 
3.000000e-01 1.132987e+03 9.431838e+02 
