1.000000e-03 2.686244e+03 2.686217e+03 
4.020202e-03 8.999912e+03 9.069575e+03 
7.040404e-03 1.317631e+04 1.324984e+04 
1.006061e-02 1.579905e+04 1.582521e+04 
1.308081e-02 1.729871e+04 1.725475e+04 
1.610101e-02 1.798344e+04 1.785163e+04 
1.912121e-02 1.808372e+04 1.786527e+04 
2.214141e-02 1.777995e+04 1.751384e+04 
2.516162e-02 1.721422e+04 1.696569e+04 
2.818182e-02 1.649909e+04 1.632707e+04 
3.120202e-02 1.571927e+04 1.565560e+04 
3.422222e-02 1.493540e+04 1.498044e+04 
3.724242e-02 1.418697e+04 1.431640e+04 
4.026263e-02 1.349753e+04 1.367135e+04 
4.328283e-02 1.287213e+04 1.304962e+04 
4.630303e-02 1.230857e+04 1.245359e+04 
4.932323e-02 1.181108e+04 1.188441e+04 
5.234343e-02 1.136016e+04 1.134245e+04 
5.536364e-02 1.093270e+04 1.082752e+04 
5.838384e-02 1.052530e+04 1.033907e+04 
6.140404e-02 1.013026e+04 9.876261e+03 
6.442424e-02 9.737168e+03 9.438116e+03 
6.744444e-02 9.342130e+03 9.023541e+03 
7.046465e-02 8.944720e+03 8.631392e+03 
7.348485e-02 8.547401e+03 8.260504e+03 
7.650505e-02 8.156363e+03 7.909720e+03 
7.952525e-02 7.778774e+03 7.577906e+03 
8.254545e-02 7.421346e+03 7.263964e+03 
8.556566e-02 7.088161e+03 6.966841e+03 
8.858586e-02 6.781370e+03 6.685533e+03 
9.160606e-02 6.501466e+03 6.419088e+03 
9.462626e-02 6.248208e+03 6.166604e+03 
9.764646e-02 6.020779e+03 5.927236e+03 
1.006667e-01 5.817601e+03 5.700186e+03 
1.036869e-01 5.635223e+03 5.484706e+03 
1.067071e-01 5.468854e+03 5.280098e+03 
1.097273e-01 5.313222e+03 5.085705e+03 
1.127475e-01 5.162955e+03 4.900916e+03 
1.157677e-01 5.014449e+03 4.725158e+03 
1.187879e-01 4.865283e+03 4.557896e+03 
1.218081e-01 4.714897e+03 4.398631e+03 
1.248283e-01 4.563674e+03 4.246897e+03 
1.278485e-01 4.412628e+03 4.102257e+03 
1.308687e-01 4.263086e+03 3.964305e+03 
1.338889e-01 4.116734e+03 3.832659e+03 
1.369091e-01 3.975318e+03 3.706965e+03 
1.399293e-01 3.840298e+03 3.586890e+03 
1.429495e-01 3.712914e+03 3.472123e+03 
1.459697e-01 3.593868e+03 3.362373e+03 
1.489899e-01 3.483555e+03 3.257367e+03 
1.520101e-01 3.381785e+03 3.156851e+03 
1.550303e-01 3.288129e+03 3.060584e+03 
1.580505e-01 3.201844e+03 2.968344e+03 
1.610707e-01 3.121929e+03 2.879919e+03 
1.640909e-01 3.046925e+03 2.795112e+03 
1.671111e-01 2.975366e+03 2.713738e+03 
1.701313e-01 2.905926e+03 2.635623e+03 
1.731515e-01 2.837577e+03 2.560602e+03 
1.761717e-01 2.769794e+03 2.488523e+03 
1.791919e-01 2.702304e+03 2.419240e+03 
1.822121e-01 2.635135e+03 2.352617e+03 
1.852323e-01 2.568418e+03 2.288525e+03 
1.882525e-01 2.502384e+03 2.226844e+03 
1.912727e-01 2.437379e+03 2.167458e+03 
1.942929e-01 2.373864e+03 2.110261e+03 
1.973131e-01 2.312361e+03 2.055150e+03 
2.003333e-01 2.253425e+03 2.002029e+03 
2.033535e-01 2.197375e+03 1.950809e+03 
2.063737e-01 2.144321e+03 1.901402e+03 
2.093939e-01 2.094174e+03 1.853727e+03 
2.124141e-01 2.046707e+03 1.807708e+03 
2.154343e-01 2.001674e+03 1.763273e+03 
2.184545e-01 1.958816e+03 1.720351e+03 
2.214747e-01 1.917852e+03 1.678878e+03 
2.244949e-01 1.878481e+03 1.638792e+03 
2.275152e-01 1.840361e+03 1.600033e+03 
2.305354e-01 1.803151e+03 1.562547e+03 
2.335556e-01 1.766631e+03 1.526280e+03 
2.365758e-01 1.730649e+03 1.491182e+03 
2.395960e-01 1.695189e+03 1.457205e+03 
2.426162e-01 1.660282e+03 1.424304e+03 
2.456364e-01 1.625984e+03 1.392435e+03 
2.486566e-01 1.592352e+03 1.361557e+03 
2.516768e-01 1.559422e+03 1.331631e+03 
2.546970e-01 1.527246e+03 1.302620e+03 
2.577172e-01 1.495936e+03 1.274488e+03 
2.607374e-01 1.465612e+03 1.247201e+03 
2.637576e-01 1.436372e+03 1.220727e+03 
2.667778e-01 1.408272e+03 1.195035e+03 
2.697980e-01 1.381280e+03 1.170096e+03 
2.728182e-01 1.355319e+03 1.145882e+03 
2.758384e-01 1.330250e+03 1.122366e+03 
2.788586e-01 1.305950e+03 1.099521e+03 
2.818788e-01 1.282340e+03 1.077325e+03 
2.848990e-01 1.259364e+03 1.055753e+03 
2.879192e-01 1.236994e+03 1.034782e+03 
2.909394e-01 1.215185e+03 1.014393e+03 
2.939596e-01 1.193869e+03 9.945630e+02 
2.969798e-01 1.172983e+03 9.752737e+02 
3.000000e-01 1.152468e+03 9.565061e+02 
