1.000000e-03 2.048568e+03 2.048549e+03 
4.020202e-03 6.993686e+03 7.051723e+03 
7.040404e-03 1.034694e+04 1.040919e+04 
1.006061e-02 1.252827e+04 1.254012e+04 
1.308081e-02 1.386831e+04 1.380265e+04 
1.610101e-02 1.460300e+04 1.445246e+04 
1.912121e-02 1.490351e+04 1.468005e+04 
2.214141e-02 1.489754e+04 1.462986e+04 
2.516162e-02 1.468208e+04 1.440381e+04 
2.818182e-02 1.433011e+04 1.406840e+04 
3.120202e-02 1.389597e+04 1.366602e+04 
3.422222e-02 1.341885e+04 1.322423e+04 
3.724242e-02 1.292645e+04 1.276150e+04 
4.026263e-02 1.243524e+04 1.229054e+04 
4.328283e-02 1.194683e+04 1.182016e+04 
4.630303e-02 1.148132e+04 1.135646e+04 
4.932323e-02 1.104357e+04 1.090362e+04 
5.234343e-02 1.061799e+04 1.046440e+04 
5.536364e-02 1.020280e+04 1.004059e+04 
5.838384e-02 9.800681e+03 9.633195e+03 
6.140404e-02 9.414134e+03 9.242729e+03 
6.442424e-02 9.043718e+03 8.869300e+03 
6.744444e-02 8.686972e+03 8.512751e+03 
7.046465e-02 8.342662e+03 8.172729e+03 
7.348485e-02 8.011917e+03 7.848751e+03 
7.650505e-02 7.696550e+03 7.540249e+03 
7.952525e-02 7.399099e+03 7.246599e+03 
8.254545e-02 7.120796e+03 6.967151e+03 
8.556566e-02 6.860687e+03 6.701242e+03 
8.858586e-02 6.616992e+03 6.448211e+03 
9.160606e-02 6.386939e+03 6.207408e+03 
9.462626e-02 6.168525e+03 5.978200e+03 
9.764646e-02 5.961105e+03 5.759977e+03 
1.006667e-01 5.764181e+03 5.552154e+03 
1.036869e-01 5.577282e+03 5.354168e+03 
1.067071e-01 5.399397e+03 5.165489e+03 
1.097273e-01 5.228662e+03 4.985609e+03 
1.127475e-01 5.063584e+03 4.814050e+03 
1.157677e-01 4.903383e+03 4.650358e+03 
1.187879e-01 4.747845e+03 4.494106e+03 
1.218081e-01 4.597551e+03 4.344892e+03 
1.248283e-01 4.453140e+03 4.202334e+03 
1.278485e-01 4.315223e+03 4.066076e+03 
1.308687e-01 4.184085e+03 3.935780e+03 
1.338889e-01 4.059502e+03 3.811130e+03 
1.369091e-01 3.941171e+03 3.691828e+03 
1.399293e-01 3.828597e+03 3.577593e+03 
1.429495e-01 3.721207e+03 3.468161e+03 
1.459697e-01 3.618510e+03 3.363285e+03 
1.489899e-01 3.520133e+03 3.262730e+03 
1.520101e-01 3.425730e+03 3.166277e+03 
1.550303e-01 3.335044e+03 3.073720e+03 
1.580505e-01 3.247853e+03 2.984862e+03 
1.610707e-01 3.163870e+03 2.899520e+03 
1.640909e-01 3.082732e+03 2.817522e+03 
1.671111e-01 3.004107e+03 2.738704e+03 
1.701313e-01 2.927877e+03 2.662913e+03 
1.731515e-01 2.853996e+03 2.590003e+03 
1.761717e-01 2.782503e+03 2.519838e+03 
1.791919e-01 2.713547e+03 2.452287e+03 
1.822121e-01 2.647229e+03 2.387231e+03 
1.852323e-01 2.583400e+03 2.324551e+03 
1.882525e-01 2.521834e+03 2.264141e+03 
1.912727e-01 2.462379e+03 2.205896e+03 
1.942929e-01 2.404967e+03 2.149720e+03 
1.973131e-01 2.349538e+03 2.095518e+03 
2.003333e-01 2.296063e+03 2.043206e+03 
2.033535e-01 2.244516e+03 1.992698e+03 
2.063737e-01 2.194778e+03 1.943917e+03 
2.093939e-01 2.146640e+03 1.896789e+03 
2.124141e-01 2.099912e+03 1.851242e+03 
2.154343e-01 2.054518e+03 1.807210e+03 
2.184545e-01 2.010408e+03 1.764629e+03 
2.214747e-01 1.967565e+03 1.723438e+03 
2.244949e-01 1.926006e+03 1.683581e+03 
2.275152e-01 1.885728e+03 1.645002e+03 
2.305354e-01 1.846668e+03 1.607649e+03 
2.335556e-01 1.808748e+03 1.571474e+03 
2.365758e-01 1.771916e+03 1.536429e+03 
2.395960e-01 1.736143e+03 1.502469e+03 
2.426162e-01 1.701406e+03 1.469553e+03 
2.456364e-01 1.667688e+03 1.437638e+03 
2.486566e-01 1.634974e+03 1.406687e+03 
2.516768e-01 1.603218e+03 1.376662e+03 
2.546970e-01 1.572350e+03 1.347529e+03 
2.577172e-01 1.542311e+03 1.319253e+03 
2.607374e-01 1.513071e+03 1.291803e+03 
2.637576e-01 1.484608e+03 1.265148e+03 
2.667778e-01 1.456903e+03 1.239259e+03 
2.697980e-01 1.429941e+03 1.214107e+03 
2.728182e-01 1.403702e+03 1.189666e+03 
2.758384e-01 1.378153e+03 1.165911e+03 
2.788586e-01 1.353258e+03 1.142817e+03 
2.818788e-01 1.328990e+03 1.120360e+03 
2.848990e-01 1.305325e+03 1.098518e+03 
2.879192e-01 1.282247e+03 1.077270e+03 
2.909394e-01 1.259745e+03 1.056595e+03 
2.939596e-01 1.237812e+03 1.036473e+03 
2.969798e-01 1.216437e+03 1.016886e+03 
3.000000e-01 1.195602e+03 9.978157e+02 
