1.000000e-03 2.110807e+03 2.110787e+03 
4.020202e-03 7.121351e+03 7.152454e+03 
7.040404e-03 1.048578e+04 1.046838e+04 
1.006061e-02 1.265804e+04 1.254103e+04 
1.308081e-02 1.398095e+04 1.376493e+04 
1.610101e-02 1.469594e+04 1.441323e+04 
1.912121e-02 1.497685e+04 1.467110e+04 
2.214141e-02 1.495265e+04 1.466442e+04 
2.516162e-02 1.472090e+04 1.447957e+04 
2.818182e-02 1.435472e+04 1.417630e+04 
3.120202e-02 1.390838e+04 1.379629e+04 
3.422222e-02 1.342090e+04 1.336874e+04 
3.724242e-02 1.291975e+04 1.291419e+04 
4.026263e-02 1.242119e+04 1.244711e+04 
4.328283e-02 1.192663e+04 1.197763e+04 
4.630303e-02 1.145596e+04 1.151279e+04 
4.932323e-02 1.101389e+04 1.105745e+04 
5.234343e-02 1.058471e+04 1.061483e+04 
5.536364e-02 1.016657e+04 1.018703e+04 
5.838384e-02 9.762040e+03 9.775313e+03 
6.140404e-02 9.373552e+03 9.380327e+03 
6.442424e-02 9.001593e+03 9.002299e+03 
6.744444e-02 8.643654e+03 8.641148e+03 
7.046465e-02 8.298459e+03 8.296576e+03 
7.348485e-02 7.967088e+03 7.968139e+03 
7.650505e-02 7.651308e+03 7.655292e+03 
7.952525e-02 7.353603e+03 7.357429e+03 
8.254545e-02 7.075164e+03 7.073909e+03 
8.556566e-02 6.815014e+03 6.804074e+03 
8.858586e-02 6.571357e+03 6.547266e+03 
9.160606e-02 6.341417e+03 6.302836e+03 
9.462626e-02 6.123184e+03 6.070148e+03 
9.764646e-02 5.916004e+03 5.848588e+03 
1.006667e-01 5.719366e+03 5.637567e+03 
1.036869e-01 5.532791e+03 5.436520e+03 
1.067071e-01 5.355262e+03 5.244908e+03 
1.097273e-01 5.184922e+03 5.062222e+03 
1.127475e-01 5.020281e+03 4.887976e+03 
1.157677e-01 4.860560e+03 4.721713e+03 
1.187879e-01 4.705538e+03 4.563000e+03 
1.218081e-01 4.555787e+03 4.411429e+03 
1.248283e-01 4.411934e+03 4.266615e+03 
1.278485e-01 4.274577e+03 4.128195e+03 
1.308687e-01 4.143996e+03 3.995830e+03 
1.338889e-01 4.019961e+03 3.869196e+03 
1.369091e-01 3.902168e+03 3.747993e+03 
1.399293e-01 3.790122e+03 3.631936e+03 
1.429495e-01 3.683253e+03 3.520758e+03 
1.459697e-01 3.581068e+03 3.414206e+03 
1.489899e-01 3.483199e+03 3.312043e+03 
1.520101e-01 3.389297e+03 3.214047e+03 
1.550303e-01 3.299108e+03 3.120008e+03 
1.580505e-01 3.212408e+03 3.029727e+03 
1.610707e-01 3.128911e+03 2.943019e+03 
1.640909e-01 3.048257e+03 2.859708e+03 
1.671111e-01 2.970115e+03 2.779627e+03 
1.701313e-01 2.894367e+03 2.702622e+03 
1.731515e-01 2.820965e+03 2.628544e+03 
1.761717e-01 2.749948e+03 2.557255e+03 
1.791919e-01 2.681460e+03 2.488624e+03 
1.822121e-01 2.615602e+03 2.422526e+03 
1.852323e-01 2.552221e+03 2.358844e+03 
1.882525e-01 2.491096e+03 2.297467e+03 
1.912727e-01 2.432075e+03 2.238292e+03 
1.942929e-01 2.375088e+03 2.181218e+03 
1.973131e-01 2.320077e+03 2.126151e+03 
2.003333e-01 2.267011e+03 2.073004e+03 
2.033535e-01 2.215863e+03 2.021691e+03 
2.063737e-01 2.166516e+03 1.972133e+03 
2.093939e-01 2.118762e+03 1.924255e+03 
2.124141e-01 2.072413e+03 1.877983e+03 
2.154343e-01 2.027393e+03 1.833252e+03 
2.184545e-01 1.983651e+03 1.789994e+03 
2.214747e-01 1.941172e+03 1.748150e+03 
2.244949e-01 1.899971e+03 1.707661e+03 
2.275152e-01 1.860044e+03 1.668472e+03 
2.305354e-01 1.821328e+03 1.630529e+03 
2.335556e-01 1.783746e+03 1.593782e+03 
2.365758e-01 1.747247e+03 1.558184e+03 
2.395960e-01 1.711802e+03 1.523690e+03 
2.426162e-01 1.677386e+03 1.490255e+03 
2.456364e-01 1.643983e+03 1.457838e+03 
2.486566e-01 1.611578e+03 1.426401e+03 
2.516768e-01 1.580125e+03 1.395906e+03 
2.546970e-01 1.549555e+03 1.366316e+03 
2.577172e-01 1.519808e+03 1.337598e+03 
2.607374e-01 1.490856e+03 1.309719e+03 
2.637576e-01 1.462676e+03 1.282648e+03 
2.667778e-01 1.435250e+03 1.256355e+03 
2.697980e-01 1.408561e+03 1.230812e+03 
2.728182e-01 1.382591e+03 1.205992e+03 
2.758384e-01 1.357305e+03 1.181868e+03 
2.788586e-01 1.332669e+03 1.158416e+03 
2.818788e-01 1.308656e+03 1.135612e+03 
2.848990e-01 1.285243e+03 1.113433e+03 
2.879192e-01 1.262411e+03 1.091857e+03 
2.909394e-01 1.240152e+03 1.070863e+03 
2.939596e-01 1.218459e+03 1.050432e+03 
2.969798e-01 1.197317e+03 1.030544e+03 
3.000000e-01 1.176713e+03 1.011181e+03 
