1.000000e-03 7.104901e+03 7.104828e+03 
4.020202e-03 2.371031e+04 2.389664e+04 
7.040404e-03 3.460577e+04 3.488571e+04 
1.006061e-02 4.120035e+04 4.160234e+04 
1.308081e-02 4.451738e+04 4.511660e+04 
1.610101e-02 4.531787e+04 4.602576e+04 
1.912121e-02 4.422347e+04 4.475096e+04 
2.214141e-02 4.177744e+04 4.182328e+04 
2.516162e-02 3.845719e+04 3.795091e+04 
2.818182e-02 3.467944e+04 3.383865e+04 
3.120202e-02 3.078365e+04 2.997967e+04 
3.422222e-02 2.703065e+04 2.660276e+04 
3.724242e-02 2.360111e+04 2.374723e+04 
4.026263e-02 2.060417e+04 2.135995e+04 
4.328283e-02 1.807459e+04 1.936019e+04 
4.630303e-02 1.601868e+04 1.767022e+04 
4.932323e-02 1.442002e+04 1.622552e+04 
5.234343e-02 1.322124e+04 1.497571e+04 
5.536364e-02 1.235570e+04 1.388241e+04 
5.838384e-02 1.175976e+04 1.291654e+04 
6.140404e-02 1.137332e+04 1.205592e+04 
6.442424e-02 1.113161e+04 1.128349e+04 
6.744444e-02 1.097713e+04 1.058589e+04 
7.046465e-02 1.085885e+04 9.952556e+03 
7.348485e-02 1.072980e+04 9.374956e+03 
7.650505e-02 1.055121e+04 8.846132e+03 
7.952525e-02 1.029524e+04 8.360317e+03 
8.254545e-02 9.946517e+03 7.912679e+03 
8.556566e-02 9.503424e+03 7.499122e+03 
8.858586e-02 8.976400e+03 7.116141e+03 
9.160606e-02 8.385254e+03 6.760711e+03 
9.462626e-02 7.755891e+03 6.430202e+03 
9.764646e-02 7.116558e+03 6.122309e+03 
1.006667e-01 6.495553e+03 5.835006e+03 
1.036869e-01 5.916782e+03 5.566497e+03 
1.067071e-01 5.399079e+03 5.315187e+03 
1.097273e-01 4.953979e+03 5.079650e+03 
1.127475e-01 4.586980e+03 4.858611e+03 
1.157677e-01 4.298505e+03 4.650921e+03 
1.187879e-01 4.084333e+03 4.455546e+03 
1.218081e-01 3.937699e+03 4.271551e+03 
1.248283e-01 3.849603e+03 4.098087e+03 
1.278485e-01 3.809483e+03 3.934385e+03 
1.308687e-01 3.805273e+03 3.779744e+03 
1.338889e-01 3.824052e+03 3.633523e+03 
1.369091e-01 3.852601e+03 3.495140e+03 
1.399293e-01 3.878328e+03 3.364058e+03 
1.429495e-01 3.889934e+03 3.239788e+03 
1.459697e-01 3.878275e+03 3.121879e+03 
1.489899e-01 3.836837e+03 3.009917e+03 
1.520101e-01 3.761658e+03 2.903520e+03 
1.550303e-01 3.652331e+03 2.802336e+03 
1.580505e-01 3.511161e+03 2.706041e+03 
1.610707e-01 3.344106e+03 2.614334e+03 
1.640909e-01 3.159043e+03 2.526938e+03 
1.671111e-01 2.965403e+03 2.443594e+03 
1.701313e-01 2.772398e+03 2.364065e+03 
1.731515e-01 2.588508e+03 2.288127e+03 
1.761717e-01 2.419933e+03 2.215574e+03 
1.791919e-01 2.271268e+03 2.146215e+03 
1.822121e-01 2.145187e+03 2.079871e+03 
1.852323e-01 2.042935e+03 2.016374e+03 
1.882525e-01 1.964563e+03 1.955571e+03 
1.912727e-01 1.909029e+03 1.897314e+03 
1.942929e-01 1.874455e+03 1.841469e+03 
1.973131e-01 1.857812e+03 1.787908e+03 
2.003333e-01 1.855355e+03 1.736512e+03 
2.033535e-01 1.862685e+03 1.687171e+03 
2.063737e-01 1.875174e+03 1.639779e+03 
2.093939e-01 1.888207e+03 1.594238e+03 
2.124141e-01 1.897654e+03 1.550456e+03 
2.154343e-01 1.899939e+03 1.508347e+03 
2.184545e-01 1.892300e+03 1.467829e+03 
2.214747e-01 1.872895e+03 1.428825e+03 
2.244949e-01 1.840778e+03 1.391264e+03 
2.275152e-01 1.796252e+03 1.355078e+03 
2.305354e-01 1.740483e+03 1.320201e+03 
2.335556e-01 1.675687e+03 1.286575e+03 
2.365758e-01 1.604635e+03 1.254141e+03 
2.395960e-01 1.530545e+03 1.222846e+03 
2.426162e-01 1.456500e+03 1.192638e+03 
2.456364e-01 1.385368e+03 1.163470e+03 
2.486566e-01 1.319494e+03 1.135296e+03 
2.516768e-01 1.260728e+03 1.108072e+03 
2.546970e-01 1.210246e+03 1.081758e+03 
2.577172e-01 1.168683e+03 1.056315e+03 
2.607374e-01 1.136191e+03 1.031706e+03 
2.637576e-01 1.112347e+03 1.007896e+03 
2.667778e-01 1.096367e+03 9.848519e+02 
2.697980e-01 1.087071e+03 9.625425e+02 
2.728182e-01 1.083042e+03 9.409377e+02 
2.758384e-01 1.082658e+03 9.200091e+02 
2.788586e-01 1.084245e+03 8.997296e+02 
2.818788e-01 1.086136e+03 8.800736e+02 
2.848990e-01 1.086771e+03 8.610164e+02 
2.879192e-01 1.084776e+03 8.425349e+02 
2.909394e-01 1.079072e+03 8.246067e+02 
2.939596e-01 1.068918e+03 8.072107e+02 
2.969798e-01 1.053904e+03 7.903267e+02 
3.000000e-01 1.034107e+03 7.739355e+02 
