1.000000e-03 4.779714e+03 4.779664e+03 
4.020202e-03 1.589786e+04 1.602215e+04 
7.040404e-03 2.314745e+04 2.331485e+04 
1.006061e-02 2.753841e+04 2.773130e+04 
1.308081e-02 2.979918e+04 3.002846e+04 
1.610101e-02 3.046200e+04 3.066029e+04 
1.912121e-02 2.994811e+04 2.998336e+04 
2.214141e-02 2.861130e+04 2.840821e+04 
2.516162e-02 2.675386e+04 2.638189e+04 
2.818182e-02 2.462796e+04 2.426805e+04 
3.120202e-02 2.243485e+04 2.227822e+04 
3.422222e-02 2.032435e+04 2.049407e+04 
3.724242e-02 1.839728e+04 1.892334e+04 
4.026263e-02 1.671437e+04 1.754365e+04 
4.328283e-02 1.529136e+04 1.632560e+04 
4.630303e-02 1.412517e+04 1.524202e+04 
4.932323e-02 1.321566e+04 1.427045e+04 
5.234343e-02 1.251935e+04 1.339311e+04 
5.536364e-02 1.198799e+04 1.259601e+04 
5.838384e-02 1.158378e+04 1.186813e+04 
6.140404e-02 1.126251e+04 1.120063e+04 
6.442424e-02 1.098365e+04 1.058633e+04 
6.744444e-02 1.071291e+04 1.001931e+04 
7.046465e-02 1.042236e+04 9.494577e+03 
7.348485e-02 1.009183e+04 9.007888e+03 
7.650505e-02 9.710022e+03 8.555592e+03 
7.952525e-02 9.275249e+03 8.134508e+03 
8.254545e-02 8.795079e+03 7.741847e+03 
8.556566e-02 8.283088e+03 7.375142e+03 
8.858586e-02 7.756550e+03 7.032203e+03 
9.160606e-02 7.234246e+03 6.711070e+03 
9.462626e-02 6.733714e+03 6.409986e+03 
9.764646e-02 6.270745e+03 6.127370e+03 
1.006667e-01 5.857182e+03 5.861793e+03 
1.036869e-01 5.501056e+03 5.611962e+03 
1.067071e-01 5.205243e+03 5.376700e+03 
1.097273e-01 4.968442e+03 5.154941e+03 
1.127475e-01 4.785828e+03 4.945710e+03 
1.157677e-01 4.649805e+03 4.748117e+03 
1.187879e-01 4.551309e+03 4.561348e+03 
1.218081e-01 4.480271e+03 4.384660e+03 
1.248283e-01 4.426352e+03 4.217367e+03 
1.278485e-01 4.379197e+03 4.058841e+03 
1.308687e-01 4.329335e+03 3.908504e+03 
1.338889e-01 4.268438e+03 3.765824e+03 
1.369091e-01 4.190952e+03 3.630311e+03 
1.399293e-01 4.093431e+03 3.501510e+03 
1.429495e-01 3.975528e+03 3.379003e+03 
1.459697e-01 3.838718e+03 3.262402e+03 
1.489899e-01 3.686472e+03 3.151348e+03 
1.520101e-01 3.523436e+03 3.045508e+03 
1.550303e-01 3.355162e+03 2.944573e+03 
1.580505e-01 3.187605e+03 2.848256e+03 
1.610707e-01 3.026688e+03 2.756291e+03 
1.640909e-01 2.877621e+03 2.668429e+03 
1.671111e-01 2.744468e+03 2.584437e+03 
1.701313e-01 2.629551e+03 2.504102e+03 
1.731515e-01 2.533568e+03 2.427221e+03 
1.761717e-01 2.455831e+03 2.353606e+03 
1.791919e-01 2.394651e+03 2.283082e+03 
1.822121e-01 2.347776e+03 2.215484e+03 
1.852323e-01 2.312469e+03 2.150659e+03 
1.882525e-01 2.285744e+03 2.088462e+03 
1.912727e-01 2.264363e+03 2.028759e+03 
1.942929e-01 2.244948e+03 1.971421e+03 
1.973131e-01 2.224104e+03 1.916331e+03 
2.003333e-01 2.199034e+03 1.863377e+03 
2.033535e-01 2.167541e+03 1.812454e+03 
2.063737e-01 2.128589e+03 1.763462e+03 
2.093939e-01 2.081930e+03 1.716309e+03 
2.124141e-01 2.028244e+03 1.670906e+03 
2.154343e-01 1.968760e+03 1.627172e+03 
2.184545e-01 1.905132e+03 1.585029e+03 
2.214747e-01 1.839248e+03 1.544402e+03 
2.244949e-01 1.773077e+03 1.505222e+03 
2.275152e-01 1.708529e+03 1.467425e+03 
2.305354e-01 1.647357e+03 1.430947e+03 
2.335556e-01 1.591054e+03 1.395730e+03 
2.365758e-01 1.540648e+03 1.361719e+03 
2.395960e-01 1.496727e+03 1.328862e+03 
2.426162e-01 1.459370e+03 1.297107e+03 
2.456364e-01 1.428314e+03 1.266409e+03 
2.486566e-01 1.402871e+03 1.236721e+03 
2.516768e-01 1.382133e+03 1.208003e+03 
2.546970e-01 1.364971e+03 1.180214e+03 
2.577172e-01 1.350180e+03 1.153314e+03 
2.607374e-01 1.336515e+03 1.127269e+03 
2.637576e-01 1.322825e+03 1.102043e+03 
2.667778e-01 1.308074e+03 1.077604e+03 
2.697980e-01 1.291499e+03 1.053919e+03 
2.728182e-01 1.272574e+03 1.030961e+03 
2.758384e-01 1.251087e+03 1.008699e+03 
2.788586e-01 1.227073e+03 9.871072e+02 
2.818788e-01 1.200786e+03 9.661599e+02 
2.848990e-01 1.172707e+03 9.458324e+02 
2.879192e-01 1.143442e+03 9.261013e+02 
2.909394e-01 1.113673e+03 9.069442e+02 
2.939596e-01 1.084100e+03 8.883398e+02 
2.969798e-01 1.055409e+03 8.702677e+02 
3.000000e-01 1.028183e+03 8.527085e+02 
