1.000000e-03 4.194324e+03 4.194280e+03 
4.020202e-03 1.418786e+04 1.429747e+04 
7.040404e-03 2.093284e+04 2.108569e+04 
1.006061e-02 2.519153e+04 2.537237e+04 
1.308081e-02 2.754609e+04 2.776942e+04 
1.610101e-02 2.843488e+04 2.864843e+04 
1.912121e-02 2.821547e+04 2.829493e+04 
2.214141e-02 2.719366e+04 2.704484e+04 
2.516162e-02 2.563740e+04 2.529010e+04 
2.818182e-02 2.377629e+04 2.337797e+04 
3.120202e-02 2.179844e+04 2.153182e+04 
3.422222e-02 1.984955e+04 1.985266e+04 
3.724242e-02 1.803252e+04 1.836345e+04 
4.026263e-02 1.641423e+04 1.705109e+04 
4.328283e-02 1.502145e+04 1.589111e+04 
4.630303e-02 1.385898e+04 1.485883e+04 
4.932323e-02 1.293209e+04 1.393311e+04 
5.234343e-02 1.221278e+04 1.309689e+04 
5.536364e-02 1.165946e+04 1.233672e+04 
5.838384e-02 1.123425e+04 1.164194e+04 
6.140404e-02 1.090606e+04 1.100409e+04 
6.442424e-02 1.063941e+04 1.041632e+04 
6.744444e-02 1.039681e+04 9.872984e+03 
7.046465e-02 1.014907e+04 9.369389e+03 
7.348485e-02 9.873265e+03 8.901552e+03 
7.650505e-02 9.553868e+03 8.466056e+03 
7.952525e-02 9.184555e+03 8.059940e+03 
8.254545e-02 8.767925e+03 7.680608e+03 
8.556566e-02 8.313079e+03 7.325770e+03 
8.858586e-02 7.833514e+03 6.993392e+03 
9.160606e-02 7.344520e+03 6.681657e+03 
9.462626e-02 6.861787e+03 6.388933e+03 
9.764646e-02 6.400719e+03 6.113750e+03 
1.006667e-01 5.974764e+03 5.854779e+03 
1.036869e-01 5.594987e+03 5.610814e+03 
1.067071e-01 5.267961e+03 5.380761e+03 
1.097273e-01 4.996606e+03 5.163620e+03 
1.127475e-01 4.779768e+03 4.958481e+03 
1.157677e-01 4.612683e+03 4.764508e+03 
1.187879e-01 4.488122e+03 4.580938e+03 
1.218081e-01 4.397665e+03 4.407070e+03 
1.248283e-01 4.332351e+03 4.242258e+03 
1.278485e-01 4.282893e+03 4.085911e+03 
1.308687e-01 4.240295e+03 3.937480e+03 
1.338889e-01 4.196130e+03 3.796463e+03 
1.369091e-01 4.143138e+03 3.662392e+03 
1.399293e-01 4.075306e+03 3.534837e+03 
1.429495e-01 3.989260e+03 3.413400e+03 
1.459697e-01 3.883479e+03 3.297710e+03 
1.489899e-01 3.759033e+03 3.187425e+03 
1.520101e-01 3.618603e+03 3.082226e+03 
1.550303e-01 3.466609e+03 2.981818e+03 
1.580505e-01 3.308109e+03 2.885925e+03 
1.610707e-01 3.148563e+03 2.794290e+03 
1.640909e-01 2.993455e+03 2.706675e+03 
1.671111e-01 2.847875e+03 2.622857e+03 
1.701313e-01 2.715588e+03 2.542628e+03 
1.731515e-01 2.599290e+03 2.465794e+03 
1.761717e-01 2.500305e+03 2.392172e+03 
1.791919e-01 2.418745e+03 2.321593e+03 
1.822121e-01 2.353678e+03 2.253898e+03 
1.852323e-01 2.303371e+03 2.188937e+03 
1.882525e-01 2.265586e+03 2.126571e+03 
1.912727e-01 2.237555e+03 2.066668e+03 
1.942929e-01 2.216273e+03 2.009104e+03 
1.973131e-01 2.198536e+03 1.953764e+03 
2.003333e-01 2.181222e+03 1.900540e+03 
2.033535e-01 2.161385e+03 1.849327e+03 
2.063737e-01 2.136786e+03 1.800030e+03 
2.093939e-01 2.105759e+03 1.752558e+03 
2.124141e-01 2.067554e+03 1.706824e+03 
2.154343e-01 2.022050e+03 1.662749e+03 
2.184545e-01 1.969925e+03 1.620255e+03 
2.214747e-01 1.912325e+03 1.579270e+03 
2.244949e-01 1.850811e+03 1.539727e+03 
2.275152e-01 1.787247e+03 1.501561e+03 
2.305354e-01 1.723622e+03 1.464710e+03 
2.335556e-01 1.661795e+03 1.429118e+03 
2.365758e-01 1.603424e+03 1.394728e+03 
2.395960e-01 1.549813e+03 1.361491e+03 
2.426162e-01 1.501859e+03 1.329356e+03 
2.456364e-01 1.460029e+03 1.298277e+03 
2.486566e-01 1.424411e+03 1.268209e+03 
2.516768e-01 1.394807e+03 1.239112e+03 
2.546970e-01 1.370652e+03 1.210944e+03 
2.577172e-01 1.351165e+03 1.183668e+03 
2.607374e-01 1.335313e+03 1.157248e+03 
2.637576e-01 1.321938e+03 1.131650e+03 
2.667778e-01 1.309781e+03 1.106841e+03 
2.697980e-01 1.297690e+03 1.082791e+03 
2.728182e-01 1.284637e+03 1.059468e+03 
2.758384e-01 1.269871e+03 1.036847e+03 
2.788586e-01 1.252850e+03 1.014898e+03 
2.818788e-01 1.233347e+03 9.935980e+02 
2.848990e-01 1.211328e+03 9.729212e+02 
2.879192e-01 1.186956e+03 9.528447e+02 
2.909394e-01 1.160580e+03 9.333461e+02 
2.939596e-01 1.132695e+03 9.144043e+02 
2.969798e-01 1.103946e+03 8.959989e+02 
3.000000e-01 1.075035e+03 8.781104e+02 
