1.000000e-03 2.197183e+03 2.197163e+03 
4.020202e-03 7.550862e+03 7.609001e+03 
7.040404e-03 1.126265e+04 1.133189e+04 
1.006061e-02 1.371267e+04 1.375436e+04 
1.308081e-02 1.520913e+04 1.520675e+04 
1.610101e-02 1.598525e+04 1.591987e+04 
1.912121e-02 1.622314e+04 1.608169e+04 
2.214141e-02 1.607132e+04 1.587144e+04 
2.516162e-02 1.565290e+04 1.544541e+04 
2.818182e-02 1.506846e+04 1.491387e+04 
3.120202e-02 1.439860e+04 1.434089e+04 
3.422222e-02 1.370399e+04 1.375926e+04 
3.724242e-02 1.302724e+04 1.318481e+04 
4.026263e-02 1.239727e+04 1.262525e+04 
4.328283e-02 1.182224e+04 1.208442e+04 
4.630303e-02 1.130719e+04 1.156428e+04 
4.932323e-02 1.086174e+04 1.106581e+04 
5.234343e-02 1.046992e+04 1.058937e+04 
5.536364e-02 1.011206e+04 1.013490e+04 
5.838384e-02 9.775458e+03 9.702062e+03 
6.140404e-02 9.452879e+03 9.290329e+03 
6.442424e-02 9.137814e+03 8.899020e+03 
6.744444e-02 8.821893e+03 8.527365e+03 
7.046465e-02 8.499067e+03 8.174532e+03 
7.348485e-02 8.166542e+03 7.839656e+03 
7.650505e-02 7.826037e+03 7.521865e+03 
7.952525e-02 7.483003e+03 7.220287e+03 
8.254545e-02 7.144972e+03 6.934069e+03 
8.556566e-02 6.819628e+03 6.662382e+03 
8.858586e-02 6.512765e+03 6.404423e+03 
9.160606e-02 6.228121e+03 6.159428e+03 
9.462626e-02 5.967457e+03 5.926665e+03 
9.764646e-02 5.731464e+03 5.705439e+03 
1.006667e-01 5.520037e+03 5.495093e+03 
1.036869e-01 5.332392e+03 5.295004e+03 
1.067071e-01 5.166985e+03 5.104589e+03 
1.097273e-01 5.020383e+03 4.923293e+03 
1.127475e-01 4.888374e+03 4.750600e+03 
1.157677e-01 4.765789e+03 4.586021e+03 
1.187879e-01 4.647755e+03 4.429098e+03 
1.218081e-01 4.530298e+03 4.279402e+03 
1.248283e-01 4.410670e+03 4.136531e+03 
1.278485e-01 4.287853e+03 4.000105e+03 
1.308687e-01 4.161733e+03 3.869771e+03 
1.338889e-01 4.033121e+03 3.745195e+03 
1.369091e-01 3.903357e+03 3.626066e+03 
1.399293e-01 3.774217e+03 3.512090e+03 
1.429495e-01 3.647448e+03 3.402994e+03 
1.459697e-01 3.524738e+03 3.298519e+03 
1.489899e-01 3.407520e+03 3.198422e+03 
1.520101e-01 3.297029e+03 3.102478e+03 
1.550303e-01 3.194078e+03 3.010471e+03 
1.580505e-01 3.099238e+03 2.922200e+03 
1.610707e-01 3.012723e+03 2.837477e+03 
1.640909e-01 2.934439e+03 2.756125e+03 
1.671111e-01 2.863514e+03 2.677975e+03 
1.701313e-01 2.798743e+03 2.602869e+03 
1.731515e-01 2.738532e+03 2.530661e+03 
1.761717e-01 2.681295e+03 2.461209e+03 
1.791919e-01 2.625667e+03 2.394382e+03 
1.822121e-01 2.570584e+03 2.330055e+03 
1.852323e-01 2.515487e+03 2.268111e+03 
1.882525e-01 2.460033e+03 2.208438e+03 
1.912727e-01 2.404114e+03 2.150933e+03 
1.942929e-01 2.347692e+03 2.095495e+03 
1.973131e-01 2.290804e+03 2.042032e+03 
2.003333e-01 2.233752e+03 1.990454e+03 
2.033535e-01 2.177082e+03 1.940679e+03 
2.063737e-01 2.121457e+03 1.892625e+03 
2.093939e-01 2.067599e+03 1.846219e+03 
2.124141e-01 2.016077e+03 1.801388e+03 
2.154343e-01 1.967331e+03 1.758065e+03 
2.184545e-01 1.921467e+03 1.716187e+03 
2.214747e-01 1.878426e+03 1.675691e+03 
2.244949e-01 1.838013e+03 1.636520e+03 
2.275152e-01 1.799990e+03 1.598620e+03 
2.305354e-01 1.764116e+03 1.561938e+03 
2.335556e-01 1.730117e+03 1.526425e+03 
2.365758e-01 1.697640e+03 1.492033e+03 
2.395960e-01 1.666323e+03 1.458717e+03 
2.426162e-01 1.635829e+03 1.426435e+03 
2.456364e-01 1.605848e+03 1.395145e+03 
2.486566e-01 1.576123e+03 1.364810e+03 
2.516768e-01 1.546490e+03 1.335392e+03 
2.546970e-01 1.516907e+03 1.306856e+03 
2.577172e-01 1.487407e+03 1.279169e+03 
2.607374e-01 1.458091e+03 1.252297e+03 
2.637576e-01 1.429084e+03 1.226212e+03 
2.667778e-01 1.400528e+03 1.200883e+03 
2.697980e-01 1.372579e+03 1.176282e+03 
2.728182e-01 1.345398e+03 1.152383e+03 
2.758384e-01 1.319105e+03 1.129161e+03 
2.788586e-01 1.293790e+03 1.106591e+03 
2.818788e-01 1.269494e+03 1.084649e+03 
2.848990e-01 1.246226e+03 1.063314e+03 
2.879192e-01 1.223937e+03 1.042564e+03 
2.909394e-01 1.202554e+03 1.022378e+03 
2.939596e-01 1.181990e+03 1.002738e+03 
2.969798e-01 1.162150e+03 9.836233e+02 
3.000000e-01 1.142927e+03 9.650172e+02 
