1.000000e-03 2.460680e+03 2.460655e+03 
4.020202e-03 8.378713e+03 8.443226e+03 
7.040404e-03 1.236561e+04 1.243486e+04 
1.006061e-02 1.491153e+04 1.493818e+04 
1.308081e-02 1.640005e+04 1.636232e+04 
1.610101e-02 1.711155e+04 1.699167e+04 
1.912121e-02 1.725950e+04 1.705649e+04 
2.214141e-02 1.701348e+04 1.676243e+04 
2.516162e-02 1.650855e+04 1.627126e+04 
2.818182e-02 1.585224e+04 1.568675e+04 
3.120202e-02 1.512702e+04 1.506583e+04 
3.422222e-02 1.439249e+04 1.443757e+04 
3.724242e-02 1.368808e+04 1.381684e+04 
4.026263e-02 1.303773e+04 1.321164e+04 
4.328283e-02 1.244615e+04 1.262650e+04 
4.630303e-02 1.191363e+04 1.206398e+04 
4.932323e-02 1.144555e+04 1.152547e+04 
5.234343e-02 1.102154e+04 1.101154e+04 
5.536364e-02 1.062054e+04 1.052222e+04 
5.838384e-02 1.023747e+04 1.005717e+04 
6.140404e-02 9.864940e+03 9.615747e+03 
6.442424e-02 9.494763e+03 9.197159e+03 
6.744444e-02 9.121566e+03 8.800480e+03 
7.046465e-02 8.743908e+03 8.424719e+03 
7.348485e-02 8.363990e+03 8.068850e+03 
7.650505e-02 7.987745e+03 7.731844e+03 
7.952525e-02 7.622471e+03 7.412680e+03 
8.254545e-02 7.275393e+03 7.110366e+03 
8.556566e-02 6.951044e+03 6.823941e+03 
8.858586e-02 6.651881e+03 6.552486e+03 
9.160606e-02 6.378637e+03 6.295124e+03 
9.462626e-02 6.131193e+03 6.051023e+03 
9.764646e-02 5.908933e+03 5.819397e+03 
1.006667e-01 5.710613e+03 5.599505e+03 
1.036869e-01 5.533097e+03 5.390652e+03 
1.067071e-01 5.372237e+03 5.192181e+03 
1.097273e-01 5.222706e+03 5.003480e+03 
1.127475e-01 5.079078e+03 4.823973e+03 
1.157677e-01 4.937484e+03 4.653121e+03 
1.187879e-01 4.795046e+03 4.490421e+03 
1.218081e-01 4.651001e+03 4.335401e+03 
1.248283e-01 4.505403e+03 4.187619e+03 
1.278485e-01 4.359290e+03 4.046663e+03 
1.308687e-01 4.214023e+03 3.912146e+03 
1.338889e-01 4.071270e+03 3.783708e+03 
1.369091e-01 3.932700e+03 3.661009e+03 
1.399293e-01 3.799858e+03 3.543734e+03 
1.429495e-01 3.674042e+03 3.431587e+03 
1.459697e-01 3.556129e+03 3.324288e+03 
1.489899e-01 3.446651e+03 3.221579e+03 
1.520101e-01 3.345675e+03 3.123215e+03 
1.550303e-01 3.252947e+03 3.028967e+03 
1.580505e-01 3.167833e+03 2.938621e+03 
1.610707e-01 3.089316e+03 2.851975e+03 
1.640909e-01 3.015988e+03 2.768839e+03 
1.671111e-01 2.946394e+03 2.689036e+03 
1.701313e-01 2.879078e+03 2.612398e+03 
1.731515e-01 2.812990e+03 2.538768e+03 
1.761717e-01 2.747425e+03 2.467998e+03 
1.791919e-01 2.682081e+03 2.399948e+03 
1.822121e-01 2.616923e+03 2.334486e+03 
1.852323e-01 2.552013e+03 2.271490e+03 
1.882525e-01 2.487490e+03 2.210841e+03 
1.912727e-01 2.423684e+03 2.152431e+03 
1.942929e-01 2.361038e+03 2.096154e+03 
1.973131e-01 2.300130e+03 2.041912e+03 
2.003333e-01 2.241553e+03 1.989613e+03 
2.033535e-01 2.185712e+03 1.939168e+03 
2.063737e-01 2.132869e+03 1.890495e+03 
2.093939e-01 2.082954e+03 1.843515e+03 
2.124141e-01 2.035790e+03 1.798153e+03 
2.154343e-01 1.991123e+03 1.754339e+03 
2.184545e-01 1.948686e+03 1.712006e+03 
2.214747e-01 1.908218e+03 1.671090e+03 
2.244949e-01 1.869436e+03 1.631531e+03 
2.275152e-01 1.832016e+03 1.593273e+03 
2.305354e-01 1.795634e+03 1.556261e+03 
2.335556e-01 1.759981e+03 1.520444e+03 
2.365758e-01 1.724838e+03 1.485772e+03 
2.395960e-01 1.690130e+03 1.452200e+03 
2.426162e-01 1.655853e+03 1.419682e+03 
2.456364e-01 1.622084e+03 1.388177e+03 
2.486566e-01 1.588893e+03 1.357645e+03 
2.516768e-01 1.556338e+03 1.328047e+03 
2.546970e-01 1.524490e+03 1.299347e+03 
2.577172e-01 1.493434e+03 1.271511e+03 
2.607374e-01 1.463276e+03 1.244505e+03 
2.637576e-01 1.434132e+03 1.218298e+03 
2.667778e-01 1.406077e+03 1.192860e+03 
2.697980e-01 1.379146e+03 1.168162e+03 
2.728182e-01 1.353285e+03 1.144177e+03 
2.758384e-01 1.328386e+03 1.120878e+03 
2.788586e-01 1.304327e+03 1.098241e+03 
2.818788e-01 1.280984e+03 1.076241e+03 
2.848990e-01 1.258286e+03 1.054855e+03 
2.879192e-01 1.236180e+03 1.034063e+03 
2.909394e-01 1.214616e+03 1.013842e+03 
2.939596e-01 1.193546e+03 9.941730e+02 
2.969798e-01 1.172914e+03 9.750365e+02 
3.000000e-01 1.152668e+03 9.564140e+02 
