1.000000e-03 5.851046e+03 5.850979e+03 
4.020202e-03 1.939642e+04 1.954731e+04 
7.040404e-03 2.824565e+04 2.846113e+04 
1.006061e-02 3.360429e+04 3.388743e+04 
1.308081e-02 3.633015e+04 3.671883e+04 
1.610101e-02 3.705398e+04 3.746724e+04 
1.912121e-02 3.628457e+04 3.651462e+04 
2.214141e-02 3.445777e+04 3.432818e+04 
2.516162e-02 3.195439e+04 3.147832e+04 
2.818182e-02 2.909769e+04 2.848366e+04 
3.120202e-02 2.615049e+04 2.567738e+04 
3.422222e-02 2.331171e+04 2.320065e+04 
3.724242e-02 2.071785e+04 2.107134e+04 
4.026263e-02 1.845124e+04 1.925212e+04 
4.328283e-02 1.653533e+04 1.769111e+04 
4.630303e-02 1.497519e+04 1.633957e+04 
4.932323e-02 1.376291e+04 1.515726e+04 
5.234343e-02 1.284834e+04 1.411266e+04 
5.536364e-02 1.217715e+04 1.318149e+04 
5.838384e-02 1.169846e+04 1.234505e+04 
6.140404e-02 1.136286e+04 1.158884e+04 
6.442424e-02 1.111718e+04 1.090141e+04 
6.744444e-02 1.091377e+04 1.027364e+04 
7.046465e-02 1.071241e+04 9.698102e+03 
7.348485e-02 1.047899e+04 9.168678e+03 
7.650505e-02 1.018888e+04 8.680251e+03 
7.952525e-02 9.828366e+03 8.228490e+03 
8.254545e-02 9.395148e+03 7.809689e+03 
8.556566e-02 8.897564e+03 7.420644e+03 
8.858586e-02 8.351305e+03 7.058567e+03 
9.160606e-02 7.777020e+03 6.721012e+03 
9.462626e-02 7.198169e+03 6.405818e+03 
9.764646e-02 6.637221e+03 6.111070e+03 
1.006667e-01 6.114802e+03 5.835060e+03 
1.036869e-01 5.646304e+03 5.576259e+03 
1.067071e-01 5.242730e+03 5.333296e+03 
1.097273e-01 4.908300e+03 5.104932e+03 
1.127475e-01 4.643017e+03 4.890050e+03 
1.157677e-01 4.442596e+03 4.687638e+03 
1.187879e-01 4.300042e+03 4.496777e+03 
1.218081e-01 4.206460e+03 4.316629e+03 
1.248283e-01 4.151497e+03 4.146433e+03 
1.278485e-01 4.123963e+03 3.985490e+03 
1.308687e-01 4.111875e+03 3.833164e+03 
1.338889e-01 4.103548e+03 3.688871e+03 
1.369091e-01 4.087980e+03 3.552073e+03 
1.399293e-01 4.056361e+03 3.422278e+03 
1.429495e-01 4.001887e+03 3.299031e+03 
1.459697e-01 3.921154e+03 3.181915e+03 
1.489899e-01 3.813098e+03 3.070543e+03 
1.520101e-01 3.679424e+03 2.964558e+03 
1.550303e-01 3.524043e+03 2.863630e+03 
1.580505e-01 3.352723e+03 2.767454e+03 
1.610707e-01 3.172801e+03 2.675745e+03 
1.640909e-01 2.992116e+03 2.588242e+03 
1.671111e-01 2.818135e+03 2.504699e+03 
1.701313e-01 2.657155e+03 2.424889e+03 
1.731515e-01 2.513812e+03 2.348601e+03 
1.761717e-01 2.390765e+03 2.275637e+03 
1.791919e-01 2.289163e+03 2.205814e+03 
1.822121e-01 2.208694e+03 2.138960e+03 
1.852323e-01 2.148237e+03 2.074916e+03 
1.882525e-01 2.105838e+03 2.013530e+03 
1.912727e-01 2.078857e+03 1.954663e+03 
1.942929e-01 2.063976e+03 1.898183e+03 
1.973131e-01 2.057297e+03 1.843969e+03 
2.003333e-01 2.054646e+03 1.791903e+03 
2.033535e-01 2.051886e+03 1.741878e+03 
2.063737e-01 2.045290e+03 1.693793e+03 
2.093939e-01 2.031868e+03 1.647550e+03 
2.124141e-01 2.009577e+03 1.603062e+03 
2.154343e-01 1.977270e+03 1.560243e+03 
2.184545e-01 1.934877e+03 1.519013e+03 
2.214747e-01 1.883042e+03 1.479297e+03 
2.244949e-01 1.823252e+03 1.441025e+03 
2.275152e-01 1.757490e+03 1.404130e+03 
2.305354e-01 1.688207e+03 1.368548e+03 
2.335556e-01 1.617996e+03 1.334220e+03 
2.365758e-01 1.549446e+03 1.301091e+03 
2.395960e-01 1.484761e+03 1.269105e+03 
2.426162e-01 1.425775e+03 1.238214e+03 
2.456364e-01 1.373750e+03 1.208369e+03 
2.486566e-01 1.329435e+03 1.179526e+03 
2.516768e-01 1.293065e+03 1.151641e+03 
2.546970e-01 1.264364e+03 1.124674e+03 
2.577172e-01 1.242698e+03 1.098586e+03 
2.607374e-01 1.227021e+03 1.073341e+03 
2.637576e-01 1.216086e+03 1.048903e+03 
2.667778e-01 1.208462e+03 1.025241e+03 
2.697980e-01 1.202673e+03 1.002323e+03 
2.728182e-01 1.197248e+03 9.801177e+02 
2.758384e-01 1.190860e+03 9.585984e+02 
2.788586e-01 1.182349e+03 9.377374e+02 
2.818788e-01 1.170859e+03 9.175092e+02 
2.848990e-01 1.155825e+03 8.978891e+02 
2.879192e-01 1.137014e+03 8.788539e+02 
2.909394e-01 1.114548e+03 8.603812e+02 
2.939596e-01 1.088826e+03 8.424498e+02 
2.969798e-01 1.060541e+03 8.250396e+02 
3.000000e-01 1.030531e+03 8.081310e+02 
