1.000000e-03 2.259111e+03 2.259090e+03 
4.020202e-03 7.649926e+03 7.708650e+03 
7.040404e-03 1.134560e+04 1.141357e+04 
1.006061e-02 1.376859e+04 1.380424e+04 
1.308081e-02 1.524229e+04 1.522687e+04 
1.610101e-02 1.600536e+04 1.592172e+04 
1.912121e-02 1.624197e+04 1.608213e+04 
2.214141e-02 1.610001e+04 1.588617e+04 
2.516162e-02 1.570004e+04 1.548333e+04 
2.818182e-02 1.514018e+04 1.497633e+04 
3.120202e-02 1.449712e+04 1.442457e+04 
3.422222e-02 1.382901e+04 1.385919e+04 
3.724242e-02 1.317585e+04 1.329618e+04 
4.026263e-02 1.256446e+04 1.274404e+04 
4.328283e-02 1.200359e+04 1.220752e+04 
4.630303e-02 1.149492e+04 1.168939e+04 
4.932323e-02 1.104790e+04 1.119125e+04 
5.234343e-02 1.065009e+04 1.071393e+04 
5.536364e-02 1.028078e+04 1.025773e+04 
5.838384e-02 9.928629e+03 9.822575e+03 
6.140404e-02 9.588222e+03 9.408117e+03 
6.442424e-02 9.256084e+03 9.013817e+03 
6.744444e-02 8.924445e+03 8.639004e+03 
7.046465e-02 8.587871e+03 8.282922e+03 
7.348485e-02 8.244922e+03 7.944761e+03 
7.650505e-02 7.898133e+03 7.623687e+03 
7.952525e-02 7.552895e+03 7.318859e+03 
8.254545e-02 7.216760e+03 7.029444e+03 
8.556566e-02 6.896389e+03 6.754627e+03 
8.858586e-02 6.596734e+03 6.493619e+03 
9.160606e-02 6.320246e+03 6.245660e+03 
9.462626e-02 6.067584e+03 6.010022e+03 
9.764646e-02 5.838429e+03 5.786015e+03 
1.006667e-01 5.632141e+03 5.572982e+03 
1.036869e-01 5.447330e+03 5.370300e+03 
1.067071e-01 5.281952e+03 5.177384e+03 
1.097273e-01 5.132653e+03 4.993679e+03 
1.127475e-01 4.995190e+03 4.818666e+03 
1.157677e-01 4.865045e+03 4.651853e+03 
1.187879e-01 4.737736e+03 4.492782e+03 
1.218081e-01 4.610335e+03 4.341019e+03 
1.248283e-01 4.480891e+03 4.196160e+03 
1.278485e-01 4.349074e+03 4.057822e+03 
1.308687e-01 4.215358e+03 3.925649e+03 
1.338889e-01 4.081066e+03 3.799304e+03 
1.369091e-01 3.947824e+03 3.678474e+03 
1.399293e-01 3.817294e+03 3.562863e+03 
1.429495e-01 3.691058e+03 3.452193e+03 
1.459697e-01 3.570326e+03 3.346204e+03 
1.489899e-01 3.456110e+03 3.244651e+03 
1.520101e-01 3.349054e+03 3.147305e+03 
1.550303e-01 3.249610e+03 3.053948e+03 
1.580505e-01 3.157910e+03 2.964379e+03 
1.610707e-01 3.073845e+03 2.878406e+03 
1.640909e-01 2.996883e+03 2.795848e+03 
1.671111e-01 2.926152e+03 2.716538e+03 
1.701313e-01 2.860235e+03 2.640315e+03 
1.731515e-01 2.797673e+03 2.567029e+03 
1.761717e-01 2.737055e+03 2.496538e+03 
1.791919e-01 2.677292e+03 2.428710e+03 
1.822121e-01 2.617761e+03 2.363417e+03 
1.852323e-01 2.558173e+03 2.300541e+03 
1.882525e-01 2.498602e+03 2.239970e+03 
1.912727e-01 2.439123e+03 2.181597e+03 
1.942929e-01 2.379803e+03 2.125322e+03 
1.973131e-01 2.320849e+03 2.071051e+03 
2.003333e-01 2.262598e+03 2.018692e+03 
2.033535e-01 2.205542e+03 1.968162e+03 
2.063737e-01 2.150272e+03 1.919380e+03 
2.093939e-01 2.097287e+03 1.872269e+03 
2.124141e-01 2.046999e+03 1.826758e+03 
2.154343e-01 1.999547e+03 1.782777e+03 
2.184545e-01 1.954897e+03 1.740261e+03 
2.214747e-01 1.912807e+03 1.699150e+03 
2.244949e-01 1.872945e+03 1.659383e+03 
2.275152e-01 1.835023e+03 1.620907e+03 
2.305354e-01 1.798772e+03 1.583666e+03 
2.335556e-01 1.763926e+03 1.547612e+03 
2.365758e-01 1.730218e+03 1.512696e+03 
2.395960e-01 1.697368e+03 1.478874e+03 
2.426162e-01 1.665116e+03 1.446100e+03 
2.456364e-01 1.633285e+03 1.414335e+03 
2.486566e-01 1.601751e+03 1.383538e+03 
2.516768e-01 1.570485e+03 1.353673e+03 
2.546970e-01 1.539501e+03 1.324703e+03 
2.577172e-01 1.508887e+03 1.296595e+03 
2.607374e-01 1.478750e+03 1.269315e+03 
2.637576e-01 1.449219e+03 1.242834e+03 
2.667778e-01 1.420422e+03 1.217120e+03 
2.697980e-01 1.392482e+03 1.192147e+03 
2.728182e-01 1.365489e+03 1.167886e+03 
2.758384e-01 1.339488e+03 1.144312e+03 
2.788586e-01 1.314488e+03 1.121400e+03 
2.818788e-01 1.290449e+03 1.099127e+03 
2.848990e-01 1.267313e+03 1.077469e+03 
2.879192e-01 1.245006e+03 1.056406e+03 
2.909394e-01 1.223447e+03 1.035916e+03 
2.939596e-01 1.202557e+03 1.015979e+03 
2.969798e-01 1.182253e+03 9.965775e+02 
3.000000e-01 1.162452e+03 9.776917e+02 
