1.000000e-03 2.438105e+03 2.438081e+03 
4.020202e-03 8.192842e+03 8.257529e+03 
7.040404e-03 1.202301e+04 1.209142e+04 
1.006061e-02 1.445305e+04 1.447365e+04 
1.308081e-02 1.587384e+04 1.582300e+04 
1.610101e-02 1.656382e+04 1.642799e+04 
1.912121e-02 1.672896e+04 1.651313e+04 
2.214141e-02 1.652860e+04 1.626754e+04 
2.516162e-02 1.608688e+04 1.583453e+04 
2.818182e-02 1.550131e+04 1.530567e+04 
3.120202e-02 1.484532e+04 1.473289e+04 
3.422222e-02 1.417195e+04 1.414456e+04 
3.724242e-02 1.351644e+04 1.355660e+04 
4.026263e-02 1.289981e+04 1.297842e+04 
4.328283e-02 1.233138e+04 1.241578e+04 
4.630303e-02 1.181073e+04 1.187228e+04 
4.932323e-02 1.133452e+04 1.135004e+04 
5.234343e-02 1.089739e+04 1.085021e+04 
5.536364e-02 1.048534e+04 1.037323e+04 
5.838384e-02 1.008731e+04 9.919084e+03 
6.140404e-02 9.701255e+03 9.487373e+03 
6.442424e-02 9.323044e+03 9.077482e+03 
6.744444e-02 8.947782e+03 8.688638e+03 
7.046465e-02 8.574829e+03 8.319967e+03 
7.348485e-02 8.206237e+03 7.970542e+03 
7.650505e-02 7.846437e+03 7.639412e+03 
7.952525e-02 7.500776e+03 7.325624e+03 
8.254545e-02 7.174281e+03 7.028241e+03 
8.556566e-02 6.869877e+03 6.746351e+03 
8.858586e-02 6.588634e+03 6.479075e+03 
9.160606e-02 6.329988e+03 6.225572e+03 
9.462626e-02 6.093066e+03 5.985043e+03 
9.764646e-02 5.876807e+03 5.756729e+03 
1.006667e-01 5.679888e+03 5.539913e+03 
1.036869e-01 5.499958e+03 5.333919e+03 
1.067071e-01 5.333659e+03 5.138112e+03 
1.097273e-01 5.176867e+03 4.951896e+03 
1.127475e-01 5.025443e+03 4.774710e+03 
1.157677e-01 4.876644e+03 4.606029e+03 
1.187879e-01 4.728480e+03 4.445362e+03 
1.218081e-01 4.580736e+03 4.292247e+03 
1.248283e-01 4.433977e+03 4.146255e+03 
1.278485e-01 4.289195e+03 4.006980e+03 
1.308687e-01 4.147578e+03 3.874045e+03 
1.338889e-01 4.010266e+03 3.747096e+03 
1.369091e-01 3.878359e+03 3.625802e+03 
1.399293e-01 3.752759e+03 3.509852e+03 
1.429495e-01 3.634214e+03 3.398956e+03 
1.459697e-01 3.523012e+03 3.292841e+03 
1.489899e-01 3.419113e+03 3.191251e+03 
1.520101e-01 3.322213e+03 3.093947e+03 
1.550303e-01 3.231802e+03 3.000705e+03 
1.580505e-01 3.147239e+03 2.911312e+03 
1.610707e-01 3.067761e+03 2.825571e+03 
1.640909e-01 2.992426e+03 2.743296e+03 
1.671111e-01 2.920132e+03 2.664311e+03 
1.701313e-01 2.849942e+03 2.588452e+03 
1.731515e-01 2.781124e+03 2.515564e+03 
1.761717e-01 2.713256e+03 2.445500e+03 
1.791919e-01 2.646287e+03 2.378124e+03 
1.822121e-01 2.580279e+03 2.313307e+03 
1.852323e-01 2.515414e+03 2.250925e+03 
1.882525e-01 2.451887e+03 2.190864e+03 
1.912727e-01 2.389891e+03 2.133015e+03 
1.942929e-01 2.329664e+03 2.077276e+03 
1.973131e-01 2.271520e+03 2.023549e+03 
2.003333e-01 2.215731e+03 1.971743e+03 
2.033535e-01 2.162471e+03 1.921771e+03 
2.063737e-01 2.111809e+03 1.873551e+03 
2.093939e-01 2.063599e+03 1.827006e+03 
2.124141e-01 2.017638e+03 1.782062e+03 
2.154343e-01 1.973658e+03 1.738650e+03 
2.184545e-01 1.931402e+03 1.696703e+03 
2.214747e-01 1.890691e+03 1.656158e+03 
2.244949e-01 1.851349e+03 1.616957e+03 
2.275152e-01 1.813168e+03 1.579043e+03 
2.305354e-01 1.775946e+03 1.542363e+03 
2.335556e-01 1.739533e+03 1.506865e+03 
2.365758e-01 1.703818e+03 1.472501e+03 
2.395960e-01 1.668803e+03 1.439225e+03 
2.426162e-01 1.634525e+03 1.406994e+03 
2.456364e-01 1.601036e+03 1.375766e+03 
2.486566e-01 1.568385e+03 1.345501e+03 
2.516768e-01 1.536583e+03 1.316161e+03 
2.546970e-01 1.505630e+03 1.287711e+03 
2.577172e-01 1.475544e+03 1.260117e+03 
2.607374e-01 1.446353e+03 1.233344e+03 
2.637576e-01 1.418098e+03 1.207364e+03 
2.667778e-01 1.390823e+03 1.182144e+03 
2.697980e-01 1.364507e+03 1.157658e+03 
2.728182e-01 1.339092e+03 1.133879e+03 
2.758384e-01 1.314477e+03 1.110779e+03 
2.788586e-01 1.290542e+03 1.088335e+03 
2.818788e-01 1.267212e+03 1.066522e+03 
2.848990e-01 1.244450e+03 1.045318e+03 
2.879192e-01 1.222235e+03 1.024702e+03 
2.909394e-01 1.200562e+03 1.004653e+03 
2.939596e-01 1.179410e+03 9.851498e+02 
2.969798e-01 1.158749e+03 9.661748e+02 
3.000000e-01 1.138546e+03 9.477094e+02 
