1.000000e-03 5.074839e+03 5.074792e+03 
4.020202e-03 1.702247e+04 1.715561e+04 
7.040404e-03 2.488464e+04 2.507036e+04 
1.006061e-02 2.967955e+04 2.990864e+04 
1.308081e-02 3.216221e+04 3.245616e+04 
1.610101e-02 3.289346e+04 3.317963e+04 
1.912121e-02 3.232323e+04 3.244189e+04 
2.214141e-02 3.083548e+04 3.067499e+04 
2.516162e-02 2.876119e+04 2.837357e+04 
2.818182e-02 2.638047e+04 2.595941e+04 
3.120202e-02 2.391861e+04 2.368842e+04 
3.422222e-02 2.154490e+04 2.166368e+04 
3.724242e-02 1.937465e+04 1.989680e+04 
4.026263e-02 1.747780e+04 1.836064e+04 
4.328283e-02 1.587309e+04 1.701842e+04 
4.630303e-02 1.456161e+04 1.583589e+04 
4.932323e-02 1.354163e+04 1.478473e+04 
5.234343e-02 1.276611e+04 1.384263e+04 
5.536364e-02 1.218534e+04 1.299219e+04 
5.838384e-02 1.175584e+04 1.221984e+04 
6.140404e-02 1.143109e+04 1.151486e+04 
6.442424e-02 1.116594e+04 1.086865e+04 
6.744444e-02 1.092017e+04 1.027420e+04 
7.046465e-02 1.066068e+04 9.725696e+03 
7.348485e-02 1.036200e+04 9.218265e+03 
7.650505e-02 1.000788e+04 8.747748e+03 
7.952525e-02 9.592204e+03 8.310566e+03 
8.254545e-02 9.119462e+03 7.903610e+03 
8.556566e-02 8.602146e+03 7.524153e+03 
8.858586e-02 8.057619e+03 7.169789e+03 
9.160606e-02 7.505808e+03 6.838385e+03 
9.462626e-02 6.967083e+03 6.528035e+03 
9.764646e-02 6.460161e+03 6.237033e+03 
1.006667e-01 6.000401e+03 5.963846e+03 
1.036869e-01 5.598443e+03 5.707090e+03 
1.067071e-01 5.260288e+03 5.465513e+03 
1.097273e-01 4.986396e+03 5.237981e+03 
1.127475e-01 4.773738e+03 5.023461e+03 
1.157677e-01 4.615622e+03 4.821015e+03 
1.187879e-01 4.503631e+03 4.629784e+03 
1.218081e-01 4.427792e+03 4.448984e+03 
1.248283e-01 4.377410e+03 4.277898e+03 
1.278485e-01 4.341356e+03 4.115867e+03 
1.308687e-01 4.308784e+03 3.962287e+03 
1.338889e-01 4.269646e+03 3.816601e+03 
1.369091e-01 4.215959e+03 3.678298e+03 
1.399293e-01 4.142074e+03 3.546905e+03 
1.429495e-01 4.045264e+03 3.421986e+03 
1.459697e-01 3.925428e+03 3.303138e+03 
1.489899e-01 3.784537e+03 3.189989e+03 
1.520101e-01 3.626685e+03 3.082194e+03 
1.550303e-01 3.457150e+03 2.979431e+03 
1.580505e-01 3.282391e+03 2.881404e+03 
1.610707e-01 3.109099e+03 2.787838e+03 
1.640909e-01 2.943912e+03 2.698474e+03 
1.671111e-01 2.792185e+03 2.613074e+03 
1.701313e-01 2.658033e+03 2.531416e+03 
1.731515e-01 2.543406e+03 2.453291e+03 
1.761717e-01 2.448937e+03 2.378507e+03 
1.791919e-01 2.373741e+03 2.306881e+03 
1.822121e-01 2.316187e+03 2.238246e+03 
1.852323e-01 2.273995e+03 2.172442e+03 
1.882525e-01 2.244349e+03 2.109321e+03 
1.912727e-01 2.224035e+03 2.048745e+03 
1.942929e-01 2.209390e+03 1.990583e+03 
1.973131e-01 2.196645e+03 1.934713e+03 
2.003333e-01 2.182101e+03 1.881020e+03 
2.033535e-01 2.162687e+03 1.829397e+03 
2.063737e-01 2.136069e+03 1.779742e+03 
2.093939e-01 2.101058e+03 1.731961e+03 
2.124141e-01 2.057274e+03 1.685962e+03 
2.154343e-01 2.005341e+03 1.641661e+03 
2.184545e-01 1.946428e+03 1.598979e+03 
2.214747e-01 1.882266e+03 1.557840e+03 
2.244949e-01 1.814878e+03 1.518174e+03 
2.275152e-01 1.746485e+03 1.479913e+03 
2.305354e-01 1.679307e+03 1.442994e+03 
2.335556e-01 1.615425e+03 1.407356e+03 
2.365758e-01 1.556513e+03 1.372944e+03 
2.395960e-01 1.503831e+03 1.339704e+03 
2.426162e-01 1.458112e+03 1.307584e+03 
2.456364e-01 1.419582e+03 1.276537e+03 
2.486566e-01 1.388050e+03 1.246517e+03 
2.516768e-01 1.362886e+03 1.217480e+03 
2.546970e-01 1.343196e+03 1.189386e+03 
2.577172e-01 1.327796e+03 1.162196e+03 
2.607374e-01 1.315386e+03 1.135871e+03 
2.637576e-01 1.304589e+03 1.110378e+03 
2.667778e-01 1.294102e+03 1.085683e+03 
2.697980e-01 1.282718e+03 1.061754e+03 
2.728182e-01 1.269493e+03 1.038560e+03 
2.758384e-01 1.253702e+03 1.016072e+03 
2.788586e-01 1.234947e+03 9.942644e+02 
2.818788e-01 1.213112e+03 9.731093e+02 
2.848990e-01 1.188377e+03 9.525821e+02 
2.879192e-01 1.161173e+03 9.326592e+02 
2.909394e-01 1.132106e+03 9.133178e+02 
2.939596e-01 1.101936e+03 8.945361e+02 
2.969798e-01 1.071468e+03 8.762935e+02 
3.000000e-01 1.041512e+03 8.585702e+02 
