1.000000e-03 5.242632e+03 5.242582e+03 
4.020202e-03 1.739501e+04 1.753154e+04 
7.040404e-03 2.535193e+04 2.554322e+04 
1.006061e-02 3.019949e+04 3.043567e+04 
1.308081e-02 3.271261e+04 3.301772e+04 
1.610101e-02 3.345887e+04 3.376489e+04 
1.912121e-02 3.289118e+04 3.303636e+04 
2.214141e-02 3.139260e+04 3.125364e+04 
2.516162e-02 2.929510e+04 2.890712e+04 
2.818182e-02 2.687878e+04 2.642691e+04 
3.120202e-02 2.437060e+04 2.408296e+04 
3.422222e-02 2.194250e+04 2.198939e+04 
3.724242e-02 1.971237e+04 2.016317e+04 
4.026263e-02 1.775336e+04 1.857826e+04 
4.328283e-02 1.608905e+04 1.719691e+04 
4.630303e-02 1.471960e+04 1.598322e+04 
4.932323e-02 1.364563e+04 1.490721e+04 
5.234343e-02 1.282584e+04 1.394516e+04 
5.536364e-02 1.220960e+04 1.307857e+04 
5.838384e-02 1.175338e+04 1.229303e+04 
6.140404e-02 1.141257e+04 1.157716e+04 
6.442424e-02 1.114217e+04 1.092188e+04 
6.744444e-02 1.090047e+04 1.031979e+04 
7.046465e-02 1.065339e+04 9.764818e+03 
7.348485e-02 1.037380e+04 9.251856e+03 
7.650505e-02 1.004290e+04 8.776581e+03 
7.952525e-02 9.651684e+03 8.335281e+03 
8.254545e-02 9.201717e+03 7.924743e+03 
8.556566e-02 8.702790e+03 7.542154e+03 
8.858586e-02 8.170543e+03 7.185042e+03 
9.160606e-02 7.623976e+03 6.851216e+03 
9.462626e-02 7.083010e+03 6.538725e+03 
9.764646e-02 6.566915e+03 6.245825e+03 
1.006667e-01 6.091702e+03 5.970951e+03 
1.036869e-01 5.669936e+03 5.712693e+03 
1.067071e-01 5.309204e+03 5.469775e+03 
1.097273e-01 5.012186e+03 5.241045e+03 
1.127475e-01 4.777165e+03 5.025452e+03 
1.157677e-01 4.598852e+03 4.822044e+03 
1.187879e-01 4.469874e+03 4.629951e+03 
1.218081e-01 4.381073e+03 4.448377e+03 
1.248283e-01 4.322471e+03 4.276596e+03 
1.278485e-01 4.283379e+03 4.113940e+03 
1.308687e-01 4.253104e+03 3.959798e+03 
1.338889e-01 4.221228e+03 3.813608e+03 
1.369091e-01 4.179057e+03 3.674852e+03 
1.399293e-01 4.119530e+03 3.543052e+03 
1.429495e-01 4.038687e+03 3.417767e+03 
1.459697e-01 3.934730e+03 3.298592e+03 
1.489899e-01 3.808558e+03 3.185150e+03 
1.520101e-01 3.662986e+03 3.077092e+03 
1.550303e-01 3.502503e+03 2.974096e+03 
1.580505e-01 3.332850e+03 2.875861e+03 
1.610707e-01 3.160421e+03 2.782109e+03 
1.640909e-01 2.991872e+03 2.692581e+03 
1.671111e-01 2.833277e+03 2.607037e+03 
1.701313e-01 2.689454e+03 2.525251e+03 
1.731515e-01 2.563569e+03 2.447016e+03 
1.761717e-01 2.457177e+03 2.372135e+03 
1.791919e-01 2.370319e+03 2.300426e+03 
1.822121e-01 2.302078e+03 2.231720e+03 
1.852323e-01 2.250573e+03 2.165856e+03 
1.882525e-01 2.213451e+03 2.102686e+03 
1.912727e-01 2.187887e+03 2.042069e+03 
1.942929e-01 2.170630e+03 1.983876e+03 
1.973131e-01 2.158065e+03 1.927982e+03 
2.003333e-01 2.146519e+03 1.874272e+03 
2.033535e-01 2.132478e+03 1.822639e+03 
2.063737e-01 2.113139e+03 1.772980e+03 
2.093939e-01 2.086416e+03 1.725199e+03 
2.124141e-01 2.051287e+03 1.679206e+03 
2.154343e-01 2.007572e+03 1.634916e+03 
2.184545e-01 1.955872e+03 1.592248e+03 
2.214747e-01 1.897476e+03 1.551128e+03 
2.244949e-01 1.834088e+03 1.511483e+03 
2.275152e-01 1.767749e+03 1.473247e+03 
2.305354e-01 1.700611e+03 1.436356e+03 
2.335556e-01 1.634859e+03 1.400749e+03 
2.365758e-01 1.572446e+03 1.366369e+03 
2.395960e-01 1.515027e+03 1.333163e+03 
2.426162e-01 1.463737e+03 1.301080e+03 
2.456364e-01 1.419313e+03 1.270071e+03 
2.486566e-01 1.381933e+03 1.240091e+03 
2.516768e-01 1.351417e+03 1.211095e+03 
2.546970e-01 1.327154e+03 1.183043e+03 
2.577172e-01 1.308254e+03 1.155896e+03 
2.607374e-01 1.293583e+03 1.129616e+03 
2.637576e-01 1.281877e+03 1.104168e+03 
2.667778e-01 1.271812e+03 1.079519e+03 
2.697980e-01 1.262101e+03 1.055636e+03 
2.728182e-01 1.251572e+03 1.032489e+03 
2.758384e-01 1.239278e+03 1.010050e+03 
2.788586e-01 1.224512e+03 9.882896e+02 
2.818788e-01 1.206823e+03 9.671828e+02 
2.848990e-01 1.186090e+03 9.467043e+02 
2.879192e-01 1.162427e+03 9.268301e+02 
2.909394e-01 1.136236e+03 9.075375e+02 
2.939596e-01 1.108079e+03 8.888048e+02 
2.969798e-01 1.078693e+03 8.706112e+02 
3.000000e-01 1.048861e+03 8.529369e+02 
