1.000000e-03 6.948781e+03 6.948723e+03 
4.020202e-03 2.342199e+04 2.360813e+04 
7.040404e-03 3.431468e+04 3.459695e+04 
1.006061e-02 4.095144e+04 4.135762e+04 
1.308081e-02 4.432933e+04 4.493618e+04 
1.610101e-02 4.519750e+04 4.592258e+04 
1.912121e-02 4.416907e+04 4.473137e+04 
2.214141e-02 4.178225e+04 4.188173e+04 
2.516162e-02 3.851086e+04 3.806910e+04 
2.818182e-02 3.476857e+04 3.399290e+04 
3.120202e-02 3.089519e+04 3.014967e+04 
3.422222e-02 2.715269e+04 2.677537e+04 
3.724242e-02 2.372287e+04 2.391569e+04 
4.026263e-02 2.071786e+04 2.152157e+04 
4.328283e-02 1.817566e+04 1.951436e+04 
4.630303e-02 1.610220e+04 1.781723e+04 
4.932323e-02 1.448518e+04 1.636597e+04 
5.234343e-02 1.326878e+04 1.511022e+04 
5.536364e-02 1.238827e+04 1.401153e+04 
5.838384e-02 1.178013e+04 1.304073e+04 
6.140404e-02 1.138302e+04 1.217557e+04 
6.442424e-02 1.113393e+04 1.139890e+04 
6.744444e-02 1.097564e+04 1.069733e+04 
7.046465e-02 1.085773e+04 1.006024e+04 
7.348485e-02 1.073347e+04 9.479071e+03 
7.650505e-02 1.056362e+04 8.946844e+03 
7.952525e-02 1.031900e+04 8.457777e+03 
8.254545e-02 9.982699e+03 8.007022e+03 
8.556566e-02 9.551641e+03 7.590476e+03 
8.858586e-02 9.034992e+03 7.204624e+03 
9.160606e-02 8.451760e+03 6.846436e+03 
9.462626e-02 7.827593e+03 6.513275e+03 
9.764646e-02 7.190103e+03 6.202832e+03 
1.006667e-01 6.567489e+03 5.913076e+03 
1.036869e-01 5.983625e+03 5.642208e+03 
1.067071e-01 5.458144e+03 5.388627e+03 
1.097273e-01 5.003217e+03 5.150906e+03 
1.127475e-01 4.625597e+03 4.927765e+03 
1.157677e-01 4.325919e+03 4.718052e+03 
1.187879e-01 4.100945e+03 4.520730e+03 
1.218081e-01 3.944516e+03 4.334861e+03 
1.248283e-01 3.847874e+03 4.159593e+03 
1.278485e-01 3.800748e+03 3.994154e+03 
1.308687e-01 3.791338e+03 3.837839e+03 
1.338889e-01 3.807060e+03 3.690007e+03 
1.369091e-01 3.834795e+03 3.550071e+03 
1.399293e-01 3.862091e+03 3.417494e+03 
1.429495e-01 3.877437e+03 3.291782e+03 
1.459697e-01 3.871557e+03 3.172483e+03 
1.489899e-01 3.837268e+03 3.059181e+03 
1.520101e-01 3.770197e+03 2.951492e+03 
1.550303e-01 3.669093e+03 2.849062e+03 
1.580505e-01 3.535566e+03 2.751565e+03 
1.610707e-01 3.374837e+03 2.658698e+03 
1.640909e-01 3.194201e+03 2.570181e+03 
1.671111e-01 3.002908e+03 2.485756e+03 
1.701313e-01 2.810174e+03 2.405181e+03 
1.731515e-01 2.624613e+03 2.328234e+03 
1.761717e-01 2.452856e+03 2.254706e+03 
1.791919e-01 2.299921e+03 2.184404e+03 
1.822121e-01 2.168695e+03 2.117149e+03 
1.852323e-01 2.060839e+03 2.052771e+03 
1.882525e-01 1.976702e+03 1.991115e+03 
1.912727e-01 1.915585e+03 1.932033e+03 
1.942929e-01 1.875839e+03 1.875390e+03 
1.973131e-01 1.854753e+03 1.821056e+03 
2.003333e-01 1.848894e+03 1.768912e+03 
2.033535e-01 1.853980e+03 1.718846e+03 
2.063737e-01 1.865491e+03 1.670751e+03 
2.093939e-01 1.878829e+03 1.624530e+03 
2.124141e-01 1.889813e+03 1.580088e+03 
2.154343e-01 1.894705e+03 1.537340e+03 
2.184545e-01 1.890607e+03 1.496201e+03 
2.214747e-01 1.875338e+03 1.456596e+03 
2.244949e-01 1.847717e+03 1.418451e+03 
2.275152e-01 1.807585e+03 1.381698e+03 
2.305354e-01 1.755780e+03 1.346272e+03 
2.335556e-01 1.694227e+03 1.312111e+03 
2.365758e-01 1.625492e+03 1.279158e+03 
2.395960e-01 1.552683e+03 1.247359e+03 
2.426162e-01 1.478903e+03 1.216662e+03 
2.456364e-01 1.407065e+03 1.187018e+03 
2.486566e-01 1.339619e+03 1.158382e+03 
2.516768e-01 1.278586e+03 1.130708e+03 
2.546970e-01 1.225325e+03 1.103957e+03 
2.577172e-01 1.180729e+03 1.078088e+03 
2.607374e-01 1.145091e+03 1.053065e+03 
2.637576e-01 1.118234e+03 1.028853e+03 
2.667778e-01 1.099523e+03 1.005417e+03 
2.697980e-01 1.087911e+03 9.827254e+02 
2.728182e-01 1.082086e+03 9.607489e+02 
2.758384e-01 1.080486e+03 9.394583e+02 
2.788586e-01 1.081479e+03 9.188262e+02 
2.818788e-01 1.083414e+03 8.988266e+02 
2.848990e-01 1.084740e+03 8.794347e+02 
2.879192e-01 1.084022e+03 8.606268e+02 
2.909394e-01 1.080089e+03 8.423805e+02 
2.939596e-01 1.072019e+03 8.246743e+02 
2.969798e-01 1.059284e+03 8.074878e+02 
3.000000e-01 1.041734e+03 7.908014e+02 
