1.000000e-03 3.722443e+03 3.722400e+03 
4.020202e-03 1.228787e+04 1.238304e+04 
7.040404e-03 1.779043e+04 1.789980e+04 
1.006061e-02 2.109653e+04 2.117693e+04 
1.308081e-02 2.281700e+04 2.285244e+04 
1.610101e-02 2.338597e+04 2.333370e+04 
1.912121e-02 2.313252e+04 2.295228e+04 
2.214141e-02 2.232050e+04 2.203793e+04 
2.516162e-02 2.116543e+04 2.087838e+04 
2.818182e-02 1.983879e+04 1.966436e+04 
3.120202e-02 1.847154e+04 1.849118e+04 
3.422222e-02 1.715786e+04 1.739381e+04 
3.724242e-02 1.595753e+04 1.637867e+04 
4.026263e-02 1.490304e+04 1.544152e+04 
4.328283e-02 1.400343e+04 1.457533e+04 
4.630303e-02 1.324764e+04 1.377307e+04 
4.932323e-02 1.262531e+04 1.302852e+04 
5.234343e-02 1.211363e+04 1.233631e+04 
5.536364e-02 1.167339e+04 1.169182e+04 
5.838384e-02 1.127726e+04 1.109101e+04 
6.140404e-02 1.090181e+04 1.053030e+04 
6.442424e-02 1.052560e+04 1.000650e+04 
6.744444e-02 1.013521e+04 9.516718e+03 
7.046465e-02 9.722896e+03 9.058347e+03 
7.348485e-02 9.286669e+03 8.628998e+03 
7.650505e-02 8.831920e+03 8.226488e+03 
7.952525e-02 8.368327e+03 7.848822e+03 
8.254545e-02 7.907763e+03 7.494167e+03 
8.556566e-02 7.462452e+03 7.160843e+03 
8.858586e-02 7.043145e+03 6.847307e+03 
9.160606e-02 6.658557e+03 6.552142e+03 
9.462626e-02 6.314853e+03 6.274042e+03 
9.764646e-02 6.015296e+03 6.011809e+03 
1.006667e-01 5.760856e+03 5.764341e+03 
1.036869e-01 5.548296e+03 5.530620e+03 
1.067071e-01 5.372174e+03 5.309712e+03 
1.097273e-01 5.224592e+03 5.100753e+03 
1.127475e-01 5.097218e+03 4.902947e+03 
1.157677e-01 4.981638e+03 4.715561e+03 
1.187879e-01 4.870533e+03 4.537916e+03 
1.218081e-01 4.757583e+03 4.369384e+03 
1.248283e-01 4.638375e+03 4.209387e+03 
1.278485e-01 4.509860e+03 4.057386e+03 
1.308687e-01 4.371213e+03 3.912886e+03 
1.338889e-01 4.223194e+03 3.775424e+03 
1.369091e-01 4.068644e+03 3.644573e+03 
1.399293e-01 3.910994e+03 3.519936e+03 
1.429495e-01 3.754039e+03 3.401144e+03 
1.459697e-01 3.601237e+03 3.287855e+03 
1.489899e-01 3.455745e+03 3.179748e+03 
1.520101e-01 3.320212e+03 3.076526e+03 
1.550303e-01 3.196861e+03 2.977914e+03 
1.580505e-01 3.087098e+03 2.883651e+03 
1.610707e-01 2.991463e+03 2.793497e+03 
1.640909e-01 2.909168e+03 2.707226e+03 
1.671111e-01 2.838501e+03 2.624629e+03 
1.701313e-01 2.776891e+03 2.545507e+03 
1.731515e-01 2.721666e+03 2.469677e+03 
1.761717e-01 2.670205e+03 2.396966e+03 
1.791919e-01 2.620438e+03 2.327212e+03 
1.822121e-01 2.570610e+03 2.260264e+03 
1.852323e-01 2.519347e+03 2.195977e+03 
1.882525e-01 2.465562e+03 2.134220e+03 
1.912727e-01 2.408583e+03 2.074866e+03 
1.942929e-01 2.348290e+03 2.017797e+03 
1.973131e-01 2.285173e+03 1.962901e+03 
2.003333e-01 2.220279e+03 1.910074e+03 
2.033535e-01 2.155002e+03 1.859216e+03 
2.063737e-01 2.090701e+03 1.810236e+03 
2.093939e-01 2.028622e+03 1.763044e+03 
2.124141e-01 1.969673e+03 1.717559e+03 
2.154343e-01 1.914532e+03 1.673702e+03 
2.184545e-01 1.863561e+03 1.631399e+03 
2.214747e-01 1.816936e+03 1.590580e+03 
2.244949e-01 1.774632e+03 1.551178e+03 
2.275152e-01 1.736371e+03 1.513133e+03 
2.305354e-01 1.701672e+03 1.476383e+03 
2.335556e-01 1.669859e+03 1.440874e+03 
2.365758e-01 1.640172e+03 1.406551e+03 
2.395960e-01 1.611836e+03 1.373365e+03 
2.426162e-01 1.584134e+03 1.341268e+03 
2.456364e-01 1.556466e+03 1.310214e+03 
2.486566e-01 1.528381e+03 1.280159e+03 
2.516768e-01 1.499594e+03 1.251064e+03 
2.546970e-01 1.470006e+03 1.222889e+03 
2.577172e-01 1.439670e+03 1.195597e+03 
2.607374e-01 1.408818e+03 1.169153e+03 
2.637576e-01 1.377768e+03 1.143522e+03 
2.667778e-01 1.346882e+03 1.118675e+03 
2.697980e-01 1.316527e+03 1.094579e+03 
2.728182e-01 1.287046e+03 1.071206e+03 
2.758384e-01 1.258721e+03 1.048528e+03 
2.788586e-01 1.231751e+03 1.026519e+03 
2.818788e-01 1.206263e+03 1.005154e+03 
2.848990e-01 1.182316e+03 9.844081e+02 
2.879192e-01 1.159870e+03 9.642593e+02 
2.909394e-01 1.138825e+03 9.446854e+02 
2.939596e-01 1.119015e+03 9.256653e+02 
2.969798e-01 1.100243e+03 9.071792e+02 
3.000000e-01 1.082275e+03 8.892079e+02 
