1.000000e-03 3.952186e+03 3.952149e+03 
4.020202e-03 1.333451e+04 1.343850e+04 
7.040404e-03 1.956148e+04 1.969754e+04 
1.006061e-02 2.341718e+04 2.355810e+04 
1.308081e-02 2.549569e+04 2.564116e+04 
1.610101e-02 2.623732e+04 2.633524e+04 
1.912121e-02 2.599065e+04 2.595266e+04 
2.214141e-02 2.504778e+04 2.483987e+04 
2.516162e-02 2.365685e+04 2.335408e+04 
2.818182e-02 2.202421e+04 2.177337e+04 
3.120202e-02 2.031423e+04 2.025611e+04 
3.422222e-02 1.865052e+04 1.886548e+04 
3.724242e-02 1.711661e+04 1.761222e+04 
4.026263e-02 1.576366e+04 1.648564e+04 
4.328283e-02 1.460943e+04 1.546933e+04 
4.630303e-02 1.364853e+04 1.454746e+04 
4.932323e-02 1.288315e+04 1.370663e+04 
5.234343e-02 1.228389e+04 1.293596e+04 
5.536364e-02 1.180519e+04 1.222668e+04 
5.838384e-02 1.141817e+04 1.157169e+04 
6.140404e-02 1.108929e+04 1.096513e+04 
6.442424e-02 1.078528e+04 1.040210e+04 
6.744444e-02 1.047961e+04 9.878431e+03 
7.046465e-02 1.015198e+04 9.390518e+03 
7.348485e-02 9.789234e+03 8.935215e+03 
7.650505e-02 9.386181e+03 8.509746e+03 
7.952525e-02 8.946039e+03 8.111643e+03 
8.254545e-02 8.478144e+03 7.738699e+03 
8.556566e-02 7.995755e+03 7.388927e+03 
8.858586e-02 7.513785e+03 7.060534e+03 
9.160606e-02 7.046694e+03 6.751896e+03 
9.462626e-02 6.607521e+03 6.461536e+03 
9.764646e-02 6.207488e+03 6.188111e+03 
1.006667e-01 5.854564e+03 5.930395e+03 
1.036869e-01 5.553552e+03 5.687266e+03 
1.067071e-01 5.304630e+03 5.457700e+03 
1.097273e-01 5.104959e+03 5.240754e+03 
1.127475e-01 4.948039e+03 5.035567e+03 
1.157677e-01 4.825895e+03 4.841344e+03 
1.187879e-01 4.729361e+03 4.657355e+03 
1.218081e-01 4.649344e+03 4.482927e+03 
1.248283e-01 4.577061e+03 4.317440e+03 
1.278485e-01 4.504572e+03 4.160321e+03 
1.308687e-01 4.424827e+03 4.011041e+03 
1.338889e-01 4.332881e+03 3.869110e+03 
1.369091e-01 4.225504e+03 3.734074e+03 
1.399293e-01 4.102233e+03 3.605515e+03 
1.429495e-01 3.964356e+03 3.483041e+03 
1.459697e-01 3.815027e+03 3.366291e+03 
1.489899e-01 3.658288e+03 3.254929e+03 
1.520101e-01 3.498769e+03 3.148643e+03 
1.550303e-01 3.341182e+03 3.047140e+03 
1.580505e-01 3.190121e+03 2.950151e+03 
1.610707e-01 3.049639e+03 2.857421e+03 
1.640909e-01 2.923018e+03 2.768715e+03 
1.671111e-01 2.812290e+03 2.683814e+03 
1.701313e-01 2.718183e+03 2.602510e+03 
1.731515e-01 2.640124e+03 2.524612e+03 
1.761717e-01 2.576436e+03 2.449938e+03 
1.791919e-01 2.524785e+03 2.378321e+03 
1.822121e-01 2.482492e+03 2.309603e+03 
1.852323e-01 2.446775e+03 2.243634e+03 
1.882525e-01 2.414859e+03 2.180275e+03 
1.912727e-01 2.384052e+03 2.119396e+03 
1.942929e-01 2.351809e+03 2.060874e+03 
1.973131e-01 2.316044e+03 2.004593e+03 
2.003333e-01 2.275141e+03 1.950444e+03 
2.033535e-01 2.228420e+03 1.898325e+03 
2.063737e-01 2.175835e+03 1.848139e+03 
2.093939e-01 2.118217e+03 1.799796e+03 
2.124141e-01 2.056785e+03 1.753209e+03 
2.154343e-01 1.993117e+03 1.708297e+03 
2.184545e-01 1.928859e+03 1.664984e+03 
2.214747e-01 1.865667e+03 1.623198e+03 
2.244949e-01 1.804986e+03 1.582869e+03 
2.275152e-01 1.748080e+03 1.543934e+03 
2.305354e-01 1.695874e+03 1.506332e+03 
2.335556e-01 1.649011e+03 1.470003e+03 
2.365758e-01 1.607704e+03 1.434894e+03 
2.395960e-01 1.571851e+03 1.400952e+03 
2.426162e-01 1.541021e+03 1.368127e+03 
2.456364e-01 1.514532e+03 1.336374e+03 
2.486566e-01 1.491518e+03 1.305647e+03 
2.516768e-01 1.470972e+03 1.275904e+03 
2.546970e-01 1.451841e+03 1.247105e+03 
2.577172e-01 1.433104e+03 1.219212e+03 
2.607374e-01 1.413864e+03 1.192188e+03 
2.637576e-01 1.393440e+03 1.165999e+03 
2.667778e-01 1.371390e+03 1.140612e+03 
2.697980e-01 1.347505e+03 1.115996e+03 
2.728182e-01 1.321828e+03 1.092121e+03 
2.758384e-01 1.294562e+03 1.068958e+03 
2.788586e-01 1.266072e+03 1.046480e+03 
2.818788e-01 1.236803e+03 1.024662e+03 
2.848990e-01 1.207276e+03 1.003479e+03 
2.879192e-01 1.178032e+03 9.829064e+02 
2.909394e-01 1.149618e+03 9.629226e+02 
2.939596e-01 1.122503e+03 9.435059e+02 
2.969798e-01 1.097077e+03 9.246357e+02 
3.000000e-01 1.073563e+03 9.062925e+02 
