1.000000e-03 3.112645e+03 3.112617e+03 
4.020202e-03 1.029706e+04 1.037667e+04 
7.040404e-03 1.501502e+04 1.510733e+04 
1.006061e-02 1.794842e+04 1.801001e+04 
1.308081e-02 1.958047e+04 1.959492e+04 
1.610101e-02 2.025803e+04 2.019621e+04 
1.912121e-02 2.024300e+04 2.008240e+04 
2.214141e-02 1.974750e+04 1.951169e+04 
2.516162e-02 1.894193e+04 1.870651e+04 
2.818182e-02 1.796484e+04 1.781712e+04 
3.120202e-02 1.692278e+04 1.692361e+04 
3.422222e-02 1.589343e+04 1.606091e+04 
3.724242e-02 1.492995e+04 1.524133e+04 
4.026263e-02 1.406168e+04 1.446760e+04 
4.328283e-02 1.329133e+04 1.373886e+04 
4.630303e-02 1.263225e+04 1.305310e+04 
4.932323e-02 1.207928e+04 1.240799e+04 
5.234343e-02 1.160127e+04 1.180120e+04 
5.536364e-02 1.117490e+04 1.123050e+04 
5.838384e-02 1.078322e+04 1.069371e+04 
6.140404e-02 1.041257e+04 1.018877e+04 
6.442424e-02 1.004637e+04 9.713719e+03 
6.744444e-02 9.672238e+03 9.266662e+03 
7.046465e-02 9.284213e+03 8.845818e+03 
7.348485e-02 8.881497e+03 8.449498e+03 
7.650505e-02 8.468201e+03 8.076109e+03 
7.952525e-02 8.052445e+03 7.724153e+03 
8.254545e-02 7.644109e+03 7.392223e+03 
8.556566e-02 7.252146e+03 7.079006e+03 
8.858586e-02 6.883753e+03 6.783274e+03 
9.160606e-02 6.544011e+03 6.503881e+03 
9.462626e-02 6.236567e+03 6.239761e+03 
9.764646e-02 5.963666e+03 5.989921e+03 
1.006667e-01 5.725743e+03 5.753438e+03 
1.036869e-01 5.521488e+03 5.529454e+03 
1.067071e-01 5.346682e+03 5.317172e+03 
1.097273e-01 5.195588e+03 5.115851e+03 
1.127475e-01 5.060898e+03 4.924803e+03 
1.157677e-01 4.935796e+03 4.743389e+03 
1.187879e-01 4.814193e+03 4.571014e+03 
1.218081e-01 4.691750e+03 4.407125e+03 
1.248283e-01 4.565455e+03 4.251209e+03 
1.278485e-01 4.433910e+03 4.102788e+03 
1.308687e-01 4.296688e+03 3.961417e+03 
1.338889e-01 4.154650e+03 3.826681e+03 
1.369091e-01 4.009366e+03 3.698194e+03 
1.399293e-01 3.863382e+03 3.575597e+03 
1.429495e-01 3.719431e+03 3.458553e+03 
1.459697e-01 3.580252e+03 3.346750e+03 
1.489899e-01 3.448181e+03 3.239895e+03 
1.520101e-01 3.325006e+03 3.137714e+03 
1.550303e-01 3.212021e+03 3.039952e+03 
1.580505e-01 3.110036e+03 2.946370e+03 
1.610707e-01 3.019037e+03 2.856745e+03 
1.640909e-01 2.938413e+03 2.770866e+03 
1.671111e-01 2.866771e+03 2.688536e+03 
1.701313e-01 2.802347e+03 2.609573e+03 
1.731515e-01 2.743106e+03 2.533803e+03 
1.761717e-01 2.687061e+03 2.461063e+03 
1.791919e-01 2.632551e+03 2.391201e+03 
1.822121e-01 2.578207e+03 2.324073e+03 
1.852323e-01 2.523082e+03 2.259546e+03 
1.882525e-01 2.466531e+03 2.197491e+03 
1.912727e-01 2.408236e+03 2.137789e+03 
1.942929e-01 2.348250e+03 2.080328e+03 
1.973131e-01 2.286949e+03 2.025002e+03 
2.003333e-01 2.225118e+03 1.971710e+03 
2.033535e-01 2.163745e+03 1.920358e+03 
2.063737e-01 2.103753e+03 1.870856e+03 
2.093939e-01 2.045981e+03 1.823120e+03 
2.124141e-01 1.991029e+03 1.777070e+03 
2.154343e-01 1.939346e+03 1.732632e+03 
2.184545e-01 1.891132e+03 1.689733e+03 
2.214747e-01 1.846457e+03 1.648305e+03 
2.244949e-01 1.805230e+03 1.608286e+03 
2.275152e-01 1.767185e+03 1.569614e+03 
2.305354e-01 1.731879e+03 1.532232e+03 
2.335556e-01 1.698764e+03 1.496085e+03 
2.365758e-01 1.667231e+03 1.461121e+03 
2.395960e-01 1.636757e+03 1.427292e+03 
2.426162e-01 1.606888e+03 1.394550e+03 
2.456364e-01 1.577287e+03 1.362851e+03 
2.486566e-01 1.547686e+03 1.332153e+03 
2.516768e-01 1.517917e+03 1.302415e+03 
2.546970e-01 1.487884e+03 1.273600e+03 
2.577172e-01 1.457602e+03 1.245671e+03 
2.607374e-01 1.427186e+03 1.218593e+03 
2.637576e-01 1.396879e+03 1.192334e+03 
2.667778e-01 1.366975e+03 1.166862e+03 
2.697980e-01 1.337807e+03 1.142146e+03 
2.728182e-01 1.309612e+03 1.118159e+03 
2.758384e-01 1.282551e+03 1.094872e+03 
2.788586e-01 1.256688e+03 1.072261e+03 
2.818788e-01 1.232035e+03 1.050299e+03 
2.848990e-01 1.208571e+03 1.028964e+03 
2.879192e-01 1.186257e+03 1.008232e+03 
2.909394e-01 1.165030e+03 9.880817e+02 
2.939596e-01 1.144796e+03 9.684921e+02 
2.969798e-01 1.125422e+03 9.494435e+02 
3.000000e-01 1.106740e+03 9.309167e+02 
