1.000000e-03 4.656047e+03 4.655996e+03 
4.020202e-03 1.529219e+04 1.541159e+04 
7.040404e-03 2.206057e+04 2.220919e+04 
1.006061e-02 2.605483e+04 2.620156e+04 
1.308081e-02 2.803502e+04 2.817489e+04 
1.610101e-02 2.854257e+04 2.861006e+04 
1.912121e-02 2.799415e+04 2.789725e+04 
2.214141e-02 2.672995e+04 2.645724e+04 
2.516162e-02 2.503223e+04 2.469454e+04 
2.818182e-02 2.312928e+04 2.289749e+04 
3.120202e-02 2.119810e+04 2.121330e+04 
3.422222e-02 1.936512e+04 1.969026e+04 
3.724242e-02 1.771145e+04 1.832796e+04 
4.026263e-02 1.628164e+04 1.710878e+04 
4.328283e-02 1.508216e+04 1.601229e+04 
4.630303e-02 1.410148e+04 1.502022e+04 
4.932323e-02 1.333387e+04 1.411757e+04 
5.234343e-02 1.273575e+04 1.329231e+04 
5.536364e-02 1.225704e+04 1.253476e+04 
5.838384e-02 1.186171e+04 1.183706e+04 
6.140404e-02 1.150997e+04 1.119270e+04 
6.442424e-02 1.116901e+04 1.059621e+04 
6.744444e-02 1.081493e+04 1.004292e+04 
7.046465e-02 1.042933e+04 9.528767e+03 
7.348485e-02 1.000267e+04 9.050225e+03 
7.650505e-02 9.534172e+03 8.604169e+03 
7.952525e-02 9.031349e+03 8.187825e+03 
8.254545e-02 8.508203e+03 7.798715e+03 
8.556566e-02 7.981786e+03 7.434617e+03 
8.858586e-02 7.469698e+03 7.093529e+03 
9.160606e-02 6.987471e+03 6.773640e+03 
9.462626e-02 6.547499e+03 6.473314e+03 
9.764646e-02 6.159467e+03 6.191063e+03 
1.006667e-01 5.827833e+03 5.925535e+03 
1.036869e-01 5.553634e+03 5.675497e+03 
1.067071e-01 5.333326e+03 5.439824e+03 
1.097273e-01 5.160651e+03 5.217489e+03 
1.127475e-01 5.026569e+03 5.007551e+03 
1.157677e-01 4.921089e+03 4.809147e+03 
1.187879e-01 4.833713e+03 4.621487e+03 
1.218081e-01 4.754384e+03 4.443843e+03 
1.248283e-01 4.673764e+03 4.275547e+03 
1.278485e-01 4.584344e+03 4.115983e+03 
1.308687e-01 4.480692e+03 3.964584e+03 
1.338889e-01 4.360361e+03 3.820826e+03 
1.369091e-01 4.223390e+03 3.684226e+03 
1.399293e-01 4.071970e+03 3.554335e+03 
1.429495e-01 3.909704e+03 3.430740e+03 
1.459697e-01 3.740992e+03 3.313058e+03 
1.489899e-01 3.570825e+03 3.200932e+03 
1.520101e-01 3.404326e+03 3.094033e+03 
1.550303e-01 3.246559e+03 2.992053e+03 
1.580505e-01 3.101863e+03 2.894707e+03 
1.610707e-01 2.973629e+03 2.801730e+03 
1.640909e-01 2.863356e+03 2.712874e+03 
1.671111e-01 2.771125e+03 2.627909e+03 
1.701313e-01 2.695301e+03 2.546620e+03 
1.731515e-01 2.633543e+03 2.468806e+03 
1.761717e-01 2.583044e+03 2.394278e+03 
1.791919e-01 2.540902e+03 2.322862e+03 
1.822121e-01 2.504191e+03 2.254393e+03 
1.852323e-01 2.469986e+03 2.188717e+03 
1.882525e-01 2.435412e+03 2.125690e+03 
1.912727e-01 2.397888e+03 2.065176e+03 
1.942929e-01 2.355298e+03 2.007049e+03 
1.973131e-01 2.306576e+03 1.951189e+03 
2.003333e-01 2.251534e+03 1.897485e+03 
2.033535e-01 2.191047e+03 1.845830e+03 
2.063737e-01 2.126473e+03 1.796125e+03 
2.093939e-01 2.059500e+03 1.748277e+03 
2.124141e-01 1.991836e+03 1.702199e+03 
2.154343e-01 1.925151e+03 1.657806e+03 
2.184545e-01 1.860949e+03 1.615020e+03 
2.214747e-01 1.800580e+03 1.573768e+03 
2.244949e-01 1.745154e+03 1.533980e+03 
2.275152e-01 1.695409e+03 1.495589e+03 
2.305354e-01 1.651687e+03 1.458533e+03 
2.335556e-01 1.613788e+03 1.422754e+03 
2.365758e-01 1.581167e+03 1.388195e+03 
2.395960e-01 1.552987e+03 1.354803e+03 
2.426162e-01 1.528283e+03 1.322528e+03 
2.456364e-01 1.505990e+03 1.291322e+03 
2.486566e-01 1.485052e+03 1.261141e+03 
2.516768e-01 1.464450e+03 1.231942e+03 
2.546970e-01 1.443303e+03 1.203683e+03 
2.577172e-01 1.420870e+03 1.176327e+03 
2.607374e-01 1.396708e+03 1.149836e+03 
2.637576e-01 1.370604e+03 1.124176e+03 
2.667778e-01 1.342705e+03 1.099313e+03 
2.697980e-01 1.313327e+03 1.075216e+03 
2.728182e-01 1.282948e+03 1.051855e+03 
2.758384e-01 1.252093e+03 1.029201e+03 
2.788586e-01 1.221311e+03 1.007226e+03 
2.818788e-01 1.191138e+03 9.859059e+02 
2.848990e-01 1.162073e+03 9.652143e+02 
2.879192e-01 1.134528e+03 9.451279e+02 
2.909394e-01 1.108833e+03 9.256242e+02 
2.939596e-01 1.085208e+03 9.066816e+02 
2.969798e-01 1.063714e+03 8.882795e+02 
3.000000e-01 1.044262e+03 8.703981e+02 
