1.000000e-03 4.364393e+03 4.364347e+03 
4.020202e-03 1.453464e+04 1.464715e+04 
7.040404e-03 2.116277e+04 2.130888e+04 
1.006061e-02 2.517812e+04 2.533396e+04 
1.308081e-02 2.725476e+04 2.742140e+04 
1.610101e-02 2.788512e+04 2.799950e+04 
1.912121e-02 2.745809e+04 2.741614e+04 
2.214141e-02 2.629773e+04 2.606293e+04 
2.516162e-02 2.467824e+04 2.434050e+04 
2.818182e-02 2.282606e+04 2.255311e+04 
3.120202e-02 2.092000e+04 2.086672e+04 
3.422222e-02 1.909125e+04 1.934146e+04 
3.724242e-02 1.742662e+04 1.798164e+04 
4.026263e-02 1.597681e+04 1.677022e+04 
4.328283e-02 1.475233e+04 1.568573e+04 
4.630303e-02 1.374895e+04 1.470850e+04 
4.932323e-02 1.296489e+04 1.382231e+04 
5.234343e-02 1.235577e+04 1.301418e+04 
5.536364e-02 1.187722e+04 1.227379e+04 
5.838384e-02 1.149612e+04 1.159283e+04 
6.140404e-02 1.117177e+04 1.096454e+04 
6.442424e-02 1.086912e+04 1.038329e+04 
6.744444e-02 1.056007e+04 9.844318e+03 
7.046465e-02 1.022279e+04 9.343564e+03 
7.348485e-02 9.844371e+03 8.877499e+03 
7.650505e-02 9.420657e+03 8.443031e+03 
7.952525e-02 8.955857e+03 8.037431e+03 
8.254545e-02 8.461742e+03 7.658271e+03 
8.556566e-02 7.953670e+03 7.303382e+03 
8.858586e-02 7.448318e+03 6.970812e+03 
9.160606e-02 6.961935e+03 6.658807e+03 
9.462626e-02 6.508782e+03 6.365776e+03 
9.764646e-02 6.100915e+03 6.090280e+03 
1.006667e-01 5.746115e+03 5.831008e+03 
1.036869e-01 5.448200e+03 5.586770e+03 
1.067071e-01 5.206249e+03 5.356476e+03 
1.097273e-01 5.015668e+03 5.139134e+03 
1.127475e-01 4.869141e+03 4.933834e+03 
1.157677e-01 4.757554e+03 4.739742e+03 
1.187879e-01 4.671070e+03 4.556093e+03 
1.218081e-01 4.599686e+03 4.382185e+03 
1.248283e-01 4.533838e+03 4.217371e+03 
1.278485e-01 4.464781e+03 4.061055e+03 
1.308687e-01 4.385515e+03 3.912688e+03 
1.338889e-01 4.290788e+03 3.771762e+03 
1.369091e-01 4.178389e+03 3.637810e+03 
1.399293e-01 4.048160e+03 3.510398e+03 
1.429495e-01 3.902643e+03 3.389124e+03 
1.459697e-01 3.745555e+03 3.273617e+03 
1.489899e-01 3.581638e+03 3.163531e+03 
1.520101e-01 3.416007e+03 3.058547e+03 
1.550303e-01 3.253961e+03 2.958366e+03 
1.580505e-01 3.100504e+03 2.862712e+03 
1.610707e-01 2.960093e+03 2.771325e+03 
1.640909e-01 2.835822e+03 2.683967e+03 
1.671111e-01 2.729419e+03 2.600413e+03 
1.701313e-01 2.640832e+03 2.520453e+03 
1.731515e-01 2.568825e+03 2.443892e+03 
1.761717e-01 2.511243e+03 2.370548e+03 
1.791919e-01 2.465427e+03 2.300250e+03 
1.822121e-01 2.428469e+03 2.232837e+03 
1.852323e-01 2.397324e+03 2.168159e+03 
1.882525e-01 2.368944e+03 2.106077e+03 
1.912727e-01 2.340341e+03 2.046458e+03 
1.942929e-01 2.308885e+03 1.989178e+03 
1.973131e-01 2.272375e+03 1.934121e+03 
2.003333e-01 2.229563e+03 1.881177e+03 
2.033535e-01 2.179944e+03 1.830244e+03 
2.063737e-01 2.124126e+03 1.781225e+03 
2.093939e-01 2.063246e+03 1.734028e+03 
2.124141e-01 1.998944e+03 1.688567e+03 
2.154343e-01 1.932976e+03 1.644762e+03 
2.184545e-01 1.867148e+03 1.602535e+03 
2.214747e-01 1.803165e+03 1.561814e+03 
2.244949e-01 1.742590e+03 1.522532e+03 
2.275152e-01 1.686653e+03 1.484623e+03 
2.305354e-01 1.636260e+03 1.448026e+03 
2.335556e-01 1.591865e+03 1.412684e+03 
2.365758e-01 1.553521e+03 1.378542e+03 
2.395960e-01 1.520915e+03 1.345548e+03 
2.426162e-01 1.493370e+03 1.313652e+03 
2.456364e-01 1.469987e+03 1.282809e+03 
2.486566e-01 1.449673e+03 1.252974e+03 
2.516768e-01 1.431279e+03 1.224105e+03 
2.546970e-01 1.413648e+03 1.196162e+03 
2.577172e-01 1.395763e+03 1.169107e+03 
2.607374e-01 1.376771e+03 1.142905e+03 
2.637576e-01 1.356082e+03 1.117521e+03 
2.667778e-01 1.333320e+03 1.092922e+03 
2.697980e-01 1.308452e+03 1.069078e+03 
2.728182e-01 1.281624e+03 1.045959e+03 
2.758384e-01 1.253184e+03 1.023537e+03 
2.788586e-01 1.223609e+03 1.001785e+03 
2.818788e-01 1.193484e+03 9.806770e+02 
2.848990e-01 1.163436e+03 9.601895e+02 
2.879192e-01 1.134089e+03 9.402988e+02 
2.909394e-01 1.105995e+03 9.209828e+02 
2.939596e-01 1.079607e+03 9.022203e+02 
2.969798e-01 1.055220e+03 8.839911e+02 
3.000000e-01 1.032995e+03 8.662757e+02 
