1.000000e-03 2.071347e+03 2.071324e+03 
4.020202e-03 7.036588e+03 7.095263e+03 
7.040404e-03 1.037928e+04 1.044161e+04 
1.006061e-02 1.253870e+04 1.254920e+04 
1.308081e-02 1.385423e+04 1.378517e+04 
1.610101e-02 1.456543e+04 1.440919e+04 
1.912121e-02 1.484581e+04 1.461333e+04 
2.214141e-02 1.482295e+04 1.454264e+04 
2.516162e-02 1.459368e+04 1.429928e+04 
2.818182e-02 1.423081e+04 1.394974e+04 
3.120202e-02 1.378883e+04 1.353613e+04 
3.422222e-02 1.330589e+04 1.308562e+04 
3.724242e-02 1.280939e+04 1.261632e+04 
4.026263e-02 1.231609e+04 1.214059e+04 
4.328283e-02 1.182720e+04 1.166693e+04 
4.630303e-02 1.136086e+04 1.120118e+04 
4.932323e-02 1.092415e+04 1.074729e+04 
5.234343e-02 1.050075e+04 1.030786e+04 
5.536364e-02 1.008828e+04 9.884509e+03 
5.838384e-02 9.689930e+03 9.478133e+03 
6.140404e-02 9.306832e+03 9.089126e+03 
6.442424e-02 8.939018e+03 8.717515e+03 
6.744444e-02 8.584896e+03 8.363066e+03 
7.046465e-02 8.243545e+03 8.025366e+03 
7.348485e-02 7.916056e+03 7.703883e+03 
7.650505e-02 7.604043e+03 7.398005e+03 
7.952525e-02 7.309665e+03 7.107074e+03 
8.254545e-02 7.034191e+03 6.830409e+03 
8.556566e-02 6.776503e+03 6.567324e+03 
8.858586e-02 6.534871e+03 6.317138e+03 
9.160606e-02 6.306924e+03 6.079184e+03 
9.462626e-02 6.090714e+03 5.852816e+03 
9.764646e-02 5.885675e+03 5.637412e+03 
1.006667e-01 5.691348e+03 5.432378e+03 
1.036869e-01 5.506966e+03 5.237145e+03 
1.067071e-01 5.331452e+03 5.051174e+03 
1.097273e-01 5.163019e+03 4.873956e+03 
1.127475e-01 5.000061e+03 4.705008e+03 
1.157677e-01 4.841885e+03 4.543873e+03 
1.187879e-01 4.688246e+03 4.390123e+03 
1.218081e-01 4.539763e+03 4.243352e+03 
1.248283e-01 4.397132e+03 4.103180e+03 
1.278485e-01 4.260781e+03 3.969250e+03 
1.308687e-01 4.130960e+03 3.841223e+03 
1.338889e-01 4.007503e+03 3.718784e+03 
1.369091e-01 3.890152e+03 3.601635e+03 
1.399293e-01 3.778530e+03 3.489496e+03 
1.429495e-01 3.672162e+03 3.382104e+03 
1.459697e-01 3.570576e+03 3.279212e+03 
1.489899e-01 3.473345e+03 3.180587e+03 
1.520101e-01 3.380050e+03 3.086011e+03 
1.550303e-01 3.290390e+03 2.995278e+03 
1.580505e-01 3.204155e+03 2.908194e+03 
1.610707e-01 3.121107e+03 2.824577e+03 
1.640909e-01 3.040905e+03 2.744255e+03 
1.671111e-01 2.963199e+03 2.667066e+03 
1.701313e-01 2.887840e+03 2.592858e+03 
1.731515e-01 2.814840e+03 2.521487e+03 
1.761717e-01 2.744228e+03 2.452818e+03 
1.791919e-01 2.676069e+03 2.386722e+03 
1.822121e-01 2.610427e+03 2.323078e+03 
1.852323e-01 2.547219e+03 2.261773e+03 
1.882525e-01 2.486245e+03 2.202699e+03 
1.912727e-01 2.427343e+03 2.145753e+03 
1.942929e-01 2.370481e+03 2.090839e+03 
1.973131e-01 2.315652e+03 2.037866e+03 
2.003333e-01 2.262800e+03 1.986747e+03 
2.033535e-01 2.211832e+03 1.937401e+03 
2.063737e-01 2.162630e+03 1.889751e+03 
2.093939e-01 2.115014e+03 1.843722e+03 
2.124141e-01 2.068794e+03 1.799245e+03 
2.154343e-01 2.023884e+03 1.756254e+03 
2.184545e-01 1.980281e+03 1.714686e+03 
2.214747e-01 1.937976e+03 1.674481e+03 
2.244949e-01 1.896944e+03 1.635584e+03 
2.275152e-01 1.857154e+03 1.597940e+03 
2.305354e-01 1.818547e+03 1.561498e+03 
2.335556e-01 1.781047e+03 1.526209e+03 
2.365758e-01 1.744593e+03 1.492028e+03 
2.395960e-01 1.709190e+03 1.458909e+03 
2.426162e-01 1.674850e+03 1.426812e+03 
2.456364e-01 1.641549e+03 1.395696e+03 
2.486566e-01 1.609235e+03 1.365524e+03 
2.516768e-01 1.577854e+03 1.336258e+03 
2.546970e-01 1.547343e+03 1.307865e+03 
2.577172e-01 1.517642e+03 1.280310e+03 
2.607374e-01 1.488723e+03 1.253564e+03 
2.637576e-01 1.460588e+03 1.227595e+03 
2.667778e-01 1.433228e+03 1.202375e+03 
2.697980e-01 1.406617e+03 1.177876e+03 
2.728182e-01 1.380723e+03 1.154073e+03 
2.758384e-01 1.355506e+03 1.130939e+03 
2.788586e-01 1.330921e+03 1.108452e+03 
2.818788e-01 1.306935e+03 1.086587e+03 
2.848990e-01 1.283541e+03 1.065324e+03 
2.879192e-01 1.260739e+03 1.044641e+03 
2.909394e-01 1.238525e+03 1.024517e+03 
2.939596e-01 1.216887e+03 1.004934e+03 
2.969798e-01 1.195811e+03 9.858737e+02 
3.000000e-01 1.175259e+03 9.673172e+02 
