1.000000e-03 4.373857e+03 4.373802e+03 
4.020202e-03 1.476850e+04 1.488255e+04 
7.040404e-03 2.171749e+04 2.187407e+04 
1.006061e-02 2.604726e+04 2.623077e+04 
1.308081e-02 2.838456e+04 2.860865e+04 
1.610101e-02 2.919889e+04 2.940388e+04 
1.912121e-02 2.886990e+04 2.892407e+04 
2.214141e-02 2.772267e+04 2.753253e+04 
2.516162e-02 2.603973e+04 2.564678e+04 
2.818182e-02 2.406106e+04 2.362781e+04 
3.120202e-02 2.198233e+04 2.170046e+04 
3.422222e-02 1.995288e+04 1.996106e+04 
3.724242e-02 1.807658e+04 1.842696e+04 
4.026263e-02 1.641923e+04 1.708053e+04 
4.328283e-02 1.500376e+04 1.589415e+04 
4.630303e-02 1.383304e+04 1.484109e+04 
4.932323e-02 1.291025e+04 1.389878e+04 
5.234343e-02 1.220090e+04 1.304925e+04 
5.536364e-02 1.166082e+04 1.227834e+04 
5.838384e-02 1.125170e+04 1.157493e+04 
6.140404e-02 1.093784e+04 1.093016e+04 
6.442424e-02 1.068032e+04 1.033687e+04 
6.744444e-02 1.044151e+04 9.789214e+03 
7.046465e-02 1.019219e+04 9.282281e+03 
7.348485e-02 9.909474e+03 8.811935e+03 
7.650505e-02 9.578683e+03 8.374627e+03 
7.952525e-02 9.194657e+03 7.967283e+03 
8.254545e-02 8.761325e+03 7.587217e+03 
8.556566e-02 8.289078e+03 7.232060e+03 
8.858586e-02 7.792675e+03 6.899710e+03 
9.160606e-02 7.289185e+03 6.588294e+03 
9.462626e-02 6.795770e+03 6.296132e+03 
9.764646e-02 6.328782e+03 6.021714e+03 
1.006667e-01 5.901823e+03 5.763675e+03 
1.036869e-01 5.525476e+03 5.520780e+03 
1.067071e-01 5.205841e+03 5.291908e+03 
1.097273e-01 4.944438e+03 5.076038e+03 
1.127475e-01 4.738612e+03 4.872241e+03 
1.157677e-01 4.582539e+03 4.679667e+03 
1.187879e-01 4.468568e+03 4.497537e+03 
1.218081e-01 4.387675e+03 4.325140e+03 
1.248283e-01 4.330345e+03 4.161820e+03 
1.278485e-01 4.286810e+03 4.006976e+03 
1.308687e-01 4.247577e+03 3.860054e+03 
1.338889e-01 4.203651e+03 3.720545e+03 
1.369091e-01 4.147812e+03 3.587976e+03 
1.399293e-01 4.074451e+03 3.461913e+03 
1.429495e-01 3.980936e+03 3.341954e+03 
1.459697e-01 3.866659e+03 3.227725e+03 
1.489899e-01 3.733636e+03 3.118882e+03 
1.520101e-01 3.585332e+03 3.015103e+03 
1.550303e-01 3.426499e+03 2.916092e+03 
1.580505e-01 3.262729e+03 2.821572e+03 
1.610707e-01 3.099982e+03 2.731285e+03 
1.640909e-01 2.943871e+03 2.644993e+03 
1.671111e-01 2.799369e+03 2.562470e+03 
1.701313e-01 2.670189e+03 2.483510e+03 
1.731515e-01 2.558640e+03 2.407917e+03 
1.761717e-01 2.465487e+03 2.335509e+03 
1.791919e-01 2.390210e+03 2.266118e+03 
1.822121e-01 2.331401e+03 2.199582e+03 
1.852323e-01 2.286912e+03 2.135755e+03 
1.882525e-01 2.254180e+03 2.074495e+03 
1.912727e-01 2.230207e+03 2.015672e+03 
1.942929e-01 2.211773e+03 1.959162e+03 
1.973131e-01 2.195483e+03 1.904851e+03 
2.003333e-01 2.178159e+03 1.852630e+03 
2.033535e-01 2.156923e+03 1.802397e+03 
2.063737e-01 2.129702e+03 1.754055e+03 
2.093939e-01 2.095085e+03 1.707515e+03 
2.124141e-01 2.052708e+03 1.662690e+03 
2.154343e-01 2.002883e+03 1.619501e+03 
2.184545e-01 1.946641e+03 1.577871e+03 
2.214747e-01 1.885495e+03 1.537729e+03 
2.244949e-01 1.821300e+03 1.499007e+03 
2.275152e-01 1.756077e+03 1.461642e+03 
2.305354e-01 1.691844e+03 1.425573e+03 
2.335556e-01 1.630433e+03 1.390742e+03 
2.365758e-01 1.573385e+03 1.357096e+03 
2.395960e-01 1.521834e+03 1.324583e+03 
2.426162e-01 1.476489e+03 1.293155e+03 
2.456364e-01 1.437685e+03 1.262765e+03 
2.486566e-01 1.405302e+03 1.233370e+03 
2.516768e-01 1.378923e+03 1.204928e+03 
2.546970e-01 1.357748e+03 1.177400e+03 
2.577172e-01 1.340769e+03 1.150748e+03 
2.607374e-01 1.326762e+03 1.124937e+03 
2.637576e-01 1.314466e+03 1.099934e+03 
2.667778e-01 1.302626e+03 1.075705e+03 
2.697980e-01 1.290168e+03 1.052220e+03 
2.728182e-01 1.276184e+03 1.029450e+03 
2.758384e-01 1.260060e+03 1.007367e+03 
2.788586e-01 1.241394e+03 9.859454e+02 
2.818788e-01 1.220053e+03 9.651590e+02 
2.848990e-01 1.196126e+03 9.449840e+02 
2.879192e-01 1.169912e+03 9.253974e+02 
2.909394e-01 1.141937e+03 9.063774e+02 
2.939596e-01 1.112855e+03 8.879030e+02 
2.969798e-01 1.083408e+03 8.699542e+02 
3.000000e-01 1.054338e+03 8.525119e+02 
