1.000000e-03 4.083495e+03 4.083448e+03 
4.020202e-03 1.364574e+04 1.375144e+04 
7.040404e-03 1.987211e+04 2.000380e+04 
1.006061e-02 2.364330e+04 2.376886e+04 
1.308081e-02 2.560475e+04 2.571756e+04 
1.610101e-02 2.622613e+04 2.626981e+04 
1.912121e-02 2.587460e+04 2.576973e+04 
2.214141e-02 2.485301e+04 2.458970e+04 
2.516162e-02 2.341357e+04 2.309010e+04 
2.818182e-02 2.176339e+04 2.153137e+04 
3.120202e-02 2.006421e+04 2.005037e+04 
3.422222e-02 1.843365e+04 1.869605e+04 
3.724242e-02 1.694854e+04 1.747297e+04 
4.026263e-02 1.565337e+04 1.636916e+04 
4.328283e-02 1.455842e+04 1.536906e+04 
4.630303e-02 1.365456e+04 1.445830e+04 
4.932323e-02 1.293975e+04 1.362486e+04 
5.234343e-02 1.237690e+04 1.285898e+04 
5.536364e-02 1.191989e+04 1.215274e+04 
5.838384e-02 1.154013e+04 1.149964e+04 
6.140404e-02 1.120163e+04 1.089424e+04 
6.442424e-02 1.087275e+04 1.033193e+04 
6.744444e-02 1.053154e+04 9.808731e+03 
7.046465e-02 1.016152e+04 9.321168e+03 
7.348485e-02 9.754143e+03 8.866181e+03 
7.650505e-02 9.309093e+03 8.441044e+03 
7.952525e-02 8.833775e+03 8.043322e+03 
8.254545e-02 8.340833e+03 7.670823e+03 
8.556566e-02 7.845371e+03 7.321567e+03 
8.858586e-02 7.362859e+03 6.993764e+03 
9.160606e-02 6.907302e+03 6.685784e+03 
9.462626e-02 6.490181e+03 6.396148e+03 
9.764646e-02 6.120523e+03 6.123504e+03 
1.006667e-01 5.802969e+03 5.866621e+03 
1.036869e-01 5.538889e+03 5.624369e+03 
1.067071e-01 5.325056e+03 5.395716e+03 
1.097273e-01 5.155655e+03 5.179715e+03 
1.127475e-01 5.022002e+03 4.975496e+03 
1.157677e-01 4.914728e+03 4.782260e+03 
1.187879e-01 4.824167e+03 4.599271e+03 
1.218081e-01 4.741261e+03 4.425853e+03 
1.248283e-01 4.657621e+03 4.261381e+03 
1.278485e-01 4.566412e+03 4.105278e+03 
1.308687e-01 4.462433e+03 3.957012e+03 
1.338889e-01 4.343263e+03 3.816091e+03 
1.369091e-01 4.208709e+03 3.682059e+03 
1.399293e-01 4.060887e+03 3.554494e+03 
1.429495e-01 3.903275e+03 3.433004e+03 
1.459697e-01 3.740196e+03 3.317227e+03 
1.489899e-01 3.576242e+03 3.206824e+03 
1.520101e-01 3.416046e+03 3.101482e+03 
1.550303e-01 3.264082e+03 3.000909e+03 
1.580505e-01 3.124250e+03 2.904833e+03 
1.610707e-01 2.999589e+03 2.813001e+03 
1.640909e-01 2.891635e+03 2.725177e+03 
1.671111e-01 2.800618e+03 2.641139e+03 
1.701313e-01 2.725193e+03 2.560682e+03 
1.731515e-01 2.663217e+03 2.483613e+03 
1.761717e-01 2.611916e+03 2.409752e+03 
1.791919e-01 2.568410e+03 2.338931e+03 
1.822121e-01 2.529853e+03 2.270990e+03 
1.852323e-01 2.493546e+03 2.205781e+03 
1.882525e-01 2.456941e+03 2.143166e+03 
1.912727e-01 2.417784e+03 2.083015e+03 
1.942929e-01 2.374189e+03 2.025203e+03 
1.973131e-01 2.325136e+03 1.969616e+03 
2.003333e-01 2.270336e+03 1.916145e+03 
2.033535e-01 2.210488e+03 1.864689e+03 
2.063737e-01 2.146823e+03 1.815150e+03 
2.093939e-01 2.080979e+03 1.767438e+03 
2.124141e-01 2.014628e+03 1.721468e+03 
2.154343e-01 1.949386e+03 1.677159e+03 
2.184545e-01 1.886644e+03 1.634434e+03 
2.214747e-01 1.827619e+03 1.593222e+03 
2.244949e-01 1.773275e+03 1.553454e+03 
2.275152e-01 1.724243e+03 1.515067e+03 
2.305354e-01 1.680788e+03 1.477999e+03 
2.335556e-01 1.642772e+03 1.442192e+03 
2.365758e-01 1.609768e+03 1.407592e+03 
2.395960e-01 1.581010e+03 1.374148e+03 
2.426162e-01 1.555586e+03 1.341809e+03 
2.456364e-01 1.532475e+03 1.310530e+03 
2.486566e-01 1.510657e+03 1.280266e+03 
2.516768e-01 1.489150e+03 1.250976e+03 
2.546970e-01 1.467140e+03 1.222619e+03 
2.577172e-01 1.443969e+03 1.195157e+03 
2.607374e-01 1.419267e+03 1.168555e+03 
2.637576e-01 1.392868e+03 1.142778e+03 
2.667778e-01 1.364883e+03 1.117793e+03 
2.697980e-01 1.335572e+03 1.093570e+03 
2.728182e-01 1.305340e+03 1.070079e+03 
2.758384e-01 1.274688e+03 1.047291e+03 
2.788586e-01 1.244165e+03 1.025181e+03 
2.818788e-01 1.214281e+03 1.003721e+03 
2.848990e-01 1.185503e+03 9.828878e+02 
2.879192e-01 1.158211e+03 9.626579e+02 
2.909394e-01 1.132697e+03 9.430090e+02 
2.939596e-01 1.109133e+03 9.239197e+02 
2.969798e-01 1.087552e+03 9.053697e+02 
3.000000e-01 1.067865e+03 8.873395e+02 
