1.000000e-03 2.489752e+03 2.489725e+03 
4.020202e-03 8.203957e+03 8.273799e+03 
7.040404e-03 1.190671e+04 1.197919e+04 
1.006061e-02 1.421335e+04 1.422456e+04 
1.308081e-02 1.555481e+04 1.547447e+04 
1.610101e-02 1.622302e+04 1.604407e+04 
1.912121e-02 1.642182e+04 1.615900e+04 
2.214141e-02 1.629869e+04 1.598443e+04 
2.516162e-02 1.596185e+04 1.563360e+04 
2.818182e-02 1.549185e+04 1.517865e+04 
3.120202e-02 1.494634e+04 1.466453e+04 
3.422222e-02 1.436682e+04 1.411976e+04 
3.724242e-02 1.378029e+04 1.356299e+04 
4.026263e-02 1.320515e+04 1.300664e+04 
4.328283e-02 1.264430e+04 1.245903e+04 
4.630303e-02 1.210608e+04 1.192566e+04 
4.932323e-02 1.160381e+04 1.141007e+04 
5.234343e-02 1.112383e+04 1.091439e+04 
5.536364e-02 1.065750e+04 1.043980e+04 
5.838384e-02 1.021000e+04 9.986759e+03 
6.140404e-02 9.782523e+03 9.555246e+03 
6.442424e-02 9.373060e+03 9.144903e+03 
6.744444e-02 8.980853e+03 8.755143e+03 
7.046465e-02 8.606044e+03 8.385231e+03 
7.348485e-02 8.249495e+03 8.034342e+03 
7.650505e-02 7.912574e+03 7.701596e+03 
7.952525e-02 7.595991e+03 7.386098e+03 
8.254545e-02 7.299809e+03 7.086949e+03 
8.556566e-02 7.022845e+03 6.803269e+03 
8.858586e-02 6.762637e+03 6.534202e+03 
9.160606e-02 6.517189e+03 6.278923e+03 
9.462626e-02 6.285180e+03 6.036643e+03 
9.764646e-02 6.065634e+03 5.806614e+03 
1.006667e-01 5.858021e+03 5.588124e+03 
1.036869e-01 5.661330e+03 5.380503e+03 
1.067071e-01 5.473636e+03 5.183118e+03 
1.097273e-01 5.293214e+03 4.995373e+03 
1.127475e-01 5.118978e+03 4.816709e+03 
1.157677e-01 4.950328e+03 4.646602e+03 
1.187879e-01 4.787697e+03 4.484559e+03 
1.218081e-01 4.631599e+03 4.330119e+03 
1.248283e-01 4.482280e+03 4.182849e+03 
1.278485e-01 4.339882e+03 4.042345e+03 
1.308687e-01 4.204322e+03 3.908227e+03 
1.338889e-01 4.075444e+03 3.780141e+03 
1.369091e-01 3.952992e+03 3.657753e+03 
1.399293e-01 3.836673e+03 3.540750e+03 
1.429495e-01 3.726043e+03 3.428842e+03 
1.459697e-01 3.620444e+03 3.321754e+03 
1.489899e-01 3.519238e+03 3.219229e+03 
1.520101e-01 3.422038e+03 3.121025e+03 
1.550303e-01 3.328570e+03 3.026917e+03 
1.580505e-01 3.238591e+03 2.936692e+03 
1.610707e-01 3.151923e+03 2.850151e+03 
1.640909e-01 3.068393e+03 2.767105e+03 
1.671111e-01 2.987792e+03 2.687379e+03 
1.701313e-01 2.909886e+03 2.610806e+03 
1.731515e-01 2.834504e+03 2.537231e+03 
1.761717e-01 2.761678e+03 2.466506e+03 
1.791919e-01 2.691477e+03 2.398494e+03 
1.822121e-01 2.623889e+03 2.333062e+03 
1.852323e-01 2.558830e+03 2.270090e+03 
1.882525e-01 2.496206e+03 2.209459e+03 
1.912727e-01 2.435893e+03 2.151061e+03 
1.942929e-01 2.377757e+03 2.094793e+03 
1.973131e-01 2.321677e+03 2.040556e+03 
2.003333e-01 2.267549e+03 1.988258e+03 
2.033535e-01 2.215273e+03 1.937811e+03 
2.063737e-01 2.164739e+03 1.889133e+03 
2.093939e-01 2.115838e+03 1.842146e+03 
2.124141e-01 2.068472e+03 1.796775e+03 
2.154343e-01 2.022575e+03 1.752951e+03 
2.184545e-01 1.978081e+03 1.710606e+03 
2.214747e-01 1.934933e+03 1.669677e+03 
2.244949e-01 1.893073e+03 1.630104e+03 
2.275152e-01 1.852453e+03 1.591831e+03 
2.305354e-01 1.813045e+03 1.554804e+03 
2.335556e-01 1.774829e+03 1.518970e+03 
2.365758e-01 1.737784e+03 1.484282e+03 
2.395960e-01 1.701888e+03 1.450692e+03 
2.426162e-01 1.667110e+03 1.418157e+03 
2.456364e-01 1.633373e+03 1.386635e+03 
2.486566e-01 1.600585e+03 1.356086e+03 
2.516768e-01 1.568686e+03 1.326471e+03 
2.546970e-01 1.537669e+03 1.297754e+03 
2.577172e-01 1.507526e+03 1.269901e+03 
2.607374e-01 1.478243e+03 1.242879e+03 
2.637576e-01 1.449801e+03 1.216656e+03 
2.667778e-01 1.422167e+03 1.191202e+03 
2.697980e-01 1.395276e+03 1.166488e+03 
2.728182e-01 1.369065e+03 1.142488e+03 
2.758384e-01 1.343508e+03 1.119174e+03 
2.788586e-01 1.318613e+03 1.096522e+03 
2.818788e-01 1.294384e+03 1.074508e+03 
2.848990e-01 1.270806e+03 1.053109e+03 
2.879192e-01 1.247860e+03 1.032303e+03 
2.909394e-01 1.225515e+03 1.012070e+03 
2.939596e-01 1.203731e+03 9.923885e+02 
2.969798e-01 1.182469e+03 9.732402e+02 
3.000000e-01 1.161722e+03 9.546064e+02 
