1.000000e-03 3.170645e+03 3.170608e+03 
4.020202e-03 1.062737e+04 1.070952e+04 
7.040404e-03 1.550345e+04 1.559408e+04 
1.006061e-02 1.849778e+04 1.854951e+04 
1.308081e-02 2.012744e+04 2.012002e+04 
1.610101e-02 2.076338e+04 2.066608e+04 
1.912121e-02 2.068737e+04 2.048172e+04 
2.214141e-02 2.012448e+04 1.984588e+04 
2.516162e-02 1.925575e+04 1.898946e+04 
2.818182e-02 1.822514e+04 1.806117e+04 
3.120202e-02 1.714268e+04 1.713672e+04 
3.422222e-02 1.608662e+04 1.624773e+04 
3.724242e-02 1.510885e+04 1.540477e+04 
4.026263e-02 1.423537e+04 1.460984e+04 
4.328283e-02 1.346577e+04 1.386181e+04 
4.630303e-02 1.281378e+04 1.315853e+04 
4.932323e-02 1.226759e+04 1.249761e+04 
5.234343e-02 1.179041e+04 1.187664e+04 
5.536364e-02 1.136259e+04 1.129326e+04 
5.838384e-02 1.096573e+04 1.074520e+04 
6.140404e-02 1.058064e+04 1.023026e+04 
6.442424e-02 1.019362e+04 9.746365e+03 
6.744444e-02 9.795829e+03 9.291511e+03 
7.046465e-02 9.383300e+03 8.863806e+03 
7.348485e-02 8.957805e+03 8.461459e+03 
7.650505e-02 8.525597e+03 8.082787e+03 
7.952525e-02 8.095828e+03 7.726208e+03 
8.254545e-02 7.678615e+03 7.390242e+03 
8.556566e-02 7.282744e+03 7.073509e+03 
8.858586e-02 6.915176e+03 6.774721e+03 
9.160606e-02 6.580716e+03 6.492679e+03 
9.462626e-02 6.282571e+03 6.226271e+03 
9.764646e-02 6.021967e+03 5.974461e+03 
1.006667e-01 5.797544e+03 5.736291e+03 
1.036869e-01 5.605744e+03 5.510870e+03 
1.067071e-01 5.440453e+03 5.297370e+03 
1.097273e-01 5.294529e+03 5.095027e+03 
1.127475e-01 5.160222e+03 4.903129e+03 
1.157677e-01 5.031221e+03 4.721016e+03 
1.187879e-01 4.902332e+03 4.548077e+03 
1.218081e-01 4.770166e+03 4.383743e+03 
1.248283e-01 4.632440e+03 4.227486e+03 
1.278485e-01 4.488579e+03 4.078816e+03 
1.308687e-01 4.339097e+03 3.937276e+03 
1.338889e-01 4.186106e+03 3.802443e+03 
1.369091e-01 4.032299e+03 3.673922e+03 
1.399293e-01 3.880870e+03 3.551346e+03 
1.429495e-01 3.734678e+03 3.434371e+03 
1.459697e-01 3.596163e+03 3.322678e+03 
1.489899e-01 3.467070e+03 3.215970e+03 
1.520101e-01 3.348633e+03 3.113968e+03 
1.550303e-01 3.241516e+03 3.016413e+03 
1.580505e-01 3.145935e+03 2.923061e+03 
1.610707e-01 3.061222e+03 2.833685e+03 
1.640909e-01 2.986130e+03 2.748073e+03 
1.671111e-01 2.918531e+03 2.666026e+03 
1.701313e-01 2.856153e+03 2.587356e+03 
1.731515e-01 2.796736e+03 2.511889e+03 
1.761717e-01 2.738484e+03 2.439461e+03 
1.791919e-01 2.680117e+03 2.369918e+03 
1.822121e-01 2.620804e+03 2.303114e+03 
1.852323e-01 2.560050e+03 2.238913e+03 
1.882525e-01 2.497713e+03 2.177188e+03 
1.912727e-01 2.433887e+03 2.117818e+03 
1.942929e-01 2.369037e+03 2.060688e+03 
1.973131e-01 2.303874e+03 2.005693e+03 
2.003333e-01 2.239492e+03 1.952732e+03 
2.033535e-01 2.176936e+03 1.901708e+03 
2.063737e-01 2.117045e+03 1.852533e+03 
2.093939e-01 2.060440e+03 1.805122e+03 
2.124141e-01 2.007498e+03 1.759394e+03 
2.154343e-01 1.958324e+03 1.715274e+03 
2.184545e-01 1.912811e+03 1.672689e+03 
2.214747e-01 1.870686e+03 1.631573e+03 
2.244949e-01 1.831573e+03 1.591860e+03 
2.275152e-01 1.794990e+03 1.553491e+03 
2.305354e-01 1.760405e+03 1.516407e+03 
2.335556e-01 1.727247e+03 1.480553e+03 
2.365758e-01 1.694993e+03 1.445878e+03 
2.395960e-01 1.663220e+03 1.412333e+03 
2.426162e-01 1.631586e+03 1.379870e+03 
2.456364e-01 1.599839e+03 1.348446e+03 
2.486566e-01 1.567857e+03 1.318017e+03 
2.516768e-01 1.535635e+03 1.288545e+03 
2.546970e-01 1.503328e+03 1.259989e+03 
2.577172e-01 1.471179e+03 1.232316e+03 
2.607374e-01 1.439471e+03 1.205488e+03 
2.637576e-01 1.408488e+03 1.179475e+03 
2.667778e-01 1.378469e+03 1.154243e+03 
2.697980e-01 1.349597e+03 1.129764e+03 
2.728182e-01 1.321947e+03 1.106008e+03 
2.758384e-01 1.295559e+03 1.082949e+03 
2.788586e-01 1.270445e+03 1.060560e+03 
2.818788e-01 1.246571e+03 1.038817e+03 
2.848990e-01 1.223870e+03 1.017695e+03 
2.879192e-01 1.202205e+03 9.971719e+02 
2.909394e-01 1.181405e+03 9.772265e+02 
2.939596e-01 1.161298e+03 9.578378e+02 
2.969798e-01 1.141715e+03 9.389858e+02 
3.000000e-01 1.122512e+03 9.206517e+02 
