1.000000e-03 6.487045e+03 6.486987e+03 
4.020202e-03 2.157135e+04 2.174021e+04 
7.040404e-03 3.149047e+04 3.174203e+04 
1.006061e-02 3.753382e+04 3.788593e+04 
1.308081e-02 4.062560e+04 4.113961e+04 
1.610101e-02 4.145195e+04 4.204862e+04 
1.912121e-02 4.057171e+04 4.100208e+04 
2.214141e-02 3.847038e+04 3.848371e+04 
2.516162e-02 3.557512e+04 3.512469e+04 
2.818182e-02 3.225563e+04 3.154251e+04 
3.120202e-02 2.881517e+04 2.816433e+04 
3.422222e-02 2.548694e+04 2.518808e+04 
3.724242e-02 2.243275e+04 2.265003e+04 
4.026263e-02 1.975216e+04 2.050797e+04 
4.328283e-02 1.747920e+04 1.869593e+04 
4.630303e-02 1.562130e+04 1.714982e+04 
4.932323e-02 1.416752e+04 1.581611e+04 
5.234343e-02 1.306874e+04 1.465275e+04 
5.536364e-02 1.226481e+04 1.362750e+04 
5.838384e-02 1.169851e+04 1.271574e+04 
6.140404e-02 1.131788e+04 1.189859e+04 
6.442424e-02 1.106369e+04 1.116137e+04 
6.744444e-02 1.088227e+04 1.049254e+04 
7.046465e-02 1.072727e+04 9.882844e+03 
7.348485e-02 1.055718e+04 9.324795e+03 
7.650505e-02 1.033874e+04 8.812213e+03 
7.952525e-02 1.004925e+04 8.339944e+03 
8.254545e-02 9.677872e+03 7.903637e+03 
8.556566e-02 9.225743e+03 7.499578e+03 
8.858586e-02 8.704034e+03 7.124569e+03 
9.160606e-02 8.131502e+03 6.775833e+03 
9.462626e-02 7.531831e+03 6.450942e+03 
9.764646e-02 6.930062e+03 6.147760e+03 
1.006667e-01 6.351176e+03 5.864397e+03 
1.036869e-01 5.815713e+03 5.599172e+03 
1.067071e-01 5.339963e+03 5.350585e+03 
1.097273e-01 4.933329e+03 5.117293e+03 
1.127475e-01 4.599967e+03 4.898087e+03 
1.157677e-01 4.338784e+03 4.691877e+03 
1.187879e-01 4.145130e+03 4.497679e+03 
1.218081e-01 4.012017e+03 4.314598e+03 
1.248283e-01 3.930434e+03 4.141824e+03 
1.278485e-01 3.890160e+03 3.978617e+03 
1.308687e-01 3.879712e+03 3.824303e+03 
1.338889e-01 3.886980e+03 3.678266e+03 
1.369091e-01 3.899574e+03 3.539940e+03 
1.399293e-01 3.906171e+03 3.408810e+03 
1.429495e-01 3.896763e+03 3.284398e+03 
1.459697e-01 3.863995e+03 3.166269e+03 
1.489899e-01 3.802911e+03 3.054019e+03 
1.520101e-01 3.711399e+03 2.947276e+03 
1.550303e-01 3.590338e+03 2.845698e+03 
1.580505e-01 3.442994e+03 2.748967e+03 
1.610707e-01 3.275355e+03 2.656790e+03 
1.640909e-01 3.094808e+03 2.568895e+03 
1.671111e-01 2.909944e+03 2.485028e+03 
1.701313e-01 2.728875e+03 2.404955e+03 
1.731515e-01 2.558826e+03 2.328459e+03 
1.761717e-01 2.405034e+03 2.255336e+03 
1.791919e-01 2.271226e+03 2.185398e+03 
1.822121e-01 2.159159e+03 2.118467e+03 
1.852323e-01 2.069443e+03 2.054381e+03 
1.882525e-01 2.001488e+03 1.992985e+03 
1.912727e-01 1.953849e+03 1.934135e+03 
1.942929e-01 1.924345e+03 1.877698e+03 
1.973131e-01 1.909869e+03 1.823547e+03 
2.003333e-01 1.906756e+03 1.771565e+03 
2.033535e-01 1.910771e+03 1.721641e+03 
2.063737e-01 1.917607e+03 1.673672e+03 
2.093939e-01 1.923045e+03 1.627560e+03 
2.124141e-01 1.923491e+03 1.583213e+03 
2.154343e-01 1.915944e+03 1.540546e+03 
2.184545e-01 1.898427e+03 1.499478e+03 
2.214747e-01 1.869768e+03 1.459932e+03 
2.244949e-01 1.829842e+03 1.421836e+03 
2.275152e-01 1.779420e+03 1.385123e+03 
2.305354e-01 1.720065e+03 1.349729e+03 
2.335556e-01 1.654077e+03 1.315593e+03 
2.365758e-01 1.584122e+03 1.282659e+03 
2.395960e-01 1.513053e+03 1.250872e+03 
2.426162e-01 1.443581e+03 1.220181e+03 
2.456364e-01 1.378127e+03 1.190539e+03 
2.486566e-01 1.318578e+03 1.161899e+03 
2.516768e-01 1.266352e+03 1.134219e+03 
2.546970e-01 1.222221e+03 1.107456e+03 
2.577172e-01 1.186510e+03 1.081574e+03 
2.607374e-01 1.158991e+03 1.056534e+03 
2.637576e-01 1.139044e+03 1.032301e+03 
2.667778e-01 1.125696e+03 1.008843e+03 
2.697980e-01 1.117689e+03 9.861278e+02 
2.728182e-01 1.113598e+03 9.641252e+02 
2.758384e-01 1.111878e+03 9.428067e+02 
2.788586e-01 1.110991e+03 9.221452e+02 
2.818788e-01 1.109452e+03 9.021148e+02 
2.848990e-01 1.105955e+03 8.826910e+02 
2.879192e-01 1.099387e+03 8.638502e+02 
2.909394e-01 1.089002e+03 8.455701e+02 
2.939596e-01 1.074350e+03 8.278293e+02 
2.969798e-01 1.055407e+03 8.106076e+02 
3.000000e-01 1.032469e+03 7.938855e+02 
