1.000000e-03 4.017531e+03 4.017488e+03 
4.020202e-03 1.331776e+04 1.342044e+04 
7.040404e-03 1.945688e+04 1.959169e+04 
1.006061e-02 2.326301e+04 2.340333e+04 
1.308081e-02 2.532517e+04 2.547209e+04 
1.610101e-02 2.607375e+04 2.617717e+04 
1.912121e-02 2.584873e+04 2.581764e+04 
2.214141e-02 2.493389e+04 2.472551e+04 
2.516162e-02 2.357079e+04 2.324986e+04 
2.818182e-02 2.196170e+04 2.166944e+04 
3.120202e-02 2.026821e+04 2.014740e+04 
3.422222e-02 1.861280e+04 1.875113e+04 
3.724242e-02 1.707936e+04 1.749359e+04 
4.026263e-02 1.572050e+04 1.636475e+04 
4.328283e-02 1.455520e+04 1.534808e+04 
4.630303e-02 1.358083e+04 1.442737e+04 
4.932323e-02 1.280091e+04 1.358881e+04 
5.234343e-02 1.218797e+04 1.282114e+04 
5.536364e-02 1.169958e+04 1.211534e+04 
5.838384e-02 1.130418e+04 1.146408e+04 
6.140404e-02 1.097246e+04 1.086136e+04 
6.442424e-02 1.067428e+04 1.030219e+04 
6.744444e-02 1.037971e+04 9.782312e+03 
7.046465e-02 1.006685e+04 9.298092e+03 
7.348485e-02 9.721277e+03 8.846352e+03 
7.650505e-02 9.336208e+03 8.424302e+03 
7.952525e-02 8.913322e+03 8.029464e+03 
8.254545e-02 8.460953e+03 7.659629e+03 
8.556566e-02 7.991435e+03 7.312812e+03 
8.858586e-02 7.518756e+03 6.987224e+03 
9.160606e-02 7.056795e+03 6.681245e+03 
9.462626e-02 6.618240e+03 6.393406e+03 
9.764646e-02 6.214307e+03 6.122371e+03 
1.006667e-01 5.853643e+03 5.866919e+03 
1.036869e-01 5.542469e+03 5.625939e+03 
1.067071e-01 5.282344e+03 5.398409e+03 
1.097273e-01 5.071822e+03 5.183398e+03 
1.127475e-01 4.905435e+03 4.980047e+03 
1.157677e-01 4.775931e+03 4.787569e+03 
1.187879e-01 4.674440e+03 4.605239e+03 
1.218081e-01 4.592096e+03 4.432391e+03 
1.248283e-01 4.520237e+03 4.268407e+03 
1.278485e-01 4.450957e+03 4.112722e+03 
1.308687e-01 4.377132e+03 3.964808e+03 
1.338889e-01 4.293368e+03 3.824182e+03 
1.369091e-01 4.195752e+03 3.690393e+03 
1.399293e-01 4.082562e+03 3.563025e+03 
1.429495e-01 3.954105e+03 3.441690e+03 
1.459697e-01 3.812722e+03 3.326032e+03 
1.489899e-01 3.661950e+03 3.215715e+03 
1.520101e-01 3.506090e+03 3.110430e+03 
1.550303e-01 3.349940e+03 3.009888e+03 
1.580505e-01 3.198250e+03 2.913821e+03 
1.610707e-01 3.055193e+03 2.821978e+03 
1.640909e-01 2.924257e+03 2.734124e+03 
1.671111e-01 2.808002e+03 2.650041e+03 
1.701313e-01 2.707658e+03 2.569526e+03 
1.731515e-01 2.623306e+03 2.492386e+03 
1.761717e-01 2.553831e+03 2.418444e+03 
1.791919e-01 2.497453e+03 2.347532e+03 
1.822121e-01 2.451794e+03 2.279493e+03 
1.852323e-01 2.414251e+03 2.214180e+03 
1.882525e-01 2.382050e+03 2.151455e+03 
1.912727e-01 2.352406e+03 2.091188e+03 
1.942929e-01 2.322584e+03 2.033258e+03 
1.973131e-01 2.290321e+03 1.977548e+03 
2.003333e-01 2.253769e+03 1.923953e+03 
2.033535e-01 2.211836e+03 1.872369e+03 
2.063737e-01 2.164034e+03 1.822702e+03 
2.093939e-01 2.110798e+03 1.774860e+03 
2.124141e-01 2.053002e+03 1.728760e+03 
2.154343e-01 1.991933e+03 1.684319e+03 
2.184545e-01 1.929101e+03 1.641464e+03 
2.214747e-01 1.866149e+03 1.600121e+03 
2.244949e-01 1.804638e+03 1.560224e+03 
2.275152e-01 1.746017e+03 1.521707e+03 
2.305354e-01 1.691483e+03 1.484510e+03 
2.335556e-01 1.641920e+03 1.448577e+03 
2.365758e-01 1.597754e+03 1.413851e+03 
2.395960e-01 1.559069e+03 1.380282e+03 
2.426162e-01 1.525632e+03 1.347820e+03 
2.456364e-01 1.496936e+03 1.316419e+03 
2.486566e-01 1.472289e+03 1.286035e+03 
2.516768e-01 1.450816e+03 1.256627e+03 
2.546970e-01 1.431557e+03 1.228153e+03 
2.577172e-01 1.413485e+03 1.200577e+03 
2.607374e-01 1.395610e+03 1.173862e+03 
2.637576e-01 1.377029e+03 1.147974e+03 
2.667778e-01 1.357100e+03 1.122881e+03 
2.697980e-01 1.335404e+03 1.098551e+03 
2.728182e-01 1.311831e+03 1.074954e+03 
2.758384e-01 1.286454e+03 1.052063e+03 
2.788586e-01 1.259564e+03 1.029851e+03 
2.818788e-01 1.231530e+03 1.008292e+03 
2.848990e-01 1.202790e+03 9.873617e+02 
2.879192e-01 1.173839e+03 9.670363e+02 
2.909394e-01 1.145213e+03 9.472938e+02 
2.939596e-01 1.117426e+03 9.281127e+02 
2.969798e-01 1.090958e+03 9.094728e+02 
3.000000e-01 1.066191e+03 8.913545e+02 
