1.000000e-03 4.808918e+03 4.808868e+03 
4.020202e-03 1.588920e+04 1.601319e+04 
7.040404e-03 2.304584e+04 2.321044e+04 
1.006061e-02 2.733711e+04 2.752243e+04 
1.308081e-02 2.951045e+04 2.972377e+04 
1.610101e-02 3.010630e+04 3.027901e+04 
1.912121e-02 2.954958e+04 2.955650e+04 
2.214141e-02 2.819547e+04 2.797539e+04 
2.516162e-02 2.634364e+04 2.597908e+04 
2.818182e-02 2.424234e+04 2.391638e+04 
3.120202e-02 2.208860e+04 2.198296e+04 
3.422222e-02 2.002711e+04 2.025044e+04 
3.724242e-02 1.815359e+04 1.872263e+04 
4.026263e-02 1.652438e+04 1.737691e+04 
4.328283e-02 1.515179e+04 1.618514e+04 
4.630303e-02 1.403057e+04 1.512176e+04 
4.932323e-02 1.315894e+04 1.416576e+04 
5.234343e-02 1.249039e+04 1.330053e+04 
5.536364e-02 1.197676e+04 1.251299e+04 
5.838384e-02 1.158176e+04 1.179275e+04 
6.140404e-02 1.125942e+04 1.113146e+04 
6.442424e-02 1.097038e+04 1.052230e+04 
6.744444e-02 1.068305e+04 9.959595e+03 
7.046465e-02 1.037143e+04 9.438537e+03 
7.348485e-02 1.001773e+04 8.955028e+03 
7.650505e-02 9.613339e+03 8.505518e+03 
7.952525e-02 9.159111e+03 8.086906e+03 
8.254545e-02 8.664581e+03 7.696459e+03 
8.556566e-02 8.144802e+03 7.331758e+03 
8.858586e-02 7.617734e+03 6.990645e+03 
9.160606e-02 7.101779e+03 6.671189e+03 
9.462626e-02 6.613671e+03 6.371656e+03 
9.764646e-02 6.168011e+03 6.090480e+03 
1.006667e-01 5.774917e+03 5.826246e+03 
1.036869e-01 5.440540e+03 5.577673e+03 
1.067071e-01 5.166195e+03 5.343595e+03 
1.097273e-01 4.949013e+03 5.122952e+03 
1.127475e-01 4.782932e+03 4.914775e+03 
1.157677e-01 4.659502e+03 4.718180e+03 
1.187879e-01 4.569132e+03 4.532360e+03 
1.218081e-01 4.501465e+03 4.356573e+03 
1.248283e-01 4.446105e+03 4.190139e+03 
1.278485e-01 4.392904e+03 4.032431e+03 
1.308687e-01 4.333109e+03 3.882876e+03 
1.338889e-01 4.259473e+03 3.740944e+03 
1.369091e-01 4.167847e+03 3.606145e+03 
1.399293e-01 4.056261e+03 3.478028e+03 
1.429495e-01 3.925622e+03 3.356177e+03 
1.459697e-01 3.778514e+03 3.240205e+03 
1.489899e-01 3.619068e+03 3.129755e+03 
1.520101e-01 3.452344e+03 3.024496e+03 
1.550303e-01 3.283978e+03 2.924119e+03 
1.580505e-01 3.119930e+03 2.828338e+03 
1.610707e-01 2.965769e+03 2.736889e+03 
1.640909e-01 2.825990e+03 2.649523e+03 
1.671111e-01 2.703591e+03 2.566011e+03 
1.701313e-01 2.599971e+03 2.486137e+03 
1.731515e-01 2.514821e+03 2.409700e+03 
1.761717e-01 2.446767e+03 2.336514e+03 
1.791919e-01 2.393582e+03 2.266404e+03 
1.822121e-01 2.352680e+03 2.199206e+03 
1.852323e-01 2.321182e+03 2.134767e+03 
1.882525e-01 2.295958e+03 2.072943e+03 
1.912727e-01 2.273686e+03 2.013599e+03 
1.942929e-01 2.251081e+03 1.956610e+03 
1.973131e-01 2.225100e+03 1.901858e+03 
2.003333e-01 2.193460e+03 1.849229e+03 
2.033535e-01 2.154699e+03 1.798621e+03 
2.063737e-01 2.108487e+03 1.749935e+03 
2.093939e-01 2.055316e+03 1.703078e+03 
2.124141e-01 1.996338e+03 1.657962e+03 
2.154343e-01 1.933138e+03 1.614506e+03 
2.184545e-01 1.867509e+03 1.572631e+03 
2.214747e-01 1.801355e+03 1.532266e+03 
2.244949e-01 1.736552e+03 1.493340e+03 
2.275152e-01 1.674873e+03 1.455788e+03 
2.305354e-01 1.617778e+03 1.419549e+03 
2.335556e-01 1.566399e+03 1.384563e+03 
2.365758e-01 1.521324e+03 1.350777e+03 
2.395960e-01 1.482751e+03 1.318138e+03 
2.426162e-01 1.450361e+03 1.286595e+03 
2.456364e-01 1.423544e+03 1.256103e+03 
2.486566e-01 1.401405e+03 1.226616e+03 
2.516768e-01 1.382868e+03 1.198093e+03 
2.546970e-01 1.366739e+03 1.170493e+03 
2.577172e-01 1.351813e+03 1.143778e+03 
2.607374e-01 1.336938e+03 1.117912e+03 
2.637576e-01 1.321117e+03 1.092860e+03 
2.667778e-01 1.303573e+03 1.068590e+03 
2.697980e-01 1.283792e+03 1.045071e+03 
2.728182e-01 1.261573e+03 1.022274e+03 
2.758384e-01 1.236954e+03 1.000169e+03 
2.788586e-01 1.210246e+03 9.787299e+02 
2.818788e-01 1.181901e+03 9.579315e+02 
2.848990e-01 1.152511e+03 9.377490e+02 
2.879192e-01 1.122724e+03 9.181593e+02 
2.909394e-01 1.093223e+03 8.991401e+02 
2.939596e-01 1.064643e+03 8.806701e+02 
2.969798e-01 1.037560e+03 8.627292e+02 
3.000000e-01 1.012404e+03 8.452979e+02 
