1.000000e-03 4.925724e+03 4.925678e+03 
4.020202e-03 1.653213e+04 1.666204e+04 
7.040404e-03 2.419744e+04 2.438042e+04 
1.006061e-02 2.889643e+04 2.912448e+04 
1.308081e-02 3.135392e+04 3.165027e+04 
1.610101e-02 3.210648e+04 3.240577e+04 
1.912121e-02 3.158697e+04 3.173231e+04 
2.214141e-02 3.016365e+04 3.003491e+04 
2.516162e-02 2.815705e+04 2.778757e+04 
2.818182e-02 2.583789e+04 2.540719e+04 
3.120202e-02 2.342667e+04 2.315589e+04 
3.422222e-02 2.109029e+04 2.114478e+04 
3.724242e-02 1.894370e+04 1.939072e+04 
4.026263e-02 1.705836e+04 1.786877e+04 
4.328283e-02 1.545718e+04 1.654259e+04 
4.630303e-02 1.414096e+04 1.537756e+04 
4.932323e-02 1.311057e+04 1.434481e+04 
5.234343e-02 1.232546e+04 1.342149e+04 
5.536364e-02 1.173705e+04 1.258978e+04 
5.838384e-02 1.130357e+04 1.183581e+04 
6.140404e-02 1.098126e+04 1.114865e+04 
6.442424e-02 1.072642e+04 1.051957e+04 
6.744444e-02 1.049893e+04 9.941491e+03 
7.046465e-02 1.026568e+04 9.408565e+03 
7.348485e-02 1.000018e+04 8.915907e+03 
7.650505e-02 9.684150e+03 8.459371e+03 
7.952525e-02 9.308868e+03 8.035403e+03 
8.254545e-02 8.875840e+03 7.640922e+03 
8.556566e-02 8.394610e+03 7.273238e+03 
8.858586e-02 7.880453e+03 6.929981e+03 
9.160606e-02 7.352004e+03 6.609055e+03 
9.462626e-02 6.828746e+03 6.308591e+03 
9.764646e-02 6.329479e+03 6.026921e+03 
1.006667e-01 5.870035e+03 5.762544e+03 
1.036869e-01 5.462625e+03 5.514110e+03 
1.067071e-01 5.114409e+03 5.280399e+03 
1.097273e-01 4.827919e+03 5.060304e+03 
1.127475e-01 4.601736e+03 4.852821e+03 
1.157677e-01 4.430682e+03 4.657037e+03 
1.187879e-01 4.307544e+03 4.472117e+03 
1.218081e-01 4.223471e+03 4.297301e+03 
1.248283e-01 4.168767e+03 4.131890e+03 
1.278485e-01 4.132945e+03 3.975246e+03 
1.308687e-01 4.105540e+03 3.826782e+03 
1.338889e-01 4.076406e+03 3.685958e+03 
1.369091e-01 4.037098e+03 3.552279e+03 
1.399293e-01 3.980767e+03 3.425286e+03 
1.429495e-01 3.903459e+03 3.304556e+03 
1.459697e-01 3.803436e+03 3.189701e+03 
1.489899e-01 3.681640e+03 3.080357e+03 
1.520101e-01 3.540848e+03 2.976191e+03 
1.550303e-01 3.385345e+03 2.876893e+03 
1.580505e-01 3.220803e+03 2.782175e+03 
1.610707e-01 3.053529e+03 2.691769e+03 
1.640909e-01 2.890051e+03 2.605428e+03 
1.671111e-01 2.736282e+03 2.522919e+03 
1.701313e-01 2.597000e+03 2.444028e+03 
1.731515e-01 2.475246e+03 2.368553e+03 
1.761717e-01 2.372519e+03 2.296307e+03 
1.791919e-01 2.288799e+03 2.227115e+03 
1.822121e-01 2.223178e+03 2.160812e+03 
1.852323e-01 2.173863e+03 2.097247e+03 
1.882525e-01 2.138585e+03 2.036275e+03 
1.912727e-01 2.114587e+03 1.977763e+03 
1.942929e-01 2.098661e+03 1.921584e+03 
1.973131e-01 2.087259e+03 1.867620e+03 
2.003333e-01 2.076776e+03 1.815761e+03 
2.033535e-01 2.063793e+03 1.765901e+03 
2.063737e-01 2.045559e+03 1.717944e+03 
2.093939e-01 2.020058e+03 1.671796e+03 
2.124141e-01 1.986270e+03 1.627371e+03 
2.154343e-01 1.944056e+03 1.584587e+03 
2.184545e-01 1.894015e+03 1.543367e+03 
2.214747e-01 1.837410e+03 1.503638e+03 
2.244949e-01 1.775884e+03 1.465332e+03 
2.275152e-01 1.711445e+03 1.428384e+03 
2.305354e-01 1.646208e+03 1.392732e+03 
2.335556e-01 1.582331e+03 1.358318e+03 
2.365758e-01 1.521730e+03 1.325088e+03 
2.395960e-01 1.466046e+03 1.292990e+03 
2.426162e-01 1.416374e+03 1.261975e+03 
2.456364e-01 1.373420e+03 1.231996e+03 
2.486566e-01 1.337351e+03 1.203009e+03 
2.516768e-01 1.307982e+03 1.174972e+03 
2.546970e-01 1.284727e+03 1.147846e+03 
2.577172e-01 1.266706e+03 1.121592e+03 
2.607374e-01 1.252808e+03 1.096175e+03 
2.637576e-01 1.241785e+03 1.071561e+03 
2.667778e-01 1.232343e+03 1.047718e+03 
2.697980e-01 1.223216e+03 1.024614e+03 
2.728182e-01 1.213264e+03 1.002221e+03 
2.758384e-01 1.201556e+03 9.805102e+02 
2.788586e-01 1.187403e+03 9.594555e+02 
2.818788e-01 1.170350e+03 9.390314e+02 
2.848990e-01 1.150292e+03 9.192139e+02 
2.879192e-01 1.127351e+03 8.999800e+02 
2.909394e-01 1.101928e+03 8.813076e+02 
2.939596e-01 1.074579e+03 8.631758e+02 
2.969798e-01 1.046016e+03 8.455647e+02 
3.000000e-01 1.017011e+03 8.284551e+02 
