1.000000e-03 2.472554e+03 2.472533e+03 
4.020202e-03 8.266801e+03 8.205998e+03 
7.040404e-03 1.217542e+04 1.188803e+04 
1.006061e-02 1.469558e+04 1.413754e+04 
1.308081e-02 1.619119e+04 1.542558e+04 
1.610101e-02 1.692709e+04 1.607032e+04 
1.912121e-02 1.710512e+04 1.628499e+04 
2.214141e-02 1.688611e+04 1.621338e+04 
2.516162e-02 1.640196e+04 1.595286e+04 
2.818182e-02 1.575728e+04 1.556972e+04 
3.120202e-02 1.503454e+04 1.510944e+04 
3.422222e-02 1.429502e+04 1.460346e+04 
3.724242e-02 1.358044e+04 1.407361e+04 
4.026263e-02 1.291802e+04 1.353502e+04 
4.328283e-02 1.231408e+04 1.299815e+04 
4.630303e-02 1.177176e+04 1.247015e+04 
4.932323e-02 1.129965e+04 1.195578e+04 
5.234343e-02 1.087967e+04 1.145816e+04 
5.536364e-02 1.049060e+04 1.097917e+04 
5.838384e-02 1.012079e+04 1.051986e+04 
6.140404e-02 9.764864e+03 1.008064e+04 
6.442424e-02 9.417315e+03 9.661508e+03 
6.744444e-02 9.068518e+03 9.262160e+03 
7.046465e-02 8.713585e+03 8.882080e+03 
7.348485e-02 8.352000e+03 8.520617e+03 
7.650505e-02 7.987037e+03 8.177038e+03 
7.952525e-02 7.625074e+03 7.850557e+03 
8.254545e-02 7.273996e+03 7.540369e+03 
8.556566e-02 6.940771e+03 7.245666e+03 
8.858586e-02 6.629983e+03 6.965648e+03 
9.160606e-02 6.343919e+03 6.699538e+03 
9.462626e-02 6.083300e+03 6.446584e+03 
9.764646e-02 5.848089e+03 6.206063e+03 
1.006667e-01 5.637629e+03 5.977287e+03 
1.036869e-01 5.450328e+03 5.759600e+03 
1.067071e-01 5.283822e+03 5.552383e+03 
1.097273e-01 5.133866e+03 5.355046e+03 
1.127475e-01 4.995655e+03 5.167037e+03 
1.157677e-01 4.864131e+03 4.987833e+03 
1.187879e-01 4.734807e+03 4.816944e+03 
1.218081e-01 4.604818e+03 4.653905e+03 
1.248283e-01 4.472379e+03 4.498285e+03 
1.278485e-01 4.337424e+03 4.349673e+03 
1.308687e-01 4.200577e+03 4.207688e+03 
1.338889e-01 4.063268e+03 4.071969e+03 
1.369091e-01 3.927113e+03 3.942178e+03 
1.399293e-01 3.793861e+03 3.817998e+03 
1.429495e-01 3.665112e+03 3.699131e+03 
1.459697e-01 3.542266e+03 3.585297e+03 
1.489899e-01 3.426387e+03 3.476234e+03 
1.520101e-01 3.318222e+03 3.371693e+03 
1.550303e-01 3.218238e+03 3.271443e+03 
1.580505e-01 3.126655e+03 3.175266e+03 
1.610707e-01 3.043165e+03 3.082954e+03 
1.640909e-01 2.967070e+03 2.994316e+03 
1.671111e-01 2.897142e+03 2.909169e+03 
1.701313e-01 2.831869e+03 2.827342e+03 
1.731515e-01 2.769705e+03 2.748672e+03 
1.761717e-01 2.709186e+03 2.673008e+03 
1.791919e-01 2.649411e+03 2.600206e+03 
1.822121e-01 2.589762e+03 2.530129e+03 
1.852323e-01 2.530056e+03 2.462651e+03 
1.882525e-01 2.470239e+03 2.397650e+03 
1.912727e-01 2.410312e+03 2.335012e+03 
1.942929e-01 2.350367e+03 2.274629e+03 
1.973131e-01 2.290724e+03 2.216399e+03 
2.003333e-01 2.231836e+03 2.160226e+03 
2.033535e-01 2.174359e+03 2.106017e+03 
2.063737e-01 2.118927e+03 2.053686e+03 
2.093939e-01 2.066068e+03 2.003151e+03 
2.124141e-01 2.016103e+03 1.954335e+03 
2.154343e-01 1.969059e+03 1.907163e+03 
2.184545e-01 1.924819e+03 1.861566e+03 
2.214747e-01 1.883120e+03 1.817477e+03 
2.244949e-01 1.843686e+03 1.774833e+03 
2.275152e-01 1.806243e+03 1.733575e+03 
2.305354e-01 1.770508e+03 1.693644e+03 
2.335556e-01 1.736193e+03 1.654988e+03 
2.365758e-01 1.702976e+03 1.617554e+03 
2.395960e-01 1.670519e+03 1.581294e+03 
2.426162e-01 1.638555e+03 1.546161e+03 
2.456364e-01 1.606873e+03 1.512111e+03 
2.486566e-01 1.575407e+03 1.479101e+03 
2.516768e-01 1.544164e+03 1.447091e+03 
2.546970e-01 1.513211e+03 1.416042e+03 
2.577172e-01 1.482642e+03 1.385918e+03 
2.607374e-01 1.452587e+03 1.356684e+03 
2.637576e-01 1.423183e+03 1.328307e+03 
2.667778e-01 1.394552e+03 1.300754e+03 
2.697980e-01 1.366808e+03 1.273996e+03 
2.728182e-01 1.340040e+03 1.248002e+03 
2.758384e-01 1.314307e+03 1.222746e+03 
2.788586e-01 1.289603e+03 1.198200e+03 
2.818788e-01 1.265896e+03 1.174340e+03 
2.848990e-01 1.243120e+03 1.151141e+03 
2.879192e-01 1.221189e+03 1.128579e+03 
2.909394e-01 1.200001e+03 1.106632e+03 
2.939596e-01 1.179453e+03 1.085279e+03 
2.969798e-01 1.159448e+03 1.064500e+03 
3.000000e-01 1.139901e+03 1.044275e+03 
