1.000000e-03 2.928000e+03 2.927967e+03 
4.020202e-03 9.670629e+03 9.746600e+03 
7.040404e-03 1.402713e+04 1.410586e+04 
1.006061e-02 1.669439e+04 1.672101e+04 
1.308081e-02 1.816370e+04 1.811411e+04 
1.610101e-02 1.877714e+04 1.863290e+04 
1.912121e-02 1.878641e+04 1.854867e+04 
2.214141e-02 1.838431e+04 1.809516e+04 
2.516162e-02 1.772214e+04 1.745053e+04 
2.818182e-02 1.691688e+04 1.672560e+04 
3.120202e-02 1.605656e+04 1.597899e+04 
3.422222e-02 1.520321e+04 1.523917e+04 
3.724242e-02 1.439640e+04 1.451971e+04 
4.026263e-02 1.365876e+04 1.382719e+04 
4.328283e-02 1.299525e+04 1.316480e+04 
4.630303e-02 1.240105e+04 1.253391e+04 
4.932323e-02 1.187756e+04 1.193484e+04 
5.234343e-02 1.140800e+04 1.136725e+04 
5.536364e-02 1.096753e+04 1.083035e+04 
5.838384e-02 1.054706e+04 1.032307e+04 
6.140404e-02 1.013849e+04 9.844155e+03 
6.442424e-02 9.732840e+03 9.392250e+03 
6.744444e-02 9.326586e+03 8.965948e+03 
7.046465e-02 8.919505e+03 8.563832e+03 
7.348485e-02 8.514048e+03 8.184504e+03 
7.650505e-02 8.115615e+03 7.826607e+03 
7.952525e-02 7.730830e+03 7.488831e+03 
8.254545e-02 7.366138e+03 7.169930e+03 
8.556566e-02 7.025929e+03 6.868720e+03 
8.858586e-02 6.712788e+03 6.584084e+03 
9.160606e-02 6.427790e+03 6.314972e+03 
9.462626e-02 6.171055e+03 6.060396e+03 
9.764646e-02 5.941759e+03 5.819437e+03 
1.006667e-01 5.737655e+03 5.591231e+03 
1.036869e-01 5.554959e+03 5.374976e+03 
1.067071e-01 5.388375e+03 5.169921e+03 
1.097273e-01 5.232596e+03 4.975367e+03 
1.127475e-01 5.082490e+03 4.790666e+03 
1.157677e-01 4.934382e+03 4.615210e+03 
1.187879e-01 4.786166e+03 4.448436e+03 
1.218081e-01 4.636875e+03 4.289819e+03 
1.248283e-01 4.486578e+03 4.138869e+03 
1.278485e-01 4.336021e+03 3.995131e+03 
1.308687e-01 4.186523e+03 3.858180e+03 
1.338889e-01 4.039847e+03 3.727622e+03 
1.369091e-01 3.898056e+03 3.603085e+03 
1.399293e-01 3.762831e+03 3.484227e+03 
1.429495e-01 3.635527e+03 3.370726e+03 
1.459697e-01 3.516751e+03 3.262281e+03 
1.489899e-01 3.406629e+03 3.158612e+03 
1.520101e-01 3.304995e+03 3.059456e+03 
1.550303e-01 3.211491e+03 2.964569e+03 
1.580505e-01 3.125464e+03 2.873721e+03 
1.610707e-01 3.046047e+03 2.786696e+03 
1.640909e-01 2.971879e+03 2.703293e+03 
1.671111e-01 2.901408e+03 2.623322e+03 
1.701313e-01 2.833222e+03 2.546608e+03 
1.731515e-01 2.766076e+03 2.472982e+03 
1.761717e-01 2.699371e+03 2.402290e+03 
1.791919e-01 2.632815e+03 2.334383e+03 
1.822121e-01 2.566539e+03 2.269124e+03 
1.852323e-01 2.500792e+03 2.206382e+03 
1.882525e-01 2.435777e+03 2.146036e+03 
1.912727e-01 2.371739e+03 2.087969e+03 
1.942929e-01 2.309120e+03 2.032074e+03 
1.973131e-01 2.248407e+03 1.978247e+03 
2.003333e-01 2.190078e+03 1.926393e+03 
2.033535e-01 2.134531e+03 1.876419e+03 
2.063737e-01 2.081940e+03 1.828239e+03 
2.093939e-01 2.032348e+03 1.781772e+03 
2.124141e-01 1.985555e+03 1.736941e+03 
2.154343e-01 1.941290e+03 1.693673e+03 
2.184545e-01 1.899199e+03 1.651899e+03 
2.214747e-01 1.858939e+03 1.611553e+03 
2.244949e-01 1.820210e+03 1.572574e+03 
2.275152e-01 1.782724e+03 1.534902e+03 
2.305354e-01 1.746212e+03 1.498483e+03 
2.335556e-01 1.710459e+03 1.463264e+03 
2.365758e-01 1.675340e+03 1.429193e+03 
2.395960e-01 1.640772e+03 1.396225e+03 
2.426162e-01 1.606715e+03 1.364312e+03 
2.456364e-01 1.573173e+03 1.333414e+03 
2.486566e-01 1.540195e+03 1.303487e+03 
2.516768e-01 1.507866e+03 1.274494e+03 
2.546970e-01 1.476302e+03 1.246398e+03 
2.577172e-01 1.445630e+03 1.219163e+03 
2.607374e-01 1.415977e+03 1.192756e+03 
2.637576e-01 1.387409e+03 1.167144e+03 
2.667778e-01 1.359926e+03 1.142298e+03 
2.697980e-01 1.333484e+03 1.118188e+03 
2.728182e-01 1.307998e+03 1.094786e+03 
2.758384e-01 1.283394e+03 1.072065e+03 
2.788586e-01 1.259609e+03 1.050002e+03 
2.818788e-01 1.236573e+03 1.028570e+03 
2.848990e-01 1.214214e+03 1.007748e+03 
2.879192e-01 1.192455e+03 9.875133e+02 
2.909394e-01 1.171216e+03 9.678444e+02 
2.939596e-01 1.150430e+03 9.487214e+02 
2.969798e-01 1.130037e+03 9.301250e+02 
3.000000e-01 1.110022e+03 9.120365e+02 
