1.000000e-03 4.871890e+03 4.871836e+03 
4.020202e-03 1.624989e+04 1.637628e+04 
7.040404e-03 2.364731e+04 2.381584e+04 
1.006061e-02 2.809873e+04 2.829214e+04 
1.308081e-02 3.035811e+04 3.058524e+04 
1.610101e-02 3.097774e+04 3.116420e+04 
1.912121e-02 3.039573e+04 3.040566e+04 
2.214141e-02 2.898057e+04 2.874667e+04 
2.516162e-02 2.704576e+04 2.665421e+04 
2.818182e-02 2.485210e+04 2.449662e+04 
3.120202e-02 2.260603e+04 2.247993e+04 
3.422222e-02 2.045957e+04 2.067856e+04 
3.724242e-02 1.851281e+04 1.909518e+04 
4.026263e-02 1.682442e+04 1.770473e+04 
4.328283e-02 1.540516e+04 1.647668e+04 
4.630303e-02 1.425264e+04 1.538348e+04 
4.932323e-02 1.336263e+04 1.440263e+04 
5.234343e-02 1.268351e+04 1.351638e+04 
5.536364e-02 1.216792e+04 1.271082e+04 
5.838384e-02 1.177577e+04 1.197497e+04 
6.140404e-02 1.145862e+04 1.130002e+04 
6.442424e-02 1.117587e+04 1.067879e+04 
6.744444e-02 1.089383e+04 1.010535e+04 
7.046465e-02 1.058475e+04 9.574680e+03 
7.348485e-02 1.022979e+04 9.082522e+03 
7.650505e-02 9.819817e+03 8.625189e+03 
7.952525e-02 9.355627e+03 8.199470e+03 
8.254545e-02 8.847535e+03 7.802544e+03 
8.556566e-02 8.311545e+03 7.431916e+03 
8.858586e-02 7.766723e+03 7.085365e+03 
9.160606e-02 7.232939e+03 6.760906e+03 
9.462626e-02 6.728121e+03 6.456758e+03 
9.764646e-02 6.267495e+03 6.171316e+03 
1.006667e-01 5.862369e+03 5.903130e+03 
1.036869e-01 5.518772e+03 5.650888e+03 
1.067071e-01 5.238175e+03 5.413397e+03 
1.097273e-01 5.017341e+03 5.189574e+03 
1.127475e-01 4.850224e+03 4.978430e+03 
1.157677e-01 4.727811e+03 4.779063e+03 
1.187879e-01 4.640028e+03 4.590647e+03 
1.218081e-01 4.576050e+03 4.412427e+03 
1.248283e-01 4.524818e+03 4.243709e+03 
1.278485e-01 4.475455e+03 4.083855e+03 
1.308687e-01 4.418696e+03 3.932280e+03 
1.338889e-01 4.347010e+03 3.788444e+03 
1.369091e-01 4.255776e+03 3.651851e+03 
1.399293e-01 4.143072e+03 3.522039e+03 
1.429495e-01 4.009718e+03 3.398586e+03 
1.459697e-01 3.858573e+03 3.281099e+03 
1.489899e-01 3.693858e+03 3.169213e+03 
1.520101e-01 3.521088e+03 3.062592e+03 
1.550303e-01 3.346358e+03 2.960923e+03 
1.580505e-01 3.176178e+03 2.863917e+03 
1.610707e-01 3.016406e+03 2.771301e+03 
1.640909e-01 2.871992e+03 2.682826e+03 
1.671111e-01 2.745915e+03 2.598257e+03 
1.701313e-01 2.639694e+03 2.517377e+03 
1.731515e-01 2.552878e+03 2.439981e+03 
1.761717e-01 2.484067e+03 2.365879e+03 
1.791919e-01 2.430967e+03 2.294894e+03 
1.822121e-01 2.390856e+03 2.226860e+03 
1.852323e-01 2.360682e+03 2.161621e+03 
1.882525e-01 2.337081e+03 2.099032e+03 
1.912727e-01 2.316528e+03 2.038956e+03 
1.942929e-01 2.295395e+03 1.981266e+03 
1.973131e-01 2.270482e+03 1.925840e+03 
2.003333e-01 2.239281e+03 1.872567e+03 
2.033535e-01 2.200425e+03 1.821339e+03 
2.063737e-01 2.153475e+03 1.772058e+03 
2.093939e-01 2.099034e+03 1.724629e+03 
2.124141e-01 2.038266e+03 1.678963e+03 
2.154343e-01 1.972896e+03 1.634978e+03 
2.184545e-01 1.904838e+03 1.592595e+03 
2.214747e-01 1.836127e+03 1.551740e+03 
2.244949e-01 1.768806e+03 1.512342e+03 
2.275152e-01 1.704829e+03 1.474335e+03 
2.305354e-01 1.645769e+03 1.437657e+03 
2.335556e-01 1.592816e+03 1.402249e+03 
2.365758e-01 1.546594e+03 1.368054e+03 
2.395960e-01 1.507259e+03 1.335021e+03 
2.426162e-01 1.474527e+03 1.303097e+03 
2.456364e-01 1.447699e+03 1.272237e+03 
2.486566e-01 1.425823e+03 1.242395e+03 
2.516768e-01 1.407733e+03 1.213527e+03 
2.546970e-01 1.392175e+03 1.185594e+03 
2.577172e-01 1.377827e+03 1.158557e+03 
2.607374e-01 1.363465e+03 1.132379e+03 
2.637576e-01 1.347995e+03 1.107026e+03 
2.667778e-01 1.330612e+03 1.082464e+03 
2.697980e-01 1.310750e+03 1.058661e+03 
2.728182e-01 1.288203e+03 1.035588e+03 
2.758384e-01 1.263026e+03 1.013217e+03 
2.788586e-01 1.235551e+03 9.915195e+02 
2.818788e-01 1.206276e+03 9.704701e+02 
2.848990e-01 1.175822e+03 9.500440e+02 
2.879192e-01 1.144924e+03 9.302178e+02 
2.909394e-01 1.114330e+03 9.109688e+02 
2.939596e-01 1.084719e+03 8.922756e+02 
2.969798e-01 1.056692e+03 8.741177e+02 
3.000000e-01 1.030757e+03 8.564755e+02 
