1.000000e-03 2.872760e+03 2.872730e+03 
4.020202e-03 9.583969e+03 9.658245e+03 
7.040404e-03 1.401540e+04 1.409806e+04 
1.006061e-02 1.678718e+04 1.683173e+04 
1.308081e-02 1.835183e+04 1.833815e+04 
1.610101e-02 1.903274e+04 1.893725e+04 
1.912121e-02 1.907605e+04 1.888582e+04 
2.214141e-02 1.867593e+04 1.842210e+04 
2.516162e-02 1.798935e+04 1.774281e+04 
2.818182e-02 1.714157e+04 1.697724e+04 
3.120202e-02 1.622882e+04 1.619445e+04 
3.422222e-02 1.532092e+04 1.542631e+04 
3.724242e-02 1.446454e+04 1.468608e+04 
4.026263e-02 1.368758e+04 1.397881e+04 
4.328283e-02 1.299163e+04 1.330604e+04 
4.630303e-02 1.238368e+04 1.266780e+04 
4.932323e-02 1.186644e+04 1.206343e+04 
5.234343e-02 1.140982e+04 1.149187e+04 
5.536364e-02 1.099256e+04 1.095186e+04 
5.838384e-02 1.060235e+04 1.044201e+04 
6.140404e-02 1.022682e+04 9.960850e+03 
6.442424e-02 9.854340e+03 9.506882e+03 
6.744444e-02 9.475619e+03 9.078614e+03 
7.046465e-02 9.086889e+03 8.674575e+03 
7.348485e-02 8.689150e+03 8.293336e+03 
7.650505e-02 8.287368e+03 7.933521e+03 
7.952525e-02 7.889659e+03 7.593813e+03 
8.254545e-02 7.504469e+03 7.272964e+03 
8.556566e-02 7.139325e+03 6.969791e+03 
8.858586e-02 6.799294e+03 6.683181e+03 
9.160606e-02 6.487653e+03 6.412089e+03 
9.462626e-02 6.206310e+03 6.155535e+03 
9.764646e-02 5.956289e+03 5.912601e+03 
1.006667e-01 5.736934e+03 5.682431e+03 
1.036869e-01 5.545956e+03 5.464226e+03 
1.067071e-01 5.378905e+03 5.257241e+03 
1.097273e-01 5.229782e+03 5.060780e+03 
1.127475e-01 5.092235e+03 4.874197e+03 
1.157677e-01 4.960052e+03 4.696889e+03 
1.187879e-01 4.828956e+03 4.528293e+03 
1.218081e-01 4.695805e+03 4.367887e+03 
1.248283e-01 4.559268e+03 4.215183e+03 
1.278485e-01 4.418884e+03 4.069727e+03 
1.308687e-01 4.275364e+03 3.931094e+03 
1.338889e-01 4.130006e+03 3.798889e+03 
1.369091e-01 3.984868e+03 3.672745e+03 
1.399293e-01 3.842186e+03 3.552316e+03 
1.429495e-01 3.704299e+03 3.437281e+03 
1.459697e-01 3.573194e+03 3.327340e+03 
1.489899e-01 3.450434e+03 3.222212e+03 
1.520101e-01 3.337008e+03 3.121635e+03 
1.550303e-01 3.233419e+03 3.025361e+03 
1.580505e-01 3.139635e+03 2.933162e+03 
1.610707e-01 3.055223e+03 2.844822e+03 
1.640909e-01 2.979035e+03 2.760138e+03 
1.671111e-01 2.909561e+03 2.678920e+03 
1.701313e-01 2.844983e+03 2.600991e+03 
1.731515e-01 2.783489e+03 2.526184e+03 
1.761717e-01 2.723600e+03 2.454340e+03 
1.791919e-01 2.664117e+03 2.385314e+03 
1.822121e-01 2.604338e+03 2.318964e+03 
1.852323e-01 2.543814e+03 2.255162e+03 
1.882525e-01 2.482414e+03 2.193783e+03 
1.912727e-01 2.420226e+03 2.134712e+03 
1.942929e-01 2.357581e+03 2.077838e+03 
1.973131e-01 2.295064e+03 2.023059e+03 
2.003333e-01 2.233469e+03 1.970278e+03 
2.033535e-01 2.173572e+03 1.919402e+03 
2.063737e-01 2.116099e+03 1.870344e+03 
2.093939e-01 2.061495e+03 1.823023e+03 
2.124141e-01 2.010033e+03 1.777360e+03 
2.154343e-01 1.961772e+03 1.733281e+03 
2.184545e-01 1.916664e+03 1.690718e+03 
2.214747e-01 1.874544e+03 1.649604e+03 
2.244949e-01 1.835154e+03 1.609876e+03 
2.275152e-01 1.798071e+03 1.571476e+03 
2.305354e-01 1.762827e+03 1.534347e+03 
2.335556e-01 1.728917e+03 1.498435e+03 
2.365758e-01 1.695911e+03 1.463691e+03 
2.395960e-01 1.663484e+03 1.430065e+03 
2.426162e-01 1.631404e+03 1.397513e+03 
2.456364e-01 1.599524e+03 1.365990e+03 
2.486566e-01 1.567764e+03 1.335455e+03 
2.516768e-01 1.536101e+03 1.305869e+03 
2.546970e-01 1.504568e+03 1.277194e+03 
2.577172e-01 1.473251e+03 1.249395e+03 
2.607374e-01 1.442346e+03 1.222438e+03 
2.637576e-01 1.412092e+03 1.196290e+03 
2.667778e-01 1.382724e+03 1.170920e+03 
2.697980e-01 1.354437e+03 1.146299e+03 
2.728182e-01 1.327312e+03 1.122398e+03 
2.758384e-01 1.301367e+03 1.099191e+03 
2.788586e-01 1.276535e+03 1.076653e+03 
2.818788e-01 1.252743e+03 1.054758e+03 
2.848990e-01 1.229919e+03 1.033483e+03 
2.879192e-01 1.207991e+03 1.012806e+03 
2.909394e-01 1.186878e+03 9.927060e+02 
2.939596e-01 1.166476e+03 9.731614e+02 
2.969798e-01 1.146658e+03 9.541531e+02 
3.000000e-01 1.127292e+03 9.356624e+02 
