1.000000e-03 3.148798e+03 3.148768e+03 
4.020202e-03 1.058722e+04 1.066999e+04 
7.040404e-03 1.546576e+04 1.555903e+04 
1.006061e-02 1.847002e+04 1.852712e+04 
1.308081e-02 2.011278e+04 2.011453e+04 
1.610101e-02 2.076256e+04 2.067952e+04 
1.912121e-02 2.069979e+04 2.051259e+04 
2.214141e-02 2.014765e+04 1.988938e+04 
2.516162e-02 1.928622e+04 1.904014e+04 
2.818182e-02 1.825923e+04 1.811505e+04 
3.120202e-02 1.717659e+04 1.719164e+04 
3.422222e-02 1.611698e+04 1.630269e+04 
3.724242e-02 1.513271e+04 1.545939e+04 
4.026263e-02 1.425194e+04 1.466395e+04 
4.328283e-02 1.347419e+04 1.391534e+04 
4.630303e-02 1.281132e+04 1.321142e+04 
4.932323e-02 1.225693e+04 1.254980e+04 
5.234343e-02 1.177395e+04 1.192807e+04 
5.536364e-02 1.134182e+04 1.134387e+04 
5.838384e-02 1.094307e+04 1.079494e+04 
6.140404e-02 1.055758e+04 1.027909e+04 
6.442424e-02 1.017184e+04 9.794246e+03 
6.744444e-02 9.776992e+03 9.338413e+03 
7.046465e-02 9.368314e+03 8.909708e+03 
7.348485e-02 8.946834e+03 8.506349e+03 
7.650505e-02 8.517896e+03 8.126656e+03 
7.952525e-02 8.090157e+03 7.769056e+03 
8.254545e-02 7.673421e+03 7.432072e+03 
8.556566e-02 7.276587e+03 7.114328e+03 
8.858586e-02 6.906758e+03 6.814540e+03 
9.160606e-02 6.568984e+03 6.531513e+03 
9.462626e-02 6.266698e+03 6.264136e+03 
9.764646e-02 6.001530e+03 6.011375e+03 
1.006667e-01 5.772323e+03 5.772274e+03 
1.036869e-01 5.576201e+03 5.545942e+03 
1.067071e-01 5.407451e+03 5.331553e+03 
1.097273e-01 5.259389e+03 5.128343e+03 
1.127475e-01 5.124466e+03 4.935600e+03 
1.157677e-01 4.996069e+03 4.752666e+03 
1.187879e-01 4.869097e+03 4.578927e+03 
1.218081e-01 4.739702e+03 4.413816e+03 
1.248283e-01 4.605288e+03 4.256804e+03 
1.278485e-01 4.464913e+03 4.107400e+03 
1.308687e-01 4.318898e+03 3.965149e+03 
1.338889e-01 4.168913e+03 3.829626e+03 
1.369091e-01 4.017379e+03 3.700435e+03 
1.399293e-01 3.867353e+03 3.577209e+03 
1.429495e-01 3.721880e+03 3.459604e+03 
1.459697e-01 3.583263e+03 3.347300e+03 
1.489899e-01 3.453397e+03 3.240000e+03 
1.520101e-01 3.333588e+03 3.137424e+03 
1.550303e-01 3.224728e+03 3.039311e+03 
1.580505e-01 3.127158e+03 2.945419e+03 
1.610707e-01 3.040552e+03 2.855520e+03 
1.640909e-01 2.963853e+03 2.769400e+03 
1.671111e-01 2.895278e+03 2.686861e+03 
1.701313e-01 2.832519e+03 2.607714e+03 
1.731515e-01 2.773411e+03 2.531784e+03 
1.761717e-01 2.715975e+03 2.458907e+03 
1.791919e-01 2.658858e+03 2.388928e+03 
1.822121e-01 2.601063e+03 2.321701e+03 
1.852323e-01 2.542086e+03 2.257090e+03 
1.882525e-01 2.481640e+03 2.194967e+03 
1.912727e-01 2.419682e+03 2.135210e+03 
1.942929e-01 2.356457e+03 2.077706e+03 
1.973131e-01 2.292653e+03 2.022347e+03 
2.003333e-01 2.229149e+03 1.969031e+03 
2.033535e-01 2.166993e+03 1.917665e+03 
2.063737e-01 2.107114e+03 1.868156e+03 
2.093939e-01 2.050291e+03 1.820420e+03 
2.124141e-01 1.996938e+03 1.774377e+03 
2.154343e-01 1.947214e+03 1.729951e+03 
2.184545e-01 1.901082e+03 1.687069e+03 
2.214747e-01 1.858386e+03 1.645663e+03 
2.244949e-01 1.818790e+03 1.605669e+03 
2.275152e-01 1.781880e+03 1.567026e+03 
2.305354e-01 1.747168e+03 1.529676e+03 
2.335556e-01 1.714136e+03 1.493563e+03 
2.365758e-01 1.682235e+03 1.458636e+03 
2.395960e-01 1.650986e+03 1.424846e+03 
2.426162e-01 1.620018e+03 1.392144e+03 
2.456364e-01 1.589046e+03 1.360487e+03 
2.486566e-01 1.557879e+03 1.329832e+03 
2.516768e-01 1.526477e+03 1.300139e+03 
2.546970e-01 1.494923e+03 1.271369e+03 
2.577172e-01 1.463401e+03 1.243486e+03 
2.607374e-01 1.432156e+03 1.216455e+03 
2.637576e-01 1.401464e+03 1.190243e+03 
2.667778e-01 1.371595e+03 1.164818e+03 
2.697980e-01 1.342737e+03 1.140150e+03 
2.728182e-01 1.315032e+03 1.116210e+03 
2.758384e-01 1.288541e+03 1.092971e+03 
2.788586e-01 1.263293e+03 1.070407e+03 
2.818788e-01 1.239281e+03 1.048492e+03 
2.848990e-01 1.216451e+03 1.027204e+03 
2.879192e-01 1.194697e+03 1.006518e+03 
2.909394e-01 1.173880e+03 9.864139e+02 
2.939596e-01 1.153836e+03 9.668700e+02 
2.969798e-01 1.134399e+03 9.478667e+02 
3.000000e-01 1.115410e+03 9.293847e+02 
