1.000000e-03 2.825198e+03 2.825169e+03 
4.020202e-03 9.523152e+03 9.596456e+03 
7.040404e-03 1.398431e+04 1.406650e+04 
1.006061e-02 1.679114e+04 1.683749e+04 
1.308081e-02 1.838335e+04 1.837491e+04 
1.610101e-02 1.908145e+04 1.899256e+04 
1.912121e-02 1.913052e+04 1.894670e+04 
2.214141e-02 1.872780e+04 1.847962e+04 
2.516162e-02 1.803238e+04 1.779328e+04 
2.818182e-02 1.717317e+04 1.702054e+04 
3.120202e-02 1.624836e+04 1.623196e+04 
3.422222e-02 1.533001e+04 1.545963e+04 
3.724242e-02 1.446625e+04 1.471655e+04 
4.026263e-02 1.368452e+04 1.400740e+04 
4.328283e-02 1.298605e+04 1.333342e+04 
4.630303e-02 1.238252e+04 1.269441e+04 
4.932323e-02 1.187080e+04 1.208953e+04 
5.234343e-02 1.141967e+04 1.151763e+04 
5.536364e-02 1.100894e+04 1.097736e+04 
5.838384e-02 1.062471e+04 1.046730e+04 
6.140404e-02 1.025505e+04 9.985950e+03 
6.442424e-02 9.886789e+03 9.531792e+03 
6.744444e-02 9.510119e+03 9.103323e+03 
7.046465e-02 9.121130e+03 8.699070e+03 
7.348485e-02 8.721203e+03 8.317599e+03 
7.650505e-02 8.315773e+03 7.957535e+03 
7.952525e-02 7.913459e+03 7.617563e+03 
8.254545e-02 7.523512e+03 7.296435e+03 
8.556566e-02 7.153768e+03 6.992970e+03 
8.858586e-02 6.809734e+03 6.706058e+03 
9.160606e-02 6.494869e+03 6.434654e+03 
9.462626e-02 6.211444e+03 6.177780e+03 
9.764646e-02 5.960614e+03 5.934521e+03 
1.006667e-01 5.741570e+03 5.704022e+03 
1.036869e-01 5.552072e+03 5.485486e+03 
1.067071e-01 5.387141e+03 5.278167e+03 
1.097273e-01 5.240732e+03 5.081373e+03 
1.127475e-01 5.105740e+03 4.894457e+03 
1.157677e-01 4.975938e+03 4.716817e+03 
1.187879e-01 4.846728e+03 4.547892e+03 
1.218081e-01 4.714967e+03 4.387159e+03 
1.248283e-01 4.579012e+03 4.234131e+03 
1.278485e-01 4.438560e+03 4.088354e+03 
1.308687e-01 4.294338e+03 3.949405e+03 
1.338889e-01 4.147853e+03 3.816889e+03 
1.369091e-01 4.001093e+03 3.690437e+03 
1.399293e-01 3.856542e+03 3.569706e+03 
1.429495e-01 3.716761e+03 3.454374e+03 
1.459697e-01 3.583910e+03 3.344141e+03 
1.489899e-01 3.459754e+03 3.238725e+03 
1.520101e-01 3.345295e+03 3.137866e+03 
1.550303e-01 3.241130e+03 3.041316e+03 
1.580505e-01 3.147339e+03 2.948845e+03 
1.610707e-01 3.063360e+03 2.860239e+03 
1.640909e-01 2.987899e+03 2.775293e+03 
1.671111e-01 2.919311e+03 2.693820e+03 
1.701313e-01 2.855689e+03 2.615640e+03 
1.731515e-01 2.795185e+03 2.540587e+03 
1.761717e-01 2.736074e+03 2.468503e+03 
1.791919e-01 2.677256e+03 2.399241e+03 
1.822121e-01 2.617945e+03 2.332661e+03 
1.852323e-01 2.557658e+03 2.268633e+03 
1.882525e-01 2.496137e+03 2.207033e+03 
1.912727e-01 2.433531e+03 2.147745e+03 
1.942929e-01 2.370231e+03 2.090660e+03 
1.973131e-01 2.306961e+03 2.035674e+03 
2.003333e-01 2.244545e+03 1.982689e+03 
2.033535e-01 2.183884e+03 1.931614e+03 
2.063737e-01 2.125709e+03 1.882362e+03 
2.093939e-01 2.070562e+03 1.834850e+03 
2.124141e-01 2.018693e+03 1.789001e+03 
2.154343e-01 1.970152e+03 1.744740e+03 
2.184545e-01 1.924901e+03 1.701998e+03 
2.214747e-01 1.882819e+03 1.660709e+03 
2.244949e-01 1.843583e+03 1.620810e+03 
2.275152e-01 1.806770e+03 1.582242e+03 
2.305354e-01 1.771838e+03 1.544949e+03 
2.335556e-01 1.738253e+03 1.508877e+03 
2.365758e-01 1.705552e+03 1.473975e+03 
2.395960e-01 1.673357e+03 1.440195e+03 
2.426162e-01 1.641411e+03 1.407492e+03 
2.456364e-01 1.609559e+03 1.375821e+03 
2.486566e-01 1.577741e+03 1.345142e+03 
2.516768e-01 1.545930e+03 1.315414e+03 
2.546970e-01 1.514142e+03 1.286600e+03 
2.577172e-01 1.482519e+03 1.258665e+03 
2.607374e-01 1.451284e+03 1.231574e+03 
2.637576e-01 1.420700e+03 1.205295e+03 
2.667778e-01 1.391026e+03 1.179797e+03 
2.697980e-01 1.362462e+03 1.155051e+03 
2.728182e-01 1.335131e+03 1.131027e+03 
2.758384e-01 1.309019e+03 1.107700e+03 
2.788586e-01 1.284072e+03 1.085043e+03 
2.818788e-01 1.260215e+03 1.063032e+03 
2.848990e-01 1.237373e+03 1.041644e+03 
2.879192e-01 1.215476e+03 1.020855e+03 
2.909394e-01 1.194424e+03 1.000646e+03 
2.939596e-01 1.174092e+03 9.809937e+02 
2.969798e-01 1.154338e+03 9.618803e+02 
3.000000e-01 1.135018e+03 9.432863e+02 
