1.000000e-03 4.367372e+03 4.367332e+03 
4.020202e-03 1.463524e+04 1.475021e+04 
7.040404e-03 2.134718e+04 2.149787e+04 
1.006061e-02 2.542188e+04 2.558287e+04 
1.308081e-02 2.753907e+04 2.771227e+04 
1.610101e-02 2.819640e+04 2.832157e+04 
1.912121e-02 2.778514e+04 2.776001e+04 
2.214141e-02 2.663050e+04 2.641639e+04 
2.516162e-02 2.500830e+04 2.469025e+04 
2.818182e-02 2.314547e+04 2.288910e+04 
3.120202e-02 2.122203e+04 2.118381e+04 
3.422222e-02 1.937115e+04 1.963839e+04 
3.724242e-02 1.768095e+04 1.825921e+04 
4.026263e-02 1.620381e+04 1.703006e+04 
4.328283e-02 1.495445e+04 1.592960e+04 
4.630303e-02 1.392496e+04 1.493803e+04 
4.932323e-02 1.311535e+04 1.403892e+04 
5.234343e-02 1.248857e+04 1.321908e+04 
5.536364e-02 1.199547e+04 1.246802e+04 
5.838384e-02 1.160390e+04 1.177727e+04 
6.140404e-02 1.127332e+04 1.113996e+04 
6.442424e-02 1.096696e+04 1.055035e+04 
6.744444e-02 1.065800e+04 1.000362e+04 
7.046465e-02 1.032457e+04 9.495641e+03 
7.348485e-02 9.952241e+03 9.022821e+03 
7.650505e-02 9.534956e+03 8.582030e+03 
7.952525e-02 9.075603e+03 8.170499e+03 
8.254545e-02 8.584390e+03 7.785767e+03 
8.556566e-02 8.076075e+03 7.425634e+03 
8.858586e-02 7.567598e+03 7.088126e+03 
9.160606e-02 7.075463e+03 6.771461e+03 
9.462626e-02 6.614252e+03 6.474031e+03 
9.764646e-02 6.196381e+03 6.194376e+03 
1.006667e-01 5.829942e+03 5.931170e+03 
1.036869e-01 5.519627e+03 5.683204e+03 
1.067071e-01 5.265074e+03 5.449379e+03 
1.097273e-01 5.062982e+03 5.228686e+03 
1.127475e-01 4.906473e+03 5.020204e+03 
1.157677e-01 4.787158e+03 4.823090e+03 
1.187879e-01 4.695361e+03 4.636567e+03 
1.218081e-01 4.621254e+03 4.459924e+03 
1.248283e-01 4.555085e+03 4.292506e+03 
1.278485e-01 4.487982e+03 4.133708e+03 
1.308687e-01 4.412147e+03 3.982975e+03 
1.338889e-01 4.322251e+03 3.839792e+03 
1.369091e-01 4.215111e+03 3.703684e+03 
1.399293e-01 4.090503e+03 3.574213e+03 
1.429495e-01 3.950054e+03 3.450971e+03 
1.459697e-01 3.797006e+03 3.333582e+03 
1.489899e-01 3.635628e+03 3.221695e+03 
1.520101e-01 3.470784e+03 3.114986e+03 
1.550303e-01 3.307651e+03 3.013153e+03 
1.580505e-01 3.151346e+03 2.915914e+03 
1.610707e-01 3.006575e+03 2.823009e+03 
1.640909e-01 2.876950e+03 2.734193e+03 
1.671111e-01 2.764626e+03 2.649239e+03 
1.701313e-01 2.670090e+03 2.567935e+03 
1.731515e-01 2.592525e+03 2.490083e+03 
1.761717e-01 2.529984e+03 2.415497e+03 
1.791919e-01 2.480008e+03 2.344005e+03 
1.822121e-01 2.439867e+03 2.275443e+03 
1.852323e-01 2.406721e+03 2.209659e+03 
1.882525e-01 2.377644e+03 2.146511e+03 
1.912727e-01 2.349686e+03 2.085866e+03 
1.942929e-01 2.319949e+03 2.027596e+03 
1.973131e-01 2.286091e+03 1.971585e+03 
2.003333e-01 2.246320e+03 1.917721e+03 
2.033535e-01 2.200003e+03 1.865900e+03 
2.063737e-01 2.147227e+03 1.816023e+03 
2.093939e-01 2.088992e+03 1.767998e+03 
2.124141e-01 2.026671e+03 1.721738e+03 
2.154343e-01 1.961941e+03 1.677159e+03 
2.184545e-01 1.896511e+03 1.634185e+03 
2.214747e-01 1.832083e+03 1.592742e+03 
2.244949e-01 1.770212e+03 1.552760e+03 
2.275152e-01 1.712295e+03 1.514175e+03 
2.305354e-01 1.659401e+03 1.476923e+03 
2.335556e-01 1.612256e+03 1.440947e+03 
2.365758e-01 1.571110e+03 1.406190e+03 
2.395960e-01 1.535812e+03 1.372600e+03 
2.426162e-01 1.505860e+03 1.340128e+03 
2.456364e-01 1.480449e+03 1.308725e+03 
2.486566e-01 1.458607e+03 1.278348e+03 
2.516768e-01 1.439259e+03 1.248952e+03 
2.546970e-01 1.421316e+03 1.220499e+03 
2.577172e-01 1.403728e+03 1.192948e+03 
2.607374e-01 1.385566e+03 1.166265e+03 
2.637576e-01 1.366065e+03 1.140413e+03 
2.667778e-01 1.344738e+03 1.115361e+03 
2.697980e-01 1.321324e+03 1.091075e+03 
2.728182e-01 1.295871e+03 1.067527e+03 
2.758384e-01 1.268605e+03 1.044688e+03 
2.788586e-01 1.239972e+03 1.022531e+03 
2.818788e-01 1.210488e+03 1.001029e+03 
2.848990e-01 1.180726e+03 9.801582e+02 
2.879192e-01 1.151267e+03 9.598945e+02 
2.909394e-01 1.122678e+03 9.402154e+02 
2.939596e-01 1.095436e+03 9.210993e+02 
2.969798e-01 1.069938e+03 9.025259e+02 
3.000000e-01 1.046455e+03 8.844752e+02 
