1.000000e-03 3.845812e+03 3.845779e+03 
4.020202e-03 1.297606e+04 1.307702e+04 
7.040404e-03 1.900078e+04 1.912947e+04 
1.006061e-02 2.270250e+04 2.282919e+04 
1.308081e-02 2.467527e+04 2.479494e+04 
1.610101e-02 2.535684e+04 2.541834e+04 
1.912121e-02 2.509384e+04 2.502114e+04 
2.214141e-02 2.417271e+04 2.395370e+04 
2.516162e-02 2.283530e+04 2.255945e+04 
2.818182e-02 2.128028e+04 2.109094e+04 
3.120202e-02 1.966418e+04 1.968425e+04 
3.422222e-02 1.810240e+04 1.839058e+04 
3.724242e-02 1.667119e+04 1.721729e+04 
4.026263e-02 1.541571e+04 1.615477e+04 
4.328283e-02 1.434862e+04 1.518928e+04 
4.630303e-02 1.346238e+04 1.430781e+04 
4.932323e-02 1.275681e+04 1.349932e+04 
5.234343e-02 1.219825e+04 1.275483e+04 
5.536364e-02 1.174226e+04 1.206700e+04 
5.838384e-02 1.136328e+04 1.142980e+04 
6.140404e-02 1.102718e+04 1.083817e+04 
6.442424e-02 1.070258e+04 1.028781e+04 
6.744444e-02 1.036805e+04 9.774992e+03 
7.046465e-02 1.000720e+04 9.296467e+03 
7.348485e-02 9.611253e+03 8.849351e+03 
7.650505e-02 9.179490e+03 8.431074e+03 
7.952525e-02 8.718554e+03 8.039329e+03 
8.254545e-02 8.240133e+03 7.672039e+03 
8.556566e-02 7.758418e+03 7.327322e+03 
8.858586e-02 7.287950e+03 7.003468e+03 
9.160606e-02 6.841929e+03 6.698922e+03 
9.462626e-02 6.431419e+03 6.412268e+03 
9.764646e-02 6.065325e+03 6.142207e+03 
1.006667e-01 5.748858e+03 5.887557e+03 
1.036869e-01 5.484107e+03 5.647229e+03 
1.067071e-01 5.268279e+03 5.420227e+03 
1.097273e-01 5.096025e+03 5.205636e+03 
1.127475e-01 4.959380e+03 5.002615e+03 
1.157677e-01 4.849504e+03 4.810390e+03 
1.187879e-01 4.756985e+03 4.628245e+03 
1.218081e-01 4.673113e+03 4.455524e+03 
1.248283e-01 4.589949e+03 4.291618e+03 
1.278485e-01 4.500862e+03 4.135967e+03 
1.308687e-01 4.400518e+03 3.988051e+03 
1.338889e-01 4.286246e+03 3.847390e+03 
1.369091e-01 4.157258e+03 3.713538e+03 
1.399293e-01 4.015204e+03 3.586083e+03 
1.429495e-01 3.863118e+03 3.464640e+03 
1.459697e-01 3.705186e+03 3.348855e+03 
1.489899e-01 3.545768e+03 3.238396e+03 
1.520101e-01 3.389275e+03 3.132956e+03 
1.550303e-01 3.239959e+03 3.032247e+03 
1.580505e-01 3.101653e+03 2.936002e+03 
1.610707e-01 2.977267e+03 2.843973e+03 
1.640909e-01 2.868625e+03 2.755926e+03 
1.671111e-01 2.776230e+03 2.671644e+03 
1.701313e-01 2.699205e+03 2.590924e+03 
1.731515e-01 2.635658e+03 2.513577e+03 
1.761717e-01 2.583056e+03 2.439423e+03 
1.791919e-01 2.538626e+03 2.368296e+03 
1.822121e-01 2.499583e+03 2.300041e+03 
1.852323e-01 2.463260e+03 2.234510e+03 
1.882525e-01 2.427196e+03 2.171566e+03 
1.912727e-01 2.389207e+03 2.111079e+03 
1.942929e-01 2.347424e+03 2.052928e+03 
1.973131e-01 2.300729e+03 1.996999e+03 
2.003333e-01 2.248601e+03 1.943184e+03 
2.033535e-01 2.191492e+03 1.891382e+03 
2.063737e-01 2.130360e+03 1.841497e+03 
2.093939e-01 2.066711e+03 1.793439e+03 
2.124141e-01 2.002129e+03 1.747124e+03 
2.154343e-01 1.938192e+03 1.702470e+03 
2.184545e-01 1.876333e+03 1.659403e+03 
2.214747e-01 1.817826e+03 1.617850e+03 
2.244949e-01 1.763597e+03 1.577745e+03 
2.275152e-01 1.714330e+03 1.539022e+03 
2.305354e-01 1.670352e+03 1.501621e+03 
2.335556e-01 1.631674e+03 1.465485e+03 
2.365758e-01 1.597919e+03 1.430560e+03 
2.395960e-01 1.568478e+03 1.396793e+03 
2.426162e-01 1.542562e+03 1.364136e+03 
2.456364e-01 1.519218e+03 1.332543e+03 
2.486566e-01 1.497442e+03 1.301968e+03 
2.516768e-01 1.476281e+03 1.272371e+03 
2.546970e-01 1.454878e+03 1.243712e+03 
2.577172e-01 1.432537e+03 1.215952e+03 
2.607374e-01 1.408808e+03 1.189056e+03 
2.637576e-01 1.383493e+03 1.162990e+03 
2.667778e-01 1.356624e+03 1.137720e+03 
2.697980e-01 1.328391e+03 1.113216e+03 
2.728182e-01 1.299158e+03 1.089449e+03 
2.758384e-01 1.269362e+03 1.066389e+03 
2.788586e-01 1.239501e+03 1.044010e+03 
2.818788e-01 1.210067e+03 1.022286e+03 
2.848990e-01 1.181529e+03 1.001194e+03 
2.879192e-01 1.154298e+03 9.807082e+02 
2.909394e-01 1.128723e+03 9.608081e+02 
2.939596e-01 1.104987e+03 9.414717e+02 
2.969798e-01 1.083171e+03 9.226787e+02 
3.000000e-01 1.063219e+03 9.044095e+02 
