1.000000e-03 5.739297e+03 5.739244e+03 
4.020202e-03 1.897408e+04 1.912380e+04 
7.040404e-03 2.742260e+04 2.762628e+04 
1.006061e-02 3.238215e+04 3.263051e+04 
1.308081e-02 3.477207e+04 3.508271e+04 
1.610101e-02 3.525643e+04 3.553889e+04 
1.912121e-02 3.435840e+04 3.443996e+04 
2.214141e-02 3.251508e+04 3.230227e+04 
2.516162e-02 3.009736e+04 2.968444e+04 
2.818182e-02 2.741199e+04 2.702956e+04 
3.120202e-02 2.469989e+04 2.458307e+04 
3.422222e-02 2.213561e+04 2.242829e+04 
3.724242e-02 1.983226e+04 2.056053e+04 
4.026263e-02 1.785293e+04 1.894221e+04 
4.328283e-02 1.620482e+04 1.753059e+04 
4.630303e-02 1.488160e+04 1.628803e+04 
4.932323e-02 1.387326e+04 1.518426e+04 
5.234343e-02 1.311792e+04 1.419572e+04 
5.536364e-02 1.255980e+04 1.330415e+04 
5.838384e-02 1.214913e+04 1.249529e+04 
6.140404e-02 1.182817e+04 1.175787e+04 
6.442424e-02 1.155166e+04 1.108282e+04 
6.744444e-02 1.128105e+04 1.046271e+04 
7.046465e-02 1.098266e+04 9.891372e+03 
7.348485e-02 1.063232e+04 9.363603e+03 
7.650505e-02 1.021660e+04 8.874965e+03 
7.952525e-02 9.733884e+03 8.421627e+03 
8.254545e-02 9.194508e+03 8.000257e+03 
8.556566e-02 8.616894e+03 7.607934e+03 
8.858586e-02 8.023555e+03 7.242080e+03 
9.160606e-02 7.437952e+03 6.900406e+03 
9.462626e-02 6.881525e+03 6.580873e+03 
9.764646e-02 6.372072e+03 6.281657e+03 
1.006667e-01 5.922730e+03 6.001118e+03 
1.036869e-01 5.540965e+03 5.737779e+03 
1.067071e-01 5.229695e+03 5.490306e+03 
1.097273e-01 4.986157e+03 5.257493e+03 
1.127475e-01 4.804465e+03 5.038241e+03 
1.157677e-01 4.675511e+03 4.831555e+03 
1.187879e-01 4.588500e+03 4.636524e+03 
1.218081e-01 4.531233e+03 4.452322e+03 
1.248283e-01 4.491081e+03 4.278188e+03 
1.278485e-01 4.455593e+03 4.113429e+03 
1.308687e-01 4.413926e+03 3.957408e+03 
1.338889e-01 4.357170e+03 3.809540e+03 
1.369091e-01 4.279452e+03 3.669287e+03 
1.399293e-01 4.177644e+03 3.536154e+03 
1.429495e-01 4.051223e+03 3.409686e+03 
1.459697e-01 3.902317e+03 3.289459e+03 
1.489899e-01 3.734866e+03 3.175086e+03 
1.520101e-01 3.554913e+03 3.066205e+03 
1.550303e-01 3.369509e+03 2.962484e+03 
1.580505e-01 3.186542e+03 2.863613e+03 
1.610707e-01 3.013108e+03 2.769305e+03 
1.640909e-01 2.855227e+03 2.679293e+03 
1.671111e-01 2.716533e+03 2.593330e+03 
1.701313e-01 2.599051e+03 2.511186e+03 
1.731515e-01 2.502802e+03 2.432644e+03 
1.761717e-01 2.426816e+03 2.357505e+03 
1.791919e-01 2.369197e+03 2.285582e+03 
1.822121e-01 2.327449e+03 2.216701e+03 
1.852323e-01 2.298561e+03 2.150698e+03 
1.882525e-01 2.278757e+03 2.087420e+03 
1.912727e-01 2.263912e+03 2.026726e+03 
1.942929e-01 2.249713e+03 1.968480e+03 
1.973131e-01 2.232331e+03 1.912558e+03 
2.003333e-01 2.208694e+03 1.858841e+03 
2.033535e-01 2.176942e+03 1.807220e+03 
2.063737e-01 2.136167e+03 1.757589e+03 
2.093939e-01 2.086533e+03 1.709853e+03 
2.124141e-01 2.028827e+03 1.663918e+03 
2.154343e-01 1.964527e+03 1.619699e+03 
2.184545e-01 1.895562e+03 1.577113e+03 
2.214747e-01 1.824264e+03 1.536084e+03 
2.244949e-01 1.753096e+03 1.496540e+03 
2.275152e-01 1.684484e+03 1.458411e+03 
2.305354e-01 1.620466e+03 1.421635e+03 
2.335556e-01 1.562627e+03 1.386149e+03 
2.365758e-01 1.511868e+03 1.351895e+03 
2.395960e-01 1.468578e+03 1.318820e+03 
2.426162e-01 1.432685e+03 1.286872e+03 
2.456364e-01 1.403701e+03 1.256001e+03 
2.486566e-01 1.380848e+03 1.226162e+03 
2.516768e-01 1.362987e+03 1.197310e+03 
2.546970e-01 1.348786e+03 1.169404e+03 
2.577172e-01 1.336738e+03 1.142404e+03 
2.607374e-01 1.325363e+03 1.116272e+03 
2.637576e-01 1.313268e+03 1.090974e+03 
2.667778e-01 1.299412e+03 1.066475e+03 
2.697980e-01 1.283016e+03 1.042742e+03 
2.728182e-01 1.263679e+03 1.019746e+03 
2.758384e-01 1.241258e+03 9.974573e+02 
2.788586e-01 1.215888e+03 9.758476e+02 
2.818788e-01 1.187941e+03 9.548909e+02 
2.848990e-01 1.157974e+03 9.345618e+02 
2.879192e-01 1.126758e+03 9.148364e+02 
2.909394e-01 1.095154e+03 8.956917e+02 
2.939596e-01 1.064069e+03 8.771060e+02 
2.969798e-01 1.034308e+03 8.590584e+02 
3.000000e-01 1.006525e+03 8.415289e+02 
