1.000000e-03 2.117443e+03 2.117422e+03 
4.020202e-03 7.148956e+03 7.209825e+03 
7.040404e-03 1.050799e+04 1.057299e+04 
1.006061e-02 1.266280e+04 1.267430e+04 
1.308081e-02 1.396717e+04 1.389696e+04 
1.610101e-02 1.466882e+04 1.451008e+04 
1.912121e-02 1.494346e+04 1.470916e+04 
2.214141e-02 1.492008e+04 1.463759e+04 
2.516162e-02 1.469398e+04 1.439433e+04 
2.818182e-02 1.433612e+04 1.404383e+04 
3.120202e-02 1.389894e+04 1.362770e+04 
3.422222e-02 1.341926e+04 1.317335e+04 
3.724242e-02 1.292259e+04 1.269932e+04 
4.026263e-02 1.242535e+04 1.221838e+04 
4.328283e-02 1.193721e+04 1.173934e+04 
4.630303e-02 1.146216e+04 1.126826e+04 
4.932323e-02 1.100526e+04 1.080922e+04 
5.234343e-02 1.056795e+04 1.036488e+04 
5.536364e-02 1.014396e+04 9.936916e+03 
5.838384e-02 9.733282e+03 9.526234e+03 
6.140404e-02 9.340900e+03 9.133230e+03 
6.442424e-02 8.966673e+03 8.757922e+03 
6.744444e-02 8.607928e+03 8.400064e+03 
7.046465e-02 8.264183e+03 8.059227e+03 
7.348485e-02 7.936293e+03 7.734858e+03 
7.650505e-02 7.625482e+03 7.426327e+03 
7.952525e-02 7.333265e+03 7.132960e+03 
8.254545e-02 7.059716e+03 6.854058e+03 
8.556566e-02 6.802857e+03 6.588918e+03 
8.858586e-02 6.560533e+03 6.336844e+03 
9.160606e-02 6.330546e+03 6.097155e+03 
9.462626e-02 6.111152e+03 5.869192e+03 
9.764646e-02 5.902235e+03 5.652322e+03 
1.006667e-01 5.703888e+03 5.445938e+03 
1.036869e-01 5.515336e+03 5.249463e+03 
1.067071e-01 5.335482e+03 5.062349e+03 
1.097273e-01 5.163055e+03 4.884077e+03 
1.127475e-01 4.996736e+03 4.714157e+03 
1.157677e-01 4.836033e+03 4.552127e+03 
1.187879e-01 4.681178e+03 4.397550e+03 
1.218081e-01 4.532539e+03 4.250016e+03 
1.248283e-01 4.390621e+03 4.109140e+03 
1.278485e-01 4.255662e+03 3.974558e+03 
1.308687e-01 4.127324e+03 3.845930e+03 
1.338889e-01 4.005185e+03 3.722935e+03 
1.369091e-01 3.888788e+03 3.605271e+03 
1.399293e-01 3.777667e+03 3.492656e+03 
1.429495e-01 3.671355e+03 3.384824e+03 
1.459697e-01 3.569380e+03 3.281524e+03 
1.489899e-01 3.471361e+03 3.182522e+03 
1.520101e-01 3.377118e+03 3.087596e+03 
1.550303e-01 3.286494e+03 2.996540e+03 
1.580505e-01 3.199278e+03 2.909156e+03 
1.610707e-01 3.115205e+03 2.825261e+03 
1.640909e-01 3.034020e+03 2.744682e+03 
1.671111e-01 2.955596e+03 2.667255e+03 
1.701313e-01 2.879855e+03 2.592826e+03 
1.731515e-01 2.806746e+03 2.521251e+03 
1.761717e-01 2.736279e+03 2.452393e+03 
1.791919e-01 2.668474e+03 2.386121e+03 
1.822121e-01 2.603245e+03 2.322316e+03 
1.852323e-01 2.540370e+03 2.260861e+03 
1.882525e-01 2.479624e+03 2.201648e+03 
1.912727e-01 2.420915e+03 2.144574e+03 
1.942929e-01 2.364230e+03 2.089541e+03 
1.973131e-01 2.309536e+03 2.036459e+03 
2.003333e-01 2.256737e+03 1.985239e+03 
2.033535e-01 2.205719e+03 1.935801e+03 
2.063737e-01 2.156360e+03 1.888064e+03 
2.093939e-01 2.108526e+03 1.841956e+03 
2.124141e-01 2.062086e+03 1.797407e+03 
2.154343e-01 2.017000e+03 1.754349e+03 
2.184545e-01 1.973300e+03 1.712720e+03 
2.214747e-01 1.931004e+03 1.672460e+03 
2.244949e-01 1.890046e+03 1.633511e+03 
2.275152e-01 1.850326e+03 1.595821e+03 
2.305354e-01 1.811767e+03 1.559336e+03 
2.335556e-01 1.774332e+03 1.524009e+03 
2.365758e-01 1.737992e+03 1.489793e+03 
2.395960e-01 1.702722e+03 1.456644e+03 
2.426162e-01 1.668500e+03 1.424519e+03 
2.456364e-01 1.635301e+03 1.393378e+03 
2.486566e-01 1.603068e+03 1.363183e+03 
2.516768e-01 1.571729e+03 1.333897e+03 
2.546970e-01 1.541226e+03 1.305487e+03 
2.577172e-01 1.511539e+03 1.277917e+03 
2.607374e-01 1.482658e+03 1.251158e+03 
2.637576e-01 1.454567e+03 1.225178e+03 
2.667778e-01 1.427249e+03 1.199949e+03 
2.697980e-01 1.400682e+03 1.175443e+03 
2.728182e-01 1.374830e+03 1.151634e+03 
2.758384e-01 1.349644e+03 1.128497e+03 
2.788586e-01 1.325085e+03 1.106007e+03 
2.818788e-01 1.301140e+03 1.084141e+03 
2.848990e-01 1.277808e+03 1.062877e+03 
2.879192e-01 1.255081e+03 1.042195e+03 
2.909394e-01 1.232943e+03 1.022074e+03 
2.939596e-01 1.211376e+03 1.002494e+03 
2.969798e-01 1.190354e+03 9.834372e+02 
3.000000e-01 1.169843e+03 9.648856e+02 
