1.000000e-03 7.639001e+03 7.638915e+03 
4.020202e-03 2.514870e+04 2.534665e+04 
7.040404e-03 3.635266e+04 3.664124e+04 
1.006061e-02 4.292854e+04 4.333448e+04 
1.308081e-02 4.604715e+04 4.663486e+04 
1.610101e-02 4.655991e+04 4.721404e+04 
1.912121e-02 4.514996e+04 4.556663e+04 
2.214141e-02 4.240292e+04 4.231386e+04 
2.516162e-02 3.882882e+04 3.823262e+04 
2.818182e-02 3.485912e+04 3.403629e+04 
3.120202e-02 3.084072e+04 3.017903e+04 
3.422222e-02 2.703083e+04 2.684224e+04 
3.724242e-02 2.360066e+04 2.403291e+04 
4.026263e-02 2.064626e+04 2.168277e+04 
4.328283e-02 1.818563e+04 1.970692e+04 
4.630303e-02 1.621867e+04 1.802854e+04 
4.932323e-02 1.471927e+04 1.658571e+04 
5.234343e-02 1.361407e+04 1.533077e+04 
5.536364e-02 1.283447e+04 1.422760e+04 
5.838384e-02 1.231057e+04 1.324888e+04 
6.140404e-02 1.197100e+04 1.237371e+04 
6.442424e-02 1.175123e+04 1.158589e+04 
6.744444e-02 1.159351e+04 1.087270e+04 
7.046465e-02 1.144566e+04 1.022395e+04 
7.348485e-02 1.126170e+04 9.631389e+03 
7.650505e-02 1.100563e+04 9.088205e+03 
7.952525e-02 1.065531e+04 8.588727e+03 
8.254545e-02 1.020365e+04 8.128165e+03 
8.556566e-02 9.658572e+03 7.702434e+03 
8.858586e-02 9.040351e+03 7.308021e+03 
9.160606e-02 8.376430e+03 6.941877e+03 
9.462626e-02 7.697396e+03 6.601339e+03 
9.764646e-02 7.033163e+03 6.284070e+03 
1.006667e-01 6.410742e+03 5.988002e+03 
1.036869e-01 5.850686e+03 5.711303e+03 
1.067071e-01 5.366990e+03 5.452338e+03 
1.097273e-01 4.966960e+03 5.209647e+03 
1.127475e-01 4.651335e+03 4.981917e+03 
1.157677e-01 4.416596e+03 4.767967e+03 
1.187879e-01 4.255048e+03 4.566734e+03 
1.218081e-01 4.156685e+03 4.377250e+03 
1.248283e-01 4.109336e+03 4.198643e+03 
1.278485e-01 4.099401e+03 4.030117e+03 
1.308687e-01 4.112477e+03 3.870948e+03 
1.338889e-01 4.134270e+03 3.720475e+03 
1.369091e-01 4.151328e+03 3.578094e+03 
1.399293e-01 4.151865e+03 3.443253e+03 
1.429495e-01 4.126651e+03 3.315443e+03 
1.459697e-01 4.069028e+03 3.194198e+03 
1.489899e-01 3.975881e+03 3.079092e+03 
1.520101e-01 3.847014e+03 2.969728e+03 
1.550303e-01 3.686346e+03 2.865744e+03 
1.580505e-01 3.500725e+03 2.766802e+03 
1.610707e-01 3.299627e+03 2.672593e+03 
1.640909e-01 3.093212e+03 2.582829e+03 
1.671111e-01 2.891403e+03 2.497243e+03 
1.701313e-01 2.702277e+03 2.415589e+03 
1.731515e-01 2.532030e+03 2.337637e+03 
1.761717e-01 2.384505e+03 2.263173e+03 
1.791919e-01 2.261794e+03 2.191999e+03 
1.822121e-01 2.164648e+03 2.123931e+03 
1.852323e-01 2.092494e+03 2.058797e+03 
1.882525e-01 2.043767e+03 1.996434e+03 
1.912727e-01 2.015652e+03 1.936694e+03 
1.942929e-01 2.004353e+03 1.879436e+03 
1.973131e-01 2.005254e+03 1.824530e+03 
2.003333e-01 2.013302e+03 1.771851e+03 
2.033535e-01 2.023424e+03 1.721285e+03 
2.063737e-01 2.030987e+03 1.672725e+03 
2.093939e-01 2.032025e+03 1.626068e+03 
2.124141e-01 2.023398e+03 1.581221e+03 
2.154343e-01 2.002968e+03 1.538093e+03 
2.184545e-01 1.969477e+03 1.496600e+03 
2.214747e-01 1.922993e+03 1.456665e+03 
2.244949e-01 1.864592e+03 1.418211e+03 
2.275152e-01 1.796512e+03 1.381170e+03 
2.305354e-01 1.721723e+03 1.345474e+03 
2.335556e-01 1.643636e+03 1.311062e+03 
2.365758e-01 1.565544e+03 1.277875e+03 
2.395960e-01 1.490467e+03 1.245858e+03 
2.426162e-01 1.420888e+03 1.214957e+03 
2.456364e-01 1.358709e+03 1.185123e+03 
2.486566e-01 1.305245e+03 1.156309e+03 
2.516768e-01 1.261161e+03 1.128470e+03 
2.546970e-01 1.226633e+03 1.101565e+03 
2.577172e-01 1.201194e+03 1.075553e+03 
2.607374e-01 1.183931e+03 1.050397e+03 
2.637576e-01 1.173474e+03 1.026061e+03 
2.667778e-01 1.168191e+03 1.002510e+03 
2.697980e-01 1.166303e+03 9.797123e+02 
2.728182e-01 1.166020e+03 9.576370e+02 
2.758384e-01 1.165631e+03 9.362549e+02 
2.788586e-01 1.163588e+03 9.155382e+02 
2.818788e-01 1.158572e+03 8.954605e+02 
2.848990e-01 1.149503e+03 8.759964e+02 
2.879192e-01 1.135738e+03 8.571222e+02 
2.909394e-01 1.116992e+03 8.388149e+02 
2.939596e-01 1.093481e+03 8.210528e+02 
2.969798e-01 1.065811e+03 8.038151e+02 
3.000000e-01 1.034948e+03 7.870820e+02 
