1.000000e-03 4.045249e+03 4.045205e+03 
4.020202e-03 1.333443e+04 1.343709e+04 
7.040404e-03 1.944317e+04 1.957784e+04 
1.006061e-02 2.322101e+04 2.336131e+04 
1.308081e-02 2.526149e+04 2.540864e+04 
1.610101e-02 2.599509e+04 2.609962e+04 
1.912121e-02 2.576098e+04 2.573172e+04 
2.214141e-02 2.484143e+04 2.463409e+04 
2.516162e-02 2.347704e+04 2.315366e+04 
2.818182e-02 2.186795e+04 2.156869e+04 
3.120202e-02 2.017526e+04 2.004279e+04 
3.422222e-02 1.852053e+04 1.864380e+04 
3.724242e-02 1.698714e+04 1.738481e+04 
4.026263e-02 1.562768e+04 1.625569e+04 
4.328283e-02 1.446144e+04 1.523970e+04 
4.630303e-02 1.348543e+04 1.432040e+04 
4.932323e-02 1.270335e+04 1.348377e+04 
5.234343e-02 1.208882e+04 1.271840e+04 
5.536364e-02 1.159955e+04 1.201514e+04 
5.838384e-02 1.120400e+04 1.136658e+04 
6.140404e-02 1.087316e+04 1.076665e+04 
6.442424e-02 1.057715e+04 1.021029e+04 
6.744444e-02 1.028597e+04 9.693232e+03 
7.046465e-02 9.977791e+03 9.211796e+03 
7.348485e-02 9.637981e+03 8.762790e+03 
7.650505e-02 9.259173e+03 8.343411e+03 
7.952525e-02 8.842669e+03 7.951173e+03 
8.254545e-02 8.396312e+03 7.583860e+03 
8.556566e-02 7.932074e+03 7.239482e+03 
8.858586e-02 7.463798e+03 6.916251e+03 
9.160606e-02 7.005218e+03 6.612545e+03 
9.462626e-02 6.568976e+03 6.326896e+03 
9.764646e-02 6.166314e+03 6.057969e+03 
1.006667e-01 5.805918e+03 5.804545e+03 
1.036869e-01 5.494045e+03 5.565514e+03 
1.067071e-01 5.232639e+03 5.339858e+03 
1.097273e-01 5.020676e+03 5.126647e+03 
1.127475e-01 4.852901e+03 4.925026e+03 
1.157677e-01 4.722271e+03 4.734210e+03 
1.187879e-01 4.620144e+03 4.553478e+03 
1.218081e-01 4.537770e+03 4.382163e+03 
1.248283e-01 4.466521e+03 4.219655e+03 
1.278485e-01 4.398540e+03 4.065386e+03 
1.308687e-01 4.326710e+03 3.918835e+03 
1.338889e-01 4.245531e+03 3.779519e+03 
1.369091e-01 4.150904e+03 3.646989e+03 
1.399293e-01 4.041016e+03 3.520832e+03 
1.429495e-01 3.915889e+03 3.400664e+03 
1.459697e-01 3.777566e+03 3.286127e+03 
1.489899e-01 3.629441e+03 3.176891e+03 
1.520101e-01 3.475838e+03 3.072646e+03 
1.550303e-01 3.321404e+03 2.973107e+03 
1.580505e-01 3.170782e+03 2.878005e+03 
1.610707e-01 3.028175e+03 2.787092e+03 
1.640909e-01 2.897170e+03 2.700136e+03 
1.671111e-01 2.780389e+03 2.616919e+03 
1.701313e-01 2.679242e+03 2.537238e+03 
1.731515e-01 2.593956e+03 2.460904e+03 
1.761717e-01 2.523582e+03 2.387740e+03 
1.791919e-01 2.466441e+03 2.317579e+03 
1.822121e-01 2.420238e+03 2.250266e+03 
1.852323e-01 2.382420e+03 2.185654e+03 
1.882525e-01 2.350251e+03 2.123606e+03 
1.912727e-01 2.320987e+03 2.063994e+03 
1.942929e-01 2.291944e+03 2.006697e+03 
1.973131e-01 2.260813e+03 1.951601e+03 
2.003333e-01 2.225667e+03 1.898598e+03 
2.033535e-01 2.185333e+03 1.847588e+03 
2.063737e-01 2.139207e+03 1.798477e+03 
2.093939e-01 2.087588e+03 1.751173e+03 
2.124141e-01 2.031247e+03 1.705594e+03 
2.154343e-01 1.971456e+03 1.661660e+03 
2.184545e-01 1.909670e+03 1.619294e+03 
2.214747e-01 1.847465e+03 1.578426e+03 
2.244949e-01 1.786402e+03 1.538989e+03 
2.275152e-01 1.727975e+03 1.500919e+03 
2.305354e-01 1.673394e+03 1.464156e+03 
2.335556e-01 1.623600e+03 1.428643e+03 
2.365758e-01 1.579078e+03 1.394325e+03 
2.395960e-01 1.539986e+03 1.361153e+03 
2.426162e-01 1.506139e+03 1.329076e+03 
2.456364e-01 1.477088e+03 1.298050e+03 
2.486566e-01 1.452183e+03 1.268030e+03 
2.516768e-01 1.430587e+03 1.238975e+03 
2.546970e-01 1.411367e+03 1.210845e+03 
2.577172e-01 1.393519e+03 1.183603e+03 
2.607374e-01 1.376058e+03 1.157213e+03 
2.637576e-01 1.358068e+03 1.131641e+03 
2.667778e-01 1.338848e+03 1.106855e+03 
2.697980e-01 1.317929e+03 1.082825e+03 
2.728182e-01 1.295152e+03 1.059520e+03 
2.758384e-01 1.270557e+03 1.036913e+03 
2.788586e-01 1.244387e+03 1.014977e+03 
2.818788e-01 1.216978e+03 9.936874e+02 
2.848990e-01 1.188770e+03 9.730192e+02 
2.879192e-01 1.160246e+03 9.529495e+02 
2.909394e-01 1.131926e+03 9.334561e+02 
2.939596e-01 1.104319e+03 9.145180e+02 
2.969798e-01 1.077912e+03 8.961149e+02 
3.000000e-01 1.053100e+03 8.782276e+02 
