1.000000e-03 3.316207e+03 3.316173e+03 
4.020202e-03 1.128900e+04 1.137609e+04 
7.040404e-03 1.668520e+04 1.679807e+04 
1.006061e-02 2.011294e+04 2.022224e+04 
1.308081e-02 2.204872e+04 2.214989e+04 
1.610101e-02 2.285013e+04 2.290274e+04 
1.912121e-02 2.280433e+04 2.274087e+04 
2.214141e-02 2.215181e+04 2.194915e+04 
2.516162e-02 2.109775e+04 2.081924e+04 
2.818182e-02 1.981427e+04 1.957942e+04 
3.120202e-02 1.844070e+04 1.836292e+04 
3.422222e-02 1.708213e+04 1.722696e+04 
3.724242e-02 1.581194e+04 1.618606e+04 
4.026263e-02 1.467659e+04 1.523638e+04 
4.328283e-02 1.369622e+04 1.436834e+04 
4.630303e-02 1.286775e+04 1.357186e+04 
4.932323e-02 1.219421e+04 1.283805e+04 
5.234343e-02 1.165814e+04 1.215954e+04 
5.536364e-02 1.122057e+04 1.153025e+04 
5.838384e-02 1.085495e+04 1.094514e+04 
6.140404e-02 1.053733e+04 1.040000e+04 
6.442424e-02 1.024331e+04 9.891217e+03 
6.744444e-02 9.948715e+03 9.415670e+03 
7.046465e-02 9.635683e+03 8.970606e+03 
7.348485e-02 9.293322e+03 8.553586e+03 
7.650505e-02 8.917897e+03 8.162420e+03 
7.952525e-02 8.512828e+03 7.795135e+03 
8.254545e-02 8.086651e+03 7.449945e+03 
8.556566e-02 7.651257e+03 7.125221e+03 
8.858586e-02 7.218965e+03 6.819479e+03 
9.160606e-02 6.801346e+03 6.531363e+03 
9.462626e-02 6.408651e+03 6.259627e+03 
9.764646e-02 6.049394e+03 6.003132e+03 
1.006667e-01 5.730350e+03 5.760827e+03 
1.036869e-01 5.455528e+03 5.531749e+03 
1.067071e-01 5.225798e+03 5.315008e+03 
1.097273e-01 5.038652e+03 5.109786e+03 
1.127475e-01 4.888683e+03 4.915326e+03 
1.157677e-01 4.768547e+03 4.730930e+03 
1.187879e-01 4.669985e+03 4.555954e+03 
1.218081e-01 4.584665e+03 4.389801e+03 
1.248283e-01 4.505166e+03 4.231917e+03 
1.278485e-01 4.424919e+03 4.081792e+03 
1.308687e-01 4.338649e+03 3.938950e+03 
1.338889e-01 4.242457e+03 3.802951e+03 
1.369091e-01 4.133940e+03 3.673386e+03 
1.399293e-01 4.012701e+03 3.549874e+03 
1.429495e-01 3.879838e+03 3.432062e+03 
1.459697e-01 3.738108e+03 3.319621e+03 
1.489899e-01 3.591033e+03 3.212243e+03 
1.520101e-01 3.442689e+03 3.109642e+03 
1.550303e-01 3.297151e+03 3.011553e+03 
1.580505e-01 3.158273e+03 2.917724e+03 
1.610707e-01 3.029306e+03 2.827925e+03 
1.640909e-01 2.912802e+03 2.741937e+03 
1.671111e-01 2.810211e+03 2.659557e+03 
1.701313e-01 2.722100e+03 2.580593e+03 
1.731515e-01 2.647736e+03 2.504867e+03 
1.761717e-01 2.585717e+03 2.432213e+03 
1.791919e-01 2.533981e+03 2.362471e+03 
1.822121e-01 2.490220e+03 2.295496e+03 
1.852323e-01 2.451925e+03 2.231148e+03 
1.882525e-01 2.416635e+03 2.169297e+03 
1.912727e-01 2.381987e+03 2.109821e+03 
1.942929e-01 2.345938e+03 2.052603e+03 
1.973131e-01 2.306752e+03 1.997537e+03 
2.003333e-01 2.263336e+03 1.944518e+03 
2.033535e-01 2.215104e+03 1.893451e+03 
2.063737e-01 2.162324e+03 1.844245e+03 
2.093939e-01 2.105693e+03 1.796814e+03 
2.124141e-01 2.046361e+03 1.751076e+03 
2.154343e-01 1.985622e+03 1.706954e+03 
2.184545e-01 1.924865e+03 1.664377e+03 
2.214747e-01 1.865412e+03 1.623276e+03 
2.244949e-01 1.808509e+03 1.583585e+03 
2.275152e-01 1.755175e+03 1.545243e+03 
2.305354e-01 1.706219e+03 1.508192e+03 
2.335556e-01 1.662073e+03 1.472377e+03 
2.365758e-01 1.622868e+03 1.437745e+03 
2.395960e-01 1.588352e+03 1.404247e+03 
2.426162e-01 1.558053e+03 1.371834e+03 
2.456364e-01 1.531317e+03 1.340464e+03 
2.486566e-01 1.507392e+03 1.310092e+03 
2.516768e-01 1.485473e+03 1.280678e+03 
2.546970e-01 1.464719e+03 1.252184e+03 
2.577172e-01 1.444307e+03 1.224574e+03 
2.607374e-01 1.423491e+03 1.197812e+03 
2.637576e-01 1.401669e+03 1.171864e+03 
2.667778e-01 1.378451e+03 1.146701e+03 
2.697980e-01 1.353701e+03 1.122291e+03 
2.728182e-01 1.327509e+03 1.098605e+03 
2.758384e-01 1.300158e+03 1.075616e+03 
2.788586e-01 1.272030e+03 1.053299e+03 
2.818788e-01 1.243549e+03 1.031627e+03 
2.848990e-01 1.215142e+03 1.010577e+03 
2.879192e-01 1.187215e+03 9.901271e+02 
2.909394e-01 1.160151e+03 9.702543e+02 
2.939596e-01 1.134307e+03 9.509383e+02 
2.969798e-01 1.109972e+03 9.321591e+02 
3.000000e-01 1.087366e+03 9.138976e+02 
