1.000000e-03 3.658396e+03 3.658358e+03 
4.020202e-03 1.212024e+04 1.221356e+04 
7.040404e-03 1.768164e+04 1.779736e+04 
1.006061e-02 2.112030e+04 2.122347e+04 
1.308081e-02 2.298997e+04 2.307171e+04 
1.610101e-02 2.369176e+04 2.370905e+04 
1.912121e-02 2.353901e+04 2.343216e+04 
2.214141e-02 2.278802e+04 2.255335e+04 
2.516162e-02 2.165304e+04 2.137182e+04 
2.818182e-02 2.031053e+04 2.010595e+04 
3.120202e-02 1.889890e+04 1.887486e+04 
3.422222e-02 1.752106e+04 1.772613e+04 
3.724242e-02 1.624606e+04 1.667007e+04 
4.026263e-02 1.511560e+04 1.570200e+04 
4.328283e-02 1.414424e+04 1.481295e+04 
4.630303e-02 1.332521e+04 1.399385e+04 
4.932323e-02 1.265862e+04 1.323673e+04 
5.234343e-02 1.212120e+04 1.253494e+04 
5.536364e-02 1.167128e+04 1.188288e+04 
5.838384e-02 1.128462e+04 1.127588e+04 
6.140404e-02 1.093645e+04 1.070989e+04 
6.442424e-02 1.060120e+04 1.018142e+04 
6.744444e-02 1.025795e+04 9.687377e+03 
7.046465e-02 9.892510e+03 9.225002e+03 
7.348485e-02 9.497814e+03 8.791824e+03 
7.650505e-02 9.074304e+03 8.385604e+03 
7.952525e-02 8.628879e+03 8.004310e+03 
8.254545e-02 8.172406e+03 7.646090e+03 
8.556566e-02 7.717726e+03 7.309253e+03 
8.858586e-02 7.276864e+03 6.992251e+03 
9.160606e-02 6.860354e+03 6.693664e+03 
9.462626e-02 6.476976e+03 6.412191e+03 
9.764646e-02 6.133593e+03 6.146634e+03 
1.006667e-01 5.834731e+03 5.895893e+03 
1.036869e-01 5.581790e+03 5.658956e+03 
1.067071e-01 5.372743e+03 5.434890e+03 
1.097273e-01 5.202605e+03 5.222834e+03 
1.127475e-01 5.063867e+03 5.021996e+03 
1.157677e-01 4.947880e+03 4.831642e+03 
1.187879e-01 4.846140e+03 4.651097e+03 
1.218081e-01 4.750735e+03 4.479733e+03 
1.248283e-01 4.655095e+03 4.316972e+03 
1.278485e-01 4.553917e+03 4.162277e+03 
1.308687e-01 4.443428e+03 4.015151e+03 
1.338889e-01 4.321655e+03 3.875133e+03 
1.369091e-01 4.188188e+03 3.741794e+03 
1.399293e-01 4.044639e+03 3.614737e+03 
1.429495e-01 3.893754e+03 3.493592e+03 
1.459697e-01 3.739321e+03 3.378014e+03 
1.489899e-01 3.585346e+03 3.267683e+03 
1.520101e-01 3.435747e+03 3.162302e+03 
1.550303e-01 3.294053e+03 3.061590e+03 
1.580505e-01 3.163275e+03 2.965289e+03 
1.610707e-01 3.045510e+03 2.873156e+03 
1.640909e-01 2.942049e+03 2.784963e+03 
1.671111e-01 2.852908e+03 2.700500e+03 
1.701313e-01 2.777292e+03 2.619567e+03 
1.731515e-01 2.713324e+03 2.541979e+03 
1.761717e-01 2.658730e+03 2.467561e+03 
1.791919e-01 2.610926e+03 2.396150e+03 
1.822121e-01 2.567408e+03 2.327592e+03 
1.852323e-01 2.525813e+03 2.261744e+03 
1.882525e-01 2.484026e+03 2.198471e+03 
1.912727e-01 2.440187e+03 2.137645e+03 
1.942929e-01 2.393038e+03 2.079146e+03 
1.973131e-01 2.341774e+03 2.022862e+03 
2.003333e-01 2.286325e+03 1.968687e+03 
2.033535e-01 2.227125e+03 1.916520e+03 
2.063737e-01 2.165229e+03 1.866268e+03 
2.093939e-01 2.101895e+03 1.817842e+03 
2.124141e-01 2.038513e+03 1.771157e+03 
2.154343e-01 1.976387e+03 1.726133e+03 
2.184545e-01 1.916723e+03 1.682697e+03 
2.214747e-01 1.860504e+03 1.640777e+03 
2.244949e-01 1.808516e+03 1.600305e+03 
2.275152e-01 1.761199e+03 1.561219e+03 
2.305354e-01 1.718710e+03 1.523458e+03 
2.335556e-01 1.680848e+03 1.486965e+03 
2.365758e-01 1.647167e+03 1.451686e+03 
2.395960e-01 1.617023e+03 1.417569e+03 
2.426162e-01 1.589670e+03 1.384566e+03 
2.456364e-01 1.564314e+03 1.352631e+03 
2.486566e-01 1.540163e+03 1.321720e+03 
2.516768e-01 1.516454e+03 1.291791e+03 
2.546970e-01 1.492496e+03 1.262804e+03 
2.577172e-01 1.467733e+03 1.234721e+03 
2.607374e-01 1.441795e+03 1.207507e+03 
2.637576e-01 1.414563e+03 1.181128e+03 
2.667778e-01 1.386135e+03 1.155550e+03 
2.697980e-01 1.356813e+03 1.130743e+03 
2.728182e-01 1.326998e+03 1.106677e+03 
2.758384e-01 1.297112e+03 1.083324e+03 
2.788586e-01 1.267564e+03 1.060658e+03 
2.818788e-01 1.238718e+03 1.038651e+03 
2.848990e-01 1.210903e+03 1.017281e+03 
2.879192e-01 1.184401e+03 9.965228e+02 
2.909394e-01 1.159433e+03 9.763547e+02 
2.939596e-01 1.136159e+03 9.567552e+02 
2.969798e-01 1.114612e+03 9.377039e+02 
3.000000e-01 1.094737e+03 9.191813e+02 
