1.000000e-03 3.576240e+03 3.576201e+03 
4.020202e-03 1.167883e+04 1.176872e+04 
7.040404e-03 1.684992e+04 1.694903e+04 
1.006061e-02 1.995224e+04 2.001362e+04 
1.308081e-02 2.157639e+04 2.158062e+04 
1.610101e-02 2.213546e+04 2.204801e+04 
1.912121e-02 2.194023e+04 2.173789e+04 
2.214141e-02 2.123572e+04 2.095650e+04 
2.516162e-02 2.021910e+04 1.995657e+04 
2.818182e-02 1.904518e+04 1.889869e+04 
3.120202e-02 1.783217e+04 1.786213e+04 
3.422222e-02 1.666284e+04 1.687766e+04 
3.724242e-02 1.558956e+04 1.595355e+04 
4.026263e-02 1.463973e+04 1.508934e+04 
4.328283e-02 1.382067e+04 1.428181e+04 
4.630303e-02 1.312256e+04 1.352711e+04 
4.932323e-02 1.253284e+04 1.282149e+04 
5.234343e-02 1.203146e+04 1.216147e+04 
5.536364e-02 1.158539e+04 1.154384e+04 
5.838384e-02 1.117153e+04 1.096563e+04 
6.140404e-02 1.077197e+04 1.042408e+04 
6.442424e-02 1.036989e+04 9.916609e+03 
6.744444e-02 9.955399e+03 9.440838e+03 
7.046465e-02 9.524588e+03 8.994531e+03 
7.348485e-02 9.079080e+03 8.575613e+03 
7.650505e-02 8.625947e+03 8.182154e+03 
7.952525e-02 8.175123e+03 7.812360e+03 
8.254545e-02 7.737571e+03 7.464569e+03 
8.556566e-02 7.322775e+03 7.137243e+03 
8.858586e-02 6.938269e+03 6.828953e+03 
9.160606e-02 6.589597e+03 6.538384e+03 
9.462626e-02 6.280235e+03 6.264313e+03 
9.764646e-02 6.011162e+03 6.005616e+03 
1.006667e-01 5.781359e+03 5.761249e+03 
1.036869e-01 5.586337e+03 5.530250e+03 
1.067071e-01 5.419740e+03 5.311729e+03 
1.097273e-01 5.273561e+03 5.104864e+03 
1.127475e-01 5.139836e+03 4.908891e+03 
1.157677e-01 5.011634e+03 4.723108e+03 
1.187879e-01 4.883384e+03 4.546863e+03 
1.218081e-01 4.751242e+03 4.379551e+03 
1.248283e-01 4.612911e+03 4.220613e+03 
1.278485e-01 4.467471e+03 4.069529e+03 
1.308687e-01 4.315762e+03 3.925820e+03 
1.338889e-01 4.159729e+03 3.789036e+03 
1.369091e-01 4.002457e+03 3.658764e+03 
1.399293e-01 3.847302e+03 3.534617e+03 
1.429495e-01 3.697429e+03 3.416235e+03 
1.459697e-01 3.555499e+03 3.303285e+03 
1.489899e-01 3.423396e+03 3.195455e+03 
1.520101e-01 3.302543e+03 3.092454e+03 
1.550303e-01 3.193897e+03 2.994011e+03 
1.580505e-01 3.097547e+03 2.899875e+03 
1.610707e-01 3.012893e+03 2.809807e+03 
1.640909e-01 2.938312e+03 2.723587e+03 
1.671111e-01 2.871686e+03 2.641010e+03 
1.701313e-01 2.810495e+03 2.561880e+03 
1.731515e-01 2.752377e+03 2.486017e+03 
1.761717e-01 2.695454e+03 2.413252e+03 
1.791919e-01 2.638300e+03 2.343424e+03 
1.822121e-01 2.579972e+03 2.276384e+03 
1.852323e-01 2.519905e+03 2.211992e+03 
1.882525e-01 2.457835e+03 2.150116e+03 
1.912727e-01 2.393930e+03 2.090631e+03 
1.942929e-01 2.328659e+03 2.033421e+03 
1.973131e-01 2.262953e+03 1.978376e+03 
2.003333e-01 2.197894e+03 1.925392e+03 
2.033535e-01 2.134628e+03 1.874372e+03 
2.063737e-01 2.074120e+03 1.825223e+03 
2.093939e-01 2.017051e+03 1.777858e+03 
2.124141e-01 1.963810e+03 1.732196e+03 
2.154343e-01 1.914534e+03 1.688159e+03 
2.184545e-01 1.869128e+03 1.645674e+03 
2.214747e-01 1.827348e+03 1.604670e+03 
2.244949e-01 1.788786e+03 1.565084e+03 
2.275152e-01 1.752936e+03 1.526852e+03 
2.305354e-01 1.719176e+03 1.489915e+03 
2.335556e-01 1.686893e+03 1.454219e+03 
2.365758e-01 1.655523e+03 1.419710e+03 
2.395960e-01 1.624579e+03 1.386337e+03 
2.426162e-01 1.593659e+03 1.354054e+03 
2.456364e-01 1.562498e+03 1.322816e+03 
2.486566e-01 1.530949e+03 1.292578e+03 
2.516768e-01 1.499046e+03 1.263301e+03 
2.546970e-01 1.466939e+03 1.234945e+03 
2.577172e-01 1.434913e+03 1.207474e+03 
2.607374e-01 1.403286e+03 1.180853e+03 
2.637576e-01 1.372367e+03 1.155048e+03 
2.667778e-01 1.342411e+03 1.130027e+03 
2.697980e-01 1.313598e+03 1.105760e+03 
2.728182e-01 1.286050e+03 1.082218e+03 
2.758384e-01 1.259835e+03 1.059373e+03 
2.788586e-01 1.234970e+03 1.037200e+03 
2.818788e-01 1.211430e+03 1.015672e+03 
2.848990e-01 1.189126e+03 9.947669e+02 
2.879192e-01 1.167927e+03 9.744604e+02 
2.909394e-01 1.147633e+03 9.547311e+02 
2.939596e-01 1.128042e+03 9.355580e+02 
2.969798e-01 1.108967e+03 9.169212e+02 
3.000000e-01 1.090256e+03 8.988015e+02 
