1.000000e-03 5.977342e+03 5.977275e+03 
4.020202e-03 1.975624e+04 1.991088e+04 
7.040404e-03 2.869558e+04 2.891419e+04 
1.006061e-02 3.406441e+04 3.434756e+04 
1.308081e-02 3.675843e+04 3.714101e+04 
1.610101e-02 3.743028e+04 3.782906e+04 
1.912121e-02 3.660397e+04 3.681270e+04 
2.214141e-02 3.472345e+04 3.457617e+04 
2.516162e-02 3.217451e+04 3.169855e+04 
2.818182e-02 2.928372e+04 2.869559e+04 
3.120202e-02 2.631448e+04 2.589157e+04 
3.422222e-02 2.346429e+04 2.341976e+04 
3.724242e-02 2.086779e+04 2.129362e+04 
4.026263e-02 1.860557e+04 1.947441e+04 
4.328283e-02 1.669833e+04 1.791034e+04 
4.630303e-02 1.514806e+04 1.655335e+04 
4.932323e-02 1.394799e+04 1.536394e+04 
5.234343e-02 1.304442e+04 1.431123e+04 
5.536364e-02 1.238224e+04 1.337141e+04 
5.838384e-02 1.191027e+04 1.252615e+04 
6.140404e-02 1.157529e+04 1.176116e+04 
6.442424e-02 1.132479e+04 1.106517e+04 
6.744444e-02 1.111194e+04 1.042915e+04 
7.046465e-02 1.089696e+04 9.845720e+03 
7.348485e-02 1.064638e+04 9.308798e+03 
7.650505e-02 1.033658e+04 8.813277e+03 
7.952525e-02 9.954941e+03 8.354823e+03 
8.254545e-02 9.500349e+03 7.929720e+03 
8.556566e-02 8.982886e+03 7.534749e+03 
8.858586e-02 8.419804e+03 7.167103e+03 
9.160606e-02 7.832852e+03 6.824317e+03 
9.462626e-02 7.245987e+03 6.504211e+03 
9.764646e-02 6.681730e+03 6.204849e+03 
1.006667e-01 6.160059e+03 5.924504e+03 
1.036869e-01 5.695474e+03 5.661629e+03 
1.067071e-01 5.297933e+03 5.414834e+03 
1.097273e-01 4.970784e+03 5.182865e+03 
1.127475e-01 4.713331e+03 4.964589e+03 
1.157677e-01 4.520478e+03 4.758980e+03 
1.187879e-01 4.384706e+03 4.565104e+03 
1.218081e-01 4.296606e+03 4.382112e+03 
1.248283e-01 4.245256e+03 4.209230e+03 
1.278485e-01 4.218927e+03 4.045751e+03 
1.308687e-01 4.205308e+03 3.891026e+03 
1.338889e-01 4.192615e+03 3.744463e+03 
1.369091e-01 4.170105e+03 3.605516e+03 
1.399293e-01 4.129613e+03 3.473684e+03 
1.429495e-01 4.065200e+03 3.348507e+03 
1.459697e-01 3.974073e+03 3.229558e+03 
1.489899e-01 3.855754e+03 3.116446e+03 
1.520101e-01 3.712705e+03 3.008808e+03 
1.550303e-01 3.549390e+03 2.906308e+03 
1.580505e-01 3.372016e+03 2.808637e+03 
1.610707e-01 3.188249e+03 2.715504e+03 
1.640909e-01 3.006134e+03 2.626644e+03 
1.671111e-01 2.832927e+03 2.541808e+03 
1.701313e-01 2.674554e+03 2.460765e+03 
1.731515e-01 2.535100e+03 2.383300e+03 
1.761717e-01 2.416679e+03 2.309213e+03 
1.791919e-01 2.319900e+03 2.238316e+03 
1.822121e-01 2.244115e+03 2.170436e+03 
1.852323e-01 2.187934e+03 2.105409e+03 
1.882525e-01 2.149169e+03 2.043083e+03 
1.912727e-01 2.124941e+03 1.983316e+03 
1.942929e-01 2.111692e+03 1.925974e+03 
1.973131e-01 2.105325e+03 1.870933e+03 
2.003333e-01 2.101533e+03 1.818075e+03 
2.033535e-01 2.096217e+03 1.767290e+03 
2.063737e-01 2.085837e+03 1.718474e+03 
2.093939e-01 2.067760e+03 1.671531e+03 
2.124141e-01 2.040351e+03 1.626369e+03 
2.154343e-01 2.002862e+03 1.582902e+03 
2.184545e-01 1.955563e+03 1.541050e+03 
2.214747e-01 1.899380e+03 1.500735e+03 
2.244949e-01 1.836003e+03 1.461887e+03 
2.275152e-01 1.767594e+03 1.424437e+03 
2.305354e-01 1.696740e+03 1.388320e+03 
2.335556e-01 1.626051e+03 1.353478e+03 
2.365758e-01 1.558032e+03 1.319851e+03 
2.395960e-01 1.494745e+03 1.287387e+03 
2.426162e-01 1.437818e+03 1.256034e+03 
2.456364e-01 1.388260e+03 1.225744e+03 
2.486566e-01 1.346560e+03 1.196470e+03 
2.516768e-01 1.312734e+03 1.168170e+03 
2.546970e-01 1.286316e+03 1.140801e+03 
2.577172e-01 1.266526e+03 1.114325e+03 
2.607374e-01 1.252224e+03 1.088705e+03 
2.637576e-01 1.242080e+03 1.063905e+03 
2.667778e-01 1.234593e+03 1.039892e+03 
2.697980e-01 1.228261e+03 1.016635e+03 
2.728182e-01 1.221630e+03 9.941013e+02 
2.758384e-01 1.213470e+03 9.722640e+02 
2.788586e-01 1.202761e+03 9.510951e+02 
2.818788e-01 1.188815e+03 9.305685e+02 
2.848990e-01 1.171256e+03 9.106594e+02 
2.879192e-01 1.150021e+03 8.913440e+02 
2.909394e-01 1.125389e+03 8.725996e+02 
2.939596e-01 1.097869e+03 8.544048e+02 
2.969798e-01 1.068227e+03 8.367390e+02 
3.000000e-01 1.037339e+03 8.195824e+02 
