1.000000e-03 3.958541e+03 3.958501e+03 
4.020202e-03 1.301490e+04 1.311639e+04 
7.040404e-03 1.883309e+04 1.895471e+04 
1.006061e-02 2.233104e+04 2.243267e+04 
1.308081e-02 2.414792e+04 2.421728e+04 
1.610101e-02 2.473724e+04 2.472846e+04 
1.912121e-02 2.444566e+04 2.430488e+04 
2.214141e-02 2.355257e+04 2.329158e+04 
2.516162e-02 2.228642e+04 2.200251e+04 
2.818182e-02 2.083194e+04 2.065436e+04 
3.120202e-02 1.933134e+04 1.935843e+04 
3.422222e-02 1.788760e+04 1.815562e+04 
3.724242e-02 1.656722e+04 1.705230e+04 
4.026263e-02 1.540747e+04 1.604187e+04 
4.328283e-02 1.441961e+04 1.511447e+04 
4.630303e-02 1.359239e+04 1.426061e+04 
4.932323e-02 1.291863e+04 1.347205e+04 
5.234343e-02 1.237407e+04 1.274189e+04 
5.536364e-02 1.191483e+04 1.206434e+04 
5.838384e-02 1.151293e+04 1.143446e+04 
6.140404e-02 1.114183e+04 1.084798e+04 
6.442424e-02 1.077523e+04 1.030120e+04 
6.744444e-02 1.039626e+04 9.790796e+03 
7.046465e-02 9.993982e+03 9.313823e+03 
7.348485e-02 9.563521e+03 8.867621e+03 
7.650505e-02 9.107819e+03 8.449787e+03 
7.952525e-02 8.635353e+03 8.058138e+03 
8.254545e-02 8.157993e+03 7.690688e+03 
8.556566e-02 7.689189e+03 7.345623e+03 
8.858586e-02 7.241179e+03 7.021287e+03 
9.160606e-02 6.824563e+03 6.716165e+03 
9.462626e-02 6.447798e+03 6.428869e+03 
9.764646e-02 6.116120e+03 6.158125e+03 
1.006667e-01 5.832258e+03 5.902766e+03 
1.036869e-01 5.594891e+03 5.661718e+03 
1.067071e-01 5.399949e+03 5.433995e+03 
1.097273e-01 5.240333e+03 5.218689e+03 
1.127475e-01 5.107746e+03 5.014964e+03 
1.157677e-01 4.993194e+03 4.822050e+03 
1.187879e-01 4.888450e+03 4.639236e+03 
1.218081e-01 4.785987e+03 4.465866e+03 
1.248283e-01 4.679720e+03 4.301333e+03 
1.278485e-01 4.564885e+03 4.145078e+03 
1.308687e-01 4.438971e+03 3.996582e+03 
1.338889e-01 4.301321e+03 3.855363e+03 
1.369091e-01 4.153418e+03 3.720977e+03 
1.399293e-01 3.998141e+03 3.593011e+03 
1.429495e-01 3.839350e+03 3.471080e+03 
1.459697e-01 3.680892e+03 3.354828e+03 
1.489899e-01 3.526530e+03 3.243924e+03 
1.520101e-01 3.379718e+03 3.138059e+03 
1.550303e-01 3.243538e+03 3.036945e+03 
1.580505e-01 3.120362e+03 2.940314e+03 
1.610707e-01 3.011696e+03 2.847918e+03 
1.640909e-01 2.917961e+03 2.759521e+03 
1.671111e-01 2.838250e+03 2.674906e+03 
1.701313e-01 2.770617e+03 2.593869e+03 
1.731515e-01 2.712511e+03 2.516220e+03 
1.761717e-01 2.661166e+03 2.441779e+03 
1.791919e-01 2.614014e+03 2.370380e+03 
1.822121e-01 2.568727e+03 2.301865e+03 
1.852323e-01 2.523418e+03 2.236087e+03 
1.882525e-01 2.476428e+03 2.172909e+03 
1.912727e-01 2.426361e+03 2.112200e+03 
1.942929e-01 2.372449e+03 2.053837e+03 
1.973131e-01 2.314476e+03 1.997707e+03 
2.003333e-01 2.252984e+03 1.943702e+03 
2.033535e-01 2.188964e+03 1.891718e+03 
2.063737e-01 2.123912e+03 1.841661e+03 
2.093939e-01 2.059332e+03 1.793439e+03 
2.124141e-01 1.996496e+03 1.746968e+03 
2.154343e-01 1.936490e+03 1.702167e+03 
2.184545e-01 1.880186e+03 1.658960e+03 
2.214747e-01 1.828159e+03 1.617275e+03 
2.244949e-01 1.780739e+03 1.577043e+03 
2.275152e-01 1.737988e+03 1.538201e+03 
2.305354e-01 1.699764e+03 1.500687e+03 
2.335556e-01 1.665562e+03 1.464443e+03 
2.365758e-01 1.634730e+03 1.429416e+03 
2.395960e-01 1.606474e+03 1.395553e+03 
2.426162e-01 1.579964e+03 1.362804e+03 
2.456364e-01 1.554356e+03 1.331124e+03 
2.486566e-01 1.528935e+03 1.300468e+03 
2.516768e-01 1.503107e+03 1.270793e+03 
2.546970e-01 1.476467e+03 1.242061e+03 
2.577172e-01 1.448761e+03 1.214232e+03 
2.607374e-01 1.420004e+03 1.187270e+03 
2.637576e-01 1.390342e+03 1.161141e+03 
2.667778e-01 1.360068e+03 1.135813e+03 
2.697980e-01 1.329553e+03 1.111254e+03 
2.728182e-01 1.299231e+03 1.087434e+03 
2.758384e-01 1.269492e+03 1.064325e+03 
2.788586e-01 1.240686e+03 1.041900e+03 
2.818788e-01 1.213117e+03 1.020133e+03 
2.848990e-01 1.187033e+03 9.989992e+02 
2.879192e-01 1.162554e+03 9.784754e+02 
2.909394e-01 1.139728e+03 9.585392e+02 
2.939596e-01 1.118504e+03 9.391689e+02 
2.969798e-01 1.098755e+03 9.203442e+02 
3.000000e-01 1.080279e+03 9.020453e+02 
