1.000000e-03 6.635583e+03 6.635509e+03 
4.020202e-03 2.196842e+04 2.214225e+04 
7.040404e-03 3.182050e+04 3.206808e+04 
1.006061e-02 3.764017e+04 3.796879e+04 
1.308081e-02 4.045410e+04 4.090744e+04 
1.610101e-02 4.101103e+04 4.148980e+04 
1.912121e-02 3.990638e+04 4.017093e+04 
2.214141e-02 3.764676e+04 3.750491e+04 
2.516162e-02 3.466942e+04 3.415443e+04 
2.818182e-02 3.134337e+04 3.070548e+04 
3.120202e-02 2.796378e+04 2.752015e+04 
3.422222e-02 2.474920e+04 2.474018e+04 
3.724242e-02 2.184551e+04 2.237145e+04 
4.026263e-02 1.933728e+04 2.036252e+04 
4.328283e-02 1.724106e+04 1.864940e+04 
4.630303e-02 1.555429e+04 1.717407e+04 
4.932323e-02 1.426465e+04 1.588954e+04 
5.234343e-02 1.330671e+04 1.475937e+04 
5.536364e-02 1.262008e+04 1.375573e+04 
5.838384e-02 1.214689e+04 1.285730e+04 
6.140404e-02 1.182024e+04 1.204760e+04 
6.442424e-02 1.158479e+04 1.131369e+04 
6.744444e-02 1.139149e+04 1.064529e+04 
7.046465e-02 1.119565e+04 1.003403e+04 
7.348485e-02 1.095939e+04 9.473074e+03 
7.650505e-02 1.065486e+04 8.956688e+03 
7.952525e-02 1.026659e+04 8.480050e+03 
8.254545e-02 9.792989e+03 8.039043e+03 
8.556566e-02 9.245675e+03 7.630119e+03 
8.858586e-02 8.644986e+03 7.250199e+03 
9.160606e-02 8.016452e+03 6.896588e+03 
9.462626e-02 7.387535e+03 6.566915e+03 
9.764646e-02 6.783408e+03 6.259081e+03 
1.006667e-01 6.225913e+03 5.971221e+03 
1.036869e-01 5.730673e+03 5.701671e+03 
1.067071e-01 5.308414e+03 5.448937e+03 
1.097273e-01 4.962982e+03 5.211680e+03 
1.127475e-01 4.693852e+03 4.988690e+03 
1.157677e-01 4.495761e+03 4.778874e+03 
1.187879e-01 4.360529e+03 4.581243e+03 
1.218081e-01 4.277747e+03 4.394896e+03 
1.248283e-01 4.235162e+03 4.219016e+03 
1.278485e-01 4.219682e+03 4.052856e+03 
1.308687e-01 4.217798e+03 3.895735e+03 
1.338889e-01 4.216744e+03 3.747028e+03 
1.369091e-01 4.204979e+03 3.606166e+03 
1.399293e-01 4.173594e+03 3.472622e+03 
1.429495e-01 4.115879e+03 3.345915e+03 
1.459697e-01 4.028290e+03 3.225601e+03 
1.489899e-01 3.909808e+03 3.111271e+03 
1.520101e-01 3.762669e+03 3.002548e+03 
1.550303e-01 3.591913e+03 2.899083e+03 
1.580505e-01 3.404913e+03 2.800554e+03 
1.610707e-01 3.210510e+03 2.706662e+03 
1.640909e-01 3.017763e+03 2.617129e+03 
1.671111e-01 2.834685e+03 2.531700e+03 
1.701313e-01 2.667627e+03 2.450135e+03 
1.731515e-01 2.520819e+03 2.372213e+03 
1.761717e-01 2.396483e+03 2.297728e+03 
1.791919e-01 2.295405e+03 2.226485e+03 
1.822121e-01 2.217173e+03 2.158308e+03 
1.852323e-01 2.160535e+03 2.093026e+03 
1.882525e-01 2.123184e+03 2.030486e+03 
1.912727e-01 2.101924e+03 1.970539e+03 
1.942929e-01 2.092739e+03 1.913051e+03 
1.973131e-01 2.091013e+03 1.857891e+03 
2.003333e-01 2.091978e+03 1.804941e+03 
2.033535e-01 2.091251e+03 1.754087e+03 
2.063737e-01 2.085082e+03 1.705225e+03 
2.093939e-01 2.070623e+03 1.658254e+03 
2.124141e-01 2.046028e+03 1.613083e+03 
2.154343e-01 2.010309e+03 1.569622e+03 
2.184545e-01 1.963530e+03 1.527790e+03 
2.214747e-01 1.906528e+03 1.487508e+03 
2.244949e-01 1.841154e+03 1.448704e+03 
2.275152e-01 1.769886e+03 1.411309e+03 
2.305354e-01 1.695725e+03 1.375257e+03 
2.335556e-01 1.621618e+03 1.340487e+03 
2.365758e-01 1.550324e+03 1.306940e+03 
2.395960e-01 1.484038e+03 1.274563e+03 
2.426162e-01 1.424484e+03 1.243302e+03 
2.456364e-01 1.372779e+03 1.213109e+03 
2.486566e-01 1.329506e+03 1.183937e+03 
2.516768e-01 1.294776e+03 1.155743e+03 
2.546970e-01 1.268171e+03 1.128484e+03 
2.577172e-01 1.248900e+03 1.102121e+03 
2.607374e-01 1.235704e+03 1.076616e+03 
2.637576e-01 1.227087e+03 1.051933e+03 
2.667778e-01 1.221363e+03 1.028040e+03 
2.697980e-01 1.216889e+03 1.004903e+03 
2.728182e-01 1.212108e+03 9.824914e+02 
2.758384e-01 1.205721e+03 9.607771e+02 
2.788586e-01 1.196638e+03 9.397320e+02 
2.818788e-01 1.184059e+03 9.193297e+02 
2.848990e-01 1.167498e+03 8.995451e+02 
2.879192e-01 1.146792e+03 8.803544e+02 
2.909394e-01 1.122185e+03 8.617348e+02 
2.939596e-01 1.094213e+03 8.436645e+02 
2.969798e-01 1.063757e+03 8.261229e+02 
3.000000e-01 1.031834e+03 8.090901e+02 
