1.000000e-03 2.705121e+03 2.705086e+03 
4.020202e-03 9.022525e+03 9.092292e+03 
7.040404e-03 1.318036e+04 1.325182e+04 
1.006061e-02 1.578117e+04 1.580107e+04 
1.308081e-02 1.726357e+04 1.720739e+04 
1.610101e-02 1.793803e+04 1.778848e+04 
1.912121e-02 1.803601e+04 1.779513e+04 
2.214141e-02 1.773579e+04 1.744375e+04 
2.516162e-02 1.717878e+04 1.689930e+04 
2.818182e-02 1.647508e+04 1.626528e+04 
3.120202e-02 1.570767e+04 1.559794e+04 
3.422222e-02 1.493592e+04 1.492604e+04 
3.724242e-02 1.419831e+04 1.426446e+04 
4.026263e-02 1.351730e+04 1.362127e+04 
4.328283e-02 1.289894e+04 1.300099e+04 
4.630303e-02 1.233976e+04 1.240614e+04 
4.932323e-02 1.184232e+04 1.183799e+04 
5.234343e-02 1.139133e+04 1.129697e+04 
5.536364e-02 1.096315e+04 1.078293e+04 
5.838384e-02 1.055304e+04 1.029534e+04 
6.140404e-02 1.015538e+04 9.833386e+03 
6.442424e-02 9.760354e+03 9.396096e+03 
6.744444e-02 9.364166e+03 8.982380e+03 
7.046465e-02 8.966744e+03 8.591091e+03 
7.348485e-02 8.570928e+03 8.221066e+03 
7.650505e-02 8.182557e+03 7.871143e+03 
7.952525e-02 7.808568e+03 7.540188e+03 
8.254545e-02 7.455114e+03 7.227099e+03 
8.556566e-02 7.126037e+03 6.930822e+03 
8.858586e-02 6.823102e+03 6.650350e+03 
9.160606e-02 6.546411e+03 6.384729e+03 
9.462626e-02 6.295583e+03 6.133057e+03 
9.764646e-02 6.069873e+03 5.894486e+03 
1.006667e-01 5.867387e+03 5.668217e+03 
1.036869e-01 5.684795e+03 5.453503e+03 
1.067071e-01 5.517147e+03 5.249643e+03 
1.097273e-01 5.359384e+03 5.055982e+03 
1.127475e-01 5.206542e+03 4.871907e+03 
1.157677e-01 5.055078e+03 4.696845e+03 
1.187879e-01 4.903236e+03 4.530261e+03 
1.218081e-01 4.750430e+03 4.371657e+03 
1.248283e-01 4.597271e+03 4.220566e+03 
1.278485e-01 4.444826e+03 4.076551e+03 
1.308687e-01 4.294564e+03 3.939207e+03 
1.338889e-01 4.148028e+03 3.808153e+03 
1.369091e-01 4.006805e+03 3.683034e+03 
1.399293e-01 3.872285e+03 3.563517e+03 
1.429495e-01 3.745659e+03 3.449293e+03 
1.459697e-01 3.627474e+03 3.340069e+03 
1.489899e-01 3.517794e+03 3.235575e+03 
1.520101e-01 3.416384e+03 3.135556e+03 
1.550303e-01 3.322790e+03 3.039772e+03 
1.580505e-01 3.236181e+03 2.948000e+03 
1.610707e-01 3.155480e+03 2.860030e+03 
1.640909e-01 3.079376e+03 2.775665e+03 
1.671111e-01 3.006459e+03 2.694721e+03 
1.701313e-01 2.935535e+03 2.617022e+03 
1.731515e-01 2.865596e+03 2.542407e+03 
1.761717e-01 2.796238e+03 2.470721e+03 
1.791919e-01 2.727339e+03 2.401820e+03 
1.822121e-01 2.658955e+03 2.335568e+03 
1.852323e-01 2.591231e+03 2.271837e+03 
1.882525e-01 2.524441e+03 2.210506e+03 
1.912727e-01 2.458926e+03 2.151461e+03 
1.942929e-01 2.395156e+03 2.094594e+03 
1.973131e-01 2.333614e+03 2.039805e+03 
2.003333e-01 2.274683e+03 1.986998e+03 
2.033535e-01 2.218655e+03 1.936081e+03 
2.063737e-01 2.165570e+03 1.886970e+03 
2.093939e-01 2.115351e+03 1.839584e+03 
2.124141e-01 2.067719e+03 1.793845e+03 
2.154343e-01 2.022372e+03 1.749682e+03 
2.184545e-01 1.979084e+03 1.707025e+03 
2.214747e-01 1.937606e+03 1.665810e+03 
2.244949e-01 1.897604e+03 1.625975e+03 
2.275152e-01 1.858755e+03 1.587461e+03 
2.305354e-01 1.820798e+03 1.550213e+03 
2.335556e-01 1.783534e+03 1.514178e+03 
2.365758e-01 1.746872e+03 1.479306e+03 
2.395960e-01 1.710789e+03 1.445549e+03 
2.426162e-01 1.675357e+03 1.412862e+03 
2.456364e-01 1.640635e+03 1.381201e+03 
2.486566e-01 1.606641e+03 1.350527e+03 
2.516768e-01 1.573405e+03 1.320800e+03 
2.546970e-01 1.540986e+03 1.291982e+03 
2.577172e-01 1.509476e+03 1.264039e+03 
2.607374e-01 1.479008e+03 1.236936e+03 
2.637576e-01 1.449662e+03 1.210642e+03 
2.667778e-01 1.421440e+03 1.185126e+03 
2.697980e-01 1.394294e+03 1.160358e+03 
2.728182e-01 1.368115e+03 1.136310e+03 
2.758384e-01 1.342789e+03 1.112956e+03 
2.788586e-01 1.318195e+03 1.090271e+03 
2.818788e-01 1.294263e+03 1.068230e+03 
2.848990e-01 1.270971e+03 1.046809e+03 
2.879192e-01 1.248281e+03 1.025987e+03 
2.909394e-01 1.226140e+03 1.005742e+03 
2.939596e-01 1.204493e+03 9.860533e+02 
2.969798e-01 1.183282e+03 9.669021e+02 
3.000000e-01 1.162469e+03 9.482693e+02 
