1.000000e-03 4.050691e+03 4.050649e+03 
4.020202e-03 1.344764e+04 1.355242e+04 
7.040404e-03 1.953059e+04 1.966024e+04 
1.006061e-02 2.320096e+04 2.332086e+04 
1.308081e-02 2.510511e+04 2.520735e+04 
1.610101e-02 2.570892e+04 2.574089e+04 
1.912121e-02 2.537181e+04 2.526298e+04 
2.214141e-02 2.438863e+04 2.413526e+04 
2.516162e-02 2.300356e+04 2.270181e+04 
2.818182e-02 2.141516e+04 2.120885e+04 
3.120202e-02 1.977860e+04 1.978546e+04 
3.422222e-02 1.820638e+04 1.847831e+04 
3.724242e-02 1.677196e+04 1.729271e+04 
4.026263e-02 1.551741e+04 1.621839e+04 
4.328283e-02 1.445425e+04 1.524158e+04 
4.630303e-02 1.357203e+04 1.434937e+04 
4.932323e-02 1.286680e+04 1.353089e+04 
5.234343e-02 1.230824e+04 1.277722e+04 
5.536364e-02 1.184993e+04 1.208107e+04 
5.838384e-02 1.146273e+04 1.143640e+04 
6.140404e-02 1.111462e+04 1.083812e+04 
6.442424e-02 1.077545e+04 1.028188e+04 
6.744444e-02 1.042493e+04 9.763890e+03 
7.046465e-02 1.004826e+04 9.280837e+03 
7.348485e-02 9.637690e+03 8.829777e+03 
7.650505e-02 9.193518e+03 8.408079e+03 
7.952525e-02 8.722969e+03 8.013383e+03 
8.254545e-02 8.238078e+03 7.643558e+03 
8.556566e-02 7.753478e+03 7.296675e+03 
8.858586e-02 7.283418e+03 6.970985e+03 
9.160606e-02 6.840909e+03 6.664893e+03 
9.462626e-02 6.436715e+03 6.376949e+03 
9.764646e-02 6.078560e+03 6.105825e+03 
1.006667e-01 5.770711e+03 5.850310e+03 
1.036869e-01 5.513781e+03 5.609295e+03 
1.067071e-01 5.304553e+03 5.381760e+03 
1.097273e-01 5.137148e+03 5.166772e+03 
1.127475e-01 5.003211e+03 4.963474e+03 
1.157677e-01 4.893593e+03 4.771076e+03 
1.187879e-01 4.799190e+03 4.588851e+03 
1.218081e-01 4.711380e+03 4.416130e+03 
1.248283e-01 4.622357e+03 4.252295e+03 
1.278485e-01 4.525878e+03 4.096775e+03 
1.308687e-01 4.417310e+03 3.949045e+03 
1.338889e-01 4.294840e+03 3.808615e+03 
1.369091e-01 4.158516e+03 3.675034e+03 
1.399293e-01 4.010651e+03 3.547885e+03 
1.429495e-01 3.854552e+03 3.426778e+03 
1.459697e-01 3.694435e+03 3.311354e+03 
1.489899e-01 3.534621e+03 3.201278e+03 
1.520101e-01 3.379385e+03 3.096238e+03 
1.550303e-01 3.232643e+03 2.995945e+03 
1.580505e-01 3.097913e+03 2.900128e+03 
1.610707e-01 2.977746e+03 2.808536e+03 
1.640909e-01 2.873739e+03 2.720935e+03 
1.671111e-01 2.785651e+03 2.637104e+03 
1.701313e-01 2.712245e+03 2.556840e+03 
1.731515e-01 2.651214e+03 2.479951e+03 
1.761717e-01 2.599906e+03 2.406258e+03 
1.791919e-01 2.555464e+03 2.335592e+03 
1.822121e-01 2.515267e+03 2.267797e+03 
1.852323e-01 2.476854e+03 2.202725e+03 
1.882525e-01 2.437950e+03 2.140238e+03 
1.912727e-01 2.396515e+03 2.080205e+03 
1.942929e-01 2.350959e+03 2.022506e+03 
1.973131e-01 2.300372e+03 1.967024e+03 
2.003333e-01 2.244681e+03 1.913651e+03 
2.033535e-01 2.184600e+03 1.862287e+03 
2.063737e-01 2.121409e+03 1.812835e+03 
2.093939e-01 2.056643e+03 1.765206e+03 
2.124141e-01 1.991895e+03 1.719312e+03 
2.154343e-01 1.928618e+03 1.675076e+03 
2.184545e-01 1.868087e+03 1.632419e+03 
2.214747e-01 1.811302e+03 1.591272e+03 
2.244949e-01 1.759036e+03 1.551565e+03 
2.275152e-01 1.711828e+03 1.513235e+03 
2.305354e-01 1.669837e+03 1.476222e+03 
2.335556e-01 1.632929e+03 1.440467e+03 
2.365758e-01 1.600568e+03 1.405916e+03 
2.395960e-01 1.572031e+03 1.372518e+03 
2.426162e-01 1.546419e+03 1.340223e+03 
2.456364e-01 1.522794e+03 1.308986e+03 
2.486566e-01 1.500204e+03 1.278762e+03 
2.516768e-01 1.477804e+03 1.249509e+03 
2.546970e-01 1.454860e+03 1.221188e+03 
2.577172e-01 1.430864e+03 1.193760e+03 
2.607374e-01 1.405481e+03 1.167191e+03 
2.637576e-01 1.378631e+03 1.141445e+03 
2.667778e-01 1.350412e+03 1.116490e+03 
2.697980e-01 1.321144e+03 1.092295e+03 
2.728182e-01 1.291234e+03 1.068831e+03 
2.758384e-01 1.261156e+03 1.046069e+03 
2.788586e-01 1.231385e+03 1.023983e+03 
2.818788e-01 1.202382e+03 1.002547e+03 
2.848990e-01 1.174544e+03 9.817368e+02 
2.879192e-01 1.148199e+03 9.615287e+02 
2.909394e-01 1.123555e+03 9.419006e+02 
2.939596e-01 1.100733e+03 9.228314e+02 
2.969798e-01 1.079743e+03 9.043006e+02 
3.000000e-01 1.060484e+03 8.862889e+02 
