1.000000e-03 3.291659e+03 3.291624e+03 
4.020202e-03 1.095177e+04 1.103625e+04 
7.040404e-03 1.603399e+04 1.613754e+04 
1.006061e-02 1.921950e+04 1.930490e+04 
1.308081e-02 2.099943e+04 2.105555e+04 
1.610101e-02 2.173098e+04 2.172206e+04 
1.912121e-02 2.169149e+04 2.157122e+04 
2.214141e-02 2.110748e+04 2.087716e+04 
2.516162e-02 2.016832e+04 1.989912e+04 
2.818182e-02 1.902909e+04 1.882679e+04 
3.120202e-02 1.781281e+04 1.776587e+04 
3.422222e-02 1.661152e+04 1.676136e+04 
3.724242e-02 1.548800e+04 1.582605e+04 
4.026263e-02 1.448062e+04 1.495917e+04 
4.328283e-02 1.360662e+04 1.415550e+04 
4.630303e-02 1.286079e+04 1.340907e+04 
4.932323e-02 1.224086e+04 1.271438e+04 
5.234343e-02 1.173470e+04 1.206664e+04 
5.536364e-02 1.130499e+04 1.146174e+04 
5.838384e-02 1.092817e+04 1.089613e+04 
6.140404e-02 1.058588e+04 1.036666e+04 
6.442424e-02 1.025629e+04 9.870561e+03 
6.744444e-02 9.921525e+03 9.405325e+03 
7.046465e-02 9.569020e+03 8.968677e+03 
7.348485e-02 9.192396e+03 8.558543e+03 
7.650505e-02 8.792076e+03 8.173021e+03 
7.952525e-02 8.373995e+03 7.810362e+03 
8.254545e-02 7.948197e+03 7.468958e+03 
8.556566e-02 7.525850e+03 7.147326e+03 
8.858586e-02 7.117317e+03 6.844097e+03 
9.160606e-02 6.731519e+03 6.558009e+03 
9.462626e-02 6.375615e+03 6.287895e+03 
9.764646e-02 6.055024e+03 6.032679e+03 
1.006667e-01 5.773745e+03 5.791364e+03 
1.036869e-01 5.532788e+03 5.563030e+03 
1.067071e-01 5.331026e+03 5.346827e+03 
1.097273e-01 5.163829e+03 5.141966e+03 
1.127475e-01 5.024961e+03 4.947718e+03 
1.157677e-01 4.906529e+03 4.763409e+03 
1.187879e-01 4.800744e+03 4.588411e+03 
1.218081e-01 4.700496e+03 4.422145e+03 
1.248283e-01 4.600035e+03 4.264073e+03 
1.278485e-01 4.495056e+03 4.113694e+03 
1.308687e-01 4.382627e+03 3.970545e+03 
1.338889e-01 4.260940e+03 3.834193e+03 
1.369091e-01 4.130050e+03 3.704237e+03 
1.399293e-01 3.991116e+03 3.580304e+03 
1.429495e-01 3.846720e+03 3.462046e+03 
1.459697e-01 3.699955e+03 3.349138e+03 
1.489899e-01 3.554285e+03 3.241277e+03 
1.520101e-01 3.413058e+03 3.138183e+03 
1.550303e-01 3.279343e+03 3.039589e+03 
1.580505e-01 3.155601e+03 2.945252e+03 
1.610707e-01 3.043668e+03 2.854939e+03 
1.640909e-01 2.944410e+03 2.768436e+03 
1.671111e-01 2.857967e+03 2.685540e+03 
1.701313e-01 2.783410e+03 2.606063e+03 
1.731515e-01 2.719244e+03 2.529827e+03 
1.761717e-01 2.663339e+03 2.456665e+03 
1.791919e-01 2.613440e+03 2.386422e+03 
1.822121e-01 2.567322e+03 2.318951e+03 
1.852323e-01 2.522939e+03 2.254113e+03 
1.882525e-01 2.478497e+03 2.191779e+03 
1.912727e-01 2.432539e+03 2.131827e+03 
1.942929e-01 2.383924e+03 2.074142e+03 
1.973131e-01 2.332067e+03 2.018616e+03 
2.003333e-01 2.276793e+03 1.965146e+03 
2.033535e-01 2.218626e+03 1.913636e+03 
2.063737e-01 2.158418e+03 1.863995e+03 
2.093939e-01 2.097353e+03 1.816138e+03 
2.124141e-01 2.036623e+03 1.769982e+03 
2.154343e-01 1.977311e+03 1.725452e+03 
2.184545e-01 1.920377e+03 1.682475e+03 
2.214747e-01 1.866627e+03 1.640983e+03 
2.244949e-01 1.816653e+03 1.600909e+03 
2.275152e-01 1.770851e+03 1.562193e+03 
2.305354e-01 1.729300e+03 1.524777e+03 
2.335556e-01 1.691869e+03 1.488604e+03 
2.365758e-01 1.658125e+03 1.453623e+03 
2.395960e-01 1.627498e+03 1.419783e+03 
2.426162e-01 1.599283e+03 1.387037e+03 
2.456364e-01 1.572779e+03 1.355341e+03 
2.486566e-01 1.547326e+03 1.324651e+03 
2.516768e-01 1.522324e+03 1.294927e+03 
2.546970e-01 1.497242e+03 1.266130e+03 
2.577172e-01 1.471648e+03 1.238224e+03 
2.607374e-01 1.445211e+03 1.211173e+03 
2.637576e-01 1.417826e+03 1.184944e+03 
2.667778e-01 1.389538e+03 1.159505e+03 
2.697980e-01 1.360600e+03 1.134826e+03 
2.728182e-01 1.331350e+03 1.110878e+03 
2.758384e-01 1.302194e+03 1.087633e+03 
2.788586e-01 1.273510e+03 1.065066e+03 
2.818788e-01 1.245615e+03 1.043150e+03 
2.848990e-01 1.218752e+03 1.021863e+03 
2.879192e-01 1.193097e+03 1.001180e+03 
2.909394e-01 1.168793e+03 9.810804e+02 
2.939596e-01 1.145949e+03 9.615429e+02 
2.969798e-01 1.124592e+03 9.425476e+02 
3.000000e-01 1.104684e+03 9.240751e+02 
