1.000000e-03 3.511632e+03 3.511595e+03 
4.020202e-03 1.161858e+04 1.170849e+04 
7.040404e-03 1.691314e+04 1.702162e+04 
1.006061e-02 2.016472e+04 2.025383e+04 
1.308081e-02 2.191881e+04 2.197696e+04 
1.610101e-02 2.256800e+04 2.255538e+04 
1.912121e-02 2.241455e+04 2.228335e+04 
2.214141e-02 2.170387e+04 2.146207e+04 
2.516162e-02 2.063959e+04 2.036959e+04 
2.818182e-02 1.938622e+04 1.920222e+04 
3.120202e-02 1.807269e+04 1.806449e+04 
3.422222e-02 1.679374e+04 1.699773e+04 
3.724242e-02 1.561191e+04 1.601131e+04 
4.026263e-02 1.456407e+04 1.510190e+04 
4.328283e-02 1.366372e+04 1.426247e+04 
4.630303e-02 1.290267e+04 1.348576e+04 
4.932323e-02 1.227704e+04 1.276532e+04 
5.234343e-02 1.176783e+04 1.209563e+04 
5.536364e-02 1.133441e+04 1.147199e+04 
5.838384e-02 1.095483e+04 1.089039e+04 
6.140404e-02 1.060744e+04 1.034729e+04 
6.442424e-02 1.026638e+04 9.839576e+03 
6.744444e-02 9.915430e+03 9.364473e+03 
7.046465e-02 9.544047e+03 8.919465e+03 
7.348485e-02 9.147005e+03 8.502274e+03 
7.650505e-02 8.726617e+03 8.110823e+03 
7.952525e-02 8.290475e+03 7.743212e+03 
8.254545e-02 7.849363e+03 7.397704e+03 
8.556566e-02 7.415195e+03 7.072702e+03 
8.858586e-02 6.998683e+03 6.766741e+03 
9.160606e-02 6.609032e+03 6.478475e+03 
9.462626e-02 6.253710e+03 6.206662e+03 
9.764646e-02 5.937960e+03 5.950164e+03 
1.006667e-01 5.665130e+03 5.707929e+03 
1.036869e-01 5.434819e+03 5.478987e+03 
1.067071e-01 5.244160e+03 5.262447e+03 
1.097273e-01 5.087088e+03 5.057484e+03 
1.127475e-01 4.956171e+03 4.863336e+03 
1.157677e-01 4.842937e+03 4.679301e+03 
1.187879e-01 4.739716e+03 4.504727e+03 
1.218081e-01 4.639620e+03 4.339014e+03 
1.248283e-01 4.537209e+03 4.181603e+03 
1.278485e-01 4.428120e+03 4.031979e+03 
1.308687e-01 4.309829e+03 3.889663e+03 
1.338889e-01 4.181234e+03 3.754210e+03 
1.369091e-01 4.043218e+03 3.625209e+03 
1.399293e-01 3.897911e+03 3.502276e+03 
1.429495e-01 3.748592e+03 3.385053e+03 
1.459697e-01 3.598844e+03 3.273211e+03 
1.489899e-01 3.452341e+03 3.166439e+03 
1.520101e-01 3.312317e+03 3.064450e+03 
1.550303e-01 3.181632e+03 2.966974e+03 
1.580505e-01 3.062439e+03 2.873762e+03 
1.610707e-01 2.956228e+03 2.784579e+03 
1.640909e-01 2.863495e+03 2.699206e+03 
1.671111e-01 2.783780e+03 2.617439e+03 
1.701313e-01 2.715643e+03 2.539085e+03 
1.731515e-01 2.657008e+03 2.463965e+03 
1.761717e-01 2.605422e+03 2.391912e+03 
1.791919e-01 2.558437e+03 2.322766e+03 
1.822121e-01 2.513740e+03 2.256381e+03 
1.852323e-01 2.469477e+03 2.192617e+03 
1.882525e-01 2.424038e+03 2.131343e+03 
1.912727e-01 2.376119e+03 2.072436e+03 
1.942929e-01 2.324908e+03 2.015782e+03 
1.973131e-01 2.270147e+03 1.961270e+03 
2.003333e-01 2.212172e+03 1.908799e+03 
2.033535e-01 2.151747e+03 1.858271e+03 
2.063737e-01 2.090005e+03 1.809596e+03 
2.093939e-01 2.028219e+03 1.762687e+03 
2.124141e-01 1.967675e+03 1.717463e+03 
2.154343e-01 1.909503e+03 1.673848e+03 
2.184545e-01 1.854538e+03 1.631769e+03 
2.214747e-01 1.803415e+03 1.591157e+03 
2.244949e-01 1.756561e+03 1.551948e+03 
2.275152e-01 1.714093e+03 1.514079e+03 
2.305354e-01 1.675885e+03 1.477493e+03 
2.335556e-01 1.641525e+03 1.442135e+03 
2.365758e-01 1.610460e+03 1.407952e+03 
2.395960e-01 1.581995e+03 1.374894e+03 
2.426162e-01 1.555416e+03 1.342915e+03 
2.456364e-01 1.530018e+03 1.311969e+03 
2.486566e-01 1.505129e+03 1.282015e+03 
2.516768e-01 1.480128e+03 1.253011e+03 
2.546970e-01 1.454538e+03 1.224920e+03 
2.577172e-01 1.428022e+03 1.197704e+03 
2.607374e-01 1.400510e+03 1.171330e+03 
2.637576e-01 1.372085e+03 1.145764e+03 
2.667778e-01 1.343021e+03 1.120974e+03 
2.697980e-01 1.313660e+03 1.096931e+03 
2.728182e-01 1.284400e+03 1.073606e+03 
2.758384e-01 1.255595e+03 1.050971e+03 
2.788586e-01 1.227553e+03 1.029000e+03 
2.818788e-01 1.200539e+03 1.007669e+03 
2.848990e-01 1.174782e+03 9.869543e+02 
2.879192e-01 1.150459e+03 9.668324e+02 
2.909394e-01 1.127691e+03 9.472821e+02 
2.939596e-01 1.106480e+03 9.282825e+02 
2.969798e-01 1.086742e+03 9.098140e+02 
3.000000e-01 1.068290e+03 8.918576e+02 
