1.000000e-03 2.672295e+03 2.672262e+03 
4.020202e-03 8.864313e+03 8.932756e+03 
7.040404e-03 1.291247e+04 1.297991e+04 
1.006061e-02 1.543272e+04 1.544357e+04 
1.308081e-02 1.686573e+04 1.679452e+04 
1.610101e-02 1.752049e+04 1.735336e+04 
1.912121e-02 1.762389e+04 1.737006e+04 
2.214141e-02 1.734969e+04 1.705200e+04 
2.516162e-02 1.683261e+04 1.655083e+04 
2.818182e-02 1.617664e+04 1.595982e+04 
3.120202e-02 1.545920e+04 1.533033e+04 
3.422222e-02 1.473488e+04 1.469006e+04 
3.724242e-02 1.403858e+04 1.405447e+04 
4.026263e-02 1.338942e+04 1.343266e+04 
4.328283e-02 1.279448e+04 1.283015e+04 
4.630303e-02 1.225116e+04 1.225027e+04 
4.932323e-02 1.175523e+04 1.169490e+04 
5.234343e-02 1.129730e+04 1.116494e+04 
5.536364e-02 1.086068e+04 1.066058e+04 
5.838384e-02 1.043829e+04 1.018154e+04 
6.140404e-02 1.002780e+04 9.727216e+03 
6.442424e-02 9.623135e+03 9.296772e+03 
6.744444e-02 9.220980e+03 8.889236e+03 
7.046465e-02 8.822126e+03 8.503559e+03 
7.348485e-02 8.430686e+03 8.138648e+03 
7.650505e-02 8.052278e+03 7.793407e+03 
7.952525e-02 7.693037e+03 7.466750e+03 
8.254545e-02 7.357037e+03 7.157619e+03 
8.556566e-02 7.046326e+03 6.864997e+03 
8.858586e-02 6.760649e+03 6.587907e+03 
9.160606e-02 6.499128e+03 6.325422e+03 
9.462626e-02 6.260624e+03 6.076664e+03 
9.764646e-02 6.043627e+03 5.840806e+03 
1.006667e-01 5.845893e+03 5.617066e+03 
1.036869e-01 5.664004e+03 5.404714e+03 
1.067071e-01 5.493492e+03 5.203063e+03 
1.097273e-01 5.329425e+03 5.011470e+03 
1.127475e-01 5.168461e+03 4.829334e+03 
1.157677e-01 5.008404e+03 4.656093e+03 
1.187879e-01 4.848810e+03 4.491221e+03 
1.218081e-01 4.690360e+03 4.334227e+03 
1.248283e-01 4.534077e+03 4.184652e+03 
1.278485e-01 4.381200e+03 4.042068e+03 
1.308687e-01 4.233054e+03 3.906074e+03 
1.338889e-01 4.090990e+03 3.776295e+03 
1.369091e-01 3.955985e+03 3.652382e+03 
1.399293e-01 3.828747e+03 3.534007e+03 
1.429495e-01 3.709545e+03 3.420864e+03 
1.459697e-01 3.598344e+03 3.312666e+03 
1.489899e-01 3.494774e+03 3.209145e+03 
1.520101e-01 3.398234e+03 3.110050e+03 
1.550303e-01 3.307952e+03 3.015144e+03 
1.580505e-01 3.223032e+03 2.924207e+03 
1.610707e-01 3.142383e+03 2.837032e+03 
1.640909e-01 3.064800e+03 2.753425e+03 
1.671111e-01 2.989297e+03 2.673201e+03 
1.701313e-01 2.915072e+03 2.596191e+03 
1.731515e-01 2.841839e+03 2.522233e+03 
1.761717e-01 2.769658e+03 2.451174e+03 
1.791919e-01 2.698668e+03 2.382872e+03 
1.822121e-01 2.629053e+03 2.317193e+03 
1.852323e-01 2.561016e+03 2.254010e+03 
1.882525e-01 2.494780e+03 2.193204e+03 
1.912727e-01 2.430656e+03 2.134661e+03 
1.942929e-01 2.369007e+03 2.078277e+03 
1.973131e-01 2.310078e+03 2.023949e+03 
2.003333e-01 2.254013e+03 1.971585e+03 
2.033535e-01 2.200745e+03 1.921093e+03 
2.063737e-01 2.150059e+03 1.872390e+03 
2.093939e-01 2.101675e+03 1.825396e+03 
2.124141e-01 2.055274e+03 1.780034e+03 
2.154343e-01 2.010623e+03 1.736234e+03 
2.184545e-01 1.967541e+03 1.693926e+03 
2.214747e-01 1.925820e+03 1.653047e+03 
2.244949e-01 1.885229e+03 1.613535e+03 
2.275152e-01 1.845575e+03 1.575332e+03 
2.305354e-01 1.806701e+03 1.538384e+03 
2.335556e-01 1.768583e+03 1.502639e+03 
2.365758e-01 1.731292e+03 1.468046e+03 
2.395960e-01 1.694890e+03 1.434558e+03 
2.426162e-01 1.659423e+03 1.402131e+03 
2.456364e-01 1.624908e+03 1.370722e+03 
2.486566e-01 1.591340e+03 1.340290e+03 
2.516768e-01 1.558730e+03 1.310797e+03 
2.546970e-01 1.527106e+03 1.282207e+03 
2.577172e-01 1.496508e+03 1.254482e+03 
2.607374e-01 1.466988e+03 1.227592e+03 
2.637576e-01 1.438530e+03 1.201503e+03 
2.667778e-01 1.411063e+03 1.176185e+03 
2.697980e-01 1.384478e+03 1.151609e+03 
2.728182e-01 1.358635e+03 1.127748e+03 
2.758384e-01 1.333454e+03 1.104575e+03 
2.788586e-01 1.308894e+03 1.082065e+03 
2.818788e-01 1.284936e+03 1.060193e+03 
2.848990e-01 1.261571e+03 1.038937e+03 
2.879192e-01 1.238775e+03 1.018274e+03 
2.909394e-01 1.216519e+03 9.981840e+02 
2.939596e-01 1.194768e+03 9.786460e+02 
2.969798e-01 1.173485e+03 9.596408e+02 
3.000000e-01 1.152664e+03 9.411498e+02 
