1.000000e-03 4.448485e+03 4.448433e+03 
4.020202e-03 1.438470e+04 1.449687e+04 
7.040404e-03 2.065171e+04 2.078639e+04 
1.006061e-02 2.434594e+04 2.446369e+04 
1.308081e-02 2.619520e+04 2.628587e+04 
1.610101e-02 2.670801e+04 2.671747e+04 
1.912121e-02 2.626756e+04 2.612804e+04 
2.214141e-02 2.518230e+04 2.489762e+04 
2.516162e-02 2.370396e+04 2.337774e+04 
2.818182e-02 2.203534e+04 2.181360e+04 
3.120202e-02 2.033183e+04 2.033025e+04 
3.422222e-02 1.870565e+04 1.897099e+04 
3.724242e-02 1.722826e+04 1.773900e+04 
4.026263e-02 1.593938e+04 1.662290e+04 
4.328283e-02 1.484917e+04 1.560827e+04 
4.630303e-02 1.394410e+04 1.468181e+04 
4.932323e-02 1.321717e+04 1.383230e+04 
5.234343e-02 1.263909e+04 1.305057e+04 
5.536364e-02 1.216179e+04 1.232904e+04 
5.838384e-02 1.175290e+04 1.166144e+04 
6.140404e-02 1.138106e+04 1.104242e+04 
6.442424e-02 1.101722e+04 1.046743e+04 
6.744444e-02 1.064165e+04 9.932489e+03 
7.046465e-02 1.024070e+04 9.434088e+03 
7.348485e-02 9.807387e+03 8.969124e+03 
7.650505e-02 9.342625e+03 8.534820e+03 
7.952525e-02 8.854362e+03 8.128683e+03 
8.254545e-02 8.355091e+03 7.748465e+03 
8.556566e-02 7.859753e+03 7.392132e+03 
8.858586e-02 7.382614e+03 7.057839e+03 
9.160606e-02 6.936259e+03 6.743910e+03 
9.462626e-02 6.530813e+03 6.448816e+03 
9.764646e-02 6.173093e+03 6.171165e+03 
1.006667e-01 5.866746e+03 5.909686e+03 
1.036869e-01 5.611280e+03 5.663214e+03 
1.067071e-01 5.402931e+03 5.430684e+03 
1.097273e-01 5.235141e+03 5.211119e+03 
1.127475e-01 5.099473e+03 5.003623e+03 
1.157677e-01 4.986582e+03 4.807371e+03 
1.187879e-01 4.887231e+03 4.621607e+03 
1.218081e-01 4.792721e+03 4.445633e+03 
1.248283e-01 4.695683e+03 4.278805e+03 
1.278485e-01 4.590233e+03 4.120532e+03 
1.308687e-01 4.472437e+03 3.970264e+03 
1.338889e-01 4.340943e+03 3.827496e+03 
1.369091e-01 4.196607e+03 3.691760e+03 
1.399293e-01 4.042146e+03 3.562622e+03 
1.429495e-01 3.881224e+03 3.439680e+03 
1.459697e-01 3.717920e+03 3.322561e+03 
1.489899e-01 3.556413e+03 3.210919e+03 
1.520101e-01 3.400816e+03 3.104432e+03 
1.550303e-01 3.254902e+03 3.002801e+03 
1.580505e-01 3.121927e+03 2.905748e+03 
1.610707e-01 3.004068e+03 2.813012e+03 
1.640909e-01 2.902479e+03 2.724353e+03 
1.671111e-01 2.816581e+03 2.639544e+03 
1.701313e-01 2.744783e+03 2.558375e+03 
1.731515e-01 2.684449e+03 2.480648e+03 
1.761717e-01 2.632759e+03 2.406179e+03 
1.791919e-01 2.587024e+03 2.334796e+03 
1.822121e-01 2.544713e+03 2.266337e+03 
1.852323e-01 2.503480e+03 2.200652e+03 
1.882525e-01 2.461195e+03 2.137597e+03 
1.912727e-01 2.415969e+03 2.077039e+03 
1.942929e-01 2.366531e+03 2.018854e+03 
1.973131e-01 2.312149e+03 1.962924e+03 
2.003333e-01 2.253115e+03 1.909138e+03 
2.033535e-01 2.190289e+03 1.857391e+03 
2.063737e-01 2.125183e+03 1.807587e+03 
2.093939e-01 2.059351e+03 1.759632e+03 
2.124141e-01 1.994295e+03 1.713440e+03 
2.154343e-01 1.931307e+03 1.668928e+03 
2.184545e-01 1.871505e+03 1.626019e+03 
2.214747e-01 1.815765e+03 1.584639e+03 
2.244949e-01 1.764767e+03 1.544719e+03 
2.275152e-01 1.718842e+03 1.506195e+03 
2.305354e-01 1.678045e+03 1.469003e+03 
2.335556e-01 1.642051e+03 1.433086e+03 
2.365758e-01 1.610265e+03 1.398387e+03 
2.395960e-01 1.581847e+03 1.364855e+03 
2.426162e-01 1.555886e+03 1.332439e+03 
2.456364e-01 1.531451e+03 1.301092e+03 
2.486566e-01 1.507709e+03 1.270770e+03 
2.516768e-01 1.483903e+03 1.241430e+03 
2.546970e-01 1.459416e+03 1.213030e+03 
2.577172e-01 1.433801e+03 1.185534e+03 
2.607374e-01 1.406851e+03 1.158904e+03 
2.637576e-01 1.378576e+03 1.133105e+03 
2.667778e-01 1.349183e+03 1.108105e+03 
2.697980e-01 1.319030e+03 1.083872e+03 
2.728182e-01 1.288563e+03 1.060376e+03 
2.758384e-01 1.258259e+03 1.037588e+03 
2.788586e-01 1.228577e+03 1.015482e+03 
2.818788e-01 1.199895e+03 9.940306e+02 
2.848990e-01 1.172532e+03 9.732100e+02 
2.879192e-01 1.146738e+03 9.529963e+02 
2.909394e-01 1.122672e+03 9.333669e+02 
2.939596e-01 1.100398e+03 9.143003e+02 
2.969798e-01 1.079866e+03 8.957759e+02 
3.000000e-01 1.060943e+03 8.777741e+02 
