1.000000e-03 5.284702e+03 5.284646e+03 
4.020202e-03 1.787601e+04 1.801414e+04 
7.040404e-03 2.625133e+04 2.644865e+04 
1.006061e-02 3.140449e+04 3.166147e+04 
1.308081e-02 3.409601e+04 3.444331e+04 
1.610101e-02 3.489994e+04 3.525835e+04 
1.912121e-02 3.428852e+04 3.446683e+04 
2.214141e-02 3.267033e+04 3.251814e+04 
2.516162e-02 3.040306e+04 2.995309e+04 
2.818182e-02 2.779271e+04 2.725139e+04 
3.120202e-02 2.508820e+04 2.471349e+04 
3.422222e-02 2.247734e+04 2.246382e+04 
3.724242e-02 2.008932e+04 2.051751e+04 
4.026263e-02 1.800245e+04 1.884206e+04 
4.328283e-02 1.623807e+04 1.739285e+04 
4.630303e-02 1.480370e+04 1.612815e+04 
4.932323e-02 1.369127e+04 1.501355e+04 
5.234343e-02 1.285149e+04 1.402205e+04 
5.536364e-02 1.223225e+04 1.313280e+04 
5.838384e-02 1.178576e+04 1.232965e+04 
6.140404e-02 1.146583e+04 1.160002e+04 
6.442424e-02 1.122045e+04 1.093390e+04 
6.744444e-02 1.100445e+04 1.032325e+04 
7.046465e-02 1.078021e+04 9.761489e+03 
7.348485e-02 1.051661e+04 9.243136e+03 
7.650505e-02 1.019308e+04 8.763583e+03 
7.952525e-02 9.800597e+03 8.318898e+03 
8.254545e-02 9.340959e+03 7.905691e+03 
8.556566e-02 8.825155e+03 7.521017e+03 
8.858586e-02 8.270480e+03 7.162295e+03 
9.160606e-02 7.697930e+03 6.827247e+03 
9.462626e-02 7.130140e+03 6.513854e+03 
9.764646e-02 6.588211e+03 6.220315e+03 
1.006667e-01 6.090943e+03 5.945018e+03 
1.036869e-01 5.651737e+03 5.686516e+03 
1.067071e-01 5.279127e+03 5.443502e+03 
1.097273e-01 4.975570e+03 5.214796e+03 
1.127475e-01 4.738889e+03 4.999328e+03 
1.157677e-01 4.563401e+03 4.796127e+03 
1.187879e-01 4.440724e+03 4.604307e+03 
1.218081e-01 4.361130e+03 4.423061e+03 
1.248283e-01 4.313816e+03 4.251652e+03 
1.278485e-01 4.287275e+03 4.089403e+03 
1.308687e-01 4.269557e+03 3.935696e+03 
1.338889e-01 4.249489e+03 3.789961e+03 
1.369091e-01 4.217058e+03 3.651676e+03 
1.399293e-01 4.164769e+03 3.520359e+03 
1.429495e-01 4.087731e+03 3.395565e+03 
1.459697e-01 3.984152e+03 3.276884e+03 
1.489899e-01 3.854999e+03 3.163938e+03 
1.520101e-01 3.703362e+03 3.056376e+03 
1.550303e-01 3.534658e+03 2.953872e+03 
1.580505e-01 3.355481e+03 2.856126e+03 
1.610707e-01 3.173415e+03 2.762858e+03 
1.640909e-01 2.995830e+03 2.673808e+03 
1.671111e-01 2.829540e+03 2.588734e+03 
1.701313e-01 2.679556e+03 2.507411e+03 
1.731515e-01 2.549409e+03 2.429629e+03 
1.761717e-01 2.440544e+03 2.355193e+03 
1.791919e-01 2.353087e+03 2.283920e+03 
1.822121e-01 2.285948e+03 2.215639e+03 
1.852323e-01 2.237199e+03 2.150192e+03 
1.882525e-01 2.204293e+03 2.087428e+03 
1.912727e-01 2.183923e+03 2.027209e+03 
1.942929e-01 2.172347e+03 1.969402e+03 
1.973131e-01 2.165416e+03 1.913885e+03 
2.003333e-01 2.159035e+03 1.860544e+03 
2.033535e-01 2.149334e+03 1.809268e+03 
2.063737e-01 2.133279e+03 1.759958e+03 
2.093939e-01 2.108608e+03 1.712516e+03 
2.124141e-01 2.074189e+03 1.666853e+03 
2.154343e-01 2.029829e+03 1.622884e+03 
2.184545e-01 1.976218e+03 1.580529e+03 
2.214747e-01 1.914832e+03 1.539712e+03 
2.244949e-01 1.847647e+03 1.500363e+03 
2.275152e-01 1.777126e+03 1.462414e+03 
2.305354e-01 1.705824e+03 1.425801e+03 
2.335556e-01 1.636258e+03 1.390466e+03 
2.365758e-01 1.570605e+03 1.356350e+03 
2.395960e-01 1.510692e+03 1.323400e+03 
2.426162e-01 1.457741e+03 1.291566e+03 
2.456364e-01 1.412519e+03 1.260799e+03 
2.486566e-01 1.375234e+03 1.231054e+03 
2.516768e-01 1.345608e+03 1.202287e+03 
2.546970e-01 1.322948e+03 1.174457e+03 
2.577172e-01 1.306157e+03 1.147526e+03 
2.607374e-01 1.293924e+03 1.121456e+03 
2.637576e-01 1.284760e+03 1.096212e+03 
2.667778e-01 1.277166e+03 1.071760e+03 
2.697980e-01 1.269688e+03 1.048070e+03 
2.728182e-01 1.261059e+03 1.025111e+03 
2.758384e-01 1.250191e+03 1.002853e+03 
2.788586e-01 1.236303e+03 9.812697e+02 
2.818788e-01 1.218885e+03 9.603349e+02 
2.848990e-01 1.197776e+03 9.400235e+02 
2.879192e-01 1.173168e+03 9.203120e+02 
2.909394e-01 1.145542e+03 9.011775e+02 
2.939596e-01 1.115653e+03 8.825986e+02 
2.969798e-01 1.084385e+03 8.645545e+02 
3.000000e-01 1.052702e+03 8.470257e+02 
