1.000000e-03 4.582024e+03 4.581976e+03 
4.020202e-03 1.530751e+04 1.542692e+04 
7.040404e-03 2.226092e+04 2.241553e+04 
1.006061e-02 2.643325e+04 2.659848e+04 
1.308081e-02 2.855029e+04 2.872712e+04 
1.610101e-02 2.914150e+04 2.926165e+04 
1.912121e-02 2.862360e+04 2.857699e+04 
2.214141e-02 2.734266e+04 2.709413e+04 
2.516162e-02 2.559001e+04 2.523965e+04 
2.818182e-02 2.360583e+04 2.333324e+04 
3.120202e-02 2.157822e+04 2.154585e+04 
3.422222e-02 1.964422e+04 1.993675e+04 
3.724242e-02 1.789294e+04 1.850741e+04 
4.026263e-02 1.637557e+04 1.723786e+04 
4.328283e-02 1.510110e+04 1.610418e+04 
4.630303e-02 1.406248e+04 1.508488e+04 
4.932323e-02 1.325628e+04 1.416232e+04 
5.234343e-02 1.263478e+04 1.332250e+04 
5.536364e-02 1.214979e+04 1.255429e+04 
5.838384e-02 1.176557e+04 1.184877e+04 
6.140404e-02 1.143736e+04 1.119869e+04 
6.442424e-02 1.112877e+04 1.059801e+04 
6.744444e-02 1.081195e+04 1.004166e+04 
7.046465e-02 1.046439e+04 9.525311e+03 
7.348485e-02 1.007250e+04 9.045208e+03 
7.650505e-02 9.631974e+03 8.598071e+03 
7.952525e-02 9.147564e+03 8.181008e+03 
8.254545e-02 8.632024e+03 7.791454e+03 
8.556566e-02 8.102080e+03 7.427118e+03 
8.858586e-02 7.576029e+03 7.085947e+03 
9.160606e-02 7.071682e+03 6.766094e+03 
9.462626e-02 6.604033e+03 6.465892e+03 
9.764646e-02 6.185369e+03 6.183829e+03 
1.006667e-01 5.823098e+03 5.918536e+03 
1.036869e-01 5.520572e+03 5.668767e+03 
1.067071e-01 5.276386e+03 5.433386e+03 
1.097273e-01 5.085507e+03 5.211358e+03 
1.127475e-01 4.940205e+03 5.001735e+03 
1.157677e-01 4.830800e+03 4.803649e+03 
1.187879e-01 4.746841e+03 4.616307e+03 
1.218081e-01 4.677683e+03 4.438978e+03 
1.248283e-01 4.613138e+03 4.270992e+03 
1.278485e-01 4.543849e+03 4.111730e+03 
1.308687e-01 4.462625e+03 3.960626e+03 
1.338889e-01 4.364326e+03 3.817153e+03 
1.369091e-01 4.247240e+03 3.680828e+03 
1.399293e-01 4.111725e+03 3.551203e+03 
1.429495e-01 3.960509e+03 3.427864e+03 
1.459697e-01 3.797467e+03 3.310427e+03 
1.489899e-01 3.627480e+03 3.198536e+03 
1.520101e-01 3.456073e+03 3.091861e+03 
1.550303e-01 3.289040e+03 2.990096e+03 
1.580505e-01 3.131747e+03 2.892956e+03 
1.610707e-01 2.988796e+03 2.800175e+03 
1.640909e-01 2.863331e+03 2.711506e+03 
1.671111e-01 2.756756e+03 2.626719e+03 
1.701313e-01 2.668685e+03 2.545599e+03 
1.731515e-01 2.597520e+03 2.467945e+03 
1.761717e-01 2.540936e+03 2.393571e+03 
1.791919e-01 2.496139e+03 2.322301e+03 
1.822121e-01 2.460158e+03 2.253970e+03 
1.852323e-01 2.429917e+03 2.188426e+03 
1.882525e-01 2.402208e+03 2.125524e+03 
1.912727e-01 2.373764e+03 2.065129e+03 
1.942929e-01 2.341773e+03 2.007115e+03 
1.973131e-01 2.303963e+03 1.951362e+03 
2.003333e-01 2.259240e+03 1.897758e+03 
2.033535e-01 2.207379e+03 1.846199e+03 
2.063737e-01 2.149235e+03 1.796586e+03 
2.093939e-01 2.086134e+03 1.748824e+03 
2.124141e-01 2.019747e+03 1.702827e+03 
2.154343e-01 1.951895e+03 1.658512e+03 
2.184545e-01 1.884433e+03 1.615799e+03 
2.214747e-01 1.819113e+03 1.574616e+03 
2.244949e-01 1.757518e+03 1.534893e+03 
2.275152e-01 1.700974e+03 1.496565e+03 
2.305354e-01 1.650373e+03 1.459567e+03 
2.335556e-01 1.606183e+03 1.423843e+03 
2.365758e-01 1.568293e+03 1.389336e+03 
2.395960e-01 1.536244e+03 1.355993e+03 
2.426162e-01 1.509235e+03 1.323765e+03 
2.456364e-01 1.486291e+03 1.292603e+03 
2.486566e-01 1.466281e+03 1.262463e+03 
2.516768e-01 1.448032e+03 1.233302e+03 
2.546970e-01 1.430374e+03 1.205080e+03 
2.577172e-01 1.412273e+03 1.177758e+03 
2.607374e-01 1.392848e+03 1.151299e+03 
2.637576e-01 1.371515e+03 1.125669e+03 
2.667778e-01 1.347950e+03 1.100834e+03 
2.697980e-01 1.322131e+03 1.076764e+03 
2.728182e-01 1.294314e+03 1.053427e+03 
2.758384e-01 1.264938e+03 1.030796e+03 
2.788586e-01 1.234542e+03 1.008843e+03 
2.818788e-01 1.203717e+03 9.875428e+02 
2.848990e-01 1.173111e+03 9.668698e+02 
2.879192e-01 1.143339e+03 9.468007e+02 
2.909394e-01 1.114949e+03 9.273129e+02 
2.939596e-01 1.088374e+03 9.083850e+02 
2.969798e-01 1.063941e+03 8.899964e+02 
3.000000e-01 1.041796e+03 8.721275e+02 
