1.000000e-03 3.647005e+03 3.646964e+03 
4.020202e-03 1.210879e+04 1.220261e+04 
7.040404e-03 1.764811e+04 1.776355e+04 
1.006061e-02 2.105164e+04 2.115250e+04 
1.308081e-02 2.288267e+04 2.295962e+04 
1.610101e-02 2.354842e+04 2.355824e+04 
1.912121e-02 2.336466e+04 2.324871e+04 
2.214141e-02 2.258913e+04 2.234490e+04 
2.516162e-02 2.143644e+04 2.114581e+04 
2.818182e-02 2.008214e+04 1.986859e+04 
3.120202e-02 1.866418e+04 1.863095e+04 
3.422222e-02 1.728433e+04 1.747919e+04 
3.724242e-02 1.601058e+04 1.642269e+04 
4.026263e-02 1.488342e+04 1.545606e+04 
4.328283e-02 1.391773e+04 1.456984e+04 
4.630303e-02 1.310560e+04 1.375459e+04 
4.932323e-02 1.244483e+04 1.300206e+04 
5.234343e-02 1.191441e+04 1.230538e+04 
5.536364e-02 1.147145e+04 1.165882e+04 
5.838384e-02 1.109254e+04 1.105755e+04 
6.140404e-02 1.075266e+04 1.049745e+04 
6.442424e-02 1.042320e+04 9.974937e+03 
6.744444e-02 1.008542e+04 9.486859e+03 
7.046465e-02 9.726114e+03 9.030417e+03 
7.348485e-02 9.337837e+03 8.603101e+03 
7.650505e-02 8.921073e+03 8.202645e+03 
7.952525e-02 8.482324e+03 7.826996e+03 
8.254545e-02 8.031988e+03 7.474288e+03 
8.556566e-02 7.582605e+03 7.142817e+03 
8.858586e-02 7.146350e+03 6.831029e+03 
9.160606e-02 6.734129e+03 6.537499e+03 
9.462626e-02 6.355019e+03 6.260923e+03 
9.764646e-02 6.015803e+03 6.000103e+03 
1.006667e-01 5.721180e+03 5.753940e+03 
1.036869e-01 5.472084e+03 5.521423e+03 
1.067071e-01 5.266595e+03 5.301622e+03 
1.097273e-01 5.099381e+03 5.093680e+03 
1.127475e-01 4.963271e+03 4.896808e+03 
1.157677e-01 4.849748e+03 4.710276e+03 
1.187879e-01 4.750567e+03 4.533413e+03 
1.218081e-01 4.657898e+03 4.365597e+03 
1.248283e-01 4.565180e+03 4.206253e+03 
1.278485e-01 4.466877e+03 4.054849e+03 
1.308687e-01 4.359228e+03 3.910893e+03 
1.338889e-01 4.240030e+03 3.773928e+03 
1.369091e-01 4.109117e+03 3.643529e+03 
1.399293e-01 3.967990e+03 3.519305e+03 
1.429495e-01 3.819597e+03 3.400889e+03 
1.459697e-01 3.667631e+03 3.287940e+03 
1.489899e-01 3.516108e+03 3.180144e+03 
1.520101e-01 3.368768e+03 3.077204e+03 
1.550303e-01 3.229075e+03 2.978847e+03 
1.580505e-01 3.099934e+03 2.884816e+03 
1.610707e-01 2.983610e+03 2.794871e+03 
1.640909e-01 2.881429e+03 2.708790e+03 
1.671111e-01 2.793591e+03 2.626364e+03 
1.701313e-01 2.719200e+03 2.547396e+03 
1.731515e-01 2.656437e+03 2.471705e+03 
1.761717e-01 2.602945e+03 2.399118e+03 
1.791919e-01 2.556179e+03 2.329476e+03 
1.822121e-01 2.513606e+03 2.262626e+03 
1.852323e-01 2.472920e+03 2.198429e+03 
1.882525e-01 2.432064e+03 2.136750e+03 
1.912727e-01 2.389355e+03 2.077465e+03 
1.942929e-01 2.343479e+03 2.020456e+03 
1.973131e-01 2.293534e+03 1.965613e+03 
2.003333e-01 2.239399e+03 1.912831e+03 
2.033535e-01 2.181507e+03 1.862013e+03 
2.063737e-01 2.120844e+03 1.813066e+03 
2.093939e-01 2.058647e+03 1.765903e+03 
2.124141e-01 1.996353e+03 1.720440e+03 
2.154343e-01 1.935326e+03 1.676601e+03 
2.184545e-01 1.876722e+03 1.634312e+03 
2.214747e-01 1.821500e+03 1.593503e+03 
2.244949e-01 1.770407e+03 1.554108e+03 
2.275152e-01 1.723850e+03 1.516066e+03 
2.305354e-01 1.681979e+03 1.479317e+03 
2.335556e-01 1.644623e+03 1.443805e+03 
2.365758e-01 1.611418e+03 1.409478e+03 
2.395960e-01 1.581748e+03 1.376285e+03 
2.426162e-01 1.554899e+03 1.344179e+03 
2.456364e-01 1.530072e+03 1.313113e+03 
2.486566e-01 1.506462e+03 1.283047e+03 
2.516768e-01 1.483276e+03 1.253937e+03 
2.546970e-01 1.459841e+03 1.225747e+03 
2.577172e-01 1.435597e+03 1.198438e+03 
2.607374e-01 1.410234e+03 1.171976e+03 
2.637576e-01 1.383617e+03 1.146327e+03 
2.667778e-01 1.355887e+03 1.121460e+03 
2.697980e-01 1.327298e+03 1.097343e+03 
2.728182e-01 1.298204e+03 1.073949e+03 
2.758384e-01 1.268986e+03 1.051250e+03 
2.788586e-01 1.240038e+03 1.029218e+03 
2.818788e-01 1.211733e+03 1.007830e+03 
2.848990e-01 1.184423e+03 9.870614e+02 
2.879192e-01 1.158404e+03 9.668889e+02 
2.909394e-01 1.133918e+03 9.472910e+02 
2.939596e-01 1.111089e+03 9.282467e+02 
2.969798e-01 1.089953e+03 9.097362e+02 
3.000000e-01 1.070415e+03 8.917403e+02 
