1.000000e-03 2.469515e+03 2.469492e+03 
4.020202e-03 8.120728e+03 8.188544e+03 
7.040404e-03 1.179127e+04 1.186112e+04 
1.006061e-02 1.408529e+04 1.409534e+04 
1.308081e-02 1.542324e+04 1.534485e+04 
1.610101e-02 1.609128e+04 1.591825e+04 
1.912121e-02 1.629083e+04 1.603853e+04 
2.214141e-02 1.616796e+04 1.587032e+04 
2.516162e-02 1.583151e+04 1.552674e+04 
2.818182e-02 1.536209e+04 1.507963e+04 
3.120202e-02 1.481855e+04 1.457354e+04 
3.422222e-02 1.424147e+04 1.403669e+04 
3.724242e-02 1.365972e+04 1.348749e+04 
4.026263e-02 1.308843e+04 1.293826e+04 
4.328283e-02 1.252853e+04 1.239724e+04 
4.630303e-02 1.200203e+04 1.186993e+04 
4.932323e-02 1.150935e+04 1.135986e+04 
5.234343e-02 1.103242e+04 1.086920e+04 
5.536364e-02 1.057154e+04 1.039916e+04 
5.838384e-02 1.012945e+04 9.950227e+03 
6.140404e-02 9.705867e+03 9.522427e+03 
6.442424e-02 9.299880e+03 9.115436e+03 
6.744444e-02 8.910248e+03 8.728700e+03 
7.046465e-02 8.536851e+03 8.361517e+03 
7.348485e-02 8.180899e+03 8.013089e+03 
7.650505e-02 7.843990e+03 7.682565e+03 
7.952525e-02 7.528005e+03 7.369072e+03 
8.254545e-02 7.233140e+03 7.071734e+03 
8.556566e-02 6.957706e+03 6.789690e+03 
8.858586e-02 6.699556e+03 6.522102e+03 
9.160606e-02 6.456192e+03 6.268160e+03 
9.462626e-02 6.226076e+03 6.027090e+03 
9.764646e-02 6.008673e+03 5.798156e+03 
1.006667e-01 5.803200e+03 5.580658e+03 
1.036869e-01 5.608557e+03 5.373935e+03 
1.067071e-01 5.423063e+03 5.177363e+03 
1.097273e-01 5.244528e+03 4.990356e+03 
1.127475e-01 5.071688e+03 4.812361e+03 
1.157677e-01 4.904215e+03 4.642860e+03 
1.187879e-01 4.742351e+03 4.481367e+03 
1.218081e-01 4.586827e+03 4.327425e+03 
1.248283e-01 4.438110e+03 4.180608e+03 
1.278485e-01 4.296405e+03 4.040515e+03 
1.308687e-01 4.161700e+03 3.906769e+03 
1.338889e-01 4.033804e+03 3.779020e+03 
1.369091e-01 3.912454e+03 3.656938e+03 
1.399293e-01 3.797187e+03 3.540214e+03 
1.429495e-01 3.687489e+03 3.428557e+03 
1.459697e-01 3.582841e+03 3.321696e+03 
1.489899e-01 3.482715e+03 3.219377e+03 
1.520101e-01 3.386640e+03 3.121359e+03 
1.550303e-01 3.294337e+03 3.027419e+03 
1.580505e-01 3.205556e+03 2.937346e+03 
1.610707e-01 3.120013e+03 2.850941e+03 
1.640909e-01 3.037397e+03 2.768018e+03 
1.671111e-01 2.957460e+03 2.688403e+03 
1.701313e-01 2.880135e+03 2.611929e+03 
1.731515e-01 2.805387e+03 2.538442e+03 
1.761717e-01 2.733228e+03 2.467797e+03 
1.791919e-01 2.663699e+03 2.399855e+03 
1.822121e-01 2.596793e+03 2.334486e+03 
1.852323e-01 2.532378e+03 2.271568e+03 
1.882525e-01 2.470308e+03 2.210986e+03 
1.912727e-01 2.410494e+03 2.152631e+03 
1.942929e-01 2.352883e+03 2.096399e+03 
1.973131e-01 2.297400e+03 2.042193e+03 
2.003333e-01 2.243923e+03 1.989922e+03 
2.033535e-01 2.192320e+03 1.939498e+03 
2.063737e-01 2.142442e+03 1.890839e+03 
2.093939e-01 2.094127e+03 1.843867e+03 
2.124141e-01 2.047258e+03 1.798509e+03 
2.154343e-01 2.001809e+03 1.754693e+03 
2.184545e-01 1.957765e+03 1.712354e+03 
2.214747e-01 1.915078e+03 1.671429e+03 
2.244949e-01 1.873687e+03 1.631858e+03 
2.275152e-01 1.833535e+03 1.593585e+03 
2.305354e-01 1.794569e+03 1.556555e+03 
2.335556e-01 1.756744e+03 1.520717e+03 
2.365758e-01 1.720052e+03 1.486023e+03 
2.395960e-01 1.684506e+03 1.452427e+03 
2.426162e-01 1.650083e+03 1.419884e+03 
2.456364e-01 1.616702e+03 1.388352e+03 
2.486566e-01 1.584277e+03 1.357792e+03 
2.516768e-01 1.552756e+03 1.328166e+03 
2.546970e-01 1.522100e+03 1.299437e+03 
2.577172e-01 1.492286e+03 1.271571e+03 
2.607374e-01 1.463317e+03 1.244535e+03 
2.637576e-01 1.435188e+03 1.218298e+03 
2.667778e-01 1.407856e+03 1.192829e+03 
2.697980e-01 1.381260e+03 1.168101e+03 
2.728182e-01 1.355351e+03 1.144085e+03 
2.758384e-01 1.330098e+03 1.120755e+03 
2.788586e-01 1.305476e+03 1.098087e+03 
2.818788e-01 1.281489e+03 1.076056e+03 
2.848990e-01 1.258146e+03 1.054641e+03 
2.879192e-01 1.235439e+03 1.033818e+03 
2.909394e-01 1.213331e+03 1.013568e+03 
2.939596e-01 1.191787e+03 9.938693e+02 
2.969798e-01 1.170776e+03 9.747038e+02 
3.000000e-01 1.150269e+03 9.560528e+02 
