1.000000e-03 2.790270e+03 2.790241e+03 
4.020202e-03 9.505271e+03 9.578924e+03 
7.040404e-03 1.402231e+04 1.410854e+04 
1.006061e-02 1.688405e+04 1.694225e+04 
1.308081e-02 1.851675e+04 1.853044e+04 
1.610101e-02 1.923495e+04 1.917590e+04 
1.912121e-02 1.928319e+04 1.912662e+04 
2.214141e-02 1.885975e+04 1.862628e+04 
2.516162e-02 1.812855e+04 1.788919e+04 
2.818182e-02 1.722283e+04 1.706273e+04 
3.120202e-02 1.624615e+04 1.622678e+04 
3.422222e-02 1.527523e+04 1.541677e+04 
3.724242e-02 1.436286e+04 1.464552e+04 
4.026263e-02 1.353934e+04 1.391616e+04 
4.328283e-02 1.280850e+04 1.322816e+04 
4.630303e-02 1.218416e+04 1.257980e+04 
4.932323e-02 1.166263e+04 1.196901e+04 
5.234343e-02 1.121437e+04 1.139372e+04 
5.536364e-02 1.081683e+04 1.085192e+04 
5.838384e-02 1.045318e+04 1.034167e+04 
6.140404e-02 1.010959e+04 9.861102e+03 
6.442424e-02 9.769557e+03 9.408442e+03 
6.744444e-02 9.420677e+03 8.981984e+03 
7.046465e-02 9.056757e+03 8.580101e+03 
7.348485e-02 8.676486e+03 8.201252e+03 
7.650505e-02 8.283391e+03 7.843976e+03 
7.952525e-02 7.885166e+03 7.506895e+03 
8.254545e-02 7.491480e+03 7.188713e+03 
8.556566e-02 7.111413e+03 6.888214e+03 
8.858586e-02 6.752528e+03 6.604259e+03 
9.160606e-02 6.420389e+03 6.335784e+03 
9.462626e-02 6.119110e+03 6.081795e+03 
9.764646e-02 5.851361e+03 5.841365e+03 
1.006667e-01 5.617952e+03 5.613632e+03 
1.036869e-01 5.418011e+03 5.397792e+03 
1.067071e-01 5.247698e+03 5.193097e+03 
1.097273e-01 5.101626e+03 4.998850e+03 
1.127475e-01 4.972674e+03 4.814405e+03 
1.157677e-01 4.854041e+03 4.639158e+03 
1.187879e-01 4.739541e+03 4.472549e+03 
1.218081e-01 4.624546e+03 4.314057e+03 
1.248283e-01 4.505744e+03 4.163194e+03 
1.278485e-01 4.381431e+03 4.019509e+03 
1.308687e-01 4.250932e+03 3.882580e+03 
1.338889e-01 4.114834e+03 3.752014e+03 
1.369091e-01 3.974479e+03 3.627445e+03 
1.399293e-01 3.832381e+03 3.508531e+03 
1.429495e-01 3.691323e+03 3.394952e+03 
1.459697e-01 3.554073e+03 3.286411e+03 
1.489899e-01 3.423131e+03 3.182628e+03 
1.520101e-01 3.300531e+03 3.083344e+03 
1.550303e-01 3.187761e+03 2.988315e+03 
1.580505e-01 3.085695e+03 2.897312e+03 
1.610707e-01 2.994553e+03 2.810121e+03 
1.640909e-01 2.913980e+03 2.726543e+03 
1.671111e-01 2.842795e+03 2.646390e+03 
1.701313e-01 2.779323e+03 2.569485e+03 
1.731515e-01 2.721537e+03 2.495663e+03 
1.761717e-01 2.667364e+03 2.424768e+03 
1.791919e-01 2.615063e+03 2.356654e+03 
1.822121e-01 2.563142e+03 2.291184e+03 
1.852323e-01 2.510557e+03 2.228229e+03 
1.882525e-01 2.456524e+03 2.167665e+03 
1.912727e-01 2.400602e+03 2.109380e+03 
1.942929e-01 2.342720e+03 2.053264e+03 
1.973131e-01 2.283224e+03 1.999215e+03 
2.003333e-01 2.222786e+03 1.947138e+03 
2.033535e-01 2.162327e+03 1.896941e+03 
2.063737e-01 2.102798e+03 1.848538e+03 
2.093939e-01 2.045130e+03 1.801848e+03 
2.124141e-01 1.990041e+03 1.756795e+03 
2.154343e-01 1.938098e+03 1.713305e+03 
2.184545e-01 1.889566e+03 1.671310e+03 
2.214747e-01 1.844574e+03 1.630745e+03 
2.244949e-01 1.803089e+03 1.591547e+03 
2.275152e-01 1.764925e+03 1.553659e+03 
2.305354e-01 1.729666e+03 1.517024e+03 
2.335556e-01 1.696801e+03 1.481591e+03 
2.365758e-01 1.665731e+03 1.447309e+03 
2.395960e-01 1.635902e+03 1.414130e+03 
2.426162e-01 1.606813e+03 1.382010e+03 
2.456364e-01 1.578075e+03 1.350905e+03 
2.486566e-01 1.549378e+03 1.320775e+03 
2.516768e-01 1.520499e+03 1.291580e+03 
2.546970e-01 1.491282e+03 1.263285e+03 
2.577172e-01 1.461702e+03 1.235852e+03 
2.607374e-01 1.431833e+03 1.209250e+03 
2.637576e-01 1.401919e+03 1.183446e+03 
2.667778e-01 1.372255e+03 1.158409e+03 
2.697980e-01 1.343170e+03 1.134111e+03 
2.728182e-01 1.314939e+03 1.110524e+03 
2.758384e-01 1.287755e+03 1.087620e+03 
2.788586e-01 1.261728e+03 1.065376e+03 
2.818788e-01 1.236897e+03 1.043766e+03 
2.848990e-01 1.213267e+03 1.022768e+03 
2.879192e-01 1.190819e+03 1.002359e+03 
2.909394e-01 1.169509e+03 9.825187e+02 
2.939596e-01 1.149267e+03 9.632265e+02 
2.969798e-01 1.129956e+03 9.444632e+02 
3.000000e-01 1.111410e+03 9.262102e+02 
