1.000000e-03 3.156863e+03 3.156825e+03 
4.020202e-03 1.041981e+04 1.050004e+04 
7.040404e-03 1.519648e+04 1.528977e+04 
1.006061e-02 1.817405e+04 1.823771e+04 
1.308081e-02 1.983619e+04 1.985384e+04 
1.610101e-02 2.052868e+04 2.046949e+04 
1.912121e-02 2.051541e+04 2.034982e+04 
2.214141e-02 2.000914e+04 1.975418e+04 
2.516162e-02 1.918297e+04 1.891239e+04 
2.818182e-02 1.817851e+04 1.798374e+04 
3.120202e-02 1.710487e+04 1.705442e+04 
3.422222e-02 1.604301e+04 1.616180e+04 
3.724242e-02 1.504841e+04 1.531831e+04 
4.026263e-02 1.415248e+04 1.452585e+04 
4.328283e-02 1.335977e+04 1.378252e+04 
4.630303e-02 1.268480e+04 1.308536e+04 
4.932323e-02 1.212216e+04 1.243130e+04 
5.234343e-02 1.164222e+04 1.181743e+04 
5.536364e-02 1.121974e+04 1.124108e+04 
5.838384e-02 1.083667e+04 1.069975e+04 
6.140404e-02 1.047895e+04 1.019114e+04 
6.442424e-02 1.012775e+04 9.713097e+03 
6.744444e-02 9.768879e+03 9.263595e+03 
7.046465e-02 9.394612e+03 8.840744e+03 
7.348485e-02 9.002425e+03 8.442774e+03 
7.650505e-02 8.595268e+03 8.068026e+03 
7.952525e-02 8.180589e+03 7.714951e+03 
8.254545e-02 7.768538e+03 7.382102e+03 
8.556566e-02 7.368809e+03 7.068132e+03 
8.858586e-02 6.989666e+03 6.771787e+03 
9.160606e-02 6.637280e+03 6.491899e+03 
9.462626e-02 6.316334e+03 6.227383e+03 
9.764646e-02 6.030029e+03 5.977231e+03 
1.006667e-01 5.779802e+03 5.740509e+03 
1.036869e-01 5.565192e+03 5.516347e+03 
1.067071e-01 5.383031e+03 5.303940e+03 
1.097273e-01 5.228085e+03 5.102539e+03 
1.127475e-01 5.093147e+03 4.911449e+03 
1.157677e-01 4.971043e+03 4.730026e+03 
1.187879e-01 4.854893e+03 4.557670e+03 
1.218081e-01 4.739529e+03 4.393825e+03 
1.248283e-01 4.620949e+03 4.237973e+03 
1.278485e-01 4.496924e+03 4.089634e+03 
1.308687e-01 4.366227e+03 3.948359e+03 
1.338889e-01 4.229083e+03 3.813732e+03 
1.369091e-01 4.086599e+03 3.685366e+03 
1.399293e-01 3.941124e+03 3.562898e+03 
1.429495e-01 3.795360e+03 3.445991e+03 
1.459697e-01 3.652265e+03 3.334331e+03 
1.489899e-01 3.514568e+03 3.227623e+03 
1.520101e-01 3.384709e+03 3.125595e+03 
1.550303e-01 3.264513e+03 3.027988e+03 
1.580505e-01 3.155302e+03 2.934564e+03 
1.610707e-01 3.057551e+03 2.845098e+03 
1.640909e-01 2.971167e+03 2.759380e+03 
1.671111e-01 2.895128e+03 2.677212e+03 
1.701313e-01 2.827945e+03 2.598410e+03 
1.731515e-01 2.767563e+03 2.522801e+03 
1.761717e-01 2.711886e+03 2.450222e+03 
1.791919e-01 2.658961e+03 2.380520e+03 
1.822121e-01 2.607110e+03 2.313552e+03 
1.852323e-01 2.555008e+03 2.249183e+03 
1.882525e-01 2.501656e+03 2.187284e+03 
1.912727e-01 2.446358e+03 2.127738e+03 
1.942929e-01 2.388857e+03 2.070430e+03 
1.973131e-01 2.329232e+03 2.015255e+03 
2.003333e-01 2.268090e+03 1.962113e+03 
2.033535e-01 2.206289e+03 1.910908e+03 
2.063737e-01 2.144879e+03 1.861552e+03 
2.093939e-01 2.084885e+03 1.813959e+03 
2.124141e-01 2.027145e+03 1.768051e+03 
2.154343e-01 1.972327e+03 1.723751e+03 
2.184545e-01 1.920854e+03 1.680989e+03 
2.214747e-01 1.873002e+03 1.639696e+03 
2.244949e-01 1.828887e+03 1.599809e+03 
2.275152e-01 1.788404e+03 1.561268e+03 
2.305354e-01 1.751266e+03 1.524013e+03 
2.335556e-01 1.716987e+03 1.487992e+03 
2.365758e-01 1.684972e+03 1.453152e+03 
2.395960e-01 1.654594e+03 1.419444e+03 
2.426162e-01 1.625255e+03 1.386821e+03 
2.456364e-01 1.596493e+03 1.355239e+03 
2.486566e-01 1.567919e+03 1.324655e+03 
2.516768e-01 1.539235e+03 1.295030e+03 
2.546970e-01 1.510222e+03 1.266326e+03 
2.577172e-01 1.480763e+03 1.238506e+03 
2.607374e-01 1.450871e+03 1.211535e+03 
2.637576e-01 1.420686e+03 1.185380e+03 
2.667778e-01 1.390480e+03 1.160010e+03 
2.697980e-01 1.360603e+03 1.135396e+03 
2.728182e-01 1.331374e+03 1.111507e+03 
2.758384e-01 1.303075e+03 1.088318e+03 
2.788586e-01 1.275882e+03 1.065802e+03 
2.818788e-01 1.249911e+03 1.043934e+03 
2.848990e-01 1.225191e+03 1.022690e+03 
2.879192e-01 1.201721e+03 1.002048e+03 
2.909394e-01 1.179484e+03 9.819861e+02 
2.939596e-01 1.158430e+03 9.624832e+02 
2.969798e-01 1.138463e+03 9.435197e+02 
3.000000e-01 1.119435e+03 9.250764e+02 
