1.000000e-03 5.258064e+03 5.258015e+03 
4.020202e-03 1.769860e+04 1.783782e+04 
7.040404e-03 2.584554e+04 2.603890e+04 
1.006061e-02 3.076647e+04 3.100644e+04 
1.308081e-02 3.326536e+04 3.357246e+04 
1.610101e-02 3.393615e+04 3.423136e+04 
1.912121e-02 3.325731e+04 3.337192e+04 
2.214141e-02 3.163466e+04 3.145842e+04 
2.516162e-02 2.941809e+04 2.901569e+04 
2.818182e-02 2.690134e+04 2.648241e+04 
3.120202e-02 2.431893e+04 2.411767e+04 
3.422222e-02 2.184610e+04 2.202067e+04 
3.724242e-02 1.959963e+04 2.019767e+04 
4.026263e-02 1.764875e+04 1.861704e+04 
4.328283e-02 1.600875e+04 1.723882e+04 
4.630303e-02 1.467836e+04 1.602655e+04 
4.932323e-02 1.365340e+04 1.495045e+04 
5.234343e-02 1.288018e+04 1.398717e+04 
5.536364e-02 1.230722e+04 1.311859e+04 
5.838384e-02 1.188940e+04 1.233059e+04 
6.140404e-02 1.157277e+04 1.161203e+04 
6.442424e-02 1.131134e+04 1.095398e+04 
6.744444e-02 1.106564e+04 1.034917e+04 
7.046465e-02 1.080146e+04 9.791584e+03 
7.348485e-02 1.049312e+04 9.276160e+03 
7.650505e-02 1.012441e+04 8.798595e+03 
7.952525e-02 9.689694e+03 8.355189e+03 
8.254545e-02 9.195001e+03 7.942723e+03 
8.556566e-02 8.654835e+03 7.558384e+03 
8.858586e-02 8.088777e+03 7.199687e+03 
9.160606e-02 7.518820e+03 6.864432e+03 
9.462626e-02 6.966540e+03 6.550656e+03 
9.764646e-02 6.451115e+03 6.256604e+03 
1.006667e-01 5.987697e+03 5.980697e+03 
1.036869e-01 5.586176e+03 5.721516e+03 
1.067071e-01 5.251651e+03 5.477774e+03 
1.097273e-01 4.983799e+03 5.248307e+03 
1.127475e-01 4.778914e+03 5.032059e+03 
1.157677e-01 4.629499e+03 4.828068e+03 
1.187879e-01 4.526327e+03 4.635456e+03 
1.218081e-01 4.458638e+03 4.453421e+03 
1.248283e-01 4.414877e+03 4.281230e+03 
1.278485e-01 4.383078e+03 4.118211e+03 
1.308687e-01 4.351908e+03 3.963748e+03 
1.338889e-01 4.311183e+03 3.817273e+03 
1.369091e-01 4.253307e+03 3.678265e+03 
1.399293e-01 4.173240e+03 3.546243e+03 
1.429495e-01 4.068939e+03 3.420763e+03 
1.459697e-01 3.940854e+03 3.301416e+03 
1.489899e-01 3.791401e+03 3.187822e+03 
1.520101e-01 3.625262e+03 3.079632e+03 
1.550303e-01 3.448383e+03 2.976519e+03 
1.580505e-01 3.267961e+03 2.878182e+03 
1.610707e-01 3.091191e+03 2.784342e+03 
1.640909e-01 2.924881e+03 2.694738e+03 
1.671111e-01 2.774200e+03 2.609128e+03 
1.701313e-01 2.642841e+03 2.527286e+03 
1.731515e-01 2.532152e+03 2.449001e+03 
1.761717e-01 2.442207e+03 2.374079e+03 
1.791919e-01 2.371755e+03 2.302336e+03 
1.822121e-01 2.318914e+03 2.233600e+03 
1.852323e-01 2.281236e+03 2.167712e+03 
1.882525e-01 2.255629e+03 2.104522e+03 
1.912727e-01 2.238546e+03 2.043889e+03 
1.942929e-01 2.225960e+03 1.985683e+03 
1.973131e-01 2.213840e+03 1.929780e+03 
2.003333e-01 2.198432e+03 1.876063e+03 
2.033535e-01 2.176816e+03 1.824425e+03 
2.063737e-01 2.146997e+03 1.774763e+03 
2.093939e-01 2.108184e+03 1.726981e+03 
2.124141e-01 2.060401e+03 1.680988e+03 
2.154343e-01 2.004560e+03 1.636699e+03 
2.184545e-01 1.942061e+03 1.594034e+03 
2.214747e-01 1.874795e+03 1.552917e+03 
2.244949e-01 1.804968e+03 1.513277e+03 
2.275152e-01 1.734997e+03 1.475045e+03 
2.305354e-01 1.667213e+03 1.438158e+03 
2.335556e-01 1.603730e+03 1.402557e+03 
2.365758e-01 1.546081e+03 1.368183e+03 
2.395960e-01 1.495335e+03 1.334983e+03 
2.426162e-01 1.451984e+03 1.302905e+03 
2.456364e-01 1.416021e+03 1.271902e+03 
2.486566e-01 1.387023e+03 1.241927e+03 
2.516768e-01 1.364209e+03 1.212938e+03 
2.546970e-01 1.346561e+03 1.184891e+03 
2.577172e-01 1.332797e+03 1.157750e+03 
2.607374e-01 1.321517e+03 1.131475e+03 
2.637576e-01 1.311246e+03 1.106032e+03 
2.667778e-01 1.300640e+03 1.081388e+03 
2.697980e-01 1.288519e+03 1.057509e+03 
2.728182e-01 1.274041e+03 1.034367e+03 
2.758384e-01 1.256618e+03 1.011931e+03 
2.788586e-01 1.236038e+03 9.901744e+02 
2.818788e-01 1.212342e+03 9.690709e+02 
2.848990e-01 1.185848e+03 9.485953e+02 
2.879192e-01 1.157093e+03 9.287238e+02 
2.909394e-01 1.126771e+03 9.094336e+02 
2.939596e-01 1.095695e+03 8.907029e+02 
2.969798e-01 1.064718e+03 8.725110e+02 
3.000000e-01 1.034691e+03 8.548381e+02 
