1.000000e-03 3.056810e+03 3.056783e+03 
4.020202e-03 1.030842e+04 1.038756e+04 
7.040404e-03 1.520205e+04 1.530112e+04 
1.006061e-02 1.832186e+04 1.840622e+04 
1.308081e-02 2.010933e+04 2.016873e+04 
1.610101e-02 2.089201e+04 2.089325e+04 
1.912121e-02 2.092833e+04 2.082725e+04 
2.214141e-02 2.043207e+04 2.022839e+04 
2.516162e-02 1.958276e+04 1.934322e+04 
2.818182e-02 1.852924e+04 1.835444e+04 
3.120202e-02 1.739079e+04 1.736568e+04 
3.422222e-02 1.625691e+04 1.642249e+04 
3.724242e-02 1.518954e+04 1.553914e+04 
4.026263e-02 1.422761e+04 1.471643e+04 
4.328283e-02 1.338908e+04 1.395050e+04 
4.630303e-02 1.267003e+04 1.323648e+04 
4.932323e-02 1.206999e+04 1.256975e+04 
5.234343e-02 1.157827e+04 1.194623e+04 
5.536364e-02 1.115980e+04 1.136237e+04 
5.838384e-02 1.079099e+04 1.081508e+04 
6.140404e-02 1.045427e+04 1.030160e+04 
6.442424e-02 1.013180e+04 9.819470e+03 
6.744444e-02 9.805583e+03 9.366460e+03 
7.046465e-02 9.462189e+03 8.940520e+03 
7.348485e-02 9.095242e+03 8.539769e+03 
7.650505e-02 8.704790e+03 8.162472e+03 
7.952525e-02 8.296568e+03 7.807025e+03 
8.254545e-02 7.880571e+03 7.471942e+03 
8.556566e-02 7.467853e+03 7.155848e+03 
8.858586e-02 7.068581e+03 6.857466e+03 
9.160606e-02 6.691380e+03 6.575617e+03 
9.462626e-02 6.342884e+03 6.309205e+03 
9.764646e-02 6.028081e+03 6.057216e+03 
1.006667e-01 5.750726e+03 5.818707e+03 
1.036869e-01 5.512115e+03 5.592806e+03 
1.067071e-01 5.311598e+03 5.378706e+03 
1.097273e-01 5.144928e+03 5.175654e+03 
1.127475e-01 5.006229e+03 4.982956e+03 
1.157677e-01 4.887927e+03 4.799964e+03 
1.187879e-01 4.782456e+03 4.626078e+03 
1.218081e-01 4.682658e+03 4.460741e+03 
1.248283e-01 4.582808e+03 4.303435e+03 
1.278485e-01 4.478521e+03 4.153678e+03 
1.308687e-01 4.367081e+03 4.011021e+03 
1.338889e-01 4.246921e+03 3.875047e+03 
1.369091e-01 4.118108e+03 3.745368e+03 
1.399293e-01 3.981658e+03 3.621621e+03 
1.429495e-01 3.839875e+03 3.503469e+03 
1.459697e-01 3.695606e+03 3.390595e+03 
1.489899e-01 3.552222e+03 3.282706e+03 
1.520101e-01 3.412963e+03 3.179526e+03 
1.550303e-01 3.280835e+03 3.080798e+03 
1.580505e-01 3.158285e+03 2.986282e+03 
1.610707e-01 3.047245e+03 2.895753e+03 
1.640909e-01 2.948599e+03 2.808999e+03 
1.671111e-01 2.862532e+03 2.725823e+03 
1.701313e-01 2.788131e+03 2.646039e+03 
1.731515e-01 2.723935e+03 2.569474e+03 
1.761717e-01 2.667839e+03 2.495964e+03 
1.791919e-01 2.617690e+03 2.425356e+03 
1.822121e-01 2.571387e+03 2.357505e+03 
1.852323e-01 2.526986e+03 2.292275e+03 
1.882525e-01 2.482706e+03 2.229539e+03 
1.912727e-01 2.437097e+03 2.169176e+03 
1.942929e-01 2.388984e+03 2.111073e+03 
1.973131e-01 2.337715e+03 2.055124e+03 
2.003333e-01 2.283062e+03 2.001226e+03 
2.033535e-01 2.225523e+03 1.949286e+03 
2.063737e-01 2.165928e+03 1.899213e+03 
2.093939e-01 2.105442e+03 1.850921e+03 
2.124141e-01 2.045236e+03 1.804332e+03 
2.154343e-01 1.986441e+03 1.759369e+03 
2.184545e-01 1.929958e+03 1.715959e+03 
2.214747e-01 1.876531e+03 1.674035e+03 
2.244949e-01 1.826718e+03 1.633533e+03 
2.275152e-01 1.780931e+03 1.594390e+03 
2.305354e-01 1.739302e+03 1.556550e+03 
2.335556e-01 1.701757e+03 1.519957e+03 
2.365758e-01 1.667928e+03 1.484559e+03 
2.395960e-01 1.637264e+03 1.450307e+03 
2.426162e-01 1.609032e+03 1.417153e+03 
2.456364e-01 1.582521e+03 1.385052e+03 
2.486566e-01 1.557048e+03 1.353963e+03 
2.516768e-01 1.532024e+03 1.323844e+03 
2.546970e-01 1.506931e+03 1.294656e+03 
2.577172e-01 1.481391e+03 1.266365e+03 
2.607374e-01 1.455115e+03 1.238933e+03 
2.637576e-01 1.427952e+03 1.212329e+03 
2.667778e-01 1.399906e+03 1.186520e+03 
2.697980e-01 1.371176e+03 1.161475e+03 
2.728182e-01 1.342072e+03 1.137167e+03 
2.758384e-01 1.312983e+03 1.113568e+03 
2.788586e-01 1.284303e+03 1.090651e+03 
2.818788e-01 1.256403e+03 1.068391e+03 
2.848990e-01 1.229536e+03 1.046764e+03 
2.879192e-01 1.203895e+03 1.025747e+03 
2.909394e-01 1.179606e+03 1.005318e+03 
2.939596e-01 1.156747e+03 9.854562e+02 
2.969798e-01 1.135325e+03 9.661417e+02 
3.000000e-01 1.115299e+03 9.473551e+02 
