1.000000e-03 2.556893e+03 2.556864e+03 
4.020202e-03 8.395071e+03 8.416343e+03 
7.040404e-03 1.218098e+04 1.211614e+04 
1.006061e-02 1.453782e+04 1.432874e+04 
1.308081e-02 1.589737e+04 1.554827e+04 
1.610101e-02 1.655502e+04 1.610512e+04 
1.912121e-02 1.672089e+04 1.622553e+04 
2.214141e-02 1.654952e+04 1.606550e+04 
2.516162e-02 1.615787e+04 1.572917e+04 
2.818182e-02 1.563294e+04 1.528435e+04 
3.120202e-02 1.503892e+04 1.477534e+04 
3.422222e-02 1.441994e+04 1.423161e+04 
3.724242e-02 1.380621e+04 1.367300e+04 
4.026263e-02 1.321395e+04 1.311298e+04 
4.328283e-02 1.264323e+04 1.256062e+04 
4.630303e-02 1.211141e+04 1.202194e+04 
4.932323e-02 1.161920e+04 1.150081e+04 
5.234343e-02 1.114537e+04 1.099960e+04 
5.536364e-02 1.068777e+04 1.051961e+04 
5.838384e-02 1.024873e+04 1.006138e+04 
6.140404e-02 9.825916e+03 9.624948e+03 
6.442424e-02 9.417127e+03 9.209967e+03 
6.744444e-02 9.021236e+03 8.815860e+03 
7.046465e-02 8.638796e+03 8.441887e+03 
7.348485e-02 8.271822e+03 8.087212e+03 
7.650505e-02 7.923390e+03 7.750944e+03 
7.952525e-02 7.596598e+03 7.432172e+03 
8.254545e-02 7.292142e+03 7.129982e+03 
8.556566e-02 7.009379e+03 6.843478e+03 
8.858586e-02 6.745958e+03 6.571788e+03 
9.160606e-02 6.499680e+03 6.314072e+03 
9.462626e-02 6.269082e+03 6.069530e+03 
9.764646e-02 6.052952e+03 5.837397e+03 
1.006667e-01 5.850175e+03 5.616952e+03 
1.036869e-01 5.658704e+03 5.407511e+03 
1.067071e-01 5.475948e+03 5.208432e+03 
1.097273e-01 5.299514e+03 5.019109e+03 
1.127475e-01 5.127506e+03 4.838974e+03 
1.157677e-01 4.959466e+03 4.667496e+03 
1.187879e-01 4.795632e+03 4.504173e+03 
1.218081e-01 4.637021e+03 4.348537e+03 
1.248283e-01 4.484621e+03 4.200151e+03 
1.278485e-01 4.338922e+03 4.058602e+03 
1.308687e-01 4.200261e+03 3.923508e+03 
1.338889e-01 4.068705e+03 3.794506e+03 
1.369091e-01 3.944173e+03 3.671261e+03 
1.399293e-01 3.826393e+03 3.553455e+03 
1.429495e-01 3.714908e+03 3.440794e+03 
1.459697e-01 3.609199e+03 3.332998e+03 
1.489899e-01 3.508658e+03 3.229809e+03 
1.520101e-01 3.412694e+03 3.130981e+03 
1.550303e-01 3.320843e+03 3.036287e+03 
1.580505e-01 3.232654e+03 2.945510e+03 
1.610707e-01 3.147633e+03 2.858449e+03 
1.640909e-01 3.065270e+03 2.774914e+03 
1.671111e-01 2.985255e+03 2.694728e+03 
1.701313e-01 2.907454e+03 2.617721e+03 
1.731515e-01 2.831847e+03 2.543736e+03 
1.761717e-01 2.758591e+03 2.472625e+03 
1.791919e-01 2.687823e+03 2.404248e+03 
1.822121e-01 2.619559e+03 2.338473e+03 
1.852323e-01 2.553782e+03 2.275175e+03 
1.882525e-01 2.490443e+03 2.214237e+03 
1.912727e-01 2.429483e+03 2.155549e+03 
1.942929e-01 2.370875e+03 2.099006e+03 
1.973131e-01 2.314619e+03 2.044509e+03 
2.003333e-01 2.260627e+03 1.991965e+03 
2.033535e-01 2.208674e+03 1.941285e+03 
2.063737e-01 2.158534e+03 1.892387e+03 
2.093939e-01 2.110020e+03 1.845191e+03 
2.124141e-01 2.062967e+03 1.799622e+03 
2.154343e-01 2.017309e+03 1.755610e+03 
2.184545e-01 1.973019e+03 1.713087e+03 
2.214747e-01 1.930041e+03 1.671989e+03 
2.244949e-01 1.888298e+03 1.632256e+03 
2.275152e-01 1.847725e+03 1.593831e+03 
2.305354e-01 1.808279e+03 1.556659e+03 
2.335556e-01 1.769937e+03 1.520689e+03 
2.365758e-01 1.732740e+03 1.485870e+03 
2.395960e-01 1.696724e+03 1.452157e+03 
2.426162e-01 1.661845e+03 1.419505e+03 
2.456364e-01 1.628026e+03 1.387872e+03 
2.486566e-01 1.595201e+03 1.357216e+03 
2.516768e-01 1.563308e+03 1.327500e+03 
2.546970e-01 1.532310e+03 1.298688e+03 
2.577172e-01 1.502207e+03 1.270744e+03 
2.607374e-01 1.472993e+03 1.243635e+03 
2.637576e-01 1.444641e+03 1.217329e+03 
2.667778e-01 1.417110e+03 1.191797e+03 
2.697980e-01 1.390325e+03 1.167009e+03 
2.728182e-01 1.364202e+03 1.142937e+03 
2.758384e-01 1.338710e+03 1.119556e+03 
2.788586e-01 1.313848e+03 1.096840e+03 
2.818788e-01 1.289623e+03 1.074765e+03 
2.848990e-01 1.266045e+03 1.053308e+03 
2.879192e-01 1.243111e+03 1.032446e+03 
2.909394e-01 1.220782e+03 1.012160e+03 
2.939596e-01 1.199019e+03 9.924287e+02 
2.969798e-01 1.177791e+03 9.732326e+02 
3.000000e-01 1.157069e+03 9.545534e+02 
