1.000000e-03 4.590058e+03 4.590008e+03 
4.020202e-03 1.511842e+04 1.523638e+04 
7.040404e-03 2.188093e+04 2.203188e+04 
1.006061e-02 2.591849e+04 2.607500e+04 
1.308081e-02 2.795953e+04 2.812111e+04 
1.610101e-02 2.852659e+04 2.862960e+04 
1.912121e-02 2.802595e+04 2.796866e+04 
2.214141e-02 2.679252e+04 2.654337e+04 
2.516162e-02 2.510548e+04 2.476031e+04 
2.818182e-02 2.319451e+04 2.292360e+04 
3.120202e-02 2.123950e+04 2.119655e+04 
3.422222e-02 1.937148e+04 1.963673e+04 
3.724242e-02 1.767577e+04 1.824675e+04 
4.026263e-02 1.620171e+04 1.700860e+04 
4.328283e-02 1.496000e+04 1.590021e+04 
4.630303e-02 1.394167e+04 1.490155e+04 
4.932323e-02 1.314428e+04 1.399611e+04 
5.234343e-02 1.252614e+04 1.317070e+04 
5.536364e-02 1.203836e+04 1.241478e+04 
5.838384e-02 1.164761e+04 1.171988e+04 
6.140404e-02 1.131240e+04 1.107907e+04 
6.442424e-02 1.099708e+04 1.048656e+04 
6.744444e-02 1.067531e+04 9.937465e+03 
7.046465e-02 1.032585e+04 9.427603e+03 
7.348485e-02 9.935848e+03 8.953334e+03 
7.650505e-02 9.501227e+03 8.511471e+03 
7.952525e-02 9.026452e+03 8.099198e+03 
8.254545e-02 8.523294e+03 7.714011e+03 
8.556566e-02 8.007411e+03 7.353672e+03 
8.858586e-02 7.496024e+03 7.016171e+03 
9.160606e-02 7.005712e+03 6.699697e+03 
9.462626e-02 6.550512e+03 6.402615e+03 
9.764646e-02 6.142026e+03 6.123440e+03 
1.006667e-01 5.787189e+03 5.860827e+03 
1.036869e-01 5.489567e+03 5.613549e+03 
1.067071e-01 5.247721e+03 5.380489e+03 
1.097273e-01 5.057185e+03 5.160627e+03 
1.127475e-01 4.910196e+03 4.953029e+03 
1.157677e-01 4.797690e+03 4.756842e+03 
1.187879e-01 4.709724e+03 4.571279e+03 
1.218081e-01 4.636226e+03 4.395623e+03 
1.248283e-01 4.567396e+03 4.229210e+03 
1.278485e-01 4.494694e+03 4.071432e+03 
1.308687e-01 4.411088e+03 3.921727e+03 
1.338889e-01 4.311931e+03 3.779576e+03 
1.369091e-01 4.195206e+03 3.644501e+03 
1.399293e-01 4.061432e+03 3.516060e+03 
1.429495e-01 3.913094e+03 3.393843e+03 
1.459697e-01 3.753896e+03 3.277472e+03 
1.489899e-01 3.588551e+03 3.166593e+03 
1.520101e-01 3.422132e+03 3.060881e+03 
1.550303e-01 3.259880e+03 2.960032e+03 
1.580505e-01 3.106751e+03 2.863765e+03 
1.610707e-01 2.967196e+03 2.771816e+03 
1.640909e-01 2.844073e+03 2.683942e+03 
1.671111e-01 2.738912e+03 2.599914e+03 
1.701313e-01 2.651405e+03 2.519520e+03 
1.731515e-01 2.580232e+03 2.442562e+03 
1.761717e-01 2.522971e+03 2.368853e+03 
1.791919e-01 2.476942e+03 2.298220e+03 
1.822121e-01 2.439337e+03 2.230500e+03 
1.852323e-01 2.407241e+03 2.165543e+03 
1.882525e-01 2.377664e+03 2.103204e+03 
1.912727e-01 2.347665e+03 2.043350e+03 
1.942929e-01 2.314536e+03 1.985856e+03 
1.973131e-01 2.276245e+03 1.930604e+03 
2.003333e-01 2.231552e+03 1.877483e+03 
2.033535e-01 2.180334e+03 1.826388e+03 
2.063737e-01 2.123227e+03 1.777222e+03 
2.093939e-01 2.061493e+03 1.729892e+03 
2.124141e-01 1.996745e+03 1.684311e+03 
2.154343e-01 1.930738e+03 1.640397e+03 
2.184545e-01 1.865166e+03 1.598073e+03 
2.214747e-01 1.801644e+03 1.557265e+03 
2.244949e-01 1.741644e+03 1.517905e+03 
2.275152e-01 1.686356e+03 1.479926e+03 
2.305354e-01 1.636651e+03 1.443268e+03 
2.335556e-01 1.592920e+03 1.407873e+03 
2.365758e-01 1.555188e+03 1.373683e+03 
2.395960e-01 1.522992e+03 1.340649e+03 
2.426162e-01 1.495623e+03 1.308719e+03 
2.456364e-01 1.472131e+03 1.277846e+03 
2.486566e-01 1.451470e+03 1.247987e+03 
2.516768e-01 1.432525e+03 1.219099e+03 
2.546970e-01 1.414235e+03 1.191141e+03 
2.577172e-01 1.395614e+03 1.164076e+03 
2.607374e-01 1.375875e+03 1.137866e+03 
2.637576e-01 1.354420e+03 1.112479e+03 
2.667778e-01 1.330969e+03 1.087880e+03 
2.697980e-01 1.305477e+03 1.064038e+03 
2.728182e-01 1.278160e+03 1.040924e+03 
2.758384e-01 1.249406e+03 1.018510e+03 
2.788586e-01 1.219729e+03 9.967681e+02 
2.818788e-01 1.189697e+03 9.756728e+02 
2.848990e-01 1.159891e+03 9.551996e+02 
2.879192e-01 1.130875e+03 9.353252e+02 
2.909394e-01 1.103149e+03 9.160271e+02 
2.939596e-01 1.077115e+03 8.972841e+02 
2.969798e-01 1.053063e+03 8.790757e+02 
3.000000e-01 1.031167e+03 8.613825e+02 
