1.000000e-03 2.287454e+03 2.287432e+03 
4.020202e-03 7.765312e+03 7.826470e+03 
7.040404e-03 1.145422e+04 1.151858e+04 
1.006061e-02 1.382348e+04 1.383974e+04 
1.308081e-02 1.523530e+04 1.517945e+04 
1.610101e-02 1.595086e+04 1.581088e+04 
1.912121e-02 1.616416e+04 1.594729e+04 
2.214141e-02 1.602544e+04 1.576599e+04 
2.516162e-02 1.565163e+04 1.539959e+04 
2.818182e-02 1.513482e+04 1.493293e+04 
3.120202e-02 1.454392e+04 1.441521e+04 
3.422222e-02 1.392882e+04 1.387448e+04 
3.724242e-02 1.332342e+04 1.332738e+04 
4.026263e-02 1.274852e+04 1.278425e+04 
4.328283e-02 1.220507e+04 1.225179e+04 
4.630303e-02 1.170421e+04 1.173435e+04 
4.932323e-02 1.125203e+04 1.123471e+04 
5.234343e-02 1.082704e+04 1.075453e+04 
5.536364e-02 1.041835e+04 1.029471e+04 
5.838384e-02 1.002380e+04 9.855546e+03 
6.140404e-02 9.640892e+03 9.436963e+03 
6.442424e-02 9.266416e+03 9.038587e+03 
6.744444e-02 8.896604e+03 8.659852e+03 
7.046465e-02 8.530707e+03 8.300066e+03 
7.348485e-02 8.170623e+03 7.958452e+03 
7.650505e-02 7.820915e+03 7.634192e+03 
7.952525e-02 7.486611e+03 7.326445e+03 
8.254545e-02 7.172233e+03 7.034374e+03 
8.556566e-02 6.879872e+03 6.757151e+03 
8.858586e-02 6.609729e+03 6.493972e+03 
9.160606e-02 6.360528e+03 6.244063e+03 
9.462626e-02 6.130838e+03 6.006681e+03 
9.764646e-02 5.919503e+03 5.781116e+03 
1.006667e-01 5.725090e+03 5.566697e+03 
1.036869e-01 5.545659e+03 5.362788e+03 
1.067071e-01 5.378042e+03 5.168786e+03 
1.097273e-01 5.218732e+03 4.984127e+03 
1.127475e-01 5.064169e+03 4.808277e+03 
1.157677e-01 4.911740e+03 4.640734e+03 
1.187879e-01 4.760542e+03 4.481030e+03 
1.218081e-01 4.610402e+03 4.328721e+03 
1.248283e-01 4.462312e+03 4.183394e+03 
1.278485e-01 4.317414e+03 4.044660e+03 
1.308687e-01 4.176837e+03 3.912154e+03 
1.338889e-01 4.041621e+03 3.785535e+03 
1.369091e-01 3.912512e+03 3.664482e+03 
1.399293e-01 3.790106e+03 3.548694e+03 
1.429495e-01 3.674631e+03 3.437889e+03 
1.459697e-01 3.566154e+03 3.331802e+03 
1.489899e-01 3.464414e+03 3.230185e+03 
1.520101e-01 3.369029e+03 3.132804e+03 
1.550303e-01 3.279462e+03 3.039440e+03 
1.580505e-01 3.195089e+03 2.949887e+03 
1.610707e-01 3.115089e+03 2.863952e+03 
1.640909e-01 3.038559e+03 2.781451e+03 
1.671111e-01 2.964607e+03 2.702214e+03 
1.701313e-01 2.892391e+03 2.626079e+03 
1.731515e-01 2.821491e+03 2.552894e+03 
1.761717e-01 2.751744e+03 2.482516e+03 
1.791919e-01 2.683225e+03 2.414811e+03 
1.822121e-01 2.616158e+03 2.349650e+03 
1.852323e-01 2.550709e+03 2.286913e+03 
1.882525e-01 2.486991e+03 2.226488e+03 
1.912727e-01 2.425126e+03 2.168267e+03 
1.942929e-01 2.365245e+03 2.112148e+03 
1.973131e-01 2.307553e+03 2.058037e+03 
2.003333e-01 2.252323e+03 2.005842e+03 
2.033535e-01 2.199669e+03 1.955478e+03 
2.063737e-01 2.149494e+03 1.906864e+03 
2.093939e-01 2.101603e+03 1.859923e+03 
2.124141e-01 2.055681e+03 1.814583e+03 
2.154343e-01 2.011447e+03 1.770774e+03 
2.184545e-01 1.968708e+03 1.728430e+03 
2.214747e-01 1.927305e+03 1.687491e+03 
2.244949e-01 1.887142e+03 1.647897e+03 
2.275152e-01 1.848109e+03 1.609591e+03 
2.305354e-01 1.810043e+03 1.572522e+03 
2.335556e-01 1.772805e+03 1.536637e+03 
2.365758e-01 1.736352e+03 1.501890e+03 
2.395960e-01 1.700678e+03 1.468235e+03 
2.426162e-01 1.665858e+03 1.435627e+03 
2.456364e-01 1.631968e+03 1.404026e+03 
2.486566e-01 1.599024e+03 1.373392e+03 
2.516768e-01 1.567028e+03 1.343687e+03 
2.546970e-01 1.535960e+03 1.314877e+03 
2.577172e-01 1.505800e+03 1.286925e+03 
2.607374e-01 1.476549e+03 1.259801e+03 
2.637576e-01 1.448214e+03 1.233472e+03 
2.667778e-01 1.420788e+03 1.207909e+03 
2.697980e-01 1.394257e+03 1.183085e+03 
2.728182e-01 1.368555e+03 1.158970e+03 
2.758384e-01 1.343592e+03 1.135541e+03 
2.788586e-01 1.319286e+03 1.112771e+03 
2.818788e-01 1.295559e+03 1.090638e+03 
2.848990e-01 1.272377e+03 1.069118e+03 
2.879192e-01 1.249729e+03 1.048190e+03 
2.909394e-01 1.227613e+03 1.027834e+03 
2.939596e-01 1.206029e+03 1.008029e+03 
2.969798e-01 1.184965e+03 9.887557e+02 
3.000000e-01 1.164397e+03 9.699968e+02 
