1.000000e-03 4.740946e+03 4.740894e+03 
4.020202e-03 1.555398e+04 1.567552e+04 
7.040404e-03 2.249835e+04 2.265631e+04 
1.006061e-02 2.664877e+04 2.681879e+04 
1.308081e-02 2.874898e+04 2.893405e+04 
1.610101e-02 2.933071e+04 2.946598e+04 
1.912121e-02 2.880802e+04 2.878124e+04 
2.214141e-02 2.752326e+04 2.728762e+04 
2.516162e-02 2.576421e+04 2.540610e+04 
2.818182e-02 2.376758e+04 2.346150e+04 
3.120202e-02 2.172069e+04 2.163355e+04 
3.422222e-02 1.976020e+04 1.998772e+04 
3.724242e-02 1.797652e+04 1.852802e+04 
4.026263e-02 1.642313e+04 1.723466e+04 
4.328283e-02 1.511241e+04 1.608286e+04 
4.630303e-02 1.403654e+04 1.504999e+04 
4.932323e-02 1.319499e+04 1.411742e+04 
5.234343e-02 1.254518e+04 1.327027e+04 
5.536364e-02 1.203809e+04 1.249678e+04 
5.838384e-02 1.164047e+04 1.178752e+04 
6.140404e-02 1.130867e+04 1.113487e+04 
6.442424e-02 1.100471e+04 1.053250e+04 
6.744444e-02 1.069992e+04 9.975158e+03 
7.046465e-02 1.037053e+04 9.458330e+03 
7.348485e-02 1.000097e+04 8.978149e+03 
7.650505e-02 9.584452e+03 8.531242e+03 
7.952525e-02 9.123135e+03 8.114647e+03 
8.254545e-02 8.627232e+03 7.725742e+03 
8.556566e-02 8.111618e+03 7.362195e+03 
8.858586e-02 7.593547e+03 7.021918e+03 
9.160606e-02 7.090406e+03 6.703038e+03 
9.462626e-02 6.617502e+03 6.403865e+03 
9.764646e-02 6.188001e+03 6.122872e+03 
1.006667e-01 5.810707e+03 5.858677e+03 
1.036869e-01 5.490962e+03 5.610022e+03 
1.067071e-01 5.228765e+03 5.375763e+03 
1.097273e-01 5.020863e+03 5.154858e+03 
1.127475e-01 4.860686e+03 4.946353e+03 
1.157677e-01 4.739760e+03 4.749378e+03 
1.187879e-01 4.648357e+03 4.563133e+03 
1.218081e-01 4.576367e+03 4.386887e+03 
1.248283e-01 4.513760e+03 4.219967e+03 
1.278485e-01 4.451198e+03 4.061753e+03 
1.308687e-01 4.380635e+03 3.911676e+03 
1.338889e-01 4.295924e+03 3.769211e+03 
1.369091e-01 4.193668e+03 3.633872e+03 
1.399293e-01 4.072861e+03 3.505211e+03 
1.429495e-01 3.935066e+03 3.382815e+03 
1.459697e-01 3.783272e+03 3.266298e+03 
1.489899e-01 3.621792e+03 3.155306e+03 
1.520101e-01 3.455563e+03 3.049509e+03 
1.550303e-01 3.290070e+03 2.948599e+03 
1.580505e-01 3.130654e+03 2.852293e+03 
1.610707e-01 2.982331e+03 2.760325e+03 
1.640909e-01 2.848889e+03 2.672450e+03 
1.671111e-01 2.732996e+03 2.588436e+03 
1.701313e-01 2.635261e+03 2.508069e+03 
1.731515e-01 2.555128e+03 2.431150e+03 
1.761717e-01 2.490767e+03 2.357491e+03 
1.791919e-01 2.439833e+03 2.286918e+03 
1.822121e-01 2.399594e+03 2.219266e+03 
1.852323e-01 2.367146e+03 2.154384e+03 
1.882525e-01 2.339476e+03 2.092127e+03 
1.912727e-01 2.313493e+03 2.032361e+03 
1.942929e-01 2.286223e+03 1.974959e+03 
1.973131e-01 2.254993e+03 1.919803e+03 
2.003333e-01 2.217926e+03 1.866782e+03 
2.033535e-01 2.174016e+03 1.815790e+03 
2.063737e-01 2.123320e+03 1.766730e+03 
2.093939e-01 2.066584e+03 1.719508e+03 
2.124141e-01 2.005186e+03 1.674036e+03 
2.154343e-01 1.940752e+03 1.630234e+03 
2.184545e-01 1.875075e+03 1.588021e+03 
2.214747e-01 1.809923e+03 1.547326e+03 
2.244949e-01 1.746990e+03 1.508080e+03 
2.275152e-01 1.687747e+03 1.470215e+03 
2.305354e-01 1.633447e+03 1.433671e+03 
2.335556e-01 1.584893e+03 1.398389e+03 
2.365758e-01 1.542522e+03 1.364314e+03 
2.395960e-01 1.506227e+03 1.331392e+03 
2.426162e-01 1.475580e+03 1.299575e+03 
2.456364e-01 1.449846e+03 1.268816e+03 
2.486566e-01 1.428069e+03 1.239068e+03 
2.516768e-01 1.409157e+03 1.210291e+03 
2.546970e-01 1.391966e+03 1.182443e+03 
2.577172e-01 1.375381e+03 1.155486e+03 
2.607374e-01 1.358403e+03 1.129385e+03 
2.637576e-01 1.340201e+03 1.104104e+03 
2.667778e-01 1.320159e+03 1.079611e+03 
2.697980e-01 1.297974e+03 1.055875e+03 
2.728182e-01 1.273588e+03 1.032864e+03 
2.758384e-01 1.247207e+03 1.010552e+03 
2.788586e-01 1.219188e+03 9.889117e+02 
2.818788e-01 1.190045e+03 9.679164e+02 
2.848990e-01 1.160362e+03 9.475420e+02 
2.879192e-01 1.130777e+03 9.277649e+02 
2.909394e-01 1.101884e+03 9.085630e+02 
2.939596e-01 1.074230e+03 8.899149e+02 
2.969798e-01 1.048255e+03 8.718000e+02 
3.000000e-01 1.024301e+03 8.541991e+02 
