1.000000e-03 2.420727e+03 2.420703e+03 
4.020202e-03 8.258384e+03 8.322634e+03 
7.040404e-03 1.220333e+04 1.227377e+04 
1.006061e-02 1.473169e+04 1.476164e+04 
1.308081e-02 1.621871e+04 1.618679e+04 
1.610101e-02 1.693866e+04 1.682742e+04 
1.912121e-02 1.710083e+04 1.690712e+04 
2.214141e-02 1.687084e+04 1.662634e+04 
2.516162e-02 1.638097e+04 1.614525e+04 
2.818182e-02 1.573753e+04 1.556853e+04 
3.120202e-02 1.502163e+04 1.495433e+04 
3.422222e-02 1.429294e+04 1.433244e+04 
3.724242e-02 1.359122e+04 1.371797e+04 
4.026263e-02 1.294136e+04 1.311895e+04 
4.328283e-02 1.235043e+04 1.253982e+04 
4.630303e-02 1.181702e+04 1.198308e+04 
4.932323e-02 1.134746e+04 1.145007e+04 
5.234343e-02 1.092637e+04 1.094132e+04 
5.536364e-02 1.053011e+04 1.045687e+04 
5.838384e-02 1.015278e+04 9.996340e+03 
6.140404e-02 9.787851e+03 9.559128e+03 
6.442424e-02 9.426244e+03 9.144440e+03 
6.744444e-02 9.062433e+03 8.751368e+03 
7.046465e-02 8.694201e+03 8.378941e+03 
7.348485e-02 8.322833e+03 8.026154e+03 
7.650505e-02 7.953264e+03 7.691995e+03 
7.952525e-02 7.592208e+03 7.375462e+03 
8.254545e-02 7.246903e+03 7.075578e+03 
8.556566e-02 6.922381e+03 6.791401e+03 
8.858586e-02 6.621688e+03 6.522025e+03 
9.160606e-02 6.345973e+03 6.266587e+03 
9.462626e-02 6.095511e+03 6.024269e+03 
9.764646e-02 5.869968e+03 5.794296e+03 
1.006667e-01 5.668426e+03 5.575938e+03 
1.036869e-01 5.488560e+03 5.368508e+03 
1.067071e-01 5.326562e+03 5.171361e+03 
1.097273e-01 5.177714e+03 4.983890e+03 
1.127475e-01 5.036540e+03 4.805528e+03 
1.157677e-01 4.898734e+03 4.635743e+03 
1.187879e-01 4.761121e+03 4.474038e+03 
1.218081e-01 4.622128e+03 4.319946e+03 
1.248283e-01 4.481424e+03 4.173030e+03 
1.278485e-01 4.339612e+03 4.032884e+03 
1.308687e-01 4.197902e+03 3.899125e+03 
1.338889e-01 4.057699e+03 3.771395e+03 
1.369091e-01 3.920531e+03 3.649361e+03 
1.399293e-01 3.787995e+03 3.532708e+03 
1.429495e-01 3.661654e+03 3.421144e+03 
1.459697e-01 3.542567e+03 3.314394e+03 
1.489899e-01 3.431490e+03 3.212199e+03 
1.520101e-01 3.328647e+03 3.114319e+03 
1.550303e-01 3.233988e+03 3.020526e+03 
1.580505e-01 3.147073e+03 2.930608e+03 
1.610707e-01 3.067219e+03 2.844365e+03 
1.640909e-01 2.993245e+03 2.761609e+03 
1.671111e-01 2.923806e+03 2.682165e+03 
1.701313e-01 2.857455e+03 2.605865e+03 
1.731515e-01 2.792871e+03 2.532554e+03 
1.761717e-01 2.729226e+03 2.462085e+03 
1.791919e-01 2.665930e+03 2.394320e+03 
1.822121e-01 2.602791e+03 2.329128e+03 
1.852323e-01 2.539752e+03 2.266386e+03 
1.882525e-01 2.476914e+03 2.205979e+03 
1.912727e-01 2.414488e+03 2.147797e+03 
1.942929e-01 2.352858e+03 2.091736e+03 
1.973131e-01 2.292485e+03 2.037700e+03 
2.003333e-01 2.233930e+03 1.985595e+03 
2.033535e-01 2.177695e+03 1.935335e+03 
2.063737e-01 2.124177e+03 1.886837e+03 
2.093939e-01 2.073549e+03 1.840023e+03 
2.124141e-01 2.025694e+03 1.794819e+03 
2.154343e-01 1.980436e+03 1.751155e+03 
2.184545e-01 1.937554e+03 1.708965e+03 
2.214747e-01 1.896816e+03 1.668185e+03 
2.244949e-01 1.857981e+03 1.628756e+03 
2.275152e-01 1.820748e+03 1.590622e+03 
2.305354e-01 1.784766e+03 1.553727e+03 
2.335556e-01 1.749710e+03 1.518021e+03 
2.365758e-01 1.715293e+03 1.483456e+03 
2.395960e-01 1.681355e+03 1.449985e+03 
2.426162e-01 1.647834e+03 1.417564e+03 
2.456364e-01 1.614742e+03 1.386151e+03 
2.486566e-01 1.582138e+03 1.355707e+03 
2.516768e-01 1.550074e+03 1.326194e+03 
2.546970e-01 1.518604e+03 1.297575e+03 
2.577172e-01 1.487791e+03 1.269815e+03 
2.607374e-01 1.457712e+03 1.242883e+03 
2.637576e-01 1.428500e+03 1.216746e+03 
2.667778e-01 1.400291e+03 1.191375e+03 
2.697980e-01 1.373145e+03 1.166741e+03 
2.728182e-01 1.347079e+03 1.142817e+03 
2.758384e-01 1.322028e+03 1.119577e+03 
2.788586e-01 1.297899e+03 1.096996e+03 
2.818788e-01 1.274579e+03 1.075050e+03 
2.848990e-01 1.251961e+03 1.053716e+03 
2.879192e-01 1.229976e+03 1.032973e+03 
2.909394e-01 1.208566e+03 1.012800e+03 
2.939596e-01 1.187695e+03 9.931762e+02 
2.969798e-01 1.167317e+03 9.740832e+02 
3.000000e-01 1.147357e+03 9.555025e+02 
