1.000000e-03 2.943801e+03 2.943772e+03 
4.020202e-03 9.888753e+03 9.965400e+03 
7.040404e-03 1.449803e+04 1.458763e+04 
1.006061e-02 1.738264e+04 1.744423e+04 
1.308081e-02 1.899760e+04 1.901578e+04 
1.610101e-02 1.967496e+04 1.961991e+04 
1.912121e-02 1.966943e+04 1.951474e+04 
2.214141e-02 1.918673e+04 1.895323e+04 
2.516162e-02 1.839576e+04 1.815721e+04 
2.818182e-02 1.743375e+04 1.727829e+04 
3.120202e-02 1.640658e+04 1.639761e+04 
3.422222e-02 1.539225e+04 1.555016e+04 
3.724242e-02 1.444403e+04 1.474774e+04 
4.026263e-02 1.359132e+04 1.399240e+04 
4.328283e-02 1.283762e+04 1.328267e+04 
4.630303e-02 1.219717e+04 1.261605e+04 
4.932323e-02 1.166343e+04 1.198988e+04 
5.234343e-02 1.120615e+04 1.140159e+04 
5.536364e-02 1.080230e+04 1.084879e+04 
5.838384e-02 1.043427e+04 1.032920e+04 
6.140404e-02 1.008694e+04 9.840728e+03 
6.442424e-02 9.743104e+03 9.381368e+03 
6.744444e-02 9.390374e+03 8.949240e+03 
7.046465e-02 9.022305e+03 8.542574e+03 
7.348485e-02 8.637573e+03 8.159701e+03 
7.650505e-02 8.239918e+03 7.799055e+03 
7.952525e-02 7.837013e+03 7.459169e+03 
8.254545e-02 7.438676e+03 7.138671e+03 
8.556566e-02 7.054103e+03 6.836278e+03 
8.858586e-02 6.691075e+03 6.550796e+03 
9.160606e-02 6.355395e+03 6.281111e+03 
9.462626e-02 6.051382e+03 6.026188e+03 
9.764646e-02 5.781787e+03 5.785063e+03 
1.006667e-01 5.547468e+03 5.556842e+03 
1.036869e-01 5.347292e+03 5.340694e+03 
1.067071e-01 5.177418e+03 5.135846e+03 
1.097273e-01 5.032173e+03 4.941582e+03 
1.127475e-01 4.904262e+03 4.757236e+03 
1.157677e-01 4.786860e+03 4.582190e+03 
1.187879e-01 4.673712e+03 4.415868e+03 
1.218081e-01 4.560188e+03 4.257737e+03 
1.248283e-01 4.442749e+03 4.107300e+03 
1.278485e-01 4.319609e+03 3.964095e+03 
1.308687e-01 4.189963e+03 3.827693e+03 
1.338889e-01 4.054438e+03 3.697693e+03 
1.369091e-01 3.914469e+03 3.573722e+03 
1.399293e-01 3.772576e+03 3.455433e+03 
1.429495e-01 3.631543e+03 3.342501e+03 
1.459697e-01 3.494316e+03 3.234625e+03 
1.489899e-01 3.363418e+03 3.131522e+03 
1.520101e-01 3.240923e+03 3.032927e+03 
1.550303e-01 3.128324e+03 2.938596e+03 
1.580505e-01 3.026636e+03 2.848296e+03 
1.610707e-01 2.936023e+03 2.761811e+03 
1.640909e-01 2.856111e+03 2.678940e+03 
1.671111e-01 2.785721e+03 2.599494e+03 
1.701313e-01 2.723249e+03 2.523293e+03 
1.731515e-01 2.666539e+03 2.450172e+03 
1.761717e-01 2.613497e+03 2.379973e+03 
1.791919e-01 2.562321e+03 2.312551e+03 
1.822121e-01 2.511519e+03 2.247765e+03 
1.852323e-01 2.459966e+03 2.185487e+03 
1.882525e-01 2.406884e+03 2.125594e+03 
1.912727e-01 2.351812e+03 2.067970e+03 
1.942929e-01 2.294731e+03 2.012508e+03 
1.973131e-01 2.235927e+03 1.959104e+03 
2.003333e-01 2.176092e+03 1.907661e+03 
2.033535e-01 2.116112e+03 1.858090e+03 
2.063737e-01 2.057032e+03 1.810303e+03 
2.093939e-01 1.999821e+03 1.764220e+03 
2.124141e-01 1.945169e+03 1.719763e+03 
2.154343e-01 1.893616e+03 1.676859e+03 
2.184545e-01 1.845528e+03 1.635441e+03 
2.214747e-01 1.801061e+03 1.595442e+03 
2.244949e-01 1.760153e+03 1.556801e+03 
2.275152e-01 1.722565e+03 1.519460e+03 
2.305354e-01 1.687918e+03 1.483363e+03 
2.335556e-01 1.655690e+03 1.448456e+03 
2.365758e-01 1.625294e+03 1.414692e+03 
2.395960e-01 1.596163e+03 1.382021e+03 
2.426162e-01 1.567778e+03 1.350400e+03 
2.456364e-01 1.539745e+03 1.319784e+03 
2.486566e-01 1.511729e+03 1.290134e+03 
2.516768e-01 1.483472e+03 1.261410e+03 
2.546970e-01 1.454815e+03 1.233577e+03 
2.577172e-01 1.425742e+03 1.206598e+03 
2.607374e-01 1.396361e+03 1.180441e+03 
2.637576e-01 1.366899e+03 1.155073e+03 
2.667778e-01 1.337662e+03 1.130464e+03 
2.697980e-01 1.308991e+03 1.106585e+03 
2.728182e-01 1.281151e+03 1.083409e+03 
2.758384e-01 1.254350e+03 1.060910e+03 
2.788586e-01 1.228684e+03 1.039061e+03 
2.818788e-01 1.204210e+03 1.017840e+03 
2.848990e-01 1.180949e+03 9.972225e+02 
2.879192e-01 1.158897e+03 9.771874e+02 
2.909394e-01 1.138012e+03 9.577136e+02 
2.939596e-01 1.118207e+03 9.387810e+02 
2.969798e-01 1.099344e+03 9.203704e+02 
3.000000e-01 1.081243e+03 9.024634e+02 
