1.000000e-03 3.985822e+03 3.985782e+03 
4.020202e-03 1.343158e+04 1.353594e+04 
7.040404e-03 1.961973e+04 1.975207e+04 
1.006061e-02 2.338026e+04 2.351253e+04 
1.308081e-02 2.534027e+04 2.546802e+04 
1.610101e-02 2.596120e+04 2.602692e+04 
1.912121e-02 2.560645e+04 2.552674e+04 
2.214141e-02 2.457777e+04 2.433882e+04 
2.516162e-02 2.312937e+04 2.282722e+04 
2.818182e-02 2.146888e+04 2.125724e+04 
3.120202e-02 1.975983e+04 1.976884e+04 
3.422222e-02 1.812116e+04 1.841176e+04 
3.724242e-02 1.663040e+04 1.719006e+04 
4.026263e-02 1.533264e+04 1.609078e+04 
4.328283e-02 1.423730e+04 1.509743e+04 
4.630303e-02 1.333654e+04 1.419485e+04 
4.932323e-02 1.262853e+04 1.337044e+04 
5.234343e-02 1.207352e+04 1.261403e+04 
5.536364e-02 1.162708e+04 1.191741e+04 
5.838384e-02 1.125991e+04 1.127387e+04 
6.140404e-02 1.093454e+04 1.067785e+04 
6.442424e-02 1.061961e+04 1.012466e+04 
6.744444e-02 1.029269e+04 9.610254e+03 
7.046465e-02 9.936377e+03 9.131143e+03 
7.348485e-02 9.541688e+03 8.684244e+03 
7.650505e-02 9.107882e+03 8.266829e+03 
7.952525e-02 8.641773e+03 7.876465e+03 
8.254545e-02 8.156041e+03 7.510968e+03 
8.556566e-02 7.665898e+03 7.168371e+03 
8.858586e-02 7.187057e+03 6.846894e+03 
9.160606e-02 6.734017e+03 6.544924e+03 
9.462626e-02 6.318642e+03 6.260995e+03 
9.764646e-02 5.950413e+03 5.993772e+03 
1.006667e-01 5.634194e+03 5.742037e+03 
1.036869e-01 5.371586e+03 5.504675e+03 
1.067071e-01 5.159608e+03 5.280669e+03 
1.097273e-01 4.992589e+03 5.069084e+03 
1.127475e-01 4.862221e+03 4.869064e+03 
1.157677e-01 4.759241e+03 4.679821e+03 
1.187879e-01 4.673918e+03 4.500632e+03 
1.218081e-01 4.597009e+03 4.330831e+03 
1.248283e-01 4.519937e+03 4.169803e+03 
1.278485e-01 4.435591e+03 4.016982e+03 
1.308687e-01 4.338640e+03 3.871843e+03 
1.338889e-01 4.226129e+03 3.733905e+03 
1.369091e-01 4.097729e+03 3.602718e+03 
1.399293e-01 3.955240e+03 3.477869e+03 
1.429495e-01 3.802098e+03 3.358972e+03 
1.459697e-01 3.642517e+03 3.245672e+03 
1.489899e-01 3.481160e+03 3.137637e+03 
1.520101e-01 3.322761e+03 3.034560e+03 
1.550303e-01 3.171978e+03 2.936153e+03 
1.580505e-01 3.032835e+03 2.842150e+03 
1.610707e-01 2.908610e+03 2.752303e+03 
1.640909e-01 2.801009e+03 2.666380e+03 
1.671111e-01 2.710536e+03 2.584165e+03 
1.701313e-01 2.635886e+03 2.505455e+03 
1.731515e-01 2.574997e+03 2.430062e+03 
1.761717e-01 2.525168e+03 2.357809e+03 
1.791919e-01 2.483592e+03 2.288531e+03 
1.822121e-01 2.447435e+03 2.222072e+03 
1.852323e-01 2.413954e+03 2.158288e+03 
1.882525e-01 2.380498e+03 2.097042e+03 
1.912727e-01 2.344630e+03 2.038207e+03 
1.942929e-01 2.304349e+03 1.981661e+03 
1.973131e-01 2.258454e+03 1.927292e+03 
2.003333e-01 2.206619e+03 1.874994e+03 
2.033535e-01 2.149397e+03 1.824666e+03 
2.063737e-01 2.087980e+03 1.776215e+03 
2.093939e-01 2.023920e+03 1.729551e+03 
2.124141e-01 1.958919e+03 1.684591e+03 
2.154343e-01 1.894637e+03 1.641255e+03 
2.184545e-01 1.832548e+03 1.599470e+03 
2.214747e-01 1.773938e+03 1.559164e+03 
2.244949e-01 1.719869e+03 1.520272e+03 
2.275152e-01 1.671040e+03 1.482729e+03 
2.305354e-01 1.627843e+03 1.446477e+03 
2.335556e-01 1.590198e+03 1.411458e+03 
2.365758e-01 1.557733e+03 1.377620e+03 
2.395960e-01 1.529715e+03 1.344912e+03 
2.426162e-01 1.505246e+03 1.313285e+03 
2.456364e-01 1.483281e+03 1.282695e+03 
2.486566e-01 1.462783e+03 1.253097e+03 
2.516768e-01 1.442748e+03 1.224452e+03 
2.546970e-01 1.422318e+03 1.196719e+03 
2.577172e-01 1.400779e+03 1.169862e+03 
2.607374e-01 1.377675e+03 1.143845e+03 
2.637576e-01 1.352779e+03 1.118635e+03 
2.667778e-01 1.326142e+03 1.094201e+03 
2.697980e-01 1.298012e+03 1.070510e+03 
2.728182e-01 1.268784e+03 1.047536e+03 
2.758384e-01 1.238954e+03 1.025249e+03 
2.788586e-01 1.209060e+03 1.003625e+03 
2.818788e-01 1.179650e+03 9.826365e+02 
2.848990e-01 1.151226e+03 9.622610e+02 
2.879192e-01 1.124210e+03 9.424755e+02 
2.909394e-01 1.098920e+03 9.232579e+02 
2.939596e-01 1.075576e+03 9.045876e+02 
2.969798e-01 1.054236e+03 8.864446e+02 
3.000000e-01 1.034856e+03 8.688098e+02 
