1.000000e-03 6.792298e+03 6.792229e+03 
4.020202e-03 2.278237e+04 2.296267e+04 
7.040404e-03 3.327774e+04 3.354510e+04 
1.006061e-02 3.962532e+04 3.999888e+04 
1.308081e-02 4.282116e+04 4.336487e+04 
1.610101e-02 4.360565e+04 4.423266e+04 
1.912121e-02 4.258223e+04 4.302568e+04 
2.214141e-02 4.027233e+04 4.026969e+04 
2.516162e-02 3.713506e+04 3.664507e+04 
2.818182e-02 3.356531e+04 3.281063e+04 
3.120202e-02 2.988597e+04 2.921601e+04 
3.422222e-02 2.634408e+04 2.606435e+04 
3.724242e-02 2.310872e+04 2.338771e+04 
4.026263e-02 2.028334e+04 2.113664e+04 
4.328283e-02 1.789961e+04 1.923821e+04 
4.630303e-02 1.596121e+04 1.762274e+04 
4.932323e-02 1.445703e+04 1.623251e+04 
5.234343e-02 1.332963e+04 1.502240e+04 
5.536364e-02 1.251606e+04 1.395795e+04 
5.838384e-02 1.195514e+04 1.301292e+04 
6.140404e-02 1.158503e+04 1.216724e+04 
6.442424e-02 1.134496e+04 1.140533e+04 
6.744444e-02 1.117982e+04 1.071496e+04 
7.046465e-02 1.104090e+04 1.008636e+04 
7.348485e-02 1.088417e+04 9.511605e+03 
7.650505e-02 1.067361e+04 8.984194e+03 
7.952525e-02 1.038400e+04 8.498700e+03 
8.254545e-02 1.000310e+04 8.050550e+03 
8.556566e-02 9.532461e+03 7.635846e+03 
8.858586e-02 8.984856e+03 7.251237e+03 
9.160606e-02 8.381702e+03 6.893818e+03 
9.462626e-02 7.749870e+03 6.561051e+03 
9.764646e-02 7.116743e+03 6.250706e+03 
1.006667e-01 6.508916e+03 5.960812e+03 
1.036869e-01 5.948010e+03 5.689620e+03 
1.067071e-01 5.451115e+03 5.435570e+03 
1.097273e-01 5.027693e+03 5.197264e+03 
1.127475e-01 4.682240e+03 4.973450e+03 
1.157677e-01 4.413527e+03 4.762996e+03 
1.187879e-01 4.216881e+03 4.564882e+03 
1.218081e-01 4.084820e+03 4.378183e+03 
1.248283e-01 4.007510e+03 4.202060e+03 
1.278485e-01 3.973693e+03 4.035748e+03 
1.308687e-01 3.970745e+03 3.878551e+03 
1.338889e-01 3.985634e+03 3.729834e+03 
1.369091e-01 4.005237e+03 3.589013e+03 
1.399293e-01 4.017733e+03 3.455557e+03 
1.429495e-01 4.012699e+03 3.328974e+03 
1.459697e-01 3.982408e+03 3.208816e+03 
1.489899e-01 3.921364e+03 3.094667e+03 
1.520101e-01 3.827328e+03 2.986146e+03 
1.550303e-01 3.700958e+03 2.882900e+03 
1.580505e-01 3.545922e+03 2.784603e+03 
1.610707e-01 3.368894e+03 2.690954e+03 
1.640909e-01 3.178325e+03 2.601673e+03 
1.671111e-01 2.983585e+03 2.516502e+03 
1.701313e-01 2.793550e+03 2.435200e+03 
1.731515e-01 2.615688e+03 2.357543e+03 
1.761717e-01 2.455458e+03 2.283325e+03 
1.791919e-01 2.316442e+03 2.212350e+03 
1.822121e-01 2.200437e+03 2.144439e+03 
1.852323e-01 2.108116e+03 2.079425e+03 
1.882525e-01 2.038944e+03 2.017148e+03 
1.912727e-01 1.991498e+03 1.957464e+03 
1.942929e-01 1.963355e+03 1.900234e+03 
1.973131e-01 1.951135e+03 1.845330e+03 
2.003333e-01 1.950742e+03 1.792632e+03 
2.033535e-01 1.957562e+03 1.742027e+03 
2.063737e-01 1.966929e+03 1.693409e+03 
2.093939e-01 1.974480e+03 1.646679e+03 
2.124141e-01 1.976456e+03 1.601743e+03 
2.154343e-01 1.969828e+03 1.558514e+03 
2.184545e-01 1.952524e+03 1.516908e+03 
2.214747e-01 1.923254e+03 1.476849e+03 
2.244949e-01 1.881874e+03 1.438263e+03 
2.275152e-01 1.829104e+03 1.401081e+03 
2.305354e-01 1.766744e+03 1.365237e+03 
2.335556e-01 1.697294e+03 1.330671e+03 
2.365758e-01 1.623779e+03 1.297324e+03 
2.395960e-01 1.549267e+03 1.265142e+03 
2.426162e-01 1.476696e+03 1.234072e+03 
2.456364e-01 1.408533e+03 1.204066e+03 
2.486566e-01 1.346762e+03 1.175076e+03 
2.516768e-01 1.292744e+03 1.147060e+03 
2.546970e-01 1.247284e+03 1.119974e+03 
2.577172e-01 1.210720e+03 1.093781e+03 
2.607374e-01 1.182827e+03 1.068442e+03 
2.637576e-01 1.162996e+03 1.043921e+03 
2.667778e-01 1.150132e+03 1.020186e+03 
2.697980e-01 1.142876e+03 9.972030e+02 
2.728182e-01 1.139639e+03 9.749426e+02 
2.758384e-01 1.138765e+03 9.533754e+02 
2.788586e-01 1.138600e+03 9.324740e+02 
2.818788e-01 1.137627e+03 9.122120e+02 
2.848990e-01 1.134490e+03 8.925644e+02 
2.879192e-01 1.128083e+03 8.735074e+02 
2.909394e-01 1.117605e+03 8.550184e+02 
2.939596e-01 1.102577e+03 8.370756e+02 
2.969798e-01 1.082968e+03 8.196584e+02 
3.000000e-01 1.059062e+03 8.027472e+02 
