1.000000e-03 2.709278e+03 2.709253e+03 
4.020202e-03 8.978345e+03 9.047409e+03 
7.040404e-03 1.314180e+04 1.322019e+04 
1.006061e-02 1.577711e+04 1.582096e+04 
1.308081e-02 1.729566e+04 1.728658e+04 
1.610101e-02 1.799272e+04 1.790930e+04 
1.912121e-02 1.809190e+04 1.792285e+04 
2.214141e-02 1.777165e+04 1.754385e+04 
2.516162e-02 1.717538e+04 1.695262e+04 
2.818182e-02 1.641916e+04 1.626959e+04 
3.120202e-02 1.559233e+04 1.556078e+04 
3.422222e-02 1.476043e+04 1.485786e+04 
3.724242e-02 1.396792e+04 1.417496e+04 
4.026263e-02 1.324244e+04 1.351818e+04 
4.328283e-02 1.258739e+04 1.289006e+04 
4.630303e-02 1.200944e+04 1.229144e+04 
4.932323e-02 1.151336e+04 1.172234e+04 
5.234343e-02 1.107425e+04 1.118227e+04 
5.536364e-02 1.067105e+04 1.067045e+04 
5.838384e-02 1.029119e+04 1.018588e+04 
6.140404e-02 9.927462e+03 9.727439e+03 
6.442424e-02 9.570221e+03 9.293927e+03 
6.744444e-02 9.208805e+03 8.884106e+03 
7.046465e-02 8.838908e+03 8.496728e+03 
7.348485e-02 8.460679e+03 8.130560e+03 
7.650505e-02 8.078060e+03 7.784395e+03 
7.952525e-02 7.698626e+03 7.457069e+03 
8.254545e-02 7.330576e+03 7.147465e+03 
8.556566e-02 6.981298e+03 6.854518e+03 
8.858586e-02 6.655609e+03 6.577218e+03 
9.160606e-02 6.356373e+03 6.314613e+03 
9.462626e-02 6.084870e+03 6.065803e+03 
9.764646e-02 5.841597e+03 5.829944e+03 
1.006667e-01 5.626067e+03 5.606244e+03 
1.036869e-01 5.436745e+03 5.393963e+03 
1.067071e-01 5.270297e+03 5.192406e+03 
1.097273e-01 5.121705e+03 5.000924e+03 
1.127475e-01 4.985309e+03 4.818913e+03 
1.157677e-01 4.855195e+03 4.645806e+03 
1.187879e-01 4.726933e+03 4.481075e+03 
1.218081e-01 4.597178e+03 4.324226e+03 
1.248283e-01 4.464524e+03 4.174799e+03 
1.278485e-01 4.328571e+03 4.032365e+03 
1.308687e-01 4.190085e+03 3.896520e+03 
1.338889e-01 4.050309e+03 3.766891e+03 
1.369091e-01 3.910960e+03 3.643126e+03 
1.399293e-01 3.773908e+03 3.524898e+03 
1.429495e-01 3.641137e+03 3.411899e+03 
1.459697e-01 3.514420e+03 3.303843e+03 
1.489899e-01 3.395124e+03 3.200462e+03 
1.520101e-01 3.284282e+03 3.101504e+03 
1.550303e-01 3.182521e+03 3.006733e+03 
1.580505e-01 3.089986e+03 2.915928e+03 
1.610707e-01 3.006347e+03 2.828882e+03 
1.640909e-01 2.930661e+03 2.745400e+03 
1.671111e-01 2.861535e+03 2.665300e+03 
1.701313e-01 2.797309e+03 2.588411e+03 
1.731515e-01 2.736244e+03 2.514570e+03 
1.761717e-01 2.676967e+03 2.443627e+03 
1.791919e-01 2.618358e+03 2.375438e+03 
1.822121e-01 2.559799e+03 2.309869e+03 
1.852323e-01 2.500879e+03 2.246794e+03 
1.882525e-01 2.441414e+03 2.186093e+03 
1.912727e-01 2.381356e+03 2.127653e+03 
1.942929e-01 2.320882e+03 2.071369e+03 
1.973131e-01 2.260391e+03 2.017140e+03 
2.003333e-01 2.200608e+03 1.964872e+03 
2.033535e-01 2.142284e+03 1.914474e+03 
2.063737e-01 2.086153e+03 1.865863e+03 
2.093939e-01 2.032728e+03 1.818959e+03 
2.124141e-01 1.982294e+03 1.773686e+03 
2.154343e-01 1.934905e+03 1.729971e+03 
2.184545e-01 1.890453e+03 1.687748e+03 
2.214747e-01 1.848748e+03 1.646951e+03 
2.244949e-01 1.809553e+03 1.607521e+03 
2.275152e-01 1.772602e+03 1.569398e+03 
2.305354e-01 1.737587e+03 1.532527e+03 
2.335556e-01 1.704077e+03 1.496858e+03 
2.365758e-01 1.671624e+03 1.462339e+03 
2.395960e-01 1.639833e+03 1.428925e+03 
2.426162e-01 1.608388e+03 1.396570e+03 
2.456364e-01 1.577141e+03 1.365231e+03 
2.486566e-01 1.546022e+03 1.334869e+03 
2.516768e-01 1.515059e+03 1.305443e+03 
2.546970e-01 1.484308e+03 1.276919e+03 
2.577172e-01 1.453855e+03 1.249260e+03 
2.607374e-01 1.423816e+03 1.222433e+03 
2.637576e-01 1.394337e+03 1.196407e+03 
2.667778e-01 1.365593e+03 1.171151e+03 
2.697980e-01 1.337769e+03 1.146635e+03 
2.728182e-01 1.310988e+03 1.122834e+03 
2.758384e-01 1.285330e+03 1.099719e+03 
2.788586e-01 1.260790e+03 1.077266e+03 
2.818788e-01 1.237322e+03 1.055451e+03 
2.848990e-01 1.214830e+03 1.034250e+03 
2.879192e-01 1.193202e+03 1.013642e+03 
2.909394e-01 1.172335e+03 9.936048e+02 
2.939596e-01 1.152129e+03 9.741192e+02 
2.969798e-01 1.132494e+03 9.551656e+02 
3.000000e-01 1.113343e+03 9.367254e+02 
