1.000000e-02 2.508747e+04 2.506234e+04 
1.494949e-02 2.809162e+04 2.807468e+04 
1.989899e-02 2.779758e+04 2.757191e+04 
2.484848e-02 2.558631e+04 2.504885e+04 
2.979798e-02 2.252796e+04 2.203645e+04 
3.474747e-02 1.939204e+04 1.934210e+04 
3.969697e-02 1.664499e+04 1.711933e+04 
4.464646e-02 1.448142e+04 1.529362e+04 
4.959596e-02 1.292784e+04 1.376822e+04 
5.454545e-02 1.189846e+04 1.246997e+04 
5.949495e-02 1.122027e+04 1.134858e+04 
6.444444e-02 1.074502e+04 1.036919e+04 
6.939394e-02 1.031941e+04 9.506734e+03 
7.434343e-02 9.830529e+03 8.742403e+03 
7.929293e-02 9.220698e+03 8.061561e+03 
8.424242e-02 8.494165e+03 7.452482e+03 
8.919192e-02 7.699649e+03 6.905573e+03 
9.414141e-02 6.904040e+03 6.412855e+03 
9.909091e-02 6.173119e+03 5.967614e+03 
1.040404e-01 5.559512e+03 5.564147e+03 
1.089899e-01 5.090699e+03 5.197579e+03 
1.139394e-01 4.764959e+03 4.863715e+03 
1.188889e-01 4.557344e+03 4.558926e+03 
1.238384e-01 4.430378e+03 4.280065e+03 
1.287879e-01 4.343630e+03 4.024387e+03 
1.337374e-01 4.258918e+03 3.789492e+03 
1.386869e-01 4.144905e+03 3.573274e+03 
1.436364e-01 3.983710e+03 3.373881e+03 
1.485859e-01 3.773623e+03 3.189678e+03 
1.535354e-01 3.527156e+03 3.019220e+03 
1.584848e-01 3.264822e+03 2.861222e+03 
1.634343e-01 3.010284e+03 2.714544e+03 
1.683838e-01 2.784337e+03 2.578171e+03 
1.733333e-01 2.600576e+03 2.451194e+03 
1.782828e-01 2.463229e+03 2.332800e+03 
1.832323e-01 2.368281e+03 2.222261e+03 
1.881818e-01 2.306469e+03 2.118922e+03 
1.931313e-01 2.265602e+03 2.022192e+03 
1.980808e-01 2.232072e+03 1.931540e+03 
2.030303e-01 2.193080e+03 1.846484e+03 
2.079798e-01 2.139402e+03 1.766589e+03 
2.129293e-01 2.067119e+03 1.691460e+03 
2.178788e-01 1.977773e+03 1.620738e+03 
2.228283e-01 1.876770e+03 1.554098e+03 
2.277778e-01 1.771847e+03 1.491240e+03 
2.327273e-01 1.671149e+03 1.431895e+03 
2.376768e-01 1.581356e+03 1.375813e+03 
2.426263e-01 1.506587e+03 1.322768e+03 
2.475758e-01 1.448125e+03 1.272552e+03 
2.525253e-01 1.404745e+03 1.224973e+03 
2.574747e-01 1.373232e+03 1.179856e+03 
2.624242e-01 1.348909e+03 1.137040e+03 
2.673737e-01 1.326577e+03 1.096376e+03 
2.723232e-01 1.301775e+03 1.057726e+03 
2.772727e-01 1.271656e+03 1.020965e+03 
2.822222e-01 1.235248e+03 9.859751e+02 
2.871717e-01 1.193070e+03 9.526478e+02 
2.921212e-01 1.146854e+03 9.208828e+02 
2.970707e-01 1.099209e+03 8.905873e+02 
3.020202e-01 1.053105e+03 8.616748e+02 
3.069697e-01 1.011113e+03 8.340651e+02 
3.119192e-01 9.747577e+02 8.076835e+02 
3.168687e-01 9.444785e+02 7.824606e+02 
3.218182e-01 9.198006e+02 7.583316e+02 
3.267677e-01 8.996023e+02 7.352363e+02 
3.317172e-01 8.823377e+02 7.131181e+02 
3.366667e-01 8.662246e+02 6.919246e+02 
3.416162e-01 8.496031e+02 6.716065e+02 
3.465657e-01 8.313257e+02 6.521177e+02 
3.515152e-01 8.109384e+02 6.334152e+02 
3.564646e-01 7.886200e+02 6.154585e+02 
3.614141e-01 7.649882e+02 5.982097e+02 
3.663636e-01 7.409100e+02 5.816333e+02 
3.713131e-01 7.173691e+02 5.656958e+02 
3.762626e-01 6.952516e+02 5.503659e+02 
3.812121e-01 6.752069e+02 5.356140e+02 
3.861616e-01 6.575041e+02 5.214123e+02 
3.911111e-01 6.420324e+02 5.077346e+02 
3.960606e-01 6.284139e+02 4.945563e+02 
4.010101e-01 6.161141e+02 4.818541e+02 
4.059596e-01 6.045210e+02 4.696061e+02 
4.109091e-01 5.930304e+02 4.577915e+02 
4.158586e-01 5.811796e+02 4.463908e+02 
4.208081e-01 5.687431e+02 4.353854e+02 
4.257576e-01 5.557245e+02 4.247578e+02 
4.307071e-01 5.423178e+02 4.144915e+02 
4.356566e-01 5.287853e+02 4.045708e+02 
4.406061e-01 5.154458e+02 3.949808e+02 
4.455556e-01 5.026291e+02 3.857075e+02 
4.505051e-01 4.906031e+02 3.767374e+02 
4.554545e-01 4.795097e+02 3.680580e+02 
4.604040e-01 4.693437e+02 3.596571e+02 
4.653535e-01 4.599799e+02 3.515234e+02 
4.703030e-01 4.512445e+02 3.436460e+02 
4.752525e-01 4.429439e+02 3.360145e+02 
4.802020e-01 4.348610e+02 3.286192e+02 
4.851515e-01 4.268106e+02 3.214507e+02 
4.901010e-01 4.186624e+02 3.145001e+02 
4.950505e-01 4.103793e+02 3.077589e+02 
5.000000e-01 4.020213e+02 3.012191e+02 
