1.000000e-02 1.477348e+04 1.475871e+04 
1.494949e-02 1.674466e+04 1.660332e+04 
1.989899e-02 1.704895e+04 1.677312e+04 
2.484848e-02 1.642798e+04 1.612395e+04 
2.979798e-02 1.537882e+04 1.518482e+04 
3.474747e-02 1.422102e+04 1.418060e+04 
3.969697e-02 1.313208e+04 1.319213e+04 
4.464646e-02 1.218266e+04 1.225050e+04 
4.959596e-02 1.137351e+04 1.136854e+04 
5.454545e-02 1.067838e+04 1.055074e+04 
5.949495e-02 1.003269e+04 9.797157e+03 
6.444444e-02 9.417715e+03 9.105394e+03 
6.939394e-02 8.806525e+03 8.471773e+03 
7.434343e-02 8.197484e+03 7.892027e+03 
7.929293e-02 7.608023e+03 7.361723e+03 
8.424242e-02 7.063860e+03 6.876511e+03 
8.919192e-02 6.580851e+03 6.432262e+03 
9.414141e-02 6.161427e+03 6.025135e+03 
9.909091e-02 5.802627e+03 5.651608e+03 
1.040404e-01 5.498166e+03 5.308477e+03 
1.089899e-01 5.234344e+03 4.992847e+03 
1.139394e-01 4.992227e+03 4.702109e+03 
1.188889e-01 4.755636e+03 4.433921e+03 
1.238384e-01 4.518369e+03 4.186179e+03 
1.287879e-01 4.281962e+03 3.957000e+03 
1.337374e-01 4.051421e+03 3.744693e+03 
1.386869e-01 3.832513e+03 3.547741e+03 
1.436364e-01 3.630265e+03 3.364785e+03 
1.485859e-01 3.447693e+03 3.194602e+03 
1.535354e-01 3.285477e+03 3.036092e+03 
1.584848e-01 3.142185e+03 2.888267e+03 
1.634343e-01 3.014525e+03 2.750234e+03 
1.683838e-01 2.897735e+03 2.621188e+03 
1.733333e-01 2.786754e+03 2.500403e+03 
1.782828e-01 2.678313e+03 2.387219e+03 
1.832323e-01 2.571576e+03 2.281040e+03 
1.881818e-01 2.466881e+03 2.181325e+03 
1.931313e-01 2.365039e+03 2.087582e+03 
1.980808e-01 2.267350e+03 1.999362e+03 
2.030303e-01 2.175539e+03 1.916259e+03 
2.079798e-01 2.090860e+03 1.837899e+03 
2.129293e-01 2.013217e+03 1.763944e+03 
2.178788e-01 1.941595e+03 1.694081e+03 
2.228283e-01 1.874862e+03 1.628026e+03 
2.277778e-01 1.812105e+03 1.565519e+03 
2.327273e-01 1.752346e+03 1.506318e+03 
2.376768e-01 1.694542e+03 1.450203e+03 
2.426263e-01 1.638288e+03 1.396972e+03 
2.475758e-01 1.583710e+03 1.346438e+03 
2.525253e-01 1.531065e+03 1.298427e+03 
2.574747e-01 1.480532e+03 1.252782e+03 
2.624242e-01 1.432252e+03 1.209354e+03 
2.673737e-01 1.386497e+03 1.168007e+03 
2.723232e-01 1.343431e+03 1.128615e+03 
2.772727e-01 1.302868e+03 1.091062e+03 
2.822222e-01 1.264359e+03 1.055238e+03 
2.871717e-01 1.227506e+03 1.021042e+03 
2.921212e-01 1.192112e+03 9.883818e+02 
2.970707e-01 1.158078e+03 9.571686e+02 
3.020202e-01 1.125252e+03 9.273214e+02 
3.069697e-01 1.093485e+03 8.987646e+02 
3.119192e-01 1.062747e+03 8.714271e+02 
3.168687e-01 1.033123e+03 8.452430e+02 
3.218182e-01 1.004712e+03 8.201505e+02 
3.267677e-01 9.775091e+02 7.960917e+02 
3.317172e-01 9.514305e+02 7.730125e+02 
3.366667e-01 9.263957e+02 7.508623e+02 
3.416162e-01 9.023632e+02 7.295934e+02 
3.465657e-01 8.792933e+02 7.091614e+02 
3.515152e-01 8.570861e+02 6.895243e+02 
3.564646e-01 8.356242e+02 6.706427e+02 
3.614141e-01 8.148333e+02 6.524797e+02 
3.663636e-01 7.947096e+02 6.350004e+02 
3.713131e-01 7.752828e+02 6.181722e+02 
3.762626e-01 7.565328e+02 6.019641e+02 
3.812121e-01 7.384121e+02 5.863469e+02 
3.861616e-01 7.208897e+02 5.712933e+02 
3.911111e-01 7.039655e+02 5.567774e+02 
3.960606e-01 6.876428e+02 5.427746e+02 
4.010101e-01 6.718855e+02 5.292619e+02 
4.059596e-01 6.566376e+02 5.162173e+02 
4.109091e-01 6.418647e+02 5.036202e+02 
4.158586e-01 6.275553e+02 4.914511e+02 
4.208081e-01 6.136996e+02 4.796913e+02 
4.257576e-01 6.002734e+02 4.683233e+02 
4.307071e-01 5.872457e+02 4.573304e+02 
4.356566e-01 5.746001e+02 4.466969e+02 
4.406061e-01 5.623400e+02 4.364078e+02 
4.455556e-01 5.504651e+02 4.264487e+02 
4.505051e-01 5.389547e+02 4.168063e+02 
4.554545e-01 5.277800e+02 4.074676e+02 
4.604040e-01 5.169283e+02 3.984204e+02 
4.653535e-01 5.063922e+02 3.896531e+02 
4.703030e-01 4.961689e+02 3.811547e+02 
4.752525e-01 4.862438e+02 3.729145e+02 
4.802020e-01 4.765886e+02 3.649227e+02 
4.851515e-01 4.671909e+02 3.571695e+02 
4.901010e-01 4.580581e+02 3.496460e+02 
4.950505e-01 4.491868e+02 3.423434e+02 
5.000000e-01 4.405583e+02 3.352534e+02 
