1.000000e-02 5.760252e+04 5.755478e+04 
1.494949e-02 6.297211e+04 6.348089e+04 
1.989899e-02 5.994903e+04 6.021691e+04 
2.484848e-02 5.210682e+04 5.099078e+04 
2.979798e-02 4.238056e+04 4.043791e+04 
3.474747e-02 3.293063e+04 3.168889e+04 
3.969697e-02 2.502626e+04 2.532668e+04 
4.464646e-02 1.911447e+04 2.081699e+04 
4.959596e-02 1.514328e+04 1.754799e+04 
5.454545e-02 1.276617e+04 1.508967e+04 
5.949495e-02 1.154650e+04 1.317342e+04 
6.444444e-02 1.108479e+04 1.163404e+04 
6.939394e-02 1.103873e+04 1.036755e+04 
7.434343e-02 1.110655e+04 9.306035e+03 
7.929293e-02 1.102200e+04 8.403283e+03 
8.424242e-02 1.060444e+04 7.626629e+03 
8.919192e-02 9.804456e+03 6.952172e+03 
9.414141e-02 8.699662e+03 6.361900e+03 
9.909091e-02 7.444852e+03 5.841902e+03 
1.040404e-01 6.214255e+03 5.381210e+03 
1.089899e-01 5.148947e+03 4.971028e+03 
1.139394e-01 4.330367e+03 4.604201e+03 
1.188889e-01 3.779764e+03 4.274836e+03 
1.238384e-01 3.476324e+03 3.978036e+03 
1.287879e-01 3.376339e+03 3.709690e+03 
1.337374e-01 3.423592e+03 3.466325e+03 
1.386869e-01 3.554551e+03 3.244985e+03 
1.436364e-01 3.701773e+03 3.043139e+03 
1.485859e-01 3.799465e+03 2.858610e+03 
1.535354e-01 3.793883e+03 2.689515e+03 
1.584848e-01 3.657362e+03 2.534219e+03 
1.634343e-01 3.398067e+03 2.391296e+03 
1.683838e-01 3.055932e+03 2.259499e+03 
1.733333e-01 2.684302e+03 2.137730e+03 
1.782828e-01 2.332195e+03 2.025023e+03 
1.832323e-01 2.035112e+03 1.920526e+03 
1.881818e-01 1.813273e+03 1.823480e+03 
1.931313e-01 1.673183e+03 1.733212e+03 
1.980808e-01 1.609334e+03 1.649124e+03 
2.030303e-01 1.607526e+03 1.570679e+03 
2.079798e-01 1.648268e+03 1.497396e+03 
2.129293e-01 1.709170e+03 1.428846e+03 
2.178788e-01 1.766738e+03 1.364641e+03 
2.228283e-01 1.798688e+03 1.304431e+03 
2.277778e-01 1.788579e+03 1.247901e+03 
2.327273e-01 1.730287e+03 1.194766e+03 
2.376768e-01 1.629197e+03 1.144766e+03 
2.426263e-01 1.499287e+03 1.097667e+03 
2.475758e-01 1.358382e+03 1.053256e+03 
2.525253e-01 1.223748e+03 1.011336e+03 
2.574747e-01 1.109130e+03 9.717314e+02 
2.624242e-01 1.022777e+03 9.342787e+02 
2.673737e-01 9.671840e+02 8.988293e+02 
2.723232e-01 9.403039e+02 8.652471e+02 
2.772727e-01 9.370537e+02 8.334069e+02 
2.822222e-01 9.503121e+02 8.031938e+02 
2.871717e-01 9.714210e+02 7.745018e+02 
2.921212e-01 9.909112e+02 7.472336e+02 
2.970707e-01 1.000055e+03 7.212992e+02 
3.020202e-01 9.928668e+02 6.966155e+02 
3.069697e-01 9.672631e+02 6.731056e+02 
3.119192e-01 9.250489e+02 6.506985e+02 
3.168687e-01 8.709302e+02 6.293282e+02 
3.218182e-01 8.113097e+02 6.089336e+02 
3.267677e-01 7.528892e+02 5.894579e+02 
3.317172e-01 7.013281e+02 5.708484e+02 
3.366667e-01 6.604118e+02 5.530558e+02 
3.416162e-01 6.317206e+02 5.360345e+02 
3.465657e-01 6.149531e+02 5.197419e+02 
3.515152e-01 6.083843e+02 5.041380e+02 
3.564646e-01 6.091943e+02 4.891859e+02 
3.614141e-01 6.138444e+02 4.748506e+02 
3.663636e-01 6.185070e+02 4.610999e+02 
3.713131e-01 6.197099e+02 4.479031e+02 
3.762626e-01 6.149418e+02 4.352319e+02 
3.812121e-01 6.030445e+02 4.230595e+02 
3.861616e-01 5.842543e+02 4.113609e+02 
3.911111e-01 5.600925e+02 4.001124e+02 
3.960606e-01 5.329379e+02 3.892921e+02 
4.010101e-01 5.054591e+02 3.788789e+02 
4.059596e-01 4.801019e+02 3.688535e+02 
4.109091e-01 4.585873e+02 3.591973e+02 
4.158586e-01 4.419097e+02 3.498930e+02 
4.208081e-01 4.303020e+02 3.409241e+02 
4.257576e-01 4.233259e+02 3.322753e+02 
4.307071e-01 4.199498e+02 3.239318e+02 
4.356566e-01 4.187141e+02 3.158801e+02 
4.406061e-01 4.180340e+02 3.081069e+02 
4.455556e-01 4.164482e+02 3.006000e+02 
4.505051e-01 4.128338e+02 2.933478e+02 
4.554545e-01 4.065095e+02 2.863391e+02 
4.604040e-01 3.973283e+02 2.795635e+02 
4.653535e-01 3.856912e+02 2.730112e+02 
4.703030e-01 3.724570e+02 2.666726e+02 
4.752525e-01 3.586773e+02 2.605389e+02 
4.802020e-01 3.453485e+02 2.546016e+02 
4.851515e-01 3.333144e+02 2.488527e+02 
4.901010e-01 3.231552e+02 2.432845e+02 
4.950505e-01 3.151479e+02 2.378898e+02 
5.000000e-01 3.092409e+02 2.326616e+02 
