1.000000e-02 1.999575e+04 1.997689e+04 
1.494949e-02 2.237015e+04 2.227857e+04 
1.989899e-02 2.224935e+04 2.197400e+04 
2.484848e-02 2.073901e+04 2.035495e+04 
2.979798e-02 1.864786e+04 1.844689e+04 
3.474747e-02 1.652386e+04 1.668038e+04 
3.969697e-02 1.467707e+04 1.513164e+04 
4.464646e-02 1.322237e+04 1.377802e+04 
4.959596e-02 1.214940e+04 1.258658e+04 
5.454545e-02 1.137892e+04 1.153075e+04 
5.949495e-02 1.077513e+04 1.059036e+04 
6.444444e-02 1.023357e+04 9.749608e+03 
6.939394e-02 9.665363e+03 8.995655e+03 
7.434343e-02 9.027502e+03 8.317763e+03 
7.929293e-02 8.326200e+03 7.706784e+03 
8.424242e-02 7.603296e+03 7.154844e+03 
8.919192e-02 6.910964e+03 6.655125e+03 
9.414141e-02 6.292786e+03 6.201696e+03 
9.909091e-02 5.779156e+03 5.789392e+03 
1.040404e-01 5.382869e+03 5.413698e+03 
1.089899e-01 5.094271e+03 5.070666e+03 
1.139394e-01 4.884783e+03 4.756832e+03 
1.188889e-01 4.717836e+03 4.469156e+03 
1.238384e-01 4.560753e+03 4.204963e+03 
1.287879e-01 4.389578e+03 3.961892e+03 
1.337374e-01 4.191408e+03 3.737862e+03 
1.386869e-01 3.965297e+03 3.531027e+03 
1.436364e-01 3.721503e+03 3.339753e+03 
1.485859e-01 3.476326e+03 3.162586e+03 
1.535354e-01 3.245824e+03 2.998232e+03 
1.584848e-01 3.043071e+03 2.845538e+03 
1.634343e-01 2.875959e+03 2.703472e+03 
1.683838e-01 2.745377e+03 2.571109e+03 
1.733333e-01 2.645328e+03 2.447622e+03 
1.782828e-01 2.565515e+03 2.332265e+03 
1.832323e-01 2.495172e+03 2.224367e+03 
1.881818e-01 2.424996e+03 2.123324e+03 
1.931313e-01 2.348154e+03 2.028589e+03 
1.980808e-01 2.261110e+03 1.939666e+03 
2.030303e-01 2.164754e+03 1.856108e+03 
2.079798e-01 2.063311e+03 1.777507e+03 
2.129293e-01 1.962580e+03 1.703492e+03 
2.178788e-01 1.867891e+03 1.633727e+03 
2.228283e-01 1.783123e+03 1.567903e+03 
2.277778e-01 1.710374e+03 1.505740e+03 
2.327273e-01 1.649594e+03 1.446981e+03 
2.376768e-01 1.598828e+03 1.391390e+03 
2.426263e-01 1.555082e+03 1.338750e+03 
2.475758e-01 1.514990e+03 1.288865e+03 
2.525253e-01 1.475438e+03 1.241551e+03 
2.574747e-01 1.433956e+03 1.196642e+03 
2.624242e-01 1.389443e+03 1.153981e+03 
2.673737e-01 1.342318e+03 1.113427e+03 
2.723232e-01 1.294119e+03 1.074847e+03 
2.772727e-01 1.246564e+03 1.038120e+03 
2.822222e-01 1.201178e+03 1.003133e+03 
2.871717e-01 1.159177e+03 9.697805e+02 
2.921212e-01 1.121370e+03 9.379667e+02 
2.970707e-01 1.087939e+03 9.076010e+02 
3.020202e-01 1.058290e+03 8.785998e+02 
3.069697e-01 1.031351e+03 8.508850e+02 
3.119192e-01 1.005973e+03 8.243843e+02 
3.168687e-01 9.812052e+02 7.990299e+02 
3.218182e-01 9.563840e+02 7.747588e+02 
3.267677e-01 9.310787e+02 7.515122e+02 
3.317172e-01 9.052447e+02 7.292349e+02 
3.366667e-01 8.792185e+02 7.078757e+02 
3.416162e-01 8.535768e+02 6.873862e+02 
3.465657e-01 8.288782e+02 6.677215e+02 
3.515152e-01 8.055303e+02 6.488392e+02 
3.564646e-01 7.837435e+02 6.306996e+02 
3.614141e-01 7.635460e+02 6.132657e+02 
3.663636e-01 7.448376e+02 5.965023e+02 
3.713131e-01 7.273381e+02 5.803766e+02 
3.762626e-01 7.106894e+02 5.648576e+02 
3.812121e-01 6.945401e+02 5.499163e+02 
3.861616e-01 6.786523e+02 5.355253e+02 
3.911111e-01 6.628914e+02 5.216587e+02 
3.960606e-01 6.472163e+02 5.082920e+02 
4.010101e-01 6.316641e+02 4.954024e+02 
4.059596e-01 6.163655e+02 4.829681e+02 
4.109091e-01 6.015066e+02 4.709685e+02 
4.158586e-01 5.872402e+02 4.593842e+02 
4.208081e-01 5.736335e+02 4.481969e+02 
4.257576e-01 5.606786e+02 4.373893e+02 
4.307071e-01 5.483480e+02 4.269448e+02 
4.356566e-01 5.366127e+02 4.168479e+02 
4.406061e-01 5.253521e+02 4.070839e+02 
4.455556e-01 5.144488e+02 3.976386e+02 
4.505051e-01 5.037901e+02 3.884987e+02 
4.554545e-01 4.933362e+02 3.796518e+02 
4.604040e-01 4.830705e+02 3.710857e+02 
4.653535e-01 4.729967e+02 3.627891e+02 
4.703030e-01 4.631208e+02 3.547511e+02 
4.752525e-01 4.534701e+02 3.469614e+02 
4.802020e-01 4.441067e+02 3.394103e+02 
4.851515e-01 4.350695e+02 3.320883e+02 
4.901010e-01 4.263597e+02 3.249866e+02 
4.950505e-01 4.179657e+02 3.180967e+02 
5.000000e-01 4.098478e+02 3.114105e+02 
