1.000000e-02 3.691706e+04 3.688098e+04 
1.494949e-02 4.075911e+04 4.089305e+04 
1.989899e-02 3.950860e+04 3.938169e+04 
2.484848e-02 3.532704e+04 3.451994e+04 
2.979798e-02 2.993432e+04 2.893394e+04 
3.474747e-02 2.457840e+04 2.417134e+04 
3.969697e-02 2.000356e+04 2.050014e+04 
4.464646e-02 1.649378e+04 1.769787e+04 
4.959596e-02 1.406969e+04 1.550839e+04 
5.454545e-02 1.255625e+04 1.374710e+04 
5.949495e-02 1.169737e+04 1.229370e+04 
6.444444e-02 1.124739e+04 1.107017e+04 
6.939394e-02 1.096573e+04 1.002437e+04 
7.434343e-02 1.065764e+04 9.119989e+03 
7.929293e-02 1.018501e+04 8.330728e+03 
8.424242e-02 9.492511e+03 7.636850e+03 
8.919192e-02 8.607800e+03 7.023095e+03 
9.414141e-02 7.617865e+03 6.477384e+03 
9.909091e-02 6.633499e+03 5.989972e+03 
1.040404e-01 5.756717e+03 5.552877e+03 
1.089899e-01 5.054723e+03 5.159481e+03 
1.139394e-01 4.551774e+03 4.804241e+03 
1.188889e-01 4.236601e+03 4.482475e+03 
1.238384e-01 4.076878e+03 4.190203e+03 
1.287879e-01 4.027185e+03 3.924018e+03 
1.337374e-01 4.033960e+03 3.680986e+03 
1.386869e-01 4.042409e+03 3.458573e+03 
1.436364e-01 4.006373e+03 3.254579e+03 
1.485859e-01 3.897042e+03 3.067085e+03 
1.535354e-01 3.705797e+03 2.894410e+03 
1.584848e-01 3.444451e+03 2.735082e+03 
1.634343e-01 3.141703e+03 2.587801e+03 
1.683838e-01 2.834809e+03 2.451420e+03 
1.733333e-01 2.557498e+03 2.324924e+03 
1.782828e-01 2.331598e+03 2.207409e+03 
1.832323e-01 2.166095e+03 2.098072e+03 
1.881818e-01 2.060347e+03 1.996194e+03 
1.931313e-01 2.006746e+03 1.901134e+03 
1.980808e-01 1.991745e+03 1.812315e+03 
2.030303e-01 1.997189e+03 1.729220e+03 
2.079798e-01 2.003552e+03 1.651384e+03 
2.129293e-01 1.994170e+03 1.578384e+03 
2.178788e-01 1.958215e+03 1.509841e+03 
2.228283e-01 1.891784e+03 1.445412e+03 
2.277778e-01 1.797782e+03 1.384783e+03 
2.327273e-01 1.684927e+03 1.327670e+03 
2.376768e-01 1.565369e+03 1.273816e+03 
2.426263e-01 1.451425e+03 1.222985e+03 
2.475758e-01 1.352825e+03 1.174961e+03 
2.525253e-01 1.275402e+03 1.129549e+03 
2.574747e-01 1.220873e+03 1.086567e+03 
2.624242e-01 1.187511e+03 1.045852e+03 
2.673737e-01 1.170744e+03 1.007250e+03 
2.723232e-01 1.164250e+03 9.706237e+02 
2.772727e-01 1.161032e+03 9.358438e+02 
2.822222e-01 1.154522e+03 9.027922e+02 
2.871717e-01 1.139627e+03 8.713597e+02 
2.921212e-01 1.113577e+03 8.414456e+02 
2.970707e-01 1.076220e+03 8.129567e+02 
3.020202e-01 1.029852e+03 7.858065e+02 
3.069697e-01 9.784794e+02 7.599150e+02 
3.119192e-01 9.267093e+02 7.352080e+02 
3.168687e-01 8.787662e+02 7.116166e+02 
3.218182e-01 8.377674e+02 6.890765e+02 
3.267677e-01 8.053468e+02 6.675283e+02 
3.317172e-01 7.816701e+02 6.469162e+02 
3.366667e-01 7.656679e+02 6.271885e+02 
3.416162e-01 7.553492e+02 6.082969e+02 
3.465657e-01 7.480994e+02 5.901961e+02 
3.515152e-01 7.411803e+02 5.728441e+02 
3.564646e-01 7.322367e+02 5.562012e+02 
3.614141e-01 7.196898e+02 5.402307e+02 
3.663636e-01 7.029291e+02 5.248978e+02 
3.713131e-01 6.822380e+02 5.101701e+02 
3.762626e-01 6.586267e+02 4.960171e+02 
3.812121e-01 6.336438e+02 4.824102e+02 
3.861616e-01 6.090147e+02 4.693225e+02 
3.911111e-01 5.863056e+02 4.567288e+02 
3.960606e-01 5.665900e+02 4.446052e+02 
4.010101e-01 5.503555e+02 4.329294e+02 
4.059596e-01 5.375280e+02 4.216801e+02 
4.109091e-01 5.276076e+02 4.108377e+02 
4.158586e-01 5.197603e+02 4.003832e+02 
4.208081e-01 5.129610e+02 3.902989e+02 
4.257576e-01 5.061783e+02 3.805681e+02 
4.307071e-01 4.985534e+02 3.711749e+02 
4.356566e-01 4.895596e+02 3.621045e+02 
4.406061e-01 4.790189e+02 3.533426e+02 
4.455556e-01 4.670990e+02 3.448758e+02 
4.505051e-01 4.542343e+02 3.366914e+02 
4.554545e-01 4.410189e+02 3.287774e+02 
4.604040e-01 4.281086e+02 3.211224e+02 
4.653535e-01 4.160683e+02 3.137155e+02 
4.703030e-01 4.052870e+02 3.065464e+02 
4.752525e-01 3.959305e+02 2.996055e+02 
4.802020e-01 3.879519e+02 2.928833e+02 
4.851515e-01 3.811458e+02 2.863711e+02 
4.901010e-01 3.751686e+02 2.800606e+02 
4.950505e-01 3.696150e+02 2.739436e+02 
5.000000e-01 3.640937e+02 2.680127e+02 
