1.000000e-02 1.611542e+04 1.610067e+04 
1.494949e-02 1.818090e+04 1.805273e+04 
1.989899e-02 1.836209e+04 1.809037e+04 
2.484848e-02 1.749987e+04 1.719562e+04 
2.979798e-02 1.617587e+04 1.601943e+04 
3.474747e-02 1.476985e+04 1.482882e+04 
3.969697e-02 1.349468e+04 1.370086e+04 
4.464646e-02 1.242039e+04 1.265418e+04 
4.959596e-02 1.156421e+04 1.169152e+04 
5.454545e-02 1.085938e+04 1.081048e+04 
5.949495e-02 1.022945e+04 1.000654e+04 
6.444444e-02 9.626820e+03 9.274173e+03 
6.939394e-02 9.013319e+03 8.607506e+03 
7.434343e-02 8.379487e+03 8.000663e+03 
7.929293e-02 7.745528e+03 7.448011e+03 
8.424242e-02 7.144654e+03 6.944285e+03 
8.919192e-02 6.604238e+03 6.484641e+03 
9.414141e-02 6.137403e+03 6.064678e+03 
9.909091e-02 5.748833e+03 5.680424e+03 
1.040404e-01 5.434294e+03 5.328316e+03 
1.089899e-01 5.177455e+03 5.005164e+03 
1.139394e-01 4.953251e+03 4.708122e+03 
1.188889e-01 4.738140e+03 4.434651e+03 
1.238384e-01 4.518714e+03 4.182486e+03 
1.287879e-01 4.291277e+03 3.949608e+03 
1.337374e-01 4.058760e+03 3.734216e+03 
1.386869e-01 3.828315e+03 3.534698e+03 
1.436364e-01 3.609009e+03 3.349617e+03 
1.485859e-01 3.408795e+03 3.177684e+03 
1.535354e-01 3.232218e+03 3.017744e+03 
1.584848e-01 3.080494e+03 2.868761e+03 
1.634343e-01 2.951450e+03 2.729802e+03 
1.683838e-01 2.839677e+03 2.600029e+03 
1.733333e-01 2.738006e+03 2.478686e+03 
1.782828e-01 2.640068e+03 2.365089e+03 
1.832323e-01 2.542111e+03 2.258620e+03 
1.881818e-01 2.442706e+03 2.158720e+03 
1.931313e-01 2.342075e+03 2.064882e+03 
1.980808e-01 2.241969e+03 1.976644e+03 
2.030303e-01 2.145304e+03 1.893587e+03 
2.079798e-01 2.054926e+03 1.815329e+03 
2.129293e-01 1.972440e+03 1.741521e+03 
2.178788e-01 1.898053e+03 1.671846e+03 
2.228283e-01 1.831110e+03 1.606011e+03 
2.277778e-01 1.770352e+03 1.543749e+03 
2.327273e-01 1.713999e+03 1.484818e+03 
2.376768e-01 1.660212e+03 1.428991e+03 
2.426263e-01 1.607692e+03 1.376062e+03 
2.475758e-01 1.555862e+03 1.325842e+03 
2.525253e-01 1.504585e+03 1.278154e+03 
2.574747e-01 1.454023e+03 1.232838e+03 
2.624242e-01 1.404730e+03 1.189745e+03 
2.673737e-01 1.357595e+03 1.148736e+03 
2.723232e-01 1.313343e+03 1.109684e+03 
2.772727e-01 1.272119e+03 1.072470e+03 
2.822222e-01 1.233620e+03 1.036985e+03 
2.871717e-01 1.197484e+03 1.003128e+03 
2.921212e-01 1.163378e+03 9.708020e+02 
2.970707e-01 1.130943e+03 9.399210e+02 
3.020202e-01 1.099665e+03 9.104024e+02 
3.069697e-01 1.069142e+03 8.821700e+02 
3.119192e-01 1.039251e+03 8.551526e+02 
3.168687e-01 1.010097e+03 8.292838e+02 
3.218182e-01 9.818505e+02 8.045015e+02 
3.267677e-01 9.546051e+02 7.807478e+02 
3.317172e-01 9.284068e+02 7.579683e+02 
3.366667e-01 9.033600e+02 7.361122e+02 
3.416162e-01 8.795379e+02 7.151320e+02 
3.465657e-01 8.568987e+02 6.949829e+02 
3.515152e-01 8.352764e+02 6.756230e+02 
3.564646e-01 8.144673e+02 6.570130e+02 
3.614141e-01 7.943573e+02 6.391160e+02 
3.663636e-01 7.748863e+02 6.218970e+02 
3.713131e-01 7.560114e+02 6.053235e+02 
3.762626e-01 7.376748e+02 5.893645e+02 
3.812121e-01 7.198474e+02 5.739910e+02 
3.861616e-01 7.025551e+02 5.591757e+02 
3.911111e-01 6.858470e+02 5.448927e+02 
3.960606e-01 6.697488e+02 5.311176e+02 
4.010101e-01 6.542241e+02 5.178273e+02 
4.059596e-01 6.392517e+02 5.050002e+02 
4.109091e-01 6.248141e+02 4.926156e+02 
4.158586e-01 6.108841e+02 4.806541e+02 
4.208081e-01 5.974134e+02 4.690971e+02 
4.257576e-01 5.843421e+02 4.579273e+02 
4.307071e-01 5.716416e+02 4.471281e+02 
4.356566e-01 5.593054e+02 4.366837e+02 
4.406061e-01 5.473330e+02 4.265793e+02 
4.455556e-01 5.357086e+02 4.168008e+02 
4.505051e-01 5.244128e+02 4.073346e+02 
4.554545e-01 5.134487e+02 3.981682e+02 
4.604040e-01 5.028264e+02 3.892893e+02 
4.653535e-01 4.925271e+02 3.806865e+02 
4.703030e-01 4.825417e+02 3.723487e+02 
4.752525e-01 4.728461e+02 3.642655e+02 
4.802020e-01 4.634239e+02 3.564270e+02 
4.851515e-01 4.542744e+02 3.488238e+02 
4.901010e-01 4.453871e+02 3.414467e+02 
4.950505e-01 4.367359e+02 3.342872e+02 
5.000000e-01 4.283079e+02 3.273371e+02 
