1.000000e-02 2.870604e+04 2.868163e+04 
1.494949e-02 3.161798e+04 3.161706e+04 
1.989899e-02 3.080650e+04 3.056328e+04 
2.484848e-02 2.792490e+04 2.734325e+04 
2.979798e-02 2.422089e+04 2.374069e+04 
3.474747e-02 2.056132e+04 2.062018e+04 
3.969697e-02 1.744443e+04 1.809720e+04 
4.464646e-02 1.504808e+04 1.605447e+04 
4.959596e-02 1.337528e+04 1.436691e+04 
5.454545e-02 1.229081e+04 1.294415e+04 
5.949495e-02 1.159531e+04 1.172523e+04 
6.444444e-02 1.110292e+04 1.066833e+04 
6.939394e-02 1.064500e+04 9.743606e+03 
7.434343e-02 1.010358e+04 8.928846e+03 
7.929293e-02 9.423157e+03 8.206903e+03 
8.424242e-02 8.616768e+03 7.564160e+03 
8.919192e-02 7.745331e+03 6.989568e+03 
9.414141e-02 6.888081e+03 6.474014e+03 
9.909091e-02 6.119916e+03 6.009891e+03 
1.040404e-01 5.494095e+03 5.590785e+03 
1.089899e-01 5.031596e+03 5.211249e+03 
1.139394e-01 4.721911e+03 4.866627e+03 
1.188889e-01 4.532953e+03 4.552918e+03 
1.238384e-01 4.422576e+03 4.266667e+03 
1.287879e-01 4.345355e+03 4.004879e+03 
1.337374e-01 4.258840e+03 3.764946e+03 
1.386869e-01 4.131513e+03 3.544592e+03 
1.436364e-01 3.949392e+03 3.341821e+03 
1.485859e-01 3.716335e+03 3.154881e+03 
1.535354e-01 3.449236e+03 2.982224e+03 
1.584848e-01 3.172407e+03 2.822486e+03 
1.634343e-01 2.911885e+03 2.674454e+03 
1.683838e-01 2.689204e+03 2.537054e+03 
1.733333e-01 2.515781e+03 2.409328e+03 
1.782828e-01 2.391903e+03 2.290420e+03 
1.832323e-01 2.310396e+03 2.179566e+03 
1.881818e-01 2.259766e+03 2.076080e+03 
1.931313e-01 2.226268e+03 1.979345e+03 
1.980808e-01 2.194914e+03 1.888807e+03 
2.030303e-01 2.152570e+03 1.803966e+03 
2.079798e-01 2.091202e+03 1.724371e+03 
2.129293e-01 2.009407e+03 1.649612e+03 
2.178788e-01 1.911202e+03 1.579319e+03 
2.228283e-01 1.804004e+03 1.513155e+03 
2.277778e-01 1.696518e+03 1.450813e+03 
2.327273e-01 1.597009e+03 1.392015e+03 
2.376768e-01 1.511699e+03 1.336506e+03 
2.426263e-01 1.443713e+03 1.284053e+03 
2.475758e-01 1.393062e+03 1.234443e+03 
2.525253e-01 1.357006e+03 1.187482e+03 
2.574747e-01 1.330979e+03 1.142990e+03 
2.624242e-01 1.309496e+03 1.100803e+03 
2.673737e-01 1.287374e+03 1.060769e+03 
2.723232e-01 1.260720e+03 1.022750e+03 
2.772727e-01 1.227394e+03 9.866164e+02 
2.822222e-01 1.187192e+03 9.522500e+02 
2.871717e-01 1.141554e+03 9.195409e+02 
2.921212e-01 1.093185e+03 8.883879e+02 
2.970707e-01 1.045258e+03 8.586969e+02 
3.020202e-01 1.000688e+03 8.303807e+02 
3.069697e-01 9.615328e+02 8.033586e+02 
3.119192e-01 9.287836e+02 7.775554e+02 
3.168687e-01 9.023482e+02 7.529013e+02 
3.218182e-01 8.812188e+02 7.293311e+02 
3.267677e-01 8.637358e+02 7.067843e+02 
3.317172e-01 8.479668e+02 6.852043e+02 
3.366667e-01 8.321356e+02 6.645385e+02 
3.416162e-01 8.148476e+02 6.447376e+02 
3.465657e-01 7.953656e+02 6.257554e+02 
3.515152e-01 7.736022e+02 6.075490e+02 
3.564646e-01 7.501120e+02 5.900779e+02 
3.614141e-01 7.258575e+02 5.733044e+02 
3.663636e-01 7.019330e+02 5.571929e+02 
3.713131e-01 6.793058e+02 5.417102e+02 
3.762626e-01 6.586728e+02 5.268250e+02 
3.812121e-01 6.404475e+02 5.125079e+02 
3.861616e-01 6.246477e+02 4.987314e+02 
3.911111e-01 6.109617e+02 4.854693e+02 
3.960606e-01 5.987786e+02 4.726972e+02 
4.010101e-01 5.873911e+02 4.603921e+02 
4.059596e-01 5.761621e+02 4.485321e+02 
4.109091e-01 5.646180e+02 4.370967e+02 
4.158586e-01 5.524950e+02 4.260665e+02 
4.208081e-01 5.397074e+02 4.154232e+02 
4.257576e-01 5.264005e+02 4.051495e+02 
4.307071e-01 5.128788e+02 3.952290e+02 
4.356566e-01 4.995263e+02 3.856463e+02 
4.406061e-01 4.867152e+02 3.763865e+02 
4.455556e-01 4.746936e+02 3.674360e+02 
4.505051e-01 4.636088e+02 3.587813e+02 
4.554545e-01 4.534753e+02 3.504102e+02 
4.604040e-01 4.442270e+02 3.423106e+02 
4.653535e-01 4.356709e+02 3.344715e+02 
4.703030e-01 4.275561e+02 3.268820e+02 
4.752525e-01 4.196372e+02 3.195320e+02 
4.802020e-01 4.117283e+02 3.124119e+02 
4.851515e-01 4.037250e+02 3.055124e+02 
4.901010e-01 3.955943e+02 2.988249e+02 
4.950505e-01 3.873537e+02 2.923410e+02 
5.000000e-01 3.790881e+02 2.860528e+02 
