1.000000e-02 1.878571e+04 1.876880e+04 
1.494949e-02 2.119727e+04 2.111449e+04 
1.989899e-02 2.126907e+04 2.101980e+04 
2.484848e-02 2.000023e+04 1.963391e+04 
2.979798e-02 1.813020e+04 1.790831e+04 
3.474747e-02 1.617335e+04 1.627364e+04 
3.969697e-02 1.443194e+04 1.482250e+04 
4.464646e-02 1.303261e+04 1.354361e+04 
4.959596e-02 1.197771e+04 1.241067e+04 
5.454545e-02 1.121439e+04 1.140119e+04 
5.949495e-02 1.061469e+04 1.049775e+04 
6.444444e-02 1.009013e+04 9.686570e+03 
6.939394e-02 9.556925e+03 8.956327e+03 
7.434343e-02 8.963329e+03 8.297455e+03 
7.929293e-02 8.305737e+03 7.701728e+03 
8.424242e-02 7.619341e+03 7.162000e+03 
8.919192e-02 6.952155e+03 6.672030e+03 
9.414141e-02 6.345232e+03 6.226354e+03 
9.909091e-02 5.827651e+03 5.820177e+03 
1.040404e-01 5.415736e+03 5.449284e+03 
1.089899e-01 5.108094e+03 5.109970e+03 
1.139394e-01 4.884043e+03 4.798970e+03 
1.188889e-01 4.710565e+03 4.513402e+03 
1.238384e-01 4.555089e+03 4.250723e+03 
1.287879e-01 4.393129e+03 4.008682e+03 
1.337374e-01 4.209872e+03 3.785283e+03 
1.386869e-01 4.000938e+03 3.578756e+03 
1.436364e-01 3.771921e+03 3.387524e+03 
1.485859e-01 3.535346e+03 3.210184e+03 
1.535354e-01 3.306306e+03 3.045484e+03 
1.584848e-01 3.098710e+03 2.892303e+03 
1.634343e-01 2.922293e+03 2.749638e+03 
1.683838e-01 2.780345e+03 2.616589e+03 
1.733333e-01 2.669905e+03 2.492346e+03 
1.782828e-01 2.582894e+03 2.376182e+03 
1.832323e-01 2.509693e+03 2.267437e+03 
1.881818e-01 2.441222e+03 2.165519e+03 
1.931313e-01 2.369727e+03 2.069890e+03 
1.980808e-01 2.289957e+03 1.980062e+03 
2.030303e-01 2.200592e+03 1.895594e+03 
2.079798e-01 2.104257e+03 1.816084e+03 
2.129293e-01 2.005795e+03 1.741165e+03 
2.178788e-01 1.910379e+03 1.670503e+03 
2.228283e-01 1.822186e+03 1.603794e+03 
2.277778e-01 1.744167e+03 1.540758e+03 
2.327273e-01 1.677720e+03 1.481141e+03 
2.376768e-01 1.622219e+03 1.424709e+03 
2.426263e-01 1.575261e+03 1.371246e+03 
2.475758e-01 1.533690e+03 1.320555e+03 
2.525253e-01 1.494480e+03 1.272454e+03 
2.574747e-01 1.455081e+03 1.226777e+03 
2.624242e-01 1.413635e+03 1.183368e+03 
2.673737e-01 1.369407e+03 1.142084e+03 
2.723232e-01 1.322981e+03 1.102795e+03 
2.772727e-01 1.275896e+03 1.065377e+03 
2.822222e-01 1.229906e+03 1.029718e+03 
2.871717e-01 1.186435e+03 9.957135e+02 
2.921212e-01 1.146401e+03 9.632653e+02 
2.970707e-01 1.110321e+03 9.322834e+02 
3.020202e-01 1.078261e+03 9.026835e+02 
3.069697e-01 1.049692e+03 8.743875e+02 
3.119192e-01 1.023600e+03 8.473224e+02 
3.168687e-01 9.988464e+02 8.214200e+02 
3.218182e-01 9.745140e+02 7.966170e+02 
3.267677e-01 9.500138e+02 7.728540e+02 
3.317172e-01 9.251157e+02 7.500756e+02 
3.366667e-01 8.998383e+02 7.282298e+02 
3.416162e-01 8.744261e+02 7.072681e+02 
3.465657e-01 8.493551e+02 6.871450e+02 
3.515152e-01 8.251963e+02 6.678176e+02 
3.564646e-01 8.023917e+02 6.492461e+02 
3.614141e-01 7.811338e+02 6.313927e+02 
3.663636e-01 7.614007e+02 6.142220e+02 
3.713131e-01 7.430317e+02 5.977009e+02 
3.762626e-01 7.257908e+02 5.817979e+02 
3.812121e-01 7.094038e+02 5.664836e+02 
3.861616e-01 6.935643e+02 5.517302e+02 
3.911111e-01 6.779773e+02 5.375116e+02 
3.960606e-01 6.624782e+02 5.238030e+02 
4.010101e-01 6.470471e+02 5.105811e+02 
4.059596e-01 6.317603e+02 4.978238e+02 
4.109091e-01 6.167469e+02 4.855103e+02 
4.158586e-01 6.021342e+02 4.736209e+02 
4.208081e-01 5.880293e+02 4.621370e+02 
4.257576e-01 5.745404e+02 4.510409e+02 
4.307071e-01 5.617278e+02 4.403159e+02 
4.356566e-01 5.495472e+02 4.299461e+02 
4.406061e-01 5.379232e+02 4.199165e+02 
4.455556e-01 5.267629e+02 4.102129e+02 
4.505051e-01 5.159652e+02 4.008218e+02 
4.554545e-01 5.054427e+02 3.917302e+02 
4.604040e-01 4.951402e+02 3.829260e+02 
4.653535e-01 4.850211e+02 3.743975e+02 
4.703030e-01 4.750537e+02 3.661338e+02 
4.752525e-01 4.652681e+02 3.581243e+02 
4.802020e-01 4.557203e+02 3.503591e+02 
4.851515e-01 4.464402e+02 3.428285e+02 
4.901010e-01 4.374589e+02 3.355236e+02 
4.950505e-01 4.287819e+02 3.284357e+02 
5.000000e-01 4.204080e+02 3.215565e+02 
