1.000000e-02 3.594181e+04 3.590990e+04 
1.494949e-02 3.965736e+04 3.977497e+04 
1.989899e-02 3.843212e+04 3.829016e+04 
2.484848e-02 3.438358e+04 3.362077e+04 
2.979798e-02 2.918378e+04 2.829766e+04 
3.474747e-02 2.403563e+04 2.376348e+04 
3.969697e-02 1.965121e+04 2.025271e+04 
4.464646e-02 1.629616e+04 1.755402e+04 
4.959596e-02 1.398595e+04 1.543006e+04 
5.454545e-02 1.254746e+04 1.371045e+04 
5.949495e-02 1.173018e+04 1.228397e+04 
6.444444e-02 1.128733e+04 1.107806e+04 
6.939394e-02 1.098868e+04 1.004389e+04 
7.434343e-02 1.064916e+04 9.147217e+03 
7.929293e-02 1.014040e+04 8.363014e+03 
8.424242e-02 9.416430e+03 7.672376e+03 
8.919192e-02 8.514012e+03 7.060595e+03 
9.414141e-02 7.524770e+03 6.515965e+03 
9.909091e-02 6.558552e+03 6.029000e+03 
1.040404e-01 5.710740e+03 5.591898e+03 
1.089899e-01 5.041475e+03 5.198171e+03 
1.139394e-01 4.568828e+03 4.842369e+03 
1.188889e-01 4.278191e+03 4.519880e+03 
1.238384e-01 4.134777e+03 4.226773e+03 
1.287879e-01 4.090935e+03 3.959678e+03 
1.337374e-01 4.092138e+03 3.715690e+03 
1.386869e-01 4.085124e+03 3.492296e+03 
1.436364e-01 4.027694e+03 3.287310e+03 
1.485859e-01 3.895984e+03 3.098826e+03 
1.535354e-01 3.685971e+03 2.925171e+03 
1.584848e-01 3.412944e+03 2.764879e+03 
1.634343e-01 3.107729e+03 2.616655e+03 
1.683838e-01 2.807132e+03 2.479355e+03 
1.733333e-01 2.542346e+03 2.351966e+03 
1.782828e-01 2.331660e+03 2.233586e+03 
1.832323e-01 2.180914e+03 2.123411e+03 
1.881818e-01 2.087532e+03 2.020725e+03 
1.931313e-01 2.042469e+03 1.924885e+03 
1.980808e-01 2.030994e+03 1.835315e+03 
2.030303e-01 2.034271e+03 1.751496e+03 
2.079798e-01 2.033273e+03 1.672963e+03 
2.129293e-01 2.013197e+03 1.599293e+03 
2.178788e-01 1.965654e+03 1.530107e+03 
2.228283e-01 1.889014e+03 1.465057e+03 
2.277778e-01 1.787976e+03 1.403833e+03 
2.327273e-01 1.672266e+03 1.346148e+03 
2.376768e-01 1.554237e+03 1.291743e+03 
2.426263e-01 1.445336e+03 1.240383e+03 
2.475758e-01 1.353831e+03 1.191850e+03 
2.525253e-01 1.283956e+03 1.145949e+03 
2.574747e-01 1.236153e+03 1.102496e+03 
2.624242e-01 1.207745e+03 1.061328e+03 
2.673737e-01 1.193548e+03 1.022291e+03 
2.723232e-01 1.186876e+03 9.852458e+02 
2.772727e-01 1.180855e+03 9.500625e+02 
2.822222e-01 1.169574e+03 9.166225e+02 
2.871717e-01 1.149032e+03 8.848160e+02 
2.921212e-01 1.117579e+03 8.545416e+02 
2.970707e-01 1.075967e+03 8.257054e+02 
3.020202e-01 1.027166e+03 7.982206e+02 
3.069697e-01 9.754201e+02 7.720064e+02 
3.119192e-01 9.251975e+02 7.469883e+02 
3.168687e-01 8.802145e+02 7.230966e+02 
3.218182e-01 8.427804e+02 7.002669e+02 
3.267677e-01 8.138284e+02 6.784390e+02 
3.317172e-01 7.930075e+02 6.575569e+02 
3.366667e-01 7.788659e+02 6.375685e+02 
3.416162e-01 7.691492e+02 6.184249e+02 
3.465657e-01 7.611503e+02 6.000807e+02 
3.515152e-01 7.523557e+02 5.824932e+02 
3.564646e-01 7.408681e+02 5.656228e+02 
3.614141e-01 7.256366e+02 5.494322e+02 
3.663636e-01 7.065083e+02 5.338863e+02 
3.713131e-01 6.840909e+02 5.189525e+02 
3.762626e-01 6.596274e+02 5.045999e+02 
3.812121e-01 6.347489e+02 4.907998e+02 
3.861616e-01 6.110666e+02 4.775250e+02 
3.911111e-01 5.898379e+02 4.647500e+02 
3.960606e-01 5.717713e+02 4.524507e+02 
4.010101e-01 5.570429e+02 4.406045e+02 
4.059596e-01 5.453856e+02 4.291901e+02 
4.109091e-01 5.361249e+02 4.181875e+02 
4.158586e-01 5.283241e+02 4.075776e+02 
4.208081e-01 5.209706e+02 3.973425e+02 
4.257576e-01 5.131667e+02 3.874653e+02 
4.307071e-01 5.043162e+02 3.779301e+02 
4.356566e-01 4.940881e+02 3.687217e+02 
4.406061e-01 4.824994e+02 3.598257e+02 
4.455556e-01 4.698538e+02 3.512287e+02 
4.505051e-01 4.566661e+02 3.429178e+02 
4.554545e-01 4.435795e+02 3.348808e+02 
4.604040e-01 4.311440e+02 3.271062e+02 
4.653535e-01 4.197680e+02 3.195831e+02 
4.703030e-01 4.096964e+02 3.123009e+02 
4.752525e-01 4.009759e+02 3.052499e+02 
4.802020e-01 3.934744e+02 2.984207e+02 
4.851515e-01 3.868914e+02 2.918044e+02 
4.901010e-01 3.808488e+02 2.853924e+02 
4.950505e-01 3.749762e+02 2.791767e+02 
5.000000e-01 3.689517e+02 2.731496e+02 
