1.000000e-02 2.285265e+04 2.283319e+04 
1.494949e-02 2.553092e+04 2.548047e+04 
1.989899e-02 2.528401e+04 2.503285e+04 
2.484848e-02 2.337700e+04 2.292396e+04 
2.979798e-02 2.076320e+04 2.045160e+04 
3.474747e-02 1.810768e+04 1.821983e+04 
3.969697e-02 1.579938e+04 1.633060e+04 
4.464646e-02 1.398824e+04 1.473289e+04 
4.959596e-02 1.268254e+04 1.336328e+04 
5.454545e-02 1.179154e+04 1.217365e+04 
5.949495e-02 1.115575e+04 1.112992e+04 
6.444444e-02 1.064554e+04 1.020741e+04 
6.939394e-02 1.013603e+04 9.387507e+03 
7.434343e-02 9.547778e+03 8.655561e+03 
7.929293e-02 8.858825e+03 7.999715e+03 
8.424242e-02 8.099623e+03 7.410143e+03 
8.919192e-02 7.327685e+03 6.878585e+03 
9.414141e-02 6.602007e+03 6.398023e+03 
9.909091e-02 5.972038e+03 5.962449e+03 
1.040404e-01 5.469604e+03 5.566690e+03 
1.089899e-01 5.102065e+03 5.206271e+03 
1.139394e-01 4.850906e+03 4.877307e+03 
1.188889e-01 4.680849e+03 4.576413e+03 
1.238384e-01 4.552473e+03 4.300630e+03 
1.287879e-01 4.430143e+03 4.047365e+03 
1.337374e-01 4.286076e+03 3.814341e+03 
1.386869e-01 4.104249e+03 3.599549e+03 
1.436364e-01 3.883548e+03 3.401217e+03 
1.485859e-01 3.635473e+03 3.217774e+03 
1.535354e-01 3.378841e+03 3.047828e+03 
1.584848e-01 3.134152e+03 2.890139e+03 
1.634343e-01 2.918703e+03 2.743602e+03 
1.683838e-01 2.743379e+03 2.607233e+03 
1.733333e-01 2.610413e+03 2.480146e+03 
1.782828e-01 2.514332e+03 2.361551e+03 
1.832323e-01 2.445052e+03 2.250736e+03 
1.881818e-01 2.390628e+03 2.147060e+03 
1.931313e-01 2.339067e+03 2.049946e+03 
1.980808e-01 2.280123e+03 1.958870e+03 
2.030303e-01 2.207485e+03 1.873362e+03 
2.079798e-01 2.120125e+03 1.792991e+03 
2.129293e-01 2.021626e+03 1.717370e+03 
2.178788e-01 1.918123e+03 1.646144e+03 
2.228283e-01 1.816500e+03 1.578992e+03 
2.277778e-01 1.723143e+03 1.515618e+03 
2.327273e-01 1.642526e+03 1.455755e+03 
2.376768e-01 1.576447e+03 1.399157e+03 
2.426263e-01 1.524142e+03 1.345599e+03 
2.475758e-01 1.482974e+03 1.294874e+03 
2.525253e-01 1.449159e+03 1.246793e+03 
2.574747e-01 1.418404e+03 1.201181e+03 
2.624242e-01 1.386609e+03 1.157877e+03 
2.673737e-01 1.350883e+03 1.116734e+03 
2.723232e-01 1.310265e+03 1.077616e+03 
2.772727e-01 1.265484e+03 1.040395e+03 
2.822222e-01 1.218235e+03 1.004955e+03 
2.871717e-01 1.170589e+03 9.711874e+02 
2.921212e-01 1.124775e+03 9.389929e+02 
2.970707e-01 1.082764e+03 9.082780e+02 
3.020202e-01 1.045886e+03 8.789565e+02 
3.069697e-01 1.014405e+03 8.509479e+02 
3.119192e-01 9.876281e+02 8.241777e+02 
3.168687e-01 9.643467e+02 7.985763e+02 
3.218182e-01 9.431836e+02 7.740786e+02 
3.267677e-01 9.227774e+02 7.506244e+02 
3.317172e-01 9.019532e+02 7.281569e+02 
3.366667e-01 8.799216e+02 7.066234e+02 
3.416162e-01 8.564443e+02 6.859745e+02 
3.465657e-01 8.318778e+02 6.661639e+02 
3.515152e-01 8.069582e+02 6.471483e+02 
3.564646e-01 7.824562e+02 6.288871e+02 
3.614141e-01 7.590624e+02 6.113421e+02 
3.663636e-01 7.373112e+02 5.944776e+02 
3.713131e-01 7.174905e+02 5.782599e+02 
3.762626e-01 6.996587e+02 5.626575e+02 
3.812121e-01 6.835717e+02 5.476405e+02 
3.861616e-01 6.687464e+02 5.331809e+02 
3.911111e-01 6.546892e+02 5.192525e+02 
3.960606e-01 6.409567e+02 5.058302e+02 
4.010101e-01 6.271881e+02 4.928907e+02 
4.059596e-01 6.131823e+02 4.804118e+02 
4.109091e-01 5.988924e+02 4.683725e+02 
4.158586e-01 5.844462e+02 4.567532e+02 
4.208081e-01 5.700810e+02 4.455350e+02 
4.257576e-01 5.560714e+02 4.347004e+02 
4.307071e-01 5.426255e+02 4.242326e+02 
4.356566e-01 5.298869e+02 4.141157e+02 
4.406061e-01 5.179344e+02 4.043347e+02 
4.455556e-01 5.067736e+02 3.948754e+02 
4.505051e-01 4.963200e+02 3.857242e+02 
4.554545e-01 4.863957e+02 3.768684e+02 
4.604040e-01 4.768188e+02 3.682957e+02 
4.653535e-01 4.674534e+02 3.599947e+02 
4.703030e-01 4.581955e+02 3.519542e+02 
4.752525e-01 4.489840e+02 3.441638e+02 
4.802020e-01 4.398002e+02 3.366137e+02 
4.851515e-01 4.306699e+02 3.292943e+02 
4.901010e-01 4.216755e+02 3.221966e+02 
4.950505e-01 4.129106e+02 3.153120e+02 
5.000000e-01 4.044526e+02 3.086324e+02 
