1.000000e-02 3.026107e+04 3.023209e+04 
1.494949e-02 3.316118e+04 3.315368e+04 
1.989899e-02 3.207810e+04 3.179141e+04 
2.484848e-02 2.882975e+04 2.819633e+04 
2.979798e-02 2.478230e+04 2.431217e+04 
3.474747e-02 2.086663e+04 2.101292e+04 
3.969697e-02 1.759910e+04 1.837581e+04 
4.464646e-02 1.514010e+04 1.625570e+04 
4.959596e-02 1.347352e+04 1.451278e+04 
5.454545e-02 1.242524e+04 1.304900e+04 
5.949495e-02 1.177626e+04 1.179901e+04 
6.444444e-02 1.130737e+04 1.071828e+04 
6.939394e-02 1.084876e+04 9.775159e+03 
7.434343e-02 1.027928e+04 8.946136e+03 
7.929293e-02 9.546534e+03 8.213126e+03 
8.424242e-02 8.675766e+03 7.561807e+03 
8.919192e-02 7.745516e+03 6.980592e+03 
9.414141e-02 6.849787e+03 6.459956e+03 
9.909091e-02 6.068872e+03 5.991968e+03 
1.040404e-01 5.452223e+03 5.569964e+03 
1.089899e-01 5.013167e+03 5.188298e+03 
1.139394e-01 4.733896e+03 4.842158e+03 
1.188889e-01 4.575672e+03 4.527417e+03 
1.238384e-01 4.489074e+03 4.240521e+03 
1.287879e-01 4.422114e+03 3.978394e+03 
1.337374e-01 4.329938e+03 3.738366e+03 
1.386869e-01 4.184349e+03 3.518109e+03 
1.436364e-01 3.977113e+03 3.315585e+03 
1.485859e-01 3.717436e+03 3.129007e+03 
1.535354e-01 3.427329e+03 2.956803e+03 
1.584848e-01 3.136422e+03 2.797586e+03 
1.634343e-01 2.874013e+03 2.650125e+03 
1.683838e-01 2.660148e+03 2.513331e+03 
1.733333e-01 2.501436e+03 2.386236e+03 
1.782828e-01 2.393807e+03 2.267973e+03 
1.832323e-01 2.327506e+03 2.157772e+03 
1.881818e-01 2.289030e+03 2.054940e+03 
1.931313e-01 2.261842e+03 1.958857e+03 
1.980808e-01 2.229033e+03 1.868964e+03 
2.030303e-01 2.178200e+03 1.784758e+03 
2.079798e-01 2.104514e+03 1.705785e+03 
2.129293e-01 2.009964e+03 1.631635e+03 
2.178788e-01 1.900882e+03 1.561935e+03 
2.228283e-01 1.786321e+03 1.496348e+03 
2.277778e-01 1.676189e+03 1.434567e+03 
2.327273e-01 1.579090e+03 1.376313e+03 
2.376768e-01 1.500074e+03 1.321330e+03 
2.426263e-01 1.440313e+03 1.269387e+03 
2.475758e-01 1.397817e+03 1.220270e+03 
2.525253e-01 1.368426e+03 1.173784e+03 
2.574747e-01 1.346486e+03 1.129751e+03 
2.624242e-01 1.325863e+03 1.088006e+03 
2.673737e-01 1.301370e+03 1.048400e+03 
2.723232e-01 1.269899e+03 1.010791e+03 
2.772727e-01 1.230689e+03 9.750541e+02 
2.822222e-01 1.184841e+03 9.410692e+02 
2.871717e-01 1.134826e+03 9.087277e+02 
2.921212e-01 1.083984e+03 8.779286e+02 
2.970707e-01 1.035825e+03 8.485784e+02 
3.020202e-01 9.931043e+02 8.205903e+02 
3.069697e-01 9.572804e+02 7.938841e+02 
3.119192e-01 9.283873e+02 7.683850e+02 
3.168687e-01 9.055043e+02 7.440237e+02 
3.218182e-01 8.870274e+02 7.207354e+02 
3.267677e-01 8.709656e+02 6.984601e+02 
3.317172e-01 8.552162e+02 6.771416e+02 
3.366667e-01 8.380329e+02 6.567276e+02 
3.416162e-01 8.184194e+02 6.371691e+02 
3.465657e-01 7.962786e+02 6.184206e+02 
3.515152e-01 7.721626e+02 6.004393e+02 
3.564646e-01 7.470025e+02 5.831851e+02 
3.614141e-01 7.219095e+02 5.666207e+02 
3.663636e-01 6.980228e+02 5.507107e+02 
3.713131e-01 6.762645e+02 5.354223e+02 
3.762626e-01 6.571196e+02 5.207244e+02 
3.812121e-01 6.405986e+02 5.065880e+02 
3.861616e-01 6.263221e+02 4.929857e+02 
3.911111e-01 6.137143e+02 4.798918e+02 
3.960606e-01 6.020476e+02 4.672820e+02 
4.010101e-01 5.905971e+02 4.551334e+02 
4.059596e-01 5.787721e+02 4.434245e+02 
4.109091e-01 5.662635e+02 4.321351e+02 
4.158586e-01 5.530359e+02 4.212458e+02 
4.208081e-01 5.392733e+02 4.107387e+02 
4.257576e-01 5.252599e+02 4.005965e+02 
4.307071e-01 5.113906e+02 3.908031e+02 
4.356566e-01 4.980779e+02 3.813431e+02 
4.406061e-01 4.856441e+02 3.722021e+02 
4.455556e-01 4.742378e+02 3.633663e+02 
4.505051e-01 4.638362e+02 3.548227e+02 
4.554545e-01 4.543335e+02 3.465589e+02 
4.604040e-01 4.455519e+02 3.385632e+02 
4.653535e-01 4.372330e+02 3.308245e+02 
4.703030e-01 4.290996e+02 3.233322e+02 
4.752525e-01 4.209398e+02 3.160764e+02 
4.802020e-01 4.126460e+02 3.090474e+02 
4.851515e-01 4.042085e+02 3.022362e+02 
4.901010e-01 3.956819e+02 2.956341e+02 
4.950505e-01 3.871413e+02 2.892330e+02 
5.000000e-01 3.787185e+02 2.830250e+02 
