1.000000e-02 1.814229e+04 1.812385e+04 
1.494949e-02 2.029836e+04 2.016018e+04 
1.989899e-02 2.031858e+04 2.001590e+04 
2.484848e-02 1.917984e+04 1.884003e+04 
2.979798e-02 1.755724e+04 1.739810e+04 
3.474747e-02 1.588847e+04 1.598967e+04 
3.969697e-02 1.441242e+04 1.468753e+04 
4.464646e-02 1.319692e+04 1.350020e+04 
4.959596e-02 1.226164e+04 1.242220e+04 
5.454545e-02 1.150559e+04 1.144535e+04 
5.949495e-02 1.084245e+04 1.056099e+04 
6.444444e-02 1.020479e+04 9.760581e+03 
6.939394e-02 9.546009e+03 9.035948e+03 
7.434343e-02 8.856564e+03 8.379447e+03 
7.929293e-02 8.160216e+03 7.784041e+03 
8.424242e-02 7.496478e+03 7.243338e+03 
8.919192e-02 6.898570e+03 6.751583e+03 
9.414141e-02 6.386076e+03 6.303626e+03 
9.909091e-02 5.967134e+03 5.894881e+03 
1.040404e-01 5.636505e+03 5.521273e+03 
1.089899e-01 5.372864e+03 5.179188e+03 
1.139394e-01 5.145967e+03 4.865422e+03 
1.188889e-01 4.928848e+03 4.577136e+03 
1.238384e-01 4.704970e+03 4.311812e+03 
1.287879e-01 4.468309e+03 4.067215e+03 
1.337374e-01 4.221200e+03 3.841359e+03 
1.386869e-01 3.972896e+03 3.632478e+03 
1.436364e-01 3.735200e+03 3.438999e+03 
1.485859e-01 3.518248e+03 3.259516e+03 
1.535354e-01 3.328152e+03 3.092776e+03 
1.584848e-01 3.167084e+03 2.937656e+03 
1.634343e-01 3.033022e+03 2.793148e+03 
1.683838e-01 2.919527e+03 2.658347e+03 
1.733333e-01 2.817768e+03 2.532441e+03 
1.782828e-01 2.719755e+03 2.414696e+03 
1.832323e-01 2.620769e+03 2.304451e+03 
1.881818e-01 2.518648e+03 2.201107e+03 
1.931313e-01 2.413488e+03 2.104124e+03 
1.980808e-01 2.307496e+03 2.013009e+03 
2.030303e-01 2.204331e+03 1.927317e+03 
2.079798e-01 2.107704e+03 1.846642e+03 
2.129293e-01 2.019946e+03 1.770615e+03 
2.178788e-01 1.941651e+03 1.698898e+03 
2.228283e-01 1.872263e+03 1.631184e+03 
2.277778e-01 1.810155e+03 1.567192e+03 
2.327273e-01 1.753122e+03 1.506662e+03 
2.376768e-01 1.698952e+03 1.449359e+03 
2.426263e-01 1.646010e+03 1.395066e+03 
2.475758e-01 1.593293e+03 1.343582e+03 
2.525253e-01 1.540367e+03 1.294724e+03 
2.574747e-01 1.487539e+03 1.248323e+03 
2.624242e-01 1.435780e+03 1.204222e+03 
2.673737e-01 1.386340e+03 1.162277e+03 
2.723232e-01 1.339950e+03 1.122354e+03 
2.772727e-01 1.296824e+03 1.084331e+03 
2.822222e-01 1.256834e+03 1.048091e+03 
2.871717e-01 1.219734e+03 1.013530e+03 
2.921212e-01 1.185100e+03 9.805483e+02 
2.970707e-01 1.152243e+03 9.490547e+02 
3.020202e-01 1.120464e+03 9.189639e+02 
3.069697e-01 1.089339e+03 8.901965e+02 
3.119192e-01 1.058788e+03 8.626787e+02 
3.168687e-01 1.028855e+03 8.363415e+02 
3.218182e-01 9.996409e+02 8.111204e+02 
3.267677e-01 9.712995e+02 7.869554e+02 
3.317172e-01 9.440662e+02 7.637903e+02 
3.366667e-01 9.181684e+02 7.415724e+02 
3.416162e-01 8.936558e+02 7.202525e+02 
3.465657e-01 8.704001e+02 6.997843e+02 
3.515152e-01 8.482537e+02 6.801245e+02 
3.564646e-01 8.270347e+02 6.612326e+02 
3.614141e-01 8.066116e+02 6.430703e+02 
3.663636e-01 7.868238e+02 6.256017e+02 
3.713131e-01 7.675570e+02 6.087931e+02 
3.762626e-01 7.487727e+02 5.926126e+02 
3.812121e-01 7.304897e+02 5.770305e+02 
3.861616e-01 7.127613e+02 5.620184e+02 
3.911111e-01 6.955953e+02 5.475498e+02 
3.960606e-01 6.790217e+02 5.335996e+02 
4.010101e-01 6.630633e+02 5.201442e+02 
4.059596e-01 6.477443e+02 5.071610e+02 
4.109091e-01 6.330204e+02 4.946290e+02 
4.158586e-01 6.188112e+02 4.825283e+02 
4.208081e-01 6.050610e+02 4.708397e+02 
4.257576e-01 5.917411e+02 4.595455e+02 
4.307071e-01 5.788248e+02 4.486286e+02 
4.356566e-01 5.662699e+02 4.380729e+02 
4.406061e-01 5.540516e+02 4.278632e+02 
4.455556e-01 5.421542e+02 4.179850e+02 
4.505051e-01 5.306087e+02 4.084246e+02 
4.554545e-01 5.194264e+02 3.991688e+02 
4.604040e-01 5.085789e+02 3.902054e+02 
4.653535e-01 4.980532e+02 3.815224e+02 
4.703030e-01 4.878552e+02 3.731087e+02 
4.752525e-01 4.779731e+02 3.649536e+02 
4.802020e-01 4.684048e+02 3.570469e+02 
4.851515e-01 4.591035e+02 3.493790e+02 
4.901010e-01 4.500473e+02 3.419407e+02 
4.950505e-01 4.412340e+02 3.347231e+02 
5.000000e-01 4.326612e+02 3.277179e+02 
