1.000000e-02 2.620564e+04 2.618243e+04 
1.494949e-02 2.886433e+04 2.882324e+04 
1.989899e-02 2.812596e+04 2.784472e+04 
2.484848e-02 2.553623e+04 2.501695e+04 
2.979798e-02 2.224401e+04 2.191697e+04 
3.474747e-02 1.902820e+04 1.922866e+04 
3.969697e-02 1.632167e+04 1.702323e+04 
4.464646e-02 1.426539e+04 1.520479e+04 
4.959596e-02 1.284293e+04 1.367752e+04 
5.454545e-02 1.191803e+04 1.237273e+04 
5.949495e-02 1.129922e+04 1.124344e+04 
6.444444e-02 1.080719e+04 1.025662e+04 
6.939394e-02 1.030467e+04 9.388022e+03 
7.434343e-02 9.702046e+03 8.619098e+03 
7.929293e-02 8.971555e+03 7.935185e+03 
8.424242e-02 8.147285e+03 7.324403e+03 
8.919192e-02 7.301205e+03 6.776956e+03 
9.414141e-02 6.510423e+03 6.284660e+03 
9.909091e-02 5.836305e+03 5.840612e+03 
1.040404e-01 5.312786e+03 5.438945e+03 
1.089899e-01 4.942696e+03 5.074644e+03 
1.139394e-01 4.702711e+03 4.743394e+03 
1.188889e-01 4.554046e+03 4.441475e+03 
1.238384e-01 4.451546e+03 4.165659e+03 
1.287879e-01 4.351331e+03 3.913140e+03 
1.337374e-01 4.219638e+03 3.681467e+03 
1.386869e-01 4.039617e+03 3.468496e+03 
1.436364e-01 3.812334e+03 3.272343e+03 
1.485859e-01 3.552029e+03 3.091349e+03 
1.535354e-01 3.280048e+03 2.924050e+03 
1.584848e-01 3.020947e+03 2.769148e+03 
1.634343e-01 2.796705e+03 2.625493e+03 
1.683838e-01 2.619728e+03 2.492061e+03 
1.733333e-01 2.490832e+03 2.367938e+03 
1.782828e-01 2.402310e+03 2.252310e+03 
1.832323e-01 2.342826e+03 2.144444e+03 
1.881818e-01 2.299346e+03 2.043687e+03 
1.931313e-01 2.257816e+03 1.949447e+03 
1.980808e-01 2.205734e+03 1.861195e+03 
2.030303e-01 2.135829e+03 1.778450e+03 
2.079798e-01 2.047881e+03 1.700778e+03 
2.129293e-01 1.946849e+03 1.627789e+03 
2.178788e-01 1.839948e+03 1.559124e+03 
2.228283e-01 1.735067e+03 1.494460e+03 
2.277778e-01 1.639519e+03 1.433503e+03 
2.327273e-01 1.558568e+03 1.375984e+03 
2.376768e-01 1.494346e+03 1.321657e+03 
2.426263e-01 1.445658e+03 1.270298e+03 
2.475758e-01 1.409133e+03 1.221702e+03 
2.525253e-01 1.380184e+03 1.175680e+03 
2.574747e-01 1.353798e+03 1.132060e+03 
2.624242e-01 1.325436e+03 1.090683e+03 
2.673737e-01 1.292025e+03 1.051402e+03 
2.723232e-01 1.252546e+03 1.014083e+03 
2.772727e-01 1.207922e+03 9.786012e+02 
2.822222e-01 1.160186e+03 9.448417e+02 
2.871717e-01 1.111931e+03 9.126984e+02 
2.921212e-01 1.065839e+03 8.820730e+02 
2.970707e-01 1.024161e+03 8.528745e+02 
3.020202e-01 9.882785e+02 8.250182e+02 
3.069697e-01 9.583846e+02 7.984257e+02 
3.119192e-01 9.336341e+02 7.730241e+02 
3.168687e-01 9.126208e+02 7.487455e+02 
3.218182e-01 8.936810e+02 7.255267e+02 
3.267677e-01 8.752337e+02 7.033089e+02 
3.317172e-01 8.559606e+02 6.820371e+02 
3.366667e-01 8.349882e+02 6.616599e+02 
3.416162e-01 8.121720e+02 6.421295e+02 
3.465657e-01 7.880337e+02 6.234011e+02 
3.515152e-01 7.634039e+02 6.054326e+02 
3.564646e-01 7.392021e+02 5.881847e+02 
3.614141e-01 7.162114e+02 5.716206e+02 
3.663636e-01 6.950484e+02 5.557058e+02 
3.713131e-01 6.760791e+02 5.404078e+02 
3.762626e-01 6.592936e+02 5.256960e+02 
3.812121e-01 6.443447e+02 5.115419e+02 
3.861616e-01 6.306877e+02 4.979184e+02 
3.911111e-01 6.177458e+02 4.848001e+02 
3.960606e-01 6.050186e+02 4.721632e+02 
4.010101e-01 5.920970e+02 4.599851e+02 
4.059596e-01 5.787508e+02 4.482445e+02 
4.109091e-01 5.649907e+02 4.369214e+02 
4.158586e-01 5.510018e+02 4.259968e+02 
4.208081e-01 5.370711e+02 4.154527e+02 
4.257576e-01 5.234802e+02 4.052723e+02 
4.307071e-01 5.104751e+02 3.954395e+02 
4.356566e-01 4.982574e+02 3.859392e+02 
4.406061e-01 4.869250e+02 3.767570e+02 
4.455556e-01 4.764362e+02 3.678792e+02 
4.505051e-01 4.666479e+02 3.592930e+02 
4.554545e-01 4.573772e+02 3.509861e+02 
4.604040e-01 4.484510e+02 3.429469e+02 
4.653535e-01 4.397011e+02 3.351645e+02 
4.703030e-01 4.309839e+02 3.276282e+02 
4.752525e-01 4.222292e+02 3.203281e+02 
4.802020e-01 4.134420e+02 3.132548e+02 
4.851515e-01 4.047054e+02 3.063993e+02 
4.901010e-01 3.961126e+02 2.997530e+02 
4.950505e-01 3.877251e+02 2.933076e+02 
5.000000e-01 3.796336e+02 2.870555e+02 
