1.000000e-02 1.568032e+04 1.566584e+04 
1.494949e-02 1.768651e+04 1.753778e+04 
1.989899e-02 1.791996e+04 1.763281e+04 
2.484848e-02 1.718694e+04 1.688451e+04 
2.979798e-02 1.602455e+04 1.585319e+04 
3.474747e-02 1.477202e+04 1.476800e+04 
3.969697e-02 1.361197e+04 1.370890e+04 
4.464646e-02 1.261008e+04 1.270581e+04 
4.959596e-02 1.176300e+04 1.177052e+04 
5.454545e-02 1.103091e+04 1.090649e+04 
5.949495e-02 1.034951e+04 1.011284e+04 
6.444444e-02 9.694622e+03 9.386329e+03 
6.939394e-02 9.041884e+03 8.722511e+03 
7.434343e-02 8.394784e+03 8.116466e+03 
7.929293e-02 7.775638e+03 7.563201e+03 
8.424242e-02 7.210756e+03 7.057888e+03 
8.919192e-02 6.713610e+03 6.595990e+03 
9.414141e-02 6.285284e+03 6.173325e+03 
9.909091e-02 5.922101e+03 5.786079e+03 
1.040404e-01 5.615061e+03 5.430801e+03 
1.089899e-01 5.345850e+03 5.104385e+03 
1.139394e-01 5.093549e+03 4.804046e+03 
1.188889e-01 4.843845e+03 4.527288e+03 
1.238384e-01 4.593301e+03 4.271878e+03 
1.287879e-01 4.345408e+03 4.035820e+03 
1.337374e-01 4.105664e+03 3.817328e+03 
1.386869e-01 3.880541e+03 3.614802e+03 
1.436364e-01 3.675181e+03 3.426812e+03 
1.485859e-01 3.491803e+03 3.252072e+03 
1.535354e-01 3.329916e+03 3.089430e+03 
1.584848e-01 3.187086e+03 2.937850e+03 
1.634343e-01 3.058904e+03 2.796397e+03 
1.683838e-01 2.939819e+03 2.664233e+03 
1.733333e-01 2.825069e+03 2.540597e+03 
1.782828e-01 2.712189e+03 2.424805e+03 
1.832323e-01 2.601008e+03 2.316234e+03 
1.881818e-01 2.492400e+03 2.214321e+03 
1.931313e-01 2.387523e+03 2.118557e+03 
1.980808e-01 2.288171e+03 2.028476e+03 
2.030303e-01 2.195941e+03 1.943655e+03 
2.079798e-01 2.111342e+03 1.863708e+03 
2.129293e-01 2.033736e+03 1.788285e+03 
2.178788e-01 1.961969e+03 1.717062e+03 
2.228283e-01 1.894862e+03 1.649746e+03 
2.277778e-01 1.831261e+03 1.586066e+03 
2.327273e-01 1.770031e+03 1.525776e+03 
2.376768e-01 1.710527e+03 1.468647e+03 
2.426263e-01 1.652789e+03 1.414470e+03 
2.475758e-01 1.597014e+03 1.363054e+03 
2.525253e-01 1.543358e+03 1.314219e+03 
2.574747e-01 1.492014e+03 1.267803e+03 
2.624242e-01 1.443319e+03 1.223654e+03 
2.673737e-01 1.397529e+03 1.181632e+03 
2.723232e-01 1.354501e+03 1.141606e+03 
2.772727e-01 1.313725e+03 1.103458e+03 
2.822222e-01 1.274770e+03 1.067074e+03 
2.871717e-01 1.237429e+03 1.032353e+03 
2.921212e-01 1.201580e+03 9.991976e+02 
2.970707e-01 1.167032e+03 9.675181e+02 
3.020202e-01 1.133585e+03 9.372313e+02 
3.069697e-01 1.101218e+03 9.082595e+02 
3.119192e-01 1.070060e+03 8.805302e+02 
3.168687e-01 1.040196e+03 8.539757e+02 
3.218182e-01 1.011599e+03 8.285328e+02 
3.267677e-01 9.841803e+02 8.041424e+02 
3.317172e-01 9.578794e+02 7.807492e+02 
3.366667e-01 9.326878e+02 7.583012e+02 
3.416162e-01 9.085325e+02 7.367499e+02 
3.465657e-01 8.852636e+02 7.160498e+02 
3.515152e-01 8.627669e+02 6.961580e+02 
3.564646e-01 8.410016e+02 6.770345e+02 
3.614141e-01 8.199712e+02 6.586413e+02 
3.663636e-01 7.996776e+02 6.409430e+02 
3.713131e-01 7.800760e+02 6.239062e+02 
3.762626e-01 7.611199e+02 6.074994e+02 
3.812121e-01 7.428157e+02 5.916928e+02 
3.861616e-01 7.251765e+02 5.764586e+02 
3.911111e-01 7.081693e+02 5.617702e+02 
3.960606e-01 6.917319e+02 5.476028e+02 
4.010101e-01 6.758228e+02 5.339327e+02 
4.059596e-01 6.604309e+02 5.207378e+02 
4.109091e-01 6.455471e+02 5.079969e+02 
4.158586e-01 6.311335e+02 4.956901e+02 
4.208081e-01 6.171496e+02 4.837986e+02 
4.257576e-01 6.035883e+02 4.723044e+02 
4.307071e-01 5.904406e+02 4.611907e+02 
4.356566e-01 5.777162e+02 4.504413e+02 
4.406061e-01 5.653876e+02 4.400409e+02 
4.455556e-01 5.534204e+02 4.299752e+02 
4.505051e-01 5.418082e+02 4.202304e+02 
4.554545e-01 5.305522e+02 4.107933e+02 
4.604040e-01 5.196337e+02 4.016517e+02 
4.653535e-01 5.090326e+02 3.927936e+02 
4.703030e-01 4.987281e+02 3.842078e+02 
4.752525e-01 4.887142e+02 3.758837e+02 
4.802020e-01 4.789893e+02 3.678110e+02 
4.851515e-01 4.695364e+02 3.599800e+02 
4.901010e-01 4.603446e+02 3.523815e+02 
4.950505e-01 4.514010e+02 3.450067e+02 
5.000000e-01 4.427031e+02 3.378471e+02 
