1.000000e-02 1.384695e+04 1.383417e+04 
1.494949e-02 1.580653e+04 1.566553e+04 
1.989899e-02 1.621100e+04 1.594397e+04 
2.484848e-02 1.574349e+04 1.545500e+04 
2.979798e-02 1.486028e+04 1.466617e+04 
3.474747e-02 1.385112e+04 1.378195e+04 
3.969697e-02 1.287885e+04 1.288565e+04 
4.464646e-02 1.199536e+04 1.201509e+04 
4.959596e-02 1.123856e+04 1.118866e+04 
5.454545e-02 1.055479e+04 1.041482e+04 
5.949495e-02 9.909519e+03 9.696381e+03 
6.444444e-02 9.292951e+03 9.032941e+03 
6.939394e-02 8.688358e+03 8.422270e+03 
7.434343e-02 8.096141e+03 7.861191e+03 
7.929293e-02 7.534403e+03 7.346110e+03 
8.424242e-02 7.024835e+03 6.873329e+03 
8.919192e-02 6.575597e+03 6.439235e+03 
9.414141e-02 6.182738e+03 6.040396e+03 
9.909091e-02 5.840215e+03 5.673621e+03 
1.040404e-01 5.541212e+03 5.335973e+03 
1.089899e-01 5.273099e+03 5.024773e+03 
1.139394e-01 5.020060e+03 4.737591e+03 
1.188889e-01 4.771705e+03 4.472229e+03 
1.238384e-01 4.526078e+03 4.226708e+03 
1.287879e-01 4.287427e+03 3.999240e+03 
1.337374e-01 4.061178e+03 3.788220e+03 
1.386869e-01 3.851374e+03 3.592201e+03 
1.436364e-01 3.660055e+03 3.409879e+03 
1.485859e-01 3.487436e+03 3.240082e+03 
1.535354e-01 3.332321e+03 3.081750e+03 
1.584848e-01 3.192355e+03 2.933929e+03 
1.634343e-01 3.064020e+03 2.795756e+03 
1.683838e-01 2.943101e+03 2.666451e+03 
1.733333e-01 2.826229e+03 2.545307e+03 
1.782828e-01 2.712239e+03 2.431682e+03 
1.832323e-01 2.601990e+03 2.324996e+03 
1.881818e-01 2.496087e+03 2.224720e+03 
1.931313e-01 2.395024e+03 2.130372e+03 
1.980808e-01 2.299689e+03 2.041513e+03 
2.030303e-01 2.211092e+03 1.957745e+03 
2.079798e-01 2.129325e+03 1.878700e+03 
2.129293e-01 2.053349e+03 1.804045e+03 
2.178788e-01 1.981929e+03 1.733473e+03 
2.228283e-01 1.914207e+03 1.666704e+03 
2.277778e-01 1.849652e+03 1.603479e+03 
2.327273e-01 1.787678e+03 1.543562e+03 
2.376768e-01 1.727843e+03 1.486735e+03 
2.426263e-01 1.670124e+03 1.432796e+03 
2.475758e-01 1.614764e+03 1.381561e+03 
2.525253e-01 1.561966e+03 1.332857e+03 
2.574747e-01 1.511724e+03 1.286528e+03 
2.624242e-01 1.463966e+03 1.242426e+03 
2.673737e-01 1.418672e+03 1.200417e+03 
2.723232e-01 1.375738e+03 1.160374e+03 
2.772727e-01 1.334873e+03 1.122181e+03 
2.822222e-01 1.295700e+03 1.085730e+03 
2.871717e-01 1.258009e+03 1.050921e+03 
2.921212e-01 1.221726e+03 1.017658e+03 
2.970707e-01 1.186819e+03 9.858563e+02 
3.020202e-01 1.153241e+03 9.554331e+02 
3.069697e-01 1.120933e+03 9.263129e+02 
3.119192e-01 1.089859e+03 8.984249e+02 
3.168687e-01 1.060020e+03 8.717027e+02 
3.218182e-01 1.031420e+03 8.460846e+02 
3.267677e-01 1.004005e+03 8.215125e+02 
3.317172e-01 9.776495e+02 7.979321e+02 
3.366667e-01 9.522770e+02 7.752926e+02 
3.416162e-01 9.278293e+02 7.535461e+02 
3.465657e-01 9.042667e+02 7.326479e+02 
3.515152e-01 8.815468e+02 7.125559e+02 
3.564646e-01 8.595993e+02 6.932304e+02 
3.614141e-01 8.383730e+02 6.746343e+02 
3.663636e-01 8.178674e+02 6.567324e+02 
3.713131e-01 7.980966e+02 6.394918e+02 
3.762626e-01 7.790358e+02 6.228813e+02 
3.812121e-01 7.606157e+02 6.068716e+02 
3.861616e-01 7.428042e+02 5.914349e+02 
3.911111e-01 7.255809e+02 5.765452e+02 
3.960606e-01 7.089347e+02 5.621777e+02 
4.010101e-01 6.928475e+02 5.483091e+02 
4.059596e-01 6.772730e+02 5.349172e+02 
4.109091e-01 6.621653e+02 5.219811e+02 
4.158586e-01 6.475197e+02 5.094811e+02 
4.208081e-01 6.333463e+02 4.973984e+02 
4.257576e-01 6.196276e+02 4.857152e+02 
4.307071e-01 6.063169e+02 4.744146e+02 
4.356566e-01 5.934022e+02 4.634807e+02 
4.406061e-01 5.808759e+02 4.528982e+02 
4.455556e-01 5.687350e+02 4.426527e+02 
4.505051e-01 5.569669e+02 4.327305e+02 
4.554545e-01 5.455375e+02 4.231186e+02 
4.604040e-01 5.344268e+02 4.138045e+02 
4.653535e-01 5.236334e+02 4.047765e+02 
4.703030e-01 5.131576e+02 3.960234e+02 
4.752525e-01 5.029871e+02 3.875343e+02 
4.802020e-01 4.930970e+02 3.792993e+02 
4.851515e-01 4.834661e+02 3.713085e+02 
4.901010e-01 4.741020e+02 3.635526e+02 
4.950505e-01 4.650058e+02 3.560229e+02 
5.000000e-01 4.561599e+02 3.487109e+02 
