1.000000e-02 2.275110e+04 2.273347e+04 
1.494949e-02 2.520661e+04 2.513119e+04 
1.989899e-02 2.482180e+04 2.454524e+04 
2.484848e-02 2.288401e+04 2.246920e+04 
2.979798e-02 2.032901e+04 2.011830e+04 
3.474747e-02 1.778678e+04 1.800083e+04 
3.969697e-02 1.560789e+04 1.618964e+04 
4.464646e-02 1.391530e+04 1.463910e+04 
4.959596e-02 1.269201e+04 1.329669e+04 
5.454545e-02 1.183966e+04 1.212247e+04 
5.949495e-02 1.120075e+04 1.108742e+04 
6.444444e-02 1.064386e+04 1.016982e+04 
6.939394e-02 1.006411e+04 9.352722e+03 
7.434343e-02 9.405905e+03 8.622443e+03 
7.929293e-02 8.666845e+03 7.967653e+03 
8.424242e-02 7.887860e+03 7.378831e+03 
8.919192e-02 7.128065e+03 6.847882e+03 
9.414141e-02 6.441902e+03 6.367880e+03 
9.909091e-02 5.868991e+03 5.932863e+03 
1.040404e-01 5.427541e+03 5.537680e+03 
1.089899e-01 5.110186e+03 5.177864e+03 
1.139394e-01 4.888485e+03 4.849530e+03 
1.188889e-01 4.724161e+03 4.549289e+03 
1.238384e-01 4.579799e+03 4.274179e+03 
1.287879e-01 4.424966e+03 4.021599e+03 
1.337374e-01 4.239813e+03 3.789267e+03 
1.386869e-01 4.019399e+03 3.575169e+03 
1.436364e-01 3.772617e+03 3.377529e+03 
1.485859e-01 3.516206e+03 3.194772e+03 
1.535354e-01 3.268382e+03 3.025503e+03 
1.584848e-01 3.045651e+03 2.868479e+03 
1.634343e-01 2.859993e+03 2.722595e+03 
1.683838e-01 2.715600e+03 2.586862e+03 
1.733333e-01 2.607975e+03 2.460397e+03 
1.782828e-01 2.526897e+03 2.342405e+03 
1.832323e-01 2.460666e+03 2.232176e+03 
1.881818e-01 2.398447e+03 2.129069e+03 
1.931313e-01 2.331090e+03 2.032504e+03 
1.980808e-01 2.252454e+03 1.941961e+03 
2.030303e-01 2.161144e+03 1.856967e+03 
2.079798e-01 2.060565e+03 1.777094e+03 
2.129293e-01 1.956906e+03 1.701953e+03 
2.178788e-01 1.856618e+03 1.631190e+03 
2.228283e-01 1.764919e+03 1.564484e+03 
2.277778e-01 1.685302e+03 1.501541e+03 
2.327273e-01 1.619087e+03 1.442094e+03 
2.376768e-01 1.565348e+03 1.385896e+03 
2.426263e-01 1.521386e+03 1.332723e+03 
2.475758e-01 1.483445e+03 1.282370e+03 
2.525253e-01 1.447563e+03 1.234648e+03 
2.574747e-01 1.410394e+03 1.189381e+03 
2.624242e-01 1.369923e+03 1.146410e+03 
2.673737e-01 1.325748e+03 1.105589e+03 
2.723232e-01 1.278819e+03 1.066779e+03 
2.772727e-01 1.230815e+03 1.029857e+03 
2.822222e-01 1.183703e+03 9.947042e+02 
2.871717e-01 1.139335e+03 9.612145e+02 
2.921212e-01 1.099109e+03 9.292877e+02 
2.970707e-01 1.063655e+03 8.988310e+02 
3.020202e-01 1.032781e+03 8.697587e+02 
3.069697e-01 1.005666e+03 8.419907e+02 
3.119192e-01 9.811530e+02 8.154527e+02 
3.168687e-01 9.579990e+02 7.900754e+02 
3.218182e-01 9.350667e+02 7.657944e+02 
3.267677e-01 9.115713e+02 7.425493e+02 
3.317172e-01 8.872108e+02 7.202839e+02 
3.366667e-01 8.621229e+02 6.989458e+02 
3.416162e-01 8.367617e+02 6.784857e+02 
3.465657e-01 8.117434e+02 6.588578e+02 
3.515152e-01 7.877080e+02 6.400188e+02 
3.564646e-01 7.651422e+02 6.219284e+02 
3.614141e-01 7.443187e+02 6.045488e+02 
3.663636e-01 7.252316e+02 5.878443e+02 
3.713131e-01 7.076690e+02 5.717815e+02 
3.762626e-01 6.913283e+02 5.563290e+02 
3.812121e-01 6.758333e+02 5.414573e+02 
3.861616e-01 6.608075e+02 5.271386e+02 
3.911111e-01 6.459140e+02 5.133465e+02 
3.960606e-01 6.309619e+02 5.000564e+02 
4.010101e-01 6.159512e+02 4.872451e+02 
4.059596e-01 6.010036e+02 4.748904e+02 
4.109091e-01 5.862869e+02 4.629717e+02 
4.158586e-01 5.719631e+02 4.514693e+02 
4.208081e-01 5.581845e+02 4.403646e+02 
4.257576e-01 5.450768e+02 4.296401e+02 
4.307071e-01 5.327072e+02 4.192792e+02 
4.356566e-01 5.210389e+02 4.092661e+02 
4.406061e-01 5.099529e+02 3.995859e+02 
4.455556e-01 4.993289e+02 3.902246e+02 
4.505051e-01 4.890570e+02 3.811686e+02 
4.554545e-01 4.790340e+02 3.724052e+02 
4.604040e-01 4.691819e+02 3.639225e+02 
4.653535e-01 4.594434e+02 3.557088e+02 
4.703030e-01 4.498154e+02 3.477533e+02 
4.752525e-01 4.403525e+02 3.400456e+02 
4.802020e-01 4.311223e+02 3.325759e+02 
4.851515e-01 4.221561e+02 3.253348e+02 
4.901010e-01 4.134865e+02 3.183132e+02 
4.950505e-01 4.051430e+02 3.115028e+02 
5.000000e-01 3.971287e+02 3.048953e+02 
