1.000000e-02 4.086765e+04 4.082901e+04 
1.494949e-02 4.493502e+04 4.513479e+04 
1.989899e-02 4.328870e+04 4.322737e+04 
2.484848e-02 3.837030e+04 3.750214e+04 
2.979798e-02 3.213060e+04 3.096779e+04 
3.474747e-02 2.598584e+04 2.545401e+04 
3.969697e-02 2.077513e+04 2.127620e+04 
4.464646e-02 1.680920e+04 1.815141e+04 
4.959596e-02 1.409517e+04 1.575779e+04 
5.454545e-02 1.242657e+04 1.386539e+04 
5.949495e-02 1.151573e+04 1.232620e+04 
6.444444e-02 1.108165e+04 1.104566e+04 
6.939394e-02 1.086507e+04 9.961606e+03 
7.434343e-02 1.064859e+04 9.031528e+03 
7.929293e-02 1.026455e+04 8.225175e+03 
8.424242e-02 9.629898e+03 7.520207e+03 
8.919192e-02 8.758530e+03 6.899613e+03 
9.414141e-02 7.739553e+03 6.350105e+03 
9.909091e-02 6.695986e+03 5.861087e+03 
1.040404e-01 5.745143e+03 5.423971e+03 
1.089899e-01 4.968521e+03 5.031696e+03 
1.139394e-01 4.401703e+03 4.678398e+03 
1.188889e-01 4.041334e+03 4.359154e+03 
1.238384e-01 3.858278e+03 4.069806e+03 
1.287879e-01 3.807674e+03 3.806812e+03 
1.337374e-01 3.834471e+03 3.567141e+03 
1.386869e-01 3.880459e+03 3.348182e+03 
1.436364e-01 3.893139e+03 3.147678e+03 
1.485859e-01 3.833951e+03 2.963667e+03 
1.535354e-01 3.683622e+03 2.794438e+03 
1.584848e-01 3.445944e+03 2.638496e+03 
1.634343e-01 3.147261e+03 2.494523e+03 
1.683838e-01 2.827695e+03 2.361363e+03 
1.733333e-01 2.526656e+03 2.237989e+03 
1.782828e-01 2.272069e+03 2.123495e+03 
1.832323e-01 2.078274e+03 2.017075e+03 
1.881818e-01 1.949137e+03 1.918008e+03 
1.931313e-01 1.880409e+03 1.825653e+03 
1.980808e-01 1.860385e+03 1.739436e+03 
2.030303e-01 1.871288e+03 1.658840e+03 
2.079798e-01 1.892595e+03 1.583403e+03 
2.129293e-01 1.905157e+03 1.512706e+03 
2.178788e-01 1.894182e+03 1.446373e+03 
2.228283e-01 1.850915e+03 1.384062e+03 
2.277778e-01 1.773948e+03 1.325465e+03 
2.327273e-01 1.669563e+03 1.270301e+03 
2.376768e-01 1.549804e+03 1.218315e+03 
2.426263e-01 1.428620e+03 1.169275e+03 
2.475758e-01 1.318215e+03 1.122969e+03 
2.525253e-01 1.227081e+03 1.079204e+03 
2.574747e-01 1.159620e+03 1.037803e+03 
2.624242e-01 1.116287e+03 9.986033e+02 
2.673737e-01 1.094047e+03 9.614571e+02 
2.723232e-01 1.087186e+03 9.262273e+02 
2.772727e-01 1.088558e+03 8.927883e+02 
2.822222e-01 1.090812e+03 8.610245e+02 
2.871717e-01 1.087415e+03 8.308291e+02 
2.921212e-01 1.073501e+03 8.021036e+02 
2.970707e-01 1.046697e+03 7.747570e+02 
3.020202e-01 1.007593e+03 7.487052e+02 
3.069697e-01 9.594361e+02 7.238700e+02 
3.119192e-01 9.070327e+02 7.001792e+02 
3.168687e-01 8.553748e+02 6.775656e+02 
3.218182e-01 8.086558e+02 6.559669e+02 
3.267677e-01 7.698050e+02 6.353250e+02 
3.317172e-01 7.402975e+02 6.155859e+02 
3.366667e-01 7.201152e+02 5.966994e+02 
3.416162e-01 7.078688e+02 5.786184e+02 
3.465657e-01 7.011446e+02 5.612993e+02 
3.515152e-01 6.970484e+02 5.447010e+02 
3.564646e-01 6.927591e+02 5.287853e+02 
3.614141e-01 6.859249e+02 5.135164e+02 
3.663636e-01 6.749178e+02 4.988608e+02 
3.713131e-01 6.590591e+02 4.847871e+02 
3.762626e-01 6.387057e+02 4.712657e+02 
3.812121e-01 6.151732e+02 4.582691e+02 
3.861616e-01 5.902809e+02 4.457711e+02 
3.911111e-01 5.658786e+02 4.337475e+02 
3.960606e-01 5.435633e+02 4.221752e+02 
4.010101e-01 5.244575e+02 4.110326e+02 
4.059596e-01 5.091167e+02 4.002993e+02 
4.109091e-01 4.974976e+02 3.899561e+02 
4.158586e-01 4.890013e+02 3.799849e+02 
4.208081e-01 4.826736e+02 3.703686e+02 
4.257576e-01 4.774121e+02 3.610911e+02 
4.307071e-01 4.721387e+02 3.521371e+02 
4.356566e-01 4.659207e+02 3.434922e+02 
4.406061e-01 4.581113e+02 3.351428e+02 
4.455556e-01 4.484698e+02 3.270759e+02 
4.505051e-01 4.371841e+02 3.192795e+02 
4.554545e-01 4.247599e+02 3.117417e+02 
4.604040e-01 4.118533e+02 3.044518e+02 
4.653535e-01 3.991521e+02 2.973992e+02 
4.703030e-01 3.872854e+02 2.905741e+02 
4.752525e-01 3.767299e+02 2.839671e+02 
4.802020e-01 3.677318e+02 2.775693e+02 
4.851515e-01 3.602659e+02 2.713722e+02 
4.901010e-01 3.540872e+02 2.653678e+02 
4.950505e-01 3.488393e+02 2.595484e+02 
5.000000e-01 3.441138e+02 2.539067e+02 
