1.000000e-02 2.131779e+04 2.130223e+04 
1.494949e-02 2.397885e+04 2.393141e+04 
1.989899e-02 2.388476e+04 2.365506e+04 
2.484848e-02 2.220542e+04 2.179698e+04 
2.979798e-02 1.982998e+04 1.955980e+04 
3.474747e-02 1.738404e+04 1.751262e+04 
3.969697e-02 1.523872e+04 1.576164e+04 
4.464646e-02 1.354415e+04 1.426830e+04 
4.959596e-02 1.231075e+04 1.297932e+04 
5.454545e-02 1.146301e+04 1.185340e+04 
5.949495e-02 1.085109e+04 1.086092e+04 
6.444444e-02 1.035526e+04 9.980254e+03 
6.939394e-02 9.859911e+03 9.194885e+03 
7.434343e-02 9.291034e+03 8.491706e+03 
7.929293e-02 8.628259e+03 7.859994e+03 
8.424242e-02 7.900403e+03 7.290795e+03 
8.919192e-02 7.161575e+03 6.776526e+03 
9.414141e-02 6.467294e+03 6.310704e+03 
9.909091e-02 5.863453e+03 5.887747e+03 
1.040404e-01 5.380175e+03 5.502828e+03 
1.089899e-01 5.024411e+03 5.151752e+03 
1.139394e-01 4.778845e+03 4.830864e+03 
1.188889e-01 4.610188e+03 4.536970e+03 
1.238384e-01 4.480868e+03 4.267269e+03 
1.287879e-01 4.357234e+03 4.019300e+03 
1.337374e-01 4.213282e+03 3.790896e+03 
1.386869e-01 4.034287e+03 3.580142e+03 
1.436364e-01 3.819112e+03 3.385345e+03 
1.485859e-01 3.578902e+03 3.205000e+03 
1.535354e-01 3.331283e+03 3.037773e+03 
1.584848e-01 3.095395e+03 2.882472e+03 
1.634343e-01 2.887397e+03 2.738036e+03 
1.683838e-01 2.717453e+03 2.603513e+03 
1.733333e-01 2.587790e+03 2.478052e+03 
1.782828e-01 2.493127e+03 2.360889e+03 
1.832323e-01 2.423788e+03 2.251333e+03 
1.881818e-01 2.368488e+03 2.148766e+03 
1.931313e-01 2.315890e+03 2.052627e+03 
1.980808e-01 2.256488e+03 1.962409e+03 
2.030303e-01 2.184350e+03 1.877653e+03 
2.079798e-01 2.098577e+03 1.797943e+03 
2.129293e-01 2.002525e+03 1.722900e+03 
2.178788e-01 1.902053e+03 1.652180e+03 
2.228283e-01 1.803588e+03 1.585467e+03 
2.277778e-01 1.713068e+03 1.522476e+03 
2.327273e-01 1.634656e+03 1.462944e+03 
2.376768e-01 1.570033e+03 1.406631e+03 
2.426263e-01 1.518434e+03 1.353316e+03 
2.475758e-01 1.477331e+03 1.302798e+03 
2.525253e-01 1.443185e+03 1.254892e+03 
2.574747e-01 1.411956e+03 1.209425e+03 
2.624242e-01 1.379839e+03 1.166240e+03 
2.673737e-01 1.344112e+03 1.125193e+03 
2.723232e-01 1.303869e+03 1.086149e+03 
2.772727e-01 1.259818e+03 1.048985e+03 
2.822222e-01 1.213601e+03 1.013584e+03 
2.871717e-01 1.167159e+03 9.798416e+02 
2.921212e-01 1.122505e+03 9.476585e+02 
2.970707e-01 1.081496e+03 9.169432e+02 
3.020202e-01 1.045324e+03 8.876106e+02 
3.069697e-01 1.014252e+03 8.595817e+02 
3.119192e-01 9.876438e+02 8.327826e+02 
3.168687e-01 9.643210e+02 8.071449e+02 
3.218182e-01 9.429916e+02 7.826044e+02 
3.267677e-01 9.224084e+02 7.591015e+02 
3.317172e-01 9.014897e+02 7.365801e+02 
3.366667e-01 8.794989e+02 7.149883e+02 
3.416162e-01 8.562346e+02 6.942770e+02 
3.465657e-01 8.319995e+02 6.744006e+02 
3.515152e-01 8.074964e+02 6.553162e+02 
3.564646e-01 7.834460e+02 6.369836e+02 
3.614141e-01 7.604887e+02 6.193649e+02 
3.663636e-01 7.390902e+02 6.024248e+02 
3.713131e-01 7.195252e+02 5.861300e+02 
3.762626e-01 7.018252e+02 5.704490e+02 
3.812121e-01 6.857623e+02 5.553524e+02 
3.861616e-01 6.709124e+02 5.408124e+02 
3.911111e-01 6.567855e+02 5.268028e+02 
3.960606e-01 6.429842e+02 5.132989e+02 
4.010101e-01 6.291898e+02 5.002774e+02 
4.059596e-01 6.152170e+02 4.877163e+02 
4.109091e-01 6.010140e+02 4.755949e+02 
4.158586e-01 5.866901e+02 4.638934e+02 
4.208081e-01 5.724870e+02 4.525933e+02 
4.257576e-01 5.586513e+02 4.416770e+02 
4.307071e-01 5.453619e+02 4.311278e+02 
4.356566e-01 5.327445e+02 4.209300e+02 
4.406061e-01 5.208758e+02 4.110685e+02 
4.455556e-01 5.097546e+02 4.015293e+02 
4.505051e-01 4.992986e+02 3.922989e+02 
4.554545e-01 4.893549e+02 3.833645e+02 
4.604040e-01 4.797470e+02 3.747139e+02 
4.653535e-01 4.703559e+02 3.663356e+02 
4.703030e-01 4.610769e+02 3.582186e+02 
4.752525e-01 4.518727e+02 3.503526e+02 
4.802020e-01 4.427182e+02 3.427276e+02 
4.851515e-01 4.336343e+02 3.353341e+02 
4.901010e-01 4.246908e+02 3.281632e+02 
4.950505e-01 4.159806e+02 3.212063e+02 
5.000000e-01 4.075651e+02 3.144552e+02 
