1.000000e-02 3.015858e+04 3.013447e+04 
1.494949e-02 3.302033e+04 3.301744e+04 
1.989899e-02 3.191460e+04 3.163391e+04 
2.484848e-02 2.866584e+04 2.806022e+04 
2.979798e-02 2.463979e+04 2.422718e+04 
3.474747e-02 2.076266e+04 2.097683e+04 
3.969697e-02 1.754099e+04 1.837387e+04 
4.464646e-02 1.512452e+04 1.627461e+04 
4.959596e-02 1.349491e+04 1.454351e+04 
5.454545e-02 1.246570e+04 1.308598e+04 
5.949495e-02 1.182064e+04 1.183891e+04 
6.444444e-02 1.133949e+04 1.075912e+04 
6.939394e-02 1.085541e+04 9.815749e+03 
7.434343e-02 1.025315e+04 8.985795e+03 
7.929293e-02 9.489998e+03 8.251465e+03 
8.424242e-02 8.599340e+03 7.598619e+03 
8.919192e-02 7.663658e+03 7.015783e+03 
9.414141e-02 6.775786e+03 6.493502e+03 
9.909091e-02 6.012972e+03 6.023890e+03 
1.040404e-01 5.419628e+03 5.600308e+03 
1.089899e-01 5.003646e+03 5.217126e+03 
1.139394e-01 4.742470e+03 4.869540e+03 
1.188889e-01 4.594406e+03 4.553427e+03 
1.238384e-01 4.508692e+03 4.265233e+03 
1.287879e-01 4.433834e+03 4.001883e+03 
1.337374e-01 4.327142e+03 3.760702e+03 
1.386869e-01 4.164186e+03 3.539359e+03 
1.436364e-01 3.941205e+03 3.335815e+03 
1.485859e-01 3.670709e+03 3.148278e+03 
1.535354e-01 3.376834e+03 2.975172e+03 
1.584848e-01 3.089787e+03 2.815105e+03 
1.634343e-01 2.837230e+03 2.666846e+03 
1.683838e-01 2.636144e+03 2.529302e+03 
1.733333e-01 2.490140e+03 2.401499e+03 
1.782828e-01 2.393117e+03 2.282570e+03 
1.832323e-01 2.333923e+03 2.171741e+03 
1.881818e-01 2.298013e+03 2.068317e+03 
1.931313e-01 2.268450e+03 1.971674e+03 
1.980808e-01 2.229234e+03 1.881253e+03 
2.030303e-01 2.169905e+03 1.796548e+03 
2.079798e-01 2.087869e+03 1.717103e+03 
2.129293e-01 1.986924e+03 1.642506e+03 
2.178788e-01 1.874515e+03 1.572383e+03 
2.228283e-01 1.760163e+03 1.506395e+03 
2.277778e-01 1.653481e+03 1.444234e+03 
2.327273e-01 1.561959e+03 1.385619e+03 
2.376768e-01 1.489405e+03 1.330294e+03 
2.426263e-01 1.435685e+03 1.278025e+03 
2.475758e-01 1.397846e+03 1.228598e+03 
2.525253e-01 1.371023e+03 1.181818e+03 
2.574747e-01 1.349249e+03 1.137505e+03 
2.624242e-01 1.326646e+03 1.095493e+03 
2.673737e-01 1.298745e+03 1.055632e+03 
2.723232e-01 1.263347e+03 1.017781e+03 
2.772727e-01 1.220555e+03 9.818122e+02 
2.822222e-01 1.172171e+03 9.476062e+02 
2.871717e-01 1.121126e+03 9.150535e+02 
2.921212e-01 1.070894e+03 8.840524e+02 
2.970707e-01 1.024688e+03 8.545090e+02 
3.020202e-01 9.847320e+02 8.263362e+02 
3.069697e-01 9.518626e+02 7.994531e+02 
3.119192e-01 9.256030e+02 7.737846e+02 
3.168687e-01 9.046031e+02 7.492609e+02 
3.218182e-01 8.870441e+02 7.258169e+02 
3.267677e-01 8.708567e+02 7.033923e+02 
3.317172e-01 8.540978e+02 6.819305e+02 
3.366667e-01 8.353345e+02 6.613789e+02 
3.416162e-01 8.140099e+02 6.416883e+02 
3.465657e-01 7.904208e+02 6.228128e+02 
3.515152e-01 7.653618e+02 6.047094e+02 
3.564646e-01 7.399191e+02 5.873379e+02 
3.614141e-01 7.151962e+02 5.706604e+02 
3.663636e-01 6.922164e+02 5.546417e+02 
3.713131e-01 6.716891e+02 5.392486e+02 
3.762626e-01 6.538485e+02 5.244498e+02 
3.812121e-01 6.384508e+02 5.102163e+02 
3.861616e-01 6.249649e+02 4.965203e+02 
3.911111e-01 6.127047e+02 4.833360e+02 
3.960606e-01 6.009551e+02 4.706390e+02 
4.010101e-01 5.890807e+02 4.584063e+02 
4.059596e-01 5.766148e+02 4.466162e+02 
4.109091e-01 5.634181e+02 4.352483e+02 
4.158586e-01 5.496238e+02 4.242833e+02 
4.208081e-01 5.354990e+02 4.137029e+02 
4.257576e-01 5.213978e+02 4.034899e+02 
4.307071e-01 5.077056e+02 3.936280e+02 
4.356566e-01 4.947998e+02 3.841019e+02 
4.406061e-01 4.828926e+02 3.748968e+02 
4.455556e-01 4.720294e+02 3.659989e+02 
4.505051e-01 4.621063e+02 3.573953e+02 
4.554545e-01 4.529500e+02 3.490733e+02 
4.604040e-01 4.443347e+02 3.410213e+02 
4.653535e-01 4.360007e+02 3.332280e+02 
4.703030e-01 4.277128e+02 3.256829e+02 
4.752525e-01 4.193100e+02 3.183757e+02 
4.802020e-01 4.107542e+02 3.112969e+02 
4.851515e-01 4.021048e+02 3.044375e+02 
4.901010e-01 3.934413e+02 2.977886e+02 
4.950505e-01 3.848731e+02 2.913421e+02 
5.000000e-01 3.765348e+02 2.850900e+02 
