1.000000e-02 1.707837e+04 1.706145e+04 
1.494949e-02 1.916447e+04 1.904136e+04 
1.989899e-02 1.922249e+04 1.894450e+04 
2.484848e-02 1.816580e+04 1.784307e+04 
2.979798e-02 1.663337e+04 1.647587e+04 
3.474747e-02 1.504493e+04 1.513993e+04 
3.969697e-02 1.363408e+04 1.390735e+04 
4.464646e-02 1.247165e+04 1.278539e+04 
4.959596e-02 1.158106e+04 1.176774e+04 
5.454545e-02 1.087070e+04 1.084592e+04 
5.949495e-02 1.025485e+04 1.001138e+04 
6.444444e-02 9.669179e+03 9.255899e+03 
6.939394e-02 9.063621e+03 8.571719e+03 
7.434343e-02 8.424121e+03 7.951626e+03 
7.929293e-02 7.769674e+03 7.389008e+03 
8.424242e-02 7.137697e+03 6.877868e+03 
8.919192e-02 6.562313e+03 6.412808e+03 
9.414141e-02 6.064800e+03 5.988999e+03 
9.909091e-02 5.655591e+03 5.602140e+03 
1.040404e-01 5.332758e+03 5.248406e+03 
1.089899e-01 5.079282e+03 4.924405e+03 
1.139394e-01 4.867186e+03 4.627127e+03 
1.188889e-01 4.668992e+03 4.353903e+03 
1.238384e-01 4.466451e+03 4.102365e+03 
1.287879e-01 4.251364e+03 3.870411e+03 
1.337374e-01 4.023745e+03 3.656170e+03 
1.386869e-01 3.790695e+03 3.457980e+03 
1.436364e-01 3.563508e+03 3.274357e+03 
1.485859e-01 3.352946e+03 3.103978e+03 
1.535354e-01 3.166374e+03 2.945659e+03 
1.584848e-01 3.007295e+03 2.798340e+03 
1.634343e-01 2.875266e+03 2.661072e+03 
1.683838e-01 2.765456e+03 2.532999e+03 
1.733333e-01 2.669663e+03 2.413355e+03 
1.782828e-01 2.579803e+03 2.301445e+03 
1.832323e-01 2.490073e+03 2.196644e+03 
1.881818e-01 2.397398e+03 2.098388e+03 
1.931313e-01 2.300906e+03 2.006163e+03 
1.980808e-01 2.201962e+03 1.919505e+03 
2.030303e-01 2.103817e+03 1.837993e+03 
2.079798e-01 2.010307e+03 1.761242e+03 
2.129293e-01 1.924402e+03 1.688903e+03 
2.178788e-01 1.847317e+03 1.620655e+03 
2.228283e-01 1.779209e+03 1.556209e+03 
2.277778e-01 1.719016e+03 1.495296e+03 
2.327273e-01 1.664740e+03 1.437672e+03 
2.376768e-01 1.614126e+03 1.383114e+03 
2.426263e-01 1.565245e+03 1.331415e+03 
2.475758e-01 1.516784e+03 1.282386e+03 
2.525253e-01 1.468038e+03 1.235853e+03 
2.574747e-01 1.418861e+03 1.191655e+03 
2.624242e-01 1.369932e+03 1.149643e+03 
2.673737e-01 1.322442e+03 1.109681e+03 
2.723232e-01 1.277477e+03 1.071642e+03 
2.772727e-01 1.235544e+03 1.035409e+03 
2.822222e-01 1.196684e+03 1.000874e+03 
2.871717e-01 1.160776e+03 9.679341e+02 
2.921212e-01 1.127529e+03 9.364974e+02 
2.970707e-01 1.096387e+03 9.064764e+02 
3.020202e-01 1.066629e+03 8.777903e+02 
3.069697e-01 1.037628e+03 8.503637e+02 
3.119192e-01 1.009106e+03 8.241263e+02 
3.168687e-01 9.810281e+02 7.990126e+02 
3.218182e-01 9.534621e+02 7.749614e+02 
3.267677e-01 9.265449e+02 7.519157e+02 
3.317172e-01 9.004798e+02 7.298219e+02 
3.366667e-01 8.755024e+02 7.086300e+02 
3.416162e-01 8.518186e+02 6.882932e+02 
3.465657e-01 8.294394e+02 6.687676e+02 
3.515152e-01 8.082316e+02 6.500119e+02 
3.564646e-01 7.880158e+02 6.319876e+02 
3.614141e-01 7.686319e+02 6.146584e+02 
3.663636e-01 7.499439e+02 5.979900e+02 
3.713131e-01 7.318102e+02 5.819504e+02 
3.762626e-01 7.141073e+02 5.665093e+02 
3.812121e-01 6.968135e+02 5.516383e+02 
3.861616e-01 6.799634e+02 5.373105e+02 
3.911111e-01 6.636149e+02 5.235007e+02 
3.960606e-01 6.477862e+02 5.101850e+02 
4.010101e-01 6.325028e+02 4.973408e+02 
4.059596e-01 6.178028e+02 4.849468e+02 
4.109091e-01 6.036934e+02 4.729829e+02 
4.158586e-01 5.901462e+02 4.614300e+02 
4.208081e-01 5.770705e+02 4.502702e+02 
4.257576e-01 5.644132e+02 4.394863e+02 
4.307071e-01 5.521426e+02 4.290622e+02 
4.356566e-01 5.402338e+02 4.189826e+02 
4.406061e-01 5.286543e+02 4.092328e+02 
4.455556e-01 5.173663e+02 3.997992e+02 
4.505051e-01 5.063664e+02 3.906687e+02 
4.554545e-01 4.956909e+02 3.818287e+02 
4.604040e-01 4.853414e+02 3.732675e+02 
4.653535e-01 4.753059e+02 3.649739e+02 
4.703030e-01 4.655656e+02 3.569372e+02 
4.752525e-01 4.561251e+02 3.491471e+02 
4.802020e-01 4.469874e+02 3.415940e+02 
4.851515e-01 4.381294e+02 3.342688e+02 
4.901010e-01 4.295207e+02 3.271625e+02 
4.950505e-01 4.211431e+02 3.202669e+02 
5.000000e-01 4.129816e+02 3.135740e+02 
