1.000000e-02 3.239899e+04 3.236679e+04 
1.494949e-02 3.615022e+04 3.623517e+04 
1.989899e-02 3.543481e+04 3.528729e+04 
2.484848e-02 3.209133e+04 3.137876e+04 
2.979798e-02 2.759456e+04 2.673560e+04 
3.474747e-02 2.303107e+04 2.268827e+04 
3.969697e-02 1.906716e+04 1.950144e+04 
4.464646e-02 1.597826e+04 1.701925e+04 
4.959596e-02 1.380509e+04 1.504458e+04 
5.454545e-02 1.241865e+04 1.343147e+04 
5.949495e-02 1.159786e+04 1.208316e+04 
6.444444e-02 1.113642e+04 1.093590e+04 
6.939394e-02 1.081902e+04 9.946454e+03 
7.434343e-02 1.047298e+04 9.084269e+03 
7.929293e-02 9.980063e+03 8.326888e+03 
8.424242e-02 9.297536e+03 7.657220e+03 
8.919192e-02 8.454347e+03 7.061882e+03 
9.414141e-02 7.527065e+03 6.530156e+03 
9.909091e-02 6.611547e+03 6.053303e+03 
1.040404e-01 5.797016e+03 5.624097e+03 
1.089899e-01 5.143613e+03 5.236497e+03 
1.139394e-01 4.672658e+03 4.885404e+03 
1.188889e-01 4.372830e+03 4.566481e+03 
1.238384e-01 4.212336e+03 4.276019e+03 
1.287879e-01 4.148644e+03 4.010823e+03 
1.337374e-01 4.132941e+03 3.768131e+03 
1.386869e-01 4.115588e+03 3.545545e+03 
1.436364e-01 4.055476e+03 3.340971e+03 
1.485859e-01 3.928168e+03 3.152579e+03 
1.535354e-01 3.728724e+03 2.978761e+03 
1.584848e-01 3.470176e+03 2.818097e+03 
1.634343e-01 3.179073e+03 2.669338e+03 
1.683838e-01 2.888032e+03 2.531372e+03 
1.733333e-01 2.626614e+03 2.403214e+03 
1.782828e-01 2.414281e+03 2.283985e+03 
1.832323e-01 2.258618e+03 2.172903e+03 
1.881818e-01 2.157836e+03 2.069264e+03 
1.931313e-01 2.103735e+03 1.972440e+03 
1.980808e-01 2.083109e+03 1.881865e+03 
2.030303e-01 2.079167e+03 1.797031e+03 
2.079798e-01 2.074222e+03 1.717476e+03 
2.129293e-01 2.053519e+03 1.642787e+03 
2.178788e-01 2.007896e+03 1.572586e+03 
2.228283e-01 1.934939e+03 1.506533e+03 
2.277778e-01 1.838439e+03 1.444318e+03 
2.327273e-01 1.727054e+03 1.385657e+03 
2.376768e-01 1.611796e+03 1.330295e+03 
2.426263e-01 1.503338e+03 1.277995e+03 
2.475758e-01 1.410049e+03 1.228544e+03 
2.525253e-01 1.336826e+03 1.181744e+03 
2.574747e-01 1.284860e+03 1.137415e+03 
2.624242e-01 1.252038e+03 1.095391e+03 
2.673737e-01 1.233672e+03 1.055521e+03 
2.723232e-01 1.223604e+03 1.017664e+03 
2.772727e-01 1.215441e+03 9.816909e+02 
2.822222e-01 1.203510e+03 9.474830e+02 
2.871717e-01 1.183553e+03 9.149299e+02 
2.921212e-01 1.153422e+03 8.839299e+02 
2.970707e-01 1.113443e+03 8.543888e+02 
3.020202e-01 1.066113e+03 8.262192e+02 
3.069697e-01 1.015296e+03 7.993401e+02 
3.119192e-01 9.651379e+02 7.736763e+02 
3.168687e-01 9.192026e+02 7.491578e+02 
3.218182e-01 8.800578e+02 7.257196e+02 
3.267677e-01 8.489772e+02 7.033010e+02 
3.317172e-01 8.259185e+02 6.818455e+02 
3.366667e-01 8.096341e+02 6.613005e+02 
3.416162e-01 7.980497e+02 6.416166e+02 
3.465657e-01 7.887359e+02 6.227479e+02 
3.515152e-01 7.793079e+02 6.046513e+02 
3.564646e-01 7.677867e+02 5.872866e+02 
3.614141e-01 7.528928e+02 5.706159e+02 
3.663636e-01 7.342301e+02 5.546040e+02 
3.713131e-01 7.122701e+02 5.392175e+02 
3.762626e-01 6.881331e+02 5.244254e+02 
3.812121e-01 6.632833e+02 5.101983e+02 
3.861616e-01 6.391878e+02 4.965087e+02 
3.911111e-01 6.171135e+02 4.833306e+02 
3.960606e-01 5.979540e+02 4.706397e+02 
4.010101e-01 5.820652e+02 4.584129e+02 
4.059596e-01 5.692717e+02 4.466286e+02 
4.109091e-01 5.589700e+02 4.352664e+02 
4.158586e-01 5.503045e+02 4.243068e+02 
4.208081e-01 5.423568e+02 4.137317e+02 
4.257576e-01 5.342682e+02 4.035239e+02 
4.307071e-01 5.253559e+02 3.936670e+02 
4.356566e-01 5.151925e+02 3.841456e+02 
4.406061e-01 5.036834e+02 3.749452e+02 
4.455556e-01 4.910784e+02 3.660518e+02 
4.505051e-01 4.778521e+02 3.574525e+02 
4.554545e-01 4.645610e+02 3.491347e+02 
4.604040e-01 4.517368e+02 3.410867e+02 
4.653535e-01 4.398212e+02 3.332973e+02 
4.703030e-01 4.291224e+02 3.257558e+02 
4.752525e-01 4.197588e+02 3.184522e+02 
4.802020e-01 4.116465e+02 3.113769e+02 
4.851515e-01 4.045177e+02 3.045207e+02 
4.901010e-01 3.980252e+02 2.978750e+02 
4.950505e-01 3.918286e+02 2.914315e+02 
5.000000e-01 3.856110e+02 2.851823e+02 
