1.000000e-02 1.595938e+04 1.594440e+04 
1.494949e-02 1.799327e+04 1.784687e+04 
1.989899e-02 1.820109e+04 1.791329e+04 
2.484848e-02 1.741305e+04 1.711021e+04 
2.979798e-02 1.618808e+04 1.602741e+04 
3.474747e-02 1.488068e+04 1.490266e+04 
3.969697e-02 1.368246e+04 1.381439e+04 
4.464646e-02 1.265760e+04 1.278955e+04 
4.959596e-02 1.180705e+04 1.183765e+04 
5.454545e-02 1.107784e+04 1.096068e+04 
5.949495e-02 1.040439e+04 1.015677e+04 
6.444444e-02 9.753491e+03 9.422004e+03 
6.939394e-02 9.099142e+03 8.751490e+03 
7.434343e-02 8.444078e+03 8.139969e+03 
7.929293e-02 7.812292e+03 7.582198e+03 
8.424242e-02 7.233005e+03 7.073159e+03 
8.919192e-02 6.722666e+03 6.608170e+03 
9.414141e-02 6.285021e+03 6.182932e+03 
9.909091e-02 5.917861e+03 5.793538e+03 
1.040404e-01 5.611552e+03 5.436464e+03 
1.089899e-01 5.346567e+03 5.108545e+03 
1.139394e-01 5.099517e+03 4.806947e+03 
1.188889e-01 4.854640e+03 4.529133e+03 
1.238384e-01 4.606954e+03 4.272839e+03 
1.287879e-01 4.358817e+03 4.036041e+03 
1.337374e-01 4.116263e+03 3.816930e+03 
1.386869e-01 3.886811e+03 3.613889e+03 
1.436364e-01 3.676733e+03 3.425470e+03 
1.485859e-01 3.489433e+03 3.250375e+03 
1.535354e-01 3.325212e+03 3.087441e+03 
1.584848e-01 3.181763e+03 2.935621e+03 
1.634343e-01 3.054625e+03 2.793975e+03 
1.683838e-01 2.937695e+03 2.661656e+03 
1.733333e-01 2.825295e+03 2.537898e+03 
1.782828e-01 2.714318e+03 2.422011e+03 
1.832323e-01 2.604114e+03 2.313370e+03 
1.881818e-01 2.495413e+03 2.211408e+03 
1.931313e-01 2.389638e+03 2.115611e+03 
1.980808e-01 2.288785e+03 2.025512e+03 
2.030303e-01 2.195001e+03 1.940686e+03 
2.079798e-01 2.109180e+03 1.860745e+03 
2.129293e-01 2.030874e+03 1.785335e+03 
2.178788e-01 1.959016e+03 1.714134e+03 
2.228283e-01 1.892364e+03 1.646846e+03 
2.277778e-01 1.829479e+03 1.583199e+03 
2.327273e-01 1.769026e+03 1.522946e+03 
2.376768e-01 1.710161e+03 1.465858e+03 
2.426263e-01 1.652763e+03 1.411725e+03 
2.475758e-01 1.597024e+03 1.360355e+03 
2.525253e-01 1.543106e+03 1.311568e+03 
2.574747e-01 1.491291e+03 1.265201e+03 
2.624242e-01 1.442149e+03 1.221102e+03 
2.673737e-01 1.396037e+03 1.179130e+03 
2.723232e-01 1.352824e+03 1.139156e+03 
2.772727e-01 1.312027e+03 1.101059e+03 
2.822222e-01 1.273192e+03 1.064727e+03 
2.871717e-01 1.236089e+03 1.030057e+03 
2.921212e-01 1.200513e+03 9.969518e+02 
2.970707e-01 1.166159e+03 9.653225e+02 
3.020202e-01 1.132816e+03 9.350853e+02 
3.069697e-01 1.100470e+03 9.061625e+02 
3.119192e-01 1.069259e+03 8.784814e+02 
3.168687e-01 1.039313e+03 8.519744e+02 
3.218182e-01 1.010604e+03 8.265781e+02 
3.267677e-01 9.830812e+02 8.022334e+02 
3.317172e-01 9.567433e+02 7.788850e+02 
3.366667e-01 9.315702e+02 7.564810e+02 
3.416162e-01 9.074677e+02 7.349727e+02 
3.465657e-01 8.842749e+02 7.143146e+02 
3.515152e-01 8.618454e+02 6.944639e+02 
3.564646e-01 8.401495e+02 6.753805e+02 
3.614141e-01 8.191722e+02 6.570266e+02 
3.663636e-01 7.988982e+02 6.393666e+02 
3.713131e-01 7.792895e+02 6.223672e+02 
3.762626e-01 7.603170e+02 6.059968e+02 
3.812121e-01 7.420050e+02 5.902258e+02 
3.861616e-01 7.243685e+02 5.750262e+02 
3.911111e-01 7.073582e+02 5.603716e+02 
3.960606e-01 6.909233e+02 5.462371e+02 
4.010101e-01 6.750353e+02 5.325991e+02 
4.059596e-01 6.596800e+02 5.194354e+02 
4.109091e-01 6.448326e+02 5.067250e+02 
4.158586e-01 6.304416e+02 4.944479e+02 
4.208081e-01 6.164757e+02 4.825852e+02 
4.257576e-01 6.029260e+02 4.711192e+02 
4.307071e-01 5.897961e+02 4.600328e+02 
4.356566e-01 5.770810e+02 4.493101e+02 
4.406061e-01 5.647556e+02 4.389357e+02 
4.455556e-01 5.527934e+02 4.288953e+02 
4.505051e-01 5.411923e+02 4.191751e+02 
4.554545e-01 5.299507e+02 4.097621e+02 
4.604040e-01 5.190472e+02 4.006438e+02 
4.653535e-01 5.084577e+02 3.918084e+02 
4.703030e-01 4.981685e+02 3.832448e+02 
4.752525e-01 4.881701e+02 3.749422e+02 
4.802020e-01 4.784593e+02 3.668906e+02 
4.851515e-01 4.690217e+02 3.590801e+02 
4.901010e-01 4.598365e+02 3.515015e+02 
4.950505e-01 4.509007e+02 3.441461e+02 
5.000000e-01 4.422167e+02 3.370054e+02 
