1.000000e-02 1.944657e+04 1.942932e+04 
1.494949e-02 2.168175e+04 2.155711e+04 
1.989899e-02 2.159984e+04 2.130257e+04 
2.484848e-02 2.026064e+04 1.990944e+04 
2.979798e-02 1.840424e+04 1.824900e+04 
3.474747e-02 1.651562e+04 1.666586e+04 
3.969697e-02 1.485936e+04 1.523259e+04 
4.464646e-02 1.353048e+04 1.394655e+04 
4.959596e-02 1.250770e+04 1.279261e+04 
5.454545e-02 1.172201e+04 1.175598e+04 
5.949495e-02 1.105537e+04 1.082363e+04 
6.444444e-02 1.042589e+04 9.984103e+03 
6.939394e-02 9.772554e+03 9.227186e+03 
7.434343e-02 9.076065e+03 8.543779e+03 
7.929293e-02 8.354643e+03 7.925770e+03 
8.424242e-02 7.649751e+03 7.365952e+03 
8.919192e-02 7.002611e+03 6.857938e+03 
9.414141e-02 6.441939e+03 6.396083e+03 
9.909091e-02 5.983130e+03 5.975406e+03 
1.040404e-01 5.626023e+03 5.591512e+03 
1.089899e-01 5.351744e+03 5.240530e+03 
1.139394e-01 5.128970e+03 4.919042e+03 
1.188889e-01 4.926462e+03 4.624034e+03 
1.238384e-01 4.721074e+03 4.352842e+03 
1.287879e-01 4.500148e+03 4.103111e+03 
1.337374e-01 4.261388e+03 3.872751e+03 
1.386869e-01 4.011665e+03 3.659911e+03 
1.436364e-01 3.764277e+03 3.462944e+03 
1.485859e-01 3.532054e+03 3.280385e+03 
1.535354e-01 3.324717e+03 3.110925e+03 
1.584848e-01 3.147904e+03 2.953396e+03 
1.634343e-01 3.002826e+03 2.806752e+03 
1.683838e-01 2.885059e+03 2.670056e+03 
1.733333e-01 2.785576e+03 2.542464e+03 
1.782828e-01 2.694576e+03 2.423219e+03 
1.832323e-01 2.604619e+03 2.311638e+03 
1.881818e-01 2.511299e+03 2.207102e+03 
1.931313e-01 2.412609e+03 2.109056e+03 
1.980808e-01 2.309283e+03 2.016991e+03 
2.030303e-01 2.204621e+03 1.930451e+03 
2.079798e-01 2.103271e+03 1.849019e+03 
2.129293e-01 2.009270e+03 1.772314e+03 
2.178788e-01 1.924880e+03 1.699991e+03 
2.228283e-01 1.850712e+03 1.631736e+03 
2.277778e-01 1.786054e+03 1.567259e+03 
2.327273e-01 1.728935e+03 1.506297e+03 
2.376768e-01 1.676912e+03 1.448607e+03 
2.426263e-01 1.627462e+03 1.393968e+03 
2.475758e-01 1.578606e+03 1.342176e+03 
2.525253e-01 1.529012e+03 1.293044e+03 
2.574747e-01 1.478321e+03 1.246398e+03 
2.624242e-01 1.427196e+03 1.202079e+03 
2.673737e-01 1.376902e+03 1.159941e+03 
2.723232e-01 1.328737e+03 1.119847e+03 
2.772727e-01 1.283508e+03 1.081672e+03 
2.822222e-01 1.241681e+03 1.045300e+03 
2.871717e-01 1.203354e+03 1.010622e+03 
2.921212e-01 1.168301e+03 9.775383e+02 
2.970707e-01 1.135861e+03 9.459559e+02 
3.020202e-01 1.105192e+03 9.157884e+02 
3.069697e-01 1.075549e+03 8.869552e+02 
3.119192e-01 1.046449e+03 8.593814e+02 
3.168687e-01 1.017670e+03 8.329971e+02 
3.218182e-01 9.891287e+02 8.077371e+02 
3.267677e-01 9.609860e+02 7.835405e+02 
3.317172e-01 9.335434e+02 7.603503e+02 
3.366667e-01 9.071447e+02 7.381134e+02 
3.416162e-01 8.820502e+02 7.167798e+02 
3.465657e-01 8.583362e+02 6.963029e+02 
3.515152e-01 8.359710e+02 6.766389e+02 
3.564646e-01 8.148462e+02 6.577467e+02 
3.614141e-01 7.947509e+02 6.395877e+02 
3.663636e-01 7.754657e+02 6.221256e+02 
3.713131e-01 7.567575e+02 6.053265e+02 
3.762626e-01 7.385233e+02 5.891582e+02 
3.812121e-01 7.206915e+02 5.735906e+02 
3.861616e-01 7.032557e+02 5.585952e+02 
3.911111e-01 6.862246e+02 5.441452e+02 
3.960606e-01 6.696475e+02 5.302152e+02 
4.010101e-01 6.536265e+02 5.167815e+02 
4.059596e-01 6.382334e+02 5.038215e+02 
4.109091e-01 6.234808e+02 4.913138e+02 
4.158586e-01 6.093190e+02 4.792384e+02 
4.208081e-01 5.956878e+02 4.675762e+02 
4.257576e-01 5.825609e+02 4.563090e+02 
4.307071e-01 5.698906e+02 4.454199e+02 
4.356566e-01 5.575946e+02 4.348927e+02 
4.406061e-01 5.456124e+02 4.247119e+02 
4.455556e-01 5.339234e+02 4.148631e+02 
4.505051e-01 5.225327e+02 4.053323e+02 
4.554545e-01 5.114619e+02 3.961066e+02 
4.604040e-01 5.006982e+02 3.871733e+02 
4.653535e-01 4.902337e+02 3.785208e+02 
4.703030e-01 4.800826e+02 3.701376e+02 
4.752525e-01 4.702692e+02 3.620131e+02 
4.802020e-01 4.607839e+02 3.541371e+02 
4.851515e-01 4.515894e+02 3.464999e+02 
4.901010e-01 4.426604e+02 3.390921e+02 
4.950505e-01 4.339854e+02 3.319051e+02 
5.000000e-01 4.255514e+02 3.249303e+02 
